Assets/StreamingAssets/GeoData/Data/se/SE85.asc
ncols 200
nrows 200
xllcorner 480000
yllcorner 450000
cellsize 50
[rows 35 to 69 of 200, columns 78 to 155 of 200]
209.3 207.2 205.6 203.2 200.2 196.4 190.8 181.2 160.1 153.7 167.2 189.5 201.8 203.1 201.3 194.3 179.4 163.8 169 168.7 164.1 168.4 170.5 177.2 190.5 203.3 211.1 214.8 216.3 216.7 216.9 217.2 217.1 216.7 216.2 215.8 215.3 214.3 212.5 211.2 209.9 208.6 207.6 206 204.5 201.8 199.6 197.4 191.3 177.7 164.6 167.7 187.6 196.9 198.8 199.7 199.8 199.4 199.1 198.8 198.5 197.9 197.2 196.2 194.7 192.8 191 186.6 181 175.8 177.7 167.2 147.5 158.1 171.9 175.4 175.5 175.9
205.3 203.1 201.6 199.8 196.8 192.9 188.5 182.1 168 154.8 167.2 188.4 203.3 203.9 201.2 188 169.2 170 182.2 188.3 181.9 179.5 184.8 194.4 205.5 208.6 213.5 216 217 216.7 216.9 217.2 217.1 216.6 216.1 215.3 214.5 213.7 212.6 211.2 210 208.6 206.7 204.8 202.4 199.6 197.6 190.2 175.1 163.1 160 177.6 195.2 199.2 200.1 200.5 200.3 199.9 199.6 199.4 199.1 198.4 197.7 196.8 194.9 192.9 191 186.3 180.9 183 181.4 175.2 155.1 143.5 156.1 167 173.4 174.6
198.3 197.8 195.8 193.3 191.4 187.5 180 169.3 158.6 157.9 175.6 196.4 204.7 204.4 196.4 178.2 167.1 179.5 193.2 200.3 201.8 203.4 205.5 207.9 211.7 213.6 215.2 216.8 216.6 216.4 216.7 217 216.7 216.1 215.6 214.9 213.7 212.8 212.1 210.6 208.8 206.9 204.8 202.7 200 197.3 188.1 174.4 172.2 181.6 162.5 175.4 193.6 200.2 200.7 200.7 200.8 200.5 200.2 200 199.8 198.9 198.1 197.3 195.7 193.7 191.1 184.5 186.7 186.3 184.2 181.1 167.6 149.1 139.3 149.7 158.3 167.2
181 181.9 182.3 181 177.7 171.5 163.5 157.9 161 173.7 189.2 202.5 205.7 205 193.1 172.4 175 189 200.7 206.2 209.3 211.1 212.4 213.7 215.1 216.7 217.7 217.6 217.5 216.5 216.5 216.9 216.5 215.9 215.2 214.4 213.2 212 210.4 208.8 207.1 205 202.8 200 194.8 183.2 174.6 182.7 192.4 194.1 180.5 166.9 182.9 200.2 201.2 201.1 201.4 201.2 200.9 200.6 200.4 199.6 198.6 197.8 196.4 193.4 189.2 187.8 189.9 188.5 187.1 184.8 180.4 164 148.5 135.5 138.5 147
163.1 163 165.3 164.4 161.4 158.4 159.2 169.8 180 191.9 203.5 207.2 207.1 205.1 188.6 169.5 181.9 197.7 206.4 210.1 212.5 214.2 215 216.2 217.7 218.9 219.3 219.4 219.3 217.6 216.4 216.7 216.2 215.6 214.6 212.8 211.6 210.2 207.5 205.5 203.5 200 195 187.3 185.3 184.8 192.7 196.8 198.5 197.8 196.2 186.7 181.8 198.5 201.2 201.7 202 202 201.7 201.3 201 200.2 199.3 197.6 195.5 191.9 190.1 192.2 192.2 191 189.5 187.9 185.4 180.5 167.3 153.6 140.9 129.1
173 162.9 166.3 167.2 169 171.8 181.9 188.9 197.2 205.4 209.9 208.6 208.2 204.8 187.2 170.8 187 202.3 209.1 212.5 214.6 216.4 217.7 218.7 219.7 219.9 220.1 220 219.6 218.7 216.3 216.6 216 214.9 213 211.3 209.9 207.4 204.1 199.9 196.3 194.9 197.1 197.2 197.5 195.2 198.1 200.2 200.4 200.1 199 188.7 184.1 197.4 201.5 201.4 201.9 202.6 202.5 202.1 201.7 200.5 199.1 195.9 193.3 193.1 194.3 194.4 194.4 193.3 192.2 190.5 188.5 185.8 182.1 170.3 159.9 145.6
172.9 166.4 179.2 185.5 188.9 192.9 199.2 205.5 210.1 211.6 211.5 210.3 208.4 204.8 187.6 171.6 190.5 205.9 211.3 213.9 215.8 217.3 218.7 220.1 220.3 220.4 219.9 219.4 218.8 218.1 217.3 216.3 215.3 213.4 211.3 209.1 207.2 204 200.6 199.4 203.2 203.7 203.4 203.1 200.5 198.5 200.3 202.3 202.6 201.7 200 188.2 196.9 195.1 201.3 201.9 202.8 203.2 203 201.9 201.2 200.6 198.7 197.4 197 196.6 196.5 196.6 196.4 195.4 194.4 192.8 190.8 188.8 185.7 182.6 176 164
168.7 173.6 188.5 200.1 204.6 208.3 210.5 212.8 213.2 213.3 212.5 210.9 208.4 204.5 191 174.1 194 207.5 212.3 214.3 216.1 217.4 218.7 219.7 220.3 220.4 219.3 218.7 218 217.4 216.7 215.7 213.4 211.2 208.6 206.2 204.6 202.1 203 205.5 206.5 206.4 205.8 205.3 204.1 202.1 203.5 204.4 203.6 202.9 198.6 196.9 200.4 200.2 198.7 202.3 203.6 204.1 203.8 203.1 202.6 201.6 200.4 199.8 199.2 198.8 198.7 198.5 197.9 197.2 196.2 194.6 192.7 190.8 187.7 184.7 181.8 176.1
165 179.1 195.6 206.5 210.6 213.6 215.1 215.7 215.1 214.7 213.5 211.1 207.7 203.7 195.6 175.7 193.8 207.7 212.4 214.6 216.1 217.4 218.6 219.4 220.2 220.7 218.8 218.4 217.8 217.3 216.8 215 212.7 210 207.2 204.4 204.4 202.3 206.7 207.5 208.4 208.3 208.2 207.4 206.5 205.6 205.3 205.2 204 203.5 196.1 201.4 202.4 199.2 199.8 201.8 204.3 204.7 204.8 204.4 204 203.3 202.7 202.2 201.6 201 200.6 200 199.4 198.7 198 196.5 194.7 192.8 190 187.4 184.4 180.8
166.1 183.7 201.2 209.8 214.3 216.8 217.4 217.3 216.4 215.1 213.2 210.4 207 202.6 192.5 179.6 192.9 207.7 211.6 213.6 215.5 216.8 217.5 218 218.4 218.5 218.4 218.3 218 217.4 216.9 214.4 212.2 210.6 208.2 207.4 206.3 206.5 209.1 209.7 209.8 209.9 209.8 209 208.1 207.6 207.2 207 205.9 202.3 200.8 203.9 204.1 204.3 202 203.4 205 205.6 205.4 205.1 204.9 204.4 203.8 203.3 202.7 202.2 202 201.5 200.9 200.2 199.2 197.7 195.8 193.6 191.7 189 186 182.3
170.3 190.5 204.6 212.5 217 218.8 218.6 218.1 216.3 214.7 212.5 209.4 204.4 194.4 191.2 190.6 190.5 205.8 210.5 212.4 214.3 215.5 216.2 216.8 217.3 217.6 217.7 217.9 217.8 217.6 216.5 215.1 213.7 211.6 210.8 210 207.8 207.5 210 211 211.1 210.7 211 210.5 209.6 209.8 209.3 208.3 206.6 202 203.7 205.2 205.3 204 202.8 203.8 205.5 206.3 206.2 206 205.8 205.2 204.6 204.1 203.5 203.3 203.1 202.9 202.2 201.1 200.1 198.6 196.4 194.2 192.4 190.4 187.4 184.1
175.1 194 209.4 214.5 218.8 219.9 219.5 218.1 216.3 214.2 210.3 204.9 197.5 202.3 203.7 201.2 186.8 201.8 208.6 210.6 212.3 213.5 214.3 215 215.8 216.7 216.9 217 217.2 217.3 217.3 216.4 215.3 213.2 212.4 211.6 209.5 209.6 211.1 211.9 212.4 212.4 212.2 211.8 211.3 210.8 210.1 208.4 206.2 202.5 205.7 206.5 206.6 206.4 206.3 206.1 206.1 207.2 207.1 207 206.6 206 205.5 204.9 204.6 204.4 204.2 203.2 202.9 202 201 199.3 197 194.7 192.9 191.1 188.9 185.7
178.8 198.1 211.5 216.9 220 220.1 219.9 218.1 215.9 212.9 206.6 202.2 207.1 208.3 206.7 203.4 197.4 192.9 203.3 207.4 209.8 211.5 212.4 213.2 214.1 216.2 216.9 217.1 217.3 218 218.1 217.6 216.9 214.7 213.6 213 211.9 211.2 212.6 213.7 213.6 213.5 213.2 212.8 212.3 211.4 210.3 209 206.6 204.7 207.2 208 208.1 207.9 207.8 207.5 207.1 207.7 208.1 208 207.4 206.8 206.3 205.8 205.6 205.4 204.3 203.2 203 202.6 201.2 199.5 197.6 195.3 193.5 191.4 189.1 186.6
184.1 202.8 213.9 218.6 220.8 220.3 220.2 217.9 214.8 209.5 206.6 209.1 211.1 211 208 205.1 204.5 203 197 203.8 207.5 208.3 209 211 213.8 215.9 217.1 217.3 218 218.6 218.7 218.5 216.5 216.8 216 214.8 213.4 213 213.8 214.5 214.4 214.4 214.3 213.7 212.6 211.5 210.4 209.3 206.5 207.1 208.4 209.5 209.6 209.5 209 208.4 208.2 208.4 209.1 208.9 208.3 207.7 207.1 206.9 206.4 205.3 204.2 203.2 203 202.3 201.2 199.6 197.8 195.9 193.7 191.5 189.1 186.4
189.9 208.3 216.3 219.8 221.5 221.2 220 216.6 213.3 209.6 212.2 213.5 213.6 212.7 211.1 209.5 209.2 207.8 205.9 201.5 203.8 205.1 208.8 211.8 214.6 216.5 217.5 217.4 217.4 217.4 217.6 217.1 216.9 217.7 217.1 216.5 216 215.7 215.5 215.3 215.2 215.1 214.9 214.6 213.5 212.4 211.4 209.4 207.9 208.8 209.7 211 211.1 210.6 210 209.4 209.3 209.5 209.7 209.8 209.1 208.5 208.1 207.5 206.4 205.3 204.2 203.3 203 201.9 200.6 198.7 197 195.1 193 190.7 188.3 185.5
196 214.1 218 221.4 222.3 221.2 219.9 217 212.7 212.2 215.1 215.8 215.8 214.4 214.1 213.4 212.2 210.9 209 206.1 203.8 204.1 208.9 212.5 214.6 216.4 217 217.2 217.4 217.6 217.7 217.4 216.5 216.7 217 217.4 216.9 216.5 216.3 215.8 215.9 215.7 215.4 215.1 214.8 213.7 211.8 210.3 210.4 211.3 212.1 212.1 212.2 211.5 211 210.4 210.4 210.6 210.8 210.6 209.9 209.4 208.6 207.5 206.4 205.3 204.2 203.4 202.6 201.1 199.3 197 195.8 193.9 191.7 189.6 187.1 184.4
205 216.6 220.7 222.5 222.7 221.3 219.9 216.7 213.6 215.7 216.5 217.5 217.8 217 216.2 215.8 215.1 213.8 212.2 210.8 210.2 207.6 208.9 212.1 214.4 216.1 216.9 217.2 217.4 217.7 217.7 217.6 217.4 216.9 216.3 216.5 217.7 217.3 216.7 216.1 216.5 216.2 215.9 215.6 215.3 215 213 212.4 212.2 212.2 212.2 212.2 212.5 213.2 212.3 211.3 211.4 211.5 211.5 211.1 210.6 209.6 208.5 207.4 206.3 205.2 204.1 203.2 201.6 199.9 198.1 196 193.8 192 190 188.1 185.8 183.1
214.2 219.7 222.4 223.1 222.9 221.7 220.2 217.1 217.4 217.8 218 218.8 219.3 219.1 218.4 218 218.4 217.2 215.5 214.3 212.4 210.6 209 211.9 214.2 215.7 216.7 217.1 217.4 217.5 217.5 217.4 217.3 217 216.8 216.5 217.4 217.5 216.6 216.3 216.8 216.9 216.6 216.3 216 215.7 215.4 213.9 213.7 213.5 213.4 213 212.8 212.8 212 212.1 212.2 212.3 211.8 211.3 210.5 209.7 208.7 207.6 206.4 205.3 204.1 202 200.4 198.4 196.4 193.8 191.6 189.8 187.8 185.5 183.2 181
217.9 221.4 223.1 223.6 223 222.2 220.2 219 219.8 219.9 219.9 220.3 220.7 220.5 221.4 220 219.2 217.9 216.8 215.8 214.7 212.9 210.7 212.4 214 215.5 216.4 217 217.3 217.3 217.3 217.2 217.1 217 216.7 216.4 217.6 217.6 217.1 216.9 217 217.6 217.3 217 216.7 216.4 216.1 215.8 215.2 214.7 214 213.7 214.1 212.9 212.6 212.7 212.7 212.5 211.9 211.2 210.3 209.6 208.8 207.8 206.5 205 203.3 201.3 199.4 197.2 195.3 192.4 189.1 186.1 185.4 182.8 180.3 177.6
220.4 222.9 223.6 224 223.2 222 221.2 221.2 221.3 221.6 221.9 222.1 223.2 222.5 221 220.1 219.4 218.4 217.5 216.5 215.4 214.6 212.7 213.1 214.2 215.2 216.2 217 217.1 217.1 217.1 217 216.9 216.9 216.6 216.3 217.2 217.3 217.6 217.5 217.6 217.6 217.9 217.7 217.5 217.2 216.9 216.6 216.2 214.9 214.3 215 214.9 214.6 213 213.1 213.1 212.5 211.9 211.1 210.2 209.4 208.6 207.4 206 204.4 202.4 200.5 198.4 195.6 192.7 189.9 187 182.5 180.6 179.9 176.8 174
222.3 223.7 224.3 224.1 223 222.1 222.4 222.6 222.7 222.8 224 223.4 222.8 222.4 221.4 220.6 219.2 218.1 217.6 216.7 215.7 215 214.1 214.2 215 215.7 216.4 216.8 216.9 216.9 216.9 216.8 216.7 216.6 216.6 216.7 216.9 217.1 217.3 217.6 217.4 216.7 217.7 217.7 217.6 217.6 217.5 217.4 217 216.5 215.5 215.6 214.9 214.5 214.2 213.5 213.2 212.2 211.3 210.9 210 209.3 207.6 206.5 205.3 203.3 201.3 198.9 196.1 193 190.1 185.7 183.1 180.3 175.2 174.4 173 170
224.1 224.4 224.3 224.1 223.1 223 223.6 224 224.5 224.2 223.6 223 222.5 222 221.6 220.3 218.9 217.7 217.3 216.8 216 215 214.3 214.6 214.8 215.1 215.4 216.4 216.6 216.6 216.6 216.6 216.5 216.4 216.4 216.4 216.8 216.9 217 217.3 217.4 216.9 216.8 217.5 217.4 217.4 217.3 216.6 216.4 216 215.6 215.3 214 213.4 213.6 213.8 212.1 211.4 211.6 210.9 209.9 208.3 206.4 205.6 203.5 201.5 199.1 196.5 193.7 190.4 186.6 182.5 178.2 174.8 169.7 165 166.2 164.8
225.1 224.8 224.5 224 223.7 223.9 224.8 224.6 224.4 224.1 223.5 222.9 222.3 221.9 221 219.9 218.5 217.4 216.9 215.7 214.7 214 213.3 213.5 213.8 214 215 216 216.2 216.3 216.4 216.3 216.3 216.2 215.7 215.6 216.7 216.7 216.7 216.8 216.8 216.8 216.2 216.9 217.3 217.2 217 215.7 215.7 215.3 214.8 214.3 213.5 212.8 213.1 213.4 212.3 211.3 210.3 209.7 208.6 207.1 205.5 203.7 201.7 199.4 196.5 193.5 189.7 186.4 182.1 177.6 172.6 165.3 159 152.7 158.4 155.5
225.1 224.9 224.6 224.5 224.7 224.5 224.2 224.2 224.2 223.9 223.3 222.7 222.1 221.2 220.3 219.2 218.2 217.1 215.9 214.4 213.2 212.5 211.3 212.5 212.7 213.6 214.6 215.5 215.8 215.9 215.9 216.1 215.9 215.4 214.9 214.4 215.4 215.4 215.8 216.3 216.3 216.3 216.3 216.3 217.1 217 215.4 214.9 214.8 214.5 214.1 214.1 213.5 212.5 212.3 212.4 211 209.8 208.9 207.9 206 204.5 202.9 201.1 198.9 196.3 193.3 189.7 185.9 181.1 176.8 170 159.8 149.9 143.3 134.2 137.9 134.1
224 225 225 224.6 224.1 223.9 223.5 223.2 223.3 223.4 222.7 222.1 221.2 220.3 219.2 217.8 216.7 215.3 214.1 213.1 211.8 210.5 208.8 211.4 212.2 213.2 214.1 215.1 215.5 215.5 215.3 215.3 214.3 214.5 214 213.5 213.9 213.1 214.9 215.8 215.8 215.8 215.8 215.8 216.4 216.2 214.2 214 214 213.8 214.1 214.3 213.6 212.4 211.9 211 209.6 208.2 206.8 205.8 204 202 200.3 198 195.4 192.5 189.1 185.5 181.1 175.1 161.9 149.7 138.6 128.8 123.1 122.5 117.1 115.1
224.5 224.3 224.1 224 223.5 223.2 222.9 222.6 222.2 222.3 221.7 220.8 219.9 219 217.2 215.7 214.4 212.8 210.9 209.8 208.9 206.7 206.2 210.1 212 212.8 213.7 214.7 215.1 214.8 214.7 214.1 213.1 211.8 211.8 212.6 211 210.9 214 215 215.3 215.3 215.4 215.8 216 215.9 214.5 214 213.3 212.8 212.9 213.4 213 212.1 210.9 209.5 208.1 206.7 205.3 203.9 202 199.8 196.8 193.9 191 188.3 184.6 179.8 174.2 159.5 144.2 130.3 120.2 121.3 125 127 129.3 130.8
223.3 223.4 223.2 223.1 222.9 222.6 222.2 221.9 221.6 221.3 220.4 219.4 218.4 216.9 215.3 213.4 211.4 209.7 208.1 206.5 204.3 202.4 207.1 209.6 211.6 212.9 213.5 214 214.1 214.1 213.6 212.8 212 210.4 209.3 208.9 208.7 210.1 212.3 214.1 214.8 215.2 215.5 215.6 215.5 215 213.3 212.6 211.8 211.3 211.3 211.7 211.7 210.5 208.9 207.5 206.1 204.7 203.3 201.8 199.5 197.1 193.3 189.5 186.6 183.1 179 173.3 162 143.3 127.4 121.2 128.8 136 141.3 144.7 147.7 150.3
223.1 222.7 221.9 221.5 221.6 221.4 221.1 220.8 220.5 219.9 218.4 217.4 216.4 214.6 212.5 209.5 207.5 205.2 202.7 200.5 197.9 203.5 207.9 209.6 211 211.7 212.1 212.6 212.4 211.8 211.2 210.5 209.6 209.1 206.7 204.6 208.5 210.8 212.1 213.1 214.2 214.6 215 214.9 214.7 213.4 212.4 211.5 210.6 210.2 210.3 210.5 210.1 208.3 206.9 205.4 204 202.6 201.2 199.4 197 193.9 189.6 185.7 181.2 177 171.4 164.5 147.5 129.1 123.5 134.5 141.8 149.6 158.2 164.5 166.7 167.2
222.4 221.6 220.4 220.1 220.2 220.1 219.9 219.6 219 218.5 216.9 215.4 214.2 212.2 209.5 205.6 202.3 200.3 196.5 190.7 199.6 204.7 207.3 208.9 210.2 210.6 211.1 210.4 209.8 209.2 208.6 207.4 206.2 203.5 199 206.5 210.2 210.6 211.1 212.3 213.4 214 214.2 213.9 213.4 212.2 211.3 210.5 209.7 209 208.4 207.9 207.4 206.3 204.8 203.4 201.9 200.5 199.1 196.8 193.9 190.7 187.1 182 175.4 170.6 163.1 150 134.5 123.6 136.1 148.2 157.4 169.1 172.2 174.1 176.2 176.4
221.5 220.7 218.7 217.7 218.5 218.6 218.4 218.1 217.5 216.5 214.9 213.3 211.5 209.1 205.7 201.7 195.9 193.1 184.1 194.5 200.8 202.8 204.2 205.5 205.8 206.4 207.4 207.7 207 206.4 205 203.6 201.1 191.5 203.3 207.5 209.5 210.6 210.4 211.6 212.7 213 212.8 212.5 212.1 211.1 210.2 209.4 208.5 207.6 205.7 205.1 204.7 204.3 202.9 201.4 200 198.6 196.8 194.3 191.5 188.3 184.6 180.3 174.3 161.4 148.5 138.4 127.1 130.8 148.2 163.6 174 178.1 180.3 180.4 180.1 178.9
221.2 220.8 218.8 215.8 215.8 216.8 216.7 216.4 215.3 213.3 211.7 209.9 207.5 204.7 203.1 198.5 193.4 180.7 172.9 192.3 195.4 196.2 200.4 200.3 200 200.7 200.8 199 203.2 202.2 200.6 197.1 184.7 197.3 205.4 207 208.8 210.1 210.6 210.4 211.5 211.6 211.5 211.1 210.7 209.9 209.1 208.2 207.2 206.3 205 202.8 202.6 202.1 201.1 199.7 198.2 196.4 194.3 192.1 189.5 186.2 182.3 178 173.3 167.6 160.8 141.5 126.1 141.2 160.2 174.9 181.3 183.4 183.2 182.9 182.1 181.2
221.3 220.8 219.6 216 213 214.9 215 214.4 212.6 210.1 208.3 206.4 203 198.7 195.5 194.3 190.1 174.9 165.8 184.8 189.2 191.9 193.1 194.1 194.7 195.5 197.4 198.3 198 197.9 193.1 181.2 181 201.4 204.8 206.5 206.9 207.2 208.9 210.7 210.5 210.2 210.2 209.8 209.3 208.8 207.8 206.8 205.8 204.7 203.6 201.2 199.6 199.5 198.8 197.9 196 193.9 191.7 189.6 187.4 183.9 180 175.8 170.7 165.3 154 135.7 130.3 150.6 172.3 183.3 184.3 184.9 184.4 183.8 183.1 182
221.2 220.9 220.2 212.7 214.4 209.6 211.2 211.8 210.1 206.3 202.9 201.2 200.3 196 192.2 190.8 185.2 173.7 158.1 170.1 176.2 179.6 181.8 183.3 181.9 187 191.3 192 191.4 188.9 179.7 168.9 185 199.2 203.1 204 204.1 204.1 206.1 208 209 208.9 208.9 208.5 208 207.3 205.8 204.6 203.5 202.4 201.3 199.8 196.6 196.5 195.9 195.5 194.2 192 189.9 187.7 185.3 181.7 177.6 173.5 167.6 157.6 141.4 128.6 144.1 163.5 180.9 184.1 185.3 185.3 184.5 184 183.5 181.5
220.9 220.6 208.9 197.5 193 206.1 206.8 209.1 207.5 204.1 199.2 192 187.8 183.1 179.6 173.6 169.9 162.9 152.5 151 155.7 168.2 175.8 177.7 173.5 174.2 179.4 178.8 176.8 173.7 166.1 164.8 174.5 187.9 196.8 199.6 200.8 201.3 205.1 206.2 206.3 207.3 207.5 207.2 206.9 205.9 204.4 202.9 201.4 200.1 199 197.6 195 193.7 193.5 193.1 191.8 190.4 188.2 186.1 182.9 179.4 174.9 170.5 160 144.3 131.3 140.6 158.7 177.6 183.7 185 185.6 185.4 184.5 183.7 183.1 182.1
221.2 220.2 191.9 189.9 188.8 202.9 205.4 202.9 203.6 200.4 190.1 178.9 171.6 165.1 162.8 163 162.8 161.3 161.2 158.4 150.1 147.5 162.9 174 172.7 161.2 161.3 159.9 157.2 158.2 162.8 174.6 185.8 192.2 197.5 200 201.6 203.2 204.4 205.5 206.3 207.1 206.8 206.1 205.8 204.5 203 201.5 200 198.5 196.7 195.2 192.8 190.1 190.5 190.6 189.3 188 186.4 184.1 180.7 176.9 171.6 159.5 145.1 131.5 142.7 157.4 173 182.6 184 185 185.3 185.2 184.3 183.4 182.1 180.7
