Assets/StreamingAssets/GeoData/Data/st/ST23.asc
ncols 200
nrows 200
xllcorner 320000
yllcorner 130000
cellsize 50
[rows 74 to 110 of 200, columns 0 to 83 of 200]
136.1 136.1 136.4 137.8 139 139.6 138.7 137.9 136.8 134.1 129.5 125.1 120.5 113.9 104.6 97.9 97.9 97.9 97.9 97.9 97.9 97.9 107.8 107.1 103.6 107.8 107.2 104.3 101 105.8 110.4 110 106.3 102.6 101.7 99.5 95.7 93.8 91.5 90.1 88.3 86.6 85 83 80.4 78.2 76.9 75 73.9 73.5 72 70.8 69.8 69.1 68.6 67.8 67.1 66.4 67.2 68.1 68.2 67.7 67.6 66.7 65.3 64.5 63.2 63.2 62.4 62 61.1 60.2 59 58.1 57.3 56.6 55.6 54.6 53.8 53 52.1 51.1 50.3 49.8
139.3 139.7 140.8 141.9 143.7 143.7 142.3 139.7 135.8 132.2 126.4 118.4 110.4 100.5 97.9 97.9 97.9 97.9 97.9 97.9 99.7 111.3 114.4 113.1 109.9 113.8 112.9 110.1 106.7 108.1 111.1 108.6 108.4 107.1 104.7 102.3 99.4 96.2 93.7 91.8 90.4 88.8 87.1 84.8 81.7 79.4 77.8 76.3 75.3 72.5 73.5 72.5 71.5 70.6 70.3 69.6 68.8 68.5 69.4 69.8 69.5 69 68.2 68.1 67 66 65.1 63.5 63.1 62.5 61.1 59.7 59.1 58.3 57.5 56.5 55.7 54.8 53.8 53 52.1 51.1 51.2 50.5
133.5 134.4 137.6 139.6 142.3 145.4 143.8 138.8 133.4 126.9 119.1 109.2 99.6 97.9 97.9 97.9 97.9 97.9 97.9 102.1 109.8 118.4 121.3 119.4 116.9 118.9 117.6 114.5 109.8 110.6 112.3 111.8 111.9 111.4 108.1 105.7 102.6 98.9 96 94.5 92.4 90.9 89.1 86 82.9 81.1 79.8 78.5 77 73.9 75.1 74.2 73.5 73 72.4 71.4 70.9 70.7 71.3 70 70.6 69.8 68.7 68.6 67.1 66.1 65.1 63.3 62.6 61.3 60.1 58.9 57.7 56.5 55.3 54.3 53.6 53.5 52.6 52.4 51.1 49.3 48.7 49.1
125.5 128.3 129.6 132.3 134.4 134.7 136.3 131.5 128.4 121 110.6 99.7 97.9 97.9 97.9 97.9 98.1 101.4 104.8 112.3 116.8 121.6 123.7 125.1 124.7 123.8 121.5 117.6 114.6 116.7 115.9 114.5 114.8 114.8 112.6 109.4 105.9 101.6 99 97.4 94.5 92.8 91 87.1 84 83.4 83 81.7 79.9 77.2 76.6 75.4 76.8 76.3 75.2 73.1 72.9 72.2 72.2 70.7 71.3 69.9 69 68.3 66.4 65.5 64.4 62.5 61.1 58.8 58 56.6 55.7 54.7 54.1 52.6 52.1 51.3 50.4 49.7 48.9 47.8 46.7 46
112.2 115.1 117.5 121.1 124.4 123.7 125.4 121.1 117.5 109.7 99.3 97.9 97.9 97.9 99.2 98.4 103.4 106.4 112.8 119.3 124.5 128.3 130.8 129.7 129.1 128.1 125.4 120.3 120 120.8 119.6 117.9 117.8 117.5 115.5 112 108.9 104.1 102.7 100.3 97.8 95.7 92.3 87.7 86.7 88.9 88.1 85.4 83.2 79.3 77 78.6 80.4 78.6 76.1 74.6 73.9 73.3 71.9 70.5 70.5 69 67.3 66.5 65.1 63.5 61.8 60.6 58.8 58.8 57.7 56.3 55.8 55 53.7 52.2 51.4 50.8 49 49.6 48.3 47.2 46 43.7
106.8 101 103.5 103.7 106.7 107.7 110.7 109.3 103.8 97.9 97.9 97.9 97.9 100.8 107.3 105.7 108.9 116.1 124.5 131.1 133.8 133.9 134.8 133.3 133 131.7 127.3 123.3 125.6 125.1 123.3 121.1 120.7 120.6 119 115.6 112.2 109.9 107.3 104.7 102.1 98.4 93 89.9 92.7 94.4 91.8 88.3 85.2 82.2 82.1 81.5 84.5 81.2 77.4 75.7 74.1 72.3 71 69 68 66.1 65 63.9 63.1 61.9 60.8 60.5 59.3 58.8 57.7 57.2 56.4 55 54 52.1 50.9 50.3 49.3 48.4 48 46.4 45.5 44.8
125.3 121.1 112.6 104.6 98.8 99 97.9 97.9 97.9 97.9 97.9 99.3 101.9 112.5 116.8 114.9 116.7 125.7 135.6 140.8 142 140.8 141.7 140.4 138.4 135.2 131.4 129.1 130.8 129.4 126.7 124 123.8 123.8 121.7 119.4 116.4 113.6 111.4 108.5 105.2 99.6 94.2 92.7 97.7 98.1 94.1 89.9 87.6 86.2 85.7 86.6 88.1 84.8 79.7 76.3 72.7 71.5 70.6 69.2 68.7 66 65.7 65.2 63.8 64.1 62.8 61.7 61.1 59.7 58.7 58 57.1 55.4 54.4 53.4 51.3 50.4 49.6 48.1 47 46.1 44.9 44.7
136.8 131.6 115.9 104.1 100.7 102.6 98.1 97.9 97.9 102.7 104.8 106.7 110.1 116.4 125.5 121.7 124.2 132.6 144.6 150.6 152.2 151.9 149.7 147.9 144.1 140.1 134.3 136.3 136 133.6 130.5 127.6 126.9 126.1 124.1 121.6 118.8 115.8 112.6 109.5 105.8 98.7 94.9 98.1 100.3 99.5 95.6 91.3 90.1 89.2 89 90.2 89.9 86.7 79.5 73.9 73.2 72.9 73.1 72.5 72.3 71.6 70.1 69.2 68.6 68 65.6 65 64.3 62 61.7 59.7 58.3 57.3 56.1 54.9 52.7 52.3 50.7 49.2 48.7 48.2 45.7 45.3
139.5 127.1 110.7 102.4 114.5 114.3 107.6 108.7 113.1 118.3 122.7 123.4 123 121.3 128 128.6 132.3 141.6 153.3 159.8 161.5 159.1 155.3 153 150.4 145.4 139.7 142.7 141.5 138.4 135.2 132.6 130.5 129 126 122 119 115.2 111 107.5 103.4 97.3 100.8 101.5 101.5 98.7 95 93.9 93.9 91.9 91 90.1 90.6 86.2 78.3 75.7 81.2 82.9 82.8 83.9 84.3 80.4 76.5 75.8 74 71.1 69.1 68.7 67.9 65.9 64.2 62 60.8 59.2 57.6 55.3 54.7 53.5 51.8 51.2 50.6 48.7 47.1 46.3
137.7 119.7 100.6 113.2 124.2 130.1 122.8 122.6 126.5 131.7 139 139.7 134.6 131.1 133.9 138.1 145.2 155.9 163.4 167.5 168.3 164.3 160.8 158 156 151.5 148.6 148.8 146.5 143.9 140 137.3 134.2 130.6 126.8 122.4 118.3 111.5 106.8 105 102.4 104.5 105.7 104.7 102.1 99 97.7 97.3 96.3 93.4 90.8 92 89.6 84 76.8 80.2 92.2 96 95.3 93.4 90.5 86.6 83.3 80.3 77.3 73 72.7 73.3 71.8 70.5 68.1 65.2 62.4 60.3 58 56.5 55.3 54.2 53 52 51.1 49.5 47.9 46.4
131.5 112.2 104.9 119.5 134 147.9 145 145.8 149.5 153.8 155.1 152.7 142.2 140.3 145.5 152.8 162.7 170.7 175.6 177.5 176.8 172.5 166 162.7 159.8 156.5 155.2 153.9 152.9 149 144.6 140.6 136.8 132.2 127.3 122.8 115.8 109.6 106.9 107.2 110.2 109.1 107.8 106.8 105.2 102.3 100.1 99.9 97.5 96.3 94.3 93.3 89.4 82.7 77.2 82.4 96 101.3 101.3 98.8 95.2 90.9 88.2 83 80.7 77.3 76.3 76.4 75.3 74.1 72.2 69.1 65.9 62.4 59.5 56.8 55.6 54.7 52.9 52 51.6 49.2 46.9 46.7
123.8 103.5 112.3 125.1 142.7 154.1 160.6 162.1 165.6 168.3 167.4 162.4 150.3 149.9 157.9 167.7 175.5 180 184 185.6 184.1 180.5 174.7 168.7 163.3 159.4 159.7 159 157.2 153.7 148.6 143.9 138.5 133.3 127.3 119.8 114.1 117.8 117.6 114.6 116.7 115.2 112.2 110.8 107.1 105.9 104.4 104 102.2 99.6 96.6 93 88.1 82.5 79 83.5 96.5 102.1 103.5 103.2 99.8 95.4 90.8 86.5 83.1 80.7 79.9 79.5 79.1 78.6 76.2 72.9 69.1 65.5 61.5 58 55.5 54.1 52.4 51.7 50 48.7 47.1 46.5
119.6 102.7 117.5 133.9 149.9 163.8 169.2 171.6 175.3 178 176.8 171.6 158.9 158.4 166.5 175.9 186 188.6 190.4 191.5 189.9 186.2 180.9 175.4 169 166 164.2 163.2 160.9 156.9 152.4 146.4 137.4 128.7 123.7 119.6 124.2 126.1 122.8 119.5 122.1 119.9 117 114.2 111.9 109.3 107.9 106.8 104.1 100.9 97.6 93.9 87.7 81.6 78.7 85.8 94 99.6 101.9 102 100.2 96.8 92.3 88.2 85.6 83.4 82.3 81.8 81.4 80.6 78.6 75.5 71.9 67.5 62.2 58.3 55.3 53.7 52.1 51.8 51.1 49.7 48.6 48.2
115.9 106.8 123.2 141.6 160.9 170.6 176.7 179.3 183.3 185.2 184.4 178.9 168.2 167.7 172.4 182.3 193.1 195.1 196.6 196.8 194.9 190.3 185.6 180.9 174 170.9 169.4 165.9 162.3 159.3 151.3 142.8 131.4 127.1 128 129.9 132.7 130.5 126.6 125.7 126.1 123.9 121.7 119.7 115.4 112.7 110 108.9 105.9 102.4 99 94.7 86.1 81.5 83.3 91.4 94.5 96.3 98.7 98.4 96.9 93.7 90.5 87.6 85.2 83.3 82.6 81.2 80.4 79.2 77.6 74.7 72.2 67.9 62.9 58.2 54.8 53.4 54.4 54 53.4 52.3 51.6 50.1
111.1 112.5 130 149.2 168.4 177 180.8 185.1 188.7 189.7 188.1 181.2 174.1 172 177.5 188.1 199 202 201.9 200.7 198.4 194.3 190.3 185.8 179.5 177.4 172.6 167.5 161.4 154.3 146 136 137.3 139.5 139.6 138.9 138.3 133.7 133.3 132.4 130.8 129.4 126.8 124 120.1 115.7 112.9 110.4 105.9 101.9 98.3 93.4 83.9 84.1 93.3 95.8 96.5 96.2 95.3 94.5 92.4 89.6 87.5 85.4 84.4 82.8 80.6 79.4 77.5 75.8 74.8 72.5 69.6 66.2 61.5 56.6 56.9 59.4 59.8 57.9 56.5 56.7 55.2 53.3
107.8 116.1 132.1 151 170.7 181.2 188.1 193.6 197 196.2 193.6 187.2 180.7 178.7 183.5 193 202.5 206 205.9 204.2 201.3 197.7 193.9 189.5 183.5 180.2 174.1 167.4 159.1 151.4 140.7 143.9 150 149.7 146.4 145.5 142.8 139.7 139.4 137.9 135.3 131.3 128.7 125.3 122.6 118.5 113.3 108.2 102.5 97.2 90.4 86.3 84.3 89.8 95.5 97.4 96.4 95.6 93.8 91.7 88.5 86.1 83.8 82 81.1 79.3 76.9 75 73.4 71.1 70.1 67.7 65.3 61.8 59.4 59.8 64.1 67.4 66.3 61.9 60.4 60.4 58.9 57.1
107.9 115.8 130.7 145.7 163.1 178.6 189.1 195.9 201.6 202.6 199.1 193.1 186.3 184.7 188.4 197.7 206.3 208.8 208.6 206.9 204.3 200.9 196.7 192.3 187.2 181.9 175.2 166.9 155.2 144.4 149.2 152.8 157 157.5 153.9 152.1 148.3 146.2 145 141.4 138.1 132.6 129.1 125.4 121.2 116.6 111.4 104.3 98 88.7 86.8 87.4 92.2 95.7 98.5 98.8 98 96.4 93.3 90.1 86.1 83 81.4 79.6 76.8 74.5 71.7 70.8 69.2 68.2 65.6 64 63.2 61.2 64.3 65.2 68.4 71.3 70.9 66.6 65.5 64.4 62.5 60.8
113.9 111.6 128.5 142.8 157.8 170.5 184.5 195.4 202.7 206.1 206.8 199.2 191.4 189.3 193.9 202.6 208.4 210 210.6 209.1 206.3 202.8 198.3 193.2 187.7 181.6 174.6 164.5 152.6 154.1 157.8 162.1 164 162.4 160.6 156.7 153 151.3 148.3 142.8 136.8 131.5 126.4 121.8 116.2 110.1 103.5 95.6 90.9 91 92.7 95.5 98.6 100.4 102.4 101.1 99.2 96.8 93.5 90.9 87 85.3 82.3 80.4 76.8 75.6 75.2 75.3 73.6 72.3 69.5 67.8 65.8 65.7 68.9 70.2 72.8 75.1 75.2 72.2 70.2 68.5 66.2 62.9
119.1 107.9 122.9 137.5 150.1 162.6 176.4 192.3 200.5 205.3 205.8 201.2 195.9 193.7 198.5 203.7 208.6 210.7 211.5 209.8 207 203.3 197.4 192 184.3 178.3 168.8 158.9 162.4 163.8 166 168.6 168.8 166.6 163.5 160.5 157.4 154.1 149.6 143.8 137.4 131.4 124.2 117.1 110.2 101.6 96.5 94.1 96.1 100.2 104.5 103.1 103.9 105.2 105.3 103.6 100.5 97.6 94.5 92.3 90 86.9 84.9 81.1 81.1 80.4 78.4 79.2 76.7 74.4 72 70.2 67 68.4 71.7 74.3 77.1 78.9 80 78.3 74.9 71.3 67.8 64.3
124.6 109.6 117 131.1 141.9 152.2 167.9 183.2 196.6 203.7 205.3 203.9 201 198.8 201.4 205.5 209.1 210.9 211.2 209.5 206.7 202.1 195.1 186.5 180 171.5 168.5 170.5 170.8 169.4 171.4 173.5 172.4 169.5 166.1 163.2 160.1 154.4 149.4 144.3 138.3 131 122.4 112.3 101 105.6 106.4 99.9 102.5 109 111.1 107.8 110.2 110.4 108.9 106.1 102.5 100.1 98.1 94.9 91.7 88 86 83.4 84.9 84.1 81.9 82.5 79.5 76.4 73.4 69.9 71.3 77 76.4 77.1 79.8 82.5 82.3 81.3 77.9 73.4 69.1 65.4
124.9 112.7 112.8 127.4 135.9 147.1 161.5 176.8 191.3 201.4 206.1 206.8 204.2 203.1 203.7 207 209.7 211.4 211.7 209.5 207 202.9 197.9 193.2 187.8 182 179.6 179 178.1 177.4 177.5 178 176 171.9 168.9 165.7 160.2 154.8 148.7 143.2 138.5 129.9 120.5 106.5 106.4 114.2 111.1 102.1 109.5 115.9 117 115.5 116.5 115.9 112.9 109.3 105.3 103.7 101.3 97.2 92.9 91.3 90.2 87.8 88.1 86.9 85.8 85.3 82.2 79.1 73.7 71.5 73.3 76.7 76.4 76.7 80.2 82.3 82.6 81.3 79.7 75.3 71.1 67
125.1 116.6 110 122.6 132.2 143.3 158 173.1 187.9 201.1 206.6 207.9 207.9 207.2 208.9 211.5 214.1 214.5 214.2 211.7 209.2 205.4 202.4 198.4 192.6 187.8 185.4 184.6 185.7 184.5 183.6 182.6 179.5 175.2 171.3 165.9 159.6 152.6 144.5 138.2 131.3 124.9 115.6 106.9 115.4 120 110.9 110.1 117.6 122.7 122.6 121.8 122.1 120 116.4 112.6 109.3 108.1 104.1 100 97.3 96.2 93.7 91.2 91.6 90 89.2 87.8 84.8 79.1 77 75.8 78.4 79.1 76.8 76.4 79.2 81.9 82.4 82.6 81.4 77.5 73.6 69
124.6 117 111.2 119.9 130.2 141.2 155.6 171.3 184.6 196.7 204 208.2 209.6 210.7 212.5 215 217.2 217.2 216.1 213.6 211.2 209.1 205.8 201.9 197.9 193.7 191.5 191.4 191.5 190.7 188.9 186.3 182.6 177.1 171.3 164.3 156.5 148.6 138.7 130.1 118.3 107.2 106.8 113 121.8 120.7 110.3 116.8 124.6 128.9 127.7 127.2 126.4 124.3 120.1 116.2 114 111.9 107.6 103.6 101.7 100.4 97.3 95.4 95 93.1 91.8 89.3 85.7 82.4 79.9 78.2 80.6 81.2 79.1 76.4 80.2 81.9 82.7 82.1 81.7 79.2 76.6 72.7
121.1 116.3 112.9 118.8 128.7 139.4 152.1 167.3 178.1 190.2 201.5 208.7 211 213 214.7 215.6 217.7 218.8 216.9 214.8 212.8 210.5 208 204.5 200.7 197.5 197.3 196.5 195.4 194.1 191.7 187.8 182.6 177.1 169.6 162.9 152.8 144.8 137.3 123.8 108.5 111 113.4 120.3 127.3 119.5 116 122.9 130 135.2 134.9 134.1 132.3 127.9 123.2 120.6 119.4 115.6 111 107.6 106.7 104.6 102 99.7 98.2 95.7 94 90.1 86 82.7 78.5 80 81.3 80.4 77 76.4 80.3 81 81 81 80.9 79.8 75.8 71.7
119.7 116.5 112.4 120.3 128.2 137.3 148 162.4 175.6 192 201.9 208.2 211.4 214.3 215.6 216.3 217.1 217.4 216.5 215.2 213 210.9 207.9 205 201.9 199.9 199.4 198.2 197 194 191.5 188 182.7 176.2 168.5 161.1 153 144.6 136.5 120.7 112.9 119.6 123.8 126.2 124.6 119.3 123.9 131.1 137.5 140.9 139.8 140.3 137.7 131.3 128.8 126.4 124.5 119.3 115.2 113.7 111.6 109.2 105.7 102 98.8 96.8 94.1 89.4 85.5 82.8 80.6 80.9 80.9 78.9 76.4 77.8 80.2 82.4 82.1 79 75.7 75.5 72.8 70.2
119.4 114.8 113.6 118.7 125.8 135.4 145.3 160.2 174.8 188.8 199.8 205.4 209.7 214.3 217 217.7 216.9 215.2 213.4 213.3 213.2 211.2 207.6 204.4 201.5 199.4 197.3 194.6 193.7 191.8 188.5 186.3 180.8 175.1 168.6 161.6 155.4 146.3 136.8 121.2 120.6 127.7 131.2 130.6 125.4 124.6 131.3 139.4 144.2 146.2 144.9 143.2 141.1 136.7 136.8 133 128.3 124.2 121.5 119.9 116.3 112.4 108.2 104 100.9 97 95.1 91.8 88.2 84.5 82 81.8 81.1 79.5 78.2 78.1 80.6 82.8 82.2 78.2 74.2 70.1 69.7 67.1
119.9 118.5 115.6 115.4 130.7 136.3 141.7 150.5 168.1 180.7 192.5 198.6 206.4 214.8 218.4 221.7 219.3 214.7 211.8 210.9 211.3 211 208.6 203.9 200.7 197.5 194.9 190.3 187.3 185.6 180.8 176.4 175 171.2 165.6 159.8 154 146.4 131.6 118.4 128.5 135.7 135.4 131.7 127.4 132.7 142.3 149.1 150.6 152 150 151 147.9 144.4 139.7 136.5 133.1 129.2 127 124.1 120.6 116.7 111.7 106.7 103.3 100.2 96.8 93.5 89.5 85.6 84.7 83.9 82.3 81 80.5 80 80.4 81.4 80.3 77.5 73.8 69.3 66.1 64
128 126.3 119.6 116.6 132.4 144.9 149.7 146.4 160 174 183.2 191.4 199.8 209.3 215.8 219.9 220.1 214.6 211 208.8 206.8 209.1 208.6 203.3 197.8 194.1 190.9 185.9 180.9 173.3 171.3 168.4 166.7 162.8 157.8 148.8 138.5 130.4 123.7 129 135.3 140.5 139.2 134.6 133.8 143.9 153.6 157.4 157.8 156.8 156.1 156.7 153.3 149.5 145.6 143.1 139.8 134.2 132.1 129 123.7 120.3 114.6 110.8 106.4 102.6 98.1 93.7 90.6 90 88.3 86.9 85.1 84.3 83.9 82.2 81.3 79.6 78.1 74.7 71.3 69.3 67.3 64.1
136.9 131.1 122.6 116 132.6 150 156.7 151.9 155.2 166.1 174.9 184.5 194.1 203.1 210.5 215.6 218.8 214.9 210.8 207.7 205.3 207.2 206.8 200.4 193.8 187.5 183.2 177.4 170.3 161.9 156.1 155.1 155.1 152.6 144.8 134.6 125.2 126.9 131.9 139.8 144.9 145.5 143.3 140.4 144.3 154.1 160.8 163.2 163.5 162.1 161.3 161.6 157.7 154.9 153.3 148.8 145.6 140.6 136.8 133 127.7 123.7 118.6 114.3 109.9 105 99.9 96.4 93.7 92.5 91.2 89.5 87.9 87.8 86.6 85.1 83.2 82.2 81.3 78.7 75.4 72.7 70.7 65.3
141.4 133.1 123.6 118.1 134.9 150.9 159.1 161.1 157.5 160.7 166.2 175.8 186.6 196.1 204.2 211.2 215.4 213.8 210.6 208.2 204.2 201.1 200.2 195.6 189.1 180.9 175.1 168.4 159.9 154.4 150 144.9 140.8 139.8 133 127 133.4 137.1 142.3 144.8 150.4 150.2 147.4 145.4 150.3 160.1 166.5 168.5 169 167.6 167.7 168.1 165.7 162.7 159.1 154.6 149.2 143.5 141 136.5 131.7 127 122.2 117.5 112.9 108.9 104 99.4 96.6 94 92.5 91.3 90.3 90.3 89.4 87.9 86 85.5 84.7 83 81 78 74.4 69.7
142.8 133.1 122.8 125.3 138.9 151.1 159 167.2 168.4 164.3 164.9 170.2 178.4 188.2 196.9 207.5 211.8 212 210.3 208.2 205.3 199.8 194.5 192.5 186.8 179.5 170.1 165.5 163.5 162.4 158.6 151 143.7 134.5 131 137.3 143.8 148.3 150.1 154.7 156.9 152.8 150.8 150.9 157.8 166.1 170.9 173.6 173.8 174.7 175.6 173.6 170.7 166.5 161.8 156 150.8 145.7 142.3 138.6 134.2 129.3 124.5 119.9 115.7 111.5 106.9 101.9 97 93.6 90.4 90 90.5 90.6 90.6 89.5 88.8 88.7 87.5 86.4 84 81.5 78.4 74.6
142.5 128 121.5 132.9 145.3 154.8 165.2 173.1 175.9 177.7 175.6 174.4 177.7 184.2 190.4 197.3 204.4 208.3 207.7 205.7 202.3 196.7 192.7 187.7 182.1 177.7 174.3 171.4 172.1 172.7 165.6 157.8 147.2 134.6 139.2 148.4 152.6 156.8 160.1 163.7 160.8 155.6 154.8 156.2 166.4 173.5 177 179.1 181.1 180.9 180.3 177.4 173.3 168.6 162.1 155.3 147.7 142.2 139.1 134.9 129.7 127.7 121.7 118.4 113.1 108.8 105.3 100.6 95.2 92.2 88.7 86.2 86.4 86.3 86.7 88.6 90.5 91.2 90.5 88.8 87.2 84.8 81.9 79.3
136.8 122.8 128.5 140.6 150.6 160.5 174.2 179.5 184 185.6 184.6 183 182.2 183.4 186.7 193.2 199.2 204.1 204.6 203.9 201.2 199.5 196.4 193 189.3 184.8 182.4 180.2 174.5 173.2 167 160.9 146.5 134.5 145.7 155.3 162.1 164.7 168.7 169.7 167.2 163 160.6 163.2 173.9 179.2 182.6 185.1 186.5 186.7 184 179.7 174.6 168.3 160.5 151.6 142.9 135.6 130.6 124.6 116.1 116.9 117.4 110.8 104.4 100.2 98.1 94.4 90.8 87.1 85.9 83.5 80.7 80.3 78.4 82.8 88 90.6 91.5 90.5 88.9 86.6 84.8 81.2
134.5 122.9 132.9 144.6 156.9 167.8 177.7 186 191.5 192.9 193.1 191.8 190.6 190.4 193.2 196 197.1 202.3 203.5 203.8 204.9 203.6 200.6 196 192.4 185.8 182.8 178.2 174.3 170.5 165.5 159.1 144.8 138.1 148.5 158.6 167.3 172.2 174.9 174.9 172 169.6 167.2 169.2 182.8 186.5 189.3 190.7 192.1 190.2 185.8 180.3 174.5 167.6 159.2 149.7 142.3 132.9 124.8 116.9 113.1 108.2 105 104.9 103.7 98.1 94.1 93.9 91.1 89.8 89.2 86.8 83.2 80.8 78.1 76.5 79.8 84.4 86.5 87 86.9 84.9 82 79.1
134.7 123.1 134.4 147.3 159.8 172.3 180.2 188.7 194.7 198.1 199.7 200.1 200.4 201.3 202.4 202.5 202.1 200.9 202.5 204.2 205.5 202.2 198.6 190.7 186.3 182.9 176.8 172.1 167.7 164.8 161.9 157.5 142.4 141.8 151.6 160.1 168.8 177.8 179.6 178.7 174.2 172.7 173.7 183 190.5 194.2 195.4 195.9 195.2 189.8 183.7 178 170.9 160.5 150.6 142.4 134.6 126.3 123.7 123.7 121 114 112.7 114 108.5 101.1 99 101.6 97.7 95.7 92.5 90.2 87.7 85.2 80.5 79.6 74.8 75 76.8 79.6 80.7 78.8 76.7 74.1
138 126.7 134.1 147.6 161.7 172.6 180.1 191.3 199.5 204.9 204.9 205.5 206.6 205.5 205.1 203.9 201.5 199.2 198.6 202.2 201 195.3 191.3 186.6 181.8 176.6 170.3 164.2 160.4 159 156.7 147.8 139.9 145.5 155 162.7 171.8 180.7 183.5 183.9 182.2 179.9 184.3 190.7 197.8 200.9 200.7 199.4 195.8 186.2 178.8 169.4 158.5 147.8 144.1 140.2 136.4 134.5 133.3 129.3 121.6 115.1 120.1 116.8 110.3 109.9 109.1 106 102.4 99.6 96.7 95.5 92.7 87.5 85.1 81.1 79.3 76.1 71.9 70.6 72.2 72 70.6 67.8
137.4 128 129.9 144.4 158.6 172.5 181.8 190.9 201 207.9 209.7 209.9 208.4 207.3 205.9 203.1 199.4 193.4 193.1 198.1 196.8 192.1 186.5 181.4 176.6 169.5 162.8 157 151.6 149.4 148.5 144.4 147.2 151.1 155.4 163.1 174.7 183.2 189.2 193.2 195.5 198.1 199.4 201.3 204.6 204.9 203.2 199.8 194.2 184.4 174.1 163.1 154.8 153.8 154.8 154.5 149.7 145.4 138.6 130.9 122.2 123.7 125.1 120 117.8 119 116.5 110.5 106.3 103.6 101.4 99.2 96.5 93.1 90 85.1 81.9 79.7 77.4 73.3 70.5 68.4 67.3 65.2
