Assets/StreamingAssets/GeoData/Data/st/ST25.asc
ncols 200
nrows 200
xllcorner 320000
yllcorner 150000
cellsize 50
[rows 98 to 146 of 200, columns 96 to 191 of 200]
-4 -4 -4 -4 -4 -4 -4 -4 -4 -4 -4 -4 -4 -4 -4 -4 -4 -4 -4 -4 -4 -4 -4 -4 -4 -4 -4 -4 -4 -4 -4 -4 -4 -4 -4 -4 -4 -4 -4 -4 -4 -4 -4 -4 -4 -4 -4 -4 -4 -3.9 -3.7 -3.5 -3.3 -3.1 -2.9 -2.7 -2.5 -2.3 -2.1 -1.9 -1.7 -1.5 -1.3 -1.1 -0.9 -0.7 -0.5 -0.3 0 0.2 0.4 0.6 0.8 1 1.2 1.4 1.6 1.8 2 2.3 2.5 2.7 2.9 3.1 3.3 3.5 3.7 3.9 4.1 4.1 5 7.5 12.7 13.9 9.4 8
-4 -4 -4 -4 -4 -4 -4 -4 -4 -4 -4 -4 -4 -4 -4 -4 -4 -4 -4 -4 -4 -4 -4 -4 -4 -4 -4 -4 -4 -4 -4 -4 -4 -4 -4 -4 -4 -4 -4 -4 -4 -4 -4 -4 -4 -4 -4 -4 -4 -3.8 -3.6 -3.4 -3.2 -3 -2.8 -2.6 -2.4 -2.2 -2 -1.8 -1.6 -1.4 -1.2 -1 -0.8 -0.6 -0.4 -0.2 0 0.2 0.4 0.6 0.8 1 1.2 1.5 1.7 1.9 2.1 2.3 2.5 2.7 2.9 3.1 3.3 3.6 3.8 4 4.2 4.2 5.1 8.1 13.4 13.5 11.8 8.6
-4 -4 -4 -4 -4 -4 -4 -4 -4 -4 -4 -4 -4 -4 -4 -4 -4 -4 -4 -4 -4 -4 -4 -4 -4 -4 -4 -4 -4 -4 -4 -4 -4 -4 -4 -4 -4 -4 -4 -4 -4 -4 -4 -4 -4 -4 -4 -4 -4 -3.7 -3.6 -3.4 -3.2 -3 -2.8 -2.6 -2.4 -2.2 -2 -1.8 -1.6 -1.4 -1.2 -1 -0.8 -0.5 -0.3 -0.1 0.1 0.3 0.5 0.7 0.9 1.1 1.3 1.5 1.7 1.9 2.1 2.3 2.5 2.8 3 3.2 3.4 3.6 3.8 4 4.2 4.2 5.5 11.1 12.9 12.8 11.1 8.8
-4 -4 -4 -4 -4 -4 -4 -4 -4 -4 -4 -4 -4 -4 -4 -4 -4 -4 -4 -4 -4 -4 -4 -4 -4 -4 -4 -4 -4 -4 -4 -4 -4 -4 -4 -4 -4 -4 -4 -4 -4 -4 -4 -4 -4 -4 -4 -4 -3.8 -3.6 -3.5 -3.3 -3.1 -2.9 -2.7 -2.5 -2.3 -2.1 -1.9 -1.7 -1.5 -1.3 -1.1 -0.9 -0.7 -0.5 -0.3 -0.1 0.1 0.3 0.5 0.7 0.9 1.1 1.3 1.5 1.8 2 2.2 2.4 2.6 2.8 3 3.2 3.4 3.6 3.8 4.1 4.3 4.2 6.1 10.8 10.3 12.7 10.2 8.6
-4 -4 -4 -4 -4 -4 -4 -4 -4 -4 -4 -4 -4 -4 -4 -4 -4 -4 -4 -4 -4 -4 -4 -4 -4 -4 -4 -4 -4 -4 -4 -4 -4 -4 -4 -4 -4 -4 -4 -4 -4 -4 -4 -4 -4 -4 -4 -4 -3.7 -3.6 -3.4 -3.2 -3 -2.8 -2.6 -2.4 -2.2 -2.1 -1.9 -1.7 -1.5 -1.2 -1 -0.8 -0.6 -0.4 -0.2 0 0.2 0.4 0.6 0.8 1 1.2 1.4 1.6 1.8 2 2.2 2.4 2.6 2.8 3.1 3.3 3.5 3.7 3.9 4.1 4.3 4.4 6.6 9 12.2 11.4 11.1 8
-4 -4 -4 -4 -4 -4 -4 -4 -4 -4 -4 -4 -4 -4 -4 -4 -4 -4 -4 -4 -4 -4 -4 -4 -4 -4 -4 -4 -4 -4 -4 -4 -4 -4 -4 -4 -4 -4 -4 -4 -4 -4 -4 -4 -4 -4 -4 -3.8 -3.7 -3.5 -3.3 -3.1 -2.9 -2.7 -2.5 -2.3 -2.2 -2 -1.8 -1.6 -1.4 -1.2 -1 -0.8 -0.6 -0.4 -0.2 0 0.2 0.4 0.6 0.8 1 1.2 1.4 1.6 1.9 2.1 2.3 2.5 2.7 2.9 3.1 3.3 3.5 3.7 3.9 4.1 4.3 4.9 7.1 13.1 13.3 11.5 10.1 9
-4 -4 -4 -4 -4 -4 -4 -4 -4 -4 -4 -4 -4 -4 -4 -4 -4 -4 -4 -4 -4 -4 -4 -4 -4 -4 -4 -4 -4 -4 -4 -4 -4 -4 -4 -4 -4 -4 -4 -4 -4 -4 -4 -4 -4 -4 -3.9 -3.7 -3.6 -3.4 -3.2 -3 -2.9 -2.7 -2.5 -2.3 -2.1 -1.9 -1.7 -1.5 -1.3 -1.1 -0.9 -0.7 -0.5 -0.3 -0.1 0.1 0.3 0.5 0.7 0.9 1.1 1.3 1.5 1.7 1.9 2.1 2.3 2.5 2.7 2.9 3.1 3.3 3.6 3.8 4 4.2 4.2 5.3 7.4 9.4 13.2 11.5 9.7 8.6
-4 -4 -4 -4 -4 -4 -4 -4 -4 -4 -4 -4 -4 -4 -4 -4 -4 -4 -4 -4 -4 -4 -4 -4 -4 -4 -4 -4 -4 -4 -4 -4 -4 -4 -4 -4 -4 -4 -4 -4 -4 -4 -4 -4 -4 -4 -3.8 -3.6 -3.5 -3.3 -3.1 -2.9 -2.8 -2.6 -2.4 -2.2 -2 -1.8 -1.6 -1.4 -1.2 -1 -0.9 -0.7 -0.5 -0.3 -0.1 0.1 0.3 0.5 0.7 0.9 1.1 1.3 1.5 1.7 1.9 2.1 2.4 2.6 2.8 3 3.2 3.4 3.6 3.8 4 4.2 4.2 6 12.6 11.7 11 8.5 8.7 8.1
-4 -4 -4 -4 -4 -4 -4 -4 -4 -4 -4 -4 -4 -4 -4 -4 -4 -4 -4 -4 -4 -4 -4 -4 -4 -4 -4 -4 -4 -4 -4 -4 -4 -4 -4 -4 -4 -4 -4 -4 -4 -4 -4 -4 -4 -3.9 -3.7 -3.6 -3.4 -3.2 -3 -2.8 -2.7 -2.5 -2.3 -2.1 -2 -1.8 -1.6 -1.4 -1.2 -1 -0.8 -0.6 -0.4 -0.2 0 0.2 0.4 0.6 0.8 1 1.2 1.4 1.6 1.8 2 2.2 2.4 2.6 2.8 3 3.2 3.4 3.6 3.8 4 4.3 4.1 6.3 10.4 12.1 13.3 12.1 8.3 7.6
-4 -4 -4 -4 -4 -4 -4 -4 -4 -4 -4 -4 -4 -4 -4 -4 -4 -4 -4 -4 -4 -4 -4 -4 -4 -4 -4 -4 -4 -4 -4 -4 -4 -4 -4 -4 -4 -4 -4 -4 -4 -4 -4 -4 -4 -3.8 -3.6 -3.5 -3.3 -3.1 -2.9 -2.8 -2.6 -2.4 -2.2 -2 -1.9 -1.7 -1.5 -1.3 -1.2 -1 -0.8 -0.6 -0.4 -0.1 0.1 0.3 0.4 0.6 0.8 1 1.2 1.4 1.6 1.8 2 2.2 2.4 2.6 2.9 3.1 3.3 3.5 3.7 3.9 4.1 4.3 4.4 6.7 12.6 11.5 11 10.2 9 7.5
-4 -4 -4 -4 -4 -4 -4 -4 -4 -4 -4 -4 -4 -4 -4 -4 -4 -4 -4 -4 -4 -4 -4 -4 -4 -4 -4 -4 -4 -4 -4 -4 -4 -4 -4 -4 -4 -4 -4 -4 -4 -4 -4 -4 -4 -3.7 -3.5 -3.4 -3.2 -3 -2.8 -2.7 -2.5 -2.3 -2.1 -1.9 -1.8 -1.6 -1.4 -1.2 -1.1 -0.9 -0.7 -0.5 -0.3 -0.1 0.1 0.3 0.5 0.7 0.9 1.1 1.3 1.5 1.7 1.9 2.1 2.3 2.5 2.7 2.9 3.1 3.3 3.5 3.7 3.9 4.1 4.3 4.9 7.2 13 12.5 11.6 10.1 8.2 7.5
-4 -4 -4 -4 -4 -4 -4 -4 -4 -4 -4 -4 -4 -4 -4 -4 -4 -4 -4 -4 -4 -4 -4 -4 -4 -4 -4 -4 -4 -4 -4 -4 -4 -4 -4 -4 -4 -4 -4 -4 -4 -4 -4 -4 -3.8 -3.7 -3.5 -3.3 -3.1 -2.9 -2.7 -2.6 -2.4 -2.2 -2 -1.9 -1.7 -1.5 -1.3 -1.1 -1 -0.8 -0.6 -0.4 -0.3 -0.1 0.1 0.3 0.5 0.7 0.9 1.1 1.3 1.5 1.7 1.9 2.1 2.3 2.5 2.7 2.9 3.1 3.3 3.5 3.8 4 4.2 4.2 5.3 7.7 10.2 13.2 12 9.8 8.3 7.4
-4 -4 -4 -4 -4 -4 -4 -4 -4 -4 -4 -4 -4 -4 -4 -4 -4 -4 -4 -4 -4 -4 -4 -4 -4 -4 -4 -4 -4 -4 -4 -4 -4 -4 -4 -4 -4 -4 -4 -4 -4 -4 -4 -3.9 -3.7 -3.6 -3.4 -3.2 -3.1 -2.9 -2.7 -2.5 -2.3 -2.1 -1.9 -1.8 -1.6 -1.4 -1.2 -1.1 -0.9 -0.7 -0.5 -0.3 -0.2 0 0.2 0.4 0.6 0.8 1 1.2 1.4 1.6 1.8 2 2.2 2.4 2.6 2.8 3 3.2 3.4 3.6 3.8 4 4.2 4.1 5.7 8.2 14 13.4 13 9.4 8.2 7.1
-4 -4 -4 -4 -4 -4 -4 -4 -4 -4 -4 -4 -4 -4 -4 -4 -4 -4 -4 -4 -4 -4 -4 -4 -4 -4 -4 -4 -4 -4 -4 -4 -4 -4 -4 -4 -4 -4 -4 -4 -4 -4 -4 -3.8 -3.7 -3.5 -3.3 -3.1 -3 -2.8 -2.6 -2.5 -2.3 -2.1 -1.9 -1.7 -1.5 -1.3 -1.1 -1 -0.8 -0.6 -0.4 -0.2 -0.1 0.1 0.3 0.5 0.6 0.8 1 1.2 1.4 1.6 1.8 2 2.2 2.4 2.6 2.8 3 3.2 3.4 3.6 3.8 4 4.2 4.1 6.1 12.3 9.1 13.3 11.5 11.8 8.5 7.1
-4 -4 -4 -4 -4 -4 -4 -4 -4 -4 -4 -4 -4 -4 -4 -4 -4 -4 -4 -4 -4 -4 -4 -4 -4 -4 -4 -4 -4 -4 -4 -4 -4 -4 -4 -4 -4 -4 -4 -4 -4 -4 -3.9 -3.7 -3.6 -3.4 -3.2 -3.1 -2.9 -2.7 -2.6 -2.4 -2.2 -2 -1.9 -1.7 -1.5 -1.3 -1.1 -0.9 -0.7 -0.5 -0.3 -0.2 0 0.2 0.4 0.6 0.7 0.9 1.1 1.3 1.4 1.6 1.8 2 2.2 2.4 2.7 2.9 3.1 3.3 3.5 3.7 3.9 4.1 4.3 4.3 6.7 11.1 11.9 12.6 12 11.4 8.2 7.2
-4 -4 -4 -4 -4 -4 -4 -4 -4 -4 -4 -4 -4 -4 -4 -4 -4 -4 -4 -4 -4 -4 -4 -4 -4 -4 -4 -4 -4 -4 -4 -4 -4 -4 -4 -4 -4 -4 -4 -4 -4 -4 -3.8 -3.7 -3.5 -3.3 -3.1 -3 -2.8 -2.6 -2.5 -2.3 -2.1 -2 -1.8 -1.6 -1.5 -1.3 -1.1 -0.9 -0.7 -0.5 -0.3 -0.1 0.1 0.3 0.5 0.6 0.8 1 1.2 1.4 1.5 1.7 1.9 2.1 2.3 2.5 2.7 2.9 3.1 3.3 3.5 3.7 3.9 4.1 4.3 4.7 7.2 13 12.7 12.6 12.1 9.6 7.6 6.9
-4 -4 -4 -4 -4 -4 -4 -4 -4 -4 -4 -4 -4 -4 -4 -4 -4 -4 -4 -4 -4 -4 -4 -4 -4 -4 -4 -4 -4 -4 -4 -4 -4 -4 -4 -4 -4 -4 -4 -4 -4 -3.9 -3.7 -3.6 -3.4 -3.2 -3.1 -2.9 -2.7 -2.5 -2.4 -2.2 -2 -1.9 -1.7 -1.5 -1.4 -1.2 -1 -0.9 -0.7 -0.5 -0.3 -0.1 0.1 0.3 0.5 0.7 0.9 1.1 1.3 1.5 1.6 1.8 2 2.2 2.3 2.5 2.7 2.9 3.1 3.3 3.5 3.7 3.9 4.1 4.3 5.3 7.6 14.1 12.5 12 10 9.4 8.3 6.3
-4 -4 -4 -4 -4 -4 -4 -4 -4 -4 -4 -4 -4 -4 -4 -4 -4 -4 -4 -4 -4 -4 -4 -4 -4 -4 -4 -4 -4 -4 -4 -4 -4 -4 -4 -4 -4 -4 -4 -4 -4 -3.8 -3.6 -3.5 -3.3 -3.2 -3 -2.8 -2.7 -2.5 -2.3 -2.1 -2 -1.8 -1.6 -1.4 -1.3 -1.1 -0.9 -0.8 -0.6 -0.4 -0.2 -0.1 0.1 0.3 0.5 0.7 0.9 1.1 1.3 1.5 1.7 1.9 2.1 2.3 2.4 2.6 2.8 3 3.2 3.4 3.6 3.8 4 4.2 4.2 5.8 8.2 12.1 12 12.2 10.8 10.4 8.4 6.9
-4 -4 -4 -4 -4 -4 -4 -4 -4 -4 -4 -4 -4 -4 -4 -4 -4 -4 -4 -4 -4 -4 -4 -4 -4 -4 -4 -4 -4 -4 -4 -4 -4 -4 -4 -4 -4 -4 -4 -4 -3.9 -3.7 -3.6 -3.4 -3.2 -3.1 -2.9 -2.7 -2.6 -2.4 -2.3 -2.1 -1.9 -1.7 -1.5 -1.4 -1.2 -1 -0.9 -0.7 -0.5 -0.3 -0.2 0 0.2 0.4 0.5 0.7 0.9 1.1 1.3 1.5 1.7 1.9 2.1 2.3 2.5 2.7 2.9 3.1 3.2 3.4 3.6 3.8 4 4.2 4.1 6.4 11.1 11.6 12 9.9 12.3 12.1 8.2 6.7
-4 -4 -4 -4 -4 -4 -4 -4 -4 -4 -4 -4 -4 -4 -4 -4 -4 -4 -4 -4 -4 -4 -4 -4 -4 -4 -4 -4 -4 -4 -4 -4 -4 -4 -4 -4 -4 -4 -4 -4 -3.8 -3.6 -3.5 -3.3 -3.2 -3 -2.8 -2.7 -2.5 -2.3 -2.2 -2 -1.8 -1.7 -1.5 -1.3 -1.1 -1 -0.8 -0.6 -0.4 -0.3 -0.1 0.1 0.2 0.4 0.6 0.8 1 1.2 1.3 1.5 1.7 1.9 2.1 2.3 2.5 2.7 2.9 3.1 3.3 3.5 3.7 3.9 4 4.2 4.4 6.8 10.5 11.1 12.5 13 12.9 9 7.5 6.3
-4 -4 -4 -4 -4 -4 -4 -4 -4 -4 -4 -4 -4 -4 -4 -4 -4 -4 -4 -4 -4 -4 -4 -4 -4 -4 -4 -4 -4 -4 -4 -4 -4 -4 -4 -4 -4 -4 -4 -3.9 -3.7 -3.5 -3.4 -3.2 -3.1 -2.9 -2.8 -2.6 -2.4 -2.3 -2.1 -1.9 -1.8 -1.6 -1.4 -1.3 -1.1 -0.9 -0.7 -0.6 -0.4 -0.2 0 0.2 0.3 0.5 0.7 0.8 1 1.2 1.4 1.6 1.8 2 2.1 2.3 2.5 2.7 2.9 3.1 3.3 3.5 3.7 3.9 4.1 4.3 4.8 7.2 11.9 11.6 10.6 9.2 11 8 6.9 6.7
-4 -4 -4 -4 -4 -4 -4 -4 -4 -4 -4 -4 -4 -4 -4 -4 -4 -4 -4 -4 -4 -4 -4 -4 -4 -4 -4 -4 -4 -4 -4 -4 -4 -4 -4 -4 -4 -4 -4 -3.8 -3.6 -3.5 -3.3 -3.1 -3 -2.8 -2.7 -2.5 -2.4 -2.2 -2 -1.9 -1.7 -1.5 -1.3 -1.2 -1 -0.9 -0.7 -0.5 -0.3 -0.2 0 0.2 0.4 0.6 0.8 0.9 1.1 1.3 1.4 1.6 1.8 2 2.2 2.4 2.6 2.7 2.9 3.1 3.3 3.5 3.7 3.9 4.1 4.3 5.3 7.7 10 12.9 12.4 12.6 10.7 7.6 7.3 7.1
-4 -4 -4 -4 -4 -4 -4 -4 -4 -4 -4 -4 -4 -4 -4 -4 -4 -4 -4 -4 -4 -4 -4 -4 -4 -4 -4 -4 -4 -4 -4 -4 -4 -4 -4 -4 -4 -4 -3.8 -3.7 -3.5 -3.4 -3.2 -3.1 -2.9 -2.7 -2.6 -2.4 -2.3 -2.1 -2 -1.8 -1.6 -1.5 -1.3 -1.1 -0.9 -0.8 -0.6 -0.4 -0.3 -0.1 0.1 0.3 0.4 0.6 0.8 1 1.2 1.3 1.5 1.7 1.9 2 2.2 2.4 2.6 2.8 3 3.2 3.4 3.5 3.7 3.9 4.1 4.3 5.9 8.5 12.4 13.4 11.9 9.2 8.7 7.9 7.5 7.2
-4 -4 -4 -4 -4 -4 -4 -4 -4 -4 -4 -4 -4 -4 -4 -4 -4 -4 -4 -4 -4 -4 -4 -4 -4 -4 -4 -4 -4 -4 -4 -4 -4 -4 -4 -4 -4 -4 -3.8 -3.6 -3.5 -3.3 -3.1 -3 -2.8 -2.7 -2.5 -2.3 -2.2 -2 -1.9 -1.7 -1.6 -1.4 -1.2 -1.1 -0.9 -0.7 -0.5 -0.4 -0.2 0 0.1 0.3 0.5 0.7 0.8 1 1.2 1.4 1.6 1.8 1.9 2.1 2.3 2.4 2.6 2.8 3 3.2 3.4 3.6 3.8 4 4.2 4.1 6.4 11.7 12.6 12.4 9 8.8 7.9 7.8 7.4 7.1
-4 -4 -4 -4 -4 -4 -4 -4 -4 -4 -4 -4 -4 -4 -4 -4 -4 -4 -4 -4 -4 -4 -4 -4 -4 -4 -4 -4 -4 -4 -4 -4 -4 -4 -4 -4 -4 -3.8 -3.7 -3.5 -3.4 -3.2 -3.1 -2.9 -2.7 -2.6 -2.4 -2.3 -2.1 -1.9 -1.8 -1.6 -1.5 -1.3 -1.1 -1 -0.8 -0.7 -0.5 -0.3 -0.1 0 0.2 0.4 0.5 0.7 0.9 1.1 1.2 1.4 1.6 1.8 2 2.2 2.3 2.5 2.7 2.9 3 3.2 3.4 3.6 3.8 4 4.2 4.5 6.9 11 14.6 10 8.5 6.9 8.1 7.4 7.2 6.9
-4 -4 -4 -4 -4 -4 -4 -4 -4 -4 -4 -4 -4 -4 -4 -4 -4 -4 -4 -4 -4 -4 -4 -4 -4 -4 -4 -4 -4 -4 -4 -4 -4 -4 -4 -4 -3.9 -3.7 -3.6 -3.4 -3.3 -3.1 -3 -2.8 -2.7 -2.5 -2.4 -2.2 -2 -1.9 -1.7 -1.5 -1.4 -1.2 -1.1 -0.9 -0.7 -0.6 -0.4 -0.3 -0.1 0.1 0.3 0.4 0.6 0.8 1 1.1 1.3 1.5 1.6 1.8 2 2.2 2.4 2.6 2.7 2.9 3.1 3.3 3.5 3.6 3.8 4 4.2 5 7.4 12.8 12.6 12.1 8.6 8.3 8.2 7.7 7.2 6.7
-4 -4 -4 -4 -4 -4 -4 -4 -4 -4 -4 -4 -4 -4 -4 -4 -4 -4 -4 -4 -4 -4 -4 -4 -4 -4 -4 -4 -4 -4 -4 -4 -4 -4 -4 -4 -3.8 -3.6 -3.5 -3.3 -3.2 -3 -2.9 -2.7 -2.6 -2.4 -2.3 -2.1 -2 -1.8 -1.7 -1.5 -1.3 -1.1 -1 -0.8 -0.7 -0.5 -0.3 -0.2 0 0.1 0.3 0.5 0.7 0.8 1 1.2 1.4 1.5 1.7 1.9 2 2.2 2.4 2.6 2.8 3 3.1 3.3 3.5 3.7 3.9 4.1 4.2 5.7 7.9 12.3 12.2 11 9 8.8 8.3 7.7 7.3 6.9
-4 -4 -4 -4 -4 -4 -4 -4 -4 -4 -4 -4 -4 -4 -4 -4 -4 -4 -4 -4 -4 -4 -4 -4 -4 -4 -4 -4 -4 -4 -4 -4 -4 -4 -4 -3.8 -3.7 -3.5 -3.4 -3.2 -3.1 -3 -2.8 -2.7 -2.5 -2.4 -2.2 -2 -1.9 -1.7 -1.6 -1.4 -1.3 -1.1 -0.9 -0.8 -0.6 -0.4 -0.3 -0.1 0.1 0.2 0.4 0.5 0.7 0.9 1.1 1.2 1.4 1.6 1.8 1.9 2.1 2.3 2.5 2.6 2.8 3 3.2 3.4 3.5 3.7 3.9 4.1 4.3 5.6 9.5 10.6 11.9 9 9 9 9.7 9 8.2 7.5
-4 -4 -4 -4 -4 -4 -4 -4 -4 -4 -4 -4 -4 -4 -4 -4 -4 -4 -4 -4 -4 -4 -4 -4 -4 -4 -4 -4 -4 -4 -4 -4 -4 -4 -3.9 -3.7 -3.6 -3.4 -3.3 -3.2 -3 -2.9 -2.7 -2.6 -2.4 -2.3 -2.1 -2 -1.8 -1.7 -1.5 -1.3 -1.2 -1 -0.9 -0.7 -0.5 -0.4 -0.2 0 0.1 0.3 0.5 0.6 0.8 0.9 1.1 1.3 1.5 1.6 1.8 2 2.2 2.3 2.5 2.7 2.9 3 3.2 3.4 3.6 3.8 4 4.1 4.4 6.2 9 11.2 10.8 9.3 8.7 9.6 11.2 10.4 9.4 8.4
-4 -4 -4 -4 -4 -4 -4 -4 -4 -4 -4 -4 -4 -4 -4 -4 -4 -4 -4 -4 -4 -4 -4 -4 -4 -4 -4 -4 -4 -4 -4 -4 -4 -3.9 -3.7 -3.6 -3.5 -3.3 -3.2 -3.1 -2.9 -2.8 -2.6 -2.5 -2.3 -2.2 -2 -1.9 -1.7 -1.6 -1.4 -1.3 -1.1 -1 -0.8 -0.6 -0.5 -0.3 -0.2 0 0.2 0.4 0.5 0.7 0.9 1 1.2 1.3 1.5 1.7 1.9 2 2.2 2.4 2.6 2.7 2.9 3.1 3.3 3.4 3.6 3.8 4 4.2 4.7 6.5 10.5 11.1 10.2 9.3 9.3 10.3 10.3 9.5 9.1 8.1
-4 -4 -4 -4 -4 -4 -4 -4 -4 -4 -4 -4 -4 -4 -4 -4 -4 -4 -4 -4 -4 -4 -4 -4 -4 -4 -4 -4 -4 -4 -4 -4 -3.9 -3.8 -3.6 -3.5 -3.4 -3.2 -3.1 -3 -2.8 -2.7 -2.5 -2.4 -2.3 -2.1 -2 -1.8 -1.7 -1.5 -1.4 -1.2 -1.1 -0.9 -0.7 -0.6 -0.4 -0.3 -0.1 0.1 0.2 0.4 0.6 0.8 0.9 1.1 1.3 1.4 1.6 1.7 1.9 2.1 2.3 2.4 2.6 2.8 3 3.1 3.3 3.5 3.7 3.8 4 4.2 5 6.7 12.2 9.5 8.7 8.8 9.7 10.5 10 9.1 8.3 7.5
-4 -4 -4 -4 -4 -4 -4 -4 -4 -4 -4 -4 -4 -4 -4 -4 -4 -4 -4 -4 -4 -4 -4 -4 -4 -4 -4 -4 -4 -4 -4 -4 -3.8 -3.7 -3.5 -3.4 -3.3 -3.1 -3 -2.9 -2.7 -2.6 -2.4 -2.3 -2.2 -2 -1.9 -1.7 -1.6 -1.4 -1.3 -1.1 -1 -0.8 -0.7 -0.5 -0.4 -0.2 0 0.1 0.3 0.5 0.6 0.8 1 1.1 1.3 1.5 1.7 1.8 2 2.1 2.3 2.5 2.6 2.8 3 3.2 3.4 3.5 3.7 3.9 4.1 4.2 5.4 7.2 8.1 9.4 10.8 9.2 10.5 11.3 9.7 9 8.2 7.5
-4 -4 -4 -4 -4 -4 -4 -4 -4 -4 -4 -4 -4 -4 -4 -4 -4 -4 -4 -4 -4 -4 -4 -4 -4 -4 -4 -4 -4 -4 -4 -4 -3.8 -3.6 -3.5 -3.3 -3.2 -3 -2.9 -2.8 -2.6 -2.5 -2.4 -2.2 -2.1 -1.9 -1.8 -1.6 -1.5 -1.4 -1.2 -1.1 -0.9 -0.7 -0.6 -0.4 -0.3 -0.1 0 0.2 0.4 0.5 0.7 0.9 1 1.2 1.4 1.5 1.7 1.9 2 2.2 2.4 2.5 2.7 2.9 3 3.2 3.4 3.6 3.8 3.9 4.1 4.3 5.8 11.7 11.2 11.4 9.8 9.6 8.6 11.7 9.9 9.2 8.3 7.6
-4 -4 -4 -4 -4 -4 -4 -4 -4 -4 -4 -4 -4 -4 -4 -4 -4 -4 -4 -4 -4 -4 -4 -4 -4 -4 -4 -4 -4 -4 -4 -4 -3.8 -3.6 -3.5 -3.3 -3.1 -3 -2.8 -2.7 -2.5 -2.4 -2.3 -2.1 -2 -1.9 -1.7 -1.6 -1.4 -1.3 -1.1 -1 -0.8 -0.7 -0.5 -0.4 -0.2 0 0.1 0.2 0.4 0.6 0.8 0.9 1.1 1.2 1.4 1.6 1.7 1.9 2.1 2.3 2.4 2.6 2.8 2.9 3.1 3.3 3.4 3.6 3.8 4 4.2 4.1 6.3 11.8 11.1 11.6 10.3 9 10.3 12.5 10 9.2 8.3 7.8
-4 -4 -4 -4 -4 -4 -4 -4 -4 -4 -4 -4 -4 -4 -4 -4 -4 -4 -4 -4 -4 -4 -4 -4 -4 -4 -4 -4 -4 -4 -4 -3.9 -3.8 -3.6 -3.4 -3.3 -3.1 -2.9 -2.8 -2.6 -2.4 -2.3 -2.2 -2 -1.9 -1.8 -1.6 -1.5 -1.3 -1.2 -1 -0.9 -0.7 -0.6 -0.4 -0.3 -0.1 0 0.2 0.3 0.5 0.6 0.8 1 1.1 1.3 1.5 1.6 1.8 2 2.1 2.3 2.5 2.6 2.8 3 3.2 3.3 3.5 3.7 3.8 4 4.2 4.7 6.9 11.9 11.6 10.4 10.2 10.4 9.6 10.9 10 9.1 8.6 8.1
-4 -4 -4 -4 -4 -4 -4 -4 -4 -4 -4 -4 -4 -4 -4 -4 -4 -4 -4 -4 -4 -4 -4 -4 -4 -4 -4 -4 -4 -4 -4 -3.9 -3.8 -3.6 -3.4 -3.3 -3.1 -2.9 -2.8 -2.6 -2.4 -2.3 -2.1 -1.9 -1.8 -1.7 -1.5 -1.4 -1.2 -1.1 -1 -0.8 -0.7 -0.5 -0.4 -0.2 -0.1 0.1 0.2 0.4 0.5 0.7 0.9 1 1.2 1.3 1.5 1.7 1.8 2 2.2 2.3 2.5 2.7 2.9 3 3.2 3.4 3.5 3.7 3.9 4.1 4.2 5 7.2 10.9 10.4 8 9.8 11.3 11.8 12 10.9 9.8 8.8 7.9
-4 -4 -4 -4 -4 -4 -4 -4 -4 -4 -4 -4 -4 -4 -4 -4 -4 -4 -4 -4 -4 -4 -4 -4 -4 -4 -4 -4 -4 -4 -4 -3.9 -3.8 -3.6 -3.4 -3.3 -3.1 -2.9 -2.8 -2.6 -2.4 -2.3 -2.1 -1.9 -1.8 -1.6 -1.5 -1.3 -1.2 -1 -0.9 -0.7 -0.6 -0.4 -0.3 -0.2 0 0.2 0.3 0.5 0.6 0.8 0.9 1.1 1.3 1.4 1.6 1.7 1.9 2.1 2.2 2.4 2.6 2.7 2.9 3.1 3.2 3.4 3.6 3.8 3.9 4.1 4.3 5.3 7.6 10.6 12.6 8.3 10.3 9.8 13.6 13.2 9.3 8.8 8.5 7.7
-4 -4 -4 -4 -4 -4 -4 -4 -4 -4 -4 -4 -4 -4 -4 -4 -4 -4 -4 -4 -4 -4 -4 -4 -4 -4 -4 -4 -4 -4 -4 -3.9 -3.8 -3.6 -3.4 -3.3 -3.1 -2.9 -2.8 -2.6 -2.4 -2.3 -2.1 -1.9 -1.8 -1.6 -1.4 -1.3 -1.1 -1 -0.8 -0.7 -0.5 -0.4 -0.2 -0.1 0.1 0.2 0.4 0.5 0.7 0.8 1 1.1 1.3 1.5 1.6 1.8 1.9 2.1 2.3 2.5 2.6 2.8 2.9 3.1 3.3 3.5 3.6 3.8 4 4.1 4.2 5.6 7.4 8.7 9.8 7.7 10.5 9.5 9.8 12.7 9.1 8.6 8 7.4
-4 -4 -4 -4 -4 -4 -4 -4 -4 -4 -4 -4 -4 -4 -4 -4 -4 -4 -4 -4 -4 -4 -4 -4 -4 -4 -4 -4 -4 -4 -4 -3.9 -3.7 -3.6 -3.4 -3.2 -3.1 -2.9 -2.7 -2.6 -2.4 -2.2 -2.1 -1.9 -1.7 -1.6 -1.4 -1.2 -1.1 -0.9 -0.7 -0.6 -0.5 -0.3 -0.2 0 0.1 0.3 0.4 0.6 0.7 0.9 1.1 1.2 1.4 1.5 1.7 1.8 2 2.2 2.3 2.5 2.7 2.8 3 3.2 3.3 3.5 3.7 3.8 4 4.2 4.1 5.8 11.1 9.7 9.2 6.5 9.9 9.7 10 13.6 8.9 8.3 7.6 7.1
-4 -4 -4 -4 -4 -4 -4 -4 -4 -4 -4 -4 -4 -4 -4 -4 -4 -4 -4 -4 -4 -4 -4 -4 -4 -4 -4 -4 -4 -4 -4 -3.9 -3.7 -3.6 -3.4 -3.2 -3.1 -2.9 -2.7 -2.6 -2.4 -2.2 -2.1 -1.9 -1.7 -1.6 -1.4 -1.2 -1.1 -0.9 -0.7 -0.6 -0.4 -0.2 -0.1 0.1 0.2 0.3 0.5 0.7 0.8 1 1.1 1.3 1.4 1.6 1.7 1.9 2.1 2.2 2.4 2.6 2.7 2.9 3 3.2 3.4 3.6 3.7 3.9 4.1 4.2 4.1 6.1 11.4 10.6 8.9 6.9 9.9 9.8 14.1 10.5 8.7 8 7.3 6.8
-4 -4 -4 -4 -4 -4 -4 -4 -4 -4 -4 -4 -4 -4 -4 -4 -4 -4 -4 -4 -4 -4 -4 -4 -4 -4 -4 -4 -4 -4 -4 -3.9 -3.7 -3.6 -3.4 -3.2 -3.1 -2.9 -2.7 -2.6 -2.4 -2.2 -2.1 -1.9 -1.7 -1.6 -1.4 -1.2 -1.1 -0.9 -0.7 -0.6 -0.4 -0.2 -0.1 0.1 0.3 0.4 0.6 0.7 0.9 1 1.2 1.3 1.5 1.6 1.8 1.9 2.1 2.3 2.4 2.6 2.8 2.9 3.1 3.3 3.4 3.6 3.8 3.9 4.1 4.3 4.4 6.4 10.3 9.9 8.6 7.5 10 9.1 18 10.6 8.6 7.8 7.1 6.6
-4 -4 -4 -4 -4 -4 -4 -4 -4 -4 -4 -4 -4 -4 -4 -4 -4 -4 -4 -4 -4 -4 -4 -4 -4 -4 -4 -4 -4 -4 -4 -3.9 -3.7 -3.6 -3.4 -3.2 -3.1 -2.9 -2.7 -2.5 -2.4 -2.2 -2 -1.9 -1.7 -1.5 -1.4 -1.2 -1 -0.9 -0.7 -0.5 -0.4 -0.2 0 0.1 0.3 0.5 0.6 0.8 0.9 1.1 1.2 1.4 1.5 1.7 1.9 2 2.2 2.3 2.5 2.7 2.8 3 3.1 3.3 3.5 3.6 3.8 4 4.1 4.3 4.7 6.7 10.8 9.6 9.2 7.5 11.8 10.6 13.4 11.5 8.9 8 7.1 6.4
-4 -4 -4 -4 -4 -4 -4 -4 -4 -4 -4 -4 -4 -4 -4 -4 -4 -4 -4 -4 -4 -4 -4 -4 -4 -4 -4 -4 -4 -4 -4 -3.9 -3.7 -3.5 -3.4 -3.2 -3 -2.9 -2.7 -2.5 -2.4 -2.2 -2 -1.9 -1.7 -1.5 -1.4 -1.2 -1 -0.9 -0.7 -0.5 -0.4 -0.2 0 0.1 0.3 0.5 0.6 0.8 1 1.1 1.3 1.4 1.6 1.7 1.9 2.1 2.2 2.4 2.5 2.7 2.9 3 3.2 3.3 3.5 3.7 3.9 4 4.2 4.2 5 7 11.4 9.7 8.1 7.7 10.2 10.4 11.8 14.6 9 8 7.2 6.4
-4 -4 -4 -4 -4 -4 -4 -4 -4 -4 -4 -4 -4 -4 -4 -4 -4 -4 -4 -4 -4 -4 -4 -4 -4 -4 -4 -4 -4 -4 -4 -3.9 -3.7 -3.5 -3.4 -3.2 -3 -2.9 -2.7 -2.5 -2.4 -2.2 -2 -1.9 -1.7 -1.5 -1.4 -1.2 -1 -0.9 -0.7 -0.5 -0.4 -0.2 0 0.1 0.3 0.5 0.6 0.8 1 1.1 1.3 1.5 1.6 1.8 1.9 2.1 2.3 2.4 2.6 2.8 2.9 3.1 3.2 3.4 3.6 3.7 3.9 4.1 4.2 4.2 5.3 7.2 9.2 9.6 7.9 7.4 10.1 10.4 10.8 9.6 8.6 7.9 7.3 6.7
-4 -4 -4 -4 -4 -4 -4 -4 -4 -4 -4 -4 -4 -4 -4 -4 -4 -4 -4 -4 -4 -4 -4 -4 -4 -4 -4 -4 -4 -4 -4 -3.9 -3.7 -3.5 -3.4 -3.2 -3 -2.9 -2.7 -2.5 -2.4 -2.2 -2 -1.9 -1.7 -1.5 -1.4 -1.2 -1 -0.9 -0.7 -0.5 -0.4 -0.2 0 0.1 0.3 0.5 0.6 0.8 1 1.1 1.3 1.5 1.6 1.8 2 2.1 2.3 2.4 2.6 2.8 2.9 3.1 3.3 3.4 3.6 3.8 3.9 4.1 4.3 4.1 5.3 7.1 10.3 9.4 6.7 7.5 10.3 11.8 10.6 11.1 8.5 7.8 7.6 7
-4 -4 -4 -4 -4 -4 -4 -4 -4 -4 -4 -4 -4 -4 -4 -4 -4 -4 -4 -4 -4 -4 -4 -4 -4 -4 -4 -4 -4 -4 -4 -3.8 -3.7 -3.5 -3.3 -3.2 -3 -2.8 -2.7 -2.5 -2.3 -2.2 -2 -1.8 -1.7 -1.5 -1.3 -1.2 -1 -0.8 -0.7 -0.5 -0.3 -0.2 0 0.2 0.3 0.5 0.7 0.8 1 1.2 1.3 1.5 1.7 1.8 2 2.2 2.3 2.5 2.6 2.8 3 3.1 3.3 3.5 3.6 3.8 4 4.1 4.3 4.1 5.6 7.5 10.6 8.9 7.9 6.4 9.6 10.8 12.6 11.4 8.4 8 7.7 7.4
-4 -4 -4 -4 -4 -4 -4 -4 -4 -4 -4 -4 -4 -4 -4 -4 -4 -4 -4 -4 -4 -4 -4 -4 -4 -4 -4 -4 -4 -4 -4 -3.8 -3.7 -3.5 -3.3 -3.2 -3 -2.8 -2.7 -2.5 -2.3 -2.2 -2 -1.8 -1.7 -1.5 -1.3 -1.2 -1 -0.8 -0.7 -0.5 -0.3 -0.2 0 0.2 0.3 0.5 0.7 0.8 1 1.2 1.3 1.5 1.7 1.8 2 2.2 2.3 2.5 2.7 2.8 3 3.2 3.3 3.5 3.7 3.8 4 4.2 4.3 4.1 5.7 7.9 8.8 9.7 8 7.1 9.6 12.5 13.9 9.7 8.5 8.2 7.9 7.6
-4 -4 -4 -4 -4 -4 -4 -4 -4 -4 -4 -4 -4 -4 -4 -4 -4 -4 -4 -4 -4 -4 -4 -4 -4 -4 -4 -4 -4 -4 -4 -3.8 -3.7 -3.5 -3.3 -3.2 -3 -2.8 -2.7 -2.5 -2.3 -2.2 -2 -1.8 -1.7 -1.5 -1.3 -1.2 -1 -0.8 -0.7 -0.5 -0.3 -0.2 0 0.2 0.3 0.5 0.7 0.8 1 1.2 1.3 1.5 1.7 1.8 2 2.2 2.3 2.5 2.7 2.8 3 3.2 3.3 3.5 3.7 3.8 4 4.2 4.3 4.1 5.8 10.2 8.9 8.3 8.7 7.3 8.9 12.2 14 10.9 8.9 8.5 8.2 7.9
-4 -4 -4 -4 -4 -4 -4 -4 -4 -4 -4 -4 -4 -4 -4 -4 -4 -4 -4 -4 -4 -4 -4 -4 -4 -4 -4 -4 -4 -4 -4 -3.8 -3.7 -3.5 -3.3 -3.2 -3 -2.8 -2.7 -2.5 -2.3 -2.2 -2 -1.8 -1.7 -1.5 -1.3 -1.2 -1 -0.8 -0.7 -0.5 -0.3 -0.2 0 0.2 0.4 0.5 0.7 0.9 1 1.2 1.4 1.5 1.7 1.9 2 2.2 2.4 2.5 2.7 2.9 3 3.2 3.4 3.5 3.7 3.9 4 4.2 4.3 4.1 6 8.7 11.2 9.4 9.2 7.4 9.2 12 12 14.7 9.3 8.7 7.8 7.4
