Assets/StreamingAssets/GeoData/Data/st/ST29.asc
ncols 200
nrows 200
xllcorner 320000
yllcorner 190000
cellsize 50
[rows 72 to 107 of 200, columns 0 to 79 of 200]
163.8 172 175.7 179.5 181.7 183.5 185.9 186.8 186.5 186.2 184.9 183 180.4 175.8 170.4 167.1 164.1 161.2 156.8 152 146 137.9 126.6 111.9 103.5 97.7 110.9 111.4 111.1 110.5 108.9 121.7 144.7 169.2 190.6 209.2 223.7 235.1 240.9 236.2 227.4 213.9 198.1 172.8 172.3 173.1 184.7 199.1 206.3 211.8 218.2 223.1 235.4 257 279.1 277.3 292.4 306.6 321.3 330.4 336 339.9 343.1 345.5 349.6 350.8 349.9 331.8 302.8 269.7 238.6 214.3 210.1 235.9 262.7 291.1 316.4 322.9 322.8 318.7
176.6 178.4 185.9 188.3 190.6 192.2 193.1 193 191.8 190.7 189.6 189 186.5 184.1 180.5 176.6 173 170.2 165.1 159.8 153.7 145.9 135.4 120.9 108.8 101.8 98.5 111.6 111.1 110.8 110.5 114 134.8 158.2 179.5 197.8 213.4 224.5 224.6 218.9 208.9 194 171.1 172.3 170.9 181.1 200.4 217.3 228.8 236.3 241.3 245.1 247.7 250.3 280.8 277.7 284.5 307.4 321.8 331.3 336.9 341.3 345.4 348 351.2 351.9 350.8 331.5 302.9 270.5 240.5 216.6 198.5 226.3 250.6 276.3 304.7 315.8 313.7 307
180.5 193.6 196.4 198.7 201 201.3 200.3 199.5 197.6 194.5 192.8 192.2 191.7 190.6 188.6 186.2 182.9 179 173.3 168.6 162.9 154.6 142.6 131 119.7 113.8 101.5 97.5 109.5 110.9 110.6 108.9 124.7 147.7 168.7 186.7 201.9 208.8 208.5 200.9 190.2 173.8 171.3 171.6 176 196.6 216.5 236.1 250.1 258.3 265 268.4 270.8 273 277.5 278.3 296.7 313.9 324.9 334.5 338.8 343 347.3 350.2 351.9 352 351.7 333.6 304.8 273.2 240.1 217.6 198.1 215.3 239.8 263.8 286.9 300.1 295.1 288.5
197.1 202.4 205.2 207.4 208.3 208.7 208.4 206 203.6 199.8 196.3 195.1 194.4 193.8 194.3 192.8 191.4 187.8 183.1 179 173.4 166 156.2 141.9 131 121.9 113 101.2 96.9 107.3 110.7 110.6 114.9 138.5 157.4 175.6 189 193.4 192.9 184.8 172.5 158 170.9 168.4 188.7 211.8 232.5 254 269.2 281 288.4 292 293.8 294.6 296.8 300.2 310.7 320.9 330 336.5 341.3 345.1 349.1 352.2 352.9 353.4 352.9 333.9 305.6 272.8 241.5 218.5 195.5 205.3 228.7 251.9 271.1 278.5 276 268.6
204.2 208.1 210.8 212.8 213.4 214.7 215.7 213.2 210.1 204.8 200.9 198.7 197.6 197.7 197.5 198.5 199.8 196.9 192.4 188.3 184.4 180.9 174.1 158.6 142.7 130.8 119.4 106.8 101.3 96.7 110 110.4 112.7 130.7 149.1 163.4 174.9 181.2 180.2 171.7 159 153.3 156.1 176.2 198.6 226.7 246.8 268.2 283.5 294.8 302.4 306.2 308.6 311.5 313.2 315.8 321.5 328.3 334.2 338.3 342.5 347.6 351.4 353.4 354.2 354.6 355.2 335.7 305.5 273.3 244.5 215.9 193.8 197.8 217.3 238.2 257.1 263.2 257 247.9
209.2 212.6 214.7 216.3 217.8 219.2 220.6 220.1 216.9 211.5 206.9 204.1 203 202.7 202.1 202.8 204.6 203.3 200.8 198.2 197.3 194.6 187.4 174 153.4 141.7 127.2 113 101.4 100.9 97.2 110.5 112.1 128.5 142.1 152.7 162.5 169.2 165.6 157.3 148.1 143.9 160.6 183.1 213.2 233.7 257.9 276.4 291.5 301.5 308.7 311.6 314.7 317.2 320.3 323.9 328.9 333.2 336.7 340.6 344.9 349.7 352.8 354.4 355.6 356 355.9 340.7 308.9 276.6 245.7 218.2 196.2 185.8 204.7 223.1 237.9 241.8 234.9 225
218.1 221.4 221.6 223.1 223.4 223.9 224.7 224.3 222.2 219.3 215.8 212.2 209.6 207.9 207.3 207.6 208.2 207.7 206.3 205 206 205.6 197.6 183.8 163.7 149.7 136.4 116.4 105.8 100.9 100.7 107.9 110.4 124.1 135.7 143.1 151.1 156.7 153.3 148.2 138 143.2 165.4 190.1 222.2 242.2 263.7 281.1 295.4 304.9 311.8 315.1 318.7 322.1 326 330.3 332.4 335.8 339.5 343.6 347.7 351.3 353.1 354.6 355.3 356.3 355.5 348.2 318.1 286.6 257 229.2 204.8 179.2 189.6 205 215.9 219.4 211.1 201.4
226.8 230.6 232 231.1 230.3 229 228.7 228.5 227.3 224.8 222.5 220.1 217.1 215.1 213.4 213.6 214.2 212 212.1 212.1 212.2 212 207.4 192.7 175 157.5 140.3 121.8 108.4 100.6 100 96.2 108.7 119.5 128.8 136.1 141 142.6 142.4 135.9 131.8 147.5 169.7 200.8 228.2 248.3 267.7 285 296.8 306 312.2 316.9 321.4 326.1 329.6 332.4 334.9 337.8 341.7 345.9 349.7 351.6 353 354.1 354.8 355.4 353.1 345.7 327.1 298.9 272.3 246.8 216.9 189.5 176 186.4 193.1 196.7 190.3 180.5
230.4 233.8 237.6 239.8 238.9 235.7 233.1 232.6 231.1 230.7 228.9 227.2 224 221.5 220.2 219.7 219.8 219.1 217.7 217.5 217.6 217 214.1 203.1 188 167.9 143.5 124.7 110.8 99.9 99.9 99.6 106.8 115.2 121.5 129 133.9 134.9 133.8 125.7 135.2 152.7 174.8 202.6 227.5 250.5 267.9 286.1 295.7 305 310.9 316.7 321.8 326.9 330.4 333 336 339 343 346.9 350.5 351.3 352.5 352.8 352.9 353 347.2 337.7 320.4 300.5 280.6 261.1 236 205.1 178 173.7 176.6 177.6 170.9 187
232.4 236.7 241.3 245.1 247.8 244 239 235.9 234.4 234.1 233.7 233.1 230.8 227.7 225.5 224.7 225.1 223.8 223.7 224.2 223.8 222.3 219.2 212.7 198.4 178.8 150.4 127.2 111.2 99.7 99.4 99.1 95.2 110.1 116 120.3 125.4 128 127.7 122.8 139.4 158.5 178.9 202.3 224.8 246.7 265.3 280.2 293 302.5 309.2 316.5 321.7 325 328.9 332.1 334.9 338.3 342 346.2 349.3 350.9 351.4 351.5 349.8 346.4 338.3 327.4 310.5 291.5 273.4 257.6 238.5 214.2 191.2 168.5 168.9 173.7 194.9 212.5
235.3 239.7 244.2 247.9 250 245.2 240.2 238.3 237.7 236.9 235.8 236.3 235.7 232.8 231.2 230.4 231.2 230.2 229.6 229.3 229.4 227.4 224.6 219.1 206.9 188.2 160 136.7 116.7 101.3 98.8 98.5 93.3 106.8 109.6 114 117.2 121.3 113.9 124.6 144.3 162.2 180.9 199.5 220.1 240.5 258.5 275.1 288.6 298.7 307.6 314.9 320.4 323.4 325.9 329 332.6 335.8 339.5 343.8 347.4 348.9 349.4 347.7 344 337.2 328.7 314.8 297.8 279.8 262.6 244 224.9 206.7 185.1 164.5 171.8 189.8 215 233.5
238.6 243 247.1 249.8 247.4 242 239.7 239.2 239 238.5 237.8 236.9 236.4 235.7 235.1 236.1 234.7 232.1 230.2 229.5 231.4 230.5 227.9 222.2 211.4 194.7 172.8 150.2 129.2 107.8 98.3 97.6 97.2 104.5 106.1 107 110.5 114.9 117.4 132.9 150.5 164.8 180.2 195.1 212.3 232.4 252.1 269.8 283 296.1 305.4 312.8 317.2 320.5 322.3 325.2 328.6 332.5 336.8 341.1 344.1 345.5 344.7 341.4 335.6 326.9 316.2 300.9 283.3 266.1 247.5 230.7 213.4 196.4 174.1 162.6 179.1 204.7 231.8 256
242.3 245.8 249.2 251.8 247.2 241.1 239 238.6 238.4 237.8 236.2 234.5 233.4 232.2 232.7 232.4 228 224.5 221.2 219.5 221 224.3 224.8 220 211.5 195.2 178 161.4 144.2 121.1 100 97 96.1 95.7 101.9 105.7 106.9 114.5 125 138 151.5 163.8 176.9 191.1 205.9 225 247 265 278.1 292.2 302.8 309.8 313.3 315.5 315.7 317.5 322.9 328.8 333.3 336.2 338.4 337.7 334.5 329.9 322 311.5 298.9 282.8 266.8 250.9 233.9 217 199.7 182.8 161.7 165.7 192.8 216.7 247.1 273.5
245.8 249.2 251.4 253.5 250 241.3 238.2 236.3 235 233.7 230.3 227.8 225.3 224 221 218.7 214.6 211.8 209.2 207.6 208.1 211.9 215 211.5 203 188 175.1 163.3 156.8 138.1 111.7 96.2 95.2 93.9 94.3 101 106.5 116.7 127.8 138.7 149.1 160.8 175.4 188 202.3 218.3 237.4 260.3 273.5 288.7 298.2 306 308.9 308.5 307.6 308.8 315 321.2 326.3 329.3 328.7 325.9 320.6 312.7 303.6 292.3 279 264.8 250.1 235.8 219.5 202 186.9 169.4 160.6 179.2 201.3 224.5 254.9 282.9
250.5 252.6 254.4 254.6 247.4 238.9 235.1 232.9 231.3 228 224 219.6 214.2 209.7 205.9 201.8 196.2 192.8 190.2 188.1 189.3 192.9 194.6 195.8 188.1 176.7 168.7 156.9 152.7 141.7 121.9 102.4 95.1 92.8 93.1 98.7 105.1 116.7 127.1 136.7 146.9 157.8 172.9 185.7 198.5 215.5 233.6 254.6 271 284.7 293.8 299.6 301 300.1 295.9 297.6 303.9 310.1 315.5 317 314.5 311 304.5 294.3 283.2 272.2 259 246.8 233.4 219.2 203.5 188.1 172.1 157.8 168.6 178.3 197.2 221.9 252 282
254.6 256.5 256.5 251.7 244.2 239.2 235.2 231.2 228.2 223.4 216.3 207.6 198.1 192.2 186.2 181.2 176.1 171.1 166.8 167.1 165.8 168.3 172.3 174.7 171.3 167.2 160.8 150.8 145.3 137.8 124.8 110.4 95 92.6 92.7 95 104.3 115.6 127.1 136.6 145.2 156.3 170.6 184.1 197.8 215.4 233.6 252.2 268.9 280.9 289.5 292.6 290.7 286.7 282.3 283.6 290.1 296.6 301.1 302.5 300 293.7 284.1 273.2 261.9 250.9 240.1 227.8 214.7 201.3 187.1 173.1 157 167.3 184.1 190.5 190.7 212.7 242.3 271.2
258.5 259.5 257 250.2 245.1 240.7 236.1 231.1 224.7 218.1 207.3 195.3 187.5 185.2 178.3 169.1 158.9 147.5 140.8 141.6 141.8 144.4 150.7 153.7 154.3 152.5 148.7 142.1 138.2 131.4 123.3 111.9 97.4 93.9 90.1 94.4 103.4 113 126.1 136.6 144.1 155.8 170.8 185.9 197.7 214.4 232.8 250.9 265 275.7 281.5 281.2 279.1 272.7 261.6 266.8 273.8 280.3 283.7 283.6 279.2 272 262.6 252.2 240.8 229.6 219.1 207.2 194 181.6 169.4 155.4 165.8 187.5 203.3 206.1 196.8 213.7 232.2 261.5
261.7 262.3 258 251.5 246.4 241.6 237 229.7 221.9 210.4 204.4 209.2 210.1 207.2 202.8 198.1 189.2 180.8 169.3 155.4 142.4 127.3 127.4 135.3 138.3 137.7 136.9 132 126.1 120.9 114.8 108.7 95.3 93.6 89.2 93.4 104.4 114 126.6 136.5 144.9 158.1 174.7 188.4 200.7 216.1 231.8 245.3 257.3 266.3 269.2 267.4 264.4 258.7 245.9 248 255.2 260.8 262.9 261 256.4 249.4 239.8 229.9 219 207.6 196.4 185.2 172.6 160.6 151.5 167.2 189 209.8 223.1 223.9 210.3 219.1 236.9 264.5
266.5 265.9 260.7 253.7 248.5 243 237.3 230.3 218.6 216.1 224.3 227.5 229.5 227.2 223.3 218.8 212.6 203.9 194.2 178.5 161.1 146.4 128.4 122.9 122.8 124.5 124.4 121.9 116.1 111.6 106 102.1 94.8 94.1 89.2 94 104 118.4 128.9 138.9 148.9 164.7 180.5 192.4 205.1 219.4 230.5 238 246.1 252.7 253.4 252.8 249 243.8 230.4 229.7 238.1 241.8 240.1 237.4 233.2 226 216.6 206.6 196.8 185.9 174.9 163.3 151.3 153.9 172.1 192.7 212.4 229.3 244 245 224.1 225 243.1 268.5
270.6 269.3 262.3 255.9 251.3 246.1 241.9 236.2 228 237.3 241.2 244.5 245.3 242.9 240.4 237.3 232.3 224.4 213 195.8 178.1 159.5 143 122.9 120.8 107.8 108.8 109.2 107.1 102.8 99.5 97 94.3 91.7 91.8 97 110.4 122.9 134.1 145.1 156.1 173.5 186.5 198.7 210.7 219.7 226.1 231.3 234.2 236.7 237.9 236.7 233.2 224.8 213.1 210.1 217.9 221.6 219.2 215.5 209.7 202.1 193.4 183.4 174.4 164.5 153.3 143.6 161.6 179.5 198.5 216 235.9 255.4 265.3 260.6 242.3 231.8 246.1 272.5
274.7 271.9 264.8 259.6 256.6 253.7 250.1 241 244.2 254.1 257.4 258.8 259.3 259 256.2 252.8 247.1 239.2 226.4 207.2 185.4 165.7 147.1 126.4 111.8 102.4 100.8 100.5 98.7 97.9 95.7 94.3 93.8 90.7 93.6 103.6 120.5 131 141.7 147.3 168.2 181.5 193.1 204.4 212.1 217.7 222.6 224.2 223.6 222 220.9 218.3 213.9 205 194.8 189.5 195.5 198.5 197 192.2 186.7 178.1 170.8 162 152.1 144.1 155.6 174.3 190.7 207.2 223.1 240.2 260.4 275.8 287 275.8 258.4 242.9 253.1 277
280.3 276.7 269.3 264.1 264.3 264.1 259.4 248.1 255.4 266.2 269.1 270.2 270.6 271.1 271.1 267.2 259.6 249.9 235.5 215.5 190.2 166.8 145.3 124 108 99.9 98.2 97.1 94.7 93.6 93.2 89.6 91.1 92.5 103.1 119.4 127.4 132.3 141.2 166.1 180 189.3 198.7 205.9 210.2 214.6 215.5 211.7 207.7 204.1 200.1 195.3 189.3 182.2 176.3 168.3 172.4 174.1 171.4 166.9 161 153.6 145.6 141.1 150.7 166.9 183.3 198.4 215.3 232.2 249.1 264.4 282.9 299.6 308.6 298 277 264.6 266.1 285.5
286.2 283.2 275 270.1 272.4 274.9 273.9 257.7 264.8 275.8 278.4 279.9 280.3 281.3 282.4 280.4 273.3 259.1 239.3 216.9 189.3 161.5 136.3 110.4 99.6 96.5 96.5 94.8 93.6 92.8 91.6 91 91.9 101.6 116.7 119.5 123.4 136.5 168.4 181 188.3 195.1 200.9 204.4 208.2 207.2 199 192.1 187.9 183.9 179.9 175.4 165.7 157.3 153.1 146.8 147.6 148.1 143.9 139.9 135 137.8 149.2 165.7 178.9 193 207.6 222.5 239.2 257.3 272 292.4 308 319.5 327.4 319.7 297.8 287.8 283.6 301
292.6 289.3 283.4 279.5 280.5 283.5 278.8 262.3 275.6 282.9 285.3 287 287.9 288.9 289 287.7 283.6 263.8 240.4 215.1 184.6 152 121.8 100 94.1 93.2 92.7 93.7 92.7 91.8 89.1 91.1 102.4 116 117.1 119 138.6 172.2 182.6 186.5 191 195.2 198.5 201.5 200.4 191.7 182.2 173.9 170.8 170.1 165.2 150.1 137.3 131 129 128.2 129.1 134.5 139.4 147.5 157.2 166.3 180.9 192.7 204.9 218.3 232.3 249 265.4 281.7 300.4 315.9 329.9 341.5 346.6 340.9 323.5 313.2 310.1 324.5
298.1 294.3 288.5 286.1 285.8 285.8 273.2 276.8 284.2 287.6 290.1 292.1 293.3 294.2 294.5 293.9 291.1 268.1 242.2 212.2 181.4 149.7 117.3 96.9 91.5 89.9 86.6 88.5 91.4 91.7 97.3 104.2 117.7 133 133.6 150.9 170.8 178 181.5 185.4 186.5 190.1 189.7 191.6 181.8 173.2 165.3 160.5 155.5 148.1 135.6 126.4 124.3 133.3 142.1 149.1 157.5 164.6 172.4 180.7 188.9 198.8 208.9 219.3 232 247.6 263.7 273.5 291.2 308.4 323.4 338.4 352.6 363.3 365.7 362 351 334.5 335.5 348.5
301.5 296.9 292 289.4 287.4 284 283.3 286 289.4 291.6 293.4 295.2 297.1 297.8 298.8 299.1 296.7 272.8 243.3 211.7 178.9 147.4 115.2 93.4 85.3 89.7 93.4 89.1 90.6 99.7 106.3 115.3 130.1 142.2 151.4 158.1 164.4 169.6 173.4 176.4 180.6 177.8 173.3 166.9 160.6 154.1 147.9 140.1 130.8 122.7 122.6 135.9 153.1 161.9 170.9 179.4 186.4 194.5 201.5 209.2 217.4 225.8 235.7 247.1 261 275.7 287.5 303.1 319.5 333.9 347.8 361.6 369.9 374.6 376 373.7 370.5 361.2 363 368.8
304.2 298.7 293.8 290.9 288.2 287.3 288.1 289.6 292 294.1 296 298 299.1 300.5 302.2 302.7 299.4 274.7 245.7 215.7 180.7 147.7 115.2 91.6 90 90.9 90.5 89.5 92.7 101 107.2 115.4 130 137.9 145.8 151.5 155.4 159.3 164.5 164.6 162.5 157.8 150.3 145.2 139.9 133.4 125.8 118.3 119.1 135.5 151 167 180.4 193.2 202.1 208.7 214.7 222 230.8 238.5 246.4 254.9 264.3 275.9 287.5 300.8 315.4 329.5 345.1 359.3 367.3 375.5 378.5 380.1 380.6 379.9 377.8 375.8 376.6 379.6
304.5 299 294.7 291.3 290.3 290.5 291.1 293.1 295.2 297 298.6 300.6 301.6 302.6 303.9 305.1 301.2 278.3 251.6 221.8 185.7 152.3 119.9 93.4 90 90.8 91.2 90.7 93.8 99.9 105.4 109.4 118.1 124.3 130.2 136.3 140.7 143 143.7 142.1 139.8 135.2 132.1 126.5 119.5 113.5 117.2 130.7 150.1 166.3 181.3 196.7 209.7 219.8 229.1 236.9 242.8 251.7 259 267.5 276 283.7 292.6 303.2 316.2 330 343.6 356.7 364 371.5 375.5 379.6 381.7 383.1 383.3 382.2 380.1 380.7 381.2 383.5
303.1 298.7 295.3 293.5 293 293.6 294.8 297.5 299.4 300.9 302 303.4 304.1 305 306 306.6 302.6 280.3 254.6 225.9 188.9 155.1 124.9 96.7 88.5 91.4 91.2 91 92.5 98.6 103.3 107.1 110.3 114.9 119.1 121.4 124.6 126.6 128.8 128.1 123.2 117.7 111.3 110.4 114.3 128.3 145.9 160.1 177.2 194.4 210.1 222.5 233.4 244.9 255.2 263.3 270.5 277.9 286.6 295.8 304 313.5 323.1 333.2 345.6 356.7 362.6 367.8 371.8 375.5 378.8 381.5 383.4 383.9 384 383 380.5 382.5 383.8 386.3
301.9 299.1 296.8 296.5 296.5 298 300.6 302.9 304.3 305.2 304.6 305.2 306.8 308.5 309.5 308.1 301.9 279.3 253.1 224.4 190 157.9 129 100.8 89.8 91.8 91.1 91.3 91.6 96.5 101.1 104.1 106.1 109.2 110.6 111.8 112 113.3 115.4 113.8 105.9 107.4 118.5 130.6 144.9 156.8 170.3 187.2 203.3 219 233.1 245.4 256.8 266.8 279.1 290.1 298.7 307 314.6 323.6 333.1 342.8 350.2 355.7 362.2 365.8 368.4 371.2 374.3 377.1 379.2 380.8 381.4 381.8 382 381.1 378.6 380.9 383 386.2
301.7 298.4 300.2 300.4 301.2 303 305.7 307.3 308.8 309.5 309.5 309.4 310.5 311.6 311.9 309.4 301.5 278.5 251.2 222.3 189.6 158.4 131.3 103.1 90.4 83.7 90.8 91.1 91.2 93.5 98.3 101 101.3 100.1 99.5 99.8 102 102.2 107.4 116.8 127.6 137.6 150.3 160.3 171 183.5 198.2 213.1 227.2 242.3 256.1 268.3 280.1 293.4 305.3 316.8 326.3 334 340.3 345.3 351.1 355.6 359.6 362.8 366.2 368.5 370.7 372.8 374.2 375.9 377.4 377.5 377 377.5 377.8 377.5 375.9 377.3 380.1 384.4
301.6 301.7 303.6 304.6 305.4 307.8 308.7 310.6 312 313.1 313.5 313.6 314.1 314.3 313.9 311 301.8 277 249.2 220 189.8 159.7 132.9 105.5 90.4 89.8 88.6 90.3 90.9 92.3 97.5 100.1 101.9 104.1 113.8 117.9 122.6 133.9 141.8 151.2 159.4 167.4 175.8 186.6 197.8 210.3 224.5 238.3 252.3 265.2 279 293.9 307.7 318.9 328.5 336.4 342.4 347.2 350.8 354.7 357.4 359.6 362.2 364.8 367.3 369.2 370.7 371.5 371.7 372 371.6 370.9 370.6 372 372 370.4 368.7 372.6 377 382
302.9 303.1 305.5 308 308.7 309.4 310.3 311.8 313.7 314.8 315.7 316.1 316 316.1 315.1 311.1 302.2 277.2 247.9 219.5 190.1 160.7 134.1 107.9 89.7 89.6 83.5 92.9 93.2 93 96.5 106 115.6 127.8 132.9 142.2 153.7 162 170.8 179.7 187.5 196.6 205.7 214.3 224.9 238 250.8 263.7 275.9 290.3 304.5 316.5 325.8 334 339 344 347.3 350.4 353.8 356.6 359.1 361.6 363.3 364.9 366.2 367.2 367.7 367.8 366.5 364.4 361.1 359.5 361.4 362.1 362 361.8 363 368.1 374.7 380.1
304.8 305.5 306.7 308.2 306.6 306.7 308.3 309.8 310.9 313.7 315.8 317.2 317.8 317.8 316.4 310.7 302.5 279.2 252 223.1 192.3 163.2 136.2 110 89.4 89.4 82.5 93.4 93.4 93.4 95.4 107.9 117.6 131.1 140.2 155.4 174.3 187.1 195.9 205.8 214.6 224.2 233.9 244.9 255.3 265.8 276.7 288.4 301 313.8 322.7 330.3 335.5 340.2 343.8 346.6 348.7 351.2 353.5 356.1 357.9 359.9 361 362.1 362.9 362.9 362.1 360.3 353.5 347.6 343.1 342 345.2 347.6 349.1 350.4 354.1 363.7 372.7 379
309 308.9 308.1 308.7 305.5 303.8 304.8 304.9 305.5 309.2 312 314.3 317.1 318.1 316.8 312.2 303.2 282.4 255.2 227.9 197.2 166 138.6 112.4 88.8 89.5 89.4 87.3 93.1 93.4 94.9 101.2 115.2 126.7 146.9 169.2 188.8 208 219.9 230.4 240.8 250.5 260.6 270.4 280.5 292.1 302.5 313.3 321.3 327.8 332.2 336.5 339.6 341.9 344.1 346.2 347.7 348.9 350 352.6 354.5 354.8 355.3 356.2 356.5 354.4 350.5 342.8 333.3 327.9 323.5 322.8 323.9 325 328.4 333 343 362.2 372.6 378.3
313.4 313.1 313.2 311.8 307.8 302.1 298.2 296.3 296.9 300.1 303.8 309.7 313.6 316.6 316.3 314.1 304.8 286.1 260.5 234.1 203.4 170.4 142.6 115.2 89 88.2 88.4 84.7 90.4 93.2 93.9 95.5 107.7 122.9 147.7 173.7 196.2 221.1 243.2 255.1 264.3 272.6 284.4 294.8 305.5 314.5 321 327.7 332.2 334.3 337.1 339.4 340.4 340.1 341 342.3 343.2 343.2 343.5 344.3 345.4 345.2 344.9 345.5 345.2 340.5 332.9 324 312.7 302.8 297.7 293.1 293 296.9 311.3 326.4 346.1 363.4 373.9 378.9
