Assets/StreamingAssets/GeoData/Data/st/ST30.asc
ncols 200
nrows 200
xllcorner 330000
yllcorner 100000
cellsize 50
[rows 108 to 143 of 200, columns 0 to 81 of 200]
133 127.9 122.9 114.9 108.7 104.2 97.1 92.6 86.9 81.2 76.6 76.9 80.6 86.4 91.5 97.4 102.3 107.5 112.2 117 120.8 123.3 129 131.7 135.3 138.6 142.1 145.1 147.2 150.6 152.5 155 158.3 160.5 162.5 163.7 165.1 164.9 162.2 157.5 151.8 146.2 142.7 139.5 136.5 133.9 130.7 127.2 123.8 119.2 115.5 112.5 110 107.1 103.2 101.3 98.7 97.1 94.9 91.8 88 84.1 79.3 74.7 71 67.4 66.3 65.8 65.1 64.3 61.8 58.9 54.5 53.6 54 54 56 55.7 55.9 62.6 67.9 67.7
133.1 128.3 122.1 113.9 107.3 100.1 94.1 89 84 80.8 76.6 74.3 80.7 87.5 92.7 97.9 102.5 107.5 110.5 116.3 119.1 123.1 126.3 129.7 132.5 136.5 139.8 142.1 145 147.5 151.4 153.4 156.5 158.9 161 162.7 164.4 163.8 162.2 158.1 152.1 144 143.2 139.8 136.7 134.4 130.5 127.5 124.1 118.9 115.2 112.5 109.9 107 104.2 102 98.7 95.8 92.4 89.9 86.3 83.4 78.1 75.1 70.5 67.4 64.3 62.3 60.7 61.3 59.5 54.3 53.6 53.9 53.3 53.2 55.3 55.7 64.6 67.6 67.8 67.7
132.9 127.5 121.6 113.6 108 104.7 101.4 94.9 88 83.1 75.4 74.5 80.9 87.3 92.4 96.4 102.6 105.2 110.7 114.8 119.1 120.7 124 127.7 130.6 134.1 136.9 139.3 142.6 145.8 148.9 152.1 154.6 156.5 159.1 161.4 163.3 163 160.6 156 150 145.7 142.4 139.7 136.4 133.5 129.7 126.2 122.9 118.9 114.9 111.7 109.1 106.7 104.4 101.1 98.8 95.7 92.3 88.6 85.3 81.5 78.1 75.1 71.6 68.1 65.9 63.1 60.9 58.5 57 54.1 53.4 53.6 53.1 55.1 58.3 61.6 63.8 67.6 67.8 67.4
134 129.4 123.2 118.6 115.4 110.4 103.7 96.8 90.1 82.8 74.3 74.3 79.5 87.1 91.5 96 101.7 106.7 110 113.8 115.8 119.5 122.2 125.5 128.7 131 134.4 136.3 138.6 143.4 147.4 150.2 152.5 155 157.4 160.5 161.5 161.1 157.9 153.4 147.8 144.5 141.8 138.8 135.8 132.7 128.7 126.1 122.3 117.8 114.4 111.9 108.8 106.4 102.7 100.9 98 95.1 92.2 88.6 86.1 82.9 79.7 76.2 72.6 69.6 66.9 64.4 61.9 59.1 57.1 54.7 53.3 53.8 56.6 57.9 60.9 60.6 64.8 66.1 67.5 67.2
135.7 133 128.4 122.6 116 107.8 101.1 95.4 89.1 83.7 76 75.4 79 85.6 91.2 97.1 101.4 106.6 108.4 111 114.4 116.4 120.4 122.8 125.5 128.5 131.5 133.4 136.6 141.2 145.1 148.5 152 154.8 157 159.6 160.1 159.1 154.1 150.5 145.2 142.5 140.1 137.4 134.2 130.9 127.5 123.9 120.5 117.1 113.1 110.4 107.7 105.5 102.5 100.1 97.1 94.3 91.6 89 86 83.3 80.1 76.9 73.3 70.5 67.8 65.5 62 59.2 56.4 54.5 53.6 53.7 55.5 58.7 61.7 62.7 66.3 67 68.3 67.6
137.5 133.5 129 122 113 104.2 96.2 90.6 85.5 80.5 76 72.7 78.2 84.8 91.8 96.1 101.3 104.4 107.3 108.9 111.3 115.1 117.7 120.7 123.8 126.2 128.7 132.2 135.8 140.9 145.2 148.9 151.6 154.7 155.3 154.9 157.9 157 152 147.8 143.2 140 137.9 135.4 132.4 129.3 125.7 122.9 119.8 116.3 112.4 109.7 107.4 104.7 102 99.1 96.5 93.5 91.2 88.9 86.2 82.8 80 77.6 75.1 72.5 69 65.5 62.6 59.5 55.9 53.8 54.7 55.6 55.4 57.3 60.8 55.2 54.1 65.6 65.8 67.3
137.3 133.9 129.5 119.6 114 107.7 102.6 97.5 90.2 83.8 78.4 70.5 77.7 85.3 90.7 95.1 99.7 102.6 105.4 105.4 109.8 112.8 115.8 118.8 121.1 124 127.9 131.2 135.7 140.5 144.5 147.7 151.2 154.1 155.4 157.5 155.8 153.5 149.1 144.7 141 138.1 135.5 133.2 130.3 127.3 124.3 121.2 117.9 114.9 111.8 109 105.6 103.5 101.2 98.8 96.1 93.2 90.7 88.1 85.9 82.8 79.7 77 75.1 72.2 69.1 65.1 62.4 58.6 55.5 54.3 54.5 53.8 55.5 57 60.3 54.1 54.1 54.1 59.4 63.8
139 135.5 131.2 125.2 118.6 113.2 106.8 98.5 90.7 83.9 77 69.6 76.3 82.1 88.1 93.2 97.3 98.2 98.8 101.6 105.7 109.4 112.5 115.8 119.4 123.5 126.7 130.5 134.6 139.3 143.4 146.9 150.2 153.1 151.6 156.7 153 150.9 145.8 141.2 138.6 137 133.8 131 128.3 125.5 122.5 119.7 116.8 113.3 110.5 107.2 104.6 102.2 99.9 97.4 94.8 92.5 89.7 87 84.6 81.6 79.1 75.7 72.9 69.9 65.7 62.6 59.8 56.7 54.2 53.2 53.7 53.6 54.2 55.9 58.5 56.8 57.2 56.9 58.9 62.3
139.1 135.4 129 124.8 116.6 107.8 102.6 96 87.9 82.4 79.5 73.1 74.7 78.6 85.8 90.9 91.2 91.7 92.1 95.8 100.2 103.7 109.5 112.5 118.4 122.1 125.1 129.4 133.9 138.5 142.6 145.7 148.5 152 152.4 155.5 152.8 147 142.5 139.4 137.1 134.9 131.8 128.7 126 123.4 120.4 117.6 114.9 112.4 109.1 106.3 103.3 101.4 99.5 96.1 93.5 91 88.8 85.8 83.2 80.3 78.2 75.5 71.9 69.5 66 63.2 60.3 57.4 54.2 53.2 53.2 53.2 56 57.8 59.1 57.3 56.7 61.6 65.4 67.3
139.8 134.8 130.4 124.7 113.1 106 98.8 94.6 93.2 90.9 83.9 76.7 70 74.7 81.6 86.5 86.9 85.5 86.6 91.2 94.9 98.2 107.5 113.5 117.8 121.2 124.7 128.3 131.9 136.7 141.1 144.3 146.9 149.1 150.1 151.9 155.7 144 139.7 137.7 135.1 132.5 129.7 126.7 123.7 121.5 118.3 115.7 113.1 110 107.3 104.7 102.2 100.6 98.4 94.4 90.9 90 87.7 84.5 82.1 78.8 76.2 74.4 71.7 69.1 67.5 65.2 62.4 58.1 53.9 53.3 52.4 51.7 55.2 59.4 61.8 54.3 52.7 65.3 70 71.3
140.2 135.5 130.1 125.7 122.2 115.4 106.6 105.1 100.7 92.5 86 80.2 72.4 68.8 74.3 79.7 79.9 79.2 83.5 87.7 92.8 98.7 106.8 112.1 117.3 119.4 123.8 127.3 130.9 135.3 139.5 142.7 145.4 147 148.9 150.3 155.8 150.5 138.3 136.1 133.2 130.6 127.4 124.5 121.6 119.5 116.2 113.8 112 109.1 106.1 103.8 100.9 98.6 96 91.4 91.2 88.9 86.3 83.8 81.3 77.9 74.4 72.3 70.6 68.8 66.8 65.8 61.8 58 54.3 51.9 52.9 51.9 56.3 59.4 61.8 54.7 60.8 70.4 71.7 73.2
142 137.5 133.8 129.6 125.3 118.5 112.5 106.1 99.7 93.8 88 81.7 75.6 69.2 68.2 71.9 76.1 82.7 87.4 90.7 97.3 101.6 107.2 111.3 115 119 122.5 126.8 130.6 134.3 137.8 141.1 144 146 147.2 148.8 153.6 144.3 136.2 134.3 131.8 128.7 125.9 123 119.9 118 114.8 112.7 110.4 107.1 105 102.5 99.9 97.5 95.4 92.5 90.1 86.5 83.7 81.4 78.8 76.3 73.4 70.8 69.2 67.8 65.6 64.6 61.3 58.2 53.2 52.8 52.4 51.5 55.3 59.6 62.5 64.8 69.5 72.6 74.3 74.7
143.6 139.7 136 131.3 126.6 120.2 114.4 107.1 102.2 98.4 93.8 88.9 81.6 71.9 67.9 70.1 77.7 84.4 87.8 92 97.9 102.2 105.4 110.3 114.4 118 121.3 125.5 129.3 132.5 135.7 139 142 144.7 145.6 146.8 147.8 139.2 133.5 132 129.5 127.3 123.6 121.3 118.6 115.8 113.6 111.5 109.2 105.9 103.6 100.9 98.1 96.6 94.5 92.3 89.5 85.8 83.2 80.6 76.9 72.5 69.6 66.8 64.8 65.4 63 61.3 59.2 56 53.1 51.8 51.6 52.5 55.8 60.8 64.1 68.8 72.4 74.8 75.8 76
145 139.8 136.4 131.4 127.3 122.1 116.6 111.6 106.1 101.7 96.2 91.7 84.2 77.5 69.6 68.5 71.7 77.5 84.6 91.4 97.3 100.6 103.7 109.3 113 116.6 120.5 124.5 127.6 130.6 134.8 137.6 140.7 143 144.1 145.5 144.8 132.7 131.4 130.5 127.6 124.8 122.2 119.7 117.9 114.8 112.1 110.4 108.3 105.2 103 100.4 98.5 95.6 93.5 91.1 88.7 86 83.8 81.5 77.7 74.1 71.6 67.8 64.6 61.4 59.3 57.4 56 54 52.4 51 51.5 52.5 58.9 63.4 67.1 71.6 74.5 75.9 76.4 77.5
145.6 140.7 135.2 131.4 126.9 122.7 116 109.3 103.7 99.2 94.3 90.4 83.8 77.9 70.9 68.4 68.3 73.2 80.2 87.6 92.6 96.4 100.9 105 111.7 114.9 119 122.4 125.9 129.1 132.8 136.4 139 141.2 142.1 143.7 142.9 131.8 129.9 128.5 126.2 123.2 120.6 118.6 115.9 113.5 111.6 109.2 106.3 104.3 102.4 100 97.4 95.4 92.5 90.1 87.8 84.4 81.6 79 75.9 73.5 70.9 68.4 65.8 64 63 58.1 54.5 53.7 51.9 52.1 51.3 54.4 64.8 68.3 71.4 73.6 75.4 76.4 77.6 79.8
146 140 136.5 132.4 126.9 120.9 113.5 106.2 100.8 95.7 91 86.8 81.3 76.2 72.7 70.3 67.1 70 77 83.3 88.9 94.9 99 104 109.7 113.5 117.1 120.8 123.8 127.3 131 134.8 137.8 139.7 140.7 143 138.8 130.7 128.2 126.9 124.9 122 119.1 117.4 115 112.6 110.5 108.5 105.3 103.1 101.5 99.1 97 95.1 92.9 90.8 87.9 85.6 83.5 81.2 77.8 75 72.2 70.1 67.6 65 63 59.1 56.3 53.7 51.4 51.3 50.3 63.6 66.1 69.5 72.4 75.1 76.1 76.6 78.2 80.6
145.7 139.4 136.3 131.7 124.9 115.7 109.1 104.9 100.4 94.8 88.7 84.8 82.9 82 77.9 73.5 68.8 69.2 74.8 80.1 87.3 92.7 97.5 101.3 106.2 112.2 115.7 118.3 122.3 126.7 129.6 132.8 135.8 138.1 138.7 141.2 137.4 129.1 126.6 124.7 123.1 120.4 118.2 115.3 113.7 111.4 109.3 107.1 104.9 102.7 100.2 98.1 95.5 93.3 91.5 90.1 87.3 85 82.9 80.1 76.7 74.2 71.7 69.3 66.5 63.9 61.4 54.3 55.6 53.2 51.3 50.3 51.3 64.5 66.6 70.2 72.7 74.6 75.8 78.3 81.2 83.9
147.7 140.1 134.7 130.3 123.8 118.3 112.1 106.5 100.5 93.9 89.4 89.9 89 85.4 80.5 75.2 70.3 65.6 72.6 76.7 84.9 89.7 96.2 100.7 104.2 110.8 114.5 117.2 121.1 123.9 126.9 131.6 133.3 136 137.1 137.8 136.7 128.2 125.4 123.1 120.8 119.2 116.4 114.2 112.2 110.1 108.4 106.2 104.3 101.8 99.1 96.5 94.5 91.8 90.2 89.2 86.7 83.4 80.9 78.4 75.2 71.7 68.3 66.6 64.8 62.4 59.5 58.3 54.5 52.2 50.4 51.6 58 65 66.9 69.4 71.4 73.6 76.1 79.5 83 85.9
148.5 141.3 134.5 129.1 124.8 120 114.8 108.5 104.2 99.4 96.7 95.9 90 83.7 78.2 72.7 70.3 66.3 70.9 75.7 81.3 87.6 95 98.8 103.4 109.1 112.3 116.2 119.4 122.6 126.8 128.9 131.6 132.6 135 135.2 133.5 127.5 124.6 122 119.1 116.5 114.9 113.2 111.5 108.8 106.2 104.9 102.4 100.4 98.2 95.6 93.5 91.4 88.5 88.3 85.7 82.8 80.1 77.6 74.7 70.8 66.7 62.9 61.3 59.8 54.2 57.6 52.6 50 50.8 50.4 60.1 64.5 66.1 67.1 68.7 72.3 75.5 80.4 84 86.1
149.1 142.1 135.1 130 125.2 120.8 114.3 108.5 104.5 104.2 98.3 93.9 86.7 82.4 80.4 80.3 76.8 71.7 66.6 72.2 78.1 85.4 91.9 95.3 102.4 106.7 111.1 115.1 118.2 121.3 124.1 127.6 129.6 131.8 133.1 132.7 130.5 127.9 124.6 120.8 117.3 115.5 113.5 111.5 109.9 107.8 105.4 103.6 101 98.2 96.6 93.9 91.1 88.7 85.8 85.9 84.8 82.3 80.2 78.2 75.6 72.4 68.8 64.4 58.9 55.6 55.6 49.1 50.1 51.6 51.2 57.5 56.5 60.5 61.8 65 69.6 75 75.1 78.1 82.4 85.6
148.8 142.6 136.5 132.1 126 121.2 114.3 111 108.4 104.4 97.9 92.5 88.4 87.3 87.6 85.3 82 76.7 65.5 66.7 74.3 80.7 87.2 92.9 98 104.6 107.3 112.6 116.8 119.8 123.2 125.3 128.4 129.6 130.9 131 129.5 126.4 123.7 119.7 115.9 114.3 111.9 109.8 108.2 105.9 103.5 101.5 99.4 97.6 94.5 92.6 89.1 85.8 84.7 84.8 82.8 80.8 78.7 77.3 74 71 67.6 62.3 56.3 54.2 53.8 49.1 49.9 49.6 50.1 59.6 62.5 62.6 63 67.8 72.3 74.6 79.8 82 84.1 86.5
149 142.3 137.8 131.5 126.5 121.7 115.2 113.3 110 106 100.4 95.9 93.1 93.6 91.8 89.1 86.3 81.4 71.5 64.3 69.4 75.8 82.8 89.5 95.1 100.1 103.5 110 114.8 117.6 119.9 123.1 126.1 128 129.5 128.9 127.4 124.3 120.6 117.1 114.4 112.9 110.5 107.9 104.7 103.7 101.6 98.7 97.2 95.3 93.4 90.5 87.4 85 81.4 82 80.5 78.8 77.6 74.8 71.8 69 65.7 61 55.5 53.8 53 50.6 50.7 49.4 50.5 55.7 62.8 65.1 67.1 69.9 73.2 76.5 80.4 83.3 85.5 86.8
149.1 143 137.3 131.8 126.5 122.9 118.3 114.7 111.3 106.9 103.5 100.7 99 97.5 95.2 92 88.6 83.7 76.2 67.9 64.8 71.8 79.1 86.7 91.7 97.1 100.6 104.3 109 113.3 116.3 120.7 124.3 126.5 127.6 126.7 125.1 122.2 118.7 115.5 112.7 111.2 109.5 106.3 101.9 101.8 100.4 97.7 94.9 92.7 91.2 89.3 86.2 84.2 81.2 79.4 77.9 76.3 75.3 73.7 70.4 66.5 63.3 59 55.1 54.1 51.8 50.5 50.5 49.9 48.7 56.1 62.7 66.7 68.7 71.4 73.9 77.7 80.1 81 84.3 83.5
148.7 142.8 137.6 131.9 127.1 123.4 119.6 115.3 112.9 108.9 106.7 104.2 101.7 99.7 96.7 93.8 89.8 85.3 78.8 70.1 63 68.2 75.2 82 88.8 94.8 98.3 99.6 103.8 107.5 111.2 117.5 120.7 123.7 125.5 125.1 123.3 118.9 116.7 113.8 111.4 109.2 107.7 104.6 100 100.5 99.1 97.2 94.2 91.2 88.3 86.6 84.1 82.3 78.6 76 73.4 73.4 73.2 71.7 69.2 65.4 60.9 58.3 55.7 54.5 52 50 50.2 49.1 50.7 56.1 63.4 66.9 69.5 71.9 74.7 76 76.1 77 77.1 83.4
149.2 142.9 137.5 132.4 127.4 122.8 119.9 116.6 113.2 111.2 107.8 105 102.3 98.8 95.7 91.6 87.7 82.5 76.3 69.2 64.2 68.2 72.4 78.8 86.1 90.2 92.2 95.1 97.1 102.6 108 113.7 118.4 121.3 122.4 121.8 121 118.6 115.9 112.4 109.4 107.9 106.4 103.3 97.7 97.9 96.4 95.1 93.3 90.8 87.9 84.8 81.7 79.6 77.1 73.3 70.6 68.9 69.1 69 67.6 64 59.4 55.3 54.1 53.3 50.2 48.9 48.2 49 55.7 60 63.7 66.5 69.5 70.7 73.1 72.8 74.5 79.3 82.7 85.8
148.9 142.6 136.8 132.4 127 123.6 120 117.2 114.6 111.6 108 105.1 101.8 94.7 91 86.5 81.1 77.1 72.5 70.8 67.5 63.2 67.7 74.2 82.5 83.8 85.8 89.6 94.3 99.7 104.9 110 114.4 118.1 119.2 121.2 118.5 117.1 113.1 110.4 108 106.4 104 101.8 97.9 93.7 90.8 92 91.5 89.2 86.6 83.8 80.7 77.9 74 71.6 68.6 66 64.7 64.7 64.5 61.5 57 54 51.9 51.9 50 48.9 50.1 51.3 55.9 59.3 63 65.2 67.1 67.2 68.2 70.8 75.5 79.3 81.7 83.1
149 143.1 137.1 132 127.6 123.9 120.3 117.6 114.6 112.3 109.1 105 100.4 94.3 90.9 87.9 84.3 80.4 78.4 78.4 71.4 62.1 64 69.5 75.5 76.9 78.9 84.3 91.7 97.5 103.5 107.1 110.6 113.9 114.6 114 116.5 112.7 110.5 108.3 106.6 104.1 102.6 100.2 96.3 91 86.7 88.9 89.3 87.7 85.4 82.9 80.8 78.1 74.3 71.2 68 64.3 61.6 59.9 59.8 58.2 54.5 52.7 50.5 50 49.8 48.7 49.8 51.7 54.5 57.3 60.3 61.8 61.7 63.2 66.8 69.6 71.7 73.1 74.5 78.2
151.1 143.3 136.5 132.3 127 123.2 119.9 117 114.4 111.4 109 105.5 101.5 99.8 95.3 93.3 89.9 87.7 85.9 82.3 73.9 64.3 60.4 64.3 68.3 69.6 72.8 81.2 89.8 95.1 101.4 104.6 105.8 108.9 109 110 111.5 109.3 108 106.3 104 102.4 99.6 97.7 94.9 89.5 85.3 86.6 87.2 85.8 83.7 81.7 79.4 76.6 74.3 71.8 70.8 67.8 66 61.5 57.7 54.5 53.2 51.3 49.7 49.7 49.6 48.7 49 51.1 52.5 54.6 56.4 58.7 58.9 62.4 63.3 64.8 66.6 67.8 68 71.1
156.3 144.2 137.7 132.4 127.2 123.3 120.1 117.7 114.5 112.3 109.7 106.5 104.4 102.4 98.2 95.8 92.8 90.2 86.9 83.8 78.1 67.5 61.5 61.1 63.1 66.5 73.5 78.1 85.5 92.4 97.9 101.1 102.5 104.7 105 106.2 107.2 106.3 105.7 104.6 101.8 100.4 97.5 95.2 92.8 88 83.6 84.6 85 83.6 81.5 79.7 77.8 75.1 73.5 73 72.3 71.2 68.1 62.1 57.6 53.7 52.2 50.7 49.2 49.7 47.9 49.1 50.2 50.6 52.1 53.3 54.4 55.5 56.7 57.8 61 63.1 65.4 68.3 71.2 72.9
160.3 145.9 138.3 132.9 127.7 123.7 119.8 117.1 115.4 111.7 109.7 107.3 103.9 102.2 97.1 91.7 88.8 85.6 84.2 81.1 77.1 71.8 63.2 60.7 60.8 64.5 70.4 75.1 81.7 89.4 94 97.2 100 100.5 100.3 102.8 104.6 105.2 104 101.7 99.8 98.1 96 93.4 90.5 84.6 81.2 82.4 82.5 81.1 79.3 77.6 76.3 73.4 71.4 71.4 71.4 69.2 65 57.5 53.3 52.4 50.9 49.4 47.9 49.6 47.9 47.9 51.9 52.3 53.9 55.5 57.7 58.3 58.9 59.6 61.9 65.8 70.1 72.7 76.4 80.1
162.9 148.1 138.4 132.8 128.3 124.4 120.4 117.1 115.6 112.5 108.9 105.9 102.6 97.6 90.8 84.8 82.1 77.4 75.7 74.9 72.4 68.7 64.3 60 59.3 59.9 65 71.2 78.3 84.2 90 91.9 94.7 95 95 98.3 102.6 102.9 101.6 99.8 98 96.1 93.9 91.5 88.6 83.4 77.1 78 79.8 78.9 76.6 74.3 73.5 70.2 68 68.7 68 64.8 58.7 54.3 51.7 50.1 49.1 48.7 48.4 47.9 49 50.6 53.6 54.9 56.7 59.7 61.8 62.5 61.2 62.1 62.4 66.6 71.4 76.7 81.2 83.6
164 151.7 139.7 133.5 128.7 124.7 120.8 117.4 115.1 112.7 109.1 103.4 100.5 97.6 94.8 91.8 87 80.9 77 73.6 69.4 69 66.7 63.3 58.3 59 62 66.5 72.4 77.3 84.2 86.7 88.4 88.8 91.8 97.8 99.7 100.3 99.2 96.9 95.8 93.5 91.6 89.2 86.8 82.3 76 73.8 76.9 76.8 74.3 70.4 69.5 67.8 65 64.3 63.1 59.6 54.7 51.9 49.4 48 48.5 48.9 47.4 47.7 50.9 54.4 56 58.1 60.8 62.9 65.2 66.3 66 65.1 63.6 66.5 71.3 77.9 84.7 86.9
163.3 154.8 141.5 133.9 129.3 124.9 120.9 118.3 115.7 113.2 110.4 106.9 104.6 101.3 96.9 91.5 88.4 85.7 81.8 77.5 74.3 75.1 71.1 65.3 60.2 58.8 59.2 63 67.4 72.3 77.6 81.8 82 84.6 90.9 96.2 97.8 97.3 96.1 94 92.2 90.2 87.5 85.5 84.1 80.8 74.6 68 70.6 73.2 71 67.2 64.3 63.5 61.1 60.5 58.1 55 51 47.9 46.1 48.2 48.2 48.8 48.7 49.4 51.3 55.4 59 61.5 64.2 66.4 69 70.5 70.6 69.6 67.4 66.4 71.1 77.6 84.8 89.2
162.7 156 144.1 134.3 129.5 125.5 122.1 118.5 116.1 113.7 111.1 107.5 105.2 102.7 99.8 95 92.4 88 83.8 81.4 77.8 76 69.9 63.9 60.8 58.2 58 59.3 62.8 68 72.7 74.6 76.6 84.2 90.2 93.7 95.1 94.4 93.4 90.6 87.6 85.7 82.6 80.3 80.4 78 73.6 67.9 65 68.7 67.1 64.5 60.5 60 57.4 56.1 52.8 51.8 51 48 48.1 47.9 48.3 48.5 49.5 52.9 55.4 56.8 60.2 64.6 67.8 70.4 72.4 73.9 74.1 73.7 72 69 71.4 77 83.7 88.6
162.3 154.2 146.6 136.4 130.8 126 122.6 119.4 116.8 114.1 111.3 108.5 106.2 103.9 101.5 98.3 93.8 91.1 88.6 85.2 81.1 74.4 68.1 69.1 64.6 59.3 57.4 58.2 60 64 67.1 73.1 78.6 83.5 88.2 90 91.2 91.7 90.3 87.9 84.9 80.6 76.7 74.4 76.2 75.7 71.2 66.3 61.3 63.1 63.6 62.2 58.8 54.6 53.9 51.1 50.5 48 47.3 46.8 47.9 47.7 48.2 49.7 51 53.6 57.2 60.8 63.4 67 70.9 73.5 75.3 76.6 78 76.7 74.9 72 70.4 74.3 79.5 84.1
162.4 154.7 145.2 138 131.9 126.8 123.4 120.7 117.4 114.5 111.5 108.8 106.7 104.6 102.7 98.8 95.1 92.7 89.8 86.4 81.4 73.3 73.8 74.3 70 63 56.7 57.2 58.6 61.8 68.1 74.4 78.9 83.5 85.3 86.5 86.3 88.2 87 84.6 82 77.9 72.3 69.3 70 70.3 68.2 63.7 59.2 57.7 58.3 58.8 56.9 51.7 49.5 47.7 47.4 49.9 47.5 47.3 47.8 47.8 49.3 52.3 54.6 54.3 58.7 63.3 67 69.4 72.9 75.2 77.2 79 80.5 79.5 78.1 75.2 73.1 72.6 75.9 83.3
