Assets/StreamingAssets/GeoData/Data/st/ST31.asc
ncols 200
nrows 200
xllcorner 330000
yllcorner 110000
cellsize 50
[rows 76 to 113 of 200, columns 86 to 171 of 200]
34.6 33.5 32.2 31.8 31.1 30.8 30.5 30.3 29.8 29.6 29.3 29.2 28.3 28.6 28.2 27.8 27.7 27.3 28.9 26.7 26.8 26.8 26.5 26.7 26.1 26.1 26.2 25.8 26.2 26.1 26.8 25.9 26.6 27.2 27.7 28.3 28.1 27.9 27.8 26.7 26.4 27 26.9 26.6 26.1 25.5 25.1 24.7 24.8 25.4 26.2 26.4 26.2 25.3 24.3 23.4 23.3 23 23 23.2 23.7 24.1 24.2 24 24.3 25.3 26.2 25.9 26.9 27.1 31.4 27.1 26.8 26.4 26.8 28 28.7 28.3 27.8 27.6 28.8 30.8 33.3 36.2 38.3 41.4
33.5 32.7 32.2 31.7 31.3 31 30.8 30.4 30.4 30.5 29.6 29.2 28.5 28.9 28.6 27.7 27.4 27.2 27 27 27 27 26.8 26.7 26.6 26.5 26.5 24.7 26.3 26.8 27.2 27.1 27.6 28.5 29.9 30.4 29.8 29.5 29.1 27.4 27.7 28 28 27.6 26.5 25.9 25.3 25.1 25.4 26.7 27.4 27.2 27.1 26.1 25 23.9 23.3 23.2 23.2 23.5 23.9 24.3 24.5 24.4 24.7 24.9 25 26.1 27.1 27.4 33.1 27.9 27.7 27.2 27.3 28.8 29.6 29.2 28.5 27.8 28.7 30.1 32 34.1 36.7 40.4
33.2 32.8 32.4 31.7 31.2 31.3 30.9 30.2 30.6 30.8 30.7 29.3 29 29 28.8 29.9 27.7 27.5 27.4 27.4 27.3 27.2 27.1 26.9 27 26.9 25 26.9 27 27.4 27.7 28.2 28.5 30.2 31.8 32.4 31.8 31.3 30.3 28.6 29.2 29.1 29.1 28.7 27.1 26.1 25.7 25.7 25.8 27.6 28.4 28.4 27.7 26.6 25.4 24.3 23.8 23.1 23.5 23.8 24.1 24.5 24.5 24.5 24.8 25.1 25.4 26.5 27.2 27.6 27.8 28.2 28.7 28.2 28.2 29.7 30.3 29.6 28.8 28.4 28.7 29.8 31.4 33.4 36.1 40
33.2 32.8 32.5 32.2 31.9 31.4 31 30.7 30.4 30.1 30.5 29.8 29.5 29 29.7 28.2 28.2 27.8 27.8 27.5 27.4 27.3 27.2 26.9 26.9 27.5 27.3 27.5 27.7 28.1 28.7 29.5 30.2 31.6 32.8 34.2 34 32.4 31.5 30.2 30.5 30 30.3 29.4 28 27 26.3 26.1 26.2 27.7 29.3 29.1 28.2 27.1 25.4 24.6 23.7 23.5 24.2 24.3 24.4 24.7 24.9 25.1 25.6 25.8 25.8 26.8 27.3 27.3 34.5 28.2 28.7 29.2 29.4 30 30.4 30 28.4 28.6 28.7 29.6 31.1 32.9 35.9 39
33.3 32.8 32.5 32.3 31.8 31.4 31.2 30.9 30.8 30.6 30.2 29.6 29 30.1 28.5 28.6 28.4 27.9 27.7 27.6 27.5 27.3 26.5 27.6 27.6 28.2 28.1 28.2 28.4 29.1 29.9 30.7 31.9 33 34.8 36.5 36 34.5 32.7 31.8 31.9 31.4 31.2 30.3 28.7 28.1 27.4 26.9 27.3 27.9 29.2 30.1 28.9 27.1 25.8 25 24.1 24.2 24.1 24.3 24.5 24.7 25.2 25.5 25.7 26 26.4 26.8 27.3 28.1 31.3 29.2 29.5 29.5 29.9 30.2 30.1 29.4 28.6 29.1 29.3 29.6 31.2 32.8 35.5 38.1
33.6 32.8 32.7 32.4 32.2 31.9 32 31.1 30.8 30.5 30.9 29.5 29.1 29.3 29 28.8 28 28 27.8 27.6 27.5 27.2 27.6 28.4 28.5 28.9 28.9 28.9 29.4 30.2 31 32 33.1 35 36.9 38.3 38.4 36.8 35.9 33.2 32.8 32.2 31.7 30.5 29.2 28.8 28.2 27.9 28.2 28.7 30.1 30.7 29.1 27.5 26.2 25.4 24.8 24.6 24.1 24.3 24.5 24.9 25.5 25.7 25.8 26.2 26.8 27 27.4 28.2 29.1 29.1 30.6 31.3 30.7 30.2 30.1 29.2 28.8 29.6 30.1 30.3 31.2 32.8 34.8 37.3
33.6 32.8 32.8 32.5 32 31.7 31.6 31.1 30.8 30.2 30.4 29.6 29.5 29.3 29 28.7 28.6 27.5 27.5 27.4 27.7 25.4 28.7 29.1 29.4 29.4 29.6 29.8 30.4 31.3 32.4 33.5 35.2 36.8 38.3 40.6 41.3 40.1 38.4 35.4 35.5 34.1 32.7 31.8 30.4 29.9 29.6 29.6 29.4 29.6 30 30.8 29.6 28 26.6 26 25.5 24.8 24.3 24.4 24.9 25.4 25.7 25.6 25.8 26.2 26.6 27.1 27.7 28.4 29.6 30.8 31.3 32.2 32 31.1 30.7 31.2 29.3 30.2 30.8 30.8 31.6 33.2 34.9 36.7
33.8 32.9 32.9 32.4 31.9 31.9 31.1 30.3 30.3 30.8 29.3 29.9 29.4 29.2 28.8 28.6 28.3 26.5 28.4 25.7 27.5 28.2 29.3 29.7 30.1 30.2 30.4 30.8 31.4 32.6 34.7 36.1 37.7 41 43.1 43.8 44.7 43.7 40.3 38.9 38.3 36.2 34.7 34.3 32.4 33.2 32.2 31.4 31.2 31.6 30.5 30.6 30.1 28.6 27.4 26.9 26 25.3 24.9 24.8 25.4 25.5 25.7 25.8 26.3 26.7 27.1 27.5 28 28.7 30.5 32 32.2 32.9 32.5 31.8 30.9 30.3 30.7 31.4 30.9 31.1 31.3 33 34.5 36.1
33.6 33.3 33 32.8 32.3 31.7 30.7 29.8 31.3 29.9 29.3 30 29.6 29.3 28.1 26.9 28.1 25.8 28.2 28.5 28.4 28.8 29.7 30 30.7 31.4 31.4 31.5 32.6 34.2 37.1 40.5 43 44.5 46.7 47.1 47.8 47.3 43.8 42.9 42.5 39.5 38.3 39.3 37.1 37.2 36 35.3 34.8 34.2 32.5 31.2 30 28.9 28.4 27.8 26.6 26.1 25.7 25.6 25.7 25.9 26 26.2 26.6 27.2 27.5 27.8 28.3 29 31.1 32.3 33.3 33.3 32.9 32.4 31.3 30.6 31.3 31.5 31.1 32.1 31.7 32.9 34.4 36.1
33.8 33.2 32.8 32.3 31.9 31.3 30.2 30.5 29.8 27.3 30 28.3 27.3 29.1 29.1 28.9 28.9 28.8 28.2 28.7 28.9 29.1 29.6 30.9 31.8 32.6 33.5 32.3 34.9 35 40 45.4 50.3 52 51.8 50.7 50.4 49.5 48.3 48 49.2 45.4 44.7 47.6 45.6 42.7 41.1 40.1 37.3 35.6 33.8 32.9 31.5 30.4 29.4 28.6 27.3 27 26.5 26.2 26.1 26.3 26.5 26.8 26.3 26.9 27.9 28.5 28.3 29.9 32.2 33.9 33.4 33 32.6 32.4 31.8 31.4 31.9 31.7 31.4 31.2 33 32.7 34.3 36.1
33.4 33 32.6 32 31.3 32.2 30.4 30.6 30.2 28.5 29.7 29.1 30.6 29.5 29 29 28.9 28.8 28.9 28.5 28.4 29.2 30 30.9 32.5 33.7 36.5 38.9 39.3 37.1 40.6 49.3 55.7 58 57 55 55.1 53.9 52.5 54.1 55.4 53.3 50.7 52.8 52.6 51.3 49 47.8 41.1 37.7 35.6 34.7 32.9 32.3 31.2 29.8 28.8 27.9 27.4 26.9 26.7 27.3 27.4 27.6 27.8 27.2 28.5 29.4 29.3 31.4 33.7 35.3 34.4 33.3 32.6 33 32.4 32.4 32.4 32.1 31.8 31.8 32.2 32.5 35 36.6
33.2 32.6 32.2 31.5 32.7 30.9 30.9 31 30.1 29.9 30 29.3 31.3 29.8 29.1 29.1 29.2 28.7 28.6 28.6 28.9 29.9 31 32.4 34 35.9 40.7 45.1 44.2 42.1 42.6 51.7 61.2 63.6 61.2 59.4 62.5 59 56.8 56.3 60 59.4 55.9 58.5 57.2 55.6 54 47.6 44 40.4 38.1 36.7 35.6 34.8 33.3 31.5 30.2 29.3 28.7 28.3 28.4 28.9 28.6 28.6 28.7 28.9 29.1 30.4 31.2 33 35.5 36 35.3 33.6 33.9 33.9 33.4 33.4 33.3 33 32.6 32.6 32.8 33.1 34.2 35.9
33 32.3 31.7 32.8 31.5 31.5 31.5 31.3 29.9 30.7 30.2 29.7 31.3 29.8 29.5 29.4 29.2 28.6 28.6 28.8 29.3 30.4 31.4 32.5 34.2 36.7 42.8 46.8 46 45.5 45.5 52.4 61.5 67.2 66.3 64.1 67 64.5 61.9 58.9 62.9 64.4 61.3 63.2 61.4 58.5 54.6 50.1 47.7 45.7 44.3 41.8 38.9 36.9 35 33.6 32 30.6 30.7 31.8 31.6 30.8 30.2 29.9 30 30 30 30.4 31.7 34.7 36.8 37.6 36.7 35 35.3 35 34.5 34.3 34.2 34.1 33.7 33.4 33.6 33.8 34.3 35.7
32.9 32.1 33.6 31.5 31.9 32 31.8 31.2 30.2 29.8 30.1 30 30.7 31.7 30.2 29.5 29.5 29.5 29.4 28.9 29.8 31 31.9 32.8 34.3 36.9 39.9 47.2 47.2 47.4 49.1 55.5 63.5 67.2 69.4 70.4 70.1 69.6 66.4 63.1 66.1 69.1 67.8 65.4 64.8 59.7 57.1 54.7 50.1 49.4 47.9 45 43 40.9 38 35.6 34.5 34 36.1 36.3 35 33.9 33.4 33.6 32.5 32.1 32.9 33.6 34.7 38.4 40.4 39.7 41 39.8 37.6 36.5 35.9 35.5 35.6 35.3 35 34.5 34.5 34.6 34.6 35.5
33.3 31.8 31.8 32.1 32.4 32.3 31.7 31.2 30 30.9 30.4 29.8 29.4 31.3 29.7 29.6 28.8 29 29.3 29.4 30.4 31.6 32.5 33.6 35.1 36.7 39.9 42.2 47.3 50.1 53.6 60.6 66.6 71.8 74 74.2 74.9 74.3 71.4 68.2 70.5 72.8 72.2 70.9 67.8 63.3 63.5 61.6 59.1 59 60.7 56.5 50.2 46.1 43 42.1 40 40.7 41.5 40.8 39 37.7 37.2 37.3 36.9 35.2 33.8 33.8 33.8 40.7 44.7 44.1 44.3 43 39.7 39.2 37.6 37.2 36.9 36.6 36.2 35.8 35.4 35.2 35.2 35.5
33.3 34.2 32.5 32.6 32.6 32 31.4 30.6 30.6 31 30.9 29.8 29.1 31.7 29.9 29.6 29.5 29.4 29.6 29.5 30.6 32 33.1 34.4 35.9 37.3 39.3 42.9 45.9 52.9 61.7 67.6 71.8 78.8 81.4 80.2 80.3 79.2 76.8 74 75.9 76.9 76.2 74.8 71.8 70.3 69 67.4 64.6 67 67.2 63.9 59.1 53.7 49.6 49.7 46.5 49.4 49.6 48 45.2 43.8 42.5 41.8 40.7 39.1 36.7 35.4 36 44.9 49.3 48.6 47.3 44.4 42.8 42.6 40.2 38.7 38.4 38.1 37.8 37.2 36.7 36.3 36 36
35.2 32.4 32.6 32.8 32.6 31.9 31.2 30.5 30.9 31 30.9 30.7 29.7 32.1 30.1 29.9 29.6 29.5 29.5 29.7 30.8 32.2 33.5 34.9 36.3 37.9 40.9 44.9 50.8 57.4 66.2 73.3 82.8 88.5 87.8 86.5 86.2 83.7 82.2 80 80.7 81.2 81.1 79.5 77.8 74.1 75.1 72.3 68.7 70.1 69.9 68.3 66.5 63.3 60.6 58 56.8 57.6 56.2 53.3 50.9 48.9 47.9 47.3 45.2 43.7 36.5 33.6 35.4 50.2 52.2 50.2 49.8 49.3 46 46.3 44.3 40.6 39.8 41.2 41.1 39.7 38.3 37.7 37.4 37.2
35.6 32.8 32.8 32.7 32.6 32 30.8 31.5 31.3 31.1 30.9 30.8 30.4 30.4 30.6 29.4 29.7 29.9 30.3 30.3 31.4 32.9 34.3 35.6 37.5 39.1 42.5 47.5 55.4 63.3 72.2 79.5 90 92.9 91.7 90.1 89.3 86.6 86 84.7 84.7 85.4 85.3 84.3 83.6 81.9 77 77.4 74.2 74.8 73.6 72 70 67.8 66.2 64.8 63.9 61.8 59.1 56.9 54.5 52.4 51.2 48.7 49.4 45.7 40.5 35.4 40.1 50.3 56.5 55.8 53 52.6 52.4 50.9 46.8 44.7 44 44.9 46.2 45.2 42.6 40 38.8 38.5
35 34.1 33.4 32.5 32.5 31.5 31 31.6 31.4 31.2 31.1 31 30.5 30.7 30.6 30.4 30.2 30.1 30.8 30.7 32.1 33.6 35.1 36.9 39 42.3 45.9 51 62.4 71.9 78.3 88.1 96.7 95.8 94.1 93.1 92.2 89.1 89.5 88.4 88 88.4 88 87.3 86.4 85.7 84.5 80 79.3 78 76.5 74.9 73.1 70.9 69 68.1 66.5 64.3 61.5 59.2 56.2 55.8 54.7 53.1 50.7 45.2 34.9 37.6 48.4 56.6 59 58.5 56.1 56.1 55.5 53 46.3 46.6 47.5 50.5 52.4 51.8 49 44.8 41.5 39.8
34.9 33.9 33.2 32.4 32.3 32.2 32 31.6 31.5 31.5 30.8 30.5 30.8 31.3 31.5 30.7 30.6 30.4 30.6 31.1 32.7 34.3 35.9 38.6 41.9 45.2 49.9 56.8 69.1 77.8 87.5 99.5 99.7 98.1 96.3 95.4 94.4 91.8 92.2 91.2 90.9 90.4 90 89.3 88.4 87.6 86.3 84.4 82.1 80.4 77.8 76 74.5 72.8 71.2 69 66.6 64 61.4 59.7 57.9 56.2 54.2 52.2 48.2 38.7 36.8 46.5 53.8 59.3 61.2 59.8 57.2 57.6 57.8 57 48 47.5 47.8 55.5 58.4 58.2 55.5 50.2 43.4 41.9
36.9 35.2 33.6 32.3 30.3 32.4 32.1 31.7 31.6 31.6 30.7 30.9 31.3 31.5 31.5 31.5 31 30.9 30.9 31.2 33.2 35.1 37.3 40.9 45.8 50.3 56.3 63.6 74.2 85.7 99.2 101.7 101.4 99.7 98.3 97.3 96.5 94.2 94.6 93.6 92.6 92 91.6 91.1 90.3 89.2 87.6 86.1 84.3 81.9 79.4 76.9 74.3 72.8 70 67.2 64.8 62.3 59.3 56.8 54.7 52.6 50.7 48.1 42.6 37.8 44.9 51.4 58 61.7 63.6 63.4 60.7 59.9 59.7 54.5 49.4 56.2 51.1 59 64.2 64.4 60.6 52.9 45 45.5
36.2 35.2 33.1 32.3 32.9 32.6 32.1 31.8 31.6 31.7 31.2 31 31.6 31.5 31.2 31.5 31.4 31.2 31.1 31.6 33.2 35.3 38.9 43.3 49.9 56.9 63.1 71 79.6 89.8 99.2 102 101.8 100.8 99.6 99.1 98.3 96.7 96.3 95.5 94.6 93.5 92.9 92.3 91.3 90.4 89.2 87.4 85.5 83.5 81 78.3 75.1 73.1 70.1 67.5 65.3 62.4 60.3 58.7 56.6 54.5 51.7 49.5 46.6 47.2 41.6 52.9 60.5 63.7 65.4 65.8 64.6 62.2 57.7 53.8 56.4 60 54.4 61.6 68 68 60.9 52.2 51.9 55.3
35.3 34.1 33 32.5 32.8 32.6 32.5 32.2 31.9 31.3 31.5 31.2 31.3 31.5 31.5 31.6 31.9 31.9 31.7 31.5 32.6 34.9 40.2 45.5 52.8 61.1 67.4 77.5 86.2 92.3 97.4 97.2 98.5 99 98.9 98.9 98.7 97.2 97.1 96.8 96.1 95 93.9 92.9 91.9 90.9 89.9 88.5 86.6 84.8 82.4 80.1 77.9 75 72.6 70.3 67.7 66.1 64.8 62.9 60.2 56.8 55.1 53.4 49.4 39.1 41.8 50.5 60.5 64.9 67.1 67.4 66.8 65 57.5 57 65.4 64.8 59.2 62.8 69 68.8 58.5 54.6 56.4 62.5
35.2 34.2 33.1 33.1 33.1 32.8 32.7 32.5 32.2 32.2 32 33.2 31.6 31 31.5 32.6 32.4 32.6 31.9 31.9 32.6 37.1 43.3 49.1 56.3 62.5 70.3 80.1 88.2 90.8 90.7 91.1 92 93.3 94.7 95.4 95.8 95.5 96.5 97.3 97.3 96.3 95.2 94.1 92.9 91.3 90.3 88.4 87 85.4 83.7 81.5 79.2 77 74.7 72.7 70.6 68.9 66.5 63.4 61.2 58.3 55.3 53.5 43.8 38.7 47.5 48.1 55.1 64.3 67.9 69 68.3 66.6 58.5 65.8 70.6 68.5 67.1 65.7 69.4 67.3 58.7 61.9 60.1 67.1
35.2 35.3 31.3 33 34.4 33.2 33 32.7 32.4 32.4 35.3 34.6 32.6 32.5 31.9 32.7 33 32.9 32.5 32 33.5 37 42.9 49.1 57.2 63.5 69.7 76.6 82.9 85 85.7 84.8 84.6 86.6 89 91 93.1 94.1 95.5 96.3 96.7 96.4 96 94.9 93.7 91.3 90.5 88.7 87 85.2 83.5 82.5 79.8 77.9 75.9 73.9 71.3 69.5 66.5 64.1 60.6 57.3 53.6 47.3 42.3 46.4 55.6 55.7 54.5 59.1 64.9 69.7 70.9 68.5 61.7 65.4 74.1 74.4 73.4 71.7 71.5 68.4 62.9 69.4 69.6 71
35 33.7 33.1 33.2 34.2 33.3 33.1 32.9 32.7 31.8 37.3 33.7 33.2 32.4 32 32.9 34.1 33.7 32.7 32.4 33.5 35.9 40.6 46.8 58.2 66.7 70 72.2 76.6 78 78.3 79.4 79.8 80.6 82.5 85.1 86.7 89.4 91.7 93.2 95.4 96.2 95.8 94.1 93.7 90.7 90.4 88.7 87 84.9 83.3 81.8 79.2 77.4 75.6 73.9 71.3 68.2 65.4 62.6 59 54.2 48.9 46.9 43.2 46.5 59 61.7 61.3 63.3 67.8 72.1 72.5 72.1 66 62.7 75.5 78 77.4 76.3 74.9 71.6 67.7 73.1 75.5 75
32.8 33.8 33.6 31.5 33.6 33.3 33.2 33 32.9 32.3 37 34.1 33.8 33.4 33.1 33.8 34 33.8 33.7 32.6 33.7 34.8 40.7 47 55 64 67.4 68.2 68.2 70.5 71.1 72.3 71.8 73.7 76.9 79.9 81.9 83.9 86.8 89.9 92.3 93.3 93.5 93.1 92.4 91.4 88.6 87.8 83.9 83.4 81.5 80.3 78.4 76.5 74 70.8 69.9 66.8 64.1 60.6 56 51.5 51.3 52.9 45.4 42.7 60 64.7 66.5 69.1 72.1 74.5 74.2 74.6 70.9 65.8 74.2 80 80.1 79.2 78.1 75.5 72.6 74.6 77.5 77.5
34.8 34.2 33.8 32.7 33.6 33.3 33.2 33.2 33.2 32.7 36.4 33.8 33.4 33.4 33.5 33.6 33.2 33.4 33.5 30.8 33.4 35.1 37.2 46 52.8 59.1 62.3 61.9 63 62.4 63.6 64.3 66.5 69.3 72.8 75.2 76.7 79.8 83 85.4 88 89.2 89.6 89.9 89.5 88.9 86.8 85.5 83.8 82 79.6 78.2 76.6 75.4 73 69.7 66.9 64.7 61.6 58.1 54.7 57 58.5 56.7 51.9 42.1 55.7 66.9 69.2 71.5 73.8 76.5 76.8 76.7 75.1 69.9 74.2 81.4 82.1 81.7 80.7 79.2 77.1 76.4 77.5 77.6
34.3 34.4 34.2 34 33.7 33.4 33.3 33.5 33.5 36.2 33.9 33.8 32.8 32.8 32.7 33.3 32.8 33.3 33.2 32.3 33.5 34.6 37.7 42.2 46.4 52.4 56.4 58 58.5 58.6 59.7 58.3 62.4 65.9 68.1 66.1 73.3 75.6 78.8 80.8 83.2 84.9 85 87 86.1 84.9 83.3 82.1 81.1 79.8 78.7 77.3 76.3 74.1 71.5 68.4 65.9 62.3 60.3 58.5 62.1 62.6 61.1 58.4 52.4 44.4 49.2 64.9 67.5 70.9 75.4 78 79.4 78.7 77.7 74.3 73.6 80.6 83.4 83.6 83 81.7 79.9 77.8 77 75.9
34.6 34.5 34.2 34.1 33.9 34 34.3 34.7 34.3 35 34.3 33.6 32.9 33.3 33.1 32.8 32.9 33 33 33.1 33.1 34.3 36.4 40.9 46.1 50 52.9 53.7 53.1 54.8 53.8 53.3 54.7 56.5 57.9 58.1 60.5 70.1 72.9 76.8 78.2 79.8 81.6 83 83.6 82.3 81.4 80.2 78.9 77.6 76.3 75.2 73.4 72 69.7 68 66.3 65.1 63.9 63.2 64.8 65.3 64.4 62.1 57.8 45.9 46.9 51.3 58.9 64.6 72 78.9 80.7 80.6 79.9 77.3 76.2 80.3 82.4 83.5 83.3 82.8 81.5 79.9 77.8 74.9
34.4 34.5 34.4 34.3 34.3 34.5 35.5 36.5 36.4 36.3 35.1 34.1 33.4 33.7 33.4 33.4 33.4 33.3 33.3 33.3 33.2 33.9 35.4 38.2 39.6 41.5 45.7 46.8 48.7 48.8 49.6 50 50.5 51.1 54.6 53.5 58.4 65.6 67.4 71.5 72.9 75.5 78.7 80.5 81 80.5 80.5 79.1 77.9 76.6 75.5 74.4 73.4 72 70.8 69.3 68 67 66.3 65.9 67.1 67.1 66.2 64.4 61.3 47.9 46.9 66.3 72.8 76.3 78.8 81.7 82 82.6 82.3 81.1 80 81.5 82.9 83.2 83.4 83.1 81.9 80.3 78.8 75.8
34.6 34.7 34.6 34.6 35.3 36.2 37.1 38 38.1 37.9 36.8 35.1 34.8 34.5 34 33.9 33.4 33.3 33.2 33.7 33.8 33.4 34.6 35.7 36.9 38 40.1 42 43.8 43.5 44.3 44.9 46.6 47.6 48.4 50.2 51 52.7 59.7 64.5 64.8 70.3 73.9 75.9 77.8 72.5 77.8 77 76.4 75.7 74.4 73.9 73.8 72.5 71.2 70 68.6 67.6 67.3 67.4 68.4 68.2 67.1 65.9 61.7 47.4 51.6 71.3 78.3 80.9 82 84 84.7 84.7 84.5 84.1 83.2 82 83.2 83.6 83.6 83.7 82.5 79.6 77.3 74.2
34.9 35.2 35.7 36.2 37.3 38.7 39.3 40.2 39.8 39.4 38.6 37.3 36.7 36 35 34.3 34 33.7 33.4 33.7 34 34 34.2 34.1 35.8 36.5 38 39.3 40.1 41.2 41.4 42 42.9 43.2 45.4 45.6 45.3 45.5 47.8 51.2 51.5 54.1 57.7 61.4 69.6 72.4 73.2 73.5 71.2 71.3 72.2 72.9 73 71.5 70.2 68.7 67.7 67.9 68.1 68.8 69 68.6 67.4 65.4 61 44.9 57.5 72.5 80.1 83.6 85.4 86.8 86.6 86.6 86.1 85.8 85.2 85 84.8 84.5 84.4 84.1 83.1 81.1 77.6 74.7
35.9 36.5 37.7 39.5 40.1 41.7 43 43.6 43 42.5 41.9 39.7 38.9 37.9 36.8 35.9 35.4 35 34.6 34.4 33.7 34.1 34.5 35 35.1 36.7 37.2 37.7 37.9 38.6 39.5 39.6 40.4 40.4 41.2 42.2 42.4 43.5 44.9 47.5 48.7 50.2 55.2 58.2 59.2 63.1 64 61.7 68.3 66.4 67.3 69.8 69.6 69 67.9 66.6 65.7 66.1 67.2 68 68.9 67.7 66 64.5 60.8 45.9 55.3 70.6 80.9 86.4 88.3 89 89 88.4 87.6 87.5 87 86.5 86.3 85.8 85.4 84.9 83.9 83.1 81.4 79.9
37.1 38.7 42.3 39.5 45.5 46.6 47.5 47.6 47.4 47.1 45.3 42.6 41.4 40.2 39.5 37.8 37.4 36.9 35.8 35.6 35 34.5 34.2 34.3 35 35.2 35.8 36.3 37 37.7 38.2 39 39 39.7 40.3 40.4 40.9 41.3 42.4 42.3 45.2 46.6 47.5 49 52.3 54.2 56.2 56.2 57.8 59.4 58.2 62.5 63.6 63.7 64.4 64.4 63 63.1 63.2 63.6 64.2 63.9 63.1 61.8 59.7 53.8 46.9 61.9 70.4 78.1 82.3 85.7 87.4 88.1 88.7 88.7 87.7 87.4 87.5 86.9 86.4 85.7 84.8 83.8 82.7 81.6
38.3 40.8 40.3 46.1 49.7 54.6 56.5 56.9 57.6 56.1 53.5 50.7 49.9 46.3 41.7 40.1 39.2 38.5 37.3 36.9 36 35.4 34.8 34.4 35.2 35.1 35.3 35.5 36.3 37 37.4 38.5 39.7 40.2 40.4 40.8 40.6 41 41.3 42.1 42.6 43.8 44.5 45.6 47.6 48.9 49.9 50.5 50.3 51.1 51.1 54.6 55.1 56.8 58 58.8 59.1 59.3 58.8 59.1 59.2 58.8 58.4 57.6 56.5 53 48.4 49.5 57.4 62.7 67.6 70.7 72.3 75.9 81 84.8 87.4 88 88 87.5 86.5 85.6 84.5 83 82.3 81.9
41.7 40.4 48.4 52.2 56.7 61.9 65.2 67.7 68.8 68.8 65.6 60.5 59.3 51.8 45.3 42.2 40.9 39.7 38.7 37.9 37.1 36.4 36.3 35.7 35.2 35.4 36 36.2 36.8 37.2 37.5 39.5 39.7 40.9 40.7 40.9 40.7 40.7 40.9 41.1 41.3 42.4 42.6 43.2 44.1 45.1 45.7 46.1 46.5 46.9 48.3 49.8 51.9 53.1 54.9 56.7 56.5 56.6 56.8 56.3 56.4 55.9 55.2 54.7 53.8 52.1 49.1 46.1 51.1 54.8 58.6 60.2 62 64.1 67.3 71.1 76.8 82.2 87.7 87.4 86.4 85.5 84.3 82.8 81.7 80.4
40.9 51.6 56.2 60.3 63.7 68.6 73.7 79.4 82.5 80.5 76.2 70 63.8 55 47.3 44 42.6 40.9 40.1 38.9 38.5 38.2 37.3 36.8 36.6 36 36.1 36 36.4 36.7 36.9 37.5 39.1 40.8 41.1 40.9 41 41 41.2 41 41.5 41.8 42.8 43.7 43.7 44.3 45 46.6 47.7 49.6 50 49.3 50 51.6 53.1 54.3 55.3 55.7 55.5 54.1 54 53.3 52.6 52 51.3 50.2 48.2 46.4 48.6 51.1 52.9 53.8 55.1 56.2 57.9 61.2 65.1 70.2 78.1 86.1 86 85.1 83.8 82.4 80.8 79.7
