Assets/StreamingAssets/GeoData/Data/st/ST34.asc
ncols 200
nrows 200
xllcorner 330000
yllcorner 140000
cellsize 50
[rows 0 to 42 of 200, columns 96 to 191 of 200]
5.3 5.2 5.2 5.7 5.5 5.3 5.1 5.1 5.1 5.4 5.7 5.6 6 6 5.9 5.8 5.7 5.6 5.3 4.7 5.6 6 5.2 5.5 4.7 5.5 5.2 5.1 5.4 5.6 5.4 5.7 5.5 5.3 5 4.8 4.6 4.7 5.3 5.5 5.5 5.5 5.5 5.5 5.8 5.2 5.5 5.5 5.6 5.5 5.4 5.3 5.4 5.7 5.5 5.3 5.2 5.2 5.4 5.4 5 4.5 5.3 5.3 5.4 5.6 5.9 5.6 4.8 4.7 4.7 4.7 4.6 4.7 4.8 4.9 5.1 5.2 5.2 5.2 5.3 5.1 5 4.7 5.3 5.5 5.7 5.4 5.4 5.3 5.2 5.2 5.2 5.2 5.6 5.7
5.3 5.4 5.5 5.5 5.2 5.1 5.1 5.1 5.5 5 5.2 5.4 5.8 5.9 5.7 5.6 5.5 5.2 5 5 4.8 5.3 5.9 5.2 5.2 5.7 5.7 5.3 5.4 6 5 5.3 5.2 5 5.1 5.2 5.1 5.3 5.3 5.4 5.4 5.4 5.5 5.5 5 5.4 5.4 5.5 5.5 5.4 5.4 5.8 5.4 5.5 5.3 5.1 5.1 5.1 5.4 5.6 5.4 5.3 5.3 5.3 5.3 5.4 5.7 5.3 4.9 4.9 4.8 4.8 4.8 4.8 4.9 5.2 5 5.1 5.2 5.2 5.2 5.5 5.7 5.2 5.3 5.3 5.1 5.2 5.2 5.2 5.2 5.2 5.2 5.5 4.7 5.2
5.6 5.7 5.8 5.7 5.6 5.5 5.6 4.8 5 5.4 5.2 5.2 5.7 5.8 5.7 5.5 5.4 5.4 5.4 5.4 5.4 5.4 5.3 5.8 5.6 5.3 5.4 5.4 5.3 5.6 5.2 5.1 5.2 5.1 5 4.8 4.7 5.6 5.3 5.4 5.4 5.4 5.4 5.4 5.5 5.3 5.4 5.4 5.2 5 5.4 5.5 4.9 5.4 5.3 5.3 5.2 5.3 5.5 4.9 5.4 5.3 5.3 5.3 5.3 5.3 5.5 5 5 5 5 4.9 4.9 5 5.1 5.4 5.6 5.1 5.2 5.2 5.1 5.4 5.5 5.2 5 4.9 5.1 5.5 5.3 5.2 5.2 5.2 5.5 5.8 5.5 5.6
5.9 5.8 5.7 5.6 5.6 5.2 5.6 5.1 5.2 5.4 5.3 4.9 5.2 5.8 5.6 5.5 5.4 5.3 5.3 5.3 5.6 5.4 5.6 5.5 5.3 5.4 5.3 5.3 5.3 5.5 5.3 5.4 5.1 5.5 5.2 5.1 5.6 5.4 5.4 5.3 5.3 5.3 5.3 5.4 5.4 5.2 5.3 5.6 5 5.1 5.4 5.3 5.1 5.6 5.5 5.4 5.4 4.7 5.2 4.7 5.5 5.4 5.4 5.3 5.3 5.2 5.3 5.1 5.1 5.1 5.1 5 5 5 5.3 5.5 5.6 5.1 5.1 5.1 5.1 5.1 5.2 5.2 4.9 5 4.8 5 5.3 5.1 5.2 5.2 5.2 5.8 5.4 5.5
5.9 5.9 5.7 5.5 5.4 5.5 5.3 5.3 5.4 5.5 5.5 5.2 5.7 4.9 5.5 5.6 5.4 5.2 5.2 5 5.7 5.6 5.5 5.4 5.3 5.5 5.5 5.3 5.4 5.6 5.7 5.6 4.7 5 4.9 5.5 4.9 5.5 5.4 4.8 5.3 5.4 5.4 5.5 5.4 5.2 4.9 5.2 5.3 5.3 5.2 5.2 5.2 5.6 5.4 5.3 5.3 4.8 5.4 5.4 5.5 5.2 5.4 5.3 5.3 5.2 5.1 5.2 5.2 5.2 5.2 5.1 5.1 5.2 5.3 5.3 5.3 5.2 5.3 5.8 5.1 5 5 5 4.8 4.7 5.4 5.5 5.5 5.3 4.8 4.8 5.6 4.7 4.5 5.3
5.9 5.9 5.9 5.7 5.4 5.5 5.6 5.4 5.5 5.6 4.9 5.6 5.7 4.5 4.8 5.6 5.4 5.3 5.1 5.6 5.6 5.5 5.5 5.4 5.6 5.8 5.4 5.4 5.6 5.7 5.6 5 5.8 6 5.2 5.2 5.1 5.3 5.4 5.6 5.7 5.6 5.2 5.2 5.3 5.3 5.2 5.2 5.3 5.2 5.2 5.2 5.2 5.7 5.2 5.2 5.6 5.2 5.5 5.3 5 5.3 5.4 5.4 5.3 5.3 5.5 6.3 5.7 5.3 5.3 5.2 5.1 5.1 5.1 5.1 5.1 5 5 5.2 5 5 5 5 4.9 4.9 4.8 5.1 5.3 5.5 5.4 5.4 5.4 4.8 5 5.5
5.9 5.9 5.9 5.9 5.8 5.6 5.7 5.6 5.6 5.7 5.8 5.7 5.4 5.8 5.1 5.1 5.5 5.3 5.5 5.5 5.5 5.5 5.4 5.5 5.5 5.5 5.4 5.4 5.5 5.5 5.5 5.5 5.5 5.6 5.6 5.4 5.7 5.5 5.4 5.4 5.4 5.1 5.6 5.4 5.3 5.3 5.2 5.2 5.1 5.1 5.2 5.2 5.2 5.7 5.4 5.3 5.2 5.2 5.4 5.4 5.4 5.3 5.4 5.4 5.4 5.6 5.6 6.1 5.6 5.3 5.2 5.1 5.1 5.2 5.1 5.1 5.1 5.1 5 5 5 5 5 5 5 5.1 4.6 4.9 5.4 5.4 5.4 5.3 5.4 5.5 5.4 5.8
5.9 5.9 6 5.9 5.8 5.8 5.7 5.5 5.1 5.2 5.6 5.7 5.2 5.2 5.3 5.2 5.5 5.3 5.5 5.4 5.4 5.4 5.4 5.3 5.3 5.3 4.6 5.1 5.2 5.3 5.4 5.6 5.9 5.3 5.6 5.7 5.6 5.5 5.4 5.3 5.3 5.4 5.4 5.4 5.2 5.2 5.1 5.6 5.7 5.5 5.3 5.2 5 4.9 5.5 5.3 5.2 5.3 5.4 4.9 5.2 4.9 4.9 5.2 5.4 5.4 5.6 5.7 5.3 5.2 5.1 5 5.1 5.2 5.2 5.1 5.1 5.1 5.1 5 5 5 5 5 5 5.1 4.8 5.2 5.3 5.3 5.3 5.3 5.4 5.5 5.6 5.3
5.9 5.9 5.8 5.7 5.5 5.4 5.5 5.5 5.2 5.1 5.1 5 5.1 5.2 5.2 5.3 5.4 5.4 5.4 5.3 5.3 5.3 5.4 5.4 5.2 5.1 5 5.1 5.3 5.4 5.4 5.1 5.7 5.1 5.6 5.6 5.5 5.5 5.4 5.3 5.1 5.6 5.1 4.9 5 5 5.2 5.3 5.4 5.5 5.4 5.2 5.2 4.9 5.6 5.2 5.3 5.3 5.3 4.8 5.5 5.3 5.4 4.5 5.3 5.2 5.3 5.4 5.2 5.1 5 4.9 5.1 5.2 5.2 5.1 5.1 5.1 5.1 5 5 5 5 5 5 5.1 5.1 5.2 5.2 5.3 5.3 5.4 5.5 5.5 5.6 5.4
5.7 5.7 5.5 5.3 5.1 5.1 5.4 5.6 5.2 5.2 5.2 5.1 5.1 5.2 5.2 5.3 5.2 5.3 5.3 5.2 5.1 5.3 5.4 5.6 5.4 5.2 4.9 5.1 5.3 5.4 5.4 5.2 4.8 4.7 5.5 5.5 5.4 5.4 5.3 5.3 4.9 5.7 5.4 5.1 5.1 5 4.9 5 5.1 5.2 5.3 5.2 5.3 5 5.1 5.3 5.4 5.4 5.3 4.8 5.4 5.4 5.4 5.5 5.3 5.2 5.4 5.1 5.1 5 4.9 4.9 5.1 5.2 5.2 5.2 5.1 5.1 5.1 5 5 5 5 5 5.1 5.1 5.1 5.1 5.2 5.2 5.3 5.3 5.4 5.4 5.6 5.3
5.1 5.5 5.4 5.3 5.2 5.1 5.2 5.5 5.3 5.2 5.2 5.1 5.1 5.1 5.2 5.3 5.4 5.1 5.1 5.1 5.1 5.2 5.4 5.6 5.6 5.4 5 4.7 5.2 5.3 5.4 5.3 5.2 5.3 5.5 5.7 5.8 5.6 5.4 5.3 5.5 4.8 5.7 5.4 5.1 5.1 5.1 4.7 4.8 4.9 5 4.7 5.3 5.4 5.1 5.3 5.5 5.5 5.3 4.9 5.3 5.5 5.4 5.4 5.3 5.4 5.5 4.9 5.2 5.1 4.9 4.9 5.1 5.2 5.2 5.2 5.2 5.1 5.1 5 5 5 5 5 5.1 5.2 5.2 5.2 5.2 5.2 5.2 5.2 5.3 5.5 5.6 5.4
5.4 5.7 5.5 5.4 5 5.2 5.3 5.4 5.4 5.3 5.3 5.2 5.1 5.1 5.2 5.3 5.2 4.9 4.9 4.9 5.1 5.2 5.4 5.6 5.7 5.6 5.7 5.5 4.9 5.2 5.3 5.4 5.4 5.3 5.1 4.7 5.1 5.5 5.3 5.4 5.6 5.6 5.4 5.3 5.2 5.2 5.2 5.3 5.1 4.6 4.4 5.1 5.1 5.5 5.5 5.4 5.6 5.6 5.2 4.9 5.2 5.5 5.5 5.5 5.5 4.6 4.4 5.3 5.3 5.2 5 4.9 5.1 5.2 5.2 5.2 5.2 5.1 5.1 5 5 5 5 5.1 5.1 5.2 5.2 5.2 5.2 5.2 5.2 5.2 5.2 5.5 5.7 5.6
5.6 5.7 5.4 5.7 5.1 5.2 5.3 5.4 5.4 5.3 5.4 5.2 5.2 5.1 5.2 5.1 5 5.3 5.3 5 5.1 5.2 5.4 5.5 5.1 5.1 5.1 5.1 5.1 5.2 5.4 5.4 5.4 5.3 5.3 5.1 5 5.2 5.3 5.2 5.1 5.2 5.2 5.2 5.2 5.2 5.3 5.3 5.3 5.7 4.7 4.9 4.8 5 5.7 5.5 5.6 5.5 5.2 5.9 5.5 5.7 5.5 5.1 4.9 5.3 5.3 5.4 5.4 5.3 5.1 5 5.1 5.2 5.3 5.2 5.2 5.2 5.1 5.1 5 5.5 5.1 5.2 5.2 5.6 5.2 5.2 5.1 5.1 5.2 5.2 5.2 5.5 5.5 5.4
5.7 5.8 5.3 5.7 5.8 5.3 5.4 5.4 5.4 5.4 5.5 5.3 5.2 5.3 5.3 5.3 5.1 5 5.2 5.3 5.3 5.3 5.3 5.2 5.2 5.2 5.2 5.2 5.1 5.3 5.4 5.4 5.4 5.3 5.3 5.2 5.2 5.3 5.4 5.3 5.2 5.4 5.5 5.4 4.9 5.2 5.2 5.3 5.2 5.5 5.2 5.4 5 5.3 4.9 4.5 5.4 5.4 5.3 4.7 5.4 5.4 5.4 5.2 5.2 5.3 5.5 5.4 5.4 5.3 5.2 5 5.1 5.1 5.2 5.5 5.3 5.2 5.1 5 5.2 4.6 5 5.1 5.1 5.1 5.1 5.1 5.1 5.1 5.1 5.1 5.2 5.4 5.3 5.2
5 5.1 5.2 5.2 5.5 5.3 5.5 5.4 5.4 5.3 5.3 5.3 5.3 5.4 5.2 5.5 4.9 5.1 5.4 5.5 5.5 5.3 5.1 4.9 5.3 5.3 5.1 5.2 5.1 5.3 5.4 5.4 5.4 5.3 5.2 5.2 5.2 5.5 5.6 5.4 5.3 5.8 5.6 5.5 5.4 4.5 5.2 5.2 4.8 5.6 5.5 5.5 5 5.2 5.6 5.1 4.7 4.7 4.3 4.3 4.9 5.4 5.3 5.4 5.4 5.1 5.1 5.1 4.8 5.2 4.9 4.6 4.9 5 5.1 5.1 5.3 5.3 5.2 5 5.3 5.5 5.5 4.9 5.3 5.1 5.1 5.1 5 5.1 5.1 5.1 5.2 5.2 5.2 5.1
5.2 5 4.9 5.1 5.2 5.5 5.4 5.4 5.4 5.3 5.3 5.1 5 5.5 5.4 5.4 5.4 4.7 5.6 5.4 5.2 5.1 4.9 4.7 5.3 4.8 4.7 4.6 5.3 5.3 5.4 5.4 5.3 5.3 5.2 5.1 5.1 5.5 5.7 5.6 5.4 5.2 5.2 5.3 5.3 5.2 4.6 5.6 5.5 4.7 5.3 5.4 4.7 5.1 5.3 5.6 5.4 5.4 5.6 5.6 5.1 4.8 5.7 5.4 4.6 4.6 4.7 4.9 5 5.3 5 5.1 5.1 5 5.3 5.2 5.3 5.3 5.3 5.1 5.5 5.2 5.3 5.7 5.6 5.3 5 5 5 5 5 5 5.2 5.1 5 4.9
5.3 5.1 5 5.6 5.6 5.3 5.3 5.4 5.3 5.3 5.2 5.1 5.3 5.5 5.6 5.3 5.3 5.2 5.5 5.4 5.2 5 4.9 4.8 5 5 5 5.1 5.2 5.3 5.4 5.4 5.3 5.2 5.1 5.1 5.1 5.4 5.5 5.4 5.2 4.9 5.4 4.8 5.1 5 4.9 4.9 5.3 5.3 5.5 5.4 5 5.2 5.7 5.5 5 5.1 5.4 5.6 5.3 5.2 5.5 5 4.6 4.8 4.8 4.9 5 5.2 5.2 5.3 5.3 5.2 5.5 5.2 5.3 5.3 5.3 5.3 5.2 5 5.2 5.7 5.7 5.5 5.3 5 5 5 5 5 5 4.9 4.8 4.8
5.5 5.3 5.1 5.1 5.2 5.2 5.2 5.2 5.3 5.4 5.4 5.5 5 5.4 5.7 5.5 5.3 4.9 5.5 5.3 5.1 5 5 5.4 5.1 5.1 5.1 5.2 5.2 5.3 5.4 5.5 5.4 5.2 5.1 5.1 5 5.1 4.9 4.9 4.8 4.9 5.7 5.5 4.9 5 5.1 5.2 5.2 5.4 5.5 5.4 5.3 5.1 4.8 5.5 5.4 5.3 5.4 5.5 5.1 5.2 4.7 5.1 4.8 4.9 4.9 4.9 5.1 5.2 4.8 5 5.3 4.9 5.2 5.4 5.3 5.3 5.3 5.3 5 4.7 5.1 5.4 5.3 5.1 4.9 5.1 5 5 5 5 4.9 4.8 4.8 4.8
5.6 5.3 5.2 5.1 5 5.6 5.9 5.2 4.9 5 5.5 5.3 5.4 5.2 5.6 5.6 5.5 4.9 5.4 5.3 5.2 5.1 5.1 5.1 5.2 5.2 5.2 5.2 5.6 5.3 5.4 5.5 5.5 5.3 5.2 5 5.1 5 5 5 4.9 5.4 5.7 5.1 5.1 5.2 5.2 5.3 5.4 5.5 4.9 5.2 5 4.9 4.9 5.4 5.3 5.2 5.3 5.4 5.4 5.5 5.6 5.5 5.1 5.1 5.1 5.1 5.1 5.1 4.7 4.5 5.6 5.7 4.8 5.3 5.2 5 5 5 5.2 5 5.5 5.7 4.8 5 5.1 5.1 5 5 5 4.9 4.9 4.8 5.1 4.7
5.2 5.2 5.1 5 4.9 5.3 5 5.5 4.6 5.1 5.5 5.4 5.6 5.6 5.4 5.5 5.5 4.8 5.4 5.3 5.3 5.2 5.2 5.2 5.3 5.3 5.3 5.3 5.6 5.3 5.3 5.4 5.5 5.4 5.2 5.1 5.1 5.1 5.1 5 5.4 5.6 5.6 5.4 5.3 5.3 5.3 5.4 5.3 5.2 5.3 5.2 5.1 4.8 4.6 5.3 5.1 5.2 5.4 5.5 4.9 5.5 5.4 5.2 5.2 5.2 5.3 5.3 5.1 4.8 4.7 5.5 5.6 5.6 5.6 5.4 5.3 5.2 4.7 4.8 5.1 5.3 5.5 5.8 5.1 5.2 5.3 5.2 5 5 5 4.9 4.9 4.8 5.6 4.8
5.3 5.1 4.9 4.9 4.8 5 4.9 5 5.5 5.4 5.5 5.4 5.2 5.2 5.3 5.4 5.4 5.3 5.4 5.4 5.3 5.3 5.3 5.3 5.3 5.3 5.3 5.3 5.3 5.2 5.3 5.4 5.4 5.5 5.3 5.3 5.2 5.2 5.1 5.4 5.5 5.6 5.6 5.3 5.1 5.4 5.3 5.2 5.1 5.2 5.3 5.2 5.2 5.1 5 5.4 5.2 5.1 5.1 5.1 5.6 5.3 5.2 5.2 5.2 5.2 5.1 5.2 5.6 5.4 4.8 5.5 5.5 5.6 5.6 5.5 5.3 5.2 4.8 4.7 5 5.3 5.5 5.7 5.4 5.4 5.4 5.2 5.1 5 4.9 4.9 4.9 4.9 4.8 4.9
5.4 5.2 5 4.8 4.6 4.5 5.1 5 5.4 5.6 5.9 5.5 5.3 5.3 5.3 5.3 5.3 5.3 5.4 5.4 5.4 5.3 5.2 5.2 5.3 5.3 5.3 5.3 5.3 5.3 5.3 5.3 5.4 5.5 5.5 5.4 5.3 5.2 5.3 5.4 5.5 5.5 5.5 5.2 5 5.1 5 5.1 5.2 5.2 5.3 5.3 5.2 5.1 5.1 5.5 5.4 5.2 5.1 5.3 5.6 5.2 5.1 5.2 5.2 5.2 5.1 5 5.2 5.5 4.9 5.3 5.4 5.4 5.5 5.1 5 5.2 5.6 4.9 4.6 5.2 5.5 5.7 5.7 5.6 5.4 5.2 5.1 5 5 5 5 5 4.9 4.9
5.4 5.3 5.1 4.9 4.7 4.8 5.1 5 5 5.6 5.8 5.4 5.3 5.3 5.3 5.3 5.2 5.3 5.3 5.4 5.4 5.3 5.1 5.1 5.2 5.3 5.3 5.3 5.3 5.3 5.3 5.2 5.3 5.3 5.3 5.3 5.2 5.3 5.3 5.4 5.4 5.5 5.4 5.2 5.1 5 5 5.1 5.2 5.2 5.3 5.3 5.2 5.2 5.2 5.2 5.5 5.4 5.4 5.1 5.6 5.3 5 5.1 5.3 5.3 5.1 5.1 5.1 5.1 5.1 5.2 5.2 5.3 5.3 5.5 5.1 4.6 5 5 4.9 5 4.4 5.7 6 5.8 5.3 5.2 5.1 5 5.1 5.1 5.1 5.1 5 4.9
5.5 5.4 5.2 5.1 5.2 5.4 5 5.4 5.2 5.5 5.6 5.4 5.4 5.3 5.3 5.2 5.1 5.1 5.2 5.3 5.4 5.3 5.8 5.1 5.2 5.3 5.3 5.3 5.3 5.3 5.2 5.2 5.1 5.2 5.2 5.1 5.2 5.3 5.3 5.2 5.4 5.5 5.4 5.3 5.2 5.1 5.1 5.1 5.2 5.3 5.3 5.3 5.3 4.9 4.9 4.9 5.5 5.7 5.5 5.1 5 5.2 5 4.8 5.4 5.2 5.1 5.1 5.1 5.1 5.1 5.1 5.1 5.1 5.1 5 4.5 4.6 4.9 5.2 5.2 5.1 6 6.2 6.5 5.9 5.4 5.1 5.1 5 5.2 5.2 5.2 5.2 5 4.8
5.6 5.5 5.5 5.5 5.5 5.4 5 5.5 4.9 5.4 5.2 5.4 5.4 5.2 5.2 5.2 4.9 5 5.1 5.2 5.3 5.3 5.3 5.4 5.2 5.2 5.2 5.2 5.2 5.2 5.2 5.2 5.1 5.1 5.1 5.2 5.3 5.4 5.3 5.2 5.2 5.4 5.4 5.3 5.2 5.1 5.1 5.1 5.2 5.3 5.3 4.9 5.3 5.4 5.5 5.8 5.2 5.4 5.5 5.2 5.5 5.4 5.2 5 5 5.2 5.2 5.3 5.3 5.2 5.1 5.1 5.1 5.1 5.1 5.1 4.8 4.9 5 5.3 5.3 5.8 6.6 7.2 7 6 5.4 5.1 5.1 5 5 5.3 5.3 5.1 4.9 4.7
5.4 5.5 5.5 5.5 5.5 5.4 5.2 5.7 5.9 4.8 5 5.4 5.6 5.7 5.4 5.1 4.8 4.9 5.1 5.2 5.3 5.3 5.2 5.2 5.2 5.2 5.2 5.2 5.2 5.2 5.2 5.2 5.1 5.1 5.1 5.3 5.4 5.5 5.4 5.2 5.1 5.6 5.3 5.4 5.3 5.2 5.2 5.2 5.2 5.3 5.5 5.4 5.3 5.3 5.3 5.2 5.2 5.1 5.2 5.3 5.5 5.4 5.3 5.1 5.1 5.4 5.5 5.5 5.3 5.2 5.1 5.1 5.1 5.1 5.1 5.1 5.1 5.1 5.2 5.4 5.6 6.4 7.2 7.7 7 6 5.4 5.4 5.2 5.1 5.1 5.4 5.1 5 4.8 4.6
5.4 5.6 5.4 5.5 5.5 5.3 5.4 5.5 5.2 5.6 5.6 5.3 5.5 5.7 5.3 5.2 4.8 4.9 5.1 5.2 5.3 5.4 5.2 5.2 5.3 5.5 5.5 5.4 5.4 5.3 5.3 5.3 5.1 5.1 5.2 5.3 5.4 5.5 5.6 5.7 5.8 5.9 5.2 5.3 5.4 5.3 5.3 5.3 5.2 4.8 5.3 5.2 5.2 5.2 5.2 4.8 5.5 5.4 5.3 5.2 5.2 5.3 5.1 5.2 5.7 5.7 5.6 5.4 5.3 5.1 5.1 5.1 5.1 5.1 5.1 5.2 5.3 5.4 5.4 5.6 6.3 7.1 7.6 7.1 6 5.4 5.4 5.3 5.3 5.1 5.6 5.5 5 4.8 4.6 4.5
5.5 5.6 5.2 5.3 5.2 5.1 5.2 5.5 5.4 5.3 5.3 5.6 5 5.2 5.4 5.2 5.2 5.2 5.1 5.2 5.3 5.5 5.1 5.2 5.4 5.6 5.8 5.8 5.7 5.7 5.7 5.7 5.7 5.5 5.3 5.5 5.5 5.5 5.4 5.5 5.6 5.8 5.2 5.2 5.3 5.3 5.3 5.3 5.2 5.1 5.1 5.1 5.1 5.1 5.1 5.1 5.5 5.5 5.4 5.3 5.2 5.2 4.7 4.8 4.7 4.6 5.3 5.4 5.2 5.1 5.1 4.9 5.2 5.3 5.3 5.3 5.3 5.4 5.6 6.1 6.3 6.9 6.5 5.9 5.4 5.3 5.3 5.3 5.3 5.2 5.2 5.2 4.9 4.7 4.6 4.7
5.2 5.7 5.1 5 4.6 5.4 5.8 5.7 5.5 5.3 5.5 5.6 5 5 5.5 4.8 5.5 5.7 5.6 5.4 5.3 5.7 5 5.3 5.5 5.7 5.8 5.8 5.6 5.7 5.8 5.7 5.6 5.6 5.8 5.7 5.3 5.4 5.4 5.3 5.5 5.6 5.3 5.3 5.3 5.3 5.4 5.3 5.2 5.4 5.1 5.1 5.1 5.1 5.1 4.9 5.7 5.6 5.5 5.4 5.2 5.3 5.4 4.9 4.9 4.8 4.9 5 5.2 5.3 5.3 5 5.4 5.5 5.5 5.4 5.4 5.7 5.8 5.8 5.8 6 5.6 5.3 5.3 5.3 5.3 5.2 5.2 5.5 5.3 5 4.7 4.7 4.8 4.8
5.1 5.3 4.5 5.1 5.1 5.3 5.8 5.2 4.8 5.2 5.3 5.5 5.4 5.7 5.5 5.4 5.4 5.5 5.5 5.3 5.2 5.3 5.5 4.9 5.3 5.2 5.8 5.8 5.5 5.2 5.3 5.6 5.4 5.5 5.7 5 5.3 5.4 5.4 5.3 5.3 5.4 5.2 5.2 5.2 5.2 5.3 5.4 5.4 5.5 5.1 5.1 5.1 5.1 5.1 5.1 5.7 5.5 5.2 5.3 5.3 5.3 5.4 5.1 5 5.1 5.1 5.2 5.5 5.4 5.5 5.2 5.6 5.6 5.6 5.5 5.5 5.5 5.5 5.5 5.5 5.2 5 5.1 5.1 5.2 5.2 5.2 5.4 5.4 5.1 4.8 4.8 4.8 4.8 4.9
5 5 5.5 5.4 5.3 5.3 5.8 5.3 5.2 5.1 5.3 5.5 5.1 5.7 5.4 4.9 4.2 5.5 5.3 5.5 5.5 5 4.9 5.1 5.4 5.8 5.6 5.5 5.6 5.2 5 5.2 5.3 5.5 5.7 5.4 5.3 5.4 5.3 5.3 5.2 5.2 5.1 5.1 5.1 5.1 5.2 5.2 5.4 5.5 5.1 5.1 5.1 5 5 5 5.1 5.2 5.3 5.3 5.4 5.4 5.4 5.4 5.2 5.3 5.2 5.2 5.2 5.1 5.5 5.9 6.6 6.2 6.2 6.2 6.1 5.7 5.5 5.5 5.2 5.1 5 5.2 5.2 5.3 5.4 5.7 5.1 5.2 4.9 4.8 4.8 4.8 4.9 4.9
5.3 5 4.8 5.5 5.1 4.9 5.2 5 5.3 5.7 5.4 4.9 5.2 5.4 5.4 5.1 5.6 5.3 5.1 5 5.3 5.4 5.5 5.2 5.4 5.6 6 5 4.9 5.2 4.8 4.9 5.2 5.5 5.7 5.3 5.3 5.3 5.3 5.2 5.2 5.1 5.1 5 5.1 5.1 5.1 5.2 5.2 5.4 5.1 5.1 5.1 5.1 5.1 5.1 5.7 5.3 5.4 5.4 5.4 5.5 5.5 5.4 5.3 5.2 5.2 5.2 5.3 4.7 5.3 6.1 6.6 6.8 6.8 6.8 6.8 6.2 5.6 5.4 5.3 5.1 5 4.9 5.4 5.4 5.7 5 4.9 5 4.8 4.9 4.9 4.9 4.9 4.9
5.4 5.3 5 5.4 4.7 5.1 5.3 5.7 5.2 5.3 5.3 4.8 4.7 5.6 5.6 5.2 5.1 5.2 4.9 5.2 5 5.4 5.3 5.1 5.2 5.6 5.7 5.3 5.1 5.1 5.2 5.3 5.3 5 5.2 5.3 5.3 5.3 5.3 5.2 5.1 5.1 5 5 5.1 5.1 5.2 5.2 5.3 5.2 5.2 5.1 5.2 5.2 5.3 5.3 5.4 5.4 5.4 5.5 5.5 5.5 5.6 5.5 5.6 5.3 5.1 5.2 5.3 5.2 6 6.5 6.8 7 7.1 7.1 7 5.9 5.2 5.3 5.3 5.1 5 4.9 4.9 5.5 5.2 4.8 4.8 4.8 4.9 5 5 5 5 4.8
5.4 5.4 5.1 5.2 5.5 5.4 4.9 4.7 5.2 5.2 5.3 5.1 5.3 5.6 5.9 5.4 5.2 5 5.4 5.3 5.1 5.1 5.2 5 5.1 5.2 5.3 5.3 5.3 5.4 5.5 5.4 5.8 5.1 5.1 5.3 5.6 5.3 5.2 5.5 5.1 5 5 5 5 5.1 5.2 5.2 5.3 5.3 5.2 5.3 5.3 5.3 5.4 5.4 5.4 5.4 5.4 5.5 5.5 5.6 5.6 5.7 5.7 5.7 5.4 5.2 5.3 5.4 5.4 6.1 6.6 7.1 7.2 7.3 6.7 5.5 5 5.1 5.2 5.2 5 4.9 5.3 4.7 4.9 4.8 4.8 4.9 4.9 5 5.1 5 5 4.7
5.4 5.4 5.4 5.3 5.8 5.3 5 5 5.1 5.2 5 4.9 5.3 5.3 5.5 5.3 5.2 5.1 4.7 4.9 5 5.2 5.3 5 5 5.1 5.1 5.2 4.6 5.5 5.5 5.3 5.2 5.2 5.2 5.8 5.8 5.5 5.9 5.1 5 5 4.9 4.9 5 5.1 5.2 5.2 5.3 5.3 5.3 5.3 5.3 5.4 5.4 5.3 5.3 5.4 5.3 5.3 5.3 5.3 5.4 5.7 5.4 5.2 5.8 5.6 5.3 5.2 5.2 5.5 6.1 6.5 6.5 6.9 6.3 5.5 5.7 5.6 5.4 5.2 5.1 4.6 4.8 4.8 4.7 4.9 5 5 5.1 5.1 5.1 5.1 4.9 4.6
5.4 5.4 5.5 4.7 5.7 5.4 5.4 5.3 5.3 5.3 5.2 5 5.5 5.6 5.3 5.4 5.3 5.2 5 5 5.1 5.3 5.5 5 5.1 5.1 5.2 5.2 5.4 5.4 5.5 5.5 5.3 5.2 5.4 5.7 5.8 5.5 5.3 5.2 5.2 5 4.9 4.9 5 5.1 5.2 5.3 5.4 5.4 5.3 5.3 5.4 5.3 5.3 5.2 5.3 5.4 5.4 5.4 5.3 5.2 5.3 5.7 5.7 5.6 5.4 5.9 5.6 5.8 5.6 5.4 5.7 5.6 5.7 6.1 5.6 5 5.2 5.5 5.4 5.2 4.9 4.8 4.7 4.8 4.8 5 5.1 5.1 5.2 5.2 5.2 5.2 5 4.7
5.7 5.4 5.6 5.5 5.7 5.4 5.3 5.3 5.3 5.3 5.3 5.2 5.4 5.7 5.4 5.5 5.1 5.2 5.2 5.1 5.2 5.3 5.2 5 5.1 5.1 5.2 5.3 5.3 5.2 5.2 5.2 5.3 5.3 5.5 5.6 5.6 5.5 5.4 5.3 5.4 5.4 4.9 4.9 5 5.1 5.2 5.3 5.4 5.4 5.4 5.3 5.5 5.7 5.2 5.2 5.3 5.5 5.6 5.5 5.4 5.1 5.5 5.8 5.6 5.4 5.3 5.3 5.1 5.4 5.7 5.5 5 5.2 5.4 4.9 4.9 4.8 5.1 5.2 5.4 5.2 5.1 5.3 5.1 4.8 4.9 5 5.1 5.1 5.1 5.2 5.2 5.6 5.1 4.9
5.5 5.6 5.8 6 5.7 5.4 5.4 5.4 5.4 5.4 5.4 5.3 5.3 5.5 5.5 5.5 5.1 5.1 5.1 5.2 5.1 5.1 5.2 5.1 5.1 5.2 5.2 5.3 5.3 5.3 5.3 5.3 5.3 5.5 5.5 5.5 5.5 5.5 5.5 5.5 5.5 5.6 5.2 5.1 5 5.1 5.2 5.3 5.4 5.4 5.4 5.2 5.2 5.4 6 5.3 5.4 5.6 5.7 5.7 5.6 5.4 5.6 5.8 6 5.2 5.3 5.4 5.1 4.9 5.6 5.9 5.2 5.5 5.5 5.4 5.4 5.6 5 5.1 4.9 5 5.3 5.3 5.5 4.9 4.9 5 5.1 5.1 5.1 5.2 5.2 5.8 5.2 5.1
5.1 5.5 5.7 5.9 5.5 5.4 5.4 5.5 5.5 5.5 5.5 5.2 5.2 5.4 5.6 5 5 5 5.2 5.7 5.8 5.5 5.5 5.6 5.2 5.3 5.3 5.3 5.4 5.4 5.4 5.4 5.4 5.6 5.5 5.4 5.5 5.4 5.4 5.5 5.6 5.7 5.8 5.6 5.2 5.1 5.2 5.3 5.4 5.5 5.5 5 5.1 5.2 6.2 5.1 5.7 5.7 5.8 5.8 5.1 5.7 5.3 5.4 5.9 5.2 5.4 5.5 5.7 5.3 5.4 5.6 5.6 5.6 5.6 5.7 5.7 5.6 5.4 5.5 6 5.6 5.1 5.1 5.2 5.1 5 5.1 5.1 5.2 5.3 5.3 5.3 5.4 5.4 5.4
5.5 5.5 5.9 5.7 5.5 5.5 5.3 5.3 5.4 5.5 5.5 5.2 5.1 5.1 5.2 5.3 5.4 5.4 5.1 5.8 5.6 5.3 5.8 5.9 5.8 5.4 5.3 5.3 5.4 5.4 5.4 5.4 5.5 5.5 5.4 5.4 5.4 5.4 5.4 5.4 5.7 5.8 5.8 5.6 5.3 5.9 5.1 5.2 5.4 5.6 5.3 4.9 5 5.5 5 5.2 5.8 5.6 5.5 5.6 5.2 5.7 5.5 5.3 5.6 5.7 5.4 5.8 6 5.7 5.6 5.7 5.7 5.9 6.1 6.7 7.1 6 6.4 6.7 6.7 6.1 6.2 5.7 5.6 5.4 5.4 5.2 5.4 5.2 5.4 5.5 5.4 5.6 5.5 5.3
5.4 5.4 5.9 5.7 5.5 5.6 5.5 5.3 5.1 5.2 5.3 5.1 5.1 5.2 5.3 5.5 5.6 5.4 5.1 5.6 5.5 5.5 5.4 5.3 5.2 5.3 5.2 5.3 5.3 5.4 5.5 5.5 5.5 5.4 5.3 5.3 5.3 5.3 5.3 5.5 5.8 5.9 5.7 5.4 5.4 5.7 5.3 5.3 5.5 5.6 4.9 5.1 5.4 5.2 5.3 5.4 5.4 5.4 5.2 5.8 5.3 5.3 5.3 5.2 5.6 5.4 5.6 6 6.8 6.5 6.4 6.9 7.3 7.4 7.5 7.4 7.4 7.7 8.4 8.5 8.2 7.5 9.2 9.1 6.2 5.9 5.7 5.7 5.7 5.1 5.4 5 5.9 5.8 5.6 5.4
5.4 5.8 5.8 5.7 5.5 5.6 5.7 5.5 5.3 5.8 5.3 5.2 5.2 5.3 5.4 5.5 5.5 5.4 5.1 5.4 5.6 5.6 5.4 5.3 5.3 5.2 5.1 5.2 5.3 5.4 5.5 5.6 5.5 5.4 5.3 5.4 5.4 5.4 5.4 5.6 5.9 5.8 5.5 5.2 5.5 5.5 5.5 5.5 5.6 5.3 5.1 5.5 5.6 5.5 5.4 5 5.4 5.5 5.5 5.6 5.8 5.6 5.4 5.9 6.3 6.8 6.9 7 8 8 8.2 8.6 9 9.1 9.1 9.4 9.6 9.8 9.9 10.5 10.2 9.6 9.6 9.4 7.7 7 6.3 6.1 5.7 5 5.7 6.1 6 5.9 5.7 5.5
5.4 5.4 5.4 5.6 5.6 5.6 5.8 5.7 5.3 5.3 5.3 5.3 5.2 5.3 5.4 5.4 5.6 5.5 5.2 5.4 5.7 5.7 5.4 5.3 5.2 5.2 5.3 5.2 5.3 5.3 5.7 5.6 5.4 5.3 5.3 5.4 5.5 5.5 5.5 5.7 5.1 5.1 5.2 5.4 5.6 5.6 5.7 5.7 5.6 5.6 5.4 5.4 5.3 5.2 5.6 5.6 5.5 5.5 5.5 5.6 5.7 5.6 5.8 5.7 6.4 6.9 8 8.7 9.3 8.8 9.4 9.9 10.4 10.7 10.8 11.1 11.6 12.4 13 12.5 11.8 10.3 10.5 10.3 9.1 8.5 7.8 7.1 6.3 5.8 5.9 6.1 6.1 6.2 6.2 6.1
