Assets/StreamingAssets/GeoData/Data/st/ST38.asc
ncols 200
nrows 200
xllcorner 330000
yllcorner 180000
cellsize 50
[rows 0 to 42 of 200, columns 96 to 191 of 200]
76.4 82.9 88.2 92.1 96.8 100.4 100.4 99.7 101.7 102.8 100.5 97.8 95.6 89.8 83.4 76.3 77.4 82.9 80.4 75.8 70.5 64.1 60.5 55.8 48.6 43.7 42.7 42.2 39 36.8 36.8 35.4 33.5 31.5 31.1 30.8 30.8 30.1 29.5 29.1 28.6 28.6 27.9 27.6 27.4 27.4 27.6 27.9 27.2 26.3 27.5 28.9 29.3 29.2 30.6 32.1 30.6 27.4 25.9 32.7 38.1 40.3 40.2 39.8 36.8 30.9 24.8 21.8 20.7 20.3 19.8 19.6 19.9 22.2 21.7 22.7 26.1 29.4 32.7 36.2 39.1 41.3 43.7 45.9 49 49.8 49.2 47.3 47.7 49.3 50.5 50 46.9 40.3 35.7 42
75.2 81.4 86.6 92.1 96 99.5 98.7 96.6 98.6 99.3 99.3 98.2 95.9 91.7 84.8 74.9 69.6 76.9 78.1 74.1 68.7 60.3 53.9 48.7 44.4 41.9 39.8 37.3 36.4 36.4 36 34.3 31.7 30.4 29.6 29.8 29.5 28.8 28.5 28.1 27.5 26.6 26.4 26.6 26.3 26.1 25.8 25.3 24.7 24.7 24.9 25.9 26.1 26.9 28 27.9 26.5 24.5 24 27.9 33.3 37.5 38.7 37.7 34.1 28.3 22.5 20 19.8 19.2 18.6 18.9 19.4 20.4 21.1 21.1 25.2 28.3 29.2 31.6 34 36.5 39.2 42.3 45 46.1 45.9 45.3 46.8 47.6 48.8 48 43.7 36 35.9 45.1
77.8 83.8 87.6 90.6 94 96.9 96.5 94.6 96 96.2 98.1 98.1 96.6 91.8 84.5 74.9 65.5 65.3 68 66.5 61.7 53.9 47.3 44.1 41.1 39.2 38 36 35.1 34.7 33.9 32.5 30.8 30 28.9 28.4 28 27.6 26.9 27.1 26.3 25.9 25.6 25.5 25.3 25 24.9 23.9 23.6 23.9 24.1 23.8 24.2 24.6 25.1 25.3 23.4 22.3 22.1 25.3 27.4 31.5 34.3 33 29.5 24.7 20.5 18.8 19.4 18.3 18.3 18.6 18.9 19 19.3 20.5 26.2 28.3 26.1 28.3 30 31.8 34.9 38.4 40.8 42.2 42.5 43.9 45.1 45.6 46.8 45.8 40.5 33.8 37.7 44.9
76.2 81.3 85 88.4 91.6 94.6 93 92.9 94.2 93.3 96.4 98.4 95.9 90.8 84.6 75.6 66.4 54.9 53.7 57.5 52.9 48.3 43 41.3 39.4 37.9 36.3 35.3 33.9 33.4 33.2 31.9 30.4 29.6 28.9 27.9 27.2 26.6 25.7 26 25.4 24.9 24.7 24.6 24.5 24.3 24.2 23.4 23 22.5 22.6 22.3 22.4 22.8 23.2 22.6 21.8 20.7 20.7 21.5 22.7 24.7 26.2 25.9 24.2 22.3 19.7 18.6 18.2 17.7 18 18.3 18.5 18.5 18.5 20.3 26.3 27.2 23.7 24.6 26.3 28 31 34.1 36.4 38.3 39.8 42 42.9 43.7 44.7 43.9 38.4 32.1 37.4 43.7
72.9 79.4 85.4 86.7 89.3 91.6 90.3 90.3 92.1 90.9 95.8 97.4 93.9 90.6 84.6 76.3 67.1 57.2 53.3 51.5 51.2 46.4 41.5 40.6 38 36.5 37.7 36.4 35.2 33.9 32 30.8 30.1 29.6 29.7 29.1 28.2 27.4 27 26.5 25.9 25.3 24.7 24.5 24.3 24.1 24 23.3 22.5 22.1 21.6 21.7 21.3 21.5 21.1 20.5 20.3 20.1 20.1 19.1 19.7 20.3 20 20.1 19.9 19.8 19.1 18.6 17.8 17.2 17.5 17.6 17.8 18 18.1 18.5 23.2 24.7 21.7 21.7 22.9 24.6 27.1 30 31.9 33.8 36.9 39.3 40 41 42.6 41.8 37.6 31 34.8 41.4
72.9 78.9 83.7 85.5 87.7 89.2 89.2 89 87.6 90.6 94.3 96.7 92.7 89.7 81.9 72.3 65.2 59.4 55.1 56 55 53.6 40.4 39.8 39.7 39.4 35 33.7 33.3 32.8 31.6 31.9 32 31.5 31.6 30.8 30.7 30.3 28.9 27.6 27.4 26.4 25.8 25.2 24.5 24.3 24 23.6 22.9 22.5 21.9 22.5 24 23.8 23.2 22.8 22.4 22.2 21.7 20.5 19.2 18.7 18.3 17.9 17.8 17.9 18.1 17.4 17.1 16.8 16.9 17 17.1 17.3 17.4 17.7 18.9 20.4 20.2 20.2 20.1 20.8 23 24.9 27.2 29.9 33.4 35.5 36.6 38.6 40 39.5 36.1 29.8 32.5 38.6
80.8 83.9 85.5 86.4 87.4 87.4 87 84.4 83.7 89.6 93.7 94.8 91.2 86.7 79.1 70.6 62.6 55.8 51.7 51.6 49 44.2 39.8 40.3 38.7 38.7 35.5 34.4 33.9 34.2 34.9 35 34.5 35.1 34.6 33.7 33.1 32.4 31.1 30.9 29.9 29.1 28.1 26.3 25.1 24.8 24.3 25.5 28.3 27.4 27.8 25.3 22 22.5 25 30.1 33.5 33.4 28.1 23.4 22.3 20.8 18 17.6 17.1 17.4 17.4 17.2 16.8 16.4 16.3 16.4 16.6 16.7 16.7 16.9 17 17.7 18.4 18.7 18.8 19.1 20.2 22 24.7 27.4 30 32 33.4 35.8 36.8 36.4 32.8 28.4 30.3 35.8
85 87.3 88.3 88.4 86.5 86.1 85.9 79.7 79 87.9 92.9 94.1 91 80.1 71.3 63.1 60.1 52.3 46.7 47 46.3 46.5 39.2 39.3 38.1 38.2 39.2 45 44.6 44.2 44.1 42.1 39.9 37.7 37.2 36.7 36.2 35.6 35 34.4 33.8 33.2 34.7 35.6 34.2 34.4 33.9 27.1 26.4 26 26.7 27.5 25.7 25.4 29.7 36.9 38.3 38.1 36.5 34.6 29.1 22.6 21.5 19.9 17.2 16.4 16.2 16.5 16.4 16.1 15.9 16 16.4 16.3 16.2 16.3 16.6 16.7 17.5 17.7 17.6 17.9 18.8 20.2 22.2 24.8 27.2 29 30.4 32.4 33.5 33.6 30.6 28 30.2 34
86.3 89.2 90.4 88.6 83.5 78.8 72.8 77.1 80.5 86.6 87.6 86.8 80.7 71.9 64 56.4 48.3 47.5 47.1 45.1 42.9 40.9 39.2 38.5 38 37.7 40.2 41.2 43.7 46.7 46.7 45.9 44.6 43.2 42.8 42.5 42.1 41.6 41.1 40.3 39.5 42 44.6 44.2 41.1 38.2 37.2 33 33.3 33.7 33.8 33.2 30.7 27.9 33 36.7 37.4 37.6 36.4 34.1 31.4 26.8 25.9 26.2 21.3 18.8 17 15.8 15.8 15.7 15.4 15.8 16 15.7 15.6 16 16.1 15.8 16.5 17 16.9 17.3 18.1 19.1 20.2 22.1 24.1 26 26.9 28.5 30.2 30.2 27.5 26.9 30.4 33.3
87.9 90 90.7 88.8 82.5 70.3 65.8 72.2 78.4 80.1 76.5 72.5 63.9 54.8 49.2 48.8 51.6 48.9 45.7 43.5 41.7 40.4 39.1 38.5 37.8 37.5 40.1 41 45.4 58.6 63.7 63.4 64.8 64.5 63.7 62.4 61.6 59.9 58.5 56.7 55.1 52.8 50.4 48.2 44.8 44.3 42.2 38.9 38.3 36.9 35.3 33.8 32 32.4 34.6 35.8 36.5 36.1 35.2 33.4 31.5 31.1 30.4 29.5 27.9 26.2 21.6 18.8 17.4 15.4 15 15.2 15.4 15.1 15.2 15.8 15.6 15.2 15.5 16.2 16.6 17 17.7 17.5 18.7 20 20.9 22 22.8 23.9 25.6 26.8 25.1 27.3 30.3 33
89.9 90.2 90.1 86.9 82.2 69 62.6 65.6 66.1 64.7 60.2 52.5 50.5 50.2 49.4 49.8 49.3 46.3 44.5 42.5 41.3 39.3 37.6 36.7 36.4 37.2 41.1 41.7 49.7 62.8 69.9 71.1 70.6 68.1 65.4 62.9 60 57.7 56.1 55.7 55 54.2 52.4 48.6 45.3 43.2 40.9 38.7 37.5 36.5 35.6 34.2 33 34.1 34.4 35.7 36.5 36.3 35.1 33.8 33.5 33.5 32.3 30.5 29.3 27.7 26.1 23.7 19 19.1 16.9 17.4 15.5 14.8 15 15.5 15 15 15.3 16 16.6 17.3 17 16.8 17.6 18.7 19.3 19.4 19 19.9 23.1 24.1 22.6 26.6 29.9 31.5
90.8 88.9 87.5 83.6 75.1 65.3 61.3 58.8 56.2 51.9 51.6 51.7 50.7 45.3 43.5 44.2 45.2 44.6 41.3 39.4 38.6 38 37.3 36.5 36.7 38.7 41.1 41.6 50.7 58.4 67.5 76.5 75.7 70.1 65.3 61.7 58.9 56.2 53.8 52.9 52.6 50.7 49.3 46.8 44.5 42.6 39.7 38.4 38.1 37.2 36.1 35.4 34.2 33.6 33.9 35.7 36.4 36.2 35.2 34.5 34.2 33 31.3 29.8 28.8 28 27.7 26 22.1 17.2 15 14.8 18 19 19.2 19 19.1 17.8 16.5 16.6 17.3 17.8 17.1 16.5 17.2 17.7 17.7 17.9 18.3 19.6 20.6 21.5 21.3 24.4 27.9 28.5
88.1 85.8 81.7 75.9 69.1 62 55.5 53.1 52.3 46.8 44.5 45.7 42.6 41.2 41.2 42 43 42.3 41.4 38.4 37.2 36.8 36.8 36.3 36.5 39.9 40.8 42.9 55 61.9 68.8 79.6 78.4 74.3 68.8 64.1 59.2 55.3 52.4 51.2 50.1 47.8 45.9 43.9 42.7 41.1 39.5 38.2 37.4 36.5 35.1 34.4 33.1 32.8 33.4 35.2 35.8 35.8 34.9 34.4 33 31.1 29.3 28.4 27.9 27.4 27.3 26.2 23.1 18.6 15.6 14.5 14.3 14.7 16.5 19.6 23 21.8 21.6 21.3 20.6 18.3 17.8 17.5 17.5 17.6 17.8 18.2 18.4 19.1 19.4 20.1 21.5 24.1 25.8 26.6
82.2 78.1 72.2 67.2 56 54.8 55.7 52 46.6 42.1 39.1 39.6 38.5 39.3 39 38.6 39.9 39.2 38.7 38.5 36.8 35.8 35.3 36 36.9 39.9 46 57.4 64.1 69.4 76.2 79.8 78.1 75.7 71 66 60.4 55.6 52.1 50 47.2 44.1 41.8 40.1 38.9 38.5 37.3 36.1 35.1 34 33.4 33.4 32 32.2 32.9 34.2 34.8 34.3 33.2 32.1 31 29.2 27.7 27.1 26.5 26.2 26.2 25.5 23.2 19.7 16.3 14.7 14.2 13.6 19.1 26.5 29.5 32.3 35.2 30.1 23.8 21.5 20.9 18.6 18.5 18.4 18.4 18.4 18.5 18.8 19.2 20.5 21.7 22.6 23.5 25.2
73.4 67.2 60 56.6 59.3 56.8 52.6 48.8 45.5 41.9 38.5 36.7 34.9 34.8 35.2 35.4 35.5 35.5 36.7 36.5 35.7 34.9 34.4 34.8 36.5 45.2 58.6 68 72.4 74.7 76 75.6 74.4 72.9 69.3 65.1 60.9 56.7 52.6 49.6 46.2 42.3 38.5 36.2 35.3 35.4 34.7 33.9 32.9 32.3 32.4 32.7 31.4 30.5 30.8 32.6 32.6 31.8 31.4 29.8 28.4 26.9 26 25.4 24.7 24.5 24.2 23.6 21.9 19.7 16.8 14.8 14.4 15.4 20.1 26.9 29.1 30.9 34.3 37.1 39.4 38 28.8 20.5 20.1 18.8 18.8 19 20 18.7 19.3 20 21 22.1 23.3 24.4
66.1 60.1 60.7 56.4 57.4 53.6 49.8 45.6 42.9 39.5 36.9 34.7 33.9 33 32.5 32.6 32.7 33.4 34.2 33.3 33.3 33.3 33.2 34.3 40.9 53.6 65.5 71.8 72.6 72.6 71.4 70.1 69 67.7 64.6 61.5 57.8 54.3 50.9 47.2 43.6 40 37.1 34.4 32.2 31.9 32.3 31.8 30.8 30.7 32.1 32.8 32.1 29.9 28.4 28.8 28.2 28.4 28.1 26.8 25.9 25.2 24.2 23.4 22.8 22.4 22.1 21.9 20.7 19.2 17.2 14.6 14.2 15.6 19.9 24.8 27.3 29.8 32.2 36 39 40.1 38.9 31 23.6 20.8 19.1 18.9 18.7 18.5 19 19.8 20.6 21.5 22.7 23.9
62 54 54 54.4 53.2 49.4 45.2 41.6 39.6 37.6 34.5 33.8 33.1 32.3 31.3 30.5 30.6 31.5 31.9 31.5 31.1 31.6 32.3 32.9 43 57.4 67.2 69.7 69.5 68.6 67.3 65.7 63.5 62.5 60.8 57.8 54.8 51.5 48.2 45.8 41.3 38.3 35.6 32.8 30.6 28.9 28.3 29.8 28.9 30.1 31.8 33.3 33.8 31.9 27.6 24.6 24.6 24.7 24.5 24.1 23.6 22.9 22.2 21.5 21.6 21.3 21.2 20.5 19.2 18 15.9 13.5 13.9 15.9 19.8 23.5 26.4 28.9 31.2 33.4 36.1 38.1 38.8 32.8 25.8 24.2 23.3 22 19.6 19.5 19.4 19.9 20.6 21.4 22.2 23.1
52.8 48.6 51.1 50.7 47.6 44.3 39.7 38.2 37.4 34.1 33.3 32.6 32 31.5 30.8 29.2 29.2 30.9 31.5 30.1 29.7 28.2 31.8 33.6 46.5 59.3 65.9 66.4 65.8 64.9 63.6 61 59.2 58.2 56.1 54.3 51.5 48.6 45.8 42.9 38.7 36.2 33.6 31.2 29 26.8 26.1 26.8 28.1 30 32.4 35.1 35.3 31.6 27.4 23.4 21.5 21.5 22 21.4 21.1 20.6 19.9 19.7 20.1 20.4 19.4 18.3 16.5 14.7 12.9 13.3 13.4 16.9 20 22.9 25.8 28 30 32.2 34.5 36.7 37.6 30.3 31 33.6 31.5 28.4 26.5 24 20.6 20.5 20.6 21.3 22 23
50 45.5 45 43 40.3 38.3 36 35.4 33.8 32.5 31.9 31.3 30.7 29.5 29.3 28.1 28.4 30.7 30.4 28.8 28 27.1 28.8 34.1 46.6 57.5 62.6 62.4 62 61.2 60.7 58.4 56.8 54.8 53.3 51.8 48.4 45 41.7 38.8 35.6 33.7 31.5 29.4 27.2 24.4 24.3 25.5 28.2 31.4 34.3 35.5 33.7 29.9 25.9 22 19.5 19.1 19 19.3 19 18.1 17.2 17.7 17.7 17.2 16.6 14.7 13.6 13.2 13.5 13.6 16.3 18.5 21 23.5 25.5 27.5 29.3 31.1 33.4 36.2 37.2 36.1 37.4 40.9 43.5 44 39.8 29 26.5 23.9 21.8 22.3 22.6 22.8
45.4 40.6 37.3 35.7 34.6 34.2 32.3 32.6 31.4 30.6 30.1 29.7 28.7 27.2 27.1 26.4 29 30.1 28.4 27.5 26.6 26.1 27.9 30.9 42.8 52.1 56.8 58 57.7 57.5 57.6 56.1 54.5 52.8 50.8 48.9 45.8 42.3 38.4 36.2 33.5 31.9 29.5 27.5 25.2 22.8 22.6 25.9 29.4 32.7 34.7 34.6 31.2 26.9 22.6 20.3 17.9 16.9 17.5 17.5 17.2 16.8 15.9 16 16 14.8 13.7 12.7 12.7 13.5 15.1 17 18.5 20 22.1 23.5 24.8 26 28.1 30.5 34.2 38.1 39.6 38.3 38.9 41.6 44.1 46.7 49.2 41 30.7 26.5 24.5 21.8 20.5 23.7
38.7 35.5 33.3 32.1 31.4 28.8 29.1 29.8 29.8 28.7 27.9 28.4 28 26.3 26.1 27 28 27.8 27.1 26.6 25.8 24.8 26.2 30.4 37.2 44.7 49.6 52 53.5 54.7 54.7 53.6 52.5 50.4 48.2 45.7 42.9 39.8 37 34.6 31.4 29.1 27 24.5 22 20.7 22.6 26.6 30.4 33.4 33.5 30.6 26.9 23.1 20.1 17.4 15.1 14.9 15.8 15.7 15.2 14.7 13.9 13.5 13.5 12.7 12.5 13.1 14.6 16.4 18 20.4 21.1 21.4 23.2 23.4 24 25.7 28.6 32.1 37.2 44.5 46.7 43.7 40.8 41.8 43 45.5 47.4 48.1 38.5 31.8 27.2 23.2 21 20.3
33 31.4 30 28.5 26.8 25.8 26.9 28 28.1 27.1 26.6 27 26.8 25 25.2 26.8 26.5 26.3 26.1 26 24.9 24.2 25.1 26.8 31 37.4 41.9 44 47.8 50.7 52.3 51.6 50.4 48.4 46.2 44.1 41.8 39 36.4 33.2 30 26.4 23.5 20.9 19 19.6 22.2 26.3 29.7 31.2 29.1 25.3 21.9 18.6 16.1 14.1 13.1 13.4 13.6 13.5 13 12.3 11.9 11.4 12.2 12.9 15 16 17.3 18.6 20.7 22 22.9 23.7 24 24.4 25.5 28.4 32.4 37.2 43.4 50.6 55.2 51.7 47.4 44.2 42.2 42.7 44.2 46.4 47.7 44.2 36.5 28.8 23 19.3
30.2 28.8 27.4 24.9 24 24.5 25.6 25.9 26 26 24.7 24.9 24.6 23.7 25.1 26.6 24.5 24.2 24.1 24.3 24.1 23.5 24.1 25.7 29.8 33.2 35 35.7 40.5 47.7 49.8 49.7 48.4 47 44.8 42.8 41 38.2 35.3 32.1 29.2 26.1 22.1 19 17.4 18 22 25.1 26.8 26.3 23.2 19.4 16.1 13.5 12 11.4 11.6 11.9 12.2 11.5 11.5 11.4 11.5 11.9 12.4 14.9 16.6 18.1 19.5 20.5 21.3 22.3 23.3 24.4 25.8 27.1 30.2 34.1 38.3 43.4 49.8 56.8 61.4 57.9 52.6 45.6 41.5 41 41.7 42.9 45.2 46.7 44.8 32.4 27.1 19.6
27.6 26.1 24.5 23.1 22.3 23.2 24.1 23.9 23.9 24 22.5 22.7 23.7 24.4 25.1 25.1 23.8 23.2 23.3 23.3 23.3 22.9 23.4 24.2 25.7 29.1 31.1 32.7 37 43.6 47.4 47.9 46.5 45.2 43.4 41.8 39.8 37.4 34.5 31.6 28.9 25.8 21.5 17.4 15.9 16.5 20.6 22.8 23.2 20.9 16.8 13.6 11.7 11.8 11.9 11.3 11.4 11.4 11.4 11.2 11 11.2 11.9 12.2 13.4 14.8 16.8 18.3 19.3 20.5 21.4 22.2 24.4 27.3 29.8 33.3 36.9 40.3 44.2 50.8 57.7 64.2 64.2 61.2 55.5 47.7 41.4 39.4 39.8 40.3 42.5 44.4 46.5 40.9 30.3 22
23.5 23.3 22.4 21.5 20.8 21.4 22 21.8 21.6 20.6 22.7 25.4 26 25.4 25.4 25.5 25.1 23.9 22 22.1 22.2 21.4 22 23.2 24.3 27.3 25.6 29.6 34.4 40.3 44.4 46.2 45 43.8 41.7 40.3 38.4 36.3 33.5 31.6 29.2 26.3 23 18.9 14.8 14.8 18.7 20.1 18.9 15.6 12.1 9.4 10.3 11.6 11.5 12.1 12.2 10.3 12.2 12.2 11.5 10.5 12.5 13 13.8 15 16.5 17.9 19.1 20.2 21.5 23.6 27 31.8 36 39.8 43.9 47.5 53 60.2 64.2 64.5 64.2 63.8 56.8 48.7 41.5 38.6 38 38.3 39.6 41.7 43.8 45 41.9 28
20.9 21.3 20.9 20.2 19.6 19.4 18.2 19.5 20.3 26 29.4 30.6 29.5 28.7 26.1 26.1 25.8 25.7 21.8 21.3 21.7 20.4 20.3 21.6 23.2 24.8 27.1 28.5 32.3 38.3 43.7 45 44 42.5 40.7 38.7 36.9 35.2 33.2 30.8 29.2 26.8 23.7 19.6 15.6 13 15.2 16.6 14.3 11.6 11.2 11.6 11 11.8 13.2 14 14.1 14.5 14.2 13.6 12.9 12.7 13 13.7 14.7 15.6 16.3 18.9 19.3 20.8 23.1 26.7 32.7 38.3 44.3 48.1 51.9 56 63.3 65.3 65.3 64.8 64.8 64.4 56.8 48.8 41.7 38.7 35.7 36.6 37.9 39.6 41.3 43.8 43.3 33.5
18.9 19.4 20.1 19.5 17.7 20.1 23.7 26.4 29 34.8 36 37.2 36.7 34.4 30.8 27.7 26.6 25.9 23.7 21.7 21 19.8 19.4 20.3 22.1 23.6 26.1 27.6 30.4 36.2 41.4 43.1 42.4 41.2 39.5 37.6 35.2 32.3 30.1 28.6 27.1 24.8 22.4 18.4 13.7 11.6 11.9 12.4 10.9 10.1 10.8 9.8 13 15.1 16.1 16.4 16.6 16.7 15.9 15 13.7 13.2 13.4 14.3 16 16.9 17.7 19 20.5 22.5 26.9 31.2 39.3 46.7 52.1 56 59.7 65.3 65.3 65.3 65.3 64.8 64.8 64.5 57.8 49.3 42.1 38.9 37 35.8 36.5 37.7 39.5 41.7 43 37.7
18 18.2 18.9 15.1 21.9 30.8 30.3 32.9 35.5 40.4 46.5 52.3 51.3 48.6 42.7 39.8 35.8 30.7 27 24.7 22.5 20.3 18.5 19 21 22.6 23.6 26.1 30.5 35.5 39.9 42.1 40.7 39.9 38.6 36.9 33.2 30.2 26.8 24.9 22.7 21.4 19.4 16.1 12.3 10.9 10.8 10.6 10.8 10.9 11.8 14.2 16.6 18 18.5 18.7 18.6 18.3 17.4 15.6 14.2 14.4 14.6 15 16.5 18.1 18.9 21 23 25.9 32 34.2 42.3 51.9 58.2 62.2 66 65.3 65.3 65.3 65.3 65.3 64.8 64.6 58.9 50.6 42.8 38.8 36.5 34.3 35.1 36.4 38.1 39.9 41.6 38.6
17.3 17.8 15 23.9 28 27.4 30.3 33.9 40.5 55.7 63.6 63.4 62.6 61.5 55.3 51 48.4 43.2 36.8 30.4 25.8 21.5 18.9 18 19.7 21 22.7 25.4 32.2 38.5 40.6 41.3 40.7 39.3 38 36.9 35.7 32.4 29.4 25.3 19.9 16.2 13.8 13.5 11.7 9.9 9.8 9.5 9.6 8.7 14.5 17.7 20.3 21 21 20.9 20.5 19.8 18.1 16.1 15 15.7 16.3 16.8 17.9 19.5 21.4 23.3 25.5 29.3 33.1 37.7 45.8 57 63.2 66.9 68.6 67.1 65.3 65.3 65.3 65.3 65.3 64.8 60.3 51.5 43.1 37.8 35.7 33.7 32.9 35.7 37.9 39.8 41 40.8
15.3 14.4 24.2 26.6 26 27.1 30.6 36.2 46.4 64.5 66.6 64.5 62.8 61 59.3 56.5 53.7 49.2 42.7 33.7 27.9 23 18.7 17.5 18.5 20.2 22.5 25.4 31.7 38.1 39.4 40 39.6 38.8 37.4 35.8 34.7 32.7 29.9 26.4 21.3 15 12.1 10.6 9.5 9.4 9.9 10.1 10.3 12.4 17.6 21.5 23.4 23.8 23.1 22.5 22 20.5 18.5 16.5 16.2 17 17.8 18.9 19.9 21.5 24.3 24.3 26.4 32.9 38.8 42 51.1 61.6 66.3 66.6 66.2 66.6 65.3 65.3 65.3 65.3 65.3 65.7 59.9 50.5 41.1 36.3 34 31.5 31.6 35.2 37.7 39.6 40.8 41
13.9 16.8 22.6 20.7 23.9 27.2 31.1 38.5 57.2 64.5 63.9 61.8 59.9 58.3 56.7 55.2 52.7 47.4 38.4 32.6 27.7 23.1 19.6 17.2 18.1 20.2 21.6 25.1 30.7 36.9 38.2 39.4 38.5 36.9 35.7 34.3 32.2 30.2 27.6 24.2 18.9 13.4 11 9.4 9.2 9 9.3 9.5 12.4 16.1 20.3 24.2 26.2 25.4 24.4 23.8 22.4 20.8 18.5 16.2 16.7 17.9 19.5 20.8 22.7 24.6 26.5 28.3 29.7 35.4 42 49 57.8 63.6 64.9 63.3 64.2 65.2 65.5 65.3 65.3 65.3 65.4 62.8 57.4 48.1 39.7 34.7 32.6 29.6 30.3 34.9 37.1 39.4 40.8 41.6
13.6 16.3 19.4 25.8 28 28.4 32.2 41 56.3 60.4 59.3 58.7 57.1 54.9 52.4 51.1 48.3 41.9 33.4 29 26.1 21.9 18.7 17.5 18 20 22.8 27.5 33.3 37.7 39.1 38.9 38.5 35.9 34 30.9 28.2 26.5 23.8 20.6 15.6 11.1 9.6 9 8.9 9.3 9.3 12.2 17.3 22.4 27 29.3 28.8 27.1 25.5 24 22.5 20.6 18.6 17.5 17.8 18.8 20.6 22.7 24.5 26.5 28.4 30.2 36 42.6 49.1 58.5 61.6 61.5 60.1 61.7 63.8 64.8 65.2 65 65.3 65.3 64.7 60.1 53.2 44.7 37.1 33.7 30.9 26.5 29.8 33.6 36.5 38.4 39.7 41.3
13.9 16.3 21.8 30.1 34.5 34 33.2 38 46.2 52.7 53.5 53.8 52.6 49.5 46.7 44.4 42.7 36.4 28.5 23.9 22.4 19.9 17.1 16.7 18 19.8 26.5 31.9 35.4 38.4 40.2 39.6 38.4 36.2 32.8 30.4 26.4 23.7 19.6 16.8 13.2 9.8 9 8.9 8.9 9.3 10.3 15.6 22.4 28.4 34.1 35.3 33.6 29.3 24.8 23.2 21.8 20.3 19.1 18.9 19.3 20.5 22.7 24.2 26.2 28.3 30.4 36.4 42.8 49.4 56 59.4 60 59.2 60.1 61.9 63.5 63.8 64.1 64.1 64.5 64.6 61.4 56.2 48.6 40.9 34.9 31.9 28.7 25.5 29.3 33 35.4 37.2 38.5 39.9
13.3 18.4 31.5 39.7 44.8 44.7 40.5 38.2 39.6 40.7 43.3 43.2 41.8 39.4 36 34.3 31.8 26.4 22.5 20.4 19 17.1 15.6 16.5 19 27.1 33.3 36 37.4 39.6 41.4 41.4 40.3 37 33.7 30.5 26 21.9 17.9 13.1 10.9 9.4 9 8.9 8.9 9.4 13.4 19.3 26 32.4 37.8 38.8 36.6 31.5 26 23 21.6 20.6 20.2 19.5 20.3 23.1 26.1 27.1 28.7 31 36.7 43.4 50.8 56.5 58.1 59.1 59.3 59.7 61 62.3 62.7 63 63.2 62.5 62.4 61.9 57.1 51 43.4 37 34.3 31.5 28.3 25.5 27.9 31.7 34.5 36.1 37.6 38.5
12.6 20.6 34.4 41.5 44.6 44.7 44.2 41.4 39.2 33 30 27.8 26.6 25.2 24.3 23.8 23.4 21.8 19.6 17.4 16.4 15.8 16.5 20.7 26.2 34.8 39.7 39.4 39.7 40.8 42.5 44.8 44.1 40 35.1 30.5 25.2 20.1 15.5 10.8 9.3 8.9 8.9 8.8 9.6 10.6 14 20.3 27.1 33.2 38.6 39 35.8 31.5 26.9 23.8 21.9 20.8 20.7 20.9 22.6 25.8 27.1 28.9 32.9 38.1 43.8 50.8 56.5 58.3 58.5 59 59.3 60.3 60.9 61.5 61.4 61.7 60.1 59.1 59.6 57 51.7 45 38.6 34.3 32 30 26.8 24.6 27.1 31.2 33.2 34.8 36.4 38.1
13.7 16.9 29.9 37.1 39.5 39.5 39.5 38 37.8 36.1 33.3 27.8 22.9 20.1 18.9 19.6 20.3 18.5 16.6 15.8 15.4 15.8 21.9 26.8 29 31.7 35.8 41.2 40.8 41.7 47.4 51.9 51.2 45.2 37.2 30.4 25.8 20.8 15.9 9.5 9.1 8.5 8.1 8.7 9.8 12.3 15.1 20.5 27.9 34.6 37.2 36.6 33.7 30 26.7 24.3 22.4 21.6 21.9 23.6 26.5 27.8 30.2 35.8 41.4 47 53.1 55.2 58.7 58.6 57.9 58.4 59.1 59.8 60.1 60.4 60.5 58.6 57 59.2 57.9 52.3 46.1 40.1 33.9 31.5 30 28.3 25.3 18.5 25.7 30.6 32 33.7 35.4 37
15.8 11 20.7 30.1 32.9 32.5 32.2 32.6 31.3 30.1 28.9 26.5 21.7 17.9 15.4 16 16 15.2 14.4 14.7 20.7 27.5 27.3 31 34.9 34.8 36.6 40.8 41.5 46.7 53.4 56.1 53.5 46.1 36.4 28.7 23.4 19.3 15.2 8.9 8.5 8.8 8.4 9 10.5 13.6 16.2 21.4 29.2 36 36.7 35 31.7 28.7 26.7 25.5 24.2 23.3 24 26.7 29.6 33.1 38.3 43.8 51.4 54.4 56.1 56.5 56 55.8 56.5 57.1 58.1 58.7 58.9 59.2 58.1 58.7 60.7 60.9 57.8 50.9 43.2 36.3 31.1 29 28.1 27.4 24.9 19.3 21.6 28 31 32.9 34.4 35.9
17.8 11 13.4 21.9 25.7 25.6 24.4 22.5 21.4 20.3 18.9 18 16.4 14.2 13.5 13.9 14 14.2 18.3 24 29.5 33.3 32.1 34.8 38 38.3 40.4 45.5 48.7 53.9 57.3 56.9 52.1 43.7 33.6 25.2 12.1 12.4 11.8 8.3 8.6 8.4 8.7 9.2 11.9 14.4 16.7 20.6 28.8 34.5 35.6 35 33.3 30.7 28.8 28.2 27 26.1 27.1 31.1 35.8 40.5 46 51.9 55.6 54.9 53.2 51 49.8 47.8 46.9 47.4 48.8 50.6 51 53.3 55.4 60.6 63 62 58.3 52.6 43.5 35 28.8 27 26.2 26.1 26 20.4 17.1 25.2 29.7 31.5 32.8 33.5
19.9 11.7 10.1 15.4 18.7 17.4 15.8 15.1 14.8 15.4 14.2 13.9 12.9 12.6 12.7 13.2 16.5 21.7 26.5 31.7 33.2 35 35.6 37.8 39.7 43.4 48.8 54.8 56.7 58.4 59.5 55.9 49.7 40.6 31 21.7 12.1 9.3 8.6 8.2 8.7 8.1 8.3 9.9 11.9 13.9 15.4 19.3 26.5 32.5 34.4 36.8 35.5 34.4 34.2 32 31.5 32.4 33.7 36.6 41.7 48.1 52.1 54.8 55.3 54.2 50 44.7 41.1 38.4 37.4 38.4 40.1 41 42.9 47.3 51.8 57.5 59.6 59.4 56.9 51.5 43.6 34.2 27.6 25.6 25.1 24.9 24.7 20.6 12.1 23.1 28.8 30.3 31.8 31.6
17.9 11.4 10.2 13 15.1 13 12.1 12.6 12.6 12.1 11.3 11.5 15 19.4 22.9 21.9 23.6 25.1 28.8 32.4 34.4 36.5 40.1 42.4 47.1 51.3 54.8 58.8 59.7 58.6 58 53.5 45.9 36.7 29 20.9 15.8 10.5 9.5 8.5 8.6 7.9 8.1 9.6 11.6 13.4 14.3 17.8 23.9 31 33.9 36 37.2 37.9 39 40.4 40.4 41.1 42.9 45.7 48.6 52.9 54.7 55.7 55.8 51.9 45.6 38 32.8 29.5 29.9 32.6 33.5 33.2 35 38.3 49.2 53.5 54.7 55.1 51.8 46.8 40.7 33.5 26.9 24.7 23.2 21 19.2 16.4 12.5 21.5 27.4 29.6 29.3 27.6
14.9 11.4 9.8 10.7 11.1 11.6 11.5 11.5 12.2 16.8 20.5 21.4 22 22.9 23.3 23.5 23.8 24.6 28.7 33.2 36.9 43.1 47.7 50.8 53.7 56.3 58.2 59.7 58 56.7 54.4 48.6 40.3 32.5 24.9 17.4 13.9 11.1 8.7 7.8 8 7.7 7.5 8.4 10.1 12.6 14.7 17.7 22.8 28.1 31.4 34.1 37.4 41.2 43.9 46.4 49.2 50.6 51.3 52.4 54.1 55.5 56.1 56.1 55.2 49.1 40.9 32.7 25.3 23.5 23.6 26.1 26.6 25.2 30.6 40.9 47.7 49.5 50.7 49.4 45.8 40.8 35.1 30.2 27.1 24.8 23.1 19 15.5 12.8 12.3 19.5 25.7 26.9 25.4 24
15.3 10.8 9 9.5 9.6 10.6 11.7 14.9 19.8 20.3 21.5 21.9 23.1 23.5 24.1 24.4 24.9 25.9 31.6 36.6 43.3 49.8 53.4 55.1 55.6 56.9 57.3 57 55.1 52.5 47 40.4 33.4 27.8 20.3 14.9 12.1 9.6 8 7.8 8.2 8.1 7.7 7.6 8.7 11.8 14.9 17.1 20.1 23.8 27.4 31.6 37.2 42.6 46.8 51.2 53.2 54.8 55.8 56.3 56.4 57 56.8 56.2 53.3 46.3 36.9 28.6 21.7 19.2 18.1 20 24.1 27.8 34.5 44 46.6 46 45.2 45.3 40.7 34.7 30.3 27.9 26.9 25.3 23.5 21.1 17.3 12.9 11.5 18 23.2 23.5 21.1 20.8
15 10.6 9.5 9.6 10.2 10.8 12.3 14.3 18.5 20.5 22.2 23.4 24.7 24.7 24.6 24.8 25.5 30.8 37.1 42.5 47.8 50.4 51.9 51.7 51.8 51.4 51.2 50.5 47.8 44.8 40.3 34.3 28.1 21.2 15.8 12.8 10.6 9 7.8 8.2 7.8 7.6 7.3 7 8.2 9.6 13.3 15.3 16 19 23.9 30 35.6 41.9 48.3 53 55.8 57.8 58 57.9 57.7 57.4 56.4 54.2 48.3 39.3 29.5 23.9 18.4 17 20.1 23.7 26.6 31.8 39.5 45.6 44.7 43.8 44.4 41.1 35.5 29.5 27.2 26 25.2 24.5 23.2 21.2 18.8 12.9 10.7 17.3 21 19.7 16.6 17.4
