Assets/StreamingAssets/GeoData/Data/st/ST45.asc
ncols 200
nrows 200
xllcorner 340000
yllcorner 150000
cellsize 50
[rows 0 to 36 of 200, columns 0 to 83 of 200]
4.8 4.1 4.7 4.2 4.5 4.8 5 5.3 5.2 5.2 5.3 5.4 5.9 5.7 5.7 5.7 5.6 5.6 5.6 5.7 5.8 6.8 8.7 11.2 13.7 13.9 14.5 15.5 16.1 17.2 18.2 19.1 20 19 16.1 15.7 16.2 17.4 18.6 19.4 19.2 18.5 17.8 16.1 13.8 12.6 11.6 11.9 12.5 13.1 13.7 14 14.8 16.1 17.2 18.5 19.2 18.9 19.6 20.7 24.7 26.3 27.4 28.4 28.5 29.2 30 31.1 31.9 32.7 33.1 33.2 34 35 35.9 37.7 38.2 38.7 39.4 41.1 42.6 43.9 45.3 47.1
4.7 4.5 5.2 5.1 4.6 4.8 4.5 4.9 5 5.1 5.2 5.2 5.5 5.7 5.4 5.8 5.8 5.8 5.8 5.8 6.2 7.7 10.7 13.1 14.5 14.9 15.3 16.4 17 18.1 18.9 19.7 22.1 23.4 16.3 16 16.3 17.5 18.8 20 20.1 19.7 18.6 16.7 14.3 12.9 12 11.9 12.4 13 13.8 14.6 15.7 16.3 17.9 19.5 21.1 21.4 21.5 21.4 22.3 22.8 24.4 25.9 27.8 29 30 31.1 32.1 33 33.9 34.3 34.8 35.5 36.1 36.8 37.5 38.6 39.4 41.2 42.5 43.7 45 46.2
4.8 4.9 4.9 5.3 5.4 4.5 4.9 4.9 4.9 5 5 5 5.4 5.5 5.5 5.4 4.7 5.9 6 6 6.6 7.7 10.2 12.6 12.7 13.5 13.7 15.7 17.4 18.8 19.9 20.4 20.9 20.8 17.5 17 16.9 18 19.7 20.5 20.7 19.8 18.8 16.9 14.8 13.2 12.5 12.7 12.9 13.4 13.6 14.2 15.1 16.1 17.7 19.3 20.9 22.1 23.2 23.3 23.6 23.3 23.1 25 26.5 27.7 29.8 31 31.9 32.9 33.8 34.9 35.8 36.3 37.1 37.8 38.7 39.6 40.6 41.7 42.6 43.8 45 45.5
5 5.2 5.3 5.3 5.4 5.3 4.9 4.9 4.9 4.8 4.8 4.8 5.3 5.5 5.4 5.3 5.8 6.2 6.2 6.3 6.8 7.7 8.3 9.1 10.3 10.8 12.5 14.5 16.6 19.2 20.6 20.9 21.3 23.9 16.9 17 17.7 18.8 20.2 21 20.6 19.2 19.3 17 15 13.6 14 14 14.1 14.9 15.1 15.6 16.3 16.5 18 19.6 21.2 21.4 23.1 24.4 25.3 25.5 25.1 24.8 25.1 26.4 28.6 30.7 31.7 32.7 33.6 34.6 35.7 36.6 37.5 38.4 39.3 39.9 40.9 42.1 43.4 43.7 45.2 45.5
5.1 5.4 5.6 5.6 5.4 5.3 5.1 5 4.8 4.8 4.7 4.7 5.3 5.4 5.4 5.4 5.8 5.9 6.2 6.9 6.7 7.3 7.9 8.6 9.2 9.8 11.3 13 15.9 19.1 21.2 21.4 21.3 20.4 23.9 17.4 18.5 19.3 20.3 21.4 21.1 21.2 17 16.1 14.9 15.1 15.5 15.8 16 16.5 16.9 17.5 17.8 18.1 18.3 19.9 21 21.1 22.2 23.4 25 26.2 27 26.9 26.6 26.6 27 29.1 31.1 32.5 33.4 34.4 35.4 36.2 37 37.9 39.2 40.2 41.2 42.4 43.2 43.8 45.4 46.1
5.2 5.1 5.2 5.2 5.2 5.1 5 4.9 4.8 4.7 4.7 4.9 5.3 5.4 5.4 5.6 5.9 6.3 7.1 7.4 6.8 7.1 7.5 8.2 8.6 9.1 10.5 12.3 15.1 18.6 21.4 21.9 21.8 19.7 18.2 19.1 20.2 21 21.6 21.9 21.4 20.5 18 16.4 16.5 16.8 17.1 17.5 17.8 18.3 18.8 19.1 19.4 19.7 19.8 20.2 21 21 21.5 22.2 24.1 25.2 26.6 28.2 28.6 28.6 27.5 28.1 27.4 30.8 32.2 33.7 35 35.8 36.5 37.4 38.8 40.5 41.2 41.8 42.9 43.9 45.4 46.6
5.3 5.2 5.1 5.1 5 4.9 4.9 5 4.9 4.8 4.8 5 5.4 5.4 5.6 6.1 6.4 7.2 7.7 7.9 7.2 7.2 7.7 8 8.6 9.1 10.4 11.8 14 17.2 20.9 22.5 21.2 18.8 18.4 19 20.6 22.2 23.6 22.9 21.4 19.7 18.5 17.8 18.3 18.8 19.1 19.4 19.8 20.1 20.6 20.5 20.9 21.3 21.6 21.8 22.2 22.4 23.1 24.1 25.1 26.4 28.2 29.1 29.8 30.2 30.3 30.4 30.3 29.4 30.5 32.2 33.8 35.6 36.3 36.9 38.5 39.9 40.6 41.3 42.5 43.4 44 45.6
5.3 5.1 5 5 5 5.1 5.1 5.2 5 4.9 4.9 5.3 5.7 6.7 7.4 7.7 7.7 7.8 8.3 8.5 8.4 8.6 8.7 8.5 8.8 9.2 10.4 11.6 12.5 14.1 18.2 22 21.5 19.1 20.6 20.3 21.7 22.9 22.6 21.3 20.8 20.4 19.3 19 19.5 20.5 20.9 21.3 21.8 22.3 23.2 23.7 24.3 24.6 24.8 24.9 25.2 25.4 25.7 26.6 26.8 28 29.7 30.6 31.3 31.5 31.8 31.9 32 31.9 31.7 32.7 33.3 34.5 36.1 36.8 38.1 39.3 40.5 41.9 43 44.1 45.3 46.5
5.2 5.2 5.2 5.2 5.3 5.3 5.4 5.3 5.1 5 5.5 6.3 6.8 7.9 9.3 9.4 9.5 9.6 9.9 9.9 10.1 10.3 10.5 10.2 9.7 9.9 10.4 11.7 13.4 17.9 20.4 22.2 21.4 21.5 21.8 22.1 22.6 23.1 22.4 21.8 21.6 21.7 21.3 20.6 20.4 20.8 22.7 24.3 25.8 26.6 27 27.7 27.9 28 28.2 28.2 28.3 28.6 29 29.4 29.9 30.3 31.2 32.1 32.5 32.8 33.1 33.4 33.6 33.9 33.5 32.8 33.3 35 37 38.2 39.4 40.4 41.4 42.6 43.8 45 46.2 47.6
5.4 5.4 5.4 5.4 5.5 5.5 5.6 5.4 5.2 6.1 7.1 7.9 8.7 9.8 11.2 11.2 11.6 11.9 12.1 12 12.1 12.2 12.2 11.8 11.3 10.8 11.6 11.7 12 17.1 19.6 21.1 22.8 21.7 22.3 22.9 22.9 22.6 22.3 22.5 23.2 23.5 24.4 24.1 25.6 27.5 28.3 29 30.7 31 31.3 31.7 32 32.1 32.3 32.3 32.3 32.7 33 33.3 33.6 34.1 34.3 35 35.3 35.6 35.8 35.9 36 36.1 35.6 34.9 34.7 36 37.5 39.3 40.7 41.8 43.3 44.3 45.3 46.5 48 49.4
5.6 5.6 5.6 5.7 5.7 5.8 6 6 6 7.4 8.9 10 11.2 12.3 13.7 13.8 14.5 14.9 14.5 14.2 13.9 13.8 14 13.8 12.8 12.5 12.5 12.7 12.7 15.5 20.3 21.8 22.3 22.9 21.5 22.7 23.7 23.4 23.6 24 24.7 25.2 27.3 29.5 31.5 33.1 34.1 34.6 35.5 35.8 36 36.3 36.7 36.7 36.7 36.8 37 37 37.3 37.9 38 38.1 38.1 38.4 38.8 38.9 39 38.9 38.8 38.9 38.5 37.7 37.1 38.5 39.6 40.8 42.5 44.1 45.3 46.4 47.5 48.7 49.9 51.3
5.8 6.1 6.5 6.7 6.9 7.1 7.3 7.3 7.5 9.3 11.2 12.8 14.4 16.2 17.4 17.5 17.9 17.6 17.2 16.3 16.1 18.3 17.4 16.4 15.6 15.1 15.2 17.5 17.5 15.1 19 22 22.5 23 23.4 23.9 24.5 24.8 25.2 26.2 26.9 28.3 32.1 33.6 36.6 38.7 40 40.5 41.3 41.8 41.7 41.5 41.6 41.9 42 42.2 42.4 42.1 43.1 42.6 42.9 42.9 43.2 43.3 43.1 43.1 43.2 43.3 43 42.7 41.5 40.7 39.9 40.9 42 43.2 44.6 46.5 48.3 49.8 51.3 52.2 52.8 53.4
6.6 7 7.4 7.7 8.1 8.3 8.5 8.6 9.4 11.2 14.3 16.6 18.4 20.2 21.4 21.3 21.2 21.2 22.4 22.2 21.6 19.7 19.4 19.6 18.7 18.1 18.8 21.8 22.9 19.9 17.2 22 23.6 24.2 25 25.6 26.1 26.6 27.1 28.6 29.8 33.7 37.2 40.9 43.3 45.3 46 47.5 47.7 48.6 48.2 47.6 48.5 48.3 48 48.3 48.7 48.7 50.3 52 51.1 48.9 49 48.9 48.9 49.3 50.2 49.8 50 46.8 45.2 43.7 42.8 43.3 44.5 45.6 46.8 49.7 52.5 55.8 56.4 56.5 56.8 57
7.4 7.8 8.2 8.6 9 9.3 9.7 10.5 11.4 13.1 17.5 20.3 22.2 23.7 28.8 29.1 28.9 28.2 27.9 27.3 26.8 26.4 25.3 23.7 22.1 22 22.1 23.7 25.1 22.9 18.6 21.2 24.9 25.8 26.5 27.2 27.8 29 30.5 31.9 34.7 39.5 42.8 46 50 53.7 58 59.9 58.5 55 54.3 53.8 54.6 54.3 54.6 55.9 59.4 63.9 67.3 71.1 72.5 64.8 60.9 59.7 64.5 63.6 64.8 65.6 58.2 52.4 49.6 47.4 46.3 47.2 48 49 51.3 55.5 58.9 63 66.1 66.6 62.9 61.9
8.2 8.6 9 9.4 10.1 10.8 11.6 12.4 13.6 15.7 19.4 27.8 31.7 34.9 37.1 37.4 38.6 38.7 36.8 34.7 33.3 32 30.4 27.9 26 26.1 27.7 29.5 28.4 25.8 20.2 21.1 25.1 27.2 28.1 28.7 29.8 32.5 34.2 35.9 42.3 50.7 55.5 62 66.5 70.8 74.1 75.4 76 73.6 72 71.4 72.6 74.4 77.6 78.6 81.4 83.7 86.2 90 91.5 89.4 85.1 83.9 85.1 85.5 82.9 79.4 68.5 60.3 54.4 51.9 50.6 51.3 52.7 54.1 59.4 65.5 71.1 77.4 81.6 78.5 73.3 69.9
10 10 10.3 11.1 11.9 12.6 13.5 14.3 16 18.1 27.1 34.1 40 45.2 48.3 50.9 53 53 50.3 47.5 43.1 39.3 36.7 34.4 30.7 31.8 35.4 35.4 33.1 27.8 21.5 22.7 26.7 28.7 29.6 30.2 31.8 34.4 38.2 40.2 52.3 67.9 70.7 79.1 86.2 91.2 94.6 95.7 96.5 95.6 95.2 95.4 95.7 94.2 93.8 94.6 96.8 99 101.9 105.8 109.1 106.7 102.2 101.4 102.7 104.4 100.1 89.2 81.3 73 61.9 56.9 55.4 55.9 57.8 61 66.6 74.1 81.8 90.4 96.3 95.5 92.1 86.5
11.9 11.9 11.9 12.5 13.1 13.7 14.8 15.8 20.3 23.6 32.5 39.8 49.6 58.1 65.3 68.9 70.4 69.8 67.4 63 57.8 52.4 47.9 42.9 38.5 39.5 41.7 39.9 35.8 28.7 21.9 23.4 27.8 29.6 30.4 31.6 33.6 36.3 39.5 43 54.3 70.7 84.9 95.3 104.2 107.5 108.7 110.4 111 111.9 109.6 107.2 108.9 109 108.4 108.9 108.8 111 112.9 116.2 119.6 117.6 115.4 114.2 115.5 115 108 100.5 94.3 86.5 76.5 67.4 62.1 63 67.5 70 74.6 81.6 90.2 100.1 107.6 108.1 105.2 100.6
14.1 14.1 13.6 13.7 13.8 14.3 17.5 19.2 21 25.4 34.3 44.4 54.8 67.2 78.7 83.8 84.4 83.5 82.3 79.8 75.3 68.5 62.8 57.2 49 46.9 47.6 42.9 37.7 31.2 23.9 23 28.6 28.8 32 33.2 34.8 37.5 41.3 46.6 60.5 67.2 67.8 77 80.8 86.2 92.6 95.3 103.8 108.9 112.9 116.9 119 119.4 118.4 116.8 116.8 117.2 118.1 119.6 121.4 122 122.7 122.7 121.5 119.7 116.7 110.6 104.9 97.5 88.6 81.5 73 74 79.9 83.4 84.4 87.2 94.8 107.8 113.2 114.5 112.6 107.5
16.3 15.6 15.4 17.7 17.5 19.5 20.6 21 22.1 25.8 33.4 40.5 52.3 67.9 82.6 86.8 89 91 91.1 91.2 89.3 82.7 75.6 68.7 60.7 56.9 51.5 45.4 38.8 32.3 26.4 23 27.5 31 32.2 33.5 35.3 37.8 41.4 45.8 51.6 47.5 66.1 70.3 66.3 66.4 66.7 95.4 97.2 111.1 113.3 126.2 126.3 125.5 123.5 122.9 121.6 120.7 120.7 121.3 121.8 122.6 123.6 124 124.1 122.1 119.7 117.6 113.5 108.5 101.3 94 88.1 90.1 94.4 96.5 93.5 93.1 99.4 112.3 117.2 116.6 113.9 108.4
19.2 18.8 19 20.9 22.5 24 24.9 24.6 25.2 26.8 30.8 35.7 48.3 64 77.7 86.8 92.1 94.3 95.6 95.9 94.8 89.3 83.9 76.2 68.9 61.2 53.6 46.4 39.4 33.9 29.3 24.6 25.5 29.9 32.5 33.7 35.7 38.2 41.8 46.4 58.1 58.3 64 66.3 67.6 68.1 68.5 97 97.8 112 114.5 128.8 128.4 126.4 125.9 125.6 124.9 123.1 122.1 121.5 121.8 122.5 123.5 124.3 125.1 123.8 121.1 120 118.7 115.7 109.2 102.5 99.1 101.1 105.5 106.5 100.6 96.9 104.3 112.3 116.4 116.3 114.2 109
24.6 22.8 23.1 25.5 28.2 30.7 31.9 32.5 32.5 33.6 35.9 37.7 43.2 55.6 72.6 83.3 91.1 94.8 96.2 96.5 95.7 93.6 87.8 80.4 70.4 61 52.9 45.4 38.7 34.6 30.4 26.9 24.2 27.8 32.6 34.2 36 38.4 41.9 46.4 52 62.1 66.7 70.2 85.6 106.3 108.2 110.3 111.2 113.7 115.5 126.9 127.7 126.1 125.5 125.9 125.2 124 122.5 121.2 121.8 122.6 123.4 124.2 124.3 122.6 118.9 116.3 114.5 110.9 107.8 104.1 102 104.3 107.1 106.3 101.1 100.4 103.6 109 113.2 114.1 113.9 111.8
32.3 28 28.5 32 35.3 38.5 41 43.9 46.9 50.3 50.9 51.5 51.6 56.2 64.9 77.6 86.8 90.7 92.8 91.4 90.3 89.3 86.2 77.7 66.8 57 49.2 43.7 38 34.8 31.9 29.4 26.9 24.9 32.9 32.7 34 37.4 40.9 44.5 49.6 55.3 60.9 69.8 87.8 106.8 112.3 114.5 116.3 119.4 121.6 123 123.4 122.3 121.5 121.7 121.9 120.8 120.3 119.6 119.3 120.3 120 119.7 119.1 116.4 111.2 106.2 103.4 100.1 98 95.9 96.3 98.2 102 103.8 102.8 102.5 104 107.3 110.3 112.2 112.3 111.4
40.6 35.2 36.3 40.4 43.9 49.1 53 58.2 61.4 64.2 63.6 61.7 62.1 61.3 65.6 73 80.8 83.2 84.7 83.6 82.5 80.1 74 65.8 56.9 49.8 45.6 41 37.4 35.4 33.2 31.2 30 28.4 27.4 25.3 31.1 35.4 39 42.6 46.9 51.5 55.4 60.9 71.9 92.7 105.1 109.2 110.5 113.9 114 114.9 115.7 115.2 114.4 115.5 115.4 114.9 114.3 113.8 113.9 115 114.6 113.8 112.2 108.7 102.4 96.1 90.9 87.4 85.2 84.7 87 90.7 93.7 100.1 103.3 104.3 104.9 105.8 109.1 110.7 110.6 109.8
51.8 41.6 44.2 48.7 53.4 59.9 64.8 70.8 72.5 71.7 70.4 68.5 68.2 61.1 62.1 64.6 68.4 65.7 65.5 63 59.2 55.6 54.2 50.2 46.5 44.3 41.3 38.1 35.5 34.6 33.9 32.9 31.7 31.1 31.5 30.4 29.7 32.8 35.5 39.4 43.5 47.3 50.9 55.4 62.2 75.4 84.9 89.2 92.6 96.1 99.2 101.6 103.5 104.5 104.5 105 105.5 105.2 105.9 106.7 106.8 107.6 107.2 106.2 103.7 98.9 91.9 85.1 80.5 78.4 78 77.6 79.2 81.7 85.6 91.9 95.4 97.3 99.5 101.1 103 104 103.8 104.3
59.2 47.7 52.5 57.2 66.5 73.6 75.9 73.7 69.5 69.5 70.3 68.2 60.8 54.3 53.7 54.6 55 52.4 49.5 47.6 46.2 44.8 44.2 43.4 41.4 39.7 37.1 35 33.6 33.1 34.3 34.6 33.6 33.5 29.8 32.5 31.9 32 33.6 36.2 39.8 43.2 47 50.7 54.4 58.8 66.3 72 75.9 79.3 83.5 87.8 91.5 93.5 93.7 93.2 94.2 93.9 95.6 98.2 100.1 99.8 98.2 96.5 92.8 85.7 79.8 76.7 74.4 73.6 73.1 73.1 73.5 75 78 83.1 84.9 85.5 87.4 89.5 92.5 94.4 94 94.6
61.5 53.7 56.4 64.9 71.6 69.8 65.6 59.9 56.8 56 54.8 53.9 49.6 46.2 44.8 44.1 44.2 43.1 42.2 41.3 40.2 39.5 39.1 38.2 37.1 35.1 33.5 32.5 31.2 32.1 33.6 35 35.2 34.8 34.8 34.2 33.8 33.6 33.9 34.9 36.2 39.4 42.1 45.8 48.4 51.1 54.4 59.2 63.9 68.1 72.1 76.2 79.1 80.7 80.8 80.7 82.1 82.3 84 86.6 88.2 86.8 86.3 84.7 80.9 75.3 72.6 71.1 69.7 69.2 69.2 69.2 69.7 71 72.4 74.8 76.8 78.6 79.8 81.4 83.3 84.6 85.8 87.7
63.9 57.5 53.6 53.7 57.9 56.5 52.2 49.9 46.3 44.6 44.8 43 40.5 38.2 36.4 35.4 35.7 35.8 36 35.7 35.3 34.5 33.9 33 32.5 31.9 30.9 29.9 29.6 31.5 33.5 35.2 35.7 36.1 35.8 36.1 35.7 35.5 35.9 36.3 35.9 36.8 38.2 39.9 42.2 44.9 47.2 50 53.7 57.1 60.6 65.5 67 67.1 67.9 68.4 69.5 69.8 70.8 72.2 74.4 73.4 72.8 71.3 70 68.6 67.3 66.5 65.9 65.4 65.8 66.9 68.1 68.1 70 72 73.2 74.2 75.7 77.3 78.9 80.4 82.2 83.9
62.5 58.9 56.4 51.9 49 46.9 44.5 41.5 38.4 36.2 35.4 33.5 31.9 31.1 31.2 30.6 30.7 30.8 31.4 31.3 30.8 30.6 30.4 29.8 29.2 28.9 29.1 28.6 29.7 31.6 33.7 35.4 36.1 36.5 37 37.2 37.1 37.4 37.9 38.3 38.6 38.7 38.9 38.6 38.7 39.8 41.1 43.9 46.2 49.2 53.9 56.5 58.5 60 61.4 61.8 62 61.9 63 63.3 64.3 64.3 64.3 64.3 64.2 63.6 63.2 63 62.9 64 64.7 66.1 67.6 67.6 68.8 70.1 71.4 72.6 74 75.5 77 78.7 80.2 82.7
61.7 57.9 52.1 46.2 41.3 39.3 37.3 35.1 32.2 30.6 30.5 28.9 27.5 27.3 27.1 26.8 26.2 26.3 27.1 27.7 27.4 27.4 27.3 27 26.9 27.1 27.6 28.8 30.1 31.5 33.8 35.5 36.2 37.1 37.9 37.5 38.1 38.3 38.9 39.6 40.6 40.9 41.3 41.4 42 42.4 43.2 43.9 43.2 44.4 49.1 50.9 53.1 54.7 55.8 56.5 56.8 57.2 57.9 58.5 59.4 59.2 59.4 59.7 60.7 60.6 60.4 61.1 62.3 63.3 65.2 66.1 67.1 68.5 69.7 70.6 72 73 74.9 76.3 78.3 80.6 82.6 84.5
52.3 48.2 44.7 39.7 35.6 33.6 31.6 29.8 27.7 26.1 24.9 24.1 23.8 23.4 23.4 24.1 23.4 23.1 23.6 24.1 24.6 24.8 25 25.3 25.8 26.4 27.2 28.7 30 32 33.8 35.2 36.2 37 37.6 38.2 38.6 39.1 39.9 40.7 41.3 41.9 42.5 43.5 44.3 45.6 46.9 47.9 47.5 45.3 44.4 47.3 48.9 50.6 51.4 52.1 52.9 53.7 54.4 55.3 55.7 56 56.8 57.8 58.7 59 60 61.2 63 65 66.6 67.9 69.3 71.2 72.5 73 73.7 74.2 75.9 77.7 81 83.2 85.8 87.5
44.8 42 39.1 34.6 31.2 29.3 27.7 26 24.4 23.1 21.9 21.6 21.5 21.2 20.9 21.2 21.1 21.2 21.8 22.3 22.9 23.3 23.8 24.3 25 25.7 27 28.5 30.2 32.5 34 35.2 36 36.8 37.5 37.7 38.7 39.7 40.2 40.7 40.7 40.5 40.8 42.3 43.7 45.4 46.9 49.5 49.6 48.6 47.5 46.6 46.2 47.7 49.2 49.9 50.7 52.2 53.6 54.4 55.1 56.2 57.3 58.4 59.3 60.2 61.1 62 63.1 64.9 66.6 68.2 69.9 71.9 73.4 74.5 74.5 75.5 76.5 78.7 81.3 83.9 86.3 88.1
39.3 36.8 34 29.5 27.7 25.6 24 22.9 22 21.2 20.3 19.8 19.6 19.3 19.1 19.5 19.9 20.5 21 21.2 21.8 22.3 22.8 23.7 24.6 25.6 26.8 28.5 29.6 31.7 33.7 34.9 35.7 36.4 37.1 35.2 38.4 39.2 40.1 40.1 39.2 38.7 38.9 39.7 41.6 43.8 46.1 49.3 51 50 49.1 48.2 47.9 48.4 49 49.6 50.8 51.9 53.2 54.2 55 55.8 56.8 58 59.3 60.2 61.4 62.6 63.8 65.2 66.7 68.3 70.1 72 73.9 74.7 75.7 76.9 78.3 79 81.4 82.4 85.9 87.9
34.2 32.3 28.4 27.3 25.1 22.9 21.8 20.9 20 19.2 18.6 18.2 17.9 17.9 18.2 18.6 19 19.7 19.9 20.3 20.9 21.2 21.7 22.8 24.5 25.8 26.9 28.3 29.3 31.3 33.3 34.6 35.5 36.3 37.3 36.4 38.1 38.2 38.6 38.5 38 37.3 37.8 38.7 40.3 42.3 45.3 48.4 51.2 51.4 50.5 49.6 49.3 49.7 50.7 51.4 51.9 52.6 53.4 54.3 55.1 55.8 57.3 58.7 59.8 61.8 63.1 64.5 65.8 67.3 68.7 70.2 71.6 73.2 75 76 77.2 78.8 79.9 81.5 83 84.7 86.5 88.5
28.9 27 25.5 23.9 22.4 20.9 19.9 19.1 18.3 17.5 16.9 16.9 16.9 17 17.2 17.6 18.1 18.7 19.3 19.6 19.6 20 20.9 22.1 23.6 25.6 27.6 29.3 30.7 31.9 32.9 34.6 35.8 36.4 36.6 37.2 37.6 37.2 37.3 37.1 36.8 36.4 37.2 38.1 39.6 41.7 44.2 47.3 50.5 51.5 51.3 51.1 50.9 51.9 52.9 53.1 53.4 54.2 55 55.9 56.6 57.8 59.5 61.1 62.3 63.9 65.5 67.4 69 70.4 72.2 73.4 75.1 76.4 78.2 80.1 80.7 81.9 83.6 87.4 88 88.8 90.4 91.9
25.4 23.7 22.6 21.4 20.1 18.9 17.9 17.1 16.4 16.2 16.2 16.1 16.1 16.4 16.7 17.4 18.2 18.4 18.9 19.9 20 20.2 21 22.9 25.1 27.1 29.1 30.8 31.5 31.8 31.9 33.7 35.3 35.8 36.2 36.6 36.2 35.8 35.5 35.6 35.5 36.6 37.7 38.9 40.3 42.2 44.2 47.2 50.6 52.3 52.4 52.4 53.1 54.6 55.7 56.1 56.1 56.8 57.8 59 60.8 62.2 63.9 64.9 67.1 70.1 71.8 73.7 76.2 77.9 79 80.5 80.5 84.9 83.3 89.2 90.6 90.6 87.1 90.7 95 96 97.7 99.1
21.9 20.8 20.2 19.3 18 16.9 15.9 15.7 15.5 15.3 15.5 15.4 15.9 16 16.4 17.2 18.4 18.9 19.3 20.2 20.4 21.1 22.5 24.1 26.4 28.6 30 30.8 31.5 31.5 31.4 32.7 33.5 34.3 34.4 34.7 34.5 34.5 34.4 34.8 37.1 39 40.7 41.7 43.5 45.9 48.1 50.5 51.9 53.4 53.6 53.7 55.5 57.8 59.8 60.2 60 61.9 63.4 65 67 68.4 69.3 71 72.8 75.7 78 79.7 82.1 84.3 86 87 89 91 91.6 94 95.8 97.1 97.6 92.4 100.9 103.6 106.9 107.9
19.4 18.5 17.8 17.1 16.2 15.4 14.9 14.8 14.6 14.6 14.8 15.1 15.5 15.9 16.5 17.1 18.4 19.6 20.4 21.2 22 22.9 23.9 25.2 27.2 28.1 29 29.7 30.5 30.9 31.1 31.7 31.7 32.4 32.6 33 33.1 33.3 34.1 36.5 41.4 43.7 44.9 45.5 46.6 47.8 50.6 53.4 54.7 54.6 54.8 55.4 56.4 58.5 60.8 62.7 64 65.2 66.3 67.3 68.9 70.3 71.8 73.3 75.4 77.8 80.2 82.5 84.6 86.6 88.2 89.8 92.7 94.5 96.4 98.2 100.2 102.1 103 96.2 102.8 108 112 114
