Assets/StreamingAssets/GeoData/Data/st/ST49.asc
ncols 200
nrows 200
xllcorner 340000
yllcorner 190000
cellsize 50
[rows 35 to 69 of 200, columns 79 to 157 of 200]
169.5 184.6 206.3 225.8 237.4 243.9 245.8 244.7 246.4 249.7 250.8 249.6 248.2 245.7 241.9 233 223.1 216.7 207.5 199.7 196.5 197.4 194.4 192.9 190.8 187.4 187.7 191.2 192 186.7 174.6 163.5 151.8 137.6 129.3 122.9 118.7 117.7 117.4 116 115 112.6 110.7 108.8 104.5 107.2 102.1 105.2 108.2 114 121.8 126.8 132.9 138.9 142.8 150.4 158.2 165.3 174 185.7 200.9 210.9 220.7 229 234.3 234.5 232.1 229.8 226.2 219.7 213.5 210.5 212 213.6 215.4 219.3 220.8 221.1 222.2
175 192.6 215.6 231 240.6 245.6 248.1 247.3 248.3 250.1 252.3 253.6 252.6 251.2 248.7 243.5 232.5 225.3 219.9 214.7 212 210.1 208.6 205.8 203.4 199.7 195.3 195 193.2 187.5 177.5 163.2 154.6 143 135.4 130.4 124.4 124 125.5 123.8 120.2 116.1 114.6 111.6 107.2 109.5 106.8 108 110.4 117.3 123.2 128.5 135.2 141.2 147.3 156.7 165 173.4 186.4 197 210.9 220.7 228.4 234.8 237 234.7 232 228.9 223 217.1 208.8 204.9 207.2 210.2 210.5 213.1 216.6 215.7 214.9
181.1 203.4 224.8 235.4 242.7 247 245.6 250.4 251.2 251.6 252.5 253.8 255.3 254.5 252.2 248.7 243.9 235 230.4 227.9 228.1 224.1 220.2 216.7 213.6 207.1 201.2 198.1 194.7 190.1 183 175.9 167.8 157.2 146.8 141.3 133.1 132.4 134 130.9 125 120.8 116.9 113.2 111.8 112.8 112.1 110 113.3 119.2 126.6 132 137.2 142.9 151.9 161.7 172 182.2 195.2 207.5 220.8 230.5 235.8 237.5 238.2 235.3 232.1 228.6 221.5 213 203.7 200.4 201.9 205.2 205.4 207.4 210.4 210.5 209.9
191.6 215.8 229.8 238.3 244.2 247.1 249.6 251.7 253 254 253.6 254.8 254.6 254.2 254 253.8 251 248.5 242.4 239.9 238.4 235.9 231.6 227.5 221.9 214.7 207.3 204.2 200.2 195.7 190.2 185 179.9 171.2 162.1 154.3 143.1 140.6 140.1 134.9 129.1 123.4 119 118.2 116.3 117.6 117.3 112.8 115.5 122.5 128.9 133.2 139.8 147.6 155.9 166 180.9 191.1 203.8 218.1 230.8 236.5 238.8 239.2 237.5 234.8 232.1 227.4 218.8 210 200.3 196.1 196 200.8 200.7 201.6 204 204.7 205.6
203.5 225.8 232.6 238.5 242.2 246 247.1 249.1 252.8 254.3 254.4 255 254.9 254.8 255.8 256.2 256.5 254.9 253.4 248.5 246.3 242.6 239.9 235 230.2 223.7 216.2 211.1 207.2 204.5 202.5 196.9 189.3 182.2 174.2 164.6 156.2 149.6 145.1 139.4 133.3 127.7 124 122.3 120.7 122.9 122.7 121.2 118 124.5 130.3 135 141.7 150 161.5 171.6 186.3 197.5 211.3 227.9 236.2 238.8 240.2 239.2 236.7 233.8 232.7 227.1 216 206.4 196.1 192.7 192.5 196 194.2 196.1 198.6 198.7 203.5
217.7 227.4 233.3 236 238.1 241.7 246.8 249.4 251.9 254.3 254.3 254.2 254.7 255.5 256.5 257.6 258.1 259.1 257.9 254.2 250.8 248.3 245.6 244.3 241 234.1 227.3 221.6 218.6 215.2 212.1 206.5 200 192.6 186.8 174.2 170.8 158.8 154.5 147.9 140.6 134 130 127.7 125.7 128.1 127.3 126.7 125.6 126.7 131.4 137.6 144.2 153.1 164.4 176.9 190.4 203.1 219.7 233.6 238.1 240.2 240.6 238.7 236.1 232.7 230.8 224.9 214.2 203.6 193.2 189.2 187.9 191.7 188 191 190.1 194.4 200.6
222.8 227.9 231.5 233.5 236.2 241.1 247.3 249.9 252.6 254.1 253.6 253.2 252.7 253.2 254.8 256 258.4 260.2 260.7 258.4 254.7 252.4 249.8 250.2 248.6 244 236.1 230.5 227.8 225.7 221.9 215.6 208.3 200.5 190.9 187.4 181.4 174.5 170.1 163.3 155.8 148.4 140.7 134.6 132.5 133.6 134.4 135.9 137.2 135.9 133.9 142.6 149.2 156.6 167.1 180.6 193.9 210.4 230.9 236.8 239.6 240.7 240 237.8 235.9 233.4 230 222.6 213.6 202 191.5 185 184.1 187.2 183.3 185.2 184.4 192.6 196.8
224.1 226.9 228.4 230.3 234.3 239.9 246.1 250.1 252.9 253.8 253.4 251.9 250.8 250.7 251.9 254.1 256.5 259.5 260.8 260.9 258.6 256.3 255.3 254.5 253.5 249.6 244.3 238.9 236.5 233.5 228.8 222.9 213.8 205.7 202.1 199.2 194.9 192.8 187 180.8 171.5 162.4 153.7 143.1 140.1 142.5 145 149.1 149.9 148.2 143.6 144.2 150.1 160 169.3 182.1 197.4 217.9 233.5 238.5 240.9 240.6 239.2 236.4 234.9 233.6 229.6 221.4 212.3 201.5 190.5 183.5 177.7 182.8 179.5 181.3 185.1 190.5 196.7
222.5 224.9 225.9 229.7 232.3 238.8 246.2 249.8 252.4 253.3 254 251.9 249.7 248.2 248.8 251.7 254.2 256.4 258.5 259.5 259 258.9 258.5 258 256.3 254.1 250.6 246.2 241.3 237.9 233.1 227.9 220.5 215.6 212.5 209.5 206.7 206.5 202.6 196.4 190.3 183.3 171.1 158.6 151.4 153.5 157.8 161.9 161.7 157.5 150.2 146.2 154.5 163.7 172.1 185.7 201.1 225.5 233.3 239.2 239.2 238.9 236.6 235.3 233.6 233.1 229 221.2 211 200.4 191.5 184.2 177.1 176.6 175.6 178.4 184.2 188.9 193.3
222.1 222.7 223.2 227.1 230.1 238.3 245.4 249.2 251.9 254 254.2 252.3 249.4 246 247 249.7 252 253.3 255.2 256.3 256.5 256.8 257 258.2 257.5 256.2 253.7 250.2 245.5 242.4 239.1 233.3 227.2 224 222.8 220 219.8 217.8 214.4 209.9 204 196.8 187 173.6 168 168.8 171.2 179.5 182 165.8 157.7 150.2 160.4 165.7 176.2 189.2 205.2 226.4 235 239.5 239 236.5 233.2 233.8 232.8 232.6 227.9 220.6 211.8 201.4 195.5 188.1 178.9 169.3 171.5 175.6 181.4 187.1 191.3
220.6 221.4 222.1 225.5 227.1 238.1 244.8 248.3 251.3 253.4 253.2 251 248.4 244.7 244 246.8 249.1 249.5 250.5 251.5 252.9 253.1 254 256.1 256.9 256.9 255.5 253.1 249.2 246.5 243.1 237.6 234.8 234.5 232.6 230.7 229.4 230.4 228.1 223.1 217 209.2 199.8 192.1 186.3 188 193.3 195.4 198.1 176.2 163.9 158.6 164.1 171.3 181.8 194.2 205.7 228.5 237.5 238 237.1 233.3 231.9 231.3 231.4 230.9 225.7 218.8 210.4 204.6 198.3 191.5 183.1 174.8 166.3 171.4 177.9 183.9 187.6
219.2 217.4 220.2 223.7 228.1 236.3 242 246.1 249.9 251.8 251.5 248.9 246.2 243.3 240.2 243.3 245.7 246.2 246.1 247 248.9 249 249.9 252.8 254 255.3 254.9 254.3 252.6 249.5 245.9 244.4 242.6 242.2 240.8 239.2 240.4 242.3 240.1 234.7 226.7 219.2 213 207.8 204.7 204.1 205.1 206.3 202.7 184 171.6 169.8 167.9 177.6 186.5 198.5 208.8 228.6 236.1 237.3 233.7 231 230.2 228.6 228.4 226.7 221.2 215.2 207.4 202.1 197.3 192.8 184.7 176.8 164.3 167.7 173.5 181.4 187.8
217.7 215.1 218.5 222.1 226.5 233.9 238.9 244.3 246.8 249.2 248.8 246 242.9 240.3 237.6 239.2 242.1 243.2 242 242.8 244.7 245.3 245.7 248.6 250.5 252.3 252.7 253.1 253.9 251.3 248.9 247.7 248.4 248 247.2 246.7 246.9 248.9 247.1 241.6 236.1 230.8 224.8 221.6 217.4 216.9 218 219.6 215.5 195.8 180.5 176 175.4 183.6 191.4 200.4 213.1 229.9 237.2 236.7 231.3 228.7 226.8 225.9 224.8 222.4 217.2 208.7 202.7 198.1 193.6 188.3 183.5 173.2 163.7 164.5 171.3 179.2 183.2
215.2 213.4 216.4 220 223.3 232.5 238 240.3 243.3 246.3 246.1 243.2 240.8 237.8 234.9 237.7 239 240.1 239.6 238.7 240.5 241 242.5 243.1 246 248 251.9 252.1 253.3 253.6 250.8 248.5 250.7 250.3 249.9 250.1 250.4 252.3 251.3 248.2 243.4 239.6 235.6 233.2 231.8 230.6 232.4 232.2 228.7 209.4 193.1 184.6 186.6 192 198.8 207.4 219.1 232.6 234.4 231.8 229.3 226.4 224 222 221.2 216.9 212 204.3 196.4 194.1 188.8 184.1 179.1 169 160.7 163 169.5 176.1 182.4
213.5 212.8 213.6 217.5 221.9 229.7 234.7 238.1 240.4 243.1 242.4 239.5 237.4 235.5 232.6 233.5 236.8 237.5 237.1 235.2 236.3 236 237.4 238.2 241.8 243.3 251.6 249.7 250 251 248.9 248.3 248.5 247.7 248.6 249.8 250.3 251.9 251.4 251 249.2 247.3 245.6 242.9 240.6 240.7 243 242.8 239 224.2 209.6 202.3 205 210.2 215.2 220.4 231.1 236.4 233.5 229.7 226 222.9 219.9 217.7 214.8 210.6 204.5 195.6 188.8 185.3 184 179.9 174.2 164.7 158.3 162.8 169.1 176.7 182.4
213.1 209 210.8 215.5 219.6 228 231.9 235.6 239.6 240.9 240.1 237.4 233.5 231.2 229.4 232.1 234.8 235.5 234.5 232 231 230.8 231.8 233.2 237.5 241.1 245.4 244.4 242.9 246.2 246.3 244.7 244.8 243.9 245.4 246.3 247.4 247.5 247.5 249.1 248.3 248.1 247.6 248 248.7 249.4 249.6 249.1 245.7 236.7 227.8 224 225.5 227.1 227.9 234.1 235.8 236.8 231.6 228 222.8 220 216.7 214.1 211.1 204.9 196 186.8 181.9 177.8 176.2 174.3 168.8 160.1 154.5 162.4 171.1 178.9 181.3
211.1 207 207.3 213.7 218.7 227 231 234.6 238.2 238.5 237.5 235 231.3 228.5 227.8 230.3 232.9 233.1 231.3 228.7 226.1 225.6 225.7 227.3 232.2 236.5 239.6 236.8 235.9 239.6 240 239.1 238.4 236.1 238.4 238.8 241.1 240.8 241.9 244.2 244.4 243.7 244.8 247.7 250.2 251.6 252.8 252.6 250.2 242.8 238.1 235.7 235.2 237 238.7 240.8 237.3 236.9 232.5 226.3 221.5 215.1 212 209.9 207.7 199.5 186.6 180.8 173.7 170 169.5 167.5 163.4 156.1 153.4 164.8 172.2 178.5 179.1
208.5 204.4 206 212.2 218.4 225.1 230.5 233 235.1 235 234.3 231.3 228.5 226 225.7 229.6 231.6 230.7 229 225.9 222.6 219 220.9 222.7 227.1 230.9 232.3 227.4 228.2 232.4 232.2 230.3 228.6 226.4 228.4 231.4 232.8 233.5 236.6 238.4 237.9 238.1 240.8 244.2 247.6 249.5 250.9 251.2 250.6 245.5 242.7 241.9 243.1 244.6 246.7 241.9 240.9 238.2 232.9 225.5 218.8 211.6 204.9 204.5 202.6 193.9 183.7 175.2 167.1 164.1 161.7 160 155.1 151.6 158.4 168.1 173.9 176.8 177.5
205.2 201.9 204.8 210.6 218.5 223.9 227.7 229.9 232.3 231.6 229.3 226.7 224.7 223.9 225.2 228.9 230.5 229.6 226 222.8 219.2 214.8 215.2 218.6 222.4 224.5 220.3 219.8 221.2 223.7 223.9 221.8 217.9 218.9 220.1 224.6 225.6 226.7 231 232.6 230.4 231.9 235.3 238 241 244 246.2 246.9 246.1 244.7 242.5 243.2 244.8 247.1 246.6 243.3 243 239 233.3 225.3 217.7 207.9 202.2 198.7 196.4 188.3 177.7 168.3 162.2 156.9 151.5 151 148.1 154.7 163.1 168.8 171.5 175.3 176.2
202.8 198.3 203.8 208.8 216.2 221.8 225.8 226.4 227.8 226.9 225.7 223.5 221.7 220.7 224.5 228.7 229.3 227.1 224.1 220.7 216.9 212.2 210.7 213.8 216.6 216.8 213.4 209.8 212.6 213.6 213.7 210.6 210 208 210.9 216.1 215.3 219.5 224.2 225 223.9 226.6 228.8 230.6 234.6 238.2 239.9 240.2 239.3 239.5 238.8 239.8 241.7 244.5 245.2 243.2 242.5 238.7 234.5 228.2 219 208.4 199.3 193.7 189.9 184.4 175.2 166.2 157.1 149.6 143 147.6 156.5 163.7 167.8 167.5 170.5 172.7 172.6
201.7 195.5 202.2 207 214.4 220.3 224 224.2 224.2 223.6 222 220 218.2 218.8 224.1 227.7 228.8 226.7 223.1 220.1 216.7 212.6 208.5 208 209.7 209.9 206.9 202.7 197.9 197.3 198.9 199.5 199.8 197.2 202.4 205.2 208 212.3 216.2 215.7 217 220.2 221.8 223.3 227.5 231.4 232.9 231.7 233.3 233 232.3 233.6 236.5 241.1 241.5 241.1 239.5 238.2 234.8 228.8 221.1 211.5 200.1 192 182.8 174.8 172.2 163.4 152.1 144.8 144.9 155.5 161.6 164.3 166.5 164.2 164.9 167.6 168.2
199.5 193.5 198.7 204.7 211.4 218.7 221.5 221.6 221.9 221.5 219.7 217.3 215.9 217.6 223.1 226.5 227.6 225.7 223.5 220.4 216.4 212.4 208.6 203.8 202.5 200.9 197.7 193.9 188.9 186.7 186.8 188.1 189.9 187.9 194.8 198.1 200.4 205 207.8 207.6 210.6 213.7 214.3 215.5 220.9 225.8 225.9 224.6 226.3 225.7 225.1 229.4 234.1 234.7 235.1 236.5 234.7 235.3 234 228.9 220.2 211.2 203 195.7 186.9 178.8 169.5 159 151.4 143.7 141.7 152.3 157 161 163.1 161.3 161.4 162.5 165.2
197.2 189.9 195.4 202.1 207.7 216.7 219.6 219.8 219.6 219.1 217.2 213.7 212.4 216.1 222.5 225.4 226.2 224.8 223.3 220.6 217 214.2 210.5 207.2 204.1 202.4 200.5 197.5 190.2 181.8 173.9 172.9 177.4 180.8 185.7 188.7 191.3 196.5 198.6 200.2 205.3 207 206.7 208.9 214.2 218.3 218.3 217.7 219.1 218.7 220.9 223.9 227 228.6 228.1 229.5 229.6 231.1 230.2 229 223.3 215.2 207.9 202.2 193.2 184.7 175.9 165.1 156.7 147.9 136.6 143.5 150.4 156.5 158.7 158 160.9 156.4 159.5
194.4 186 193.9 198.9 203.1 213.4 217.3 218.3 217.3 216.2 213.9 211.1 210.7 215.8 221.2 224.6 226.3 224.6 222.8 220.7 217.7 214.2 211.2 209.3 208.7 208.3 208.1 205.1 199.3 192.8 184 171 166.7 173.4 175.1 180.8 186.8 188.4 189.6 192.8 197.9 199.4 198.3 202.5 208.1 211.8 210.4 210.2 209.8 209.2 212.8 216.8 219 220.3 221.1 222.5 222.4 225 224.6 226.9 223.7 217.7 214 208.9 199 189.9 181.4 171.5 159.1 149.9 139.8 136.7 144.2 151.3 155.2 154.9 155.9 154.7 153.5
192.3 183.2 190.5 196.4 199.9 209.4 215 216.1 215.5 213.4 211.1 207.9 210.4 214.1 220.2 223.8 226.6 225.3 223.3 220.8 217.3 213.3 210.4 209 207.9 207.7 207.9 206.5 202.3 196.6 189.6 177.6 163.7 161.2 166.2 173.4 177.9 181.4 181.9 186.9 188.4 191.5 193.2 197.4 202.4 203.6 202.6 202.1 202.7 203.4 207.1 209.8 211.7 211.7 212.8 214.7 214.9 218.4 219.6 221.9 220.9 217.7 214.5 211.2 203.5 193.6 182.8 170.3 158.4 147.2 137.1 133.8 139.8 148.3 151.9 151.3 152.4 150.5 148.1
190.1 182.6 185.8 194.3 198.9 205.9 213.5 214.3 212.7 211 206.9 203.7 208.7 212.9 218.5 222.4 224 224.5 222.2 219.1 214.9 210.7 207.7 206.4 205.1 204.5 205.2 204.7 200.9 196.2 189.5 179.9 166.3 155 158.5 165.6 168.7 171.2 174.5 179.7 182.1 184.3 187.3 192.1 193.6 196.1 194.3 195 195.2 194.2 200.5 202.6 202.5 204.7 206.8 207.4 208.9 212.1 214.4 214.8 215.2 213.8 211.1 207.5 201.8 193.1 182.2 169.2 155 142.7 133.7 131.8 138.4 145.4 148.6 148.5 149.3 146.9 142.5
185.7 180.1 183.1 193.4 198.3 203.6 210 210.8 209.6 207.6 203 198.5 206.6 211.6 215.7 219.4 221.7 221.9 219.7 217.1 211.8 206.7 203.7 202.2 200.4 200.8 201.1 201.8 199.2 193.8 187.5 177.5 165.3 153.8 150.3 158.4 161.5 163.2 168.1 172.4 174.3 178.6 181.5 185.1 186.9 189.2 187 186 187.4 188.1 191.7 194.4 196.8 195.1 200 199.1 201.3 204.2 207.7 208.1 208.5 209.2 207.1 203.6 198.2 190.9 181.2 167.5 150.5 139.9 133.3 129.7 137.1 141.9 145.1 144.4 145.6 142.1 137.8
182.3 176.3 181.6 192 196.8 200.9 207 207.4 206.5 204.2 200.2 199.4 205 210.9 214.8 217 216.9 218 216.5 214 208.9 202.6 200.1 196.7 195.7 195.3 196.1 195.9 194.7 189.4 183.4 170.9 161 152.1 145.6 152 155.1 157.2 161.2 163.4 165.7 171.6 176.3 178.2 180.7 181.8 179.2 180.4 181.4 182 185.6 188.1 190.3 190.2 191.5 190.3 194.4 196.5 200.8 202.3 202.8 202.9 201.7 198.5 192.5 185.1 178.6 168 149.9 139.4 131.6 128.4 133.9 137.7 142.3 141.2 142.2 138.3 133
177.5 174 180.5 188.9 194.9 200.6 204.7 204.2 202.8 200.6 196 198.5 203.5 207.9 211.8 214.7 215.2 214.4 213.8 210.8 205.5 200.2 196.1 192.5 190.6 191.1 191.8 191.8 190.6 187.8 179.6 168.5 158.5 150.2 144.3 146 150.1 151.9 153.4 153.8 161.1 165.1 168.2 170.9 174.2 173.6 170.8 172.4 175.9 177.4 178.1 179.8 181.2 180.7 183 182.8 187.3 190.7 194.6 196.3 197.3 197.1 196.1 193.1 187.5 179.9 175.5 164.1 151.9 142 130.7 126.7 129.8 134.9 138.4 137.3 137.7 134 128.9
175 169.7 179.9 187.6 193.4 199 201.9 199.9 198 195.5 191.4 195.6 202 206.2 208.9 211.5 212.9 211.5 209.9 207.3 202.3 196 190.9 186 185.4 186.6 186.9 186.7 186.3 183.9 176.7 166.8 157 149.2 143.3 142.7 146.1 147 147.9 150.6 155.8 159.6 161.9 166.1 166 164.4 162.5 167.1 169.6 169.1 170.9 170.9 171.6 173.7 174.9 177.5 181.6 186.1 189.2 190.2 190.5 190.8 189.9 186.8 183.5 180.4 174.7 165.7 155.1 143.9 131.6 125.1 125.8 131.9 132 134.1 131.9 129.7 124
172.5 169.9 179.8 184.8 192.7 195.8 194.7 191.3 191.4 189.6 186.5 194.3 200 204.9 206.8 209.8 210.6 210.3 208 204 198.3 190.4 184.5 179.5 176.8 180.3 181 182.9 182 181.4 176.3 167 154.7 146.8 141.5 139.8 141.4 142.9 143.6 146.3 151.2 154.5 157 158.5 158.6 157.3 158.6 162.5 163.6 162.2 161.7 161.1 160.6 164.4 165.7 170.8 173.2 178.9 181.3 184.4 184.8 184.7 183.1 181.6 179.3 175.4 171.2 165.4 156 145.3 135.5 127 122.5 125.5 126.8 129.8 128.5 123.3 122.2
168.6 169.6 178.1 184.9 188.9 188.4 185.5 184.1 183.5 182.6 187.3 192.9 198.8 202.1 206.5 210.6 211.2 210.6 207.7 200.2 192.6 185.5 180.4 175.5 171.5 173.8 174.8 176.9 176.9 176 172.6 165.1 157.1 148.3 141.2 136.2 137.8 138.9 139.5 143.3 146.7 149.9 151.7 152.6 150.3 148.7 155.7 158 157.2 155.9 152.8 151.1 152.5 155.8 159.3 163.8 168.3 171.1 175 176.9 178.3 178.4 176.4 175.9 172.9 169.6 165.6 162.9 156.3 147.4 137.9 129.5 120.1 120.2 123.5 125.7 124.6 120.5 122.2
166 169.2 177.5 181.4 183.8 181.6 177.4 177.4 178.1 181.5 188.1 195.4 200.7 206 209.5 213.7 214.9 211.3 204.9 191.4 186.6 181.2 177.3 171.7 168 164.6 168.4 169.2 170.1 170.5 167.4 161.7 156.2 150.5 145.3 137 133.6 135.1 135.8 138.3 141.3 144.3 145.9 145.3 143.4 148.4 154.1 154 152.5 150.7 148.1 142.8 146.2 148 153 157.8 162.2 164.2 167.1 169.4 170.8 171.2 170.8 170.2 166.6 163.6 160.6 158 154.5 147.5 140.3 130.1 120.2 118.3 119.9 124.5 121.7 119.3 120.7
161.8 169 175.8 179.2 178.8 175.3 173.1 173.1 179.2 184.4 188.6 193.5 199 205.9 213.9 218 217.4 213.2 205.7 194.1 187.4 183.2 179.9 175.3 173.1 168.1 161.6 162 164.1 163.5 162 156.3 152.1 148.2 142.4 136.1 133.6 130.3 132 132.8 135.9 139.2 138.1 138.3 143 147.5 151.8 149.6 148.9 145.6 142.7 138.3 140.5 143.9 149.7 153.7 156.1 157.9 160.2 163.1 164 165.5 166.2 164.2 162.5 156.9 155.5 153.4 150.1 145 137.2 128.2 119.5 117.6 118.5 124 120.2 117.2 118.3
160.8 167 172.7 174.2 172.5 167.9 171.3 177.9 181.2 188.1 192 197.3 201.5 211.2 218.8 222.6 221.9 217.3 211.8 203.6 191.7 186 181.7 177.6 174.2 169.1 164.1 157.9 155.9 157.8 153.9 151.1 146.4 145.1 140.7 137 137.2 132 128.9 129.6 131.1 132.6 132.6 137.4 142.6 146.8 148.4 145.6 144.4 141.3 136 133.4 136.5 140.9 144.9 148 150.5 151.6 153.1 155.3 156.6 158.9 161.5 159.6 156.9 150.9 148.9 146.3 144.1 138.9 133.4 124.9 119.1 116.6 117 121.9 117.2 115.7 115.7
