Assets/StreamingAssets/GeoData/Data/st/ST54.asc
ncols 200
nrows 200
xllcorner 350000
yllcorner 140000
cellsize 50
[rows 76 to 113 of 200, columns 85 to 169 of 200]
55.2 54.6 55 54.4 53.4 53.3 51.8 52.5 53.5 54.8 53.4 55.6 56.4 56.7 57.1 57.8 59.3 56.7 57.4 58.5 58.9 60.6 61.2 62.1 61.3 60.2 61.3 63.7 64.9 64.5 63.4 63.4 66.5 68.3 70.1 70.5 72.8 76.4 77.6 80.6 83.4 84 85.8 86.5 86.6 87.4 86.9 84.4 79.6 78.7 81.7 82.4 82 80.8 82.2 84.8 84 82.1 81.2 79.5 81.5 83.7 87.9 89.7 93.5 98.5 101.8 104 106.2 108.6 110.7 113.4 115 116.2 112.1 116.2 121.6 127.5 135.9 141.2 145.2 148.3 150.6 152.3 153.5
52.7 51.6 52.1 50.9 50.6 50.7 50.6 51.1 51.5 52.8 52.7 53.7 54.1 55 55.2 56.2 55.7 56.4 56 57 57.1 58.9 59.6 58.7 58.3 58.1 58.3 61.3 62.8 62.4 60.5 61.4 64.3 66.2 68.5 69.8 71.8 73.5 75.1 76.2 77.9 79.5 81.1 81.8 83.3 83.1 80.6 78.5 76.7 76.4 77.6 78.7 79.1 80.1 81.7 82.1 81 78.6 78.8 80.6 80.9 82.2 84.7 90.6 93.6 96.9 99.1 100.7 102.7 104.9 107.1 109.2 109 105 109.4 115.6 109.5 112.7 118.8 124.3 134.8 145.1 147.2 149.1 150.7
48.9 48.4 49.7 48.9 48.6 49.1 49.3 50.2 50.8 51.1 51.4 52.3 53.8 53.3 54.3 53.5 54.2 54.1 54.4 55 56 55.5 54.8 55.8 57 53.3 54.4 55.9 56.3 57 57.1 59 61.5 63.8 66.2 68 70.3 72.5 73.5 75.1 76.8 77.9 78.9 80.3 81.1 81.8 80 75.7 74.1 74.4 75.2 76.6 77.6 79 79.7 79.3 77.1 77.3 78.3 80.6 82.4 82.8 84.7 86.7 91.9 94.3 95.2 95.5 96.5 98.1 99.1 98.9 100.8 112 117 120.6 123.4 129.5 135.8 136.2 129 123.8 134.7 145.1 149.8
47.5 47.4 46.3 46.3 46.6 47.1 47.6 49.2 46.7 49.6 50.3 51.1 52 51.3 51.6 51.8 52.6 51.5 51.5 51.7 50.8 51.8 52.6 51.3 51.6 51.2 51.7 52.5 54.4 54.6 55.4 56.4 57.8 59.6 63.3 66.5 68.6 69.9 71.5 72.8 74.1 75.6 77 77.8 79.1 79.8 78.3 73.6 72.4 72.4 73.9 75.9 76.3 77 77.4 75.8 75.9 78.1 82.6 85.4 86.8 88.9 88.5 87.4 86.4 88.4 89.7 91.6 93.6 95.5 98.8 105 109.9 115.4 120.9 125.3 128.2 133.5 140.7 143.1 144.9 145.1 132.4 133.6 145.5
45.6 45.7 41.4 44.5 44.5 45.2 45.8 44.4 48 48.8 49.5 50 50.4 49.4 49.9 50.4 50.8 50 49.1 49.4 48.4 49.3 49.5 48.8 49.1 49.9 50.7 51.5 52.9 53.7 54.6 55.5 55.9 56.5 59.5 63.2 65.8 68.4 70 70.7 71.9 73.5 75 75.1 75.9 75.7 75.2 71.8 71.1 71 71.4 72.3 73.4 73.5 74.2 75.3 77.9 82.4 86.8 89.1 90 91.6 94.6 95.9 97.5 98.8 99.3 100.4 104.5 107.1 109.5 113.2 112.3 117.6 125.8 134.7 138.5 142.4 145.6 147.2 148 148.4 148.1 147.1 142.5
44.7 43.9 41.6 42.1 42.8 43.3 43.7 45.1 46.6 47.2 47.6 48.7 48.4 48.3 49.1 48.5 48.8 47.9 47.8 47.7 47.8 47.1 46.1 47.7 48.8 49.8 50.9 52.1 52.6 54.5 55.7 55.1 55.1 55.7 56.5 58.3 60.5 63.5 66.7 68.6 70 69.2 69.8 69.7 70.4 71.4 71.8 69.4 69.5 69.7 70.2 71.6 74.1 81 83.6 84.5 84.8 88 90.3 92.2 93.5 94.7 97.7 101 103 105.2 108.7 110.2 113.8 118.3 121.5 121.6 120.9 121.3 127.5 137.3 142.1 146 148.2 149.2 150 150.7 150.9 150.2 149.7
44.9 42.7 41.5 39 41.4 43.2 42.4 42.2 45.8 46.5 46.3 46.1 46.4 46.9 47 47.2 47.2 46.9 47.1 46.5 45.9 46.4 47.3 48.3 49.4 50.8 51.8 54.5 63.6 68.4 67.1 62.1 59.1 57 57.6 58.1 58.5 59 60.7 62 62.3 62.3 63.4 65.2 66.7 66.9 67.7 67.5 68 68.5 73.4 82.4 91.5 93.2 93.5 91.7 90.7 91.6 94.3 96.5 98.2 99.6 101.2 103.4 107.6 111 117.1 123.7 129.3 132.4 134.9 135.3 130.6 133.8 139.3 140.4 143.3 146.6 149 150.2 151.4 151.8 152.4 153 153
38.9 42.4 40.7 39.4 39.8 40.8 41.9 42.3 44 44.1 44.1 45.2 45.3 45.4 45.8 45.3 46.2 46.7 45.4 45.3 45.6 46.3 49 49.8 52.4 56.6 64.5 78.2 74.6 73.1 71.2 69 66.5 66.3 66.1 65.4 62.4 60.5 60.2 61 61.3 61.7 62.4 63.3 64 65 66.3 67.4 72.2 76.2 87.3 92.7 94.9 96.6 96.7 96.7 96 97.9 100.5 103.5 104 104.6 106.3 107.8 110 116.9 127.8 130 131.8 134.9 136.7 137.3 136.3 138.6 140.5 141.9 143.5 146 148.6 150.6 151.8 152.4 153.2 154 154.7
44.2 41.1 39 38.3 39.1 39.6 40.8 41.5 41.8 43.1 43.9 43.7 45.2 44.4 43.7 44.2 44.9 43.1 44.2 44.6 43.1 46.8 49.5 53.6 70.8 74.7 83.1 81.6 81.2 84.1 83.8 80.3 76.6 77.9 79.8 83.7 84.3 73.3 70 65.4 63.7 63 63.6 64.6 64.7 68.7 72.5 78.1 86 91.1 94.3 97.4 100.1 105.4 109.6 111.3 117.8 123.8 125.8 127.5 127.8 123.2 120.1 121.2 123.7 126.1 129.7 133.3 134.6 136.2 137.3 138.1 138.9 139.5 140.6 142.2 144.9 147 149.1 151 152.2 152.8 153.7 154.6 155.4
42.4 39.2 38 38.1 38 38.6 39.2 39.8 40.7 42.6 43.3 41.8 41.7 42.7 42.7 43.3 44.1 44.5 44.2 44.3 44.6 46.5 50.7 58.2 72.2 82.7 85.3 86.4 88.2 88.5 89.1 86.4 85.9 85.4 85.9 86.3 86.5 85.8 84.6 80.2 76.6 76.5 74.9 76.6 76.9 79.1 83.2 88 92.4 96.2 99.4 107 116.3 123.6 127.3 126.7 120.4 126.9 129.7 130.1 130.9 131.5 132 132.5 133.1 133.9 134.4 135.2 135.7 137.1 137.9 138.7 139.5 140.3 141.4 142.6 144.8 147.6 150 151.4 152.5 153.3 154.2 155.2 156
38.9 36.4 36.7 37.2 37.7 37.5 38.4 39.6 39.4 41 41.1 40.3 41 41.4 41.8 42.5 42.9 43.1 44.5 47.3 44.2 45.9 49.1 55.9 60.2 73.8 83.3 87.7 89.9 89.4 88.4 87.5 87 86.8 83.9 88.7 87.6 86.5 86.1 85.9 85.4 85.8 86.7 87.8 88.8 90 92.2 95.9 100.5 106.2 113.3 125.5 130.1 131.4 130.3 119.2 111.4 120.3 129.8 130.7 131.2 132 132.7 133.2 133.7 134.4 135.1 136.1 136.8 137.7 138.5 139.3 140.1 140.9 142 143.2 145 147.6 149.7 151.4 152.6 153.7 154.9 155.3 155.7
36.4 33.9 35.8 36.9 37 36.7 37.1 37.5 38.3 39 38.9 39.2 40.7 41.6 41.3 41.5 42 43.1 43.1 42.9 44.1 44.9 45.9 50.6 56.8 63 69.1 80.2 87.3 88.7 88.3 78.8 77.6 88.8 89.3 88.5 88 86.2 86.1 86.1 85.8 87.1 90.2 92.7 96.1 97.4 100.9 104.8 113.1 125 131 132.7 131.7 129.2 121 107.4 107.1 121.9 129.9 131 131.5 132.3 132.9 133.7 134.3 134.8 135.5 136.4 137.3 138.3 139 139.9 140.6 141.6 142.7 143.9 145 146.8 148.5 150.1 151.5 152.7 153.8 155 155
34.7 33.9 34.9 35.6 35.2 36.4 36.3 36.6 37.4 38.2 38.4 38.5 40.6 40.2 40.4 41 41.5 42.3 41.1 43 43.1 43.3 44 46.2 51.2 56.5 62 65.5 72.5 80.6 84.8 77.1 77.5 77.6 77.6 86.8 86.4 86 86.1 86.1 85.6 87.2 89.7 93.4 96.2 98.7 99.4 104 111.6 123.3 129.7 131 122.5 112.9 105.2 101.1 101.1 108.3 117.6 127.3 131 131.6 131.6 132.4 133.9 134.7 135.5 136.4 137.3 138.4 139.4 140.4 141.2 142.3 143.4 144.5 145.6 146.6 147.9 149 150 151.1 152.2 153 153.5
33.6 33.8 34.1 34.1 34.9 35.4 35.8 36.1 36.4 37.1 37.8 37.9 39.2 39.8 40.2 40.6 41.2 40.3 42 42.2 42.4 42.6 42.7 43.8 46.2 49.9 54.3 58.7 63.4 67 72.2 75.5 77.8 81.2 86.1 85.7 86.1 85.8 85.6 85.7 85.8 86.1 87.8 90.2 90.6 91.6 94.3 97.3 102 105.5 108.3 109.3 104.9 102 99 95.9 96.4 100.1 103.8 112.8 121 125.1 122 121.2 125.3 130.1 131.7 135 136.5 137.4 139 140.3 141.4 142.6 143.8 145.1 146 146.9 147.8 148.9 149.8 150.6 151.5 152.1 152.8
33.4 33.1 33.5 33.1 33.6 34.6 35 35.5 36.3 36.7 37.6 38.3 38.8 39.7 39.9 40.4 40.1 41 41.2 41.3 41.7 41.8 41.9 42.1 43.2 46.1 49.7 53.7 57.5 60.8 63.8 65.8 68.6 72.9 76.4 78.8 81.9 84.6 85.1 84.5 85.7 86.1 85.9 87.4 88.3 89.3 91.5 94.6 97 98.8 100.3 100.2 99.4 97.8 95.1 91.2 93 96.4 98.7 101.4 106.4 109.4 109.5 108.3 111.3 114.5 118.4 123.6 129.7 133.4 137.6 139.4 140.7 141.9 143.5 145 146.2 147.1 148 148.9 149.8 150.6 151.7 152.2 152.9
32.1 32.9 32.7 32.8 32.7 34.1 34.5 35.8 36.7 37 37.5 37.7 38.8 39.4 38.8 39.7 39.9 40.3 40.4 40.6 40.8 41.2 41.3 41.4 41.5 43.3 46.4 49 51.8 54.5 57.1 58.7 59.5 62.3 66.5 71.9 79.3 81.7 82.7 82.4 82.6 83.2 83.2 85.6 86.7 84.7 87 93.3 95.7 96.7 97.3 97.4 97 96.2 90.9 82.2 89.6 93.3 95.7 97.5 98.8 101 101.7 102 102 103.5 105.3 109.9 116.7 121.7 130 136 139.7 141.9 143.1 144.7 146 147.4 148.2 148.9 149.7 150.3 151.5 152.2 152.6
31.2 32.7 32.9 33.1 32.4 34.5 35.2 35.8 36.5 37.2 37.5 37 37.5 36.5 38.7 39.4 39.4 39.6 39.8 39.9 40.2 40.4 40.7 40.6 40.6 41.6 43.9 45.8 48 50.5 51.7 52.1 52.9 56 60.6 65.8 71 75.6 75.4 73.7 70.6 72.1 71.3 76.7 76.7 72.6 75.1 87.5 91.2 91.7 91.4 93.7 94.5 94.1 86.9 76.6 77 88.5 92.8 94.3 95.6 96.6 97.3 97.9 97.7 98.6 100.4 103.4 107.1 110.8 117.4 126.2 129.7 136.2 143.2 144.2 145.5 146.9 147.7 148.5 149.3 150 150.3 149.9 151.8
30.8 30.7 32.3 30.6 32.1 33.4 35.3 35.9 36.6 37 36.5 36.8 38 38.1 38.5 38.7 38.8 38.9 39.2 39.4 39.6 39.7 39.8 39.6 39.7 40.3 41.8 43.2 44.6 46.2 47.7 49.1 50.5 52.7 55.9 61 65.1 63.6 61.3 60.6 58 60.4 61.2 63.6 64.1 64.3 66.5 68.2 70.7 71.7 74.3 85 89.8 91.7 76.5 69.7 69.6 74.8 83.3 90.3 91.5 93 93.7 93.9 93.3 86.8 91.2 99.5 102.3 104.7 109.4 115.5 129 139.8 143.4 144.8 145.7 146.4 147.2 148 148.4 148.1 147.6 148.7 150.9
32.1 31.7 32 32.2 32.5 32.9 34.4 34.8 35.4 35 35.3 36.6 37.6 37.7 38.7 38.7 38.2 38.3 38.4 38.6 38.7 38.9 39 38.6 38.9 39.4 40.6 42.1 42.9 44.2 45.3 46.6 48.3 50.8 54.7 58.6 61 57.7 54.5 52.3 50.3 48.7 50.3 52.3 54.3 55.9 58.3 61 63.4 64.7 65.5 66.5 68.5 70.6 66.8 64.4 64.3 66.3 68.7 71.2 74.1 77.6 81.1 77.9 76.2 78.2 81.8 95.1 94.4 96.9 105 109.2 118.2 127.7 134.9 141.2 144.5 144.1 147.4 146.2 142.2 136.5 136.5 141.1 146.5
30.7 31.3 31.9 32.1 32.6 32.8 33.8 33.4 34.1 35.7 35.6 35.9 36 36.6 37.1 37.2 37.6 37.7 37.8 37.9 38 38.1 38.3 38.4 38.5 38.7 39.8 41.1 41.8 42.6 43.9 45.3 47 49.1 51.9 52.9 54.2 52.7 48.7 47.7 45.8 44.6 45.6 46.5 48.3 50.7 53.3 55.6 57.2 58 58.8 59.7 60.6 60.9 60.4 59.4 58.9 61.4 63.5 64.7 65.7 66.9 67.7 69.1 70.6 72.1 74.3 79.4 82.8 87.6 97.7 105.8 110.6 115.2 121.5 128.8 133.9 139.4 138 133.8 130.5 129.3 128.7 133.9 137.1
30.4 31.1 31.7 31.4 32 32.9 33 33.4 33.3 33.7 33.6 35.7 35.4 36.4 36.7 36.6 37 37.1 37.2 37.3 37.4 37.6 37.7 38 38.2 38.3 38.9 40.1 40.9 41.7 42.7 44.2 46.1 48.1 48.8 49.6 49 47.2 45.6 43.5 44.2 43.6 43.2 43.8 44.9 46 47.4 49.6 51 52.5 53.2 54 54.8 55.7 55.8 55.5 56 57.1 58.9 60.1 61.3 62.3 63.3 64.1 65.5 67.4 69.5 72.9 77.5 85.2 87 100.5 107.3 111.6 115.5 118.5 122.3 124.6 125.3 124.2 124.2 121.7 111.8 109 109.1
30 31.6 31.8 31 31.6 32.5 33.2 33.7 33.2 33.9 33.8 35.8 34.9 36.2 36.9 36.6 36.3 36.5 36.6 36.7 36.9 37 37.3 37.7 38.2 38.7 39.2 39.3 40.2 41 42.6 44 45.5 46.7 46.8 46.9 46.8 44 43.4 42.4 42.1 42 41.5 41.6 41.9 42.9 43.7 44.9 45.8 48 48.3 48.9 50.2 51.3 52 52.9 53.9 54.9 55.8 56.9 57.4 58.3 59.3 60.7 62.1 64.1 66.6 70.5 74.8 82.5 89.2 96.3 102.7 107.1 111 114.5 117.3 119.3 120.9 120.4 107.6 94.6 100.6 117.3 120.6
29.9 30.8 30.3 31 31.5 32.3 32.8 33.4 32.4 34.1 34.5 34.5 34.6 35.1 36 36.7 36.5 35.9 36 36.2 36.3 36.4 37 37.7 38.4 38.8 39.4 39.7 40.6 41.1 41.8 43.1 44.5 45.2 45 44.7 43.6 42.1 40.7 40.4 39.9 39.5 39.1 38.9 39.3 40.2 40.8 41.2 42 42.9 43.7 45.2 46.3 47.6 49.5 50.5 51.2 52 53.4 54 54.9 56 57.2 58.5 60.6 62.4 65.8 69.2 74.1 79.8 85.4 92.6 97.5 101.5 106.2 109.7 112.8 115.1 112.5 104.5 89.6 106.2 124.8 130.9 134.9
28.7 29.4 30.2 31 31.3 32 32.5 33 32.9 33.7 34 34.5 34.5 34.7 35 35.6 36.4 38.1 35.4 35.9 36.2 36.4 37 37.7 38.4 39 39.6 40.1 40.9 41.5 41.9 42.8 44.4 45.6 44.2 41.9 40.8 39.1 38.6 37.9 37.7 37.3 37.5 37.4 37.9 38.5 39.8 39.6 40.3 40.8 42.3 43.3 43.6 46.2 48.3 49.3 50.1 51 51.5 52.6 53.6 54.7 56.4 58.7 59.9 63.3 66.5 70.1 74.5 78.7 82.1 87.1 91.4 96.1 100.1 101.2 102.8 103.7 96.9 87.1 98.4 120.3 127.8 131.8 135.4
29.1 29.8 30.9 31 31.2 31.7 32.2 32.7 33 33.1 33.3 33.8 34.1 34.5 34.6 35.3 35.2 37.6 37.2 35.7 36.4 36.8 37.4 38.8 40.3 41.7 41.4 41.5 41.7 42.2 42.6 43.5 44.8 45.5 42.9 39.1 37.6 37.3 36.5 36.4 36.6 36.6 36.5 36.4 36.9 38 39.1 39.4 40.3 41.1 41.7 41.9 43 43.5 46.6 47.4 49.1 50.4 50.7 51.8 53 54.4 56.4 58.5 61.4 64 67 69.9 73.2 76.8 78.2 81.2 85.7 90.1 93 92.9 93.8 91.2 84.5 92.3 106.8 122.3 126.9 131 134.5
29.1 30.4 30.5 31 31.5 31.7 30.4 32 32.8 32.9 32.9 33.4 33.5 33.9 34.5 35.4 34.9 35.4 35.7 36.2 38 38.9 40.2 41.5 45.5 46.6 46.2 46.1 44.9 44.7 44.7 45.6 45.9 43.4 38.6 36.5 35.7 33.7 33.8 34.5 34.5 36.7 37 37.6 37.6 39.4 40 40.2 40.5 41.4 41.9 42.2 43.2 43.3 44.4 47.2 48.3 49.4 50.4 51.6 52.8 55.9 59.2 60.4 61.6 63.3 64.7 67.2 69.7 71.5 74.4 77.1 79.4 83.2 85.9 86 84 80.4 85 100.3 114.2 119.6 124.6 128.9 131.8
28.9 29.4 29.9 30.9 30.6 31.1 32.4 33 32.8 33.1 33.4 33.7 34 34 34.4 34.3 34.8 36 37.4 39 41.1 42.2 44.1 40.3 42.9 48 41.8 48.6 48.3 47.7 47.4 48.2 47.4 42.3 36.3 33.3 33.7 34 34.4 36 37.2 37.5 38.5 39.4 39.7 40.6 41.2 41.1 41.6 42.1 43 43 43.4 42.8 44 46.4 47.9 49 49.9 51 52.6 56.2 59.4 61.4 61.7 61.1 62 64.2 66.4 67.5 69.8 72.4 73.9 77.6 77.5 76.7 78.4 82.9 93.1 106.3 111.7 115.3 118.7 122.3 125.3
31.4 31.2 31.6 32.1 31.9 32 35 34.9 35.2 36.1 37.3 38.2 36.8 35.7 34.6 34.9 35.9 37.8 41.3 43.8 45.4 45.7 45.9 46.8 47.3 45 41.1 47.8 47 44.9 47.9 48.2 45.9 37.6 33.2 32.9 33.7 35 36.4 37.9 39.3 40.3 41.1 41.4 42.4 42 42.5 42.7 43.1 43.4 43.7 44.1 44.2 44.1 44.3 45 47.4 48.6 49.4 50.4 52 54.2 57.2 59.1 59.6 59.2 59.8 61.6 63.5 64.9 66.9 68.4 70 71.8 73.9 81 87.6 95.6 100.6 104.9 108.1 110.7 114 116.2 118.6
36.2 33.9 33.1 32.3 33.1 34.1 35.4 37.2 39.1 39.4 39.9 40.5 39.7 38.8 37.3 37.2 38.5 41.2 43 44.6 45 45.4 45.8 46.2 46.5 46.2 46 45.8 41.7 43.8 45.1 42.5 38.4 32.4 31.9 34.2 36.4 38.1 38.6 39.8 40.5 41.1 41.7 41.5 43.1 43.4 44 44.6 44.9 45.3 45.3 45.5 45.5 45.7 44.3 44.3 46 47.5 48.9 50 51.3 52.6 54.1 55.7 57.2 57.9 58.8 60.4 61.6 62.9 64.3 66.4 68.4 71.3 76.1 81.5 87.2 93.1 97.3 100.9 103.4 106 107.8 109.8 111.1
39 37.3 35 33.7 35 36 38.1 40.7 40.5 40.7 40.8 40.8 40.9 40.6 40 39.7 40.8 42.6 43.4 44 44.3 44.5 44.9 45.3 44.9 43.9 42.8 42.2 41.7 40.3 38.7 41.5 41 32.1 33.7 37.1 38.1 39.1 39.7 40.5 41.3 41.6 41.9 42.7 43.3 44.3 45 45.5 45.9 46.5 47 47.5 47.1 47.2 47 45.7 46.2 45.9 46.9 49.8 51.2 52.5 53.5 54.8 55.9 57 57.8 58.8 60.5 62 63.4 65.6 67.7 71.4 74.9 78.9 83.3 87.8 93.3 97.2 99.1 100 101.1 102.7 104.1
39 38.3 36.6 36 38.2 39.1 39.6 40.1 40.1 40.3 40.4 40.7 40.9 40.8 40.9 41 41.6 42.2 42.8 43.3 43.2 43.5 43.6 43.1 41.6 40.1 39.1 37.9 37.1 36.4 34.6 31.5 40.7 41 38.4 37.8 38.8 39.3 39.8 40.5 41.3 41.7 42.8 43.5 44.3 45.6 46 46.5 46.9 47.4 48 48.1 48.4 48.5 48.9 48.9 48.2 47.7 46.6 47.4 50.4 52.1 53 53.7 54.5 55.2 57.8 59.1 60.3 61.2 62.6 63.9 67 69 72.1 75 79.4 83.4 87.1 90.6 94 94.2 95.5 95.6 96.5
38.2 37.7 37.4 37.7 38.1 38.6 39 39.2 39.3 39.4 39.4 39.6 40 40.3 40.5 41.1 41.4 41.8 42 42 42 42 41.4 40.1 38.6 37 35.4 33.8 31.6 32.2 30.7 30.5 32.8 37.4 37.5 44.4 39 39.3 39.9 40.5 41.7 43.5 44.5 45 47.7 49.5 49.8 50.2 50.5 50.8 53.7 50.8 51.2 51.5 51.2 51.3 50.9 49.7 48.3 48.5 49.3 51 51.9 53.1 54.4 55.6 57.3 57.8 59.3 60.5 61.4 63.5 65.9 66.3 68.9 71.4 75.6 78.7 81.7 84.2 86.6 89.1 86.9 85.7 84.2
36.5 35.8 36.3 36.9 37.4 37.6 37.7 37.6 38 38.2 37.8 37.8 38.1 38.1 38.4 39.3 39.8 39.7 39.8 39.3 39 38.7 37.8 36.4 33.4 31.3 30 29.8 29.3 29.5 29.4 33.6 35.6 36.7 37.5 38.7 42.2 39.5 40.5 41.8 42.6 43.8 48.2 48.9 52 53.8 55.2 56.1 56.8 55.7 58.5 56.4 55.6 55.8 55.8 54.8 53.5 52.3 51.1 49.4 48.1 49 50 52.4 54.1 55 56 56.8 58.3 59.3 60 61 62 63.4 65 67.9 70.2 72.8 74.4 75.4 76.8 77.3 75.1 74.8 75.4
33.9 32.9 33.2 34 34.3 34.3 34 34.1 33.8 34.1 34.1 34.6 35.1 35.1 35.3 36.1 36.7 36.8 36.7 36.1 35.4 34.9 34 31.4 28.4 28.8 29.2 30.3 32 33.6 34.7 35.5 36.3 36.8 37.4 37.8 41 40.1 44.9 42.8 44 48.3 52.2 54.3 57.4 60.4 61.3 62.9 63.3 61.9 63.7 63.7 62.9 61.9 61.3 59.8 58.3 57.3 54.8 53 51.4 48.4 49.2 50.3 51.8 53.5 53.6 53.7 55.5 56.2 56.1 57.8 58.8 60 61 62.7 64.3 66.1 66.8 64.2 64.4 65.4 66.1 67.6 69.4
31.1 30.3 30.4 30.5 30.2 30 29.6 29.4 29.4 30.1 30.4 31.4 32 32.1 32.2 32.7 33 33.1 33 32.7 32.3 30.6 29.4 27.4 28.1 30.1 31.3 32.9 33.7 34.7 35.4 35.8 36.3 36.8 37.6 38.4 39.5 43.4 40.4 50.1 48.1 51.2 54.7 58.3 61.4 64.8 68.6 70.1 70.6 71.1 70.8 70.9 69.9 69.5 68.6 67 64.9 62.5 60.1 57.3 55.4 54 53 49.4 50.5 51.5 51.7 51.9 52.7 52.8 53.7 54.8 55.1 56.9 57.6 58.5 58.9 59.7 59.2 59.3 60.1 60.2 61.1 62.4 63.9
29 28.4 28.1 27.6 27.4 27.5 27.3 27.5 27.8 28.1 28.8 29.3 29.9 30 30.3 30.6 30.5 30.6 29.5 28.7 28.2 27.8 27.7 28.8 30.1 31.7 33.1 34.1 34.4 34.7 35.3 35.8 36.2 36.9 37 37.3 37.9 38.6 41 45.4 51.2 53.3 57.3 63.5 73.7 85.4 91.4 90.6 86.6 83.9 81.9 79.9 77.7 76.7 75.9 74.4 72.1 69.7 66.8 63.6 61.1 58 56.7 56.4 56 54.3 55.1 56.5 56.3 57.1 57.8 57.6 56.5 57.4 56.6 57.2 58.5 58.6 59.7 60.5 60.6 60.7 61.1 61 60.5
27.2 26.7 26.5 26.1 26.3 26.5 26.6 26.8 27.2 27.5 27.9 28.4 28.5 28.9 29 29.2 28.4 27.8 26.8 26.1 26.6 28.4 29.5 31.2 32.2 32.6 33.3 33.9 34.2 34.5 34.8 35.3 35.9 36.3 36.5 36.8 37.1 38 39.9 43.2 45.3 50.5 57.9 65.4 76.4 90.9 108.3 81.2 84.3 102.9 107 101.4 95.6 89.6 85.6 82.9 80.3 77.1 74.3 70.5 67.3 64.1 61.6 59.5 59.6 59.4 63.3 66.2 69.3 67.2 68.2 68 68.8 67.2 66.6 66.7 66.6 67.3 66.6 68.2 67.2 67 66.4 65.7 65.4
25.4 25.1 25.1 25.3 25.5 25.8 26.2 26.4 26.7 27.2 27.4 27.5 27.3 27.9 27.1 26.3 25.2 25.9 26.1 27.7 29.2 30.7 31.2 31.9 32.4 32.8 33.2 33.7 34 34.3 34.6 34.9 35.3 35.8 36.1 36.4 36.7 37.4 39 41.6 44.4 49.5 54.5 63.2 78.7 89.4 96.2 61.6 61.6 61.6 63.8 64.3 64.5 74.6 109.2 101.2 93 87.2 81.8 77.6 73.4 70.2 67.8 66.6 65.1 63.6 63.8 66.4 68.7 76.3 79.5 84 84 84.4 81.3 80.5 80.3 78.2 78.5 79.6 78.4 77.2 75 72.4 71.7
