Assets/StreamingAssets/GeoData/Data/st/ST57.asc
ncols 200
nrows 200
xllcorner 350000
yllcorner 170000
cellsize 50
[rows 152 to 189 of 200, columns 0 to 85 of 200]
138.8 138.2 137.8 137.8 137.7 137.7 138.1 138.7 141.1 143.4 148.9 149.7 149.6 150.4 154.4 151.7 153.2 154.6 155.8 159.5 160.1 158.8 157 153.5 150.5 148 145.2 142.8 140.8 138.9 137.7 135.9 133.9 132.2 130.6 129.1 128.3 127.8 128.3 129.2 129.9 130 129.4 128.8 128.7 126.7 124.2 119.6 114 111.9 118.6 120.8 122.5 123 122.6 121.8 122.5 123.8 122.8 120.9 118.4 115.4 114.6 115.3 118 123.4 126 126.1 128.2 128.5 129.3 130.7 132.1 134.3 134.6 134.4 134.6 139.1 134.1 134.5 134.1 133.7 132.4 130.7 128.2 126
137.4 137.3 137 136.7 136.6 136.9 138.6 139.4 141.5 143.9 146.2 147.7 150 150.6 153.7 151.5 153.2 155.1 156.4 159.5 160.9 160.2 157.9 155.2 152.2 149.1 146.1 143 141 139.1 137.1 135.8 133.7 131.8 129.8 128.7 128.8 128.5 129.6 130.4 130.9 131.2 131.2 130.8 130.3 129.5 128.1 125.2 119 115.1 122.3 125.3 127.2 127.9 127.3 126.1 126.6 128.6 128.7 126.6 122.4 119.6 119 121.2 127 130.6 131.2 132.4 133 132.6 133.7 134.7 135.7 136 135.5 135.5 139.9 139.7 139.3 136.2 135.6 134.3 132.3 129.9 127.5 127.6
135.2 134.6 134 133.9 134.8 135.2 137 139.6 141.9 144.5 146.6 147.1 150.8 151 153.2 151.5 154 155.4 156.7 160.7 162.1 161.2 158.5 155.4 152.3 149.1 146.1 143.2 140.9 138.8 137 135.2 133.9 131.8 128.6 128.8 129.9 130 130.8 131.4 131.7 131.9 132.1 132.1 131.7 130.9 130.2 128.7 125.3 119.1 123.6 128.7 131.7 132.3 132.1 130.8 131.4 132.9 133.3 132.3 129.3 125.3 126.6 129.8 131.4 134.2 134.9 135.3 134.9 134.5 135.3 136.5 138.2 139.7 139.6 139.6 139.6 140 139.9 137.7 136.7 133.9 131.7 129.8 130 129.2
132.1 131.5 131.1 131.3 132.3 133.5 135.6 138.3 142 144.4 146.3 148.2 149.9 150.5 150.3 152.3 153.8 155.4 156.8 161.4 162.7 161.4 158.8 155.4 152.2 149.2 146.2 142.9 140.7 138.7 136.9 135.2 133.5 131.7 127.5 131.1 131.6 131.7 131.9 132.2 132.4 132.7 132.9 133.1 133 132.2 131.5 129.9 128.3 126.1 123.8 131.3 134.7 135.6 135.4 135.1 135.1 136.2 135.7 135 134.6 134.5 134.8 135 136.1 136.8 137.2 137.2 136.6 136.1 136.6 137.7 139.6 141.4 142.4 141.7 141 141 141.8 140.1 139.2 134.7 133.1 132.6 131.7 130.1
129.3 128.1 127.8 127.9 128.6 132.3 134.4 137.2 141.3 143.9 145.3 147.9 149.5 150 149.5 150.8 152.3 153.9 157.2 160.7 162.8 160.9 158.4 155.4 152.1 149.2 146.2 143.7 141.2 138.9 137 135.2 133.3 129.3 131.8 132.5 132.8 132.9 133.2 133.4 133.7 134 134.2 134.1 133.9 133.4 132.8 130.8 129.3 127.3 125.2 131.4 135.9 136.7 137.1 137.3 137.5 137.6 137.3 137.2 137 137.3 137.6 137.5 138.4 138.7 138.7 138.5 138.1 137.6 137.2 138.6 140.8 142.8 145.1 144.7 143.9 143.7 143.5 142.2 141.1 138.3 136 135.1 133.1 132.4
127.7 125.5 123.2 125 126.9 129.9 132.9 136 140.2 142.1 144.6 147.2 149 149.3 148.6 149.2 151.9 154.3 157.2 160.2 161.4 160.4 157.9 155.3 152.2 149.9 147.4 144.8 142.1 139.4 137.3 135.5 133.1 131.1 133.9 133.6 133.5 134.1 134.6 134.8 135.1 135.3 135.4 135.2 134.7 134 133 131.8 130.2 127.7 129.7 132.9 137 138.1 138.4 138.7 138.9 139.2 139.1 138.9 138.9 139.1 139.5 139.9 140.1 140.2 140.2 139.9 139.6 139.2 138.2 139.5 141.6 143.8 145.8 147 146.7 145.9 144.4 142.9 141.4 140.2 138.7 135.6 135.1 135.6
125 121.8 117.3 121.3 122.5 125.9 129 131.6 135.2 137.8 141.6 145.7 148.3 148.3 146.9 151.2 155.9 157.8 158.7 158.8 159.8 158.7 157.2 155.2 152.6 150.5 147.7 145.1 142.3 138.9 136.5 135.1 132.6 131.9 133.4 133.4 133.9 134.4 134.8 135.3 135.9 136.3 136.6 135.9 135.5 134.7 133.8 132.7 130.8 126.8 131.1 135 138.6 139.4 139.6 139.9 140.3 140.5 140.7 140.5 140.7 141 141.2 141.6 141.7 141.7 141.7 141.2 140.9 140.5 139.9 139.6 142.1 144.2 146.4 147 146.6 145.9 145 143.6 141.8 140.5 139 137.2 137.9 138.4
121.6 118.4 112.8 116.5 120.3 121.4 124 127.1 130.3 134.4 139.4 143.9 146.1 146.4 146.2 151.7 156.6 159.1 159.8 158.9 157.7 157 156.1 154.5 152.6 149.9 147.1 143.8 140.4 137.5 135.4 133.7 132.6 132.8 133.1 134.2 134.7 134.9 134.9 135.4 136.2 137.1 136.8 136.5 136.2 135.6 134.7 133.3 130.8 130.1 132.8 137.4 140.4 140.7 140.9 141.2 141.6 141.9 142.1 142.3 142.6 142.8 143 143.3 143.3 143.3 143 142.5 142.2 141.7 141 141.4 143.5 145.5 146.4 146.8 146.2 145.8 145.5 145.2 142.9 141.2 140.7 140 140.3 140.7
118.4 113.9 109.3 113.4 116.2 117.4 119.7 122.5 125.6 130.3 136.1 141.3 143.1 143.7 144.9 150.7 155.4 159.2 159.6 159.1 157.3 155.4 154.5 153.2 151 148.3 145.4 141.8 139 138.1 136.7 134.1 132.7 132.6 134 135.7 136.5 136.7 136.9 137.1 138 137.4 136.6 136.5 136.3 136.6 135.4 133.6 130 132.9 134.6 138.9 141.7 142.2 142.2 142.6 142.9 143.2 143.5 143.6 143.8 144.1 144.4 144.5 144.6 144.7 144.3 143.8 143.4 142.7 141.3 142.3 143.4 145 145.4 145.5 145.9 146.1 146.2 145.3 144.2 143.3 142.9 142.8 142.5 142.3
115.3 111.6 105.3 107.8 111.3 114 116 118.4 120.6 124.7 130.6 135.4 138.6 134.7 140.3 147.5 152.7 157.9 159.4 158.2 156.6 155.1 153.1 151.2 149 146.7 144.2 142.7 140.5 139.6 137.9 135.9 134.6 134.6 136.7 137.9 138.5 138.7 138.7 138.8 138.3 137.8 137.4 136.7 136.6 136.7 136.2 134.1 130.7 134.3 137.2 140.4 142.7 142.9 143.2 143.5 143.9 144.3 144.5 144.7 144.9 145.1 145.3 145.3 145.3 145.2 145.1 144.9 144.1 142.9 141.6 142.8 143.8 144.5 145.1 145.8 146.5 147.3 146.8 145.4 144.8 144.6 144.4 144.3 143.9 143.5
111.9 108.8 102.3 104.4 107.8 109.8 111.2 113.4 115.4 118.6 123.3 127 129.8 128.5 136.3 144.2 149.4 154.4 157 157.7 156.1 155.4 153.7 151.1 149.3 147.3 145.3 144.5 142.6 140.8 139.3 137.3 135.9 135.9 137.1 138.7 139.9 139.8 139.9 139.9 139.4 139.1 138.7 138.2 137.5 136.5 134.7 132.8 132.4 135.4 138.6 141 143.2 143.4 143.6 143.9 144.5 144.8 145 145.2 145.3 145.5 145.6 145 144.8 144.7 144.5 144.3 144 143 142.3 143.4 143.7 144.6 145.3 145.4 146.9 147.1 146 145.6 145.7 145.5 145.4 145.3 144.7 143.6
108.4 104.9 99.5 101.3 102.7 104.1 105.9 108.4 109.7 111.4 114.5 115 115.4 124.7 133.5 140.7 145.9 149.6 152.8 155.4 155.8 155.2 154.2 152.9 151.2 149.5 145.9 139.6 140.5 141.2 139.8 138.4 137.1 136.4 137.6 139.7 141.1 141.5 141.4 141.1 140.7 140.3 140 139.6 138.8 137.4 135 132.5 133.9 136.8 139.4 141.8 143.4 143.6 143.9 144.3 144.7 145 145.2 145.5 145.7 145.8 145.5 144.8 144.3 144.6 144.3 144 144 143.8 143.5 143.7 143.5 143.6 144 145.2 146.4 146.5 146.4 146.2 146.6 146.5 145.9 146.5 144.3 142.9
104.5 100.7 95.8 94.7 97.7 99.1 101.2 103.3 103.7 104.9 105.8 104 112.4 121.9 130.5 136.9 141.4 144.8 148.1 151.4 154.2 154.3 154.1 153.6 152.3 148.9 141.6 135.6 146.3 144.6 142.3 139.7 138.5 137.3 138.8 141.2 142.4 142.7 143.1 142.7 141.9 141 140.9 140.8 139.8 138.3 136.3 134.7 136.9 138 140.2 142.7 143.5 144 144.2 144.6 144.9 145.2 145.4 145.6 145.8 146 145.8 145.1 144.7 144.7 144.6 144.5 144.3 144.2 144 143.8 143.7 143.6 144 145 146.4 146.4 146.8 146.8 147.1 151.9 145.5 128 142.2 141
100.3 96.6 92.4 90.1 91.7 94.3 96.6 97.8 97.9 97.7 98.1 100.6 108.3 118.3 126.1 132.1 136.4 140.2 143.7 148.3 152.7 154.7 155.2 154.3 153.5 152.9 151.2 150.1 149.2 146.6 143 140.3 139.3 138.3 139.8 142.1 143.5 144.2 144.7 144.3 143.6 142.6 141.7 140.5 139.6 137.9 136.6 136.8 137.8 138.9 141.1 142.9 143.5 143.9 144.4 144.8 145 145.3 145.6 145.8 146 146.1 145.9 145.4 145.2 145.4 145.3 145 144.8 144.5 144.6 144.3 144.2 144.5 144.9 145.4 146.9 147.1 146.6 147.7 152.6 135.6 119.4 107.6 111.3 139.3
96.8 94.1 89.5 84.6 88 90 92.4 93 91.6 89.9 88.7 95.7 101.9 108.2 118.2 125.7 130.4 135.1 140.2 146.7 152.4 154.5 155.9 156.2 155.7 155.1 154.4 152.7 150.8 147.5 143.3 140.5 139.4 139.2 139.7 142.9 144.9 145.7 146.2 145.8 145.1 143.9 142.1 140.4 138.9 138 138 138.3 138.7 139.8 142 142.9 143.5 143.9 144.3 144.8 145.2 145.5 145.7 146 146.1 146.1 145.9 145.5 145.4 145.6 145.8 144.9 143.9 144.4 145.1 145 144.9 144.9 145.4 145.9 146.2 146.6 152.8 146.4 134.3 119.5 103.1 91.1 77.8 125.7
93.4 90.9 87.1 82.4 82.4 87 88.7 86.2 84.2 82.5 82.8 88.8 94.9 99.9 109.2 118.6 123.1 129.1 137 143.7 148.4 152.5 155.7 157.6 157.8 156.8 155.5 153.7 151.6 148.6 144.2 141 139.8 139.5 140.6 143.7 146 146.5 146.7 146.3 145.4 144.2 142.5 140.7 139.7 139.3 139.6 139.9 140.3 140.7 142.1 142.9 143.5 143.9 144.3 144.8 145.2 145.6 145.9 146.1 146.1 146.1 145.7 145.2 144.8 144.5 144.5 144 144.4 144.8 145 145.9 145.6 145.6 145.9 146.1 150.1 145.6 132.9 119.8 107.5 98.2 86.3 75 63.2 103.8
90.2 88.8 85.4 80.8 77.8 83.9 83.4 80.9 77.9 77.9 80.5 83.6 86.5 91.1 99.5 107.7 114.2 122.2 129.5 137.3 143.3 148.8 153.3 157.1 158 157.3 155.8 153.2 151.5 149.1 145.4 141.2 139.7 139.6 140.6 143.2 145.4 146.7 146.7 146.6 145.8 144.4 142.8 141.5 141.1 141.3 141.6 141.9 142.2 142.3 142.2 142.8 143.5 143.9 144.3 144.7 145.2 145.6 146.1 146.2 146.3 145.8 145.3 144.9 144.5 144.1 144.1 144.5 144.8 145.1 145.1 146.6 146.5 146.2 147.8 145.9 131.8 118.8 112.5 102.6 96.5 80.5 67.4 56.4 51.8 73.6
86.3 86.4 84.5 81.1 73.9 77.7 77.6 75.8 73.1 71.5 75.1 79 79.7 80.7 87.7 94.2 102.9 113.6 122.4 130.8 138.7 145.1 150.4 153.8 155.3 154.8 154 152 149.8 147.1 143.3 140.1 139 138.5 139.7 141.8 144.1 145.6 146.7 146.6 145.7 144.5 143.2 143.7 143.6 143.7 143.9 144.1 143.9 143.7 143.4 143.8 143.9 144.3 144.6 144.9 145.3 145.8 146.3 146.3 145.9 145.4 145 144.5 144.3 144.1 144.4 144.9 147.3 144 147.1 146.7 147.5 141.8 137 129.2 114.4 99.5 88.7 89.4 76.2 69.7 63 57.3 67.6 84.4
81.5 84 82.9 79.9 72.1 70.9 71.8 70.7 67.3 66.6 69.2 73 75.3 78.1 79.4 83.6 92.1 105.6 115.8 124.2 132.6 140.4 146.3 149.9 151.9 151.4 151 149.2 147.1 145 142.1 139.7 138.6 137.6 138.7 139.7 141.6 144 145.6 145.3 144.7 143.7 144.3 145.4 145.7 145.9 145.8 145.6 145.5 145.3 145.5 146 145.8 145.8 145.9 145.9 146 146 146.4 146 145.7 145.5 145.3 145 144.2 143.5 144.3 149.3 145.6 131.8 133.7 146.7 124.6 124.8 125.5 111.7 96 91 88.6 83.6 77.4 72.2 83.4 118 129.3 127.3
77.2 79.6 79.9 76.4 70.7 66.4 67.7 66.4 64.7 63.1 64.7 67.6 69.9 72.1 74.2 77.6 81.1 95.2 106.1 114.5 123.7 133.3 141.8 146.2 148.6 149.1 148.5 146.6 144.2 142.3 141.5 139.8 137.9 137.1 137 137.8 139.1 141.1 142.6 143.5 143.2 143.7 145.3 146.8 147.5 147.4 147.3 147.3 147.1 147 147.6 148.2 147.9 147.3 147.1 147.1 147.2 147.2 147 146.6 146.3 146.1 145.9 145.5 144.9 144 145.6 147 145.8 132.7 138.6 147.2 127 124.3 123.5 110.3 101.7 96.1 93.2 87.8 81.2 104.9 133.2 130.5 127.5 125
72.8 72.9 73 71.4 68.7 63.5 62.2 61.9 60.5 59.6 61 63.3 65.4 67.5 69.5 72.4 77.2 84.4 95.2 104.7 114.9 124.5 134.1 142.5 145.5 147.2 147.2 145 143.3 140.4 137.9 136.3 135.7 135.6 135.7 136.4 137.6 139.2 140.1 141 142.1 143.8 146.5 147.9 148.4 148.6 148.7 148.7 148.7 149 149.6 150 149.6 149 148.6 148.3 148.4 148.4 148.1 147.5 146.9 146.7 146.4 146 145.5 145.1 143.8 144.9 147.9 137.2 135.9 140.4 136.7 125.1 121.2 116.2 105.2 97.9 94.6 88.1 96.1 135.4 132.3 128.4 124 120
68 68.2 69.1 67.5 65.4 61.7 59.1 58.9 58 57 57.2 59.1 61.8 63.5 65.1 67.9 72.2 77.5 86 96.7 106.4 116.1 125.8 134.4 142.6 145.6 147.3 146.4 144.6 140.3 136.5 133.2 132.5 133.3 135.8 136.8 137.4 138.2 139.4 140.6 141.8 143.7 146.6 148.7 149.1 149.3 149.1 148.7 149.2 150.3 151.5 151.5 151.2 150.8 150.3 149.8 149.6 149.6 149.1 148.5 148 147.4 147.5 146.8 146.3 146 142.7 141.9 140.7 138.2 137.2 143.8 144.9 136.2 121.8 109.3 110 115.5 125.3 139.5 134.9 131.4 127.9 123.8 119.2 114.8
63.8 64 64.4 63.1 61.5 59.3 57.7 56.4 55.5 54.5 54.4 56 57.7 59.4 61.2 63.9 67.4 72.9 78.6 89.1 98.8 108.4 118.1 127.4 136.3 142.8 145.6 147.3 143.9 139.4 135.3 131.2 130.2 133.6 136.6 137.5 138.2 138.4 139.5 140.3 141.8 143.9 146.8 148.7 148.7 148.6 148.3 149.1 149.9 150.7 152.4 152.8 153 152.5 152 151.6 151.1 150.7 150.3 150 149.6 149.3 149.1 148 147.1 146.1 143.8 140.7 138.6 140.2 143.7 142.8 143 143.3 143.1 142.8 141.7 140.5 137.7 133.6 129.4 125.8 122 118.2 114 109.5
60 59.9 59.7 58.7 57.8 56.4 54.9 53.5 53.4 52.6 51.8 53.5 54.9 56.2 57.9 59.9 63.3 67.1 73.8 81.7 91.7 101.3 110.8 120.2 129.2 136.5 141.6 140.8 138.2 133.1 131 129.1 128.9 135.2 137.4 138.2 138.6 139 139.9 140.7 141.4 143.8 146.2 147.1 147.5 147.5 147.2 148.1 148.7 150 152.8 153.3 153.7 153.4 152.9 152.2 151.4 151.4 151.1 150.7 150.4 150.2 149.2 148.1 146.5 144.9 143 140.6 139.2 138.7 139.8 141.1 142.9 138.8 138.1 137.4 135.9 133.4 129.5 126.5 123.3 119.4 115.6 111.8 107 101.9
56.7 56.5 56.7 55.7 54.7 53.8 52.9 51.8 50.8 50.3 49.9 51 52.6 53.5 55 56.7 59.8 63.5 67.8 74.8 84.4 93.9 103.4 112.8 122.1 129.8 132.7 131.4 129.1 126.5 125 123.4 130.7 136.6 137.6 138.4 139.1 139.9 140.6 141.2 141.8 143 144.2 145.1 145.4 145.8 145.5 146.3 147.2 149.4 152.4 153.7 154.1 153.4 152.7 151.9 151.6 151.9 151.9 151.4 151 149.9 148.7 147.2 145.5 143.9 141.8 140.1 138.9 138.3 137.2 136.5 135.4 134.7 133.7 132.2 130.5 127.1 123.5 119.9 116.2 113.2 109.4 105.9 100.6 94.5
53.6 54 54 53.4 52.4 52.2 51.3 50.1 48.7 47.8 48 49.3 50.6 51.1 52.1 54.3 56.6 59.9 64.3 69.4 76.8 86.5 96.1 105.4 115.6 122.6 123.6 121.8 119.7 118 117.4 124.7 134.6 136.5 137.3 138.1 138.8 139.5 140.9 141.2 141.5 141.6 142.7 143 143.5 144 144.2 145 146.4 149 151.6 153.1 152.5 152.5 152.3 151.9 152 152.1 151.5 151 150.4 149.4 147.9 146.2 144.5 142.9 141.2 140.1 140.1 139.2 137.8 137 135.8 134.7 133.8 133.2 132.7 131.7 129.1 126.7 124.5 116.9 108.3 101.5 101.1 103.5
50.8 51.5 51.1 50.7 50.2 49.9 49.7 48.4 46.8 45.3 46.1 47.4 48.4 48.6 49.7 51.8 54.1 56.8 60.4 65.4 71.2 78.9 88.7 99 109.3 115.5 114.3 112.1 110.5 109 119.5 130.1 135.2 136 136.9 137.3 137.9 138.7 139.9 140.5 140.6 140.9 141.2 141.7 142.1 142.6 143.4 144.2 145.7 147.9 150 151.6 151.7 151.5 151.4 151.8 151.9 151.7 151 150.4 149.6 148.7 147.1 145.5 143.8 142.2 141.3 141.6 141 139.7 138.4 137.3 135.7 134.9 132.3 134.3 133.9 131.4 129.1 127 124.7 116.3 109.2 103.9 105 109
48.1 48.6 48.2 48 47.9 48.2 47.2 45.9 44.5 43.1 44.2 45.5 45.8 46.1 47.5 49.1 51.4 53.9 57.7 62.5 67.8 73.5 81.4 91.9 102.5 107.3 105.5 101.9 105.5 114.7 125.1 131.9 133.9 134.6 135.5 135.8 136.3 136.5 137.7 139.3 140.1 140.4 140.5 140.3 140.9 142.2 142.8 143.7 145.3 146.9 148.5 150.2 150.9 150.7 151 151.3 151.6 151.2 150.4 149.6 148.7 147.8 146.2 144.6 143 142.1 142 141.8 141.3 139.9 138.3 136.4 135.2 134 130.6 133.3 132.9 130.3 125.2 120.7 118.7 114.1 108.2 103.1 107.9 111.2
45.1 46.3 46.1 46 46.2 46.2 45 44.4 43.4 41.6 41.2 42.5 43 44.3 45.7 47.1 48.6 52 56.2 60.1 64.9 69.7 75.6 83.7 93.1 97.2 96.7 102.5 109.1 118.1 125.3 129 131 132 132.9 133.1 132.6 132.9 134.4 137 139.1 139.6 139.2 139 140.5 141.7 142.3 143.6 145.2 146.7 148.4 150.3 150.1 150.1 150.4 150.7 151 150.4 149.8 149 147.9 146.9 145.3 143.4 142.3 141.5 140.4 139.9 139.1 137.1 135 131.9 129.3 126.2 120.3 127.1 130.6 124.1 118.9 114.8 112.2 110 108.1 110.2 111.1 119.8
37.6 40.3 42.2 43.2 44.1 44.4 44.1 43.5 42.6 40.6 39.1 39.7 41.3 43.1 44.6 46 47.4 50.5 54.6 58.4 62.3 66.7 70.8 75.2 81.5 87 95 102.6 109.2 116.3 121.9 125.7 127.7 129.3 130.1 129.2 126.6 127.7 129.7 132.5 136.9 137.8 137.6 137.5 139.5 141.2 141 143.4 145.1 146.8 148.4 149.6 149.5 149.9 149.8 150 150.3 149.7 149.2 148.4 147.4 145.8 143.8 141.9 140 139.2 136.2 132.9 129.5 127.1 125.8 123.6 121 116.4 113.3 121.4 121.5 118 115.2 112.6 111.1 112 112.8 114 121.7 122.3
30.6 33.1 35.4 38.1 41 42.8 43 42.5 41.4 40.4 39.1 37.6 39.6 41.6 43 44.5 46.6 49.6 53.4 56.4 59.5 61.9 66.6 71.5 77.8 86.8 94.2 101 107 113 119.2 123.2 125.1 125.3 123.9 121.7 119.3 121.9 124.2 126.1 130.6 133.9 134.1 132.8 134.1 137.6 140.6 143.2 144.9 146.8 148.5 149 149.3 149.6 149.9 149.9 149.5 149.1 148.6 147.8 146.4 143.9 141.1 138.3 136.8 133 128.8 123.8 119.6 117.3 116.3 115 113.7 110.4 110 112.8 116.1 116.6 115.2 115.1 115.9 117.8 121.7 124 122.5 118.5
26.2 28 29.5 33.2 37 37.1 40.7 41.1 39.9 39.6 38.2 35.8 37.1 40 41.7 43.8 46.1 48.4 50.8 53.5 56.4 60.2 65.2 71.7 77.5 84.8 90.5 98.7 104.5 111.2 119 122.3 122.3 117.9 116 112.7 111.3 114.2 116.1 118 121.2 124.2 124.6 124.7 127.3 131.4 136 140.6 143.8 146 147.9 148.8 149 149.4 149.7 149.3 148.8 148.2 147.8 146.3 143.9 141.3 138.4 135.1 130.2 125.2 120.1 115 109.2 106 105.9 105.3 104.1 103.9 112.5 113.5 116.1 118.4 122.1 125 125.8 125.9 124 121.9 120.7 114.5
22.7 24.7 26.5 30.4 32.7 32.2 35.3 38.8 39 38.8 37 34.1 34.7 39 41 43.2 45.1 47 48.7 51.7 54.9 58.7 63.2 68.6 73.4 79.6 87.4 96.5 105.2 113.8 121 121.5 116.8 111.8 107.4 104.2 102.1 103.7 105 107.3 111.6 113.5 115.1 117.2 120.3 123.9 131.5 139.4 143 145 146.9 147.9 148.6 148.7 148.5 148.5 148 147.4 146.5 144.4 141.5 138 134.4 130.5 126.2 118.4 112.2 107.4 101.3 97.1 96.4 95.6 95.2 102.3 109.3 115.3 118.2 123.6 127.6 130.2 127.7 122.7 119 119.4 120.4 110.7
21.6 22.4 22.7 24.6 25.7 25.7 28.7 33.8 35.7 36.4 33.9 32.9 33.8 37.7 39.8 41.7 43.5 45.1 46.8 49.7 52.9 56.4 60.2 64.5 70.6 77.9 85.3 94.7 106.5 117.4 120.5 117.2 111.9 106.1 98.2 94.8 91.7 91.9 93.5 97.3 103.6 108.9 110.8 111.9 113.4 117 127.2 137.5 141.5 143.9 145.9 146.8 147.5 147.5 147.3 147.3 147.2 146.3 144.1 141.3 137.1 133.8 130 125.9 121.5 113.1 105.9 100.2 94.4 88.4 87.2 86.2 86.5 93.2 99.4 109.1 117.2 124.6 130.8 128.5 124 118.4 114 113.5 109.1 102.1
21 21.3 21.8 22.7 21.7 24.9 27.6 29.1 30.8 31.2 30.8 31.2 32.7 35.6 38.9 40.8 41.7 43.2 44.9 47.8 50.4 53.4 57.2 61.6 68.6 76.1 82.4 91.4 103.7 114.2 115.6 112 106.9 100.9 91.7 85.8 81.7 82.1 84 88.7 96.6 104.1 108.1 108.5 108.4 110.7 123.1 134.3 138.4 140.5 142.8 145 145.8 146.4 146.2 145.9 145.3 143.9 141.1 136.9 132.5 127.6 124.4 120.7 115.3 108.2 100 93.6 87.8 81.8 78.5 77.5 78.4 83.7 89.8 97.1 111.8 119.4 123.3 121.3 119.2 111.6 102.2 98.4 94.4 93.3
20.4 20.8 21 21 22.8 24.2 25.6 27 28.4 28.7 29 29.5 32.4 35.4 37.4 38.6 40.3 41.5 43 45.3 47.6 50.4 54.3 58.6 65.6 71.8 78.6 87.8 98.9 107.4 107.6 104.9 100.3 96.8 88.9 79.5 75.2 75.2 76.6 82.5 90.8 97.8 102 102.8 101.2 105.6 119.6 129.1 133.9 137.2 139.6 141.6 143.1 144.2 143.9 143.3 142 140 136.5 131.9 125.8 120 116 112.1 108.1 103.5 96 88.2 81.7 76.2 72.5 71 73.4 77.3 81.5 89.3 97.1 106.1 109.5 112 114.4 104.6 93.4 88.8 89.7 89.4
19.8 21.3 21 21.9 22.2 23.3 24.5 25.8 27.3 27.5 28 29.2 32 34.2 35.6 36.3 37.4 38.9 41.3 43 45.3 48.2 51.5 55.7 61.6 67 74 83.8 95.1 102.3 101 98.8 96.3 92.9 88.1 77.6 71.2 69.8 72.4 78.8 86.1 91.5 94.4 94.4 93.9 103.9 116.5 124.2 129.3 133.4 135.7 137.1 138.8 140.3 140.7 138.8 136.2 133.6 129.3 124.9 118.7 113 108.8 104.6 101.1 97.9 91.7 83 76.6 71.7 67.7 65.8 68 70.9 74.6 81.2 89 94.2 98.3 101.8 101.5 97.6 89.1 80.6 78.6 77.1
18.9 19.9 20.9 21.9 21.9 22.6 23.7 24.8 25.9 26.4 27.1 28.4 30.6 32.8 33.7 34.7 35.8 36.8 39.2 41.1 43.8 46.4 48.7 51.7 56.6 61.4 68.6 79.1 91.7 98.7 96.2 94.3 91.9 88.8 84.9 77.7 69.8 66.3 68.1 74.9 80.6 84.6 86.6 87 90.8 103.9 115.7 120.7 124.8 128 130.4 132.6 134.4 136.3 136.7 133.6 130.8 126.4 121.9 117.5 112.4 106.5 101.5 97.1 94 91 86.7 78.9 72.4 67.8 64.2 61.8 63 65.4 69 73.1 80.7 85 89.6 91.4 93.6 92.7 86.6 74.7 69.1 67.3
