Assets/StreamingAssets/GeoData/Data/st/ST58.asc
ncols 200
nrows 200
xllcorner 350000
yllcorner 180000
cellsize 50
[rows 138 to 183 of 200, columns 96 to 191 of 200]
6.2 5.9 5.5 5.6 5.9 7.5 7.7 7.9 7.7 7.4 6.9 6 6.8 7.3 6.9 6.7 6.7 7 7.4 5.9 6.8 7.6 12.2 6 6.1 6.2 6.3 6.3 6 5.9 5.9 5.9 5.9 5.7 5.8 5.9 6 6.2 5.8 5.9 6.1 6.3 6.4 6.2 5.2 6.1 6 6 6.2 6.4 6.5 6.5 6.5 6.6 6.5 6.5 6.5 6.5 6.5 6.6 6.6 6.9 7.2 7.6 7.2 8.4 9.6 9.4 8.8 8.7 9.6 14 16.5 17.2 17.9 18.6 20.3 21.8 23.6 26.9 30.7 34.4 32.6 28.1 22.1 31.7 45 47.6 49.9 50.7 50.1 50.4 51.4 52.5 53.9 55.8
6.3 6.1 5.6 6.3 5.2 7.6 7.7 7.8 7.9 7.9 8.1 7.8 7.3 7.6 7.6 7.6 7 7.3 7.7 7.9 7.1 7.8 7.1 5 6 6.3 6.3 6.3 6.3 6.2 6.1 5.9 5.9 5.8 5.7 5.9 6 6.2 6.1 6.2 6.3 6.3 6.3 6.1 6 6.4 6.2 6.2 6.3 6.4 6.5 6.5 6.6 6.6 6.6 6.6 6.6 6.5 6.5 6.6 6.7 6.8 6.9 7 7.8 9.6 9 9 9 10.2 10.3 11.7 14.4 15.5 16.7 18.3 19.6 21.7 24.6 27.9 32.4 36.8 39.8 39.1 29.9 44.5 47.7 48.6 48.4 49.3 48.4 49.4 50.1 50.5 52.9 56.3
6.4 6.5 6.4 7.2 7.4 7.6 7.7 7.8 7.9 7.9 5.6 7.4 7.2 7.4 7.5 7.5 8 8 7.1 7.5 13.9 7.6 6.9 14.2 5.7 6.3 6.4 6.4 6.3 6.3 6.2 6.1 5.9 5.7 5.9 5.9 6.1 6.2 6.2 6.2 6.3 6.2 6.2 6.1 6 6.2 6.5 6.3 6.4 6.5 6.5 6.6 6.6 6.6 6.6 6.6 6.6 6.6 6.6 6.7 6.8 6.9 7 7.3 7.9 9.1 9 9 9.9 12.6 13.7 15.5 14.3 16.6 18.2 19.3 20.9 22.6 26.6 30.1 34.6 39.1 43.1 45.3 47 33.8 38.4 49.3 49.3 49.2 48.7 49.3 50 51.8 53.3 56.7
6.4 6.3 6.7 7.7 7.3 7.5 7.6 7.8 7.9 7.4 7.6 7.4 7.6 7.8 8 5.2 5.2 5.2 8.4 11.8 10.9 7.9 7.8 10.6 5.2 6.6 6.6 6.3 6.2 5.5 6.2 6.2 5.9 5.8 6.1 6 6.1 6.1 6.1 6.2 6.2 6.1 6.1 6 6 6.4 6.7 6.4 6.5 6.5 6.6 6.7 6.7 6.6 6.5 6.5 6.6 6.6 6.7 6.8 7 7.1 7.2 7.6 8.2 8.2 9.5 9 10.4 12.1 14.9 16.7 18.1 15.8 19.3 20.7 22.2 24 28.2 32.6 36.6 41.2 45.3 47.1 48.1 48.6 43.8 31.5 49.4 49.2 49.1 49.9 51.1 52.6 55.1 58.5
6.2 6.1 7.5 7.5 7.3 7.5 7.9 7.9 7.7 6.1 5.8 7.4 7.7 7.9 8.1 7.9 7.1 6.9 7.9 6.5 8.3 7.7 8 11.5 8 6.7 6.2 6 6.3 6.4 6.3 6.3 6.2 6.3 6.3 6.3 6.1 6 6.1 6.2 6.1 6 5.9 5.9 6.5 6.6 6.7 6.6 6.5 6.6 6.7 6.7 6.7 6.6 6.5 6.5 6.5 6.6 6.9 7 7.2 7.3 7.4 7.9 8.5 8.8 9.2 9.6 11.6 13.7 15.3 17.9 19.4 19.8 18.7 21.7 23.6 25.9 30 34.3 38.6 44.5 46.8 47.6 47.9 48.9 49.4 49.6 49.4 49.4 49.7 51 52.9 54.9 58.4 62.6
6.6 6.7 6.5 7.3 8.4 8.1 7.8 7.5 7.1 7.5 7.4 7.6 7.7 7.8 7.8 7.8 7.5 7.3 7.1 6.9 7.2 8.2 7.3 4.6 5.3 6.1 5.8 6.1 6.4 6.3 6.2 6.3 6.3 6.4 6.3 6.3 6.1 6 6 6.2 6.7 6.7 6 6.4 6.4 6.4 6.5 6.6 6.6 6.6 6.7 6.7 6.7 6.6 6.5 6.6 6.6 6.8 7 7.2 7.4 7.5 7.6 8.2 8.7 8.8 9.2 10.8 12.8 15 16.3 17.6 19.4 20.5 21.2 22.6 24.9 27.3 32.2 36.5 41.7 45.8 46.3 46.9 48.3 49.3 49.7 49.6 49.6 41.3 50.4 52.5 55.3 60.5 66.1 72.2
7.4 7.1 6.6 6.6 8 8.3 8.2 7.7 6.6 7.6 7.8 8.1 7.8 7.7 7.7 7.7 7.7 7.6 7.7 7.6 7.1 8 12 4.7 5.4 6 6 6.4 6.5 6.1 6.2 6.3 6.3 6.4 6.3 5.5 6.2 6.1 6 6.4 6.3 6.9 7.5 6.6 6.4 6.3 6.4 6.4 6.6 6.7 6.7 6.7 6.7 6.6 6.6 6.7 6.8 7 7.2 7.4 7.6 7.8 8.1 8.4 8.7 8.8 10 11.9 13.9 15.5 17 18 19.2 20.6 22.1 23.7 24.6 28.6 33.6 38.6 42.9 43.8 45.4 47.6 48.9 49.6 50.3 50.6 51.5 52.2 52 51.1 61.1 68.4 75.3 79.6
6.2 7 4.6 6.8 4.6 4.7 7.7 7.3 7.4 6.9 7.8 7.9 7.7 7.6 7.6 7.6 7.7 7.5 7.5 7.5 6.7 8.5 6 5.1 5.8 5.8 5.8 5.9 6.1 6.5 6.3 6.3 6.3 6.4 6.4 6.3 5.5 6.2 6.1 6.5 6.6 6.7 7 7 6.7 6.5 6.5 6.5 6.7 6.7 6.7 6.7 6.7 6.6 6.7 6.8 7 7.2 7.4 7.7 8 8.2 8.6 9.4 9.6 9.1 10.4 12.6 14 15.6 17.4 18.9 20.3 21 22.7 24.9 27 27.9 32.4 37.7 40.4 45.6 46.9 48.5 49.1 49.9 50.4 51 52.3 53.8 56 60.1 68.5 76.8 83.4 84.8
6.8 6.3 6.7 8.6 7.9 7.3 4.6 7 7.7 7.2 7.7 7.8 7.6 7.5 7.5 7.6 7.7 7.6 7.4 7.4 6.1 8.6 5.4 5.9 5.9 5.9 6 6 5.9 6.3 6.8 7 6.6 6.6 6.6 6.5 6.3 4.8 6.5 6.7 6.2 6.5 7.5 7 7.3 7.5 7.4 6.9 6.9 7.1 6.9 6.8 6.8 6.7 6.9 7 7.2 7.4 7.7 8 8.4 8.6 9.1 9.7 10.2 10 11.3 12.8 14 15.4 17 19 21.3 22.9 24.5 26.2 28 31 32.1 40.2 44.4 46.5 47.4 48.2 49.3 50.1 51.3 52.2 53.7 57.1 62.1 68.3 76 83.8 85.6 86.2
6.6 6.6 6.8 7 7.2 8.4 8.2 8 5.1 5.1 7.3 7.5 7.5 7.4 7.5 7.6 7.7 7.7 7.2 6.5 6.6 8.5 6.2 6 5.9 6.2 6.2 6.2 6 6.3 7 7.1 6.7 6.6 6.5 6.4 6.3 6.2 6.3 6.6 6.9 6.6 6.5 7.4 7.3 8.4 8.2 7.4 7.1 7.4 7.2 7.3 7.3 7.2 7.2 7.2 7.4 7.7 8 8.4 8.7 9 9.6 10 10.5 10.5 11.8 12.9 14.1 16.4 17.9 19.5 22.1 23.7 25.2 26.8 28.3 32.4 38.3 41.3 46.1 47 47.7 48.8 49.8 50.5 51.6 53.4 56.5 62.3 70.1 76.4 83.9 85.3 85.9 86.6
6.4 6.6 6.8 7 7.2 7.4 8.5 7.6 8 7.3 7.2 7.3 6.5 7.3 7.4 7.5 7.7 7.8 7.3 7.1 7.1 7.8 7.3 6.1 6 6.1 6.4 6.4 6 6.9 7.6 7.4 6.8 6.5 6.4 5.4 6.4 6.5 6.8 7.3 7.5 7.3 6.6 7.7 7.4 7.5 7.7 7.8 7.4 7.1 7.3 7.4 7.5 7.7 7.7 7.7 7.8 8.2 8.5 8.9 9.2 9.5 9.8 10.3 10.7 11.1 12.1 13 14.3 17.6 20.4 21.9 23.1 24.5 26.1 27.8 29.6 32.2 37.4 40.8 45.2 44.6 48.2 48.6 50 51 52.2 56 62.6 71.5 78.9 84.1 85.6 84.9 85.9 86
6.5 6.7 6.7 7 7.2 7.3 7.4 7.4 7.6 7.4 7.4 7.5 7.1 6.5 5.3 7.3 7.5 7.6 7 5.6 8 5.9 6.7 7 6.1 6 6.5 6.5 6.5 7.4 6.6 6.8 6.7 6.4 6.4 6.5 6.8 7 7.3 7.7 8.2 7.9 7.8 8.3 8.4 8.2 7.6 8.1 8.3 7.7 7.8 7.9 8.2 8.3 8.3 8.3 8.4 8.9 9.2 9.5 9.8 10 9.9 10.4 10.8 10.5 11.8 12.7 14.3 16 19.2 22 24.5 26.1 27.6 29.1 30.9 33.5 37.7 42.5 44.1 45.2 46.6 47.2 47.2 50.5 53.8 62 73.4 82.6 84 86.4 84.6 86.2 85.4 85
6.6 6.8 7 7.1 7.2 6.9 7.4 7.3 7.5 7.5 7.5 7.6 6.9 6.3 7.4 6.2 6.5 7.2 5.7 6.7 8.3 6.7 6.7 6.6 6.6 6.2 6.4 7.3 6.7 6.3 6.4 6.5 6.3 6.4 6.6 6.7 7 7.4 7.7 8.1 8.5 8.8 9 9.3 9.2 9 9.5 8.6 8.2 8.2 8.3 8.6 8.8 8.8 8.9 8.9 9 9.5 10.1 10.6 11 11.1 11.2 11.2 11.6 11.8 10.2 12.6 14.2 15.9 19.1 22 24.5 26.4 28.3 30.7 32.9 35.2 39.8 42.9 42.9 43.9 46.1 48.1 47.2 50.3 55.5 66 78.3 84.6 84.9 84.6 86.6 85.9 84.7 84.1
6.6 6.9 7.1 7.3 7.6 7.4 7.3 7.6 7.6 7.3 7.4 7.4 7 9.6 8.9 6.2 6.6 7.5 5.8 6.2 6.5 6.5 6.6 7 7.4 7.4 7 6.4 6.6 6.5 6.6 6.6 6.4 6.6 6.8 7 7.3 7.6 8 8.4 8.9 9.1 9.8 10.5 10.4 10.3 10.1 9.2 8.4 9.4 9.1 9.2 9.3 9.4 9.4 9.5 9.6 10.7 12.3 13.4 13.5 12.9 12.5 12 12.3 12.6 12.6 12.7 14.3 15.6 17.4 20.8 24 26.1 28.6 30.5 33.5 36.6 42.3 42.3 42.1 42.9 44.9 47.4 49.2 51.8 56.9 65.9 74.1 83 84.9 84.5 85.4 84.9 84 83.3
6.9 7 7.1 7.2 5.8 6.8 7.7 7.8 7.8 7.5 7 7.3 10.9 10.4 9.8 9.1 6.6 7.8 5.4 8 6.2 6.2 6.2 6.2 6.5 7 6.8 6.8 6.7 6.5 6.6 6.6 6.6 6.8 7 7.2 7.6 7.8 8 8.6 9.3 9.7 10.8 11.2 11.7 11.6 11.3 10.5 9.7 9.4 9.9 9.9 10.1 10.2 10.4 10.5 11.2 12.5 14.8 16.4 16.3 14.4 13.6 13.6 13.6 13.6 13.8 14 13.8 15 16.7 18.6 22.3 25.6 28.6 32.1 35.2 40.8 41.9 41.2 40.6 42.7 45.9 48 51 54.6 59.2 64.5 73 82.7 84.4 87.4 84.7 84.1 83.2 82.6
7 7.2 7.3 7 7.3 7.9 8.2 8.2 8.1 7.8 7.5 10.6 11.8 10.5 10 8.9 7.4 4.6 5.9 8.3 6.4 6.3 6.3 6.3 6.4 7 7.1 7 6.5 6.4 6.5 6.6 6.6 6.8 7.1 7.3 7.6 7.8 8.2 8.9 9.6 10.2 11.5 11.9 13 13.1 12.6 11.9 11.3 10.7 9.6 11 11.8 11.6 11.5 12.2 14.3 18.6 21.3 20.6 18.1 15.7 15.4 16.2 16.9 17.5 16.3 15.7 15 15.4 16.5 18.7 23.1 25.5 29.3 33.5 39.1 41.9 40.3 38.7 40 43.4 47.1 51.9 57.7 63.6 63.7 68.7 79.3 83.9 84.4 84 83.7 83.4 83 82.2
7.2 7.3 7.5 7.3 7.4 8.1 8.1 8 7.8 7.7 9.9 12.2 11.9 6.9 9.1 7 5.8 6.1 8.3 6.7 6.5 6.3 6.3 6.3 6.3 6.6 7 6.9 6.7 6.3 6.4 6.5 6.6 6.9 7.1 7.3 7.6 7.8 8.5 9.1 9.8 10 10.6 12.8 13.9 14 14 13.5 13 12.6 11.5 10 13 13.1 13.1 14.7 19.9 25.3 25.7 22.3 19.1 17 17.3 18.3 19.4 18.8 16.9 17.1 16.2 16.3 17.4 19.2 22.6 26.4 30.2 33.6 42.9 40.2 36.4 36.8 39.7 42.7 47.8 55.6 66.4 75 73.1 75 82.7 84.4 86.4 83 82.9 82.8 82.3 81.6
7.3 7.5 6.9 7.4 7.7 7.7 7.7 7.7 7.4 7.1 11 12.3 9.3 7.1 7.2 7.7 5.1 6.2 8.2 6.3 5.7 5.1 6.3 6.3 6.3 6.6 6.9 7.3 7.1 6.6 6.4 6.9 7 6.9 7.1 7.3 7.6 8 8.7 9.4 9.8 9.8 11.1 12 14.2 15.2 15.2 15 14.2 13.8 13 13.5 11.5 14 14.8 18.1 25.6 28.3 25.3 22.3 20.1 19 19.6 21 20.4 19.1 17.8 18.6 17 17.6 18 19.8 21.8 25.4 29 33.3 34.9 34.1 32.2 35.5 38.1 41.8 45.5 54.6 64.4 75.8 81.7 81.1 84 84.6 83.5 82.6 82.2 82.1 81.6 80.8
7.1 6.5 5.4 7.9 7.6 7.6 7.5 7.4 7.3 9.4 11 11.2 7.3 7.4 7.5 4.5 5.9 8.1 7.7 5.5 5.9 6.2 6.1 6.3 6.5 6.7 7.1 7.4 7.3 6.7 6.7 6.8 6.9 7 7.1 7.4 7.9 8 8.5 9.2 9.3 9.7 10.9 12.2 14.4 15.4 16.3 16.5 15.7 14.2 16.1 17.3 17.2 13.6 16 19.8 25.1 25.8 23.6 22.4 21.4 22.7 23.8 21.9 20.6 19.2 18.6 19.8 18.5 19.7 22 20.9 21.2 23.4 27.1 29.9 29.8 31.6 34.1 36.6 39.3 41.9 44.8 50.9 59.6 71.5 82.3 83.3 84.4 85.9 82.8 82.2 81.6 81.4 80.8 79.6
7.1 7.4 7.6 7.8 7.5 7.4 7.4 7.8 7.2 10.2 10.3 9.9 7.3 7.5 5.7 6.3 8.1 8.7 7.1 6.2 6.4 6.6 6.7 6.4 6.5 6.5 7.3 7.5 7.6 6.9 6.7 6.8 7.1 7.4 7.7 7.6 8.3 8.5 8.3 8.9 9.5 9.8 10.6 11.9 13.9 16 17.5 17.4 16.9 17.8 18.9 19.6 18.3 16.8 16.4 19.6 22.4 23.7 23 22.9 24.5 26.8 24.9 22.7 21 20.7 21.3 21.8 19.8 20.7 22.2 21.6 21.5 21.5 24.1 27.9 30.4 34.6 38.3 40.4 46.2 47.8 47.3 49.6 60.3 72.8 82.3 84.3 85.2 83 83 82.2 81.4 80.7 79.9 78.8
7.8 7.2 7.7 7.6 7.5 7.6 7.3 7.1 8.1 10.7 10.8 7.3 7.3 5.8 5.2 7.5 8.4 7.2 6.6 6.5 6.4 6.3 6.3 6.3 6.3 6.6 7.4 7.5 7.5 7.4 7.3 7 7.7 8.2 8.2 8.5 9.3 9.2 9.1 9.1 9.7 10.3 10.4 12.2 14 17 19.1 18.3 18.7 19.4 20.8 20.6 18.8 15.6 19.8 19.4 22.8 23.8 24.6 26.1 29.1 27.7 24.5 22.9 22.4 21.3 22.2 24.1 22.9 21.8 26.7 25 24.3 25.9 27.2 30.6 33.7 37 41.6 53.5 63.3 64 57 56.2 65.4 72.7 82.2 84 83.1 83.5 83.1 82.2 81.2 80.3 79.2 78.1
4.6 7.4 6.7 7.7 7.4 7.7 7.5 7.2 6.2 10.4 8 7.3 4.9 5.3 6.5 8.2 7.5 6.7 6.3 6.6 6.5 6.4 6.5 6.3 6.3 6.8 7 7.3 7.3 7.8 7.4 7.4 7.9 8.5 8.6 8.7 9.3 9.5 9.7 9.4 9.9 10.6 11.6 12.9 15 18.1 18.9 19.9 20.5 21.1 21.6 20.6 19.6 20.5 20.9 22 21.1 24.6 26.6 30.2 30.9 27.2 22.9 23.8 23.7 23.1 24.4 26.7 26.1 22.8 29 28.3 27.2 28.7 30.6 35.5 40.5 43.5 48.3 61 70.5 73.6 70.3 66.3 72.3 81 83.1 85.6 83.3 83.4 82.6 81.7 80.7 79.8 78.7 77.5
7.1 6.9 7.7 7.5 7.3 7.6 7.6 7.2 6.5 7.3 7.3 4.8 5.5 6.5 7.7 6.6 6.1 6.5 6.4 6.7 6.6 6.6 6.5 6.3 6 6.4 6.7 7 7.2 7.7 8.1 8.2 8.3 10.2 10.1 10.3 10.7 8.8 9.4 10 10.3 11.6 12.6 14.3 16.7 18.9 18.5 17.2 19.6 20 19.8 18.9 20.9 21.5 23.1 24.4 26.2 27.4 27.6 30 29.4 27.4 26.2 25.4 24.9 24.9 24.6 28 27.4 24 29.8 30.5 30.4 31.5 35 43.5 56.6 54.5 54.2 65.4 73 76.5 78.4 78.5 80.9 82 84.7 83.4 83.4 82.8 82 81.2 80.2 79.3 78.2 77
5 8 7.5 7.7 7.2 7.4 7 6.2 6.8 7.3 5.5 5.6 6.8 7.7 6.4 6.3 6.5 6.6 6.7 6.7 6.7 6.5 6.4 6.2 6.1 6.3 6.4 6.7 6.8 7.2 8.6 9.6 11.4 12.8 13.5 13.3 13 11.9 12.1 12.2 10.6 12 11.5 13.7 17.9 19.1 17 15.1 15.7 18.3 20.6 20.9 22 24.3 26.3 28.8 32.8 32.7 31.6 31.7 30.8 29.5 28.1 26.7 26.6 26.1 26.1 28.6 26.3 25.7 27.3 30.1 32.9 34.2 40.8 53.6 67.1 67 62.4 68.5 75.4 77.9 80.4 82 81.3 83.3 83.6 83.3 83.2 82.5 81.5 80.7 79.8 78.7 77.6 76.5
6.5 6.3 5.3 4.8 4.8 4.8 4.8 4.8 4.9 4.8 4.8 7.3 7.2 6.5 6.3 6.2 6.4 6.6 6.7 6.7 6.6 6.4 6.3 6.3 6.4 6.6 6.4 6.4 7.2 8.7 12.6 17.2 19.7 19 17.6 17.7 17 16.6 15.9 13.4 11.8 10.8 10.7 13.2 19.3 17.7 16.5 16.8 18.3 20.1 21.7 22.7 25.2 27.6 30.3 35.4 39.2 38.4 39.1 36.9 36 33.9 33.3 29.2 28.7 28.8 28.3 30 27.3 28.5 30 31.4 34.2 38.7 49.2 64.3 69.3 69.2 68.2 73 76 78.6 81.3 81.6 80.6 83.5 83.7 83.3 82.8 82.1 81.3 80.2 79.3 78.2 77.1 76
7.1 7 6.4 6.2 6.2 6.2 6.2 6.7 7.3 6.6 6.7 7.4 6.6 6.4 6.3 6.3 6.4 6.5 6.6 6.6 6.5 6.3 6.4 6.5 6.7 6.9 6.7 7.4 9.6 13.4 20 26.4 27.6 25.3 22.5 24.3 25.7 25.4 22 17 13.4 11.5 11.2 12.9 11.9 15.8 16.5 17.3 19.2 21.4 23.6 25.2 28.2 31.4 38.3 46.3 50.3 46.3 52.5 48.6 43.9 40.8 34.9 32.5 31.7 31.2 30.4 30.5 29.9 31.5 34.2 36.4 40.1 45.6 58.7 67.4 69.4 70.3 72.6 75.8 77.6 79.3 79.3 79.7 83.1 83.3 83.3 83 82.4 81.7 81 80 78.9 77.7 76.6 75.4
6.9 7.7 6.9 6.3 6.2 6.2 6.1 6.4 6.5 5.5 7.9 6.6 6.6 6.6 6.6 6.3 6.3 6.4 6.4 6.5 6.5 6.3 6.4 6.5 6.5 6.4 7.8 9.4 12.5 19.5 29 34.4 35.1 32.9 31 33.8 34.9 34 27.2 19.4 14.7 14.4 14.7 10.8 15.2 16.3 17.9 19.2 20.9 23.2 25.7 29.1 34.2 42 52.7 57.7 59.2 56.1 58.1 56.9 55.1 46.4 39.2 36.8 35.9 34.4 33.6 33.7 34.9 37.1 42.7 44.4 49.2 58.7 65.7 68.6 70.1 71.9 74.4 77 77.9 77.7 78.2 82.1 82.8 83.2 82.9 82.8 82.1 81.4 80.7 80 78.8 77.7 76.7 75.7
6.9 7.2 7.5 6.6 6.4 6.3 6.1 6.2 6.1 8.5 6.5 6.6 6.6 6.6 6.3 6.5 6.4 6.4 6.3 6.3 6.3 6.5 6.5 6.4 6.4 6.9 8.8 11.1 15.5 24 35.7 44.6 46.7 43.3 40.9 43.1 39.5 35.3 27.7 20.6 15.3 14.6 17.3 14.6 17.2 17 19 21.4 23.1 25.6 29.3 36.8 47.1 54.6 59.3 62.2 62 61.5 61.1 60.7 60.8 55 47.3 46.5 43.9 41 40.6 44.4 46.6 49.4 56 59 63 66.1 68.4 69 71 73.4 75.6 77.2 76.9 78 80.2 80.7 82.5 82.4 83 82.7 82 81.4 80.8 80.2 79.2 78.1 77.1 76.2
6.2 6.7 7.6 7.1 6.5 6.4 6.3 6.2 8.6 6.4 6.5 6.6 6.7 6.6 6.2 6.2 6.4 6.4 6.5 6.6 6.4 6.6 6.9 7.1 7.1 8.5 9.9 14 18.8 25.2 44 57.5 59.1 57.8 54.1 50.9 40.6 34.2 27.5 20.2 17.7 14.6 18.9 18.1 20 21.4 20.5 22.6 26.2 30.8 34.4 47.4 59 62 62.7 63 62.7 62.4 63 62.9 62.9 62.1 57.5 59.4 54.8 52.9 52.6 56.1 59 61.8 65 66.6 67.3 68.4 68.5 69.5 71.6 78.8 74.3 75.5 77.5 76.6 79.4 80.8 81.6 85 82.9 82.6 82 81.5 80.9 80.2 79.6 78.5 77.5 77.4
6.3 7.1 7.1 7 6.9 7.2 7.4 8.6 6.5 6.3 6.3 6.5 6.7 6.5 6.1 6.1 5.1 6.5 6.7 6.9 6.5 6.6 6.8 7 7.6 9.3 11.6 15.7 25.2 35 45.5 62 63.6 61.5 58.1 47.9 39.6 31.9 20.3 22.8 19.1 16.8 21.6 21.7 20.4 23.9 23.6 25.8 33.2 39.1 41.7 55.3 62.4 63.1 63.3 63.3 63 63.5 63.8 63.7 63.8 64 64 63.4 62.7 63 62.5 62.8 64.4 66 67.4 67.4 67.3 67.4 67.9 69.9 78.8 73 73.9 76.9 76.4 77 78.6 80.2 81.7 82.9 82.2 82.6 82.1 81.6 81 80.3 79.6 78.9 78.7 78.6
6.2 6.1 6.5 6.9 7.1 7.7 8.6 6.4 6.5 6.5 6.4 6.4 6.6 6.6 6.4 6.1 6.5 6.5 6.6 6.7 6.8 6.6 6.8 7 7.8 9.9 13.6 19.3 28.2 40.3 52.7 63.6 64.3 62.3 58.1 50.3 41.7 31 27.8 25.9 20.9 17.2 24.1 25 24.6 25.4 27 35.8 44.3 50.9 53 59.7 62.7 63.2 63.7 63.5 63.8 64.1 64.4 64.2 64.9 64.8 64.4 64.1 63.8 64.7 65.1 65.5 65.9 66 66.7 66.9 66.9 67.7 74.3 71.6 71.3 72.2 78.6 75.5 75.8 76.5 78.1 80.3 81.3 81.9 86.6 82.7 82.4 81.9 81.4 80.7 80 79.7 79.8 79.8
6.5 6.5 6.2 7.5 7.8 7 7.2 6.4 6.5 6.4 6.4 6.4 6.4 6.6 6.5 6.2 6.1 6.2 6.3 6.5 6.6 6.6 6.9 7.8 9 11.1 16 27.9 37.8 50 61.4 64.9 65 62.4 59.5 50.8 42 34.2 30.7 24.2 19.2 16.6 23.1 26.9 26.8 28 31.4 44 56.1 60.7 61.2 62.2 63.3 63.8 64.2 64 64.4 64.8 65 64.6 65.1 64.7 65 65.1 64.8 65.6 66 66.4 65.8 65.1 65.1 65.1 66.9 69.5 69 69.5 70.1 69.1 69.3 69.9 73.6 76 77.7 80 81.4 82.2 82.4 82.9 82.9 82.4 81.9 81.2 80.7 80.6 80.7 80.9
5.4 5.4 7 7.6 6.8 8.6 6.7 6.6 6.5 6.4 6.4 6.4 6.4 6.5 6.5 6.3 6.2 6.2 6.2 6.3 6.5 6.5 7.2 9.1 11 13.5 19 28.8 41.7 55.9 65.8 66.2 64.6 59.8 52.1 46.1 38.6 30.2 24.2 15.6 21 21.1 21 25.9 27.5 30.3 35 46.7 58.8 62.6 63.1 63.3 63.8 64.4 64.4 64.2 64.4 64.9 65 64.8 65.1 65.7 65.1 64.6 65.1 65 65.4 64.9 64.7 63.9 72.4 65 66.8 67.8 67.6 70.1 69.4 69.3 69.5 69.5 72 76.6 78.5 80.2 81.7 81.4 81.4 81.9 82.5 82.9 82.4 81.8 81.7 81.6 81.6 81.8
6.4 6.7 7.1 7.2 8.6 6.3 6.4 6.4 6.5 6.4 6.4 6.4 6.4 6.4 6.5 6.4 6.2 6.5 6.4 6.4 6.4 6.7 7.5 9 12.3 17 23.9 31.9 43.5 59.1 65.7 65.4 62.8 57 44.8 33.6 29.4 25.5 20.1 22 23.4 24.3 22 23.5 26 30.1 34 45.2 58.9 62.8 63.4 63.7 63.9 64.4 64.2 64 64.1 64.4 64.9 64.2 64.6 65.4 65.4 64.3 64.9 64.6 65.2 70.7 67.1 64.3 64.9 65.4 63.6 66.7 65.1 67.8 69.3 69.3 69.4 69.5 71.3 73.5 80.1 81.7 81.5 82.1 81.9 82 82.3 82.5 82.8 82.7 82.6 82.4 82.2 81.8
5.4 6.8 6.7 7.7 6.6 6.3 6.4 6.4 6.4 6.4 6.4 6.4 6.5 6.5 6.5 6.4 6.2 6.8 6.6 6.4 6.5 7 8.2 11.7 15.9 27.6 43.3 51.1 57.9 67.1 67.2 66.1 63.4 59.2 47.9 38.8 30.9 20.8 24.2 25.8 28 29.3 26.9 25.2 28.3 30.2 33.1 42.6 56.7 62.7 63.7 63.9 64.1 64.2 64.1 63.5 63.6 63.8 64.7 64.3 64.4 65.2 65.2 64.9 63.3 63.3 63.4 64.1 64.1 63.9 62.3 62.9 63.5 65.2 66.7 68.5 70.1 70.2 70.6 71.1 71.8 72.6 81.8 81.5 82.2 82.8 82.4 82.4 82.6 82.8 82.8 82.5 82.3 82 81.6 81.3
6.5 6.6 6.6 8.6 6.2 6.3 6.4 6.4 6.4 6.4 6.4 6.4 6.4 6.4 6.4 6.5 6.3 6.6 6.5 6.3 6.8 7.4 9.9 14.5 24.4 44.5 56.9 64.3 66.8 67.9 67.2 65.5 61.1 54.1 44.4 36.5 29.3 17.6 26.2 28.7 32.6 33.6 29.6 31.1 35.2 35.7 37.6 41.8 49.5 61.9 63.4 64.1 64.4 64.4 63.3 63 62.7 62.3 64 63.2 64.8 62.8 64.7 66 65.2 64.5 64 63.4 62.6 61 61.1 62.5 63.8 66.7 68.4 69.6 72.2 73.5 74.2 71.7 72.1 72.7 82.2 82 83.1 83.7 83.8 82.9 82.8 82.8 82.7 82.4 82 81.4 80.7 80.2
6.6 6.6 8.4 6 6.2 6.4 6.4 6.4 6.4 6.4 6.4 6.4 6.4 6.4 6.4 6.6 6.4 6.5 6.3 6.5 7.3 8.7 11.9 20.1 35.4 54.4 65.9 67 66.7 66.4 63.3 62.3 58.8 47.9 37.9 30.9 27.3 23.3 28.8 35.3 38.1 38 38.7 47 49.3 48.5 52.1 49.5 55.4 58.2 63.4 64.2 63.8 63.7 63.5 63.2 62.6 62.9 63.3 67.8 63.2 67.7 63.8 62.7 63.2 62.7 63 62.5 62 61.5 60.9 60.4 63.8 65.2 67.5 70.3 72.3 74.6 74.7 77.5 79.2 80.8 81.6 82.7 83.4 83.5 83.8 83.9 83.1 82.9 82.5 82.2 81.8 80.7 80.3 79.5
6.7 8.2 7.5 6.7 6.3 6.4 6.4 6.4 6.3 6.4 6.4 6.4 6.4 6.3 6.3 6.6 6.6 6.4 6.2 6.8 8.1 11.2 12.8 19.5 36.3 52.6 65 67 66.4 63.7 55.4 49.7 46.7 40.7 35.5 31.5 28.6 29.2 39.3 49.6 51.4 48.4 51.5 61.7 62 60.9 63 62.7 61.4 61.9 64.1 63.3 63.6 63.8 63.9 63.7 66.8 69.7 65.2 65.1 61.3 61.9 62.1 61.6 61.6 61.7 61.9 61.5 61.5 61.7 61 58.6 64.4 65.4 66.6 68.1 71.8 74.2 74.8 75.4 81.3 82.3 81.4 82.5 83.5 83.5 83.6 83.6 83 82.8 82.4 82.1 81.9 80.8 79.6 78.6
6.6 8.2 8.5 14.4 14.4 12.2 8.2 6.3 6.3 6.3 6.3 6.3 6.3 6.3 6.6 6.7 6.4 6.1 6.3 7 8.2 11.3 18.2 23.1 43.7 57.7 66.9 67.5 66.5 64.3 57.2 49.9 42.3 39.1 39 33.5 26.6 31.8 46.7 58.1 63.9 59.3 61.5 65.8 65 64.9 64.1 64.7 65.3 64.7 63.6 64.4 63.5 64 69.7 69.7 69.6 64.4 62.3 61.3 61.4 61 60.9 60.8 60.8 60.9 60.3 60.9 60.9 61.2 60.7 63.2 65.3 66.2 67.7 69.4 71.8 72.7 74.5 78.3 82.2 82.1 81.2 82.4 84 83.6 83.6 83.8 83.4 82.7 82.4 82.1 81.3 80.7 79.9 79
8.4 6.9 8.4 17 20.7 20.1 17.1 9.9 6.1 6.3 6.3 6.3 6.2 6.2 6.9 6.6 6.3 6.2 6.6 7.3 9 13.2 24 34.7 54.4 67.8 68.9 67.9 67 64.5 60.9 56.4 53.4 46.8 38.7 32.3 34.2 31.7 37.7 51.6 61.9 65.6 65 64 64.9 64.2 64.2 64.5 64.7 64.9 65.1 64.3 66.9 63.4 69.7 65.3 63.8 62.4 61.4 61.2 60.6 60.2 60.3 60.5 59.2 57.6 58.1 58.6 60.4 58.6 62 62.9 63.8 63.5 68.4 69.5 71.7 72.8 74.7 77.6 79.3 79.8 81.4 82.7 83.3 83.6 83.7 84 83 83.2 82.5 82.3 81.3 80.8 80 79.1
7.3 6.6 9.7 15.5 17.6 17.8 17.7 12.6 6.9 6.2 6.3 6.4 6.4 6.3 6.3 6.4 6.3 6.3 6.8 7.8 10.3 15.9 22.2 40.6 60.1 68.6 68.7 67.8 66.7 65.4 63.3 61 55.6 43.6 35.3 29.3 35.3 36.7 38.1 39.9 49.5 61.9 64.3 64.2 64.5 64.3 64.7 64.9 65.1 65.4 65.3 69 69.4 63.9 62.4 62.8 62.4 61.9 61.2 57.3 57.6 57.2 59.3 58.8 57 56.7 56.9 57.7 58.4 61.3 61.7 62.7 63.5 66.8 70.1 71.1 71.7 72.7 77.8 78.6 78.6 79.6 80.9 82.6 82.7 82.9 83.2 82.9 82.5 82.8 82.8 80.1 81.4 80.9 79.8 78.8
7 7.1 8.2 9.9 10.4 10.6 10.2 8.7 6.3 6.1 6.2 6.4 6.6 6.6 6.6 6.5 6.5 6.5 7.1 8.1 11.5 16.2 24.1 41 62.8 69.2 68.9 67.8 66.4 64.5 57.8 53.6 48 38.6 31.9 39.2 43.7 47.2 50.6 49.8 51.6 55.8 62.9 64.8 64.4 64.8 65.1 65.3 65.5 68.5 68.6 64.8 63.8 63.5 63.1 61.9 61.5 59.5 57.8 57.4 57.2 57 58.2 57.1 56.7 56.8 56.6 56.6 57 60.3 62.1 62.8 63.7 67.4 70.6 71.8 72.4 72.9 78.1 79.1 79.1 79.3 80.5 81.9 82.5 82.7 83 82.8 82.5 82.8 80.1 81.1 81.5 81.4 80 78.3
7.2 7.3 7.1 11.3 16.2 16.8 11 11.6 8.9 6.9 6.7 6.8 6.8 6.8 6.8 6.7 6.5 6.6 7.4 8.2 11.6 19 24.8 43 64.9 69.4 68.9 67.7 66.6 64.5 59.7 53.1 46.3 37 41.3 52.8 57.4 58.7 61.4 61.4 61.4 60 63.3 65.2 64.9 65 65.4 67.2 68.5 66.7 65.5 64.6 63.8 62.8 61.7 61.1 57.7 57.2 57.1 56.8 56.6 56.4 56 56.3 55.1 56.4 55.7 55.9 53.9 60.4 62.1 62.9 63.6 64.1 67 72.1 72.9 72.4 73 77.5 78.6 79 80.3 81.7 82 82.1 82.4 82.8 82.7 78.4 78.8 80.8 80.5 79.8 79.6 77.6
7.7 7.7 7.5 6.4 11.9 8.9 15.4 21.4 19.6 15.4 8.6 6.8 6.6 6.6 6.9 6.6 6.5 6.7 8.2 9.5 12.5 20.3 29.6 37.1 56.8 68.9 68.9 67.8 66.6 64.8 62.1 56.9 48.7 41.8 50.6 58.6 66 66.6 65.8 65.3 65.2 65.4 59.6 65.8 65.5 65.5 68.5 68.5 65.3 65 64.9 64.2 62.6 61.8 57.6 57.3 57 56.7 56.4 56.2 55.7 55.5 55 54.6 53.1 50.3 54.4 52.3 55.7 59.8 61.8 62.5 63.1 63.6 67.6 71.8 72.6 72.7 73.3 73.5 72.7 78 79.6 80.6 81.3 81.4 81.8 82.3 82.7 80.4 80.9 80 80 79.7 79.6 77.3
7.9 8 7.6 6.6 7.3 13.8 22.2 26.8 26.8 22.3 17.1 10.6 6.3 6.4 7.1 6.7 6.5 7.2 8.8 13 14.6 23.9 30.5 37.4 53.5 67.7 68.7 67.6 66.4 64.8 62.1 58.5 49.4 53.4 59 66.1 66.6 69.6 70.7 68.6 67.7 66.8 66.5 65.8 67.3 68.4 66 65.6 65 64.6 64.3 63.6 61.6 61.6 56.9 56.8 56.5 56.3 55.7 55.1 54.5 54.4 54.3 53.8 52.6 52.2 53.8 54.4 54.6 59.4 61.5 62 62.4 63.8 69.9 70.8 71.1 72.1 72.9 73.4 72.7 78.3 78.9 79.6 80.5 80.9 80.9 80.8 80.7 80.1 80.4 79.3 78.9 79 77.6 75.1
7.6 8 7.1 6.7 7 8.6 14.1 21.3 26.2 27.7 24.8 18.6 11.8 7.2 6.6 6.8 6.7 7.2 8.3 11.7 17 24.6 30.6 49.3 62.2 67.8 68.8 67.6 66.2 64.8 62.5 57.3 55.5 64.5 66.3 66.7 67.1 67.3 72.5 69.2 68.7 65.6 68 68 65.9 65.6 65.2 64.6 64 64.1 63.7 61 61.5 60.2 59.3 56.5 56 56 55.4 54.9 53.3 53.6 53.8 51.9 50.3 52 53.7 54.4 54.4 56.3 60.2 61.1 60.4 65.4 68.3 69.6 70.3 71 72.5 73.2 72.8 72 78.7 79.3 79.6 79 78.8 78.8 78.8 79.2 79.3 78.2 78.1 76.2 73.5 71.9
