Assets/StreamingAssets/GeoData/Data/st/ST70.asc
ncols 200
nrows 200
xllcorner 370000
yllcorner 100000
cellsize 50
[rows 105 to 139 of 200, columns 0 to 77 of 200]
202.5 204.7 206.3 207.6 208.3 208.1 207.2 205.2 202.9 193.5 181.3 163.1 152.5 146.9 142.7 139.5 135.3 131.9 129.7 125.9 121.4 118.2 118.1 118 118.4 120.6 123.9 126.6 126.9 124.5 123.8 123.3 122.7 121.6 126.3 129.2 130.9 130.9 132.4 136.6 140.3 140.9 139.3 137.1 133.9 131.2 128.9 128.4 127.7 126.9 126.7 126.1 124 123.4 123.3 125.5 128 129.9 129.3 127 123.9 125.3 130.2 136.8 141.8 145.6 146.6 147.8 147.7 144.9 138.4 131.9 126.7 129.2 132.8 134.2 135.4 135.3
204.2 206.6 208.2 209 209.9 209.7 208.2 205.6 202.8 191.4 175.9 159.8 150.8 146 141.8 138.4 134.2 130.5 128.5 124.7 120.7 120.1 120 119.8 119 121.1 124.1 126.9 128.2 126.8 126.6 126 124.9 122.6 125.9 129.5 131.6 132.8 136.3 139.4 143 143.1 141.2 138.7 135.4 132.1 131.2 130.3 129.6 128.9 128.6 126.8 124.4 123.3 124.7 127.9 131.5 133.6 133.4 131.3 127.9 125.2 129.1 135.6 141.1 146.8 149.1 149.7 149.1 143.6 137.9 132.3 129.3 130.6 135.1 136.7 137.6 136.4
204.8 207.3 209.1 210.3 210.9 210.3 208.6 206.8 201.2 191.5 173.3 156.4 149.2 145.5 141.9 139.1 135.8 131.7 125.9 122.5 121.3 121.6 121.9 121.1 120.5 121.1 123.2 126.3 129.2 130.3 130.1 129.1 127.4 124.9 127.3 128.9 130.3 132.2 136.1 141.1 144.9 144.9 143.2 140.5 137.2 133.9 133.7 133.4 132.5 131.5 130.2 127.5 124.9 124.5 126.6 130.9 134.4 137.2 137.2 134.8 131.7 128.2 129.5 136.3 142.1 147.8 151.1 151.5 149 143.6 138.5 134.3 130.9 131.2 136.4 138.9 137.3 133.6
204.9 207.3 209.1 210.5 210.6 209.3 207.1 204.5 197.7 189.2 169.5 153.6 145.7 141.5 140 138 134.7 131.3 126.4 122.5 122.2 123.5 123.4 123.1 122.5 122.2 123.5 127.8 131.8 132.9 132.9 132.2 131.7 129.1 128.8 129.7 130.1 131.8 134.9 140.3 145.3 146.1 144.5 142.1 138.9 136 135.6 135.1 133.9 132.7 130.8 127.6 125.2 126.5 128.4 133.3 137 140.1 139.7 137.8 134.9 129.4 131.5 137.5 143.2 148.4 152.8 153.1 150.9 147.5 143.1 137.3 133 134.4 138.1 140.9 138.5 132.8
204.4 206.9 208.2 208.9 207.7 205.9 203 199.5 193.3 184.6 164.8 151.7 142.8 138 136.6 136.2 133.2 130.1 126.2 122.9 123.7 124.9 124.9 124.1 123.9 124.3 124.5 128.6 132 134 135.5 134.4 132.5 130.4 130.5 131.8 132 133.5 134.8 139.5 143.7 145.1 145.1 142.9 140.3 138.8 137.6 136.8 135.3 133.8 130.6 128.1 127.1 126.6 130.2 134.6 138.7 142.3 143.1 140.7 137.7 130.7 132.9 137.6 141.9 146.8 152.8 153.7 152.1 148.9 144.5 138.9 134.7 137.3 140.5 142.8 139.4 132.9
203.1 205.1 205.6 204.5 201.7 201 198.2 193.8 187.5 178.8 161 149.2 140.6 135.7 133.7 133 131.5 128 124.7 125.1 125.8 126.6 127 126.4 126.5 127.9 127 127.6 130 135.8 136.4 135.3 133.2 131.2 132 132.6 134 135.9 138.4 139.8 143.2 145.1 145.6 143.9 142.6 140.5 138.5 137.3 136.1 132.9 130.4 129.5 128.5 127.6 129.9 134.2 138.3 142.5 142.9 141.3 137.2 132.6 132.7 136.6 140.1 144 147.5 149.3 148.9 146.5 142.4 136.6 134.7 138.6 142 144.6 139.1 132.7
199.8 200.9 199.9 197.5 196.1 194.8 192.6 188.6 180.5 171.2 156.7 147.5 140.8 135.6 132.6 129.8 127.5 126.4 127 127 128 128.9 129.6 129.6 131.1 131.7 131.6 130 134.7 136.8 137.1 135.5 133.3 132.3 133.2 134.3 136.9 140 142.6 144.4 146.4 147.5 148.2 146.9 145.3 143 140.2 137.3 134 132.9 132.8 131.7 130.4 129.1 130 133.2 137.4 141.7 143 141.2 138.1 134.7 132.7 135.2 138.8 141.2 143.8 145.7 145.4 143.7 140 135.9 135.6 138.6 142.5 143.4 137.7 132
195.8 194.8 193.4 191.7 190.2 188 187 184.6 177.2 166.4 155.1 147.4 141.3 136.8 134.9 132.6 129.7 127 127.9 129.3 130.6 130.6 130.7 133.6 136 136.9 135.9 133.8 135.9 137.3 137.2 135.6 134.1 133.6 133.3 137.1 141.2 144.2 146.5 149.6 151.3 150.7 150.8 149.9 147.6 145.3 142.7 138.3 134.7 135.6 135.2 134.5 133.2 131.5 129.8 132.5 136.3 140.7 141.5 141.8 140.1 137.3 134.5 135.3 136.8 139 141.4 143.2 143.1 141.3 138.3 136.9 137.2 139.3 139.5 138.7 136.2 129.8
188.3 188 187.2 185.7 181.8 181.3 180.7 179.2 175.8 167.8 159.2 153.1 146 139.8 136.3 132.9 131 128.6 129.9 131.5 133.1 133.6 134.1 136.7 139.8 140.9 140.5 139.7 139.2 138.9 137.8 136.5 135.9 135.8 136.2 140.7 145.4 147.9 150.3 153.3 155.9 154.5 153.6 152 150.3 148.2 144.4 138.6 137.2 138.1 137.5 136.8 135.8 134.1 131.6 132 134.2 138.7 140.6 141.4 141.1 138.1 136.5 137.4 138.8 140.2 140.7 141.9 142.4 139.9 138.5 138.4 138.2 137.9 136.3 134.1 130.3 131.6
180.7 180 180.4 178.9 175.6 173.5 175.6 175.7 174.1 169.9 163.4 157.5 149.4 140.6 138 135.5 132.8 130.6 132.2 133.9 135.5 136.3 134.2 138.3 142.2 144.7 146 146.8 145.5 142.8 140.6 138.7 138 138.7 139.8 143.9 149.5 153 156.2 158.7 159.2 157.9 156.2 153.6 151.1 148.9 144.6 138.1 138.6 140.7 141.5 140.1 137.9 136 133.6 132 133.1 135.7 139 141 141.6 140.2 139 138.9 140.7 141.7 142.7 144.5 143.7 140.8 139.3 138.5 137.6 137 134.5 133.8 133 133.8
168.9 169.1 171.4 172.4 169.6 168.8 169.8 171.2 170 169.7 165.9 158.7 151.9 144.8 140.5 136.8 132.3 133.2 135.3 137.2 139 138.9 136.2 139.5 145.3 146.9 150.8 151.7 150.1 147.6 144 141.6 140.6 141.1 143.5 147.7 153.8 157.6 161.8 163.5 163.2 161.8 157.5 153 149 144.4 143.3 141.9 143.1 143.9 144.8 142.4 140 138.5 137.2 135.8 132.7 135.8 137.7 140 143.7 142.8 142.1 141.1 147.2 151.4 156.5 154.1 146.9 142.4 140.6 139 137.8 137.1 136.4 135.6 134.6 137.3
159 161.1 165.1 167.5 166.2 164.6 166 167.5 168.5 168.7 166.3 161 154.4 148.7 139.9 135.9 134.7 136.1 138.8 140.7 142.6 142.6 139.9 139.3 143.8 149 152.7 154.4 154.7 152.3 148.3 145.6 143.9 144.8 148.7 153 159.4 163.7 165.9 166.8 166.3 164.4 160.9 156.2 152.9 145.4 142.4 146.3 148.5 149.5 147.8 145.2 142.6 141 139.7 138.4 134.6 136.2 139.4 142.2 144.9 147.9 146.7 145.2 150.9 159.7 165.9 162.5 152.7 144.6 142 140.4 139.3 138.9 138.8 138.2 136.3 139
152.7 156.6 160.5 162.8 161.7 160.5 161.8 165.9 167.1 168.1 168.2 163.5 159.3 149.9 139.2 135.1 136.4 138.8 141.9 143.9 145.8 146.8 145.3 142.9 142.8 149.4 154.4 156.8 158 156.5 154.4 150.8 146.8 148.4 152.3 156.3 161 166 169.9 170.2 169.5 166.1 161.7 157.1 150.7 146.2 147.1 150.6 152.9 153.7 152.5 148.3 145.2 143.6 142.3 140.9 138.2 137.9 141.9 145.9 148.2 152.1 151.8 151.7 155.3 161.8 167.2 164.8 154 146.6 143.8 142.3 141.8 141.5 141.1 140.5 138.2 140.6
149.2 152.3 155.6 157 156.4 157.8 160.3 165.4 167.8 170 168.6 164 158.4 145.8 139.7 136.6 138.6 141.6 144.4 146.7 148.9 150.1 149.7 146.7 145.6 148.4 153.4 158 161 160.4 158.7 152.9 150.6 149.3 151.1 157.8 162.7 168.4 172.8 173.6 170.9 165.7 160.8 154.1 149.2 148.2 150.7 153.9 156.8 157.5 154.8 150.9 148.5 146.7 145.4 144.1 140.8 138.5 143.4 147.9 151.1 153.6 154.9 157.5 162.8 167 168.8 164.2 154.3 148.7 148.5 149.1 149.6 148.7 146.8 143.3 139.2 141.7
148.5 149.4 151 152.7 154.3 156.7 161.5 165.9 170 172 168.8 163.2 155.6 146.2 141 138.8 139.7 143.7 146.7 148.9 151.5 153.7 153.1 150.1 149.1 150 154 159.3 161.4 162.4 158.4 154.6 153.7 153.8 155.3 157.4 163.8 170.7 175.3 175.4 171.5 166.8 162.4 156.2 150.9 150.7 153 156.3 159.7 160.2 156.9 153.5 152.1 150.4 148.6 147.4 142.8 138.6 143.1 147.4 150.7 153 155.7 160.1 166.1 170.1 170.6 164.8 159.2 155 156.4 161.3 161.6 159.5 153.5 148.1 143.1 144.3
152 150.7 151 152.4 154.6 156.9 160.8 165.9 171.8 174 171.2 164.9 154 147.7 144.7 141.6 141.4 144.3 148.9 152.1 154.9 157 156.9 155.1 153.1 153.7 157.4 160.8 163.1 165.1 161.6 159.2 159.1 160 160.6 162.3 164.7 170.3 175.3 178.6 173.6 169.3 162.7 160.8 156.7 154.1 153.6 158.4 163.8 162.7 159.8 157.2 156.4 154.8 153.6 150.9 147 139.8 141.5 144.7 148 152 155.7 159.2 163.6 168.8 171.7 170.2 168.9 164.4 166.9 170.5 169.6 165.3 157.6 150.2 146.3 146.4
155.6 154.3 153.9 154.9 156.2 159 162.1 166.2 173 176.2 172.9 164.9 157.3 152.5 147.3 144.1 143.3 146.5 150.8 154.5 158 160.4 160 158.9 159.6 159.4 161.5 165.7 169.7 171.6 167.7 165.7 165.6 165.5 166.8 167.2 169.3 173.7 178.2 182.6 180.4 175.8 170 166.9 163.3 158.5 156 159.2 166.1 166.2 163.6 161 160.3 158.2 157.1 154.1 149.8 144 142.3 145.8 149.4 152.4 157.4 160.8 164 168.8 174 175.1 175.6 174.1 174.2 171.3 168.1 163.4 156.6 149.7 148.7 147.3
158.9 157.3 156.9 158.8 161.6 165.6 168.8 171.2 174.4 178.8 179.3 176 168.4 160 152 146.6 145.6 148.9 152.8 156.8 160.7 163.3 164.1 162.6 165.6 167.5 169.6 172.5 178.1 180 180.7 179.8 177.3 175.2 174.1 174.2 175.8 179.9 187.6 188.7 193.2 192.7 191.2 184.9 173.3 163.5 161.2 163 166.8 170.2 167.8 165.2 164.9 162.1 160.3 156.8 150.8 145.6 142.9 145.9 149.8 153.6 158.4 163.6 167.2 170.6 175.6 178.8 179.1 177.4 173.9 167.6 162 157.1 155.3 155.1 152.2 149.7
159 158.9 161.8 165.9 169.7 174.5 178.3 180.2 181.3 183.8 185.1 183.1 179.1 169.5 158.4 152.3 149.6 150.5 154.5 159 163.4 167.9 168.5 169.7 172.9 177.1 183 188.5 191.7 196 201.2 202.1 199 192.1 186.3 186.2 186.7 190.5 201.8 210.4 215 216.6 214.6 202.4 178.6 171 168.7 169.8 172.4 175.3 173.9 170.7 168.6 165.3 163.7 157.3 149.7 147.7 147.3 146.9 150.7 153.9 158.4 163.4 169.5 172.7 176.4 179.9 180.4 175.9 170.2 167.6 165.9 165.2 163.4 158.2 154.3 153.8
154.9 161.7 167.4 173 178.5 182.6 186.6 188.3 188.8 190.8 191.8 192 189.3 183.2 172.5 162.9 156.4 156.1 158 161.8 167.1 172.7 177.6 181 184 187.1 192.3 199.3 208.2 222 225.8 225.5 224.6 216.8 204.7 200 204.7 213.6 220 227.1 228.8 227.5 222.4 206.8 193.8 186.3 179.2 177.9 178.6 179.6 178.6 175 169.2 164.7 159.9 154.2 152.2 151.3 150 146.3 152.1 156.5 159.6 163 166.5 170.7 174.8 179 180.1 175.1 173.8 173 170.2 167.1 164.3 162.3 160.7 157.7
153.5 159.4 174.1 179.8 185 188.6 192 194.6 196.4 197.6 198 198.5 198.1 195.4 190.6 176.7 168.3 165.4 165.6 168 171.7 177.8 184.2 190.5 196.1 202.6 210.6 219.9 227 230.5 233.9 235.2 236 234.3 231.3 229.9 230.8 235.5 233.4 233.6 235.4 235 231.4 220.2 212.8 206.7 196.6 188.4 185.8 185.5 183.1 178 172.7 166.1 159.9 157.7 154.9 154.5 152 148.4 152.9 157.4 161.1 162.9 166.3 170.6 175.1 178.5 181.4 179.8 177.7 177.7 172.9 172.2 170.3 169 165.3 162
159.7 165.7 175.7 183.2 187.8 191.4 195.1 198.5 201.1 202.7 203.8 205 205.8 205.5 203.2 195.5 185.1 179.6 178.6 180.1 184.2 191.7 200.2 208.1 213.1 219.8 224.5 227.6 230.7 233.4 235.8 237.7 239.1 240.4 239.6 242.6 242.9 242.4 240.6 241.4 241.2 240.6 238.6 233.8 227.9 223.5 213.3 206.9 200.3 193.4 188.4 183.9 178.4 169 164.4 162.4 160.4 157.7 153.7 149.9 153.8 158.1 160.4 163.6 167 172 176.6 181.8 184.3 185.2 182.7 182.6 177.2 177.6 176.8 172.7 170.1 166.4
167.7 173 179.9 184.8 188.7 192.9 196.9 200.5 203 205.5 207.2 208.4 209.6 211.3 211.4 210.9 205.9 200.6 197.9 198.9 203.3 210.5 215.8 219.7 221.9 224.8 227.5 229.1 230.4 232.2 235 237.1 239 240.4 241.1 242.7 242.4 243.3 243.4 244.8 245.4 244.8 243.3 241.6 237 232.1 228 222.3 215.4 207.9 201 191.9 183.5 174.8 169.3 166.9 164.1 160 155.9 153 153.9 160.1 164 166.9 169.9 173.9 178.6 183.8 188.4 189.5 188.2 186.2 184.3 184.1 182.2 178.9 175.2 171.7
169 174.8 180.1 185 189.3 193.5 197.7 201.1 203.8 206.2 208.4 209.9 211.7 213.6 215.4 216.6 216.5 217 216.4 215.3 217.3 220.3 222.8 223.6 225.6 226.8 226.2 225.3 227.5 230.5 233 232.8 232.6 231.2 231.7 235.5 240.5 244.4 246 247.4 248 247.6 246.4 245 243.7 240.7 236.9 233.2 230.1 224.1 218.8 210.2 192.8 181.6 174.8 171.9 168.3 164 158.5 155.9 154.9 160.9 166.3 170.2 173.3 177.2 181.8 187.1 192.2 196.3 195.9 192.8 191.4 191.1 188.8 185.9 181.1 178.2
166.7 173.5 179.5 183.9 188 191.9 195.5 198.7 201.8 204.2 206.8 209 211.7 213.5 215.8 218.2 220.6 222.1 222.3 222.2 223.4 224.8 225.9 226.4 226 223.8 221.5 217.6 222.2 225.7 227.7 226.1 221.2 217.4 215.5 219.1 229.9 239.1 246 248.3 249.9 249.9 248.7 248.3 247.6 245.2 242.8 240.6 238.3 236 232.3 225.8 203.6 186.7 180.2 175.1 170.8 164.7 160.6 160 157.1 164 168 173.3 177.2 181.4 185.9 191.9 197.8 203 205.1 205.5 206.4 204.8 199.9 191.9 187.4 185
162.8 170 175 180.3 184.2 187 191 193.6 195.4 198.1 200.6 202.8 205 207.6 211.9 216 220.2 223 224.4 225.1 225.9 226.8 226.9 226.2 223.9 217.8 212.3 204.7 212.9 223.5 223.2 216.9 206.9 202.6 201.9 206.4 221.4 234.7 244.6 247.9 249.9 251.1 251.4 250.5 249.3 248 246.1 243.7 241.8 240.3 240.6 234.8 210.7 190.7 183.8 177.2 172.7 167.9 166.3 164.8 159.3 164.3 168.7 173.6 179.4 184.9 190.4 196.6 204.1 209.5 217.3 232.2 240.6 235.8 223.3 208.3 198 193.8
157.4 163.3 168.8 171.7 176.2 179.2 181.4 184.9 185.1 187.3 190.9 192 193 193.4 203.6 211.5 217.1 221.3 224 225 226.5 226.2 225.3 223.1 218.1 212.6 202.8 196.1 201.9 208.7 208.7 203.4 197.1 195.7 195.2 201.5 214.7 230 240.4 248.2 249.7 251.2 251.6 251.6 250.6 249.4 248 244.9 243.8 243.2 241.7 237.2 215.9 193.7 185.7 179.9 174.7 170.7 169.7 166.5 162 165.5 167.2 173 180.3 186.5 193.9 204 213.3 216.4 236.4 251.3 257.7 251.5 242.6 228.9 219 207.1
146.1 152.5 157.2 160.4 162.9 165.9 169.4 170.7 173.8 174.6 176.1 176.9 175 180.3 190 204.1 210.6 216.2 221.2 224.7 225.2 224.4 221.4 218.4 211.6 206.5 193.4 187.7 188.5 190.2 189.4 190.7 187.8 187.7 190 196.7 208.4 226.1 238.8 246.8 248.7 250.6 251.5 251.5 250.9 250.2 248 245.6 244 242.4 238.8 234.7 222.9 200 188.3 182.2 177.8 174 170.5 166 164.6 170.2 173.8 176.7 181.8 188.3 197.3 215.6 230.5 245.1 258.1 259.3 259.3 256.7 251.1 239.8 231.3 223.8
138.3 140.9 143.4 145.3 145.7 148.4 150.7 154.1 154.2 157.1 159.2 161.1 163.5 168.6 175.8 187.5 198.2 210.8 218.9 223.1 223.7 222.8 218.8 213.2 208.6 199.8 189.1 181.6 179.3 179.2 179.8 180.2 179.1 178.2 185.7 195.6 210.7 228.1 237.1 244.6 248.2 249.7 250.1 249 248.6 247.9 246.3 243.6 240.9 238.3 232.9 224.1 215.2 204.7 193.4 183.3 178.9 174.8 169.5 167.7 169.9 174.5 179.6 184.8 188.2 197.2 211 232.7 249.9 257.7 258.8 259.3 259.4 257.1 254.6 248.7 241.1 231.9
133.4 134.2 135.3 136.6 138.3 140.2 143.2 144.3 146.3 148.6 150.9 153.8 157.8 162.8 168.8 176.6 191.9 207.8 216.4 221.4 222.6 220.4 215.7 209.3 202.2 193.9 183.3 178.3 174.1 172.5 172.3 173 174.6 174 185.3 199.5 215.2 229 235.8 244.4 246.6 247.3 247.2 245.7 242.9 239.2 235.9 233.3 230.6 227.6 226 216.4 199.1 197.3 189.9 183.8 179.5 174.8 172.9 170.7 173.1 182 194.3 197.5 205 213.5 228.6 241.6 249.6 255.1 257.8 258.8 259.2 259 256.9 253.4 247.9 240.1
129.4 130.4 132.1 133.7 135.6 136.6 137.8 139.5 141.1 142.9 145.9 150.6 154.8 159.1 164.3 176.1 192.8 204.7 214.2 219.7 220.6 218.3 213.1 205 198.3 187.8 180.6 175 170.7 167.5 167.2 167.5 168 172.8 188.2 202 217.1 228.9 235.5 242.9 244.2 243.9 241 236 232.9 225.4 221.1 220 214.4 211.2 209.4 205.4 198.8 189.5 185.1 180.7 177.7 176.7 176.9 173.4 176.1 191 198.4 199.3 200.9 207.5 219.6 231 239.8 247.8 253.7 256.4 258.4 259 258.5 255.7 253.3 247.8
128.7 129.8 133.3 136.1 137.6 138.4 139.2 140.2 141.1 142.4 145.1 148.8 152.9 157.3 164.6 177.2 192.4 203.4 212 218.3 219.4 216.7 211.2 203.8 195.2 187.3 180 174.6 169.9 166.6 163.6 164 165.7 169.1 183.5 198.1 212.5 226 235.9 240.3 240.1 237.2 233.3 227.3 217.4 210.4 200.4 198.9 197.5 198.2 197.3 200.7 198.9 188.4 181.3 178 177.4 177.7 178.4 176.9 176.2 183.4 189 192.2 196.2 202.4 209.8 218.1 229.1 239.1 247.4 254.5 256.1 257.8 258.9 257.3 255.5 253.2
127.6 129.2 133 136.9 140.6 141.9 142.1 142.6 144.1 144.9 145.8 147.8 151.3 156.3 163.6 178.1 192.1 202.7 211 217 218.2 215.6 208.9 201.5 193.6 187.4 181 175.2 170.3 166.2 162.7 159.2 159.7 165.8 177 192.7 209.7 224.5 232.9 236.2 235.1 231 225.4 214.7 200.8 194.8 186.5 187 187.5 188.7 189.4 192.8 196.7 189.2 178.9 175.9 175.1 176.7 179.1 181.9 181.4 183.3 186 190 193.7 197.8 203.2 209.8 218 230.5 242.9 252.3 256.4 258.9 257.9 258.5 257.2 255.5
127.3 129.4 132.6 135.8 141.1 144.9 146.1 146.5 147.7 148.6 149.6 149.5 151.7 155.9 165.6 177.3 191.6 202.6 210.8 215.4 217.3 214.5 206.4 199 188.7 182.3 179.3 175.5 170.6 166.6 161 158 155.9 162.3 169.9 185.7 203.2 222.9 229.6 232.3 229.2 223.9 214.6 204.6 188.8 182.8 179.7 179.2 181.8 183.4 185.2 188.2 192.5 188.1 176.6 173.7 172.8 178 181.5 185 187.2 188.7 191.5 195.5 198.4 200.7 203.1 206.6 213.1 225.9 239.6 248.7 256 258.3 259.6 259.6 258.9 257.2
128.3 132.1 136.5 139.9 143.9 150.4 152.7 153.4 153.2 152.9 154.5 155 155.1 158.2 167.8 178.4 191.9 203.1 210.8 214.3 216.4 212 204.5 192.1 181.3 173.4 172 170.6 167.5 162.2 157.3 155.5 153.6 158.7 167 179.2 200.3 216.5 224.9 225.9 223 215.2 206.3 193.7 182.4 176.5 173.9 173.8 176.8 180.6 183.2 185.6 183.7 179.2 172.2 170.6 173 177.7 180.4 183 188.2 190.6 191.5 192.6 197.4 202.8 209.2 212.5 217.3 223.9 237.8 248.1 254.3 257.9 260.1 260.7 260.1 258.6
