Assets/StreamingAssets/GeoData/Data/nt/NT05.asc
ncols 200
nrows 200
xllcorner 300000
yllcorner 650000
cellsize 50
[rows 0 to 34 of 200, columns 0 to 77 of 200]
235.1 231.6 230.5 229.3 228.7 230.3 231.2 233.7 235.8 236.8 236.7 233.1 236.4 239.4 241.2 245.7 250 252 253.5 255.1 256.1 256.2 256.6 257.7 259.8 263.2 266.9 268.5 269.5 268.9 267 264.9 264.7 264.6 264.1 264 264 263.7 263.2 262.3 260.9 258.6 256.3 254 252.4 251 249.7 248.4 248.5 248.8 249.2 249.6 246.3 246.6 249.4 251.8 254.9 259.4 267.9 267 258.9 258 258.6 259 260.1 261.3 263.4 265.4 266.4 265.2 263.9 262 259.2 259.2 259.4 260.2 260.7 261.1
235.5 233.4 232.7 230.1 229.9 233.1 234.1 235.8 236.8 237.3 235.5 235.3 237.7 241.5 246.1 250.5 254 256 257.3 258.4 259 259.2 260.3 262 265.3 268.3 269.6 270.4 270.1 268.8 266.7 266.1 265.7 265.4 265.2 264.8 264.5 264.5 263.7 262.3 259.8 257.2 255.1 253.5 251.8 250.8 249.4 249.3 249.4 249.7 250.1 250.4 249.8 247.6 251.5 256.3 262.5 265 265.9 265.6 269.3 260.9 260.8 261.3 262.2 263.5 266.2 268.7 267.7 267.5 265 262.1 261.6 259.2 260.5 261.5 262.2 262.8
236.2 235.2 234.3 231.2 231.2 233.5 235.8 237.9 237 236.8 239.2 241.4 243 246.7 251 254.8 257.8 259.8 261 261.5 262 263.2 264.6 266.4 268.1 269.7 270.7 270.4 269.8 268.2 267.9 267.5 267.3 267.2 266.4 265.7 263.8 264.1 263 260.8 258.1 255.9 254.1 252.8 251.9 250.8 250.3 250.3 250.6 250.9 251.3 251.5 250.4 248.3 251 253.1 263.2 264.6 265.8 265.7 266.1 271.5 266.6 263.7 265 267.1 270 269.6 268.4 269.2 269 264.9 263.2 261.5 261.3 262.8 263.7 264
237.8 237 235.9 231.9 231.9 233.8 236 236.8 237.7 241.7 244.3 246.2 248.3 250.9 254.8 258.2 261.3 262.8 263.9 264.2 265.3 267.1 268.6 270.7 272.2 272.6 272 270.2 269.4 269.2 269.2 269 268.8 268.6 268.2 267.3 264.6 261.6 261.2 258.9 256.8 255 253.7 252.8 252 251 251.2 251.8 252.1 252.6 252.8 253.1 252.1 250.6 250.7 255.3 257.5 262.4 265.6 266.3 266.9 268.7 273.2 271.2 271.1 270.9 270.7 270.2 269.4 269.8 270.1 269.2 265.6 262.5 262.7 263.9 264.7 265.1
239 238.2 235.9 232.2 233.5 235 236.4 239 243 246.8 248.8 250.4 252.8 255.4 258.4 261.6 263.8 265.2 266.2 266.5 268.3 270.9 273.2 275.1 275.6 274.4 272.5 270.4 269.5 269.1 269.5 269.5 269.5 269.3 268.7 267.1 264.6 262 259.7 258.3 256.8 255.9 254.5 253.4 252.2 251.8 252.1 252.7 253.4 254.1 254.4 254.7 254.7 251 250 256.3 257.4 259.9 261.6 262.5 264.3 267.9 271.8 272.2 272.2 271.8 271.4 270.6 269.7 270.1 270.4 270.3 267.1 264.6 263.4 265 265.6 266.2
238.3 237.4 235.6 233.4 235.8 237.7 242.1 245.7 248.5 250.9 253.3 254.7 257.4 259.7 262 264.1 265.9 267.4 268.5 271.2 273.3 275.1 277.4 277.3 276.4 275.3 273.6 271.7 270.1 269.5 269.2 268.4 265.2 266.4 264.2 263.9 263.2 261.2 259.1 257.9 256.8 256 254.7 253.3 252.5 252.8 253.4 254.1 254.8 255.5 256.2 256 255.5 255 249 255.9 258.4 260.5 262.4 263.4 265.2 268.3 272.1 272.9 272.8 272.2 271.6 270.7 269.9 270 270.5 270.6 268.8 266.2 264.4 265.7 266.7 267.2
239.1 237.4 236.3 235.1 239.2 243.5 248.4 250.9 253.1 255.3 257.6 259.2 261.4 263.1 264.8 266.4 268.2 269.8 272.5 276.4 277.5 279.1 279 278.1 277.3 276.5 275.3 273.9 273 272.7 272.4 271.7 270.9 268.9 266.7 262.6 260.8 259.8 259 257.9 257 256 254.7 253.5 253.8 254.1 254.7 255.5 256.2 256.9 257.9 256.9 256.7 256.2 249.9 256.5 259.1 261 263.1 265.4 267.2 271.1 272.3 272.8 273.4 272.7 271.9 270.9 270 269.9 270 270.1 269.6 266.8 266.7 267 267.9 268
240.4 240.2 235.8 238.6 245.6 249.6 252.5 254.9 257.1 259.2 261.1 262.5 264 265.6 267.3 268.9 270.9 273.9 277.2 280.2 281.1 280.6 279.8 278.9 278.5 277.7 276.6 275.5 274.8 274.6 273.7 273 271.7 269.5 266.9 263.7 260.7 259.8 258.9 257.9 256.9 255.9 254.8 254.7 255 255.4 256.2 257 257.8 259.3 259 258.3 258.1 257.8 252.2 258.1 260.5 262.3 263.9 266.7 270.2 273.9 273.9 273.9 273.7 273.1 272.3 271.3 269.9 268.4 268.7 269.6 269.3 268.5 268.4 268.9 269.2 269.2
239.6 238.3 238.7 243.8 249.4 253.6 255.9 258.2 260.5 262.7 264.3 265.5 267 268.6 270.3 272.8 275.3 278.5 281.3 282.2 282.1 281.6 280.7 279.8 279.3 278.7 277.8 276.9 276.1 275.5 274.4 273.1 270.7 268 265.3 263 260.6 259.6 258.6 257.7 256.9 255.8 255.6 255.9 256.4 257 257.7 258.6 260.3 259.5 259.6 258.8 258.7 253.9 254.2 258.8 261.9 263.6 264.8 268.8 272.7 275.4 275.3 274.8 274.1 273.4 272.7 271.6 270.6 269.3 268.4 268.9 269.2 269.4 269.6 269.9 270.5 271
242.6 243 243 248.1 252.5 256.4 259.3 261.5 263.9 265.7 267.1 268.5 270.1 271.8 273.6 275.6 278.7 281.8 282.8 283 282.8 282.3 281.5 280.7 280.1 279.6 279 278.3 277.5 276.3 274.6 272.1 269.6 266.5 263.7 261.8 260.6 259.5 258.4 257.2 256.5 256.5 256.9 257.4 258 258.8 259.3 260.3 258 261.1 259.7 259.2 258.7 252 259.2 259.6 262.5 263.9 266.5 270.1 274.3 276.2 275.6 275.2 274.5 273.8 273.1 272.1 271.2 270.3 270 269.9 270 270.1 270.4 270.8 271.5 272.2
247.6 249.6 251.6 244.2 254.9 259.6 262.6 264.9 266.8 268.5 269.8 271.5 273.1 274.8 276.7 278.5 281.2 283.1 283.5 283.7 283.3 282.8 282.2 281.6 281.1 280.5 279.8 279.1 278.3 276 273.8 270.8 267.8 264.8 262.7 261.5 260.5 259.2 257.9 257.4 257.6 257.6 258.3 258.8 259.5 260.3 261.1 260 263 262.2 260.7 259.7 259 253.2 261.5 261.4 263.2 264.5 268 272.3 275.1 275.8 275.4 275 274.6 273.9 273.3 272.8 272 271.2 270.8 270.7 270.9 271 271.7 272 272.2 273.1
253.5 254.7 256.5 250.2 259.9 263 265.7 267.9 269.6 271.2 272.8 274.4 275.9 277.5 279.3 281.5 283 283.7 283.9 284.1 283.9 283.3 282.8 281.8 281.8 281.4 280.7 279.9 277.9 275.3 272.2 269.1 266 263.7 262.2 260.5 259.7 258.6 258.2 258.3 258.6 259 259.6 260.5 261 261.8 263.8 264.3 262.7 263.9 261.3 259.9 252.4 259.1 263.5 263.6 264.4 266.3 269.1 273.4 275.7 275.6 275.2 274.8 274.4 274 273.6 273.1 272.4 272 271.7 271.5 271.7 272.4 272.9 273.2 273.5 273.8
256.9 257.6 260.8 257.9 261.5 266.5 268.4 270.2 271.9 273.5 275.6 276.9 278.3 279.7 281.5 282.8 283.9 284.1 284.2 284.3 284.3 284.1 282.5 279.8 281.6 282.1 281.6 279.6 276.7 273.9 270.8 267.6 264.8 263 261.6 260.3 259.3 259.1 259 259.6 259.9 260.4 261.1 262.2 262.6 265.4 263.9 263.8 264.3 263.9 263.4 260.4 255.8 262.1 264.8 265.4 265.6 267.6 270.8 273.3 275 275.2 275 274.7 274.4 274.2 273.9 273.4 273.1 272.9 273 273.3 273.7 273.5 274 274.6 275 275.1
261.9 261.1 264.8 262.9 263.5 269.2 270.8 272.3 273.9 275.5 277.7 279.9 280.7 281.6 283 284.2 284.7 284.7 284.6 284.6 284.8 284.6 284.2 283.2 281 282.2 281.2 278.5 275.4 272.4 269.3 266.3 264.3 262.6 261.2 260.5 259.9 260.1 260.4 260.9 261.3 261.8 263 263.8 264.8 262.2 263.6 264.6 265 264.4 263 259.7 257.8 263.7 266.6 267.8 267.1 268.3 270.7 272.7 274.2 274.8 274.8 274.9 274.7 274.4 274.2 274.1 273.9 274 274 274.8 275.4 275.4 275.4 276 276.7 276.5
265.6 264.4 268.7 267.7 260.9 269.9 272.4 274.1 275.7 277.4 279.5 281.8 282.7 283.6 284.6 285 285.4 285.3 285 284.9 284.9 284.9 284.5 283.2 278.3 278 280.4 277.4 274.2 271.1 268.3 265.5 263.9 262.3 261.2 260.8 261 261.2 261.7 262.2 262.8 263.8 264.6 265.5 261.4 264.3 264.3 265.4 265.2 264.2 262.2 257.8 259.9 264.9 267.4 269.3 269.4 269.1 270.2 272.2 273.8 274.5 274.7 274.9 275.1 275.1 275.1 275 274.9 274.9 275.3 275.9 276.9 276.8 277 277.5 278.4 278.2
268.7 266.7 270.4 270.3 269.9 263.5 273.6 275.8 277.6 279.2 281.4 283.7 284.5 285.2 285.8 286 285.9 285.6 285.4 285.2 285.2 285.1 284.9 283.8 282 275 275.6 275.1 272.5 269.7 267.1 265.2 263.6 262.3 261.7 262.1 262.4 262.6 263 264 264.9 265.6 266.2 264.7 266.4 265.5 265.4 265.7 265.6 264.6 261.8 257.6 260.6 265.1 266.9 269.4 271.2 271.5 270.1 271.7 273.2 274.3 274.5 274.8 275 275.2 275.4 275.7 275.8 276.2 276.6 277.1 278.4 278.2 278 278.7 279.3 278.9
270.3 269.2 271.9 273.5 274.8 270.8 274.6 277.6 279.4 281.2 283 285 285.9 286.5 286.5 286.4 286.2 285.8 285.6 285.5 285.5 285.3 285.1 284.1 282.4 278.6 271.9 271.6 270.9 268.3 266.7 265.1 263.8 262.9 262.8 263.3 263.8 264.1 264.8 265.7 266.7 267.1 268.5 267.9 266.7 266.4 266.3 265.8 264 264.1 262.1 256.8 261.6 265.8 267.1 270.4 272.8 273.6 271.7 271.4 272.5 273.8 274.2 274.6 275.1 275.4 275.7 276 276.7 277.5 278.1 279.3 280.4 280.2 278.7 279.2 280 279.7
271.6 272 276.3 276.4 273.9 274.8 277.2 279.3 280.9 282 284 285.9 286.6 286.7 286.8 286.8 286.6 286.2 285.7 285.8 285.7 285.4 284.9 283.2 281.3 279.8 275.1 270.6 269.5 268 266.6 265.6 264.3 264 263.9 264.5 265 265.5 266.6 267.4 267.8 269.8 268.4 266.4 266.4 266.5 266.5 265 264.2 262.8 261.8 258 263 266.1 269.4 271.8 273.2 273.3 272.5 272.7 273.1 273.6 274.2 274.8 275.3 275.7 276 276.6 277.4 278.6 280.1 280.7 281.3 281.4 280.3 279.7 280.3 280
273.2 272.6 276 275.8 274.8 276.7 279.2 280.9 281.7 282.6 284.6 286.2 286.9 287 287.1 287 286.9 286.6 286 285.8 285.4 285.1 284 282.1 280.1 278 274.5 270.2 268.8 267.7 266.7 266.1 265.3 265 265.2 265.7 266.4 267.1 268.1 268.7 269.1 264.5 266.6 266.1 265.9 265.9 265.3 265.3 262.4 260.8 259.3 258.8 264.2 267.3 270.7 272.5 273.1 273 272.8 273.3 273.7 274.2 274.8 275.3 275.6 275.9 276.2 277 278 279.5 281.7 283.1 282.8 281.8 281.4 281.3 280.9 280.4
274.7 274.4 275.6 275.9 275.8 278.7 281.4 282.2 282.7 283.2 285.1 286.5 287.3 287.7 287.7 287.6 287.5 287 286.4 285.8 285.3 284.4 282.7 280.9 278.8 276.7 273.4 270.8 269 268.2 267.4 266.6 266.2 266 266.4 267 267.9 268.7 269.3 269.8 265.3 267.3 266.5 265.3 265.3 265.3 265.3 265.3 265.4 260.9 259.7 262.7 265.4 268.1 271.3 272.5 273 273.1 273.2 273.5 273.8 274.6 275.4 275.6 275.7 276.2 276.4 277.3 278.5 280.2 282.5 283.4 283.1 282.2 283.6 285 281.9 280.7
276.3 276.6 277.9 278.9 278.4 279.9 281.2 282.8 283.5 284.1 285.8 286.9 287.7 288.3 288.3 288.2 288.1 287.8 287.2 286.4 285.3 283.6 281.7 279.7 277.6 275.4 273.2 271.2 269.4 268.8 268.1 267.5 267.1 267.1 267.6 268.3 269 269.6 270.2 270.8 271.7 266.2 265.3 265.3 265.3 265.3 265.3 265.3 265.3 265.3 262.3 263.9 266 268.6 270.8 272.3 272.8 273.4 273.7 274 274.3 274.9 275.6 275.9 276 276.2 276.9 277.9 278.9 280 281.8 283.2 283.8 283.8 285.9 286 282.7 281.8
278.7 279 280.4 281.5 280.9 279.5 280.7 282.8 283.5 284.9 286.5 287.3 288.3 288.8 288.9 288.8 288.7 288.3 288 287.4 285.5 283.3 281.4 279.1 276.6 274.9 273.2 271.5 269.6 269.1 268.6 268.4 268 268.3 268.9 269.6 270.2 270.8 270.2 270.8 266.5 265.3 265.3 265.3 265.3 265.3 265.3 265.3 265.3 265.3 265.3 266.7 267.2 268.9 270.3 272 272.9 273.9 274.2 274.6 274.9 275.2 275.7 276.1 276.2 276.3 277.2 278.1 279 280.1 281.8 282.7 283.8 286 287.7 286.5 284.1 283.6
282.1 282.1 282.8 282.5 281.6 280.3 280.9 282.8 284.1 285.6 287 287.9 288.9 289.2 289.7 290 289.9 289.5 289.1 287.9 285.8 283.6 281 278.4 276.2 274.7 273.1 271.5 270 269.4 269.2 269.2 269.1 269.4 270.1 270.9 271.4 271.8 266.2 268.3 266 265.3 265.3 265.3 265.3 265.3 265.3 265.3 265.3 265.3 266.2 267.1 268 269.2 270.6 272.1 273.3 274.4 274.9 275.2 275.5 275.9 276.1 276.2 276.6 276.9 277.5 278.3 279.1 280.2 281.6 282.8 284.4 287 288 286.6 285.7 285.4
283.2 283.4 283.8 283.3 282.4 281.7 282.3 284.4 284.8 285.8 287.6 288.9 289.8 290.6 291.3 291.5 291.5 290.9 289.9 287.8 285.7 283.1 280.4 277.6 275.8 274.6 273.2 271.7 270.7 270.2 270.1 270.2 270.2 270.5 271.2 271.6 271.7 268.8 269.3 266 265.3 265.3 265.3 265.3 265.3 265.3 265.3 265.3 265.3 265.3 265.3 267.6 268.4 269.6 271 272.6 274.1 275 275.5 275.6 276 276.2 276.2 276.3 276.7 277 277.6 278.3 279.1 280.4 281.6 282.8 285.1 288 288.9 288.2 287.7 286.9
284.4 284.5 284.7 283.9 283 282.8 283 284.4 285.2 286.1 288 289.8 290.8 291.7 292.9 293.1 293.1 292.2 289.8 287.7 285.4 282.3 279.6 277.2 275.6 274.7 273.3 272.4 271.6 271.1 271 271.2 271.2 271.6 272.2 271.9 271.8 270.6 266.9 265.3 265.3 265.3 265.3 265.3 265.3 265.3 265.3 265.3 265.3 265.3 265.3 267.6 268.7 270.1 271.4 273.2 274.9 275.8 276.1 276.1 276.3 276.3 276.4 276.5 276.8 277.3 277.8 278.5 279.3 280.5 281.6 283.4 286.3 289.7 290.7 289.8 288.2 287.8
286.3 286.3 285.8 284.9 283.8 283.8 283.5 284.3 284.9 286.6 288.7 290.5 291.9 293.6 294.5 294.7 294.2 293 290.5 287.9 284.8 281.7 279.2 276.9 275.7 274.9 273.7 272.9 272.3 271.9 271.9 272 272.1 272.5 272.5 271.4 269 266.9 265.3 265.3 265.3 265.3 265.3 265.3 265.3 265.3 265.3 265.3 265.3 265.3 265.3 268 269.1 270.7 272.2 274 275.7 276.3 276.5 276.4 276.4 276.5 276.5 276.6 277 277.4 277.9 278.6 279.5 280.6 282 284.3 287.9 291.2 292.4 291.1 289.7 289
288.2 287.8 287.1 286.2 284.9 284.3 284.1 284.4 285.4 287.1 289.3 291.2 292.9 294.6 295.3 295.2 294.9 293.7 291.2 288.1 284.7 281.5 278.8 277.1 275.8 275 274.2 274 273.7 272.8 272.5 272.5 272.6 272.7 271.4 269.4 268.2 265.3 265.3 265.3 265.3 265.3 265.3 265.3 265.3 265.3 265.3 265.3 265.3 265.3 267 268.1 269.5 271.2 273.1 275 276.6 276.7 276.7 276.6 276.6 276.6 276.6 276.9 277.3 277.7 278.1 278.7 279.7 281.1 282.5 285 288.5 291.5 292.9 292.6 291.6 290.8
289.7 289 288.2 287.3 286.2 285.4 284.8 285 286 287.6 289.7 291.9 293.7 295 295.6 295.6 295.4 294 291.5 288.4 285.2 282.2 278.9 276.8 275.9 275.3 275.1 274.7 274.2 273.5 272.7 272.6 272.5 271.7 270.4 268.9 265.3 265.3 265.3 265.3 265.3 265.3 265.3 265.3 265.3 265.3 265.3 265.3 265.3 265.3 267.3 268.6 270.2 272.4 274.7 276.2 276.8 277.1 277 276.8 276.8 276.7 276.7 277.2 277.6 277.7 278.4 279 279.9 281.4 282.8 285.4 288.3 290.8 292 293.4 293.2 292.1
290.8 289.8 289.2 288.3 287.3 286.6 286 285.6 286.2 288 290.1 292.4 294.3 295.6 295.8 296 295.5 293.9 290.9 287.8 285.1 282.1 278.9 276.9 276.1 275.5 275 274.5 274.1 273.4 272.7 272.2 271.7 270.2 268.9 265.3 265.3 265.3 265.3 265.3 265.3 265.3 265.3 265.3 265.3 265.3 265.3 265.3 265.3 265.3 267 269.4 271.2 273.9 275.7 276.9 277.3 277.2 277.1 277 276.9 276.8 276.8 277.4 277.6 277.7 278.4 279.2 279.9 281.5 283.2 286.2 287.8 290.2 291.8 293.3 293.3 293.1
291.9 291 290.1 289.1 288.4 287.6 287.2 286.6 287.1 288.5 290.6 292.9 294.9 296 296.8 297 295.1 292.6 289.5 287 284.4 281.6 278.8 277.3 276.3 275.4 274.8 274.4 273.9 273.1 272.6 271.8 270.3 268 265.3 265.3 265.3 265.3 265.3 265.3 265.3 265.3 265.3 265.3 265.3 265.3 265.3 265.3 265.3 265.3 267.6 270.3 272.9 274.9 276.6 277.3 277.5 277.4 277.2 277.1 276.9 276.8 276.9 277.2 277.5 277.7 278.3 279.1 280.2 281.6 284.1 286.6 288 289.4 291.3 293.5 294.5 293
292.1 292 291 289.9 289.1 289 288.2 287.7 288.1 289.1 291 293.3 295.3 296.9 297.7 297.1 295 291.8 288.9 286.3 283.7 281 279.1 278.1 276.8 275.8 274.8 274.1 273.5 272.7 271.8 270.6 269.1 265.3 265.3 265.3 265.3 265.3 265.3 265.3 265.3 265.3 265.3 265.3 265.3 265.3 265.3 265.3 265.3 265.3 269.2 272 274 275.6 277.4 277.7 277.6 277.4 277.2 277 276.9 276.7 276.8 276.9 277.2 277.4 278.5 279.6 280.8 283 286.4 287.7 288.5 289 290.8 293.2 293.4 291.3
292.2 292.5 292.7 291.3 290 289.5 289 288.6 289 289.7 291.3 293.5 295.5 297.6 298.7 298 295.9 292.5 288.9 285.7 283 280.9 279.7 279 277.6 276.4 275.2 274.2 273.5 272.2 270.5 268.7 267.8 265.3 265.3 265.3 265.3 265.3 265.3 265.3 265.3 265.3 265.3 265.3 265.3 265.3 265.3 265.3 265.3 266.6 270.7 274.2 275.8 277.3 277.5 277.7 277.6 277.3 277.1 277 276.8 276.6 276.6 276.4 276.7 277.3 278.5 280 281.7 284.6 287.6 288.2 288.4 289.1 290.9 292 290.7 288.6
292.4 293 292.9 291.8 290.9 290.8 290.8 289.5 290.1 290.5 291.6 293.6 295.8 298 299.4 298.4 296.7 293.4 289.3 285.4 282.9 281.2 280.1 279.8 279 276.9 275.5 274.4 272.9 271.2 268.9 267.9 265.3 265.3 265.3 265.3 265.3 265.3 265.3 265.3 265.3 265.3 265.3 265.3 265.3 265.3 265.3 265.3 267.3 270.8 273.4 275.1 276.4 277.6 277.5 277.5 277.5 277.4 277.1 276.7 276.5 276.3 276.1 275.9 276.6 277.2 278.5 280.2 282.6 286.1 288.1 288.2 288.5 289.2 290.7 289.5 287.9 286.7
293.9 293.2 292.8 292.3 291.7 291.6 291.5 290.7 290.5 290.9 291.8 294.1 296.1 298.1 299.6 298.6 295.7 292.5 288.4 285.6 282.9 282.5 282.4 281.7 280.2 277.7 275.9 273.6 271.8 270.1 267.5 265.3 265.3 265.3 265.3 265.3 265.3 265.3 265.3 265.3 265.3 265.3 265.3 265.3 265.3 265.3 265.3 267.3 270 273.5 275 276.1 277.2 277.6 277.5 277.5 277.5 277.1 276.7 276.3 276 275.7 275.2 275.5 276.3 277.1 278.7 280.6 283.2 286.6 288.2 288.3 288.5 289.4 291.3 288.2 286.4 286.1
294.2 293.5 293.2 292.8 292.3 292.6 292.3 291 290.6 291.2 293 294.8 296.6 298.3 299.1 297.2 294.5 291.6 288.3 285 284.1 284.6 284.8 283.6 281.1 278.4 275.7 273 270.8 269.3 266.5 265.3 265.3 265.3 265.3 265.3 265.3 265.3 265.3 265.3 265.3 265.3 265.3 265.3 265.3 265.3 267.5 272.4 273.9 275.5 276.2 276.9 277.5 277.5 277.5 277.5 277.2 276.8 276.2 275.9 275.4 275 274.5 274.9 275.7 277.1 279.9 282.4 285 287.6 288.3 288.4 288.5 289 290.1 286.5 285.9 285.5
