Assets/StreamingAssets/GeoData/Data/nt/NT09.asc
ncols 200
nrows 200
xllcorner 300000
yllcorner 690000
cellsize 50
[rows 0 to 34 of 200, columns 78 to 155 of 200]
145.8 146.4 146.4 146.3 147.4 150.2 152 152.4 153.2 152.5 151 149.5 148.6 146.4 143.3 143.1 142.2 141.2 141.2 141.4 141.4 140 139.4 138.8 139 139.2 138.9 138.7 139.1 139 138.6 138 137.7 137.6 137.3 137.4 137.8 137.8 136.7 136.4 136.6 137.3 137.1 137.2 136.7 135.8 136.2 136.9 136.1 135.4 137.1 137 136.3 137.1 137.7 137.4 137.7 138.9 138.9 138.3 139.2 140.8 140.4 141 139.4 138.7 138 137.3 138.6 139.6 139.6 140.4 139.9 138.6 138.9 139.1 139.3 139.7
145.6 145.9 145.9 146.8 150 153.2 153.4 152.8 152 149.9 147.6 146.4 145.4 143.8 141.6 141.5 140.3 140.3 140 140.6 140 139 140.1 139.9 139.1 139.4 139.1 138.8 139.1 139.1 138.9 138.7 140.3 138.7 138.1 137.8 139 138.4 136.6 136 136.4 136.5 135.7 135.8 136 135.5 135.7 136.4 135.6 135.2 136.1 135.7 135.9 136.3 138.1 136.9 138.4 138.4 138.3 137.4 138.4 140.4 140.6 140.5 139.3 139.9 139 137.6 136.7 137.3 138 138.6 138.4 137.1 136.4 136.3 136.5 137.1
147.8 149.1 150.5 151.7 151.5 151 149.5 149.2 146.8 145.9 145.9 143.9 142.9 140.4 140 139.9 140.8 139.5 139.1 139.6 139 139.1 140.3 140.4 139.7 139.5 139.6 140.5 139.9 140.6 140.7 142.4 141.1 140.1 139.5 139.1 140.9 141.3 140.5 140.5 138.8 136.9 135.3 135.9 135.4 135.9 136.3 135.6 135.3 135.4 135.6 135 136.1 136.5 138.6 137 136.5 136.3 136.2 136 136.8 137.2 137.2 140.2 139.2 140 139.5 137.9 137.3 137.8 137.1 136.4 135.5 135.1 134.8 134.4 134.2 134.4
148.1 150 150.3 149.3 149.2 148.7 147.5 145.5 145.4 142.9 142.8 141.9 142 140.9 140.7 141 140.6 141.7 140.7 140.2 140.2 140.1 140.2 140.4 142 143.1 143.1 142.7 142.7 142.1 143.1 144.3 144.2 142.4 141.5 141.7 138.9 140.6 142.1 142.3 140.1 138.9 138.6 136.5 134.7 135.7 135.7 135.1 134.8 135 135 134.9 135 136.7 138.5 137.2 135.9 134.8 134.8 135.8 135.9 135.7 135.8 138.9 139.7 140 138.6 136.1 135.7 134.8 134.3 134.3 134 133.8 133.6 133.4 133.9 133.4
145.8 146 144.5 145.9 145.5 144.3 143.7 144.3 143.5 141.6 142.4 141.1 140.3 142.6 142 143 140.9 141.1 141.1 142.1 141.7 142.3 142.1 144.3 146.1 143.8 144.8 145.8 146.8 147 142.3 143 142.9 142.1 140.7 141.8 139.9 139.4 140.5 140.5 139.4 138.6 138.3 137.3 136.5 135.7 135.1 135.1 134.4 134.5 134.5 134.9 134.3 136.1 137.1 136.9 134.6 134 133.7 133.9 134.3 134 134 134.9 136.5 138.8 138.4 135 134.6 133.5 133.3 133.1 132.7 132.6 133.4 132.4 133.2 132.7
144.7 144.5 143.8 143.6 143.4 143.8 143.1 142.7 142.4 141.8 143.2 143.9 144.1 143.8 143.4 143.5 142.6 142.2 142.8 143.7 144.6 146.6 145.5 146 147.2 146.7 148.5 149.2 147.9 147.8 149.7 149.4 145.7 141.5 140.7 140.8 141.7 139.7 140.7 141.6 141 138.8 139 138.7 137.7 136.9 136.3 135.3 134.4 134.5 133.9 134 134.2 134.9 136.3 135.8 134.1 133.7 133.5 133.2 132.8 133.2 133.5 133.8 133.3 135.8 137.3 134.6 134.8 133.9 132.6 132.4 132.4 132.3 131.7 131.6 131.5 131.6
143.9 143.9 143.8 143.1 143.7 143.7 143.7 145.4 144.1 143.9 143.8 145.6 145.4 145 144.6 144.5 144.7 144.5 146.5 147.8 149.1 149.8 149.2 148.2 149.6 151.3 150.6 149.9 149.4 150.5 150.6 149 146.4 142.1 140.7 140.9 140.8 139.8 140.6 142.3 141.7 139.6 139 138.2 137.3 136.8 136.9 136.4 136.3 134.7 133.5 133.8 134 134.2 135.5 134.7 134.3 134.7 134.3 133.4 132.7 132.7 133 133.2 132.7 132.2 134.8 135.1 134.5 133.8 132.6 132.8 132.8 132.7 131.4 130.7 130.7 130.8
143.8 144 143.6 143.9 145 145.9 147 145.7 146.5 146.3 144.8 146.8 145.9 146.5 147.1 145.7 146.5 149.9 153 153.5 153 152.9 152.7 153.5 152.8 151.2 150.9 150.8 150.6 151 149.8 148.5 145.5 142 141.4 141 141.7 140 139.9 140.9 140.9 140 138.1 139.1 136.9 136.5 135.7 136.5 136.2 136 133.7 133.5 133.7 133.7 133.8 134 133.9 134.5 134 133.2 132.6 132.5 132.6 132.6 132.2 132.2 132.1 133.3 132.7 132.6 132.2 133.2 132 131.4 130.6 131 130 130.3
145.4 146.2 146.4 146.3 147.1 148.2 148 148 147.9 148.4 147.4 147.2 146.8 148.7 146.4 149.6 153 155.1 156.1 155.3 154.2 154.2 154.9 155.1 153.4 151.7 150.6 150.7 150.5 150 148.8 147.7 147.3 143.1 142.2 141.4 142.9 142.3 142.1 141.5 140.1 138.4 138.1 139.1 136.7 136.6 135.8 136.1 135.9 135.8 135.4 133.7 133.3 133.4 134.3 134.3 133.8 133.6 133.6 133 132.5 132.4 132.3 133.2 132.6 132 131.9 132.1 131.9 131.6 132.4 133 130.8 131.2 131.3 131 130.7 130.5
147.1 147.9 148 149.1 149.1 149.3 150.4 150.5 150.5 150.6 150.5 149 149.4 148.8 150.4 155.2 156.3 156 155.9 155.5 154.9 155 154.1 153.1 151.1 150.6 149.5 149.8 150.6 149 147.9 147.7 147.5 143.4 142.9 142.4 142.6 143.7 142.9 141.6 140.2 140 139.2 138.7 137.6 136.6 135.9 135.8 135.6 135.5 135.4 134.3 133 133 133.2 133.5 133.9 133.5 133 132.7 132.3 132.3 132.6 132.9 132.4 131.8 131.8 132.2 131.8 131.7 131.6 131.8 131.4 131 131 131 130.7 130.2
149.6 149.7 150.9 150 150.6 150.6 151.5 152.7 151.1 154.3 154.9 152.7 151.3 152.1 154.2 156.9 157.3 156.6 155.5 155.3 155.2 153.9 153 151.9 151 150.8 149.9 149.8 151.1 148.3 147.4 146.6 144.6 143.9 145 145.6 145.3 144.7 142 141.9 142.2 140.1 138.9 138.7 138.2 137.4 136.8 135.6 135.4 135.3 135 133.9 132.9 132.8 133.1 133.5 133.9 133.6 133.2 132.9 133.2 133.3 132.4 132.1 132.2 131.6 131.8 132.2 131.8 131.7 131.7 131.4 131.3 130.8 130.5 130.7 130.4 129.8
152.1 151.7 153.1 154.9 154.5 151.7 154.4 152.6 153.2 156.4 155.9 155.6 154.9 156.5 155.8 157.3 156.8 156.7 156.4 156 155.5 156.2 154 151.6 150.8 150.3 150.6 151.1 151.6 149.9 149 148.3 146.3 146.4 147.8 150.5 150 146.3 144.8 143.2 141.6 140.5 140 139.9 139.7 139.3 139.4 138.1 135.6 134.9 134 133.5 133.3 132.7 132.8 133.4 133.9 133.6 133.4 133.4 133.6 133.5 133.1 132.4 131.6 131.4 131.8 132.2 131.8 131.6 131.2 131.4 131.5 130.9 130.4 130.1 130.2 130.5
157.3 155.2 159.5 159 154.7 154.1 155.7 155.4 154.1 157.3 157.4 156.1 156.2 158.7 158.1 157.6 156.3 155.8 155.7 155.1 155.1 154.8 153.8 151.9 151.2 150.9 150.8 151 152 151.4 150.3 150.3 150 150.8 151 151.1 150 148.3 146.4 144.6 143.2 143.4 144 143 142.7 141.9 143.1 142.2 139.3 137.6 137.5 137 134.3 133.5 132.7 132.8 132.8 133.2 133.5 133.4 133.4 133.4 133.1 132.7 132 131.4 131.9 132.3 129.9 130.6 130.6 131.1 131.6 131.1 130.4 130.4 129.5 129.7
156.7 155.8 158.5 156.6 156.2 157 157.5 160.3 160.1 160.7 160.1 160.5 161.9 159.6 159.3 160.1 159.9 156.8 156.1 155.3 155 153 153 152.3 151.9 152.6 153 152.2 153.3 152.9 152.9 152.1 154.9 155.1 155.2 153.4 150.5 149 147.7 146.8 144.5 145.5 147.4 146.4 146.4 144.5 143.9 141.5 139.4 139.5 140.6 139.8 137.3 135.9 135.9 132.5 132 132.5 132.6 132.9 133.3 133.2 133 132.7 132.2 131.3 131.8 132.2 130.8 130.6 130.4 128 128.2 129.7 130.1 131 130.1 129.2
154.7 156 156.9 157.1 158 159.9 161.8 161.5 162.4 163.7 163.7 164.4 164.6 162.4 163.3 162 159.5 156.8 157.8 156.3 156.4 154.3 153.9 154.2 154.5 156 155 155.9 156.1 156.7 156.8 156.4 158.9 158.4 157.4 154.5 154.3 152.2 151.1 150.3 148 147.6 149.4 150.3 149.1 148.6 149.2 147.3 145.3 144.2 142.8 141.7 139.7 141.8 141.8 135.6 132.7 131.8 131.6 131.7 132.6 133 132.3 131.6 131.2 130.6 130.8 130.5 130.8 130.6 130.5 127.3 126.9 126.9 126.9 127.9 129.9 130.1
156.9 159.3 158.6 159.9 161.8 164.6 166.4 167.7 167.4 166.7 167.9 166.3 166.8 166.5 164.1 160.1 158.8 158.2 157 155.7 157.5 157.8 158.2 159 159 158.9 158.2 160.8 159 157.6 159 158.9 160.5 159.4 157.8 158.6 160.3 160.8 157.6 153.9 153.5 153.8 154.7 155 153.5 154.2 153.6 152.1 150.1 149.1 147.1 146.1 146 144 144.4 142.3 138.3 134 132.3 131.7 132.1 131.7 132 132.3 132.2 131.5 130.8 129.1 128.4 127.9 128.3 126.9 126.9 126.9 126.7 126.4 126.4 128.8
157.4 159.4 162.2 163.3 165.8 168.4 170.3 170.8 170.5 171.2 169.9 168.7 167.5 166.1 165 162.5 160.8 160.3 159.4 158.9 160.9 161.7 161.7 161.8 162.7 162.1 161.9 161.9 162.8 162.1 160.3 160.6 161.7 161.8 162.4 164.8 165.7 165.7 162.2 159.6 161.2 161.9 162.7 163 160 159.2 157.8 156.3 154.8 153.7 152.3 152.3 150.4 147.5 144.6 142.4 138.9 136.9 135.7 134.3 131.8 130.9 130.7 130.9 130.9 131.7 132.3 129.1 127.7 127.5 126.9 126.8 126.8 126.7 126.5 126.4 126.4 126.3
160.7 163.4 165.2 166.7 170.1 172.3 173.2 173.6 172.9 169.9 168.6 168.5 166.9 168.1 167.6 165.6 163.4 163 161.6 162.5 163.9 164.9 165.6 165.8 165.2 164.3 165.9 165.7 164.6 163.8 163.6 164 166.3 169.2 172.3 171.9 171.2 172.2 167.5 166.9 169.1 170.9 169.9 167.5 165.8 163.8 162.2 160.8 159.5 158.5 157.3 153.9 149.7 145.7 142 140.2 139.3 138.6 137.2 136.2 134.1 132.2 131.1 130.5 130.7 130.4 130.1 128.6 127.5 127.2 126.8 126.7 126.7 126.5 126.5 126.4 126.4 126.3
160.7 165 169.1 172 174.8 175.3 175.2 173.2 171.2 169.8 170.3 168.7 168.7 170.1 169.3 168.7 167.8 168.3 168.6 168 171 172 173 171.3 168.3 170.2 170.9 170.4 168.1 168.2 167.9 169.1 175.8 183.5 184.7 180.3 180.9 174.5 171 173.1 175.4 173.9 170.6 170.4 170.7 169.2 167 165 162.2 160.2 156.5 151.7 147.5 144.5 142.5 140.5 140.1 139.8 138.2 136.8 135.4 135.2 134.1 132.5 131.2 130.7 129.7 129.2 128.1 127.1 126.7 126.7 126.6 126.5 126.5 126.4 126.3 126.3
162.4 167.2 173 177.1 177.6 176.4 174.6 172 171.8 170.2 169.6 169.9 171.4 172.9 172.6 173.1 173.1 173.3 173.7 174.1 176.1 177.1 175.4 173.1 171.7 172.9 172.6 172.7 171.6 172.2 174.9 177.6 186.1 190.8 191.3 184.6 178.5 174.2 172.5 175.6 175.2 173 170.7 170.5 170 168.7 168.8 164.2 159.8 156.3 152.6 148.9 147 145.5 143.6 141.5 139.7 139.7 138.6 138.1 136.7 136.3 135.4 134.3 133.7 132.2 131 129.9 128.9 128.2 127.7 127 126.6 126.5 126.4 126.4 126.3 125.9
167.2 171.6 176.4 176.5 176.2 174.8 173.4 171.8 172 172.1 171.3 173 175.6 177.4 180 178.4 177.1 175.9 175.4 177.6 177.7 175.4 174.4 172.7 173.1 174.3 174.3 175.8 176.1 178.4 181.8 182.5 188.2 192.3 189.7 183.1 176.5 173.5 170.1 171.9 171 168 166.7 167.3 166 164.2 162.7 159.3 155.4 151.9 149.3 147.6 145.9 145.2 143.7 142.2 141.1 139.6 138.8 138.4 137.8 136.7 135.5 134.6 134.3 133.7 132.5 131.5 130.1 128.6 129.2 128.8 127.1 126.9 126.7 126.4 126.1 126
171.2 175.2 178.3 179.2 177.9 176.8 176.1 175.6 175.2 174.3 173.4 175.5 178.8 182.4 183 182.3 176.7 174.5 174.4 175.8 173.8 174.1 175.2 174.1 175.2 176.4 177.6 178.9 179.9 182.7 183.8 184.6 188.7 190.9 187.2 180.5 173.7 169.7 166 166.1 165.9 163.6 162.4 162.6 161 158.7 156.8 153.5 150.7 149.2 147.7 147 144.8 144.6 143.7 142.1 140.5 139 137.8 137.6 137.1 137.5 135.7 134 133.4 133.5 132.9 131.1 129.8 128.7 128 127 126.6 126.2 126 126.1 126 126
175 179.3 182.3 181.1 180.7 180.1 178 178.2 178 177.2 175.9 177.6 182 183.1 184.2 179.6 174.1 173.2 173.2 174.1 173.3 174.3 176 178.3 178.9 181.7 181.3 182.5 182.9 185.4 186.6 187 189.1 189.5 184.7 178.8 171.8 165.7 163 162 161.6 161.6 159.9 157.8 156.1 154.5 153.1 150.9 149.4 147.9 146.1 145.8 144.1 142.5 140.9 139.7 138.7 137.8 136.2 136.3 137.4 136.6 136.7 135.6 134.3 132.6 130.4 129.5 128.3 127.8 127 126.7 126.9 126.9 125.7 125.7 125.7 125.6
182.4 182.1 184.1 183.8 183 181.9 180.3 179 179 178.5 177 178.3 179.1 179.7 177.9 177.8 173.5 173.9 173.4 173.5 172.8 174.1 176.1 180.4 181.7 182.7 183.6 185.4 186.1 188 189.8 190.7 187.9 186.7 185 179.1 172.1 164.7 161.2 159.3 160 159.5 158.4 156.2 154 152.4 151.6 149.9 148.3 146.9 145.2 143.7 142.6 140.8 138.6 137.2 136.2 136.4 135 134 133.5 133.3 132.8 132 131.1 130.5 130 127 126.3 126.3 126.3 126.5 127.1 126.5 125.8 125.6 125.6 125.6
185.1 185.7 185.5 184.5 183.6 182.4 180.8 180.2 180 179.9 179.1 178 177.9 177.4 177.1 176.8 174.1 174.6 173.8 173 172.8 174 178.5 182.7 183.7 184.1 185.6 186.2 189.2 190.7 192.2 189.4 186 183 181.6 176.7 171.5 165.4 158.5 156.4 156 155.3 155.6 154.3 152.1 150.6 150 148.3 145.7 143.9 142.3 141.4 140.1 138.5 136.7 134.8 133.6 134 133.6 131.7 130.7 130.6 130.4 131 130 128.7 129 126.7 126.3 126.3 126.8 127.2 126.5 126 125.7 125.4 125.1 125.6
189.8 187.3 186.3 184.6 183.7 184.2 183.3 182.9 182.1 181.5 181.4 179.4 179 178.2 177.6 178.6 176.3 174.4 174.1 174.4 174.7 178.6 183.3 185.8 185.2 186.1 186.8 187.5 188.8 190.4 189.9 186.3 183.5 180.3 178.1 173.4 170 164.8 158.2 153.2 151.2 151.4 151.4 150.5 149.2 148.3 146.7 144.6 141.3 140.5 139.2 138.6 136.1 134.3 133 131.7 131.2 131.4 131.7 129.6 129.1 128.8 129.6 130.2 129.5 128.5 128.5 126.4 126.3 126.3 126.3 126.4 126.1 126.3 125.7 125.4 125.1 124.8
189.4 186.9 186 185.4 184.4 184.7 185.7 185.3 184.4 183.7 182.8 180.8 180.4 179.9 179.4 180.3 178.7 176.3 175.7 176 177.7 182.3 186.4 186.4 185.8 186.4 186.8 187.5 188.2 188 186.3 185.9 183.3 180.5 174.8 171 167.3 161.8 156 152.6 149.6 147.5 147.2 147.3 147.4 146.9 142.6 140.9 137.7 136.1 135.4 132.7 131.3 130.6 129.4 129.1 129.3 129.5 129.3 128 128.8 128.7 128.8 129.4 128.9 128 127.1 126.3 126.3 126.3 126.3 126.3 126.5 126.3 125.7 125.4 125.1 124.8
187.7 185.6 185.3 186.3 186.4 185.2 185.3 185.4 184.2 182.8 181.9 180.7 180.2 180.6 181.1 181.3 180.5 176.9 176.3 176.3 178.5 180.7 182.4 182.1 182.3 184.6 185.2 185 183.9 184.2 185.5 185.1 183.5 179.9 173.2 167.9 162.7 157.7 153.1 152.3 149.5 146.1 144 144.3 143.1 143.6 140.1 137 133.9 132.5 131.8 130.3 129.3 127.9 127.5 127.4 127.4 127.6 127.3 127 128.1 130.9 129.7 129.7 129.3 128.1 127.7 127 126.3 126.3 126.3 126.6 126.8 126.3 125.7 125.4 125.1 124.8
184.3 185 184.7 186.5 186.2 185.5 184.5 182.9 183.4 181.7 181.4 180.8 180.8 181.4 180.9 180.5 180.9 178.1 175.8 174 175.9 177.8 178.5 177.6 177.2 178.5 178.6 178.3 179.5 180.3 180.3 185.6 185.7 181.3 173 168.4 160.6 155.8 151.4 149 147.7 143.6 141.9 140.4 140.1 138.6 136.3 133 131.5 130.1 129 128.1 127.3 127.1 127.1 127.1 127 126.9 126.5 127.3 127.3 129.7 132.9 131.4 130.3 128.4 128.2 127.3 126.9 127.8 128.2 127.6 126.8 126.2 125.8 125.4 125.1 125.1
181.7 184.6 183.8 181.3 180.3 180.3 180 179.8 180.6 181.1 179.9 180.9 180.6 178.8 179.5 178.6 179.5 178.8 172.9 171.6 173.3 175.6 176.5 175.6 175.4 175.5 175.5 173.7 172 175.6 174.4 173.4 174.8 172.1 168.9 165.4 161.9 154.6 149.8 145 143.2 141.6 138.5 137.4 136 133.5 131.9 131 129.7 128.6 128.3 127.9 127.1 127.1 126.9 126.7 126.6 126.4 127.5 128.8 128.4 127.8 130.8 133.3 130.9 129.4 129 128.2 127.6 129.2 129 128.7 127.3 126.2 125.8 125.7 125.8 126
177.7 180.3 181.8 180.7 177.4 176.4 175.9 176.1 177.2 178.5 176.4 177.1 177.9 176.1 177.6 176.1 175.2 173.9 172 169.7 173 175.8 175.7 174.4 173 172 172.5 170.4 166.9 163.7 163 166.2 164.5 165 163 161.3 156.7 151.3 146.5 143.4 144.2 140.7 138.3 136.7 134.2 133 130.2 129.2 128.3 127.9 127.6 127.4 126.8 127.2 127 126.3 127 129.1 127.8 128.5 128.2 127.6 128.2 130.5 130.6 129.7 129.2 129.1 128.6 128.9 128.6 128 127 126.9 127 126.8 126.9 127
173 174.4 176.1 178.5 176.6 176.5 177.5 176.9 176.8 177.7 175.5 174.5 175.5 174.9 174.1 173.5 172.8 170.8 169 170.5 173.7 175.6 175 173.6 172.2 168.4 167.4 165 162.4 159 158 159.5 160.5 160.5 157.8 155.3 152.4 147.6 143.6 141 140.1 138.4 138.7 134.8 134.3 132.4 128.5 127.8 127.5 127.2 126.9 126.6 126.4 127.2 126.1 126.7 127.1 127.4 126.9 127.9 127.6 127.8 127.9 129.9 129.4 129.5 129.2 129.3 129.2 130.2 130 130.2 129.5 129.7 129.4 129.2 131.1 130.3
178.4 179.8 179.4 181.9 180.2 182.5 182.2 180 179.3 177 175.7 174.8 173.6 173.4 173.1 171.7 170.9 169 168.9 172 174.7 174.9 173.8 172.2 168.7 163.7 161.5 159.4 157.2 155.1 154.2 155.5 155.9 153.6 151.4 150.3 150.1 146.1 142.9 137.5 135.3 133.8 132.8 132.6 132.6 129.9 127.1 126.9 126.7 126.4 126.1 125.9 125.9 127 126.7 127.6 127 127 127.4 128.5 128.8 128.4 128.6 130.3 130 131 131.6 132.9 132.7 133.2 134.2 135.6 136 134.2 133.4 134.8 136.3 135
183.2 183.1 184.1 184.6 184.1 182 180 178.9 178.4 177.7 177.4 178.1 176.9 174.8 173.6 171.7 168.8 167.8 168 170.5 171.9 171.7 169.7 166.2 162.4 158.6 157.8 156.9 154.4 152 149 150.5 152.2 149.6 147.3 146 145.5 144.5 144.3 136.3 134.3 132.6 130.7 129 129 127.2 126.6 126.3 126 125.7 125.4 125.5 125.5 126.9 127.9 128.2 127.7 127.4 129.1 130.1 129.4 129.1 129.1 130.7 132.8 136.7 138.3 139.4 136.5 138.3 141 142.1 140.2 138.4 139.6 139.1 141.1 139.2
184.2 185.1 186 185.5 183.2 181.8 180.9 180 179.4 178.9 179.1 178.8 176.7 174.9 172.9 172 170.1 169.8 165.8 166.9 166 164.8 162.5 160.5 158.9 158.2 158.1 156.8 155 153.3 152.9 149.5 144 144.6 144.5 142.3 141.1 139.7 137.9 134.4 132.1 132.2 129.9 128 126.8 126.9 126.7 126.4 126.1 125.3 124.9 125.9 126.6 127.5 128.2 128.3 128.7 129.8 131.7 131.4 131.7 130.7 132.6 134.2 138.9 143.2 141 143.3 142.7 143.2 144.6 146.1 145.8 144 144.5 145.6 144.2 143.5
