Assets/StreamingAssets/GeoData/Data/nt/NT11.asc
ncols 200
nrows 200
xllcorner 310000
yllcorner 610000
cellsize 50
[rows 0 to 34 of 200, columns 0 to 77 of 200]
446.4 433.5 424.2 416.2 411.3 403.3 392.4 379.9 367.5 359.9 355.8 352.8 345.2 349.1 351.4 355.6 358.2 362.2 364.4 365.8 369.3 374 377.1 382.3 395.1 407.3 419 434 448.6 467.3 479.3 488.1 491.9 487 478.3 470.6 460.2 467.6 493.1 513.8 527.2 545.1 564.4 584.5 606.1 626.3 643.5 654.9 661.3 660 648.8 629.2 606.1 584.4 564.5 546.1 532 517.5 503.3 486.3 449.1 412.2 378.7 349.8 327.3 307.1 312.5 328.1 351.4 377.9 402.3 419 432.2 437.3 440.1 437.9 437.8 436.2
449.5 439 430.5 424.6 420.5 415.1 405.8 394.4 382.6 371.1 364 359.6 355.8 354 357.1 366.7 371.1 373.3 377.2 380 377 371.3 373.6 375.1 386.6 400.2 412.7 426.2 446.3 470.4 488 498.6 503.1 501.4 497.8 492.7 485.7 478.4 478.7 493.7 506.1 523.1 544 566.5 592.2 615.8 634.5 645.8 654.9 657.4 653.6 638.9 616.3 593.8 576.7 558.9 543.9 528.6 512.2 481.3 444.7 409.1 374 342 308.6 307 322.9 341 367.6 393.5 422.1 449.4 468.6 477.2 471.8 467.1 468.5 464.2
452.6 443.8 436.3 432.6 429.2 425 419.5 409.8 397.8 385.9 376.2 369.3 365.8 363.5 365.1 372.6 379.1 382.8 385 386.3 386.2 384.9 379.2 374.6 377.5 390.6 404.5 418.7 442 465 489.9 503.1 510.7 514.5 514.9 512.9 509.7 504.7 502.5 506 515.9 529.3 549.3 569.3 592.1 614.8 632.5 644.3 654.9 659.8 660 648.3 628.5 608.7 586.9 568.9 552.1 534.2 509.8 477.6 439.5 402.5 366.1 332.5 310.5 309.9 329.2 356.2 385 412.3 442.2 475.8 498.4 501.2 496.8 497.4 499.4 494.6
454.2 446.3 441.2 438.5 436.2 433.9 431.5 424.3 413.7 402.9 393.6 385.2 378.8 374.8 375.2 381.2 387.1 391.8 394.3 397.2 399.9 399.6 394 381.5 377.6 380.2 396.2 411.4 431.6 455.8 479.7 503.9 515.5 523.8 528.4 529.4 529.7 528.5 526.9 529.5 538.5 552.6 568.7 587.4 605.2 621.4 635.9 649.8 657.3 665.1 666.6 655.1 635.5 616.8 594.2 573.9 554.7 533.7 502.6 472.5 433.8 393.7 355.4 321.5 310.9 313.4 340 371.6 399.5 429.2 463.2 500.6 521.2 523.8 520.9 520.7 523 520.4
454.4 448.3 445.2 444.4 443.5 442.1 441.8 438.1 430.5 421 411.9 404.3 397.3 393 394.8 399.9 404.6 408.5 411.2 414.6 417.7 417.7 410 398.9 380.4 381.1 386.3 404.6 422.1 443.8 468.2 494.5 515.2 526.7 533.6 537.1 539.6 543.7 549.6 554.8 562.6 574.2 587.3 602.3 615.8 627.8 639.5 652.2 663.6 672.4 672.5 658.5 638.6 617.8 593.8 575.6 553.7 526 495.7 461.8 424.8 384.8 346.4 314.3 313.3 326.2 353.8 385.3 413.9 445 481.7 518.8 542.3 546.1 544.3 541.8 543.2 543.9
455.5 451.1 448.8 449 449.3 449 450 450.6 447.2 439.6 431.5 423.4 416.3 413.9 417.1 421.4 425.4 428.6 431.4 434.8 438.6 437.2 426.8 414.2 398.3 381.4 383.6 394.4 414.5 433.7 455.5 480.4 505.4 522.9 532.3 537.6 541.2 547 556.6 566.9 575.3 586.1 597.5 608.4 619.8 629.7 640.5 656 671.5 678.8 675.2 659.9 640.6 616.8 593.8 572.8 544.9 512.8 481.3 447.7 411.1 374.1 338.1 313.4 318.9 336.6 366.5 398.9 428.3 460.9 497.8 537 561.9 567.3 567.4 567 567.9 569.1
454.2 452.8 452.1 452.7 454.5 456 458.8 462.5 463.1 459.8 453.3 444.7 436.9 433.3 436.3 442 445.7 448.8 451.7 455.1 459.3 456.3 442.6 427.6 410.6 388.3 384.3 388.1 402.2 422.6 442.1 463.2 486.7 512.6 524.5 532.1 536.8 541.2 548.8 561 570.1 580.3 591.2 601.4 612.1 624 642.7 659.1 672.7 681 677.4 660 640.4 617.2 592.8 567.9 534 500.6 465.8 430.8 397.8 364.5 329.3 319.1 330.4 345.6 379.6 409 439 475.6 513.6 556.2 579.8 583.7 585 586.6 589.3 592.3
448.2 448.7 452.3 456.3 459.8 462.9 467.8 472.6 475.6 476.3 474.6 467.7 459.3 453 454.1 460.2 465.7 467.9 470.5 473.7 477.4 473.6 455.9 439.1 421 401.3 387 387.4 397.2 413.3 429.3 447.3 463.9 485.8 506.4 515.5 522.5 526.7 533.3 543.8 552.8 559.8 571.2 582.4 599.1 617.1 638.7 656.4 671 679.7 679.3 661.4 641 617 591.9 563.6 527.6 492.1 454.9 419.2 386 352.9 319.1 323.4 338.3 360.2 392.5 418.8 451 489.3 527.1 567.3 591.9 595.2 597.3 599.3 603 606.8
440.1 444.2 451.5 456.3 461.7 468.1 474 479.8 484.5 487.3 488.5 486.5 480.5 473.6 471.4 474.6 477.4 479.8 482.5 485.7 489.5 485.5 467.9 449.6 431.3 412.2 391.9 388.5 393.5 404.5 416.3 433.4 448.1 460.5 468.3 483.2 496.1 503.3 511.1 519.7 526.8 533.1 546.7 562.1 585.7 607.6 629.6 650.8 666.5 677.2 678.7 662.2 643.6 619.4 590.5 559.9 529.4 492.6 452.5 414.2 381.3 349 326.5 330.9 341.6 370.6 401.5 426.8 462.6 502.6 541.7 580.4 595.4 602.1 605.9 610.5 614.9 619.4
432 440.2 448.3 454.8 461.2 469.8 477 484.1 490.6 495.2 497.7 497.6 493.1 487.6 485.9 486.9 488 489.2 491.4 494.5 497.1 494.1 479.4 461.5 443 424.8 402.6 391.9 392.3 398.2 407.3 420.2 429.8 440.4 447.3 456 466.8 476.3 484.2 493.5 499.5 508.4 527.6 554.7 575.6 598.3 620.1 643.6 662.2 674.5 677.3 662.5 643.7 619 591.3 560.9 531 494.8 454.2 415.8 381.7 350.1 330.6 338.3 350.2 382.5 415 442.7 474.6 516.3 554.6 578.4 593.6 603.9 612 620.1 624.8 629.5
422.2 433.1 442.5 450.1 457.9 467.3 476.2 483.8 491.9 499.5 503.2 503.2 500.5 496.7 496.9 498 498.4 498.9 500.1 501.9 502.2 499.4 490.4 473.3 455.4 437.7 420.3 402.6 394.2 398.6 403.7 414.8 428.9 427.9 432.7 441.3 447.4 456.1 463.4 471.2 485 500.1 533.9 556.8 574.5 593.6 613.6 638.2 657.9 672 675.4 661.6 642.1 618.4 592 561 525.7 489.8 452 414.2 382.7 345.6 330.5 343.1 359.5 395.2 429.3 459.4 485.9 517.3 552.5 572.5 589.8 602.8 613.6 624.3 630.7 635.2
409.6 423.4 434.3 442.5 451.2 461.7 471.3 479.3 488.4 497 503.9 506.5 506.2 505.3 505.3 505.1 504.9 505 506.6 507.7 504.5 501.1 497 484.7 467.5 449.7 432.6 418.2 402.8 396.3 402.9 412.5 427.1 441.8 452.9 462.9 468 470.5 479 488.1 499.6 513.2 542.5 561.4 577.6 593.7 613.4 636.3 654.8 669.4 673 659.1 639.4 616.3 591.7 563.6 528.8 490.3 452.5 414.9 382.3 346.7 326.2 345.6 371.1 407.7 442.9 477.7 510.7 537.5 557.6 571.4 585.6 599.4 611.6 623.7 633.5 641.6
393.7 410.4 423.9 434.3 443.6 452.7 462.6 471.4 479.8 490 499.7 507.5 511.8 512.5 511.4 510.7 510.3 509.6 510.5 509.9 505.8 502.1 499 493.1 477.9 461.8 445.9 431.7 419.1 404.6 401.9 411.1 422.8 437.6 456.1 464.6 476.5 483.2 490.9 501.3 513.8 523.7 541.9 563.2 581.5 595.6 614.7 635.3 653 666.3 668.6 655 636.5 613.4 591.1 563.9 526.4 489.2 452.7 416.9 385.8 351.4 329.9 349.8 380.5 420.5 454.8 490.3 525 551.9 568.8 581.1 588.8 597.9 608.8 622.2 634.5 644.3
377.6 394.5 410.7 423.8 432.8 442.8 450.9 459.4 469.8 482.2 493.7 504.1 513.2 515.2 513.5 512.3 511.6 511.1 511.2 510.6 505.9 501.8 499.3 496.8 487 472.8 458.1 444.1 431.3 418.2 403.5 408.4 419.6 435.4 452.6 465.6 480.2 492.3 499.5 509 520.2 532.4 546.9 565.1 581.3 595.8 616.1 634.2 650.7 663 661.4 649 632.3 610.7 588.7 562.9 528.5 491.6 454.6 419.5 390.8 358.3 341.2 354.2 386.8 430.6 467.2 498 534.6 562.5 580.2 591 597.5 604.1 612.5 623.8 633.9 645.1
361.2 376.5 391.9 409.4 422.9 433.7 442.5 451.5 461.8 474.7 487.6 498.8 508.4 509.3 507.2 506 505.6 505.5 506.8 507.8 504.2 500.6 499.1 497.1 493.5 482.4 469 455.9 443.2 429.8 417.3 409.5 419.7 435.9 447.4 464.1 478.5 492.1 501.9 511.6 520.1 532.6 544.4 560.1 576.3 591.8 611.8 629.6 646.3 657.3 653 642.1 626.5 607.4 585 559.9 529.7 494.3 457.9 424.9 395.8 362.5 345.8 361.7 393.8 440.6 474.2 506.6 542 573.4 592 604.8 611.6 617.7 623.6 631.4 637.8 646.6
344.3 360.4 375.3 393.7 410.8 424.9 435.9 446 457.2 469.4 480.5 490.2 497.7 499.7 498.7 497.8 496.7 496.9 498.2 500.1 500.2 498.4 497.5 497 494.6 490 479 467.8 455.2 443.9 434 421.4 414.4 428.1 442.4 456.8 471 482.7 493 502.4 511.5 525.7 538.7 553.2 570.5 583.5 599.9 620.3 640.1 650.5 646 635.1 620.6 602.2 580.5 554.7 528.8 495.2 460.8 430 399 370.5 351.1 368 402 449.9 481.3 516.8 551.1 579.9 602.2 618.5 627.2 633.7 639 644.1 648.2 655.3
328.8 344.8 359.7 377.1 396.7 413.2 427.3 438.9 451.3 462.5 472.5 479.7 484.3 487.4 488 485.6 484.5 483.8 487.2 489.9 492.9 495 496 496.9 495.9 493.5 487.5 478.3 468.7 458.4 448.9 439.9 427.5 422.2 434.4 447.7 455.7 471 482.4 489.9 498.3 514.2 527.9 540.9 556 569.2 588.1 608.8 630.1 643 638.7 627.7 613.8 593.4 572.7 550.1 525.6 496 461.8 432.5 406.5 381.7 360.6 372.9 405.1 451.6 486 524.9 557.9 580.9 607.2 630.6 640.6 647.8 654.9 660.4 664.1 670.4
315.9 330.6 345 360.1 379.5 401.1 417.7 431.4 443.7 453.9 462.3 467.6 471.8 474.9 474.1 470 468.1 469.2 474.4 480.4 486.4 491.3 496.6 498.6 498.8 497.6 494.3 489.1 482.1 473 463.5 453.9 444.7 436.6 429.4 434 445.2 457 469.7 478.1 486.4 499.7 512 521.9 537 558.1 579.5 599.9 621.9 634.9 632.1 621.4 606 586.2 566 544.4 523.6 497.5 465.7 447.1 425.3 397.2 370.9 373.3 404.8 449.3 485.5 523 556 581.1 606.6 636.5 650.5 659.7 665.8 673.1 679.4 688
312.1 317.3 330.9 345.7 364.1 384.2 404.6 420.5 434.7 442.7 447.6 452.7 457 458.3 457.7 454.7 454.5 459.9 466.9 475 482.6 488.9 495.8 500.4 501.3 500.4 499 496.5 492.4 486.6 477.6 467.8 459.1 454.4 452.6 451.5 454.5 457.2 462.8 474.2 487.2 499 511 523.4 540.4 558.1 578.2 599.5 619.5 630.6 628.8 615.7 600.2 583.3 561.2 541.9 523.9 503.4 475.9 460.1 436.9 404.9 378.3 376.9 398.4 437.7 477.1 511.1 545.9 572.6 600.2 635 656.8 667 675.9 684.5 692.9 700.3
312.1 312.1 317.8 332.6 348.2 365.6 384 405.9 417.4 423.3 428.6 435.7 439.7 439.7 440.4 440.4 449.6 458.2 466.8 475.1 482 488 495 500.3 502.9 503 503.2 502.7 499.5 494.6 489.4 481.9 474.5 470.2 468.5 468.6 474 481.2 488.9 497.3 507.2 518.1 529.2 542.1 556.6 570.8 588.4 608 625.4 632.8 629 615.7 599.6 581.8 560.3 542.6 528.1 511.3 488.1 468.4 440.8 410.4 382.2 381.1 393.9 423.3 462.2 493 522.5 551.3 584.7 620.6 652.2 669.9 680.1 690.5 699.2 707.6
312.1 312.1 312.1 319.9 333.3 350.4 366.2 383.9 397.3 406.1 413.5 419 423.2 427.2 435.4 444.2 451.2 458.2 466.8 475.4 481.2 487.4 494.4 500.3 503.7 506.6 509.1 510.1 507.6 501.8 497 493.5 489.4 485.3 484.1 485.9 492.1 501.3 510.4 519.2 527.9 538.1 548.5 562.6 577 591.4 608.7 625.2 635.8 637.8 632.9 618.7 601.6 581.9 565.5 551.3 538.9 521.8 497.9 474.3 443.8 416 391.7 377.9 388.3 407.4 438 469.1 498.6 531.5 568.3 602.8 626.2 652.6 676.7 688.2 699.2 708.5
312.1 312.1 312.1 312.1 321.1 335.4 351.2 367.3 381.9 392.4 400.4 409.4 420.3 429.4 437 444.2 450.4 457.9 466.6 474.5 480.5 487.1 495.1 500.8 504.8 508.8 515.3 520.7 518.7 511.6 506.3 502.7 500.7 499.7 499.8 502.6 510.4 521.6 532.3 541.2 549.1 559.4 570.7 585.7 599.9 613.7 629.7 642 647.2 644.5 638.3 624.9 605.1 586.4 572.7 561.7 548.5 530.2 504.2 482.2 451.8 429.6 406.1 389.3 390.4 399.9 421.6 448.3 480.2 512.3 545.3 571.8 601.5 632.1 660.1 679.1 689.8 699.9
312.1 312.1 312.1 312.1 312.1 324.1 337.6 352.4 366.2 379.5 394.5 406.4 416.5 427 435.1 442.6 451 458.9 466.3 474.5 481.2 486.8 495.1 499.8 503.3 507.8 514.4 518.1 518.3 514.5 510.6 508.4 507.2 510.6 514 519.9 528.9 541.3 552.5 562.9 571.8 583.3 595.5 610.9 624.1 636.8 649.6 657.2 659 654.1 645.9 632.7 612.7 595.4 581.7 570.9 558.2 541.6 513.9 491.1 461.6 439.3 419.2 400.1 388.2 398.3 407.9 428.1 459.8 488.6 514.5 546.5 573.9 604.9 634.2 654.5 658.6 677.5
312.1 312.1 312.1 312.1 312.1 312.9 326.7 334.4 351.3 369.8 386.5 400.5 412.1 422.6 431.6 440.7 449.3 457.2 466.4 474.7 480.4 484.7 491.1 495.1 498 503.3 506 504.7 503.6 504 506.4 509.4 512.5 516.7 521.5 531 541.7 551.1 562.2 574.3 587.5 602 616.8 632.4 646.2 656.5 665.6 672.3 672.3 664.7 654.3 640.2 621 605.1 590.9 578.3 570 554.6 525.5 500.3 470.6 447.9 432.1 417.4 400.2 394.5 400.1 415.3 439.1 462.2 489.5 516.4 545.6 577.6 601.6 617.6 628.6 649
312.1 312.1 312.1 312.1 312.1 312.1 313.8 324.7 337.9 353.6 374.2 393.8 408.7 419.9 429.3 437.3 443.7 453.8 463.5 473.3 477.5 481.6 485.8 485.7 487.4 488.3 485.7 483.4 483.4 487.6 495 502.9 510.3 516.8 525.7 536.7 546.2 556.2 567.2 578.8 593.3 609.6 626.5 642.4 656.8 668.4 677.8 684 683.6 673.5 660.1 645 629 615.8 602.4 591.6 581.7 563.3 539.9 512.1 482.6 457.2 443 427.7 410.8 399.7 398.9 409.4 422.9 440.3 464 489.6 516.9 544 569.3 579.2 600.3 614.8
312.1 312.1 312.1 312.1 312.1 312.1 312.1 315.4 327 340.8 359.1 381.4 400.5 415.3 423.7 432.2 440.3 452.9 458.8 466.4 470.5 475.2 474.9 470.6 468.5 465.4 460.9 458.5 460.1 468.6 480.2 492.8 503.2 513.3 525.6 535 543.7 551.7 558 571.7 589.8 609.9 628.8 645.7 660.5 672.2 678.9 683.2 684.5 675.3 661.6 647.7 635.4 624 614 604.6 595.3 581.4 557.2 526.9 495.8 469.2 453 436.3 419.5 403.9 399.1 402.5 413.3 424.2 443.1 463.1 487.5 511.4 532.8 547.4 567.1 582.2
312.1 312.1 312.1 312.1 312.1 312.1 312.1 312.1 317.7 329.5 342.5 362.3 385.3 403.6 414.2 424.1 434.6 444.8 448.6 455.5 459.2 460.6 454.9 449.7 445.8 440.6 435.7 435.7 445 456.5 468.6 481.2 494.5 504.3 514.8 520.9 525.6 529.7 539.2 556.4 579.2 601.2 622.6 640.7 651 653.3 653.6 655.5 653.8 650.6 646.6 644 636.8 628.7 621.2 613.5 603.6 592.9 573.7 542.9 511.6 484.8 464.9 444.4 427.2 412.3 403.9 402.9 411.2 420.3 434.5 452.2 464.8 480.1 496.1 517 534.6 555.8
312.1 312.1 312.1 312.1 312.1 312.1 312.1 312.1 312.1 318.5 330.6 343.5 362.9 385.1 401.3 411.9 420.1 426.1 433 437 438.6 437.2 432.9 428.1 422.7 417.7 417.7 426.3 434.2 449.4 461 474 485.4 491.3 495.4 497.9 500 505.8 521.1 543.1 566.1 589 607.6 619.4 621.2 620.4 620.9 621.3 619.6 617.7 618.9 619.7 620.8 619.5 615.4 608.4 605.6 597.4 587.1 561.9 530.7 503.1 478.9 456.3 436.6 420.4 410.4 403.7 405.9 412.6 422.6 435.5 449 455.8 466.8 486.1 505.9 529.8
312.1 312.1 312.1 312.1 312.1 312.1 312.1 312.1 312.1 312.1 319.8 331 345.2 363.1 378.4 390.3 399.6 406.6 412.7 413.3 412.5 411.8 410 407.4 402.8 401.1 405.7 419 432 444.5 455.5 465.6 472.1 470.5 472.1 473.3 476.7 485.7 507.3 530.5 553 572.5 584.2 588 587.2 586.6 586.3 586.3 585.2 585.2 587.1 589 590.7 591.1 592.7 594.8 598.1 598.1 595.1 581.6 554 522.2 494 471.3 448.2 432 418 409.2 409 412.6 413.7 418.1 424.9 437.2 446.2 463 480.9 503.6
314.3 312.1 312.1 312.1 312.1 312.1 312.1 312.1 312.1 312.1 312.1 319.3 330 344.1 357.7 370.9 379.8 385.6 390.6 391.8 391.4 392.5 391.9 389.4 385.4 389.9 402.6 413.9 424.5 435.3 446.5 452.6 452.4 448.1 447.7 450.1 454.8 474.3 495.2 518.3 537 548.1 552.9 554.1 552.3 551.6 551.7 551.3 550.8 551.5 554.5 558.2 564.3 570.6 579.8 587.4 595.1 600.8 599.3 590.8 574.4 544.1 513.3 487.6 462 442.4 427.6 417.6 413.3 413.6 414.7 416 418 425.1 434.2 446.8 460.2 479.5
317.5 312.1 312.1 312.1 312.1 312.1 312.1 312.1 312.1 312.1 312.1 312.1 316.5 327.4 338.4 349.8 359.4 366 369.9 371.5 373.5 374.9 373.8 372.4 369.4 380.9 390.9 399.9 409.1 419.3 427.5 431.7 430.7 426.9 427.9 430.9 444.6 463.2 481 497.7 509.8 516.5 519.4 519.8 518.2 517.7 516.9 516.5 517.9 521.6 527.7 536.8 548.6 562.3 578 589.3 599 604.8 602.2 594.3 586.2 567 535.7 505.7 480 459.5 440.1 428.1 423.2 417.6 415.4 417.7 418.3 421.4 424.4 432.7 448.1 463.2
318.3 312.1 312.1 312.1 312.1 312.1 312.1 312.1 312.1 312.1 312.1 312.1 312.1 317.1 323.9 331.2 338.9 346.4 351.7 353.5 355.3 357 357.1 355.9 359.3 365.1 371.4 379.5 389.2 397.5 403.1 407.8 408.5 408.6 410.4 417.4 431.7 446.3 457.7 469.6 478.1 483.5 486.3 486.2 484.7 484.6 484.9 485.9 491.6 503.6 518.6 533.7 548.7 565.2 582.4 597.5 606 608.9 604.9 598.3 593.3 582.3 557.3 525.7 498 473.9 455.2 440.8 436 430.7 419.4 420.4 419.9 421 426.3 428.8 436 449
314.5 312.1 312.1 312.1 312.1 312.1 312.1 312.1 312.1 312.1 312.1 312.1 312.1 312.1 313.5 318.3 323.4 330.3 334.7 335.6 335.3 337.5 339 339.9 343.4 347.8 353.9 360.4 368 374.4 380.6 386.3 390.4 392.5 394.2 403.7 413.7 424.7 434 442.1 448.7 453.7 455.4 455.1 455.7 455.8 458.5 474.6 492.8 509.1 525.6 542 559.9 578.3 595.9 609.2 615.2 613.4 608.5 602 598.1 591.6 576.3 547.4 518.7 493.7 472.8 457.1 448 440.7 432.5 430.6 423.5 422.8 429.7 429.9 429.8 438.6
313.3 316.1 314.4 312.4 312.1 312.1 312.1 312.1 312.1 312.1 312.1 312.1 312.1 312.1 312.6 314.2 315.7 317.9 319.4 321.5 322.4 324.5 327.8 329.5 331.4 333.6 338.7 345.4 351.8 357.5 364.5 370.8 375.7 378.1 382.8 389.5 395.7 403.3 410.4 418 424.4 427.9 429.8 427.7 436.2 449.7 467.5 486 503.4 520 538.1 557.4 576.2 595.1 613 622.7 621.9 617.7 611.8 604.9 602.3 597.8 590 570.3 543.9 515.9 492.7 471.8 460.2 451.5 446 444.4 439 430.2 431.4 430.2 430 433
312.7 319.1 317.8 317.4 313.2 312.1 312.1 312.1 312.1 312.1 312.1 312.1 312.1 312.1 312.1 313.6 315.5 317.1 319.8 323.6 329.5 337.5 342 344.8 344.1 343 341.4 340.7 342.4 347.3 353.5 358 362.1 365.6 368.7 373.4 378.3 384.1 391.4 397.6 402.7 406.4 412.8 432.3 446.9 463.1 480.4 499.3 516.6 534.9 554.6 575.2 596.5 616 630.5 634.5 627.8 621.7 616.1 608.5 604.8 603.1 600.1 593 570.3 535.2 512.2 493.1 475.9 467.7 465.8 457.8 457.6 440 431.9 430.7 432 431.2
