Assets/StreamingAssets/GeoData/Data/nt/NT16.asc
ncols 200
nrows 200
xllcorner 310000
yllcorner 660000
cellsize 50
[rows 70 to 104 of 200, columns 0 to 77 of 200]
177 177.4 178 178.2 178.4 179 179.6 180.3 181.1 181.4 181.5 181.7 182.1 182.3 182.4 182.6 181.7 178.6 180.5 183.8 184.3 184.3 183.8 183.3 183.4 181.6 181.7 182.1 182 181.4 180.5 179.1 177 175.2 177.3 177.2 178.9 177 180.1 181.6 181.3 181.1 180.5 178.9 179.1 179.3 179.4 179.9 177.1 173.1 176.2 178.1 179.2 181.3 183.2 188.9 213.4 233.4 219 221.8 228.3 231.6 233.5 232.8 228.9 219.2 212.2 208.6 201.2 197.7 195.2 191.6 188.3 186.2 184.5 182.9 182 181.5
178.1 178.3 179 179.7 179.3 179.4 180.2 180.7 181.2 181.2 181.1 181.1 181.3 181.4 181.3 180.3 179.4 178.6 181.8 183.1 183.2 183.2 184.2 184.9 183.9 181.9 182 182.6 182.6 181.8 180.3 179.1 179.6 180.7 180.9 181.4 182.3 182.4 182.8 182.3 181.4 181.1 181.3 180.5 181.2 182.4 182.8 182.1 179.1 175.2 178.1 179.1 180.5 183.1 186.6 191.4 197.4 203.4 208.7 216.4 223.3 226.1 228 228.3 223.8 218 212.1 206.3 198.8 194.1 190.8 187.7 184.5 183.9 182.7 181.8 181.1 181.1
178.8 179 179.1 179.1 178.7 178.8 179.1 179.3 179.3 179 179.1 178.9 178.6 178.7 180.1 179.5 180.3 182.1 182.5 183 183.5 184.2 184.5 185 184.3 182.1 182 183.1 182.1 181.2 181.1 182.5 183.9 183.7 183.5 183.4 183.6 183.8 183.1 182.3 181.4 181.2 181.4 181.5 181.7 181.9 181.7 180 176.6 178.7 181.3 183.4 184.3 185.6 187.1 187.7 193 199.1 203.7 210.2 215.4 217.9 219.7 220.6 219.5 215.2 210.5 203.3 196.1 190.8 186.5 183.9 182.4 181.5 181.3 181.2 181 180.9
178.3 178.5 178.3 178.3 178.1 178.6 178.5 179 179.2 180.1 180.7 181.4 181.2 181.9 183.1 180.7 183 183.6 183.8 183.9 183.7 183.3 183.4 183.4 183.4 182.3 182.8 183.7 182.9 182.4 183.2 184.6 184.5 184.5 184.1 183.5 182.9 182.6 182.2 181.9 181.7 181.5 181.9 182.1 181.8 181.8 182.2 180.9 177.3 181.1 184.2 184.1 184.7 187.1 188.4 188 187 190.9 200.9 206 208.9 211.5 211.8 213.4 213.4 210.2 206.5 198.9 192.5 187.5 184 182 181.5 181.3 181.1 181.1 181.1 181.1
177.7 177.9 177.8 177.9 178.3 178.9 179.5 180.1 180.9 181.7 182.3 182.8 183.1 183.7 183.6 181 183.9 184.1 184.2 183.7 183.6 183.7 183.4 183.4 183.3 183 183.8 184.5 184.6 183.8 182.8 183.1 184 184.9 184.9 184.4 183.1 182.6 182.6 182.9 182.4 182.1 182 181.9 181.6 181.6 181.7 180.8 178.7 184.5 187.5 187.1 186.1 186.7 189.2 189.4 189.9 189.5 187.7 187.7 190.5 197.4 205.3 207.2 207.7 205.2 200.9 192.8 187.3 183.8 182.1 181.5 181.3 181.1 181.1 181 181.1 182.2
176.2 177 178 178.4 179.3 180.1 181.2 181.7 182.5 183.3 183.8 184.3 184.8 184.4 183.2 182.5 184 184.1 184.1 184.4 184.8 184.5 184.9 185 184.8 184.8 185.6 186.2 186.2 185.6 185.6 185.4 182.5 184 185.7 185.1 183.4 182.3 182.8 183 182.5 181.6 181.1 181 180.3 179 178.5 178.5 182.3 185.4 186.9 187.9 188.3 186.5 189.3 189.6 189.5 188.1 187.8 187.1 185.5 186.4 187.9 190.7 194.3 193 188 185 183.5 182.3 181.7 181.5 181.4 181.3 181.2 182 183.4 183.3
176 178 178.9 179.9 180.9 181.8 182.7 183.3 184 184.5 184.7 184.9 185 182.8 183 184 184.6 185 185.3 185.3 185.3 185.6 186.2 186.3 186.1 186.5 187 187.4 187.4 187.1 186.9 186.6 185.2 183.3 185.5 184.8 183.2 181.8 182.5 182.3 181.8 181.2 181.3 181.2 179.8 182.7 182.4 183.7 186.3 187.7 188 189.4 189.1 186.9 188.6 189 188.4 188 188.3 187.9 185.7 184.8 184.7 184.8 184.4 184.1 183.6 183.4 183.4 182.4 181.8 181.8 181.8 181.9 181.8 181.6 181.6 182.1
177.2 179.7 180.7 181.7 182.5 183.1 183.8 184.5 185 185.3 185.4 185 183.7 183.1 184.5 184.9 185.5 186 185.7 185.7 186.5 186.9 187 187 187 187.2 187.5 188.1 188 187.6 186.6 185.9 184.5 183.8 183 182.6 182.1 181.7 181.9 181.5 181.1 180.9 181.1 181 181.2 185 186.5 187.7 188.6 188.9 187.6 187.2 186.8 186.5 186.7 186.8 186.2 189.4 190 189.3 188.3 186.2 184.8 185.3 185 184.5 183.9 183.1 182.5 182.1 182.2 182.4 182.6 183.2 182.6 182.8 182.2 181.4
179 179.1 182.3 183.3 183.7 184.3 185 185.5 185.6 185.3 184.3 183.7 184 184.7 186 186.3 186.5 186.6 186.9 187.4 187.9 188.6 188.4 187.8 187.7 187.8 188 188.5 188.5 188 187 185.8 185.6 184.9 183.2 183.3 183 182.4 181.4 181.2 180.6 180.5 180.3 180 182.3 183.2 185.2 185.4 186 187.6 188.4 188.9 188.8 189.5 190.2 188.3 186.1 187.9 189 188.8 188.6 188 186.4 185.4 185.9 184.7 183.6 182.6 182.5 182.5 182.9 182.9 183.1 183.4 182.9 182.5 182.3 182.4
179.1 180.1 183.1 183.7 184.1 184.4 184.3 184.2 184.1 184.5 184.6 185.5 186 186.7 187.5 187.8 188.3 188.6 189.4 190.1 190.1 190.1 189.5 188.8 188.4 188.3 188.5 188.9 188.8 188.1 187.3 186.7 186.4 185.7 183.9 183.5 182.4 181.8 181.8 183.6 182.7 182.3 183.5 183 184.4 185.4 186.6 188.9 190 191.1 191.8 192.6 193 192.9 192.3 191.1 189.2 185.4 187.5 188.6 188.2 187.4 187.8 186.5 184.1 183.2 183.2 183.8 183.9 183.9 183.5 183.4 182.4 182.5 183.3 184.6 185 184.2
178 180.3 182 183.4 183.6 183.8 184 184.5 185.1 185.4 186.3 187.2 188 188.6 189.5 190.1 190.3 190.9 191.6 192 191.5 191.1 190.5 189.5 188.8 188.5 188.7 188.8 188.6 187.9 187.2 186.9 186.9 186.2 184.6 186.7 186.5 186 186 185.7 185.4 185.6 186.4 186.1 186.7 187.2 187.8 188.9 190.3 191.4 192.5 193.2 193.5 193.5 193.3 193.4 191.1 189.2 186.1 185.5 185.3 184.7 184.5 183.9 184.5 186 185.8 185.4 185.1 184.9 184.6 184.9 185.7 186.6 186.1 185.6 185.2 184.1
179.7 182.3 182.9 183.3 184 184.2 184.8 185.5 186.2 187.1 188 189 190.2 191.3 192.4 192 192.4 193.3 193.4 192.8 191.7 191.1 190.2 189.5 189.1 188.7 188.7 188.6 188.4 187.8 187.2 186.5 186 186.5 187.7 188.1 188.4 187.5 187.4 187.3 187.2 187.2 188 188.1 188 188.6 189.2 189.8 190.6 191.7 192.6 193.2 193.8 193.9 194.1 194.2 193.9 192.1 191.6 189.9 189.4 189.1 187.7 188.4 189.1 188.2 187.4 186.4 186.7 187.5 187.7 187.8 188 186.9 186.5 185.9 185.2 185.8
183.1 184.6 184.3 184.6 185.2 185.5 186.1 187.1 187.9 188.8 190.1 190.9 192.3 194.7 195.4 194.5 194.8 195.4 194.7 193 191.3 190.6 190.2 189.8 189.5 189.1 188.8 188.9 188.9 188.9 188 187.3 187.8 188.6 189.2 189.2 188.8 188.7 188.7 188.7 188.6 188.9 189.7 189.9 190 190.2 190.6 191.2 191.7 192.3 193 193.7 194.4 194.5 194.6 195 194.7 194.5 194 193.7 192.6 191.7 190.5 188.8 188 188 189 189.2 189.1 189 188.9 188.5 187.1 186.9 186.5 185.8 186.2 187
184.4 185 185.5 186 186.4 186.7 187.4 188.6 190.1 191.4 192.7 193.2 194.5 196.8 197.8 197.1 196.8 196.3 195.1 193.5 192.2 191.2 190.5 190.2 189.8 189.6 189.4 189.5 190 190.2 189.4 188 189.1 189.1 189.7 189.7 189.5 189.6 189.7 189.8 189.9 190.7 191.4 191.8 191.9 192 192.1 192.3 192.8 193.3 193.9 194.5 195.1 195.3 195.6 195.9 195.5 195.1 194.7 194.2 193.6 192.8 191.7 190.8 190.5 190.3 190.6 190.4 190.1 189.5 189 187.8 187.5 187 186.7 186.8 186.3 186.1
185 185.9 186.4 186.8 187.2 187.6 189.4 189.9 191.2 193.1 194.1 194.3 196 196.8 197.1 196.6 196.2 195.6 194.7 193.7 192.6 192 191.4 190.9 190.5 190.2 190.1 190.3 190.4 190.4 189.4 189.2 189.5 189.6 189.7 190 190.2 190.5 190.6 190.8 191 192 192.8 193.4 193.6 193.9 193.9 193.8 194.1 194.5 195.1 195.7 196.1 196.4 196.7 196.7 196.4 196 195.5 195.1 194.5 193.9 193 192 190.5 190.8 191.2 191 189.7 188.9 187.8 186.8 186.5 186.9 187.3 186.8 186.2 185.7
186.2 186.7 187.2 187.6 188 188.6 190.2 191.1 192.7 194.3 195.2 195.4 195.9 196.5 196.6 196.5 196 195.4 194.7 193.9 193.4 192.9 192.3 191.8 191.4 191.1 191 190.6 190.4 190.4 189.8 189.5 190.3 190.5 190.6 190.7 191.6 192 192.3 192.8 193.2 193.7 194.4 195 195.4 195.7 195.9 195.6 195.7 196 196.4 196.8 197.1 197.4 197.7 197.5 197.4 196.9 196.5 196 195.6 195.1 194.5 193.6 192.5 190.3 190 189.6 190 189.7 188.9 187.9 187.5 187.4 187.1 186.2 185.3 181.5
187.2 188 188.4 189.3 190.1 190.2 191.3 192.6 193.9 195.4 195.9 195.7 196.3 196.9 197.2 197 196.4 195.8 195.2 194.5 194.1 193.7 193.2 192.8 192.4 192.2 192 191.5 191.1 191 190.1 191.1 191.5 191.7 192.1 193 193.6 194.1 194.5 195.1 195.3 195.5 196.1 196.7 197.2 197.6 197.5 197.4 197.4 197.4 197.4 197.8 198.2 198.6 198.5 198.3 198.1 197.6 197.1 196.6 196.1 196 195 194.6 193.5 191.1 190.7 188.8 189.1 189.1 188.6 188.1 187.5 187.2 181.1 179.7 179.5 179.5
187.7 189.7 190.6 191.3 192.1 191.8 191.6 193.1 194.4 196 196.4 196.1 196.7 197.1 197.3 197.1 196.6 196.2 195.8 195.4 194.9 194.5 194.1 193.8 193.4 193.2 192.7 192.4 192.1 192.1 191.5 193.1 194.1 194.1 194.7 195.4 196.1 196.7 196.9 197.2 197.7 197.9 198 198.5 199 199.1 199 198.8 198.6 198.6 198.7 198.8 199.1 199.4 199.3 199 198.8 198.2 197.7 197.2 196.7 196.5 195.6 195.1 193.5 192.5 192.3 190.3 189.5 188.4 188.3 187.3 187.4 187.8 180.8 180.9 181.1 180.2
184.6 189.9 191.5 191.6 191.9 191.6 192.9 194.1 195.2 196.5 196.8 196.3 197 197.4 197.5 197.3 197.7 197.7 197.7 197 196.8 196 195.3 194.9 194.4 193.9 193.5 193.1 191.7 194.6 195.6 195.8 196.4 196.8 197.4 198 198.6 199 199.2 199.4 199.8 200.2 200.4 200.5 200.6 200.6 200.5 200.3 200 199.8 200 200.1 200.3 200.4 200.3 200.1 199.7 198.8 198 197.3 196.9 196.2 195.6 194.6 194 193 192.6 191.3 190.9 189.4 188.9 188.2 186.9 186 181.1 181.4 182.3 182.3
187.9 187.1 189.7 191.8 192.5 193.6 194.4 195.3 196.3 197.4 197.7 197.1 197.5 197.8 198.2 198.3 198.9 199.5 199.3 198.3 197.6 196.9 196 195.4 194.7 194.6 193.8 194.2 196.7 197.7 198.3 198.3 198.8 199.2 199.5 199.9 200.3 200.7 201 201.3 201.7 202.2 202.6 202.7 202.5 202.4 202.3 202.2 201.8 201.5 201.5 201.5 201.5 201.5 201.4 201 200.4 199.6 198.8 198.5 197.7 197.1 195.9 195.2 194.6 194.2 192.8 192.3 191.4 190.2 188.8 189 188.4 187.5 184.5 180 183 182.8
191 186 189.8 192 193.6 194.7 195.7 196.5 197.7 198.3 198.6 198.2 198.8 199.2 199.3 199.4 199.5 199.6 198.9 198.4 198.1 197.4 196.4 195.2 194.4 194.5 195.7 198.1 199.4 200 200.4 200.9 201.2 201.4 201.4 201.8 201.9 202.3 202.7 203.1 203.6 204.1 204 204.3 204.2 204.1 204 203.8 203.4 203.1 203 203 202.7 202.6 202 201.6 201.1 200.3 199.6 198.7 197.7 197 196.3 195.6 195.1 194.5 193 192.8 192.2 190.7 189.4 188.4 188.2 187.4 186 183.5 180.4 185.5
192.3 192.3 188.8 192.9 194.8 195.8 196.8 198.2 198.7 199.1 198.9 199.5 200 200.4 200.4 200.5 200.6 200.2 199.8 199.8 198.7 197.3 196.1 197.7 198.9 199.2 200.4 201.2 202 202.4 202.8 203.2 203.3 203.5 203.4 203.8 203.9 204 204.4 204.8 205.3 205.7 205.5 206 205.9 205.9 205.8 205.5 205 204.7 204.5 204.3 203.9 203.3 202.6 202.1 201.4 200.9 199.5 197.7 197 196.5 196 195.4 195.2 193.7 192.9 192.6 192.1 191.2 190 189.1 188.4 188.3 186.3 181.5 186 188.1
193.4 193.5 188.4 194.8 196.6 197.4 199.1 200.6 199.9 201.2 201.4 202 202.1 201.9 201.6 201.6 201.2 200.6 200.2 199.2 197.7 199.6 201.4 202.1 202.5 203.1 203.8 204.4 204.9 205.2 205.6 205.5 205.5 205.6 205.6 205.8 206.1 206.2 206.7 207.1 207.6 208 208 208.1 208 208 207.8 207.1 206.6 206.2 205.9 205.4 204.8 204.2 203.3 202.7 202.1 199.9 198.3 197.3 196.6 196.1 195.6 195.3 194.2 193.5 192.9 192.4 191.8 191 190.3 189.6 189.4 189.1 182.2 185.8 189.2 189.9
196.1 195.2 190 195.3 198.1 199.5 201.1 201.5 202.6 203.7 203.4 203.8 203 202.5 202.4 202 201.3 200.6 199.7 199.4 201.7 204.2 205.5 206.1 206 206.6 207.2 207.8 208.4 208.9 208.6 208.2 207.8 207.5 208 208.2 208.7 209.1 209.6 210 210.4 210.3 210.3 210.4 210.2 210.1 209.7 208.9 208 207.5 207 206.6 205.7 204.8 203.6 202.3 200.5 199 197.8 196.9 196.2 195.8 195.3 194.9 193.9 193.4 192.8 192.3 191.7 191.1 190.4 189.9 189.7 188 184.1 187.4 190.1 190.9
197.3 197.2 191.7 195.1 199.3 200.5 201.2 202.5 203.9 204.6 204.2 204.1 203.5 203.5 203.3 202.9 202 201.2 202.4 204 205.8 207.2 208.1 208.9 209.4 210.5 211.3 211.4 211.8 211.7 211.3 211 211 211.2 211.6 211.6 211.9 212 212.3 212.2 212.3 212.4 212.4 211.9 211.6 211.1 210.3 209.2 208.5 207.9 207.2 206.4 205.3 204.7 202.9 201.2 199.7 198.7 197.6 196.7 196 195.5 194.9 194.4 193.8 193.3 192.9 192.3 191.8 191.4 190.8 190.3 190.3 186.9 185.8 189 190.7 191.6
198.8 198.1 192.2 195.2 200.6 201.6 202.7 204 204.9 205.3 204.8 204.4 204.9 205.3 205.7 204.4 203.4 205.2 206.9 207.9 209.1 210.9 211.9 213 214.4 215.6 215.6 215.7 215.7 215 214.7 214.7 214.8 215 215 214.5 214 214.1 214 213.8 213.3 213.4 213 212.6 212 211.1 210.1 209.3 208.3 207.3 206.6 205.7 204.7 203.1 201.7 200.2 199.2 198.3 197.4 196.6 195.8 195.5 195.1 194.6 194 193.6 193.5 193.3 192.8 192.3 191.7 191.2 185 183.9 186.4 190.2 192 192
199.7 199 192.4 198.2 201.4 202.6 203.9 205.2 205.7 205.7 205.7 206.4 206.4 206.2 205.4 206.3 207.7 209.4 210.9 212.3 213.7 215.2 216.8 218 219.3 220.1 220.2 219.8 219.6 218.9 218.3 218.4 218.3 217.6 217.2 216.4 216 215.6 214.8 214 213.3 213.7 213.4 212.9 211.8 210.8 209.6 208.5 207.4 206.7 206.1 205 203.1 201.9 200.7 199.7 198.7 197.8 197.1 196.6 195.8 195.4 195.4 194.7 194.1 194.1 194 193.8 193.6 192 192.1 189.9 184.8 183.9 188.9 192 192.3 192.3
198.7 194.7 197.2 200.8 202.3 203.3 204.7 206.1 206.4 206.4 207.7 207.8 207.2 206 207.8 209.6 210.8 212.2 213.5 215.9 217.8 219.5 220.9 221.9 222.1 222 222.2 221.5 221.2 220.7 220.2 219.7 218.9 218.2 217.4 216.6 216.1 215.4 214.5 213.8 213.1 213 213 212.3 211.4 210.2 208.8 207.6 206.6 206.3 205.1 203.2 202.1 201 200 199 198.1 197.4 196.7 196.2 195.7 194.8 194.6 194.5 194 191.2 190 190.8 187.6 187.6 187.1 186.5 183.9 185.3 188.5 192.3 193 192.9
195.8 197.9 201.5 202.4 203.9 205 205.7 206 206.8 208.3 208.4 207.6 208.2 210.1 212.5 213.5 214.5 215.9 218.5 220.6 222.7 223.8 224.4 224.2 223.6 223.6 222.7 222 222 221.3 220.6 219.8 218.9 218.3 217.9 217.3 216.4 215.3 214.5 213.6 212.8 212 212 211.8 210.9 209.3 207.6 206.7 205.8 204.7 203.5 202.1 201.2 200.3 199.4 198.7 197.9 197.3 196.3 194.8 193.6 192.7 191.3 192.9 191.9 188.5 187.7 186.7 186.2 184.8 184.7 184.7 184.8 186.3 190.7 191.2 193.2 193.6
201.3 201.8 202.7 204.8 205.8 206.9 207.6 208.4 209.9 209.8 209.3 211.9 214.1 215.6 216.9 218 219.1 221.4 223.8 225.8 226.6 226.2 225.8 225.8 225.3 224.6 223.6 222.6 222.6 221.7 221.3 220.5 219.8 219.3 218.6 217.8 216.9 216 215.1 214.1 213.2 212.5 211.7 211.9 210.2 208.9 207.7 206.4 205.2 204.7 203.8 202.5 201.5 200.6 199.8 198.8 197.8 196.6 196.3 194.9 193.4 192.5 190.4 189.5 188.3 187.6 186.5 186.2 187.8 186.8 186.3 187.3 187.4 190 191.5 192.5 193.2 193.7
204.5 204.8 204.7 206.7 207.9 208.6 208.9 210.1 210.8 212.4 215.2 218.4 219.1 220 222.3 223.3 225.1 226.6 227.4 227.8 227.2 227 226.9 226.9 226.6 225.6 224.3 223.2 222.9 222 221.8 221.4 220.5 219.6 218.8 218 217.1 216.1 215.4 214.5 213.6 212.2 211 210.8 211.3 210.4 209.1 207.8 206.4 205.5 204.6 203.6 202.1 201 200.1 199.2 197.6 195.9 194.2 194.1 192.8 191.4 190.2 187.1 187.5 188 188.4 188.2 189.6 190.9 190.9 192.1 192.2 192.3 192.8 193.9 193.7 194.8
206.4 206.2 207.1 208.3 209.5 210.6 211.3 211.5 213.9 216.3 219.9 221.2 221.8 224.3 226.7 227.7 228.2 228.3 228.7 228.3 227.7 227.3 226.7 226.4 226.2 225.8 224.8 224 223.2 222.6 222.5 222.6 221.4 220.5 219.6 218.6 217.7 216.4 215.6 214.8 213.8 212.8 211.9 211.6 212.2 211.1 209.7 208.5 207.1 205.6 204.6 203.7 201.7 198.6 197.4 194.7 194.9 192.5 192.1 192 190.8 189.7 188.7 188.8 188.9 189.7 189.5 190.2 191.6 193 193.6 193.8 193.9 193.9 194 195.2 195.2 197.9
207.3 208.4 209.9 211.1 212.2 213.4 214.1 215.1 217.4 220.5 223.4 224.6 227.2 229 229.7 230.1 230 229.5 228.9 228.5 227.7 227.1 226.6 226.2 225.7 225.4 225 224.5 224.1 223.9 223.4 223.4 223.3 222.2 221.3 220.1 218.9 217.7 216.6 215.2 214.3 213.4 212.6 211.9 211.3 210 208.6 207.5 206.4 204.9 203.3 199.2 197.4 194.9 193.1 192.3 194 192.7 192.2 190.6 189.9 188.6 189.5 189.9 190.4 191.8 192.9 193.1 194.3 194.9 195 195.2 195.6 195.6 196 196.5 197 201.5
210.7 212 213.7 214.4 215.6 216.7 217.6 219.9 222.4 225.6 227.8 229.7 230.9 232.1 231.9 231.4 230.6 229.8 228.9 228.1 227.5 227 226.6 226.2 226.2 226.2 226.3 226.4 226.4 225.9 225.2 224.5 223.5 222.7 221.2 220 218.8 217.9 216.9 215.8 214.8 213.7 212.4 211.3 210.3 208.9 207.4 206 201.7 194.7 195.3 195 194.4 193 192.8 192.1 191.2 192.6 192 190.2 188.9 191.1 191.2 192.9 193.7 194.3 194.8 195.3 196 196.4 196.6 197 197.3 197.6 198.3 199 199.4 198.8
214.2 216 218.1 219.5 220.6 222.6 223.6 225.9 228.1 230.3 232.3 233.7 234.5 234.7 233.6 232.3 231 229.9 228.7 228.1 227.7 227.5 227.6 227.8 227.9 227.7 228.2 228.6 229.1 228.8 227.5 225.7 223.2 220.8 219.4 218.5 217.5 216.6 215.6 214.6 213.5 212.6 211.6 210.5 209 207.5 205.9 204 194.9 195.8 196.2 195.6 194.5 193.6 193.3 192.8 190.8 191.9 189.8 190.6 193.4 195.4 195.3 195.8 195.7 196 196.4 196.9 197.6 198 198.2 198.6 199.3 200.1 200.8 201.5 202.4 201.1
