Assets/StreamingAssets/GeoData/Data/nt/NT18.asc
ncols 200
nrows 200
xllcorner 310000
yllcorner 680000
cellsize 50
[rows 0 to 37 of 200, columns 0 to 85 of 200]
142.8 143.4 143.5 143 141.3 140.7 137.9 139.9 145.8 150.2 143.4 141.8 138.7 139.7 145.2 150.3 155.2 159.7 163.9 163.2 161.6 162.3 162.4 161.3 160.1 158.8 158 157.5 156.8 155.8 154.1 152.4 151.9 152.6 153 153 152.4 151.4 150.8 150.7 150.4 150.7 150 150.2 152.4 152.2 152.3 152.7 153.5 154.9 155.7 156.7 158.3 159.5 159.7 159.5 160.4 161 161 161.5 161.4 156.2 155.1 160.4 161.8 163.6 169.4 186 199.1 204.5 207.8 211.9 214.8 216.4 218.4 220.6 216.3 210.2 201.7 193 184.2 173.6 165.4 160.2 157.3 155.2
138.9 140.1 140.8 140.2 140.6 139.4 137.3 143.4 141.5 144.3 143.1 140.1 136.8 137.9 142.6 147.8 151.9 156 160.1 161.1 157.3 157.5 157.1 155.4 153.2 151.7 150.6 151.6 151.1 150.8 149.7 148.1 148.1 148.2 148.3 148.5 147.8 147.4 148.2 148.1 148.4 148.6 147.7 148 148 148 148.5 149.7 150.7 151.3 151.9 152.6 153.8 154.9 155.1 155.6 156.5 157.2 157.5 157.3 157.3 150.9 156.2 159.5 161.6 163.5 166.5 171.9 179.1 185.3 192 197 200.2 202.2 203.1 202.4 200.6 192 182.2 173.2 164.1 156.9 155.2 154.2 153.4 152.9
135.6 136.5 137.2 136.6 137.5 136.4 141.7 141.5 139.8 140.7 140.5 138.7 135.7 136.6 141 145 149.1 151.4 155.2 155.4 153.2 152.8 152.9 152.5 151.2 156.9 160.1 148.7 146.2 146.2 144.8 144.2 144.3 144.8 144.7 144.4 143.9 143.9 144.3 144.1 144.9 145.2 145.3 145.9 145.9 145.7 146.3 147.5 148.1 148.5 148.9 149.4 150.2 151.1 151.5 151.9 153.2 153.8 153.8 153.5 148.6 157.1 158.2 159 160.3 161.9 164.8 167.7 171.6 174.8 176.7 179.7 180.4 181.2 182.1 180.6 176.7 168.5 158.3 153.2 153.2 153.2 152.6 152 151.1 149.7
134.4 134.9 133.1 133.9 135.6 140 136.8 137.3 137.7 137.9 137.5 137.8 135.8 136.5 140 142.4 145.6 148.6 150.4 151.4 150.5 151.4 150.8 151 150.2 148.3 150.4 150.3 143.7 143.8 143.7 143.7 143.7 143.2 142.8 142.3 142.7 142.5 142.2 141.5 144 144.5 144.7 144.6 144.4 144.3 145 145.7 145.8 146.3 146.7 146.8 147 147.4 147.8 148.2 149.4 150.6 151.7 147.9 153.5 155.3 156.3 157.3 158.2 159 161.2 162.7 163.9 165.4 164.4 162.2 160 155.2 156.3 156.2 150.9 151.1 151.1 151 150.7 150.6 150.3 149.5 148.4 146.9
135.1 133.5 134.4 134 139 136.6 136.6 136.3 136.8 137.2 137.5 136 135.5 137.6 140.4 141.3 143.2 145.9 148.5 147.9 148 148.7 150 150.4 149.6 150.7 157.9 151.6 143.8 143.7 143.7 143.7 143.4 142.9 142.4 141.7 142.8 144.4 143.2 142 144 144.1 143.6 143.1 143.2 143.5 144 144.3 144.3 144.3 144.6 144.9 145.2 145.6 145.6 145 145.2 145.8 146.8 144.5 151.9 152.1 153.5 154.3 154.8 155.5 156.6 156.9 156.8 156.4 155.5 153.6 151.7 149.8 149 148.6 149 149.2 149.1 148.7 148.4 148.1 147.5 146.7 145.6 143.6
136.6 135.1 136.3 138.6 135.9 135.5 135.2 134.8 135.4 136.1 136.8 135.3 135.8 138.2 140.9 142.7 143.5 144.3 145.3 148 150.7 153.4 155.6 153.6 152.7 152.8 155.4 154.3 146.1 144.3 142.7 142.7 141.8 141.6 141.5 140.7 140.4 141.2 137.6 142.7 143.4 142.7 142.3 142.1 142.4 142.3 142.4 142.4 142.4 142.4 142.7 143 143.5 143.3 142.9 142.4 141.8 141.8 142.6 145.5 146.8 147.7 149.1 150.2 150.8 151 151.1 151 150.8 151 150.2 149.1 148.2 147.3 147 146.6 146.7 146.4 146.3 146 145.7 145.1 144.5 143.7 142.5 141.1
136.6 134.7 138.2 135.7 134.7 133.7 133.4 133.2 133.5 134.4 134 135.5 136.9 138.5 141.3 143.9 146.4 147.7 152 154.9 155.1 156.7 157.4 155.6 154.7 152.9 152.1 150.4 147.1 145.3 143.5 141.6 140.9 140.6 140.3 139.4 139.4 139.8 139.3 141.4 141.2 140.7 139.7 140.1 140.3 140 139.4 139.3 139.4 139.4 139.7 140.3 140.5 140.8 140.6 140.1 139.3 139.1 141.1 141.9 143.3 143.8 144.7 145.8 146.1 146.3 146.7 146.8 147.1 146.9 146.4 145.6 144.8 144.3 143.9 144.1 144.1 143.8 143.6 143.2 142.5 141.8 141.4 140.2 138.6 137.1
135.1 136.7 135.2 134 131.9 132 132.7 132.6 131.8 132.6 132.6 134.3 136.4 140.5 145.9 147.2 149.4 152 155.6 157.1 157.9 159.7 159.9 158.1 158.4 156.7 153.9 151.8 148.2 145.3 142.9 141.3 140.2 139.6 138.5 137.3 137 137.5 135.9 138.9 137.9 136.7 136.4 136.2 135.9 135.9 135.8 135.7 135.6 136 136.4 136.7 137.3 138 138.2 138.3 138 138.1 139.4 139.9 140.9 141.5 142.1 142.4 142.8 143 143.8 144.1 143.9 143.8 143.5 142.4 141.4 140.8 140.2 139.7 139.5 139.6 139.6 139.2 138.7 138.3 137.7 136 134.4 132.8
133.6 131.9 132 134.2 129.3 129.1 129.7 130.3 130.6 130.9 131.8 133.5 136.8 142.6 148.3 150.1 152.4 154.8 158 159.7 160.8 162.6 162.6 163.2 161.7 157.1 153.6 150.4 147.1 143.7 140.7 138.7 138.3 137.4 136.3 135.2 134.5 134.7 133.7 135.7 134.1 133.2 132.2 131.7 131.9 132.8 132.8 132.3 132.4 132.6 134.2 134.4 135.4 136.5 138 137.8 137.8 137.3 138.2 139.2 139.9 140.6 140.8 141.1 141.1 141.3 141.8 142.1 141.9 141.1 140 138.6 137 136.3 135.6 135.2 134.9 134.9 135 135 134.7 134.3 133.5 131.8 130.3 128.8
132.1 130.9 128.9 136.3 127.6 127.4 128.3 129.8 130.5 131 132.4 135.3 138.1 143.1 146.8 151.4 153.8 156.5 160.2 162.4 164.2 165.6 164.2 163.5 159.3 154.8 151.2 148.5 144.9 141.4 138.5 136.7 135.1 134.2 132.8 132.4 132.2 131.6 132.8 132.3 130.7 130.1 130.8 130.8 130.4 130.8 130.8 131.5 132.2 133.2 134.2 134.9 135.6 137.8 138.7 139.5 140 135.8 139.9 139.4 140 139.3 139.4 139.6 139.3 138.9 139.1 139.3 138.3 136.8 135.6 134.2 133 131.8 131.1 130.5 130 130 129.8 129.4 129.5 129 128.4 127.5 126.2 126.8
131.1 129.3 127.7 127.7 128.6 127.6 128.7 130.3 131.8 132.7 134 136.4 139.7 143 146.1 149.5 152.7 155.9 159.4 161.6 163.8 163.3 161 159.1 155.4 151.7 147.9 144.2 140.9 138.8 136.8 135.1 133.5 132 130.7 130.1 129.3 129 128.8 128.6 128.6 129.2 130 130.6 131.1 131.3 131.6 132.4 133.5 134.6 136.3 136.8 137.9 139.9 141.5 142 140.7 137.4 140.8 140.2 139.5 138.7 137.8 137.5 137 136.2 135.5 135.1 133.9 132.5 131.1 129.9 128.7 127.7 127 126.2 125.5 124.9 124.7 124.3 124.4 124 123.4 122.8 123.4 124.9
128.8 124.9 125.6 126.9 131.5 129.5 129.3 130.5 131.7 132.8 134 136.2 139.4 142.7 145.3 147.9 151.3 154.4 157.1 158.6 160.3 159.7 157.6 155.2 151.8 148.3 144.8 141.8 139.4 137.5 135.6 134.1 132.8 131.5 130 128.7 128.7 128.2 129.7 128.6 129.1 129.9 130.7 131.2 131.8 132 132.5 133.4 134.4 135.7 137.7 139.4 141 141.9 142.4 142.4 134.9 140.3 140.2 139.4 138.2 137 135.7 135.3 133.9 132.5 131.1 129.5 128.4 127.6 126.7 125.4 124.1 123.6 122.9 122.2 121.4 120.6 120.2 119.9 119.6 119.4 119 119.1 119.4 122.5
125.5 124.5 124.5 124.5 126.9 128.6 128.4 130.2 131.2 132.3 133.6 135.5 138 142.5 144.5 146.9 150.5 153.9 156.3 157.2 157.9 158 156.6 153.6 150.8 147.7 144.3 141.8 139.5 137.2 135.3 133.8 132.3 130.9 129.4 127.4 124.2 130 130.9 129.9 130.2 130.7 131.3 131.9 132.3 132.9 133.5 134.3 135.3 136.7 137.8 139.6 141.1 141 140.9 140.7 130.6 140.4 137.9 136.6 136.3 134.7 133 131.5 130.1 128.3 125.8 124 122.8 121.9 121.4 120.5 119.2 119.3 118.9 118.2 117.6 117 117.1 116.8 116.8 116.6 116.4 116.7 116.3 118.8
124.5 124.5 124.5 124.5 124.8 130.5 128.8 130.5 131.4 132.2 133.7 136 138.2 141.8 144.4 147.9 151.1 154.5 157.2 158.4 157.7 155.3 154.3 154 150.5 146.3 144 141.9 139.6 137.5 135.6 133.9 132.4 131 128.5 128.5 130.5 130.8 131 131.1 131.3 131.6 131.9 132.3 132.8 133.3 133.6 134.5 135.4 135.9 136.8 137.7 138.7 138.4 138 137.1 128.6 135.5 134.4 133.4 132.6 131.2 129.4 127.6 126.1 123.7 121 118.8 117.2 116.7 116 115.2 114.9 114.9 114.8 114.9 114.5 114 114.7 115.2 115.1 116.2 117 116.3 115.3 118.9
124.5 125.2 124.8 124.5 124.5 125.2 130.5 130.7 132.1 133.4 134.4 136.7 137.3 137.1 144.5 146.9 149.9 152.1 153.3 153 152.3 150.9 149.1 147.7 145.1 144 142.2 140.9 139.4 137.8 136 134.2 132.6 130.3 131.1 127.5 130.3 129.9 130.9 131.4 131.6 131.5 132.2 132.8 133.2 133.5 133.7 134.3 133.9 133.9 134.9 135.6 136 135.6 134.4 133.3 127.6 132.6 131 130.1 128.7 127.3 125.5 123.8 121.5 119.1 116.5 114.5 112.7 111.9 111.5 111.1 110.7 110.4 110.2 110.5 111 111.9 114 115.2 117.7 118.9 120.6 116.2 115.8 115.3
124.5 124.5 124.5 124.5 124.5 126.9 129.7 130.9 131.9 133.9 135 137.2 138.2 138.6 142.1 144.3 146.1 147.9 148.7 148.9 148.3 146.6 144.8 141.8 140.3 140 139.6 139.4 138.2 136.6 135.1 133.7 133 132.6 132.6 131.9 130.7 125.1 127.1 130.5 130.7 129.8 129.2 128.8 129.8 130.7 133 134.4 134.4 132.1 132.7 133 132.9 133.2 131.9 132 126.2 129.3 126.7 125.4 124.1 122.9 121.3 119.3 116.9 114.5 112.6 110.7 108.9 108.1 108 107.9 107.9 107.5 107.9 108.7 109 110.2 114 118.5 119.6 117.4 115.6 114.7 117.6 119.4
124.5 124.5 126.5 127.5 128.1 129.9 132.5 130.7 133 134.5 136 137.7 138.3 139 140 141.5 142.5 143.9 144.6 144.7 144 142.3 139.6 136.4 134.3 134.2 134.3 134.7 134.5 134.2 133.1 133.9 134.4 133.2 131.7 130.7 129.6 129.1 119.2 125 124.6 124.2 123.2 122.6 122.5 122.7 123.2 123.2 123.6 124.9 126.6 127.1 128.4 130.3 128.9 128.9 124.9 124.5 121.4 120.3 119.4 118.2 116.6 114.5 112.3 110.3 108.9 107.5 106.1 105.2 105.2 105.2 106.2 107.8 109 109.9 110.5 118.5 113.6 116.8 117.1 115.3 114.5 117.7 119.9 118.4
126.3 128.1 130.5 131.3 131.8 132.1 132.2 131.9 134.9 135.4 136.2 136.3 136.9 137.1 137 137.4 137.9 138.3 139.9 139.8 138.6 137.1 135.2 131.3 128 126.7 129.5 130 129.5 130.2 130.7 131.1 130.5 128.5 126.8 124.7 123.3 121.9 115.9 119 119.8 119.9 119.5 119.6 119.3 119 118.6 118.4 118.3 118.1 118.7 119 118.3 119.8 122 121.6 123.1 117.2 115.9 114.9 113.9 112.2 110.4 108.8 107.5 106.5 105.1 105.3 103.6 103.1 103.4 104.2 106.5 109.9 115.6 111.7 110.3 111.7 113.5 115.2 112.8 115.3 116.7 116.5 119.6 118.9
127.1 129.9 131.8 132.5 132.5 132.4 131.8 133.6 132.2 132.8 133.5 133.9 134.5 134.1 135.3 133.2 132.1 131.9 133.6 135.3 134.2 132.9 130.5 126.8 124.9 124 123.3 123.7 124.5 125.3 125.6 124.9 123.7 122.8 121.7 120.4 119.3 118.3 114.2 116.4 116.8 116.9 117 117.1 116.6 115.9 115.6 115.7 115.5 114.8 114.4 114.4 115.3 111.7 111 110.9 118.4 115.3 109.6 108.2 107.5 106.2 104.5 103.7 103.3 102.9 103.3 104.8 103.3 104.4 103.7 111.9 111.6 107.5 108.5 110.5 110.1 113.1 114.7 115.2 116.7 115.9 112 112.6 114.6 115.7
127 129.7 131.2 132.1 131.3 130.9 132.1 130.9 131.4 132.2 130.4 131 132.3 131.7 134.8 135.7 130.4 130.3 130.4 131 128.1 127.4 124.2 122.6 122.5 123.5 124.1 122.4 121.6 122.9 123.9 123.3 122.3 121.5 120 118.8 117.7 116.6 115.6 110.7 115.7 114.8 113.8 113.5 113.3 112.6 112.3 112.2 111.8 111.7 111.6 111.8 112.1 109.1 108.5 107.8 113.1 118.6 106.1 103.9 101.5 100.6 100.6 101.4 101.6 101.9 102.5 104.2 111.4 112.5 108.8 108.2 108.8 109.5 107.6 107.6 105.9 109.8 114.1 116.8 115.9 116.4 116.4 112.8 113.6 116.9
126 128.7 130.2 132.4 133.3 133.2 134 134 135.7 135.7 134.9 134.6 134.9 135.1 135 134.9 133.7 133.8 131.7 129.8 128.7 126.8 125.4 124.2 122.1 120.7 123.4 121.4 120.1 121.2 121.8 121.5 121.1 120.4 119 117.4 116.2 114.9 114.1 110 110 111.6 110.8 110.6 110.5 110.2 109.8 109.6 110 109.6 109.6 110.2 110.9 109.1 108.6 107.7 107.4 118.1 105.3 103.7 101.2 99.5 99.8 101.2 105.5 110.4 109.9 107.2 110.3 111.7 112.4 112.9 114.7 115.6 112.7 111.3 111.1 115.4 116.5 115.9 115.8 117 117.2 118.1 115 118.9
128.2 130.8 132.9 135 137.1 139.6 139.8 140.4 141.2 141.6 141.2 141.5 140.8 141.9 141.4 140.4 140.3 139 135 133.4 131.2 128 125.2 123.4 121.2 121 122.9 118 116.7 117 116.7 116.4 116.3 116.1 115.1 113.7 110.8 112.3 111.5 109.4 107.2 106.9 109 109.6 109.7 109.6 109.1 108.6 108.5 109.6 109.4 109.5 110.1 109.7 109.4 109.1 109.3 116.4 106.7 104.2 101.6 108.6 109.9 106.3 102.2 103.3 105.5 106.4 108.7 110.1 111.9 113.9 115.6 117.2 118.5 115.2 121.6 117.6 115.3 119.5 117.8 118.2 119.8 120.5 119 116.9
130.8 133.9 136.6 139 140.9 144.2 146.2 147.2 148.3 148.9 149.6 148.8 147.9 145 144.4 142.1 139 136.9 134.9 132.8 129.8 126.3 123.1 121.6 120.4 120.1 117.5 117.1 116.5 116.2 115.8 114 112.7 111.1 111.4 111.2 111.3 110.4 110.1 110 108.8 107.9 107.2 109.2 109.2 108.8 108.3 107.9 107.6 110.6 109.3 109.2 109.2 109.9 109.3 109.5 109 114.5 109.7 106.5 103.7 105 105.2 106.4 107 108.9 107 106.1 107.6 109.5 111.7 113.3 115.5 118.4 120.6 120.9 120.5 113.4 120.9 120.6 119.8 120.5 121.1 121.3 120.4 120.4
135.1 137.1 139.9 142.4 145 148.5 151.6 155.1 156.6 156.8 155.1 150.8 146.8 142 140.1 137 133.7 132.2 130.8 128.9 125.9 123.1 121.6 121.3 120.7 120.5 120.5 120.7 118.8 117 115.6 113.8 111.7 110.2 109.5 109 109 109.3 107.6 106.8 105.2 101.1 106 102.6 106.3 107.3 107.3 106.7 105.7 106 105.3 104.7 105.8 108 110.3 107 108.1 107.5 112.7 101.8 105.7 107.1 106.8 107.4 108.2 109 108 106.5 107.3 109.2 111.4 113 115.1 118.8 120.4 120.2 113.1 120.6 120.5 120.9 122.2 123.3 124 123.9 123.6 124.7
138 140.2 143.3 145.6 148.8 150.2 151.3 151.2 150 148.1 147.5 145.9 140 134.3 132.5 130 127.5 126.7 125.7 124.3 122.8 122.6 121.5 121.5 122.5 123.1 123 118.1 118.8 115.3 113.7 112 110.5 109.6 108.6 107.5 106.3 105.9 105.2 103.7 101.6 101.8 103.5 102.5 103.1 104 104.4 103.6 102.9 103.4 103.6 103.2 104.3 104.2 101.7 101.5 101.1 100.8 111.4 108.7 105.5 104.9 104.6 104.2 103.3 103.1 103 103.5 106.3 108.8 111.2 112.6 117.1 116.9 119.8 113.4 119.4 120.1 120.5 121.5 122.9 124.2 125.5 125.4 124.8 124.7
135.9 138.5 140.4 142 142.8 144.7 142.6 143.6 143.4 141.7 139.2 135.7 131.8 128.8 126.3 123.9 122.4 121.5 121.4 121.6 120.9 121.6 126.2 124.4 125.6 116.2 113.8 116.4 115.2 112.9 111.1 109.2 108.3 107.8 107.2 106.2 104.7 104.6 104.2 103.7 102.1 97.9 100.3 100.1 100.5 101 101.4 101.7 102.1 103 102.3 99.9 100.1 100.6 99.2 99.1 99.3 99 107.4 111 103.8 101.8 100.7 101.1 101.5 101.6 102.2 102.7 105.1 107.3 114.7 115.3 114.6 115.4 115.5 115.5 116.5 116.1 118.2 120.1 121.8 123.4 125.1 125.4 125.2 124.2
132.7 135.3 137.2 137.8 139.1 141 142 139.4 138.4 136.7 134 130.5 126.6 123.3 120.9 119.2 117.4 116.8 117.6 118.5 119.2 121.2 120.4 119.7 116.8 113.3 113.2 113.1 112.3 110.2 108.8 107.4 106.1 105.7 105.4 105 104 103.3 102.8 102.4 101.7 98.8 98.8 100.2 100.2 100.6 101.3 101 99.8 99.6 99.5 99.4 99.1 99.3 102.1 102.5 102.5 107.4 107.7 111.4 113 104.2 104.1 103.2 104.3 104.5 104.3 104 114.2 115.5 112.6 112.9 117 116.9 111.5 114.9 115.3 114.9 116 117.6 118.6 120.4 121.8 123.2 124.6 122.6
130 132.1 134.1 134.2 134.5 137 136.5 135.2 134.5 132.8 130.1 126.5 122.9 119.8 117.5 115.3 114.6 115.1 115.7 116.7 117.8 118 117.8 117.1 113 113.4 112.7 112 109.8 108.1 106.7 105.1 104.6 104.5 104.1 103.8 103 102.3 101.9 101.2 100.1 99.7 97.7 99.4 99.4 99.2 99.9 100.3 100.2 99.7 99.5 98.9 98.6 98.7 102.9 102.7 103.2 107.7 108.5 112 109.9 115.6 111.3 110.7 111.2 113.1 114.8 115.6 114.6 114 112 111.2 111.8 110.1 112.6 113.9 115.4 115.9 116.1 116.7 117.7 118.5 117.8 118.3 117.7 117.9
129.3 130.4 131 130.4 130.3 129.8 129.6 129.9 130.3 128.4 126.2 123.5 121.1 117 114.3 114 114 114.8 116.1 117.9 118.9 117.6 117.6 117.6 114.3 113 112.2 109.2 106.7 105.7 104.2 103.7 103.2 102.8 102.8 102.9 102.1 101.5 100.1 99.2 98.4 98.9 98.9 97.9 97.5 97.6 97.3 97.3 97.1 96.6 96.7 97.4 98 99.5 103.9 105.8 109.6 112.1 112.5 114.3 117.2 109.6 116.1 116.6 116 115.9 116.2 115.6 115 114.7 110.4 110.3 111.5 111.6 112.2 113.4 114.4 115.4 116.2 117 117.7 117.5 116.3 116.2 115.9 115.9
128.8 129.2 128.8 127.4 127.7 128.9 129 129.1 125.3 122.9 121.3 119.3 118.4 113.7 116.7 116.2 117.1 116.6 118.4 119.4 119.7 118.3 117.2 116.7 113.3 110.9 109.6 106.9 104.9 103.1 102.3 101.8 101.4 101.3 101.6 100.4 99 97.6 97.4 102.3 97.3 96.9 96.9 97.2 97.3 97.6 97.6 97.3 97 96.8 96.7 97.5 101.2 100.6 102.5 105.9 110 113.2 115.4 116.4 117.2 112.4 111 116.6 117 116.8 116 115.5 114.8 114.7 109.3 109.5 109.6 111.1 111.6 112.7 114.6 115.8 115.9 116.7 117.4 117.2 116 115.7 115.6 115.9
125.4 126.4 126.4 124.6 123.9 123.3 122.2 121.3 116.3 117 115.5 113.8 111.7 115.1 116.4 117.5 117.5 117.7 118.4 116.8 115.7 113.1 113 113.1 111.1 108 106.5 106 103 99.3 99.3 99.6 99.8 99.9 98.5 96.1 100.7 99.6 97.9 99 97 96.8 96.8 96.9 97.2 97.4 97.4 97 96.7 96.7 97.2 99.8 98.4 98.6 101 104.4 106.5 110.9 116.2 117.4 118.5 117.2 110.2 117.2 116.4 116.3 116.1 115.4 114.5 112.2 109.5 109.1 108.9 109.7 110.5 112 114.7 116.2 116.1 116.1 116.8 116.5 116.5 116.3 115.4 116.7
121.1 121.9 120.6 119 118.1 117.2 116.9 114.8 114.4 110.7 109.6 108.7 109.3 112.4 112.9 113.7 113.1 108.6 110.3 106.2 104.5 109.9 109.8 107.1 102 100.4 104.7 104.3 98.9 93.9 95.7 95.9 95.3 94 95.7 95.3 94.6 90.9 88.7 91.1 94.7 96.5 96.5 96.6 96.6 96 95.9 92.6 92.6 92.6 96.3 98.7 100.4 101.5 102.4 104.2 106.2 109.1 111.9 113.3 116.6 113.9 116.2 110.9 114.1 114.5 115.1 114.7 112.5 109.5 109.2 108.9 107.6 108.1 108.9 109.6 111.6 115.4 115.1 114.6 114.9 115.1 115.5 115.2 115 115.9
116.3 116.4 114.7 113.3 112.6 112.4 110.1 108.6 109.1 105.8 105.4 104.6 105.1 106.6 107.3 108.2 106.9 105.6 104.5 102.7 101.1 98.9 96.6 95.1 94.3 94.4 99.4 96.7 92.8 90.6 88.3 93.2 94.7 94.1 93.8 89.6 83.3 91.8 93.6 91.6 91.4 90.4 94.5 96.1 96.5 96.5 95.6 95.8 96.4 95.9 97.4 99.7 101.4 103.7 104.3 104.1 104.3 106.8 105.6 110.3 114.4 110.3 111.3 113.6 113.7 110 112.9 112.8 110.3 106.7 110.4 107.5 106.9 106.9 107.3 107.9 108.6 110.9 112.3 112.7 112.7 113.3 113.7 112.9 113.4 114
110.5 110.9 109.8 108.5 107.8 107.3 106.2 105.1 103.6 100.8 100.8 100.5 100.7 102.2 103.6 103.4 102.9 101.7 100.3 98.7 96.9 95.9 94.6 93.1 92.6 92.7 93.1 92 91.3 90.6 91.7 88.3 88.3 86.5 83.3 83.4 91.8 94 96.3 96.1 94.9 96.3 95.7 97.3 97.9 97.8 99.1 99.7 99.5 100.9 101 101.7 102.5 103.4 104 105.7 106.1 107.4 105.3 113.1 109.5 110.1 110.4 111.2 111.9 111.3 108.9 109.5 106.2 117.7 109.7 106.8 107 107 107.3 107.8 108.4 109.2 110.7 112 110.8 111 110.7 110.7 111.3 112.1
108.4 107.1 106.8 105.2 105.1 104.5 103.2 102.7 100.3 100 99.9 99.1 98.7 98 98.1 97.7 97 96.7 95.9 95.2 94.4 93.5 91.8 91.2 91.4 91.6 91.8 91.1 90.5 89.8 85.8 83.1 82 81.7 90.9 91.9 92.5 92.9 94.5 96.5 96.6 99 100.8 99.8 99.6 101.2 102.6 102.9 102.1 102.6 103.5 103.4 104.9 105.3 106.9 108.4 109.1 108.9 107.5 111.4 109.9 110.4 111.1 111.4 111.6 112.2 110.9 109 115.6 111.3 109.9 108.3 108.3 108 107.8 108.3 108.9 110 111.7 113 113.2 111 110.5 110.4 110.8 111.3
111.2 108.8 107.4 105.8 104.8 104.1 105 104.2 104.4 104 103.6 102.8 100.3 97.8 95.6 94 94.5 94.4 93.5 92.7 91.8 90.2 89.3 89.3 89.5 89.5 89.6 90.2 89.6 86.9 83.2 83.5 86.7 88.4 89.4 90.3 91.5 92.9 94.5 95.1 97.1 99.9 102.3 100.4 100.7 103.5 104.3 104.1 103.6 102.7 103 107.4 107.9 108.1 109.1 109.6 110.2 110.1 109.1 109.8 110.2 111.2 112.2 112.3 112.9 113.8 112.8 113.5 121.5 108.7 109.4 109.9 109.5 109 109.1 108.8 109.5 110.9 112.8 114 116.7 114.5 111.8 110.3 110.7 111.6
114 111.9 109.5 107.9 107.3 107.3 105.5 103.9 104.2 103.1 101.6 99.7 98.2 95.9 94 92.9 92.5 91.9 91.2 90.8 90.6 89 87.7 87.5 87.6 87.1 87.9 89.2 84.7 84.3 82.9 82.9 84.8 87.2 88.6 89.4 90.6 93.2 94.3 95.1 96.9 98.6 99.4 100.9 100.9 103.1 103.2 103.9 104.4 106.8 108.1 109.5 109.7 109.5 109.8 110.4 110.9 110.9 109.7 111.2 111.3 112.2 113 113.3 113.7 114.1 113.2 115.7 118.6 108.8 109.8 110.8 110.4 110.4 110.5 109.7 109.9 111.1 112.8 114.2 116.5 115.4 111.8 111.1 111.6 112.5
111.9 110.1 108.1 106.6 105.2 104.6 102.8 101.1 99.9 99.4 98.2 96.6 95.4 93.6 92.2 90.8 90.1 89.7 89.9 89.7 89.2 88.9 85.5 83.1 84.5 85.7 86.8 84.6 84.2 83.8 81.7 83.4 85 86 87.7 88.4 89.6 92.9 94 95.2 96.5 97.7 99.2 100 100.1 102.5 102.4 103.5 107.4 108.3 109.9 110.6 110.9 111.7 112.6 111.8 112.1 112.5 112.9 113.1 112.8 113.2 113.5 113.6 114 114 114.1 113.7 116.3 109.2 109.9 110.8 110.6 111.2 111.5 110.6 110.1 111.1 113.6 114.5 115.5 115 113.5 112.3 112 113.2
