Assets/StreamingAssets/GeoData/Data/nt/NT21.asc
ncols 200
nrows 200
xllcorner 320000
yllcorner 610000
cellsize 50
[rows 0 to 34 of 200, columns 0 to 77 of 200]
496.1 497.5 496.4 497.3 497.6 500.1 502.1 504.8 509.6 513.2 516.6 522.2 525 527.9 530 530.4 529.2 525.9 522.2 517.7 511.9 506.6 501.2 494.2 489.1 485.6 482.2 482.6 483.7 484.2 482.7 482.1 480.8 478 477.9 477.3 474.9 474.7 474.2 473 472.6 472.1 474 481 486.7 492.2 498.1 504.6 509.3 512.7 513.6 513.2 507.8 499.2 489 480 471.6 467.8 465.1 469.4 469.6 466.7 458.7 453.3 442.7 417.6 389.3 360.2 336.8 313.9 292.3 270.7 249 245.7 245.7 245.7 245.7 245.7
503.1 503.2 500 499 499.1 500.7 502.9 507.5 511.4 513.8 516.1 521.4 525 526.9 529.3 529.3 527.6 523.4 519.3 515.1 509.4 505 499.4 495.2 490.4 486.7 487.8 487.5 488.2 489.4 488.4 487.4 485.1 484.3 484.7 483 480.8 478.5 478.9 478.2 477.8 476.7 475.4 481.2 487.7 493.9 501.6 506.8 511.5 515.2 517.4 517.4 512.2 506.1 502.5 494.6 490.3 486 484.7 484.8 477 472 461.4 455.5 443.2 418.8 388.9 358.9 334.4 310.7 287.8 267.8 245.7 245.7 245.7 245.7 245.7 245.7
509 508.3 503.5 502.1 502.1 505 506.4 509 512.3 515.8 518.4 520.9 523.3 526.2 528.3 527.6 525.8 522.7 518.6 514.6 509.8 504.6 499.3 494.8 492.5 491.3 492.5 492.9 494 495.1 494.5 493.3 490.6 489.9 489.5 486.8 486.7 485 483.8 483.3 482 481.1 479 482.2 486.4 493.3 500 505.1 509.6 513.1 516.5 517.9 514.8 514 511.6 507 502.7 496.9 497.4 491 480.2 470.2 462.9 454.6 436.2 416.9 390.1 357 330.6 307.3 283.8 263.1 245.7 245.7 245.7 245.7 245.7 245.7
513.9 512.1 507.7 506.7 506.2 507.5 510.7 511.8 515.6 517.3 521.4 523.9 524 525.7 526.6 525.6 523.3 520.5 517.9 514.3 509.9 504.4 499.2 496 497.2 496.7 498.4 499 499.5 500.1 499.5 497.6 494.8 494.2 493.6 492.8 492.6 490.9 488.7 486.6 484.8 482.9 481.7 481.6 485.6 490.4 497.4 500.9 504.6 507.8 511.5 512.7 513.1 517.4 515.8 512.4 506.3 505.1 499.9 491.1 477.4 468.4 457.6 449.8 436.3 407.9 381.4 352.2 326.9 301.7 278.2 255.2 245.7 245.7 245.7 245.7 245.7 245.7
517.6 515.2 513.7 510.8 510.7 510.9 514 516.2 519.8 522.3 524.5 525.6 525.9 525 525 523.4 520.8 518.4 516 513.1 509.7 506 501.7 501 502.1 501.7 502.9 503.7 504.5 504.6 503.5 501.6 498.7 496.8 496.3 495.7 495.7 493.8 490.3 487.1 485.6 484 482.6 481.9 482 485.4 489.7 492.8 495.4 498.6 502.3 504.8 509.5 514.1 513.5 508.9 507.4 502.8 494.7 485.9 473.7 464.3 454.3 441.6 419 391.9 368.3 345.1 320.4 294.6 269.4 246.7 245.7 245.7 245.7 245.7 245.7 245.7
520.9 518.3 516.5 514.5 514.7 516.4 518.6 519.9 523.6 525.7 525.8 526.6 525.5 524.1 522.7 520.8 517.8 515.8 514.1 511.5 508.7 504.8 506.4 505.9 506.6 506.4 505.6 506.9 508.3 508.3 507.4 504.8 501.9 499.7 499.1 498.4 496.7 493.9 490.9 487.7 486.1 484 481.8 479.5 478.3 478.8 479.5 480.8 479.7 484.2 488.1 493.4 501.2 505.8 506.6 503.2 504 497.2 490.4 480.8 469 459.2 448 431.8 406 383.1 362.7 341.4 314.6 287.4 262.6 245.7 245.7 245.7 245.7 245.7 245.7 245.7
522.7 520.5 518.3 517.2 517.6 519 522.2 523 525.6 527.2 526.5 525 523.2 519.9 518.4 515.9 514.3 512.2 510.8 510 509.1 509 509.5 509.7 510.1 510.6 510.2 510.9 511 510.7 510.3 506.7 503.3 501 499.7 497.7 495.4 493 490.2 487.3 485.3 483.3 479.5 474.7 471.9 469.5 467.1 463.9 463 466.3 472.7 480.2 489.2 495.9 496.9 499.5 497.8 491.9 483.9 474.1 464.2 453.3 439.2 419.9 397 377.2 358.2 334.9 307.2 279.5 255.8 245.7 245.7 245.7 245.7 245.7 245.7 245.7
523.7 521.5 519.9 519.2 520.1 522.2 524.3 525.4 526.5 526.3 524.6 522.5 519.5 516.1 513.2 510.4 509 508.2 507.5 508.6 509.8 511.6 512.1 512.1 512.4 513.5 513.6 513.1 511.4 510.7 509.3 506.3 503.6 500.7 498.4 496 493.2 491.1 488.8 485.9 484 481.9 477.7 472.4 463.4 450 451 448.5 444.8 445.5 453.5 467.3 477 484 489.3 493.2 491.2 485.4 478.6 468.2 457.7 447.8 433.3 412.6 388.7 370.2 350.7 325 296.5 266.5 246.8 245.7 245.7 245.7 245.7 245.7 245.7 249.2
524.4 522.1 520.6 519.8 520.7 522.1 523.9 524.7 524.7 523.4 520.8 518 514.7 511.1 508.1 505 503.7 503 503.3 506.4 509.4 512.1 514.4 514.6 514.8 514.4 515.1 512.4 509.7 507.8 506.1 503.7 500.7 498.9 496.7 493.8 491 489 486.9 484.4 482.6 479.2 474.6 469.4 460.1 442.9 424.8 429.9 426 427.8 437.4 450.9 463.6 470.4 480.1 485.9 483 477.4 472 458.9 451.6 442.6 425.6 402.2 380.8 364.3 340.4 313.5 285.4 256.3 245.7 245.7 245.7 245.7 245.7 245.7 245.7 259.6
523.9 521.4 519.4 518.8 518.4 519.7 521.7 521.8 521.3 519.5 516 512 508.4 505.6 503.8 499.9 498.7 497 497.8 501.2 506.2 512.1 515 514.7 513.3 512.7 512.2 509.3 506 503.4 501.5 499.8 497.9 495.5 492.7 489.8 486.2 485 483.3 481.5 479.2 475.5 469.8 463.2 453.7 443.4 419.4 405.2 404.2 411.9 421.7 434.3 445.9 455 472 477.7 474.8 468.6 459.6 451.3 442.7 431.2 414.2 389.4 371.3 353.8 327 300.5 271.5 247 245.7 245.7 245.7 245.7 245.7 245.7 245.7 266.1
523 520.5 517.2 515.3 515.5 516.3 516.9 515.3 513.6 511.2 508.7 506.2 503.8 501.2 498.7 496.8 493.9 492.3 491.8 495.3 501.4 507.4 510.8 512.1 509.2 508.5 506.4 503.2 500.4 498.1 496.9 495.2 493.5 491.1 486.8 484.3 480.6 479.5 479.2 478.4 475.4 470.7 463.6 456.9 445.7 435.7 423.3 406.4 383.1 395.7 406.5 417.2 428.3 446.7 459.6 466.1 463.5 458.6 450.3 441.6 429.8 420.1 399 378.6 360.1 338.4 311.5 285.9 261.3 245.7 245.7 245.7 245.7 245.7 245.7 245.7 247.2 273.9
520.8 518.9 514.4 512.5 511.7 510.7 509.9 508.9 506.9 504.8 502.1 500.4 497.3 496.1 493.6 490.8 488.6 487 485.2 488.3 493.6 498.9 502.4 504 502.1 500.3 500.2 495.4 493.2 491.2 491.3 490.3 488.2 485.5 481.9 477.4 474.1 473.9 473.7 470.7 468.3 463.4 455.8 448.7 437.5 426.7 417.1 404.6 384.1 374.7 389.3 393 418.2 435.6 445 451.6 451 444.5 435.6 434.7 419.3 404.1 386.8 367.6 345.2 321.3 295.9 271.3 248.9 245.7 245.7 245.7 245.7 245.7 245.7 245.7 257.8 280
519.8 515.8 513.2 510.5 507.7 506.7 504.4 503.8 501.5 498.6 496.5 493.8 491.8 489 486.5 484.8 483.2 480.9 479.3 478.7 482.8 487.8 491.4 492.9 492.3 490.6 489.9 488.6 485.7 483.7 484.2 483.1 482.1 479.9 475.9 469.6 467.3 465.7 465.3 459.5 457.4 451.8 445.6 440.4 429.2 416.8 405.2 394.9 380.5 352.7 371.5 379.3 404.1 418.4 425.7 428.9 429.3 426.7 422.1 411.7 402.6 385 370.1 351.1 328.5 303.9 279.9 259.8 245.7 245.7 245.7 245.7 245.7 245.7 245.7 245.7 264.8 288.1
517.4 513.9 511 507.8 504.9 501.6 499.8 498.2 495.5 494.2 491.9 489 485.8 482.7 479.9 477 476.2 474.4 472.7 471.9 472.2 476.6 480.8 480.6 479.5 479.5 478.9 478.1 477.3 477.3 476 474.9 472.7 470.8 467.9 461.5 460.3 456.1 454.5 450 442.8 438.3 435.1 424.8 417.4 403.9 395.4 380.9 369.3 350.9 346.1 369.8 384.4 392.8 397.6 400.2 398.5 396.8 397.2 390.9 380.2 366.7 350.5 331.5 308.2 284.7 265.7 247 245.7 245.7 245.7 245.7 245.7 245.7 245.7 249.3 274 293.9
516.2 510.8 509 504.8 500.4 499.1 496.6 493.7 491.7 489.5 487.6 485 481 477.9 475.3 471.6 469.5 467.5 465.1 462 463.3 465.9 468.5 468.1 469.2 468.7 467.9 468.5 468.8 468.6 467.2 466.3 464.5 460.5 455.4 452.2 448.9 445.7 441.1 433.7 427.2 424.3 418.9 409.6 400.3 387.6 380.8 367.5 358.4 342.5 336.5 350.2 358.8 363.5 367.8 369.3 368.9 365.9 365.5 360.1 356 344.3 328.4 309.5 286.6 266.9 249.7 245.7 245.7 245.7 245.7 245.7 245.7 245.7 245.7 260 282.3 298.5
516.1 511.1 505.9 501.5 498.1 495.7 493.4 489.3 487.5 484.9 482 478 474.5 472.9 470.2 467 466.3 461.2 455.3 452 455.2 456.4 455.9 455.6 457 456.5 456.7 457.2 457.6 457.3 454.5 456 453.9 448.6 443.8 440 435.2 426.4 422.3 414.7 409.5 404.7 398.9 389.4 377.8 367.3 362.6 353.6 343.5 328.9 322.1 331.4 336.3 337 339.2 339 337.4 335.6 334.1 332.9 329 317.9 303.7 284.5 266.6 251.5 247 245.8 245.7 245.7 245.7 245.7 245.7 245.7 245.7 268.6 288.8 304.6
516.7 510 503.9 499.2 496.7 493.8 488.6 486.6 483.1 480.4 477.4 474.7 471.3 467.5 464.8 462.3 459 453.4 452.1 444.6 446.3 447.6 446.1 446.7 446.1 445.7 446.7 444.8 443.4 441 441.9 442.4 440.2 434.1 427.5 424 415.7 402.1 399.7 394.9 388.6 382.7 377.7 368.6 357.2 346.5 342.8 334.9 329 321.2 297.4 310.9 313.7 313.8 312.3 309.3 308 307.8 306.2 304.7 300.8 292.7 280.2 263.8 249.4 248 247.9 246.9 246.2 246.1 246.3 246.3 245.7 245.7 252.9 274.7 294.2 308.5
517.2 510.2 505.1 497.5 494 490.7 486.9 479.9 479 475.8 472.1 470.2 466 462.3 457.3 454.1 450.9 445.5 442.3 439.3 437.2 439.9 439.5 437.9 437.2 436.2 434.2 431.3 427.9 427.9 426.4 425.1 419.9 411.5 405.7 401.3 394.3 385.1 374.2 372.8 365.4 359.7 354.5 345.5 336.9 326.5 320.6 314.4 309.9 306.1 293.7 293.3 292.4 290.6 286.4 283.4 280.6 280 282.9 279.7 276.2 269.3 261.3 250.8 249.7 249.1 248.3 247.8 247.2 247.4 248.1 248.5 248.3 251.6 261.8 280.1 298.1 313
517 511.9 504.9 496.9 492.2 487.8 482.9 479.9 473.9 469.7 465.8 463.1 458.1 452.6 443.8 442.3 436.7 432.5 426.7 430.7 425.2 428.4 427.9 426.5 428.2 427.1 421.5 421.6 413.6 414.2 408.1 403 396.3 384.2 377.2 372.2 364.7 357.2 342.7 346.7 339.9 334.9 328.9 322.8 314.7 307.8 302.1 293.1 291.8 287.7 278 279.1 274.8 269.3 262.5 261.4 259.2 258.4 260.4 258.7 255.3 253.9 252.4 250.6 250.1 249.4 248.9 247.5 248.5 249.1 249.7 250.6 254.3 258.2 268.2 284.6 302.6 318.3
519.6 515.1 506.7 498.1 492.3 488.1 482.8 476.5 469.1 462.2 455.8 448.9 448.5 442 434.2 423.9 422.6 417.5 411.3 411.8 409.3 417.4 416.5 415.2 414.5 415.6 411.1 408.8 405.7 400 394.1 382.4 369.6 358.6 350.5 340.7 334.6 329.7 321.8 317.8 316.6 309.3 305.9 299.3 294.2 290.3 278.6 276.5 273.5 269.4 268 266.9 263.7 261.8 260 258.9 257.3 256.8 256.2 255.7 253.8 253.8 252.3 251 250.7 249.9 249.1 248.9 250 251.1 251.5 254.4 257.2 263 272.1 289.7 308.5 323.2
520.3 515.3 507.5 498.8 493.3 487 480.2 473.5 467.2 465.2 465.3 461.5 451.8 451.2 445.7 446.3 442.9 437.6 427.2 417.7 406 396 399.4 396.8 393.1 395.3 395.1 393.4 387.6 380.1 371.7 359.7 345.7 335.2 326.1 316.4 311.1 305.9 302.3 294.5 289.6 287.5 285.9 284.2 280.7 276.9 271.3 267.8 266.5 265.2 263.5 262.4 261.3 260.7 258.8 257.6 257.9 257.1 258.2 254.8 253.3 252.8 252.8 252.1 251.2 250.2 249 248.6 250.5 252.4 253.5 254.9 258.9 265.8 275.4 292.4 310.9 325.5
518.2 514.1 506.9 498.4 492.9 484.5 478.1 478.7 477.4 474.9 474.7 471.1 465.7 463 462.7 458.6 454.6 447.9 440.9 434.4 418.6 412.1 401.4 395.6 385.9 374.3 368.9 371.2 365.1 357 346.7 335.8 326 317.9 307 300.8 297.1 292.3 287.2 285.4 282.1 278.3 279.2 276.1 275.7 270.6 269.3 270.9 272.3 272.9 272.2 270.8 269 271.8 274.1 281.3 284.2 284.4 271.3 255.3 253.5 253.5 252.4 251.7 250.8 249.5 248.8 248.6 249.6 251.7 255.8 261.4 263.2 267.1 278.8 295.9 312.5 328.8
516.3 510.5 504.1 496.1 489 486 485.9 485.1 484.8 482.8 482.5 481.3 477.8 477 476.3 472.4 465.6 459.4 452.1 445.3 438 428 424.6 418 409.1 396.3 377.3 362.7 354 346 333.3 318.4 309.8 305.5 299.3 298.7 298.5 297.8 297.7 293.8 289 286.9 286.1 281.3 284 281.8 289.1 292.1 293.8 298.5 297.1 297 295.8 300.1 305.2 310.8 314.3 300.9 286.6 263 252.7 251.8 251.6 251.2 250.1 248.9 248.7 248.9 250.1 254.9 261.7 269.6 271.1 268.5 281.5 298.9 314.4 330.4
512.8 508.3 499.5 496.4 494.8 492.9 494.1 494.6 493.7 493.1 492 490.8 490.2 490.7 489.9 486.4 478.9 471.7 464.9 456.8 450.4 445.1 438.5 432.6 423.7 409.9 391.4 375.7 364 352 336.7 320 313.7 305.6 309.7 311.3 317.1 315 311.7 311.2 307.7 307.8 303.9 303.1 301.4 305.5 308.4 315.4 319.5 320.8 321 322.5 324.6 329.6 332.7 338.3 329 306.6 283.1 259.7 251.1 251 250.8 250.7 249.3 248.4 248.6 249.3 257.4 262.1 271.7 279 279 274.7 283.7 300.9 314.9 330.9
509 503.4 505.6 503.4 502.7 501.3 502.7 502.5 503.8 503.8 506.4 505.1 506.8 505.4 506.6 503.1 494.9 486.1 478.1 470.8 465 457.1 451.7 444.2 432.1 415.5 398.1 383.2 366.4 348.5 331.1 313.2 317.6 323.9 327.4 333.7 337.4 338.3 336.4 336.6 333.7 333.3 330.5 329.2 325.8 330.9 334.8 339.6 344.8 346.6 349.5 352.1 354.5 357.7 356.9 356.7 328.2 297.4 273.8 251.5 249 249 249.6 249.2 248.8 248.9 248.9 256.3 266.4 275.8 284.4 289.2 289.3 288.8 283.8 289.1 310 330.7
509.1 511.5 511.5 510 510.9 510 511.1 511.4 514.7 516.4 518.8 520.6 520.7 519 520.4 518.3 508.6 498.5 491.4 482.8 473.6 465.5 458.3 450.6 437.5 417.1 399 381.3 364.9 344 321.7 331.2 338.9 342.1 346.1 355.8 358 358.1 358.8 357.6 357.8 357.8 355.7 354.9 354.5 360.5 364 367.2 372.7 374.8 378 381.6 384.1 381 375 346.4 315.6 290.3 266.4 249.3 249.2 249.2 249.1 248.6 248.9 249.1 253.2 265.6 275.6 285.3 291.8 296.7 298.9 300.3 302.3 300.5 301.8 330.4
516 517.9 517.9 516.9 518.3 517.9 519.1 522.5 524.7 527.4 528.3 528.1 526.4 526.7 526 524 518.1 507.4 498.4 489.9 480.5 470.7 461.6 451.4 434.3 412.2 396.1 377.7 355 329.3 341.6 354.5 360.4 365.8 371.8 379.3 383 383.4 384.6 384.4 384.3 384.7 383.3 382 387.2 392.4 395.2 396.8 398 402 406.2 404.9 404.5 395 367.6 335.3 304.8 279.5 258.7 249.2 249.8 249.6 249.6 249.3 249.1 253.4 263.9 274.7 283.1 291.3 298 307.1 310.5 312.4 311.5 301.6 300.3 331.4
522.1 523.2 525.1 522.2 524.9 525.1 526.7 529.3 532.1 533.9 534 532.2 531.1 529.6 525.7 522.9 517.7 510.6 501.3 493.8 485.1 471.3 460.1 448.2 428.7 409.8 390.1 365.6 330.5 351.2 371.4 384.4 391.4 396.4 403.6 409.8 412.7 414.8 414.5 413.2 414.5 414.2 413.6 411.2 418 423.1 424.7 423.1 424 426.7 425.2 418.4 413.8 390.3 354.7 323.4 295.4 273.4 252.7 249.6 249.6 249.7 249.8 249.8 251 261.1 272.3 283.1 291.4 299.7 309.1 318 323 324.5 318.9 304.2 304.3 333.1
529.4 529.4 531 528.8 530.5 529.5 531.9 533.3 535.9 537 537 534.6 532.1 529.3 525.7 520.2 514 507.2 499.1 492.4 481.9 469.3 455.9 439.2 419.3 400.1 378.3 349 358.3 385.4 405.6 416.2 423.7 429.6 438.6 443.8 446.5 446.6 445.6 445 446.1 444.3 443.1 443.5 447.4 450.5 449.5 445.5 444.3 438.4 430.7 421.5 410.4 378 342.9 311.6 286.9 265.7 249.8 249.7 250 249.9 250.7 250.2 260 269.7 281.5 291.6 300.7 310.8 322.8 333.3 340.2 338.4 325 311.5 301.9 331.6
533.9 534.2 534.2 533.6 532.6 532.5 534.2 534.8 537.5 537.4 538 534.9 530.7 527.6 522.4 514.5 507.4 500.3 493.7 485.5 474.1 462.6 447.8 428 404.8 383.7 361.2 365.5 385.6 413.1 434.2 447.2 457 466.8 474.1 481.7 480.1 479.5 477.6 476.5 475.7 473.4 473.7 473.1 473.2 467.6 460.6 458.7 451.2 441.2 430.8 418.2 393.6 362.2 329.3 302.1 278.2 255.9 250.6 250.5 250.4 250.3 250.4 254.2 266.4 278.6 291.1 301.4 311.1 325.6 338.4 354.9 355.6 347 332.1 321.4 306.2 329.4
536.9 535.8 535.6 534.1 533.4 532.7 533.6 535.1 535.1 535.5 536.4 533.9 528.2 523.7 514.9 507.3 498 491.7 484.1 475.5 464.8 450.9 431.6 412.7 390.9 366.7 376.6 393.9 413.3 435.8 456.5 474.6 486 494.6 503.9 504.5 508 508.9 505.7 505.6 503.8 501 499.3 496.1 490.8 484.2 475.2 465.5 453.7 440.9 427.4 407.6 377.7 347.4 318.1 294.1 271 252.3 250.9 251.1 251 250.7 250.6 261.7 276.2 288.9 300.7 311.6 325.2 342.2 363 371.9 367 355.3 342.8 331.9 313.7 327.4
537 535.1 534.2 533 531.6 530.8 532.3 532.6 531.9 531.7 531.8 530.3 524.1 516.9 508.1 498.4 490.8 482.6 474.4 463.6 449.4 433.2 415 393.6 374.8 389.4 402.4 424 443.3 461.4 478.2 490.1 502.1 515.1 521 522.1 528.5 528.1 525.2 522.8 516.7 513.1 509.4 504 497.4 488.5 478.4 466.3 453.5 438.9 421.4 394.1 365.6 336 311.9 288.1 267.2 252.1 251.2 251.7 251.6 251.4 252.1 268.4 283.5 297.9 309.7 324.2 342.1 363.7 380.5 385.6 376.4 365.3 352.5 342.7 327.4 321.5
535.1 533 530.9 529.6 528.6 526.3 527.3 527.2 526.4 525.2 524.9 524.1 517.6 509.1 500.2 489.1 479.5 469.2 460.2 445 431.5 415.9 395.5 384.6 398.4 411.3 428.1 448.4 466.1 481.2 492.9 504 515.7 525.9 529.5 531 533 529.9 525.8 521.5 515.7 512.8 509.3 503.5 495.6 486.7 477.4 465.1 449.8 434.4 413.6 381.8 353.2 325.3 303.2 279.8 259.7 251.5 251.8 251.9 252.2 251.5 258.1 275.1 290.9 305.5 320.5 342 362.1 381.5 398.2 392.7 382.8 372.8 362.7 351.5 339.7 321.8
530.1 527.5 526.5 525.2 522.7 521.8 519.6 519.5 518 517.9 516.2 514.1 507.1 498.8 491.2 478.8 466 454.8 442.7 431.7 415 398.6 392.9 408.6 421 431.3 450.3 467.2 483.4 495.6 505.3 514.5 524.8 532.6 535.2 532.8 527.8 523.8 518.9 513.2 508.8 507 503.6 497.8 491.9 484.4 474.8 461 445.9 427.1 399.4 372.4 341.8 316.5 291 270.5 255.6 251.8 251.9 252.3 251.7 252.4 266 284.4 300.5 314.6 337.7 363.5 382.7 399.5 406.9 398.4 390.3 381 371.2 360.4 345.5 340.7
525.2 523.5 520.4 519.8 516.8 515.6 514.3 511.6 510.9 509 504.9 502.1 496.5 485.7 477.4 464.9 453.8 445.1 430.4 416.7 407.3 395.3 411 424 437.9 451 468.1 483.5 497.1 508.2 517.2 524.4 534.1 538.4 535.9 527.8 519.2 513 506.7 501.4 498 496.7 494.2 490.5 486.7 479.3 469.3 455.2 438.3 416 386.7 359.2 328.1 301.4 277.8 264.3 255.6 252.5 252.1 252.8 252.9 255.1 272.8 291.3 308 329 357.4 382.4 399.5 413.6 411.1 406.8 396.2 387.9 377.2 367 360.2 354.3
