Assets/StreamingAssets/GeoData/Data/nt/NT22.asc
ncols 200
nrows 200
xllcorner 320000
yllcorner 620000
cellsize 50
[rows 70 to 104 of 200, columns 0 to 77 of 200]
459 464.8 492.2 521.5 539.3 545.3 547.5 546 543.1 539.5 535.4 529.3 526.3 523.8 520.6 518.2 516.7 514.7 511.7 508.4 512.1 517.6 522.2 526.1 529.8 529.7 529.4 529.4 538.9 546.3 553.9 562.1 571.2 579.4 587.5 595.7 604.7 611.9 618.2 622 621.4 619 614.3 608.1 601.5 594.8 586.7 578.8 570 559.1 551 539 522.7 509.2 496.5 490.7 500.1 511.2 520.4 526.9 528.9 529.2 530 528.2 524.5 519.5 511.6 503.2 493.2 486.3 482.6 476.3 468.4 459.4 449.3 422.6 434.8 451.2
473.1 474.5 505.5 526.1 533 536.7 538.3 536.1 531.9 528 524 520.8 518.7 517.4 515.7 513.6 511.2 508.8 505.6 503.7 506.7 511.4 516.3 519.4 520.2 520.6 522.4 531 538.4 545.5 554.6 563.5 571.3 579.5 588.2 596.7 605.1 611.9 617.7 621.5 622.3 620.4 616.4 610.4 603.5 596.4 588.8 581.4 573 562.1 552.1 542.1 530.9 520.1 508.5 488.7 485.9 495.8 506.6 515.4 519.8 522 524.7 522.3 518.2 512.3 503.7 494.1 483.5 473 470.8 464.9 457 448.7 440 415.6 423.3 437.1
496.5 474.3 505 524.8 533.1 528.1 527.2 522.2 520.6 520.2 519 515.8 513.7 512.4 511 508.4 506.5 504.6 502.2 498.4 503 505.9 509 511.3 512.3 517.8 524.6 530.9 538.5 546.5 554.9 563.5 572 580.4 588.1 596.1 604.2 611.4 617.2 621.1 622.8 622.1 618.2 611.7 605 597.6 589.8 582.3 574.3 564.7 552.1 541.2 528.4 515.7 502.9 486.7 472.2 479.2 487.3 496.6 500.7 507 509.8 509.3 505.9 499.2 490.4 478.1 468.5 460.7 458.1 452.2 443.7 437.2 427.4 410.8 414.5 419
522.7 491.4 504.1 513.5 516.3 514.6 509.4 509 514.6 515.7 513.6 510.2 508.6 507.6 506.4 504.4 503 501.3 498.6 493.7 498 500.1 504.6 506.2 513.1 519.4 524.6 531.1 538.2 545 553.6 562.7 571.8 579.6 587.1 594.9 602.3 610.5 616.1 620.9 624.1 624.2 620.2 613.4 607.4 599.7 590.9 583.3 574.5 564 551.5 537.9 523 506.8 492.9 488.7 480.1 465.7 464.6 472.7 480.5 485.8 488.1 488 483.7 477.1 470.1 461.2 454.6 447.4 443.6 435.7 428.8 423.4 417.4 407.7 403.9 402.9
535.2 517.1 492.8 495.4 495.4 497.2 497.7 501.6 504.9 507.4 506.4 504 503.6 502.5 501.7 500.3 499.1 497 494 489.6 494.4 499.4 504.8 510 514.1 519 524.2 529.9 536.3 543.7 552.7 561.3 570.4 578.1 584.4 591.9 598.9 607.2 614.8 620.7 624.3 623.9 620.6 615.7 609.7 600.9 591.5 583.3 574.5 561.9 546.9 532.2 518.9 504.2 501.1 500.8 497 486.6 472.9 456.2 460.2 463.5 464.1 462.9 460.2 455.3 450.9 446.6 442.1 437.1 433.2 426.5 421 415.8 410.7 404.9 390.8 392.9
542.9 529.9 518.1 511.4 507 502.8 501.8 500.2 500.8 501 500.9 500.3 498.8 497.7 496.1 495.2 493.8 492 488.5 487.7 493.8 499 504.5 509.9 513.8 518.2 522.9 527.8 534.6 542.1 550.4 558.4 566.8 574 580.3 587.7 595.7 604.1 611.9 618.6 622.3 622.6 621.1 618.1 611.7 601.6 591.7 582.8 572.9 557 540.8 526.8 513.1 506.9 514.5 513.7 510.8 500.3 487.6 471.2 447.2 449.8 448.3 448.2 446.8 443.4 440.8 434 430.4 426.7 422.1 420.6 420.4 417.5 410.5 401.8 392.2 385.5
547.5 537.7 528 520.9 512.9 508.1 506.4 503.4 503.2 500.4 499.1 498 496.3 494.7 492.2 489.9 488.2 487.2 484.2 483.2 489.4 494.9 500 505 510.3 515.4 520.3 525.9 532.2 539.8 547.4 555.5 562.8 569.5 575.8 583.3 591.4 599.7 607.2 614.8 619.1 620.6 620.1 616.2 608.4 598.7 589.5 579.4 567.7 551 537.3 522.1 518.1 523.4 529.3 528.3 521.5 509.7 497 477.4 451.9 444.7 442.5 436.2 436 431 426.9 420.6 417.9 414.7 411.4 408.8 407.4 404.4 397.3 388.8 384.4 378.5
550.8 540.8 533 525.7 518.7 514.8 511.1 506.9 503.9 500.6 497.6 497.1 497.2 496.4 495 493.1 490.3 487.2 483.6 475.2 483.2 490.7 496.5 500.4 506 512.2 517 524.1 531 537.2 544.1 551.4 558.3 565.4 571.7 578.6 586.9 594.9 601.1 608.2 614.1 616.7 616.1 611.4 604 595.9 586.9 576 562.4 547.8 534.5 529.7 533 537.1 539.2 536.8 529 514.7 495.9 478.7 461 445.8 432 426.5 424.2 421.8 413.6 412.8 408 405.2 400.1 399.6 396.7 393.8 389.1 388.9 390.4 396.1
555.3 545.3 536.2 530.2 525.9 521.7 518.5 513.4 506.4 503.5 500 499.5 499.2 499.1 497.7 495.5 493.1 490.4 487 481 472.7 484.5 491.6 497.5 501.4 506.5 513.4 520.7 527.7 534.4 542.1 549.2 555.5 561.3 567.6 574 581.8 589.1 594.6 599.5 605.6 609.3 608.7 604.2 598 591.1 582.9 572.7 557.1 546.6 544.6 547.5 551.4 553.4 550.1 545 535.4 520.5 500.7 487.2 476.8 465.7 454.7 445.4 430.8 425.6 422.8 420.8 417.5 415.3 413 410 410.7 410.7 411.7 412.8 417 422.9
562.6 551.7 542.3 536.3 531.5 525.6 523.1 519.9 511.2 507.7 504.9 502.3 501.5 502.6 502.2 499.4 496.8 493.6 490 486.2 475.8 475.9 485.1 493 497.5 503.6 510 517.8 526 536.3 544 548.5 553.5 559.1 564.6 569.8 575 580.8 586.8 592.2 596.2 598.4 598.5 595.4 591.7 586.6 578.8 568.7 563.2 562 562.2 564.5 567.2 567.7 562.3 554.6 544.5 530.6 516 503.8 492.7 480.8 467.7 449.4 437.7 439.1 436.7 433.1 432.8 433.3 433.8 433.9 435.7 436.9 439.4 440.9 444.1 448.7
570.4 558.1 550.8 543.1 537 533.6 528.4 526.4 518 513.9 511.5 507 505.9 507 506.7 504.8 501.1 497.4 492.8 489.1 482.8 468 477.2 486 494.7 503.7 511.7 520 529.8 538.2 544.9 549.4 553.2 557.6 562.2 567 571 575.6 580.3 585.3 589.3 591 591.5 591.2 589.5 585.9 580.6 576.9 576.3 575.7 576.9 579 580 576.9 571.6 563.1 552.8 540.1 527.5 515 501.1 486.8 467.9 447.7 450.8 453.1 451 450.2 452.3 455 457.1 459.3 461 461.6 463.8 465 467.6 470.6
577.2 565.6 558.3 551.1 544.8 539.9 537.5 533.1 524.6 520.4 519 513.5 511.6 512 510.1 508.4 506.8 502.8 496.8 492.2 486.8 473.5 467.6 478.6 492.2 504.5 513.8 523.3 532.6 538.8 545.1 549.2 552.3 556.7 560.8 564.3 568 572 576.6 581.2 584.8 587.4 589.5 590.2 591.1 590.1 587.9 586.8 588 588.7 590.8 592.1 591.1 586.1 579.4 570.1 559 546.1 531.7 517.4 501.6 485 464.8 459.6 462.7 464.7 464.1 467.9 473.6 477.6 480.1 482.3 483.4 483.9 484.5 485.6 486.8 486.5
584.1 576 567.8 559.2 553.6 548.2 547.3 542 535.2 527.8 525.3 519.7 519.7 519.6 515.1 513.2 510.9 508.3 502 496.5 490.2 482.8 469.4 468.4 487.8 504.4 514.9 524.8 531.7 536.9 543.4 547.6 550.9 555 558.1 561.4 565.2 569.3 573.4 578.1 582.3 585.8 588.5 590.9 592.8 594.3 595.4 597.5 598.9 600.3 600.9 600 597.3 592.3 584.1 574.2 562.4 549.6 532 513.6 497.3 483.7 470.9 474.1 474.6 477.7 479.8 484.9 491.5 494.1 496.9 498.1 497.6 497 497.3 497.6 495.6 491.3
590.9 584.3 576.4 569.4 563.5 558.1 555.3 551.6 545.2 539.8 534.1 527.7 528.4 527.1 523.6 519.5 515.6 513.5 508.3 503 494.1 486.2 474.9 457.7 479.3 500.4 513.2 522.4 528.1 534.8 541.9 545 549.2 551.2 554.4 558.8 563.4 568.6 573.8 578.5 582 585.2 589.1 593 596 599 602.2 606.5 608.6 608.6 607 604.4 600.5 595.4 586.3 575.7 564.7 551.4 534.9 516.4 499.6 488.3 487.5 488.3 486.7 491.6 496.5 499.8 503.5 505.1 507.4 507.8 507.2 507.2 506.2 503.1 499.1 492.5
596.2 591.6 584.2 578.6 572.7 567.3 563.3 558.5 554 550.5 543.3 536.6 537.2 535.9 531.6 527.4 521.5 519.6 515.6 510.7 501.1 490.6 477.7 456.5 469.3 492.9 507.1 517 524.7 532.6 539 541.6 544.7 546.5 552.5 558.6 565.2 572 576.9 580.1 583.9 587.5 592 596.2 600.9 605.4 610.8 615.3 617.2 615.5 611.8 607.2 602.7 596.6 588.2 577.4 566.6 554 539.5 521.8 506.7 501.4 504.2 502.3 499.6 505.6 509.4 511.2 513.1 515.3 517.2 516.3 515.7 514.9 510.6 505.4 498.2 490.2
601.1 597.4 592.3 588 582.8 577.9 573.1 567.6 561.2 557.9 550.6 546.3 545.2 543 538.4 534.6 527.9 525.7 522 517.6 510.1 499.1 484.3 468.3 457.6 481.9 500.4 510.7 519.1 527.8 533.9 536.3 538.8 545.1 552.2 559.7 567.2 576.3 581.1 584.1 587.4 592.2 596.9 601.8 608 613 618.2 621.2 623.2 620.2 614.7 609.4 604.1 596.9 588.8 579.1 568.1 556.6 543.1 525.4 518.9 520.6 518.5 514.5 513.9 517.4 519.9 520.8 522.2 524.6 524.9 524 523.5 518.6 511.5 503.8 495.6 487.1
604.7 602.7 600.9 597.5 594.1 588.8 582.7 575.4 568.1 563.3 557.6 555.1 551.8 547.3 543.1 539.8 534.3 530.6 527.4 522.4 516 508.7 493.7 475.1 448.7 469.9 491 503 512.2 520 525.9 527.5 535.3 543.7 552.8 560.8 569 578.3 584.2 588.4 592.4 597.4 602.3 608.4 614.6 619.2 622.7 624.5 624.4 619.8 614.6 609.2 603.3 596.5 589 579.8 569.6 559.7 550.1 539.1 538.2 535.8 530.6 527.6 526.9 528.1 528.4 529.1 531.2 532.1 531.8 531.3 528.1 520.8 512.4 503.4 494.1 486.1
610.4 607.1 608.1 605.6 602.8 597 589.5 581.5 573.2 566.2 562.3 558.6 553.8 549.6 545.6 542 538.1 533.8 530.7 525.3 519.2 512.7 499.6 477.2 451.6 457.9 477.9 494.8 503.5 511.1 515.9 522.8 533.2 543.4 553.5 562.2 570 578.8 584.9 589.8 595.1 600.3 607.1 613.6 619 623.7 626.5 626.4 622.3 617.5 612.7 607.8 601.3 594.5 587 580.1 572.8 565.3 557.2 552.9 549.6 545.4 540.5 537 536.2 535.9 536.4 537 538.1 538.1 538.1 536.7 531.5 523.7 513.7 503 494.6 485.9
616.5 613.2 612.1 610.6 608.9 602.6 593.2 583.6 574.2 566.8 563.7 558.9 553.9 549.9 546.9 543.8 539.1 535.2 530.9 526.1 519.9 513 503.9 485.4 459.2 443.9 465.9 485.3 493.9 499.9 503.8 520.5 530.4 541.6 554.2 562.4 570.2 578.3 584.1 590 596.3 603.5 610.7 617.7 623.5 627.9 628.6 624.6 619.4 614.5 609.6 604.6 598.5 592 585.6 580.7 575.2 568.9 564.8 561.3 556.8 551.3 546.8 544.7 543.7 542.5 543.1 543.5 542.6 541.7 541.6 539.3 532 522.7 512.7 503.6 495.3 487.5
621.6 617.7 615.4 613.3 610.7 604.3 594.4 585.1 574.4 565.8 562.1 556.1 552 548.2 545.2 542.3 537.9 533.2 528.1 523.3 519.1 512.3 505.5 494.1 470.5 443 453.1 473.2 474.6 490.3 507.9 519.3 528.6 540.2 552.2 561.4 569.6 576.3 581.6 588.6 597.1 605.4 613.2 620.3 626.3 628.9 626.8 621.8 616.4 611.1 606.1 600.8 595.5 589.6 584.7 580.6 576.3 572.8 570.2 566.9 562 556 552.1 549.4 547.8 547.1 548 546.5 544.5 543.8 542.4 538.2 529.8 520.1 512.3 504.2 496.5 490.6
624.2 620.4 617.8 613.9 610.8 604.7 594.2 585.5 573.4 563.6 557.3 551.9 547.3 543.6 540.4 537.9 534.2 529.3 524.2 519.6 515.4 509.3 503.7 495.5 472.8 445.4 445.1 455.1 474.5 492.1 506.2 517.9 527.7 538 548.8 558 566.5 572 577.5 586.4 595.5 604.8 613.9 622 626.6 625.6 622.7 617.8 612.2 606.8 602.1 597.2 591.9 587.4 583.6 579.4 576.5 574.5 572.3 568.5 563.3 557.7 554.4 551.4 548.9 549.7 549.4 545.6 543.7 543 539.8 534.2 524.9 516.7 511 504.2 497.8 493.2
622.2 618.8 617.1 614 610.8 604 592.3 581.8 569.4 558.5 550.8 545.4 540.3 536.2 533.1 530.8 527.7 523.3 518.9 514.4 509.8 505 501.2 491.5 468 437.4 435.3 452.4 472.8 489.9 503.3 515.9 526.1 535.4 544.8 552.8 559.9 565.5 572.1 581.7 592 602.5 612.4 621.5 622.8 620.4 617.3 612.4 606.8 601.8 596.9 592 587.8 584.6 580.6 577.3 575.7 574.6 571.4 566.5 562 557.8 553.8 550 547.8 546.8 544.2 541.9 541.6 539.1 534.3 526.1 518.7 513.9 509.8 504.5 500.1 496.4
616.3 613.6 612.6 610.6 607.1 599.2 586.3 573.9 561.9 552.7 543.8 537.5 531.7 527.3 523.6 521.3 518 515.3 511.9 508 504.7 502.1 497 484.8 462.3 436.3 429.4 448.9 467.7 486.9 501.1 513.1 524 532.5 540.6 547.3 552.7 557.1 565.9 576.6 586.8 597.3 607.3 614.9 615.6 613.5 610.2 605.7 600.8 596.1 591.7 586.9 583.9 580.6 576.5 574.3 572.7 571 567.1 563 557.9 553.8 549.4 545.9 542.9 540 537.7 536.4 535.3 531.2 525.2 518.4 515 511.9 507.8 503.6 501.8 499.1
607.3 605.7 604.4 601.9 597 590.2 577.5 564.2 555.1 545.8 536.8 529.6 523.8 518.2 514.1 511.8 509.8 507.8 505.2 503.4 501.6 498.4 490.8 476.5 455.8 433.6 424.3 444.7 462.9 483.8 497.9 508.8 519.9 528.6 535.3 540.6 543.9 548.2 559.1 569.4 579.2 588.4 597.6 604.5 606 604.6 601.1 597.6 594.6 590.7 586.6 583.3 580.2 576.7 572.7 570.3 568.1 564.9 561.3 556.7 551.8 546.9 542.4 537.9 535.2 532.3 529.9 528.3 525.7 521.2 516.3 513.7 511.1 509 505.1 503.3 502.5 502
596.7 596.2 594.2 590.7 585.4 579 566.9 555.1 547.4 538.9 529.9 522.7 517.1 511.8 507.7 505.7 504.4 503 501.8 499.9 496.8 490.1 482.1 470.9 452.5 429.7 422.6 440.8 460.6 480.2 494 505.8 515.5 524.1 529.3 531.9 534 539.7 549.8 559.7 568.9 577.2 585.3 591.9 594.4 593.4 591 590 588.4 585.9 583.4 581 577.8 574 569.2 563.4 559.6 557.1 553.6 548.4 543.2 537.7 533.5 529.3 526.5 524 522 519.6 515.7 511.5 508.7 507.3 505.9 504.8 503.8 503.1 502.3 502.9
586.8 585.1 582.9 579.7 575 568.4 559.3 549.4 540.5 532.7 524.8 517.4 510.8 506 503.5 501.9 500.5 498 495.2 491.8 486.5 480 472.8 463.5 449.3 425.9 418.3 439.3 458.9 476.5 489.9 501.2 510.3 517.7 521.6 522.6 523.8 531.3 540.4 548.6 557.1 564.1 570.7 576.3 578.3 580.5 582.2 583.4 583.6 583.2 581.6 579.4 577 573.4 567 555.7 541.7 541 541.3 538.1 533.2 527 522.3 519.3 518 516.6 514.4 511.9 507.3 503.1 500.9 500.3 499.9 499.8 501 501.1 501.2 503.3
576.1 573.4 571.7 569.6 565 560 553.4 544.5 535.5 528.7 520.8 513 507.9 503.4 497.9 491.7 488.2 485.1 481.2 476.2 471 467.3 462.4 454.7 440.9 420.6 417.5 437.9 457.6 473.7 485.7 495.5 503.9 509.2 511.3 511.2 513.7 522 528.6 535.6 541.6 546.5 551 554.8 559.5 568.9 575.2 579.8 581.6 581.6 580.6 579 576.4 571.9 564.9 554.5 536.9 522.2 517.7 518.9 517.2 511 507.9 508.9 510.3 509.1 505.8 501.8 497.6 495.3 494.7 494.7 494.1 494.8 495.9 497.1 498.3 502.2
566.8 563.1 560.3 558.4 556 552.1 548 540.2 532.5 526.2 518.4 510.9 506.6 502.6 501 496.1 481.1 470.3 465.7 461.2 456.7 453.2 447.8 440.9 429.3 413.5 414.7 435.3 455.9 470.8 479.9 488.2 495.2 499 499.6 499.4 503.2 510.7 516.3 521.1 524.6 528.2 532.1 535.5 543.6 558.4 571.6 577.5 580.1 581 580.3 578.6 575.1 570.8 565.1 556.5 542.5 525.2 512.4 501.2 499.7 498 497.9 501.2 503 500.8 496.8 493 489.9 489.2 489.1 488.9 488.2 488.8 489.7 491 493.5 496.2
558.5 554.4 551.4 550 549.5 548.9 545.2 538.8 531.1 523.2 515.1 510.5 507 504.5 502.1 497.5 490 484.2 481.1 475.3 466.7 457.9 447.2 432.3 421.3 408.9 407.1 428.3 448.1 463.5 474.3 481.7 485.5 487.1 487.6 486.1 491.9 498.1 502.1 504.7 507.7 512.3 517.7 527 542.5 558.9 570 575.5 579.1 580.8 581.3 578.9 574.1 569.4 563.2 556 544.4 529.5 511.9 498.5 489.1 486.8 489.8 494.2 495.5 493 490.8 488.6 485.8 484.4 483.3 482.6 482.4 482.2 482.7 483.2 485.9 487.2
551.9 546.8 543.6 543.6 544.8 544.3 541.6 535.6 527.3 517.5 513 509.6 506.8 504.1 502.5 500.6 497.6 493.7 490.2 484.1 476.4 465.3 454.6 443 431.2 411.8 400.6 414.9 436.5 453.8 466.3 470.7 473.6 475.2 474.1 474.2 480.8 486.4 489.5 490 493.9 501.6 518.3 533.3 547.1 559.5 567.7 573.7 577.6 580.7 581.7 578.6 573.6 568.7 562.1 552.2 538.7 523.6 506.9 492 485.1 479.8 482.3 486.8 487.7 487.8 487.2 484.5 481.1 479.6 479 478.7 478.9 479.7 480.7 481 480.2 477.4
547.5 540.1 535.8 537.1 539.8 538.4 534.4 529.8 521.3 515.4 511.3 507.6 505 504 502.7 501.3 499.5 496.4 491.8 486.8 479.8 469.3 459.9 448.8 437 421.2 401.9 403.3 422.7 442 454.9 458.7 460.9 461.1 459.2 463.5 470.5 474.2 476.3 478.4 489 505.9 522.7 535.9 548.7 557.7 564.2 571 576.7 580.9 580.4 576.9 572.8 567.8 559 545.2 528.5 512.3 497.9 488.4 481.6 477.1 474.6 478.5 481.2 482.8 482.9 480.1 476.1 474.1 475.1 475.5 476.6 477.9 479.8 481.8 486 486.4
542.1 534.8 528.7 529.2 531.4 532 529.4 521.1 516.5 513 509.3 506.3 505.2 504 502.6 501.2 499.3 495.8 491.4 487.6 480.5 473.9 468.3 459 446.4 428.4 406.3 393.3 408.1 427.6 439.8 445.1 447.9 445.6 447.3 455 460 462.2 465.8 474.5 490.7 506.8 522.7 535.1 545.2 553.7 561.6 569.1 574.5 578 577 574.6 572.1 566.3 555.5 538.8 523.9 508.6 496.1 487.5 479.1 472 467.9 469.2 475.4 477.2 477.3 475.6 471.2 469.8 470.5 472.5 474.7 477.5 479.9 484.8 489.3 489.7
541.2 532.1 527 522.3 523.5 525.4 522.3 518.1 515.3 511.3 507.9 505.6 504.1 502.9 502.1 500.6 497.7 494.6 491.2 488.1 484.1 478.7 471.8 463.3 453.6 436.9 415.6 392.9 394.9 408.8 422.2 430.3 430.2 431.7 439.7 445.2 448.3 451.1 456.6 475.6 490.6 505.1 519.2 530.4 540.2 550.1 559.2 566.4 572.3 574.9 574 572.8 571.7 566.3 554.3 539.9 526.2 513 501.3 489.7 477.9 466.7 461.2 459.9 464.7 469.3 470.4 470.2 466.9 465.6 466.5 469.1 473.4 477.5 481.1 486.5 490.2 491.3
539.4 532.9 529.5 522.8 516.8 519.1 519.5 517.3 511.7 507.8 505.9 503.6 501.3 500.5 499.4 497.8 495.5 493.3 491 488.4 485.1 479.4 472.7 464.4 454.5 443 424.1 402.8 382 391.3 402.6 411.8 413.9 423.1 428.5 432.1 435.7 445.1 460.9 475.1 489.2 502.9 514.9 525.6 537.6 547.5 555.8 563.7 568.9 569.9 569.7 571.4 570.6 564.4 554.4 542.4 530.7 517.5 508.2 495.2 480.7 469.9 456.7 452.4 453.7 459.6 461.2 462 461.4 460.8 462 467 473.2 478.2 483.5 487.8 491.9 492.8
539.7 537 529.4 520.2 513.4 512.6 514.2 510.3 506.5 504.3 502.3 499.7 498.1 496.9 495.8 494.9 493.8 492.4 490.4 487.8 483.6 477.6 471.4 464.3 455.1 444.8 429.3 412.6 389.3 378.3 387.3 393.9 403.4 410.3 413.4 414.6 440.4 458.3 472.1 482.3 493.1 503.2 514.5 526.3 536.4 545.6 553.6 559.6 564.3 565.1 565.9 568.2 566.4 560.7 552.7 543.5 531.1 521.1 512.1 500.7 482.9 471.1 462.6 443.5 445.2 447.9 452.4 453.8 454.3 454.7 460.3 466.9 473.3 479.7 485.5 489.3 493.8 494.1
