Assets/StreamingAssets/GeoData/Data/nt/NT25.asc
ncols 200
nrows 200
xllcorner 320000
yllcorner 650000
cellsize 50
[rows 105 to 139 of 200, columns 78 to 155 of 200]
296.5 297.1 296.2 291.5 285.3 280.8 278.8 277.7 276.6 274.4 270.2 265.8 263.3 261.8 260.2 259.7 259.7 260.3 263.2 268.7 274.3 278.4 279.6 279.2 278 277.1 277 276.2 274.9 273.4 272.4 272 271.4 270.7 269.9 269.1 268.5 268.4 268.4 268.4 268.4 268.4 268.6 269.2 269.3 270.1 272 273.8 275.6 276.4 277 277.3 276.7 273.6 269.7 266.2 264.7 263.1 260.7 258.8 258.2 261.8 265.7 268.1 268 266.8 265.3 262.9 260.5 257.8 255.7 254.9 254.6 254.7 254.5 254.1 253.7 252.8
296.7 297.4 293.4 287.2 281.5 278.8 277.9 277.3 274.8 271.6 267.3 264 262.2 260.8 259.6 259.1 260.4 262.1 267.4 272.8 276.4 278.5 279.6 279.5 279.3 279 278.3 277.2 275.6 274.2 273.2 272.6 271.8 271.2 270.4 269.6 269.2 269.2 269.2 269.1 269.1 269 269.4 270.2 270.8 271.8 274.2 275.9 277.6 277.9 277.8 277.2 275.6 272.6 268.8 266.8 265.3 263.9 260.9 258.8 261.1 264.7 268.2 270 271 270.1 267.2 264.8 261.9 258.1 255.7 254.9 254.6 254.7 254.4 254.1 253.5 253
297.5 295.7 288.9 282.8 279.6 278.9 278.2 276.4 273.4 270.1 265.8 262.9 261.3 259.9 259.1 259.8 261 265 270.6 275.2 277.9 279.7 280.2 280.5 280.2 279.7 278.5 277.5 276 274.9 274.2 273.6 272.6 271.9 270.9 270.1 269.9 269.9 269.9 269.8 269.6 269.9 270.2 270.6 271.3 273.8 277 278.9 278.6 278.4 277.9 276.7 274.8 271.4 268.7 267.1 265.5 263.4 260.2 259.9 263.3 267.1 270.4 272.3 273.9 271.5 269 266.5 262.9 259.1 256.7 254.9 254.6 254.6 254.4 254.2 253.7 253.1
296.2 290.7 283.1 280.2 279.5 279.1 277.7 274.5 271.7 268.9 265.3 261.9 260 258.2 259.2 260.2 262.4 268 273.4 277 279.2 281 281.5 281.5 280.8 280.1 278.8 277.6 276.7 276 275.2 274.3 273.4 272.5 271.5 270.8 270.7 270.6 270.5 270.4 270.4 270.7 271.2 271.5 273.2 276.5 279.4 280.3 279.5 278.5 277.5 276.4 274.4 271.9 269.3 267.2 265.1 262.3 260.5 261.4 265.6 269.7 273.2 275.9 274.6 272.6 270.6 268.3 265.3 261.3 257.7 255.4 254.9 254.6 254.4 254.2 253.9 253
290.7 284.3 279.6 279.6 279.5 279.1 275.8 272 269.1 266.3 262.7 260.4 258.9 258.2 259.7 260.7 264.2 270.4 275.1 278.3 280.4 282.2 282.5 282.5 281.6 280.4 279.1 277.9 277.1 276.3 275.5 274.6 273.8 273 272.1 271.5 271.3 271.2 271.1 271 271 271.2 272.2 272.8 276.1 279.2 281 280.7 279.7 278.3 277.1 275.9 274.2 272.2 270 267.4 264.5 261.8 259.9 262.2 267.7 272.1 276.1 276.1 275.2 273.6 272.2 270.1 267.5 263.5 259.5 256.4 255.1 254.6 254.4 254.2 254 253.4
283 279.5 279.7 280 279.4 278.1 274.2 270.4 266.6 263.6 260.3 259 257.9 258.5 260 261.8 266 272.5 276.6 279.7 281.8 283.2 283.6 282.7 281.8 280.7 279.4 278.1 277.4 276.5 275.7 275 274 273.3 272.6 272.1 272 271.9 271.8 271.5 271.6 271.8 273.2 275.5 278.8 281.2 282.1 280.7 279.1 277.9 276.7 275.4 274.3 272.1 269.8 266.9 264.6 262.3 260.6 262.5 268.7 278 276.1 276.3 276 275 273.7 271.7 269.6 265.6 261.6 257.6 255.8 255 254.3 254 253.8 253.2
280.1 279.7 280.2 280.7 279.6 276.3 272.9 269.5 265.1 261 259 258 258.1 259.2 260.8 263 267.7 273.4 277.5 281 283.2 283.7 283.5 282.6 281.8 281.1 279.7 278.4 277.7 276.8 276 275.2 274.3 273.6 273.1 272.8 272.6 272.5 272.1 271.9 272.1 272.6 275.1 278.5 281.2 281.8 281.7 280.1 278.2 277 276 275.2 274.3 271.7 268.3 266.3 264 262.4 260.9 261.3 274.4 273.3 275.6 276.8 277 276.3 275.1 273.3 271 267.2 263.2 259.3 256.6 255.2 254.3 253.8 253.6 253
280.1 281.1 280.7 279.5 277.4 274.1 270.5 268.6 263.7 259.6 257.8 258 258.6 259.8 261.5 263.4 268 273.7 278.2 281.4 283.8 283.5 283.3 282.8 282.4 281.5 280.3 278.8 277.8 277.1 276.2 275.5 274.6 273.9 273.6 273.4 273.3 272.8 272.4 272.4 273.1 275.1 278.4 281 282.8 282.3 280.9 279 277 276.1 276.1 275.4 273.1 269 266.1 264.4 263.4 262.5 262.7 270.6 273.1 274.7 276.7 277.6 278 278 276.3 274.3 271.9 268.1 264.2 261.1 258.7 255.9 254.3 253.8 253.4 253
280.8 281.8 280.3 277.2 274.5 271.4 268.4 265.7 260.3 257.9 257.8 258 258.9 260.4 262 263.8 268.8 274.4 278.6 281.2 283.3 283.1 283 282.9 282.7 282 280.8 279 278 277.2 276.4 275.7 275.2 274.7 274.2 274 273.8 273.6 273.1 273.2 275.5 278.1 280.7 282.9 282.8 281.8 279.8 277.7 276.7 276.4 277.4 275.6 270.5 266.3 265.2 264.3 263.4 262.4 267.1 272.9 274.2 276.4 278.2 279.5 279.6 279.3 277.5 275.5 273.2 269.5 265.8 263.1 260.7 257.9 255.5 254.8 254.4 253.5
277.9 279 276.6 273 270 267.8 265.2 262.7 258.5 257.6 257.6 258.1 259.4 260.7 262.1 265.1 270.1 275.4 279.9 281.4 282.8 282.7 283.1 283.4 283.3 282.4 280.9 279.2 278.1 277.4 276.7 276.1 275.6 275.2 274.8 274.6 274.4 274 274.1 275.3 278 280.8 282.8 283.1 282.2 280.6 278.7 277.7 277.7 278.1 279.1 275.8 269 265.9 264.7 263.5 262.9 266 270.3 273 275.4 278.5 280.8 282 281.8 280.2 278.6 276.5 274.1 271 267.4 265.1 262.5 259.9 258.1 257 255.8 254.7
274.7 272.8 270.8 267.9 265.2 263.7 262.7 260.8 258.5 257.7 257.9 258.4 259.6 260.9 262.2 266.6 271.4 276.6 279.1 280.8 282.7 282.9 283.9 284.2 283.7 282.6 280.9 279.6 278.4 277.5 277 276.5 276 275.6 275.3 275 274.9 274.5 275.3 277.9 280.9 282.9 283.7 282.8 281.5 279.6 277.9 278 278.3 278 277.3 274.9 270.6 266.4 264.2 263.2 265.1 269.6 272.6 275.6 278.2 280.6 283.3 283.6 283.2 281.6 279.4 277 274.6 271.9 269.3 267 264.8 262.9 261.4 259.5 257.9 256.3
278.6 273.5 272.3 268.4 264.5 261.8 260.3 259.9 257.6 257.1 257.6 258.7 259.8 261.1 262.5 267.4 272.5 277 278.3 279.8 281.8 283.6 285.1 285.1 284.1 282.6 280.8 279.6 278.3 277.6 277.2 276.8 276.5 275.9 275.6 275.3 275.2 275.8 277.7 280.7 283.3 284.2 283.6 282.2 280.4 278.7 278 277.9 277.2 276.2 276.1 278.4 273.4 264.4 263.5 264.7 267.8 271.5 275.8 278.9 280.3 282.2 284.5 285.3 284.6 282.2 280 277.8 275.6 273.1 270.6 268.6 267.3 265.8 263.8 261.5 260 258.4
280.3 274.5 271.9 269.2 264.1 260.7 259.4 258.5 257.1 256.7 257.8 258.8 259.9 261 263.8 268.4 273.4 276.1 277.7 279.3 282.2 284.5 285.8 285 284.2 282.5 280.6 279.1 278.1 277.7 277.4 277 276.6 276.2 275.8 275.6 276.1 278 280.6 283.6 284.9 284.5 283 281.2 279.2 277.7 277.1 277.2 274.3 272 272.9 273.5 265.6 263.8 266 267.9 269.9 274.1 279.6 279.6 281.4 283.4 285.5 285.9 284.3 281.9 279.8 277.6 276 274.1 272 270.5 269 268 265.7 263.5 261.7 260.5
279.7 275.2 268.8 267.1 262.4 259.5 258.6 258.1 257.5 256.8 257.9 258.9 259.9 260.9 265.2 269.7 273.7 275.4 277 279.6 283 285 286.2 285.3 284.2 282.3 280.4 278.8 278.3 278 277.7 277.3 276.9 276.4 276.2 277.1 278.3 281 283.7 285.6 285.3 283.9 282 280.1 278.2 276.9 276.3 274.9 270.7 267.9 267.9 265.3 263 269.3 268.2 269.4 272.4 280.7 277.4 279.7 282 284.8 286.3 284.9 283.2 281.6 279.6 278 276.6 274.8 273.3 272 270.8 269.5 267.5 265.4 263.2 262.3
277.2 272.3 267.6 263.1 260.2 258.6 258.5 258 257.4 257.3 258 259.1 260.1 261.8 266.1 270.5 272.9 275 277.4 280.6 284.1 286.1 286.5 285.6 283.7 281.8 280 278.6 278.4 278.1 277.9 277.6 277.2 277.2 277.4 278.7 281.1 283.8 285.9 286.4 285.1 282.9 281 279.2 277.4 275.6 274.1 270.7 267 266.2 265.7 263.7 267.2 267.7 268.4 269.9 281.9 275.3 277.1 279.5 282.1 285 284.8 284.1 282.4 281.1 280.1 278.8 277.3 275.7 274.3 273.1 272 270.6 268.8 266.7 264.5 262.7
274.1 268.6 263.9 263.2 259.5 258.6 258.2 257.8 256.9 257 258.6 259.9 260.6 262.7 267.1 271.4 272.1 274.5 277.9 281.6 284.9 286.8 286.4 284.9 283.1 281.2 279.4 278.6 278.5 278.4 278.4 278.2 278.3 278.2 279.4 281.3 283.9 286.5 287.2 286.1 283.9 281.8 279.9 278.1 276.2 273.1 270.1 266.9 265.1 264.6 264.5 266.3 267.9 268.4 268.9 280.1 275 274.5 276.7 279.5 281.7 283.5 284 283.3 282.6 281.9 280.9 279.7 278.2 276.5 275.4 274.3 273.2 271.8 269.6 267.4 265 262.3
270.8 265.1 261 260 259.2 258.3 257.8 258.4 257 255.9 257.6 261 261.1 263.1 268.1 270.9 271.5 275.1 279 282.4 285.4 286.3 285.7 284.2 282.3 280.6 279.6 279.1 278.9 278.9 278.9 279.1 279.4 280.2 281.9 284.3 286.6 287.9 286.8 284.4 282.3 280.2 278.1 275.8 273.1 269.8 266.6 265 264.6 264.3 264.6 266.7 267.5 268.4 276.3 274.2 272.6 273.6 275.6 278.5 280.4 281.9 282.8 283.5 283.2 282.7 282.1 280.1 278.4 277.2 276.1 275.1 274 272.5 270.5 268 263.8 263.2
267.4 261.9 259.6 259.8 259.8 258.6 258.4 260.6 259.1 255.9 256.2 258 259.4 262.7 268.7 270.6 271.9 276 280.1 283.2 284.8 285.2 284.4 283.5 281.9 280.7 280.1 279.7 279.3 279.4 279.8 280.4 281.2 282.4 284.9 287.4 288.7 287.7 285.5 282.9 280.7 278.4 275.8 273.3 269.8 266.6 265.4 265.2 264.7 264.1 265.1 266 266.9 272.2 273 270.4 271.3 272.3 274.7 277.4 279.4 281 282.7 283.4 283.5 283 281.1 279.6 278.2 277.1 276.2 275.3 274.3 273 271.2 267.6 265.8 267.2
264 260.3 260.1 261.8 259.5 259.7 261.1 263 262.2 259.1 258.1 255.3 259.4 264.1 267.8 269.5 272.2 277 280.8 283.6 284.2 284.2 283.6 282.8 282 281.4 280.8 280.5 280.4 280.9 281.5 282.3 283.2 285.3 287.6 289.6 289 286.6 284 281.5 279 276.4 273.7 270.4 267.2 265.8 265.7 265.7 265.2 264.7 264.6 265.3 267.2 270.2 268.4 269 270.4 271.9 274.2 277.2 279.6 281.3 283.4 284 283.1 281 279.6 278.4 277.5 276.6 275.6 275 274 272.5 270.7 268 269.2 270.2
261 260.3 260.2 261.4 260.8 260.2 261.6 260.1 259.7 260.1 257.1 256.2 259.3 263.8 266.8 269 272.8 277.6 280.9 283.2 283.6 283.7 283.4 283.2 282.6 282.3 281.8 281.6 281.6 282.4 283.3 284.2 285.6 288.1 290.1 289.9 287.8 285 282.4 279.9 277.3 274.2 271.2 268.2 266.7 266.2 266.3 266.2 265.8 265.2 264.8 264.9 265.6 266.7 267.9 268.7 269.9 271.5 274.4 277.9 280.5 282.7 284.5 283.3 281 278.9 278.2 277.2 277.1 276.2 275.3 274.5 273.7 272.4 271 269.8 269.9 269.9
259.9 260 260.4 260.3 259.7 259.4 258.9 256.5 257.3 256.6 255.1 259.1 260.1 262.6 265.2 268 273 277.9 280.7 282.3 282.9 283.2 283.3 283.4 283.3 283.2 283 282.9 283.5 284.2 285 286.2 288.5 290.8 291.1 288.7 286.1 283.3 280.8 278.2 274.8 271.5 269 267.6 267 266.9 266.9 266.7 266.4 265.7 265 264.8 265.3 266.6 267.6 268.9 270.1 272.7 276 279.5 282.8 284.9 283.5 280.6 277.9 277.2 278 277.5 276.9 276 275.1 274.3 273.5 272.7 272 270.9 270.6 269.4
259.3 260.2 260.7 260.6 260 259.2 258.3 256.5 257.8 254.7 257.2 261 260.3 263 264.8 268 273 277.7 280.1 281.2 282.3 283 283.9 284.1 284.3 284.4 284.2 284.8 285.5 286.3 286.9 289 291.1 292.2 290.5 287.3 284.1 281.3 278.4 275.3 272.2 269.2 267.9 267.4 267.4 267.4 267.2 267.1 266.6 266 265.3 264.8 265.4 267.6 269.6 269.9 271.4 274.6 278 281.1 284.9 283.7 281.5 278.6 277.9 278.5 278 277.5 277.2 276.5 275.3 274.2 273.5 272.9 272.4 271.6 270.8 270.3
258.9 259.5 260.2 259.7 259.6 257.9 257.9 256.4 257.6 255 256.7 261.1 260.9 262.6 264.8 268.3 273.3 277.2 279.2 280.6 282.2 283.5 284.5 284.9 285.1 285.6 286.2 286.8 287.4 288.3 289.4 291.4 292.8 291.5 288.4 285 281.9 278.8 275.4 272.4 269.7 268.9 268.1 267.7 267.7 267.6 267.3 266.9 266.4 265.1 265.3 265.1 267.3 271.2 274 273.7 274 276.6 279.8 281.4 282.7 281.4 280 278.6 278.7 278.5 278 277.6 277.3 276.4 275.2 274.3 273.8 273.3 272.8 272.2 271.4 270.6
258.6 258.5 258.2 257.5 257.4 256.7 256.6 254.7 254.5 252.6 256.1 260.8 261.4 262.5 264.5 268.9 273.6 276.8 279 280.7 282.6 284.4 285.4 286.1 286.6 287.9 288.8 289.2 289.6 290 290.9 292.7 291.9 288.8 285.2 282.1 278.7 275.4 272.3 269.8 269 268.3 268.1 267.9 267.8 267.4 267 266.6 265.8 264.2 264.9 266.6 271.1 275.5 277.4 276.5 276.6 278.7 281.1 282.3 282.1 280.8 279.2 278.8 279 278.6 278.2 277.8 277.2 276.2 275.2 274.6 274 273.5 273.1 272.4 271.7 270.9
258.4 256.3 255.7 255.2 255.1 255.8 255.3 254.8 252.3 251.2 254.7 258.3 260 260.9 264.2 269.3 273.4 276.3 278.9 281.4 283.5 285.1 286.5 287.1 288.6 290.1 291 291.1 291.4 291.9 292.4 291.5 289.7 285.6 282 278.9 275.5 272 269.6 268.8 268.7 268.5 268.2 268 267.6 266.9 266.4 265.9 265.1 264.5 266 269.3 274 276.5 277.1 277.4 279.3 281.3 283.2 283.4 281.9 280.4 278.9 278.8 278.7 278.4 278.2 277.8 277.1 276.2 275.3 274.8 274.2 273.7 273.2 272.6 271.9 270.9
258.2 256 257.3 256.7 255.8 256.1 256.4 256.8 251.1 251.7 253.8 255.7 259.9 259.7 264.3 269.2 273 276.3 279.4 282.4 284.5 286.2 287.6 289.3 291.1 292.4 292.9 292.5 292 292.1 292 290.4 286.5 282.3 278.8 275.7 272.2 269.5 268.7 268.8 268.9 268.6 268.3 268 267.2 266.4 265.9 265.2 264.5 266.1 270.7 274.5 275.8 275.7 276.1 278.4 281.3 283.2 283.6 282.9 281.4 280.3 279.2 278.6 278.4 278.3 278 277.7 277 276.2 275.5 275 274.4 273.8 273.3 272.7 271.9 270.6
256.3 259.8 261.4 260.3 258.6 257.5 257.9 257.9 250.6 250.8 253 255.9 258.7 259.3 264.4 268.8 272.7 276.4 280 283.5 286.1 287.7 289.9 291.7 293.6 294.2 293 292.1 291.7 291.6 290.7 287.5 283 278.9 275.4 272.5 269.7 268.8 269 269.1 269.1 268.7 268.3 267.7 266.9 266.3 265.8 265.4 265.5 270 276.6 279 276.5 274.8 276.5 280.2 283.1 284 283.5 282.1 281.3 280.1 279.1 278.6 278.3 278.2 277.9 277.6 277 276.3 275.6 275.2 274.5 273.9 273.4 272.6 271.6 270.2
254.5 254.9 255 255.8 256.7 258.4 259.3 256.1 250.2 251.6 253.2 256.1 258.3 260.1 265.4 269.6 273.3 277.3 281.1 284.7 287.5 289.8 292.4 294.5 295.1 294 292.3 291.2 291.1 290.4 288.3 283.6 278.8 274.8 272.2 270.2 269.9 269.7 269.7 269.6 268.9 268.3 267.8 267.5 266.8 266.3 265.8 265.6 266.8 271.8 276.6 276.5 274.8 275 278.4 282.1 284.2 283.9 282.6 281.2 280.5 279.8 279.3 278.8 278.4 278.2 277.9 277.4 276.9 276.3 275.8 275.4 274.8 274.1 273.3 272.4 271.4 270.2
257.1 254.4 253.5 252.2 251.9 254.7 258.1 254.5 249.7 252.3 253.4 257.7 258.6 261.3 266.4 270.9 274.4 278.2 281.9 285.7 289.6 292.4 295.1 295.6 295.5 293.4 291.7 290.5 289.9 287.9 284 278.4 274.1 271.9 270.5 270.4 270.5 270.5 270.4 269.2 268.5 267.9 267.4 267.1 267 266.3 266 266.4 267.9 271.1 273.3 273.4 274.5 276.9 280.6 283.4 284.1 282.7 281.3 280.3 279.7 279.8 279.5 279 278.6 278.2 277.8 277.3 276.8 276.4 276 275.6 275 274.1 273.2 272.2 271.3 270.1
260.6 259.5 258 257.3 254.5 251.5 254.3 253.7 249.8 253.5 254.8 259.5 259 262.2 267.3 271.9 275.4 279.1 283.2 288.3 292.5 295.3 297.2 297.2 294.5 291 289.2 287.9 285.5 282.8 277.8 273.5 271.4 270.7 270.9 270.9 271.2 271.3 270.9 269.6 268.2 267.7 267.1 267.2 267.1 266.6 266.5 267.9 269.6 270.5 272 273.8 276.2 279.1 281.8 282.5 282.3 281 279.9 279.8 279.7 279.8 279.6 279.1 278.7 278.2 277.8 277.3 276.9 276.5 276.1 275.7 275 274 273.1 272.2 271.2 270.4
261.5 262.1 259.8 259.3 256.9 251.9 250.2 251.7 248.8 251.8 254.5 257.5 257.8 262.5 267.2 271.4 275.5 280 286.5 291.9 295.6 297.8 299 296.6 291.6 288.8 286.9 282.9 280 276.7 272.8 271.5 270.8 271.2 271.6 271.8 272.1 272 271.3 269.8 268.4 268 267.5 267.4 267 266.4 266.7 268.3 269.7 270.2 270.8 272.8 276.6 279.7 280.6 280.7 280.3 279.2 279.6 280.2 280.3 280.4 279.8 279.3 278.8 278.3 277.8 277.3 276.9 276.6 276.2 275.7 274.9 273.9 273 272.2 271.3 270.8
262.1 262.3 258.4 257.6 256.2 252.5 248.8 247.9 248.4 250.5 252.2 254.1 257.4 261.9 266.5 270.8 275.6 282 288.6 293.8 297.5 298.9 298.1 293.4 289 286.8 283.1 278 274.3 272 270.6 270.6 271 271.5 271.9 272.3 272.7 272.4 271.1 269.4 268.5 268 267.8 267.4 267 266.6 266.9 268.2 268.6 269.4 270.5 272.4 276 278.1 278.9 278.7 278.4 279.4 280.4 281.7 281.6 281.2 280.2 279.6 278.9 278.3 277.8 277.2 276.8 276.5 275.9 275.3 274.5 273.3 272.5 272.6 272 271.6
258.6 257.1 255.4 255.1 253.9 251.5 249 247.4 247.7 249.4 250.7 252.3 256.6 261.2 266 270.8 277.3 284.2 291 295.4 299 299.6 296.1 288.7 285.4 282.8 278.5 274.3 271.7 269.9 269.9 270.5 271.2 271.8 272.2 272.6 272.8 272 270.4 269.4 268.3 268 268.1 267.8 268 267.3 266.8 267 267.4 268.6 270.1 273.1 275.6 277 277.3 277.4 278.2 280.3 282.1 283.2 282.7 281.4 280.3 279.5 278.9 278.4 277.8 277.2 276.7 276.2 275.7 274.8 273.9 273 272.9 273 272.7 272.3
255.6 257.2 254.7 253.2 251.7 249.4 247.5 246.4 247.1 248 249.3 251.2 255.5 260.6 265.8 271.7 278.7 286 292 296.8 299.6 299.2 291.5 283.7 280.6 278 274.2 271.8 270.2 269.6 269.9 270.7 271.4 272.1 272.6 272.9 272.6 271.6 270.9 270.2 268.8 268.5 268.3 268.6 268.8 268.5 266.8 267.2 268.2 267.5 270 272.9 274.8 275.8 276.3 276.9 279 281.3 283.6 284.4 283.2 281.4 279.9 279.2 278.8 278.3 277.8 277.4 277 276.4 275.8 274.4 273.5 273.8 273.7 273.7 273.5 273.3
254.1 259.1 255.5 252 249.6 247.8 246.1 245.6 246.5 247.8 248.6 250.3 255.4 260.6 265.9 272.2 279.7 286.5 291.8 296.8 298.5 294.5 286.2 279.3 276.5 274.2 271.7 270 269.6 269.7 270.2 271 271.8 272.3 273 272.9 272 271.2 271 270.9 272.3 272.8 272.6 270.5 270.3 270.1 267.9 269.8 270.9 267.5 268.6 271.4 273.6 274.7 275.3 276.9 279.5 282.5 284.8 285 283.1 280.8 279.5 278.9 278.6 278.2 277.7 277.3 277.3 276.8 276 274.6 274.6 274.6 274.5 274.5 274.3 274.3
