Assets/StreamingAssets/GeoData/Data/nt/NT26.asc
ncols 200
nrows 200
xllcorner 320000
yllcorner 660000
cellsize 50
[rows 35 to 69 of 200, columns 0 to 78 of 200]
156 159.7 159.3 158.2 158.1 158.2 159.1 159.8 160.8 161.1 161.1 160.8 160.3 157.1 146.4 149.5 153.6 152.3 151.7 150.2 149 148.6 148.3 148 147.5 146.9 146.1 145.9 145.5 145.2 144.9 144.6 144.6 144.4 144.2 143.8 143.6 141.8 144 146.2 146.8 146.4 147.8 149 150.5 151.8 151.7 152.5 154.9 157.8 159.6 160.6 161.4 161.9 162.9 163.7 164.8 165.9 167.2 167.8 168.2 168.7 161.3 169.2 169.8 169.9 170.2 170.2 169.5 168.1 167.3 166.6 165.9 164.8 162.4 163.9 165.7 167.3 167.4
160.8 162.1 162.8 163 163.6 165.1 166.6 167.4 167.6 166.9 165.6 162.6 159.8 156.8 155.2 153.7 150.1 154.3 153.1 153.1 152.5 151.8 151.5 151 150.4 149.5 148.5 148.2 147.8 147.5 147.1 146.7 146.5 146.6 146.5 146.2 145.9 142.5 145.9 148 148.2 146.5 150.2 153.2 154.8 155 155.1 155.4 156.8 159.7 160.5 161.1 161.8 162.4 163.2 163.9 164.2 164.8 165.4 165.7 166 166.2 164.3 166.9 167.6 167.9 168.3 168.2 167.8 167.7 167.3 166.2 165.8 164.9 162.4 162 164.7 166.9 167
165.2 166.6 167.1 168 170.9 174 175.4 174.9 171.3 166.5 162.9 160.4 159.9 160.7 161 161.2 158.7 151.5 151.8 157.3 156.8 155 154 153.1 152.3 151.7 151.3 150.7 150.4 150.4 150 149.6 149.5 149.4 149.1 148.7 147.2 143.8 149 150.3 150.1 148.8 150.3 153.5 155.7 155.9 156.4 157.2 157.5 159.5 160.6 161.3 161.7 162.4 163.2 163.5 164 163.3 163.8 164.2 164.3 165.5 165.2 164.5 165 165.1 164.8 164.4 164.1 164 163.8 163.9 164.1 164.3 164 161.1 162.7 165.1 165.8
170.8 171.8 172.7 174.5 178.6 178.9 176.7 173.4 169.8 169.9 175 179.5 180.4 177.3 174.3 171.1 167.7 164.7 159.7 152.7 153.2 158 157.2 155.6 154.2 153.1 152.8 152 152 152 151.9 151.7 151.5 151.4 151.3 150.2 145.4 148.9 151.4 152.1 152 151.2 151.2 153.3 154.5 156 156.7 157.7 157.8 159.2 160.5 160.5 160.4 160.7 161.1 161 160.8 160.5 161.5 160.2 158.8 158.5 159.7 160.5 161.2 159.9 160 160 160.1 160.1 160.1 160.1 160.4 160.9 160.9 160.2 160.8 162.3 163.6
176 176.3 176.6 176.7 176.9 176.5 176.4 176.6 181.6 189.4 187.6 184.8 180.4 175.6 171 167.5 164 162.2 160.6 160 157.9 156.9 153.1 153 153.5 156.9 155.2 154.4 153.5 153.2 153.3 153.2 152.6 152.2 152.7 148.4 149.9 153.7 153.4 153.3 153.5 153 152.9 154.2 155.3 156 156.8 157.4 158 158.6 159.2 159.6 159.2 159.6 160.5 160.1 157.2 156.5 157.9 161.2 161.9 162.3 162.5 160.8 159.7 158.8 158.7 158.4 157.7 157.5 157.6 157.9 158.2 158.4 158.5 159 158.2 158.8 160.2
178.4 178.4 178.5 177.9 177.8 178.2 178.5 182.5 185.3 185.4 183.3 179.4 174.7 170.3 166.3 163.3 160.5 158.7 159.8 159.8 159.6 159.3 157.9 157.1 157 156.6 151.7 151.2 151.2 151.4 151.7 153.2 154.6 156.1 155 148.4 153.2 154.3 154.3 152.9 152.1 153.1 153.9 154.8 155.3 155.9 156.6 157.5 158.4 159 159.1 159.6 160.1 160.3 160.9 161.9 164.6 166.6 167.7 165.8 165.4 164.2 162.8 161.2 159.8 159 157.2 156.2 155.9 155.7 155.1 155.2 155.3 157 157.9 157.8 157.6 157.2 156.5
180.2 179.9 179.9 179.2 179 179.9 179.7 180.5 179.2 177.9 176.6 172.6 169.1 166.6 164.6 163 162 161.8 161.7 162.3 164.1 164.5 164.8 164.5 164.1 162.2 161.7 160.7 159.4 158.6 158.2 157.9 155.1 150.5 148.8 153.7 155 154.6 155 155 155.1 155.8 156 156.8 157.2 157.4 157.3 158.1 159.6 159.7 159.9 160.4 161 161.7 162.6 163 166.2 167.4 167.9 166 164.6 163.2 162.5 161.3 160 159.1 158.1 156.6 155.6 155.1 154.4 153.8 154 154.2 153.7 153.3 153.4 153.2 153.3
181.5 181.3 181.2 180.7 189 184.5 182.3 191 190.6 172.8 172.8 172.2 170.9 170.7 171 171.4 172.7 174.4 175.6 175.4 173.6 170.9 170.3 168.4 166.2 163.6 161.6 158.9 157.1 157.2 157.4 157.2 152.1 150.1 155.9 158 158.4 158.2 158.4 158.4 158.1 158.1 158.6 158.6 159.1 159.5 159.8 158.9 160.5 160.8 160.8 161.9 163 164.1 165.2 165.8 166.6 167.7 167.7 166.4 164.6 162.7 162.3 161.2 160.4 159.8 158.8 157.6 156.6 156.2 155.6 154.9 154 153.6 153.3 153 153.1 153.1 153.3
183.6 185.4 191.6 196.8 194.5 187.8 185.1 194 198.9 197.2 186.6 184.2 181.9 181.5 181.6 181.4 179.7 178 178.6 175.7 170.7 168 165.5 163.3 161.1 158.9 157.1 156.4 154.3 153.2 153.3 152.6 150.2 155.9 158 159.6 159.4 159.5 159.7 159.8 160 160.1 160.3 161 161.6 161.7 161.7 162 161.5 163.3 164 165.7 167.2 168.5 170 170.4 171.1 171.7 171.7 170.3 168.7 167.8 166.5 165.2 163.6 161.7 161.1 160.2 159.3 158.3 157.5 156.6 155.8 155 154.4 153.9 154.1 154.7 155.2
190.8 197.5 198.7 196.9 193.7 192.6 179.5 202.2 225.6 222.5 215.3 210 201 191.4 186.7 183 178 174.5 172.1 169 165.5 163.5 161.3 158.9 159 158.6 158.9 158 157.6 156.7 154.4 153.1 155 158 159.5 160 160.1 160.5 161 161.4 162 162.1 163.1 164 164.8 164.3 164.1 164.3 163.2 166.4 168.4 170.3 172 173.7 175.4 176.4 177.1 176.7 175.8 175 176 173.4 171.9 169.9 167.6 165.6 165.2 163.8 163.4 162.6 161.3 159.7 158.3 156.9 156.4 155.6 155.3 156.2 156.2
197.2 208 196.2 194.7 186.1 185.3 194.9 239.4 240.4 231.7 222.7 213.4 199.3 187.2 179.3 176.3 174.1 170.5 168.2 166.5 162.9 162.7 161.9 161.2 160.7 161.7 162 161.8 161.9 161.5 160.4 160.2 160.8 162.5 163.1 163.4 163.4 163.8 164.5 164.7 165.3 165.8 166.3 167.1 167.8 167.3 167.4 168.1 166.2 170.1 172.9 174.6 176.9 177.8 179.6 181 180.6 180.5 179.3 177.5 177.4 178.4 177.7 176.6 172.6 170.7 169.7 168.8 169.9 169.5 167.7 165.7 163.9 161.9 160.4 158.7 157.5 157.6 157.7
209.7 217.5 202.2 235.4 248 255.1 251.8 249.2 242.7 232.7 217.8 200.4 199.3 185.3 175 171.1 171.2 171.8 172.2 171.4 167.9 167.1 166.7 165.9 165.3 165.3 166 166.7 166.7 166.6 166.7 167.2 167.8 168.8 168.9 169 169.9 170.5 170 170.5 171.2 171.3 170.7 170.9 171.7 171.3 171.5 171.5 169.2 171.4 175.3 177.4 178.3 178.9 179.2 179.6 180.4 180.9 179.4 177.6 177.5 178.2 176.5 175.4 177.6 179.4 185.7 188 183.5 179.5 176.3 173.2 170.5 167.7 165.8 163.7 161.9 160.3 159.8
203 227.7 242.2 255.5 257.9 255.2 252 247 238 224 204.2 197.9 197.9 196.1 183.8 185 183 180.7 179.1 177.2 174.9 174.4 173.9 172.4 170.1 168.9 169.8 170.9 170.8 174 176.3 176.2 176.5 177.6 177.4 177 178.3 178 177.2 176.9 176.6 176.4 175.6 175.4 175.8 175.5 175.3 175 172.6 173.4 175.7 177.9 179.1 179.3 179.7 181.5 181.9 181.4 180.4 178.5 179.1 183.1 181.3 181.9 182.3 183.3 184.9 194.4 197.3 194.6 192.6 187.6 182.4 176.8 173.1 170.1 167.8 165 162.3
203.4 232.8 260.8 261.5 258.2 254.3 249.4 241.3 231.1 214.5 197.9 197.9 197.9 197.9 204.4 205.5 198.9 192.2 188.8 186.4 183 183 180.4 175.8 173.1 172.9 173.8 175 178.3 187.4 191.1 192.8 190.8 190.1 188.8 188.2 188.1 187 186.3 185.3 185.4 184.6 182.5 181.3 180.3 180.1 179.8 178.9 175.2 177.6 178.9 180.5 181.6 181.4 181.4 181.9 182.2 182.6 183.5 184.2 184.4 187.7 187.9 189.1 193.5 192.1 191.6 190.5 186 185.7 184.9 184.8 182.4 186.3 180.7 174.9 171.4 169.1 166
237.2 267.2 265.2 261.7 256.8 251.4 245.3 236.3 223.6 204 197.9 197.9 206.6 216.3 221.4 224.2 219.4 205.4 199.7 198.1 195 188.5 182 179.1 176.9 179.4 181.4 182.7 187.4 195.7 201 207.6 207.2 204.6 202.1 203.4 204.4 202.7 200.4 200.5 199.2 199.5 195.6 194.4 185.6 186.3 185.6 183.1 180.7 182.5 182.9 185 185.5 185.5 185.6 186.3 186.7 187.8 189.4 190.7 191.4 193.4 194.7 196.3 198.5 198.5 199.3 198.4 194.7 188.4 184.1 181.3 179.4 177.8 174.8 172.1 170.9 170 169.7
271.4 267.7 263.5 259.2 253.4 247.9 240.6 230.6 216.6 197.9 197.9 204.5 216.2 226 231.2 235.3 235.1 221.4 209.3 205.9 196 188.5 186.2 184.3 185.3 195 196.6 197.1 213.5 225.3 233 236 228.7 220.8 222.4 222.7 224.8 222.6 219.3 217 213.6 212.4 208.3 203.3 191.1 195.7 194.8 191 189.5 189.4 189.8 191 190.6 192 192.5 192.7 192.4 193.4 194.6 195.7 198.3 201 203.2 205.4 207 207.2 206.1 204.3 201.1 196.1 189 183.8 181.8 179.8 177.2 174.9 174 173.1 172.2
269.1 264.9 261.2 256.8 251.5 244.8 236.1 223.7 201.9 197.9 202.9 212.5 225.7 237.7 248.7 242.9 233.5 222.1 210.9 202.8 197.2 194.3 191.5 194.9 200.9 208.9 214.4 218.7 223.4 230.5 242 244.8 247.2 239.3 240.9 241.4 241.2 239.3 238 235.5 230.4 225.9 221.4 213.3 202.2 204.4 201.4 197.3 198.1 199.1 198.6 197.4 197.2 198.6 199.2 198.8 198.8 199 200.4 203 205.9 210.1 216 221.9 221.8 219.7 217.8 210 204.8 200 191.4 196.1 194.8 189.4 185.5 183.2 180.4 177.9 176.3
266.6 262.3 258.6 253.8 248.7 242 230.7 210.6 197.9 199 227.4 236.4 241.7 245.8 239.5 230.3 222.5 218.6 215.6 211.4 207.1 202.3 198.3 205.4 212.2 217.5 227.2 237.2 246.9 255.6 255 266.1 267.3 262.2 259.7 259.9 258.1 254.3 251.2 244.2 236.6 231.4 226.1 217.3 212.6 210.7 207.3 200.5 204 205.8 204.6 203.8 203.3 204 204.6 205.5 206.9 208.4 216.3 221.7 234.1 240.6 245.3 243.8 239.3 233.8 226.4 217.2 210.3 202.8 204 204.4 202.5 200 195.8 192.5 190.6 188.3 185.4
262.9 259.2 255.5 251.1 246.1 237.4 221.9 197.9 203.8 219.7 223.5 224.4 232 230.5 227.7 223.4 224.8 227.7 226.1 221.1 214.8 206 213 223.4 231.1 243 256.9 269.9 278.9 284.6 283.5 284 284.6 282.6 279.9 273.2 267.8 261.7 255 246.7 239.4 232.8 223.2 220.4 217.6 213.6 210.1 203.2 209.2 209.6 209.9 210.2 210 210.5 212.3 214.2 217.9 224.3 230.7 242.5 259 271.6 273.2 268.7 254.2 242.9 230.9 223.8 218.4 217.2 220 215.8 212.2 209.4 205.4 201.5 198.3 195.7 193
259.8 256.1 252.6 248.3 241.6 234.6 205.8 197.9 227.7 227.3 222.9 221.8 232.9 232.8 232 231 232.7 234.4 233.1 229.1 224.3 211.6 225.8 237.8 248.3 263.1 274.8 287.7 299.3 305.7 306.3 304.4 297.8 294.3 287.5 277.6 270.2 263 255.2 245.6 240.5 235.8 230.4 225.5 221.2 216.6 212.7 212.5 213.8 215.8 217.7 218.8 219.4 221.8 224.5 229.1 237.1 252.5 262.2 266.6 270.1 271.2 272.9 265.3 252.3 239 228.5 222.7 224.5 227 231.6 230.3 227.3 217.4 212.2 207.6 204.1 201.4 199.6
256.8 253.6 249.9 244.6 238.3 224.9 197.9 217.8 239.3 237.3 233.9 234.3 241.8 242.2 241 240.9 241.3 241.6 240.2 236.7 233.6 217.9 235.3 253.4 261.2 270.2 286.5 298.3 308.6 314.1 314.2 307 302.7 297 288.8 280.1 271.4 264.9 259 253.5 247 240.8 234.9 228.7 222.8 218.4 212.9 217.9 219.3 223.9 226.7 228.9 230.8 232.8 240.1 246.8 252.9 260.9 271 277.9 279 275.5 263.9 252.5 242.6 231.1 234.3 234.5 234.2 231.6 233.8 235.3 232.5 224 219.6 215.1 210.1 205.4 202.9
252.2 248.6 243.8 238.3 228.6 207.8 197.9 221.3 237.1 241 243.8 251.4 252.2 252.8 251.1 251.2 250.7 250.2 247.4 244.8 241.9 229.9 243.7 261.3 268.2 280.7 293.8 300.1 308.4 315.6 313.6 306.1 299.8 293.7 286.9 280.7 276.6 271.2 265.6 259.6 252.9 244.8 236.9 230 223.9 219.6 221.8 225 229 234 236.4 240.6 244.1 242 254.7 260.6 266.9 271 274.8 278.6 278.8 275.5 262.4 250.7 241.1 239.6 242.5 250.1 252.2 249.4 244.1 242 237.7 229.2 223.1 218.7 214.6 211.2 208.1
246.8 242.4 237.8 234.2 226.3 216.8 209.6 197.9 211.9 224.3 248.3 247.6 249.4 253.8 255.7 257.3 258.1 257.5 253.2 253.1 251 239.3 247.1 262.9 273.5 285 292.7 297.2 303.4 309.6 308.5 304.5 301 295.3 290.6 286.6 281.8 276.8 271.6 265.3 258.5 247.9 237.5 231 226 225.7 231.4 237.5 243.7 249.5 256 262.5 262.7 262.9 271.9 276.4 278.8 278.8 278.5 276.1 270.2 264.8 257.7 248.2 242.4 246.7 252.4 258.4 267.9 265 256.9 255 250.2 242.1 231.5 224.9 219.8 218.4 212.8
243.7 240 236.6 233.9 232.7 231.3 223.8 209.5 216.8 223.3 231.3 238.6 244 250.3 255.1 258.5 260.8 261.5 260.5 260.3 261 252.3 258.7 272.2 282.1 287.7 291.7 296.8 302.5 307.7 307.3 305.5 302.5 299.4 296.3 292.3 287 283.5 278.9 273.5 265.6 251.7 240.7 232.6 230.2 237.7 250 261.5 270 277.1 281.3 281.3 276.7 282.7 282.8 288.5 296.6 297.6 293.4 286.6 279.5 261.7 251.3 247 249 252.6 260.2 266.8 273 281.6 275.7 266.5 262 253.6 243.1 233.7 229.4 223.8 216.1
241.7 238.8 236.3 234.5 232 230 216.5 219.6 229.1 234.3 238.3 243.1 247.8 252.6 257 260.6 264.4 268.3 268.6 267.1 268 253.2 270.3 280.5 286.7 291.6 295.8 300.8 305.2 308.4 309.3 307.6 306.2 304.8 303.2 300.4 297.6 295.1 290.3 284 273.3 254.7 242.3 233.2 240.6 259.7 280.1 295.4 302.4 305.4 303.7 291.6 289.8 290.7 303.3 313.4 316.1 313.4 300.3 287.2 272 258.7 253.8 252.4 255.1 258.3 265.1 276.8 283.6 283.6 286.1 281.1 271.7 262.5 251.5 242 235.7 228.9 225.6
240.1 237.7 235.8 235 228.8 222 219.2 230.8 234.6 238.9 243.1 246.2 250.5 255.6 260.2 263.9 268.4 273 273.5 274.4 276.3 260.1 278 285.3 291.4 295.7 299.3 304 308.4 311.3 312.5 312.2 311.9 311.1 310.1 309.1 308.2 305.5 300.7 293 279.2 256.8 242.7 241.6 258 286.2 315.5 325.6 327.4 323.7 316.3 305.5 303.5 299.4 306.1 316.2 315.9 306.8 293.1 279.7 265.8 263.2 264.8 266.9 264.6 265.3 272.2 285 297.9 297.3 294.5 291.8 285.5 271.6 258.2 249.4 242 234.5 234.1
238.4 236.4 234 234 227.5 221.7 232.2 234.1 238.4 242.4 245.7 249.9 254.2 259.1 264.4 268.7 273.9 277.9 278.8 279.2 282.5 281.3 275.9 289.2 294.2 299.3 303.5 308.7 313.1 316.4 318 318.5 318.2 317.3 316.4 315.6 315.7 314.1 308.4 296.4 278.6 257.3 243.2 252.8 272.9 313.1 338 342.6 339 332.3 324.1 319.5 314.2 310.9 312.6 316.5 312 303.5 293.3 280 271.8 274.7 283 292.9 285.6 272.8 284.7 295.5 306 307.2 301.6 295.4 288.1 275.4 264 253.9 245.7 240.5 244.6
234.6 234 234 234 235.8 232.5 236.7 239.9 241.8 246.5 250.4 253.9 258.7 263.9 269.4 275.3 280.2 283.7 285.4 285.4 287.4 289 277.5 294.1 299.4 304.2 309.4 315.8 320.5 323.3 323.6 323.5 322.9 322.9 323.3 324 324.2 322.3 313.2 295 273.2 254.3 253 264.8 289.9 326.2 346.9 349.9 344.7 338.1 330.2 325.9 323.5 320.8 321 323.7 319.7 312.9 303.3 289.6 284.6 288.6 303.7 310.6 301 285.1 293 310.8 320.3 320.2 310.6 301.3 290.9 279.5 268.4 255.5 247.5 251.2 256.2
234 234 234 234 236.2 237.9 241 243.7 247 250.1 254.8 258.7 263.8 269 275.4 281.8 286.4 289.9 291.8 292.1 293.6 295.8 291.9 298.8 305 311.4 319.9 323.5 325.5 326.2 326.6 327 329.3 331.6 333.2 333.8 332.3 327.2 313.3 292.8 270.4 254.7 261.6 276.5 301.1 336.6 356.5 357 347.3 340.7 337.1 335.2 332.8 330.1 334.7 337.3 335.5 332.8 317.7 299.6 299.5 304.6 318.6 320 309.7 294.5 301 320.4 324.8 327.6 319.9 306.3 293.1 281 268.2 256.4 256.5 262.8 268.6
234 233.8 235.9 235.3 240 242.8 245.6 248.3 251.8 255.9 260.1 264.8 269.9 275.9 282.8 288.8 293.6 295.8 297.2 296.9 300.4 302.6 302.6 299.9 309.6 318.7 324.7 325.7 326 327.1 329.3 333.6 337.5 340.7 342.2 342.3 338 328.9 311.9 290.1 270.3 260.3 271.1 293.8 320.8 338 348.9 351 354.4 353.7 351.1 351.5 349.1 350 353.4 360.6 362.9 346.3 320.1 316.2 315.1 317.6 328.4 332.4 327.3 307 313.8 322.8 328.8 337.8 340.3 320.3 299 283.7 270.1 263.9 268.4 273.4 279.4
234 235.1 239.1 242 244.2 246.6 249.5 252.9 257 261.9 266.4 271.9 278 283.6 289.6 295.5 299.5 300.9 302 302 305.1 308.4 308.5 297.6 311.8 318.4 322.7 324.7 326.3 328.7 333.4 338.6 342.8 346.1 347.7 346.5 341 329.9 310.3 288.5 273.9 270.9 282.8 309.4 333.8 347.7 358 366.5 371.1 367.1 368 370.6 373.4 377.7 386 384.1 369.8 349.3 322.4 330.8 332.3 333.4 337.4 344.9 342.3 327.3 324.8 329 338.5 337.8 339.5 328.2 307 287.5 274.2 273.9 277.8 280.7 281.1
235 239.3 242.7 245.9 248 250.9 254.7 258.3 263.1 267.5 272.2 278.9 284 289 295.1 300.7 304.9 306.2 306.2 306.6 308.4 310.8 312.7 312.4 314.9 319.7 323.1 325.3 327.3 330.7 335 342.2 347 350.2 351.4 348.7 342.3 331.3 313.5 294.2 280.5 279.5 293.9 323.8 338 357.3 366.4 381.2 388.2 382.9 382.7 392.6 393.1 395.5 394 387.5 372.3 349.7 341.8 352.3 348.3 345.7 350.9 353.1 349.9 337.3 341.4 342.4 344.8 341.6 335 321.2 301.8 287.5 285.6 283.9 284.3 285.3 284.1
241.3 244 246.7 249.8 252.8 255.3 260 264.2 267.7 272.9 278.5 284.4 289 294.2 300.3 305.9 309.8 310.7 310.3 310.8 313.3 316.1 318.1 318.5 315.4 320.8 324 326.4 329.7 333.5 340.7 347.4 352.6 355.6 355.7 353.7 349.1 338.7 322.4 302.7 289.1 288.8 299.9 318.4 340.5 359.9 374.5 391.3 395.9 393.8 393.9 402.9 410 406.4 400.8 393.7 381.3 363.2 358 369.3 373.7 369.5 369.6 363.7 362.6 352.3 356.7 357 348.2 340.2 329.4 313.1 300.1 296 295 292.1 292.1 292 290.8
246.1 245.8 251.3 255.1 259.4 262.5 265.5 269.6 274.4 280.3 285.1 289.5 294.2 299.6 305.7 310.9 313.6 315.2 315.8 317 318.9 321.1 322 322.6 321.9 318.6 324.8 328.5 332.6 340.2 347.6 354.4 359.7 363.5 364.5 363.5 359.2 350.8 333.5 312.3 298.5 294.7 303.8 320.4 342.9 365.5 383.7 396.7 402.4 406.1 409.1 414.3 414.5 410.2 405.8 398.5 386.3 373 370.2 385.1 382.6 378 378.6 376.9 372.9 365.3 370.7 373.4 365.5 346.9 332.3 318.5 309.9 307.4 309.1 310 305.9 302.4 298.6
250.5 251.1 258.6 263 265.9 268.3 269.8 274.6 280.2 285.1 288.8 293.1 297.3 304.7 310.9 314.2 317.5 319.7 321.1 322.4 324.6 325.9 326.2 326.3 325.3 322.1 326.2 330.3 336.6 345.4 353.4 361.3 368.1 373 377.3 379.5 377.6 369 351.9 332.4 313.5 300.4 308.8 322.2 346 370.1 389.4 403.1 413 420.1 422.6 421.6 418.6 414.1 410 403.2 399.3 398.7 385.6 392 398.7 394.6 390.9 386.5 378.5 383.2 394.7 400.5 389.7 363.9 343.1 328 322.2 319.9 323.8 321.8 314.8 310.2 308
