Assets/StreamingAssets/GeoData/Data/nt/NT30.asc
ncols 200
nrows 200
xllcorner 330000
yllcorner 600000
cellsize 50
[rows 70 to 104 of 200, columns 0 to 77 of 200]
420.1 418.4 417.1 417 416.8 416.5 415.2 413.8 413.3 413.1 413.5 412.2 411.3 411.2 413.8 414.7 412.9 412 407.3 399.7 392.9 387.6 379.2 370.1 359.6 351.8 346.5 340.4 334.6 327.5 320.8 314.3 306.6 302.9 311.7 314.9 313 307.8 321.4 337.7 352.9 369.8 379.8 378.9 377.6 371.6 361.8 349.7 337.5 325.6 312.5 297.1 281.8 267 257.9 253.1 250.8 248 245.4 240.5 237 242.2 247.4 254.7 261.3 267.8 277.1 289.5 301.9 309.7 313 315.4 318.4 321.2 319.2 316.7 312.4 308.2
416.9 415.3 413.8 413.8 413.5 413.2 412.2 411.8 410 407.9 406.6 404.1 402.2 401.8 402.8 401.8 399.2 395.9 393.6 386 381.8 372.9 363.5 353.6 345.5 339.8 335 331.1 326.6 316.8 309.5 318.8 319.2 319.4 322.3 321.9 317.3 319.1 333.6 351.1 363 371.6 375.8 373.8 372.3 364 353 340.9 328.6 316.4 299.2 284.9 270.8 258.8 253.3 250.9 248.7 246.4 241.7 238.6 242.3 246.7 253 259.1 265.5 272.3 281.7 294.9 306.6 314.3 318.6 324 327.1 326.6 324.5 322 319.2 315.3
412.6 411 409.9 409.6 409.6 409.7 410.2 409.6 408.1 405.5 401.4 398.6 395 390.6 390.5 387.3 384.3 384.4 378.5 370.9 367.7 357.9 347.5 338.9 330 327.6 326 323.2 317.6 313.3 322.4 325.3 326.5 329.2 328.4 326.6 318.9 329.4 348.9 363.4 371.9 374.2 374.2 371 363.4 354.3 342.6 332.2 318.1 301.8 288.3 274.5 259.4 253.5 251 249 246.7 240.9 241.3 245.5 250 251.8 257.6 264.4 270 276.6 287.4 299.4 309.6 317.5 326.2 331.5 333.3 331.7 330.1 327.8 324.8 321.5
407.1 406.3 405.9 405.6 405.8 406.9 408 408.5 407.6 405.6 403.3 398.3 394.9 390.2 380 377.4 370.6 366.7 361.2 359.7 350.7 340.9 334.4 328.3 325.4 322.6 320 316.2 318.1 326.4 330.5 335 337.1 338 337.8 334.1 328.5 344.6 361.9 370.7 374.9 374.3 372.9 363.9 352.5 341.8 333.5 320.5 304.1 287.8 275.6 262.7 254.1 250.3 247.7 245.6 244.1 246.5 250.8 252.2 253.6 258.6 262.1 268.3 274.9 281.5 292.3 302.7 313.2 323.2 331.7 335.7 336.3 335.3 333.5 332 329.7 326.1
401.6 400.6 401.4 401.9 402.3 404 407.1 408.3 407 404.7 402.4 400.4 395.7 387.2 380.5 374.3 365 354.2 351 347 339.7 333.7 329.6 326.9 324.2 323.2 326 328.3 334.3 344.6 349.5 351.6 351.3 349.8 346.6 342.8 342 356.3 368.9 376.3 375.9 373.3 368.2 355.3 342.9 333.1 322.9 303.4 287.8 275.7 263.7 254.4 250 247.8 245.9 244.3 245 250.1 254.4 257 254.3 264.3 267.7 271.8 278.2 285.6 294.9 305.9 317.4 325.7 333 337.7 338.6 337.7 336.8 336 334.4 330.8
394.2 394.7 395.3 397.4 398.3 401.8 405.5 406.7 405.3 403.3 401.2 397.3 391.4 383.9 377.7 371.3 362.1 352.3 344.1 339 337.1 333.9 330.2 329.3 331.1 332 332.8 339 352.2 363.7 368.7 369.3 368.5 365.5 361.2 352.3 352.3 362.2 373 378.6 377.4 370 360.2 346.9 335 324.9 308.1 289.6 277.7 266.2 256.9 251.5 249.1 247 245.1 245.9 246 252 257.7 261.7 264.9 267.4 274.1 276.5 280.8 287.7 298.2 309.7 319.2 326.6 333.6 338 339.5 340.1 339.4 337 335.3 331.9
388.1 388 389.3 391.4 394.9 399 402.6 403.6 402.4 401.3 398.8 393.7 388 383.4 377.6 367.9 357.1 351.2 346.6 342 339.4 334.5 331.2 331.4 336.2 337.2 343.1 355.7 371.6 378.9 382.5 381.4 377.6 373.2 366.7 360.3 361.7 368 378.2 378.5 374.9 364.4 354.6 340.4 328.3 312.3 293.7 281.5 269.4 260.4 256.5 251.6 248.8 246.2 248.5 251.9 250.7 253.8 260.6 266.5 271.7 273.1 277.2 282.3 286.8 292.2 301.2 313.8 323 331.1 336.5 339.1 340.2 340.2 338.7 334.7 331.5 329.1
381.8 382.7 385.2 388.8 392.6 396.5 399.8 401.3 401 400.7 396.8 392.6 388.8 383.4 378.6 372.1 363.4 354.7 348.7 342.8 337.8 337.7 339.6 338.3 339.4 343.1 357.8 373 382.8 388.4 390.1 388.1 383.8 376.8 370.4 365.6 370.5 376.4 381 379.4 372 361.4 349.2 335.6 319.4 305 290.8 282.4 273.9 262.8 261.1 255.8 248.6 252.4 253.1 256 255.4 258.9 264 271.3 276.8 281.6 282.9 287 292.7 298.5 305.2 317.3 326.5 333.3 336.6 337 335.5 335 331.4 327 322.7 320.1
378.2 379.5 383.9 388.5 392.6 397.4 400.6 402.5 402.7 400.8 397.1 393.2 389.5 387.4 383.1 375.7 364.9 355.4 348.8 343.9 346.2 347 347.2 344.7 346.6 352.2 368.8 382.4 390.1 395.2 394.9 390.8 385.6 380.4 376 376.7 381.6 384.6 385.4 381.7 372.5 357.7 344.5 329.6 312.6 300 286.5 280.7 275.7 271.3 266.5 258.1 249.6 254.2 258.1 259.3 261.1 266.9 273.4 281.9 285.5 288.8 291.2 288.6 297.2 303.8 309.2 321.2 329.4 333.8 335.2 333.7 330.9 327.9 322.9 319.4 314.6 312.6
376.7 380.7 385.1 389.1 393.2 398.5 401.7 403.5 403.6 400.8 397.1 395 393.4 391.1 385.5 375.7 363.8 354.7 347.8 354.2 356.2 356.2 354.4 354.8 351.8 359.2 374.6 389.9 395.9 397.5 397.1 392.1 386.4 383.9 387.9 390.4 390.5 391.6 390.1 382.8 371 357.2 343.1 326.1 310.8 297.3 288.3 282.6 277 272 266.3 260.2 252.1 257.4 260.6 263.9 268.7 278.3 287 291.9 295.5 297.4 299.5 299.3 300.1 309.2 318.5 327.3 333 337.6 337.5 335.2 331.8 327.3 324 320.3 316.3 312.5
379 383.4 388.3 391.3 395.9 400.8 403.9 405.5 405 402.9 400.7 400.3 397.9 394.4 388.6 377.1 365.4 355.1 357.8 364.7 362.5 364.4 362.9 360.3 354.2 364.4 376.5 392.5 400.5 401.4 398.5 393.4 390.3 392.3 396.3 397.3 395.6 396 391.3 380.5 368.3 356.6 342.9 326.9 309 296.1 287.9 281.4 276.3 271.6 266.2 259.8 251.6 258.3 262.3 269.5 280.9 292 299 303.9 308.4 309.5 308.7 305.6 307.5 319.4 329.8 334.7 339.6 342.4 341.8 339.5 336.7 332.7 328.3 323.8 320.1 317.5
383.9 389.1 392.9 395.8 399.3 403.9 406.9 408.2 406.1 407.2 406 405.6 401.8 397.2 391.2 381.7 370.6 356.6 366 369 372.8 372.3 369.2 366.6 360.9 367.6 381 395.5 402.9 401.5 399.7 399 398 401 401.9 401.5 400.2 396.6 389 378.4 368 356.2 340.1 324.7 309.5 298.2 288.3 280 275.5 271.4 266.2 258.4 252.5 260.2 266.8 280.2 293.5 304.8 313.6 319.1 322.4 321.1 318.6 315.7 314.6 327.4 338 343.9 346.4 348.1 347.5 347 343.9 340 335 330.9 326.6 323
390.9 394.9 399.2 402 404.7 407.5 409.8 410 409.6 411.4 412.1 410.3 404.8 398.5 392.7 384.4 372.8 367.5 375.8 380.6 381.6 379.3 376.6 371.6 365.4 369 380.8 394.5 401.8 401.6 400.2 401.1 404.1 404.7 404.5 403 399.2 393.1 384.8 374.6 364.8 350.7 335.8 320.1 306 296.5 287.1 277.9 273.9 270 264.1 257.9 255.2 259.4 275.2 292.2 309.5 319.8 327.1 333.2 336.2 335.1 329.8 324.2 325.5 332.1 346.1 350.6 353.4 354.8 355 352.9 349.3 345.7 342.2 338.9 333.9 329.6
397.4 401.4 405.5 408 409.8 412.5 414.7 416.9 419.1 419.2 418.4 411.6 406.3 399.9 393.5 386 375.1 376.1 382.6 388.8 390.7 388.7 384.2 379 373.6 370.9 378.6 390.6 400.6 402.6 404.1 405.7 407.7 406.8 404.8 400 394.1 387.5 377.5 366.6 354.4 342.6 327.8 312.3 302 292.8 283.5 276.5 272.3 268.5 262.8 257.3 255.7 267.5 286.2 304.4 321.5 332.4 339.5 343.4 345.9 345.3 339.9 333.5 335.2 341.9 355.7 357.2 359.7 360.5 360.5 357.9 353.4 349.4 346.2 342.9 339.4 335.6
403.1 407.6 411.6 413.9 415.8 417.7 421 424.4 425.4 423.1 419.5 414 407.6 401.2 393.5 387.8 378.6 382.7 389.1 395.4 398 397.3 392.1 386.4 381 378.4 381 388.4 398.6 404.8 408.4 410.5 411.4 406.9 400.6 391.4 383.1 373.9 360 349.5 336.6 326.9 315.6 306 297.3 288.4 280.8 273.9 270.4 267.1 259.2 256.6 259.3 276.3 294.7 313.6 331.2 343.1 348 350.8 353.8 352.8 347.5 336.8 344.8 353.1 359.3 362.6 365.6 365.6 363.5 360.7 355.9 350.4 347.9 344.9 341.8 338.7
407.3 412 415.7 418.1 420.4 422.2 427.4 430.4 429.8 425.6 421.1 415.1 408.7 401.5 392.1 386.1 379.1 386.7 394.7 400.4 404.7 405 400.3 392.8 387.1 382.1 382.2 387.7 397.5 406.1 409.3 410.8 408.9 402.4 393.5 381.5 370.2 358.8 343.3 330.8 321.6 313.7 305.7 298.7 291 282.6 276 270.8 267.4 262.3 260.2 263.9 269.7 285.5 305.1 324.6 339.5 350.7 357.2 359.8 359.8 357.5 353.7 348.5 353.6 360.9 362.3 364.7 366.5 365.8 361.7 358.2 355 350 347.5 344 340.2 336
409.4 415 418.4 421 423.2 427.3 430.9 432 430.9 427.2 421.9 415.7 408.8 400.7 393.7 386.9 381.6 391.6 399 404.3 408.8 410.4 406.7 400.2 395 389.7 387.7 390.6 399.2 407.3 410.5 410.2 405.1 396.2 387.1 374.2 360.4 347.4 334.2 322.7 313.3 306 299 292 285.4 278.6 273.1 268.8 265.4 261.9 265.2 272.7 278.3 294.7 313.2 330.6 344.2 355.4 362.5 366.7 365.5 362.3 357.7 354.1 358.4 362.6 362.6 361.9 361.8 360.8 358.4 352.8 350.2 346.8 344.2 340.8 336.4 331.4
408.1 414.2 418.6 421.8 425.5 430.5 433.2 433.7 431.8 427.6 421.8 415.9 407.2 398.4 392.7 386.8 388.6 394.6 401 407.4 411.6 413.8 411.5 406.6 401.2 395.3 394 395.9 401.9 407.7 409.6 407.2 400.6 392.2 380.8 366.4 352.5 338.6 326.3 315.7 307.9 301.1 295.1 289.8 283.9 279.4 273.2 267.9 264.8 263.5 269.3 277.4 288 300.7 319.3 335 346.8 357.8 365 370.4 370.3 365.2 359.4 356.7 358.5 360.1 359.6 358.5 355.7 352.4 349.2 345.4 342.3 340.9 339 335 330.1 325
404.9 410.9 417 423.4 427.7 432.1 433.9 434.8 431.2 426.9 420.9 414.1 405.7 399.1 393.6 386.1 392 398.8 405.6 411.4 416 417.4 414.9 409.9 406.3 400.7 398.7 400.3 404.5 409 408.7 404.3 397 387.5 375.3 360.8 346.4 334.5 322.8 313 305.5 297.8 293.5 289.3 283.9 280 275.2 267 264.9 266.9 275 287.3 298.3 308.2 322.9 336.6 348.6 359.2 367.4 371.6 370.7 366.7 360.1 356 355.6 354.4 353.4 351.6 348 345.7 341.7 335.9 330.3 330.1 328.3 324.7 321.6 315
399.6 407.6 413.7 421.1 428 432.6 434.4 433.5 430 425.2 419.9 413 406.2 400.6 394.8 390.6 395.4 402 409.7 414.8 417.6 419.1 417.2 413 409.4 405.9 402.9 403.4 405.7 407.8 405 400.5 392.6 382.3 372.4 358.8 343.8 331 319.6 310.4 302 296.8 292.5 287.5 282.1 277.2 275.2 266.5 266 272.7 283.8 297.1 307.6 316.4 327.4 338.5 349.4 359.2 366.6 370.5 368.2 361 356.5 351.8 348.7 347.1 343.6 343.2 339.1 334.7 332 325.7 320.4 317.7 316.5 314.9 311.1 302.8
393.6 402.5 410.5 418.3 426.5 431 432.3 431.4 428.5 423.5 418.5 412 404.5 399.8 393.1 397.4 401.5 407.5 412.1 417 419.3 419.7 419.3 415.6 412.1 408.5 404.9 403.4 403 402.9 398.2 392.4 384.9 376.4 366.1 353.7 338.9 325.7 316.2 307.1 297.7 292.8 289.3 285 280.4 274.5 272.5 266.5 270.7 282 295 305.8 317.2 326.3 338 344.3 351.2 359.8 364.3 366.4 363.5 356.9 352 346.9 342.8 337.6 333.4 332.2 329.1 324.8 320.6 316.8 312.3 307.6 303.9 301.3 296.3 288.8
389.4 397 407.4 417.3 424.4 429.1 430.3 429.2 425.9 422.2 417.1 410.9 403.7 399.1 399.6 404.7 410.2 413.5 415.9 419.4 422.1 422.8 420.8 417.3 413.6 409.3 403.7 400.3 399.6 395.9 391.2 380.2 371.3 366 355 343 327.8 318.8 307.6 298.7 294.1 288.7 286.1 282.9 279.2 274.8 269 269.6 280.9 293.2 305.2 316.6 325.5 336.7 345.6 351.7 358.8 363.4 364 362 358.3 352.7 347.1 342.1 336.5 330.2 323.8 320.4 318.4 314.4 310.7 307 301 296.3 291.8 287.1 284.9 276.9
388.3 397 406.7 416.4 423.1 426.3 427.3 426.2 423.1 420 415.6 409.6 403.7 400.3 405.5 410.5 415.2 419.4 419.9 422.8 425.2 425.3 422.4 419.5 416.9 410.8 403 394.6 385.4 381.4 373.9 364.2 356.1 349.6 339 329.5 318.9 308.6 299.8 292.9 290.6 286.4 281.1 279.7 273.7 270.9 271 278 291.9 303.4 315 322.9 335 346.5 355.4 362 364.7 368 367.2 360 352 345.9 341.3 334.6 328.7 322.3 316.1 312.4 309.4 305.3 301.2 296.8 292.4 288.1 283.6 279.6 277.8 269.5
389.2 397.2 408.1 416.7 422 423.5 424.4 424.4 421.8 418.7 414.2 408.3 405 404.7 409.7 416.3 421.1 424.4 425 426.3 429.5 428.5 426.2 423.5 418.8 410.7 400.9 390.2 377.9 368.2 360.9 349.8 341.9 331.3 323.7 315.5 305.6 296.6 289.1 285.1 282.2 280.1 278.8 276.8 273.4 273.5 277.6 289.5 303 315 325.8 334.5 346.3 356.8 365.2 371.2 373.2 372.5 369.1 360.5 350.7 338.3 334.2 326.1 319.1 313.8 308.5 305.2 301 296.9 293.5 290.8 288.1 283.8 279.9 275.8 271.5 267.4
390.3 398 407.2 414.8 420 421.4 422.2 421.8 420.2 418.1 412.8 410.2 407.4 411.2 416.2 421.2 425.7 429.2 430.2 430.9 430.8 430.2 429.6 424.6 415.2 405.8 395.5 383.6 371.7 357.6 346.8 337.6 329.1 319.2 311.9 299.8 296.5 299.1 297.6 292.4 288.1 282.1 278.1 276.5 278.3 280.2 288 298.8 313.5 325.7 336.2 344.9 354.8 367.2 376.2 380.4 381.8 379.5 373.9 364 352.1 343.1 331.4 320 313.3 307.5 300.7 298.5 294.5 291.2 288.4 286.3 284.1 281.3 277.4 274.9 270.3 266.5
391.4 398.2 405.6 411.4 417.2 420.2 421.1 421.7 420.4 418.4 414.4 411.4 411.8 414.9 420.1 425.2 428.9 430.8 430.8 430.9 430.6 430.2 428.3 420.8 409.6 398.9 388 373.8 359.6 347.1 336.6 327.7 320.2 311.6 301.2 308.6 309.7 307.1 306.5 300.5 291.2 286.2 280 281.4 281.4 286 295.2 308.2 321.9 335.2 346.9 356.7 365.7 377.8 385.8 389.5 390.1 386.7 377.8 368 356 344.5 335 325.1 317.3 308.9 301.1 294.6 290.8 288.8 286.8 284.7 282.6 279.1 276.1 273.6 269.3 266
391.7 397 403.5 409.2 414.8 419.2 422.6 424.2 423.4 421.1 417.4 413.2 414.8 418.6 423 427.3 430.2 431 430.6 429.5 428.6 427.2 422.7 414.2 403.5 392.3 378.3 362.3 347.3 336.7 330.5 324.5 319.1 306.7 312.3 315.9 318.1 316.6 313.4 303 293.8 290.9 281.7 286.1 287.9 290.2 303.4 316.3 330.1 344.7 357.4 367.6 378 389.6 397.2 399.1 396.7 392.9 382.8 370.4 360.5 348.9 336.9 325.9 317.2 307.4 298.2 292.9 289.2 287.2 285.2 283.1 280.8 277 273.7 270.8 269.3 259.1
393.1 397.3 404.2 411.2 417.5 421.7 425.8 428.4 427.3 423.9 420.4 416.7 418.1 420.9 423.4 426.5 429.6 428.4 426.4 424 421.8 419.6 415.1 404.6 393.9 379.7 364.9 351.2 338.7 332.7 327.6 322.1 310.7 322 325.8 326.6 327.1 325 313 300.2 293.9 288.9 286.7 290.2 293.7 294.4 306.7 318.4 333.3 349.6 364.1 377.4 390.3 400.2 405.1 406 401.8 395.1 385.1 374.9 363.4 349.7 337.2 324.5 315.4 304.5 295.9 290.6 287.4 284.1 282.1 280.7 277.9 274.3 265.7 264.1 262.2 259.4
394.1 399.6 406.8 414.1 421.9 425.4 428.6 431.7 430.7 427.7 424.3 421.1 421 423.4 425.5 426.9 426.8 424.3 420.9 417.4 415.5 412 402.7 393.2 380.2 365.7 350.8 340.3 334.5 330.2 326.1 316.9 332.4 338.7 341.9 342 339.3 325.2 312.1 301.4 294.4 288.6 291.1 294.6 299.8 310.3 308.2 322 331.2 349 366.5 382.6 397.8 405.5 410.7 411.1 405.6 396.3 386.3 374.5 361.5 349 336.7 324.3 312.7 301.3 294.9 289.1 285.4 282.5 279.9 277 274.7 273.5 272.8 269.6 260.7 263.4
395.6 403.2 411.4 419.6 426.9 431.5 434.5 437.2 436.5 433 429.4 427.6 426.9 426.4 425.5 425.2 423.1 418.8 414.1 410.1 406.2 399.7 390.1 377.6 363.4 350.8 338.1 334.6 332.1 326.8 326.5 339.8 350.4 357.1 358.7 355.2 339.5 326.5 313.9 305.1 298 293.5 296.2 300.9 313.2 320.3 325.6 325.8 331.7 349.4 366.4 386.7 401.9 411.1 415 411.8 405.9 397.2 385.8 372.6 357.6 343.7 332.6 321.2 308.7 298.9 293.8 288.5 283.9 281.4 278.2 278.8 279.5 279.3 273.8 270 262.5 270.3
399.5 407.6 415.7 424.7 431.8 437 440 441.2 440.4 437.3 434.2 432.3 430.9 427.3 425.2 423.7 420.2 413.2 406.7 399.4 393.3 384.9 374.1 362.1 349.1 340.8 334 333.4 334.7 338.1 345.8 356.9 367.7 376.9 374.2 357.7 342.2 327.8 315.8 309.1 299.7 298.8 304 315.6 327.6 332.7 334.2 335.8 339.1 346.9 365.7 386.9 401.1 412.4 416.2 411.4 404.7 395.2 383 368.9 352.6 339.9 328.2 317.6 304.5 296.9 291.7 287.8 283.2 280.6 280.2 280.2 280.6 280.2 274.9 264.3 267.2 274.4
402.4 411.1 419.4 427.8 435.6 440.8 443.6 444.3 443.2 441.2 438.3 435.8 432.7 428.4 425.2 421.3 415.2 406.9 397.8 389.6 380.7 370.2 360.5 350.4 341.5 338 337.4 340.7 343.8 352.5 363.1 376.3 388.9 393.5 382.9 365.1 348.5 335.4 321.8 313.5 304.2 303.7 314.4 328.6 343.2 347.9 346.8 347 347.6 351.9 367.3 386 402.5 411.6 414 410.5 403 391.8 379.3 364.7 347.4 334.3 323.2 311.4 301.1 295.5 290.3 286.1 285.5 284.7 283.6 282.1 280.8 279.1 274 264.8 273.8 278.3
403.7 412.2 421.4 430.5 438.5 443.4 446.3 446.9 445.8 443.8 441.8 438.6 434.2 429.6 425.4 420.3 412.2 402.1 391.2 381.4 373.1 361.7 353.7 347.5 343.4 342.5 348 351.9 361.4 371.1 383.2 397.2 408 407 388.9 367.6 352.8 343.2 331.5 318.7 311.2 311.3 325.5 342.1 358 366.6 366.4 363.6 361.9 363.3 374.2 391.3 406.1 414.2 413.4 408.4 399.6 387.4 374.2 359.4 340.7 328.7 317.6 307 299.7 296.3 290.8 289.8 289.8 288.1 286.3 284 281.6 278 272.4 267 275.8 282.4
404.2 412.7 421.3 432 439.5 444.5 448.1 448.7 448.4 446.1 442.6 439 434.7 429.4 425.6 419.6 409.8 397.2 386.5 375.6 366.6 357.5 351.9 352.9 353.3 354.5 360.2 367.3 379.2 393.3 405.6 415.8 420.2 415.6 395 376.3 359.8 349.4 338.8 328.5 322.7 323 336.4 354.1 372.8 383.5 384.8 380.4 377.8 378.5 387.3 402 413.8 417.6 413.8 407.6 395.6 381.9 367.7 351.4 334.8 323.8 313.6 305.9 302.6 299.1 294.7 294.3 293 290.4 287.1 284.2 281.6 275.9 267.8 274.1 279.1 285.4
403.1 412.1 421.2 430.9 438.2 443.6 448.8 449.5 448.6 446.4 441.8 438.3 434.6 428.5 423.1 414.6 404.5 393.1 382.7 372.6 363.2 358.1 361.1 364.7 365.8 371.4 379.1 384.3 395.8 411.1 426.6 433.1 432.8 426.3 409 384.4 367.6 356.4 346.1 339 334.5 336.9 345.4 364.4 382.3 396.2 402.4 398.3 397.3 398.4 406.6 415.6 421.4 419.6 414.5 407.4 394.3 379.2 363.2 346.3 331.1 321.5 315.7 310.4 307.1 302.3 299.5 298.5 295.4 291.6 288.1 284.2 280.3 273.9 269.7 278.2 283.1 287.3
