Assets/StreamingAssets/GeoData/Data/nt/NT35.asc
ncols 200
nrows 200
xllcorner 330000
yllcorner 650000
cellsize 50
[rows 105 to 139 of 200, columns 78 to 155 of 200]
312 312.2 311.4 310.6 309.9 309.9 310.1 310.3 309.8 309.7 310.1 311.7 313.9 315.7 317 318.7 322.1 324.7 327.6 330.4 333.4 336.9 340.7 346 355.1 367.8 378.4 390 399.2 405 408.8 411.8 413.9 415.8 416.7 416.5 415.8 415.2 414.3 413.4 411.2 409.6 408.5 407.7 407.7 408.1 408.6 408.8 409.1 409.2 408.3 407.8 407.5 406.1 402.9 399.4 394.7 389.7 384.6 380.9 377.7 374.3 371.2 369.4 368 367.3 367.2 367.1 367 368.1 371 374.3 375.3 375.7 375.5 373.1 370.3 366.9
314.9 314.9 314.2 313.3 312.5 312.5 312.8 312.5 312.3 312.2 312.6 313.8 316.1 318.2 319.7 322.2 325.7 329 332.5 335.9 340.3 344.7 349.7 354.9 363.6 375.9 392.5 404.4 410.3 413.3 415.5 416.7 418.1 418.8 419 417.4 416.3 415.5 414.4 413.3 412 410.8 410.3 410.3 410.6 410.9 411.2 410.8 410.7 409.5 407.5 404.8 404 402.2 399 395.6 391 386.2 382.1 379.4 376.7 374 371.5 370.2 369.7 369.3 369.5 369.6 370 371.2 374.5 378.4 379.2 378.9 378 375.2 371.9 368.4
318 317.9 316.9 315.9 315.2 315.2 315.5 315.2 314.8 314.8 315.7 316.8 318.4 320.5 322.4 325.7 329.1 334.5 338.1 342.9 347 352.2 358.4 367.4 376.2 388 398.2 411.9 418.2 420.4 420.6 421.5 421.8 422.1 421.6 419.5 417.7 416.3 415.2 414.1 413 412.6 412.3 412.5 412.5 412 410.9 410 408.6 407.1 404.5 401.5 399.2 397.6 394.8 391.7 388.2 384.7 381.6 378.9 376.5 373.9 371.5 370.7 370.8 371.1 371.2 371.6 373 374.5 377.8 380.2 380.2 379 377.5 374.8 371.5 367.8
321 321.2 319.8 318.5 318.1 318.1 318.3 318 317.6 317.7 318.8 320 321.4 323.5 326.3 329.2 334.4 340.5 346.1 351.1 355.7 361.4 366.9 375.7 384.1 401.1 408.8 419.2 425.1 425.2 425.2 425.5 425.7 425.2 424.2 421.9 419 417.4 416.1 415 414.6 414.3 413.8 413 412 410.6 408.4 406.5 405.2 403.5 401.4 398.6 396.4 394.1 391.7 389.8 388 385 381.9 378.7 376.3 373.9 371.6 371.2 371.9 372.7 373.1 373.7 375.1 377.1 378.6 379.1 377.9 375.5 374 371.4 368.5 364.6
324.1 324.2 323 321.7 321.3 321.2 321.3 320.9 320.9 321.4 323 324.3 326 327.8 331 335.2 340.2 347.6 354.1 359.9 364.1 371.8 376.2 383.7 395.7 410.2 413.4 425.2 429.8 429 428.4 428 427.5 426.2 424.9 422.6 419.8 418.2 416.8 416.4 415.8 415.3 413.9 412.3 410.2 407.4 404.8 402.9 401.5 400 398.2 395.8 393.5 391.4 390 388.7 387.2 384.9 381.6 378.6 376.2 373.5 371.1 371.4 372.5 373.5 374.3 374.5 375.3 377 377.1 375.3 372.9 370.7 368.7 366.8 364.3 361.2
326.8 327.2 326.1 325.3 325.2 324.9 324.6 324.5 324.9 325.7 327.5 329.5 331.4 334.3 336.9 341.4 346.2 354.8 362.2 368.4 374.6 381.7 386.3 395.7 408.4 414.7 424.2 430.2 432.1 430.5 429.7 429 427.9 426.6 425.2 423.7 421 418.8 418.2 417.6 417 415.4 413.3 410.6 407.5 404.6 401.9 399.4 397.8 396.5 394.8 393.1 391.2 389.4 388 387.1 385.2 382.6 379.9 377.6 376 372.5 371.3 371.4 372.5 373.5 373.9 374.1 374.8 374.6 373.7 370.9 368.2 365.8 363.7 361.8 359.8 359.4
329.4 330 329 328.2 328.3 328.8 328.6 328.9 329.5 331.2 333.2 335.2 337.3 341.3 344.3 348.6 354.3 365.1 374 380.1 385.2 389.3 396.7 406.2 416.4 423.8 429.7 432.2 432.1 430.5 429.2 428.2 427.4 426.8 425.4 424 422.2 420.3 418.9 417.8 416.4 414.6 412 408.7 405.2 402.2 399.5 397.2 395.2 393.5 391.9 390.2 388.5 386.9 385.9 384.9 382.3 379.1 376.6 375.1 373.7 371.6 370.2 370.9 372.3 373.1 373.4 373.2 372.7 372.1 369.8 367.1 363.8 361.1 358.8 356.9 355.1 352.8
332 332.5 331.6 331.2 331.7 332.1 332.9 333.5 334.6 336.9 340 341.9 344.6 348.2 352.4 358.3 365.5 373.9 383 389.4 393.6 398.8 406.5 414.9 421.7 429.3 431.3 431.7 430.4 429.1 427.9 427 426.8 426.8 425.5 424.1 422.6 421 419.4 417 415 412.7 409.6 406.4 403.1 400.5 398.1 395.8 393.9 391.8 389.7 388.1 386.3 384.3 382.8 382.2 379.1 375.8 373.8 372.6 371.2 370 369.2 370.2 372 373 372.6 372 370.8 369 366.4 363.6 360.3 357.2 354.7 352.4 350.2 347.5
334.3 335 334.4 334.1 334.7 335.7 336.9 338.5 340.2 342.7 345.8 349.3 353 357.8 362.6 368.7 375.6 384 387.9 393.3 400.9 406 412.9 419.6 425.2 429.3 430 428.6 427 425.3 424 424.2 425 425.3 424.7 423.8 422.6 421.1 418.6 415.5 413.3 410.3 407.2 404.5 402 399.5 397.5 395.4 393.2 390.8 388.6 387 384.6 382.8 381 378.4 375.8 373 371.7 371.1 370 369.1 368.5 369.7 372.2 372.6 371.9 370.8 368.3 365.8 363.2 360 356.9 354 351.1 347.7 345.2 342.4
336.9 337.3 337.4 338.2 339 339.6 341.1 343.4 345.9 348.8 353.2 358.4 363.4 368.8 374.2 379.9 385.8 392.9 398.6 399.1 401 408.4 416.5 421.7 424.2 426.2 426.2 424.7 423.2 420.9 419.7 419.7 421.5 422.5 423 423.2 422.2 420.5 417.2 414.2 411.4 408.2 405.6 403.2 401.8 400.1 398.3 396.1 393.9 391.2 389 387.5 385.8 383.7 382.6 379.7 376 374.4 372.9 372.4 371.6 370.8 368.6 368.3 371.5 371.5 370.9 369.2 366.6 363.5 360 356.9 353.9 351 348.2 344.3 340.9 337.9
339.5 340.4 340.3 341.4 342.1 343.6 345.7 348.6 351.7 356.2 367.4 369.1 375 380.3 384.9 390.2 395.7 401.3 406.7 407.8 399.9 405.4 416.2 419.7 420 421.4 421.2 420.1 418.7 416.5 414.8 415.3 417.1 419.6 421.1 421.5 420.6 418.7 415.8 413.2 410.4 407.6 405.3 403.8 402.5 401.1 399.6 398 396.2 393.3 390.1 387.6 385.4 383.2 381.2 378.7 376.3 375.4 374.7 374.2 373 371.5 369.1 367 369.1 370.3 368.6 366.3 364.2 361.4 357.9 354.2 350.9 348.1 345.3 341.8 338.3 335.2
342.3 343.6 344.4 344.9 346.1 348 350.4 353.8 358.1 368.4 375 378.4 386.4 391.3 396.2 400.9 406.3 409.6 412.3 413.1 402.1 402.2 413.3 415.3 415.4 416.4 416.5 416.1 414.4 412.3 410.3 410.7 413.5 416.5 418.6 419 418.3 417.2 414.6 412.9 410.6 408.1 407.1 405.7 404.4 402.7 401.2 400 398.2 395.3 390.7 387.3 385 383.1 381.3 378.9 376.9 376.2 376 374.9 373.5 372 371.1 369.4 364.2 361.1 361 360.6 360.2 357.3 353.5 350.9 348 345 342.9 339.3 335.8 333.1
346.3 347.4 348.1 349.1 351 353.2 356 359.8 368.2 377.2 376.5 389.1 396.3 401 405.5 411.3 414.9 415.4 416.5 414.3 405.1 399.7 403.8 406.8 409.3 410.7 412 412 410.2 408.1 405.6 405.9 408.8 412.7 415.6 416.2 415.6 414.9 414.1 412.5 411 409.5 408.4 407.2 405.6 404.3 402.9 401.7 399.6 395.8 391.6 387.6 385.7 384.1 381.6 379.4 377.7 377.1 376.5 375.3 374.1 373.6 373 371.6 370.1 369.4 366.5 361.4 354.1 350.6 348.4 346.3 344 342 338.4 336.2 334.1 331.5
350.2 351.2 352 353.9 355.8 358.6 362.2 367.2 382.1 381.6 378.4 393.5 403.5 408.9 413.5 418.1 420.6 418.7 418 413 406.1 401.1 398.9 399.3 401.7 404.4 406.7 407.5 406.5 404 401.3 400.8 404.4 408.5 411.7 412.7 413 412.8 412.5 411.9 410.1 408.9 407.9 407 406.3 405.3 404.4 403.3 400.5 396.2 392.9 389.1 386.7 384.7 381.9 379.8 378.8 377.9 376.9 376 375.6 375.3 374.8 373.6 372.4 370.9 368.9 365.2 361.1 356.8 352.4 350.1 347.6 342.8 337.7 332.3 332.3 329.9
354.1 355.1 356.6 358.4 360.5 363.2 367.9 373.2 380.7 387.8 378.8 394.8 410.4 416.5 420 422.9 423.1 421.2 418.2 412.5 407.5 402.3 397.2 395.1 394.2 397 400.7 402.4 401.8 399.4 396.8 396.6 400.2 404.3 407.3 408.6 409.7 410 410 409.5 408.5 407.6 406.8 405.5 404.6 404.3 404.4 403.9 400.8 396.4 395.3 391.1 389 385.3 382.4 380.3 379.5 378.7 377.8 377.4 377.1 376.7 376.1 375 373.7 372.1 370.1 367.5 363.9 359.2 353.6 349.9 346 340.9 338.1 334.8 332.7 330.5
358.6 359.4 361 362.9 365.2 368.5 373.1 379.3 386.2 394.6 378.9 396.2 418.7 423.4 425.8 426.1 425.1 422.1 417.5 413 408.5 403.3 397.7 393.1 389.4 389.1 393.1 395.5 396.1 394.6 392.5 393.1 396 399.9 402.9 404.5 405.7 406.8 407 406.5 405.3 404.2 403.7 403.1 401.9 401.1 401.4 401.8 399.7 397.7 396.5 393 390.4 386.6 382.9 380.8 380.1 379.9 379.2 378.4 378.1 378 377.3 376.4 375 373.3 371.5 369.2 364.8 359.4 353.9 350.2 346.3 341.9 338.4 335.5 333.2 332.5
363.3 364 365.4 367.8 370.6 375.1 379.8 386.4 393.1 399.8 404.6 417.2 425.6 429.2 429.4 428.5 426.1 421.6 416.7 411.8 408.4 404.2 399.7 394.6 389.4 384.6 385.2 388.4 389.7 388.6 387.3 389.7 392.7 395.2 397.1 399.4 401.3 402.7 403.8 402.2 400.7 399.8 399.2 399.8 398.6 397.6 397.8 397.8 397.7 398.5 396.8 394.1 390.6 388.1 384.1 381.7 382.3 382.2 381 380.1 379.6 379.2 378.9 378.7 378.6 375.6 372.2 369.9 365.5 359.3 354.4 350.4 346.2 342.1 338.6 335.8 334.8 332.8
368.1 368.7 369.7 372.3 376.8 382.5 388.1 395.6 403.2 410.7 419 426.7 430.3 432.4 433 430.9 426.8 421.9 416.5 411.7 408.2 405.2 400.9 396.3 391 385.5 381.3 381.9 383.2 383.2 383.1 386 388.6 390.1 391.4 393.2 396.6 399 399.3 397.2 395.9 394.4 394.3 395.3 395.6 394.9 394.9 395.5 396.7 397.2 396.4 393.7 391.6 389.6 384.1 383.8 384.9 384.5 383.3 382.3 381.9 381.5 380.8 381 380.7 376.9 373.1 370.2 366.1 360.3 354.7 351.7 346 341.6 338.3 335.7 334.2 332.8
373.5 374.3 374.7 378.1 383.7 389.8 397 406.5 414.4 421.6 427.9 435.4 437.9 438.3 437.7 433.4 428.6 423.7 418.5 413.3 409.6 406.3 401.9 397.1 391.9 386.1 380.3 378 378.5 378 378.9 377.7 381.4 383.8 385.7 388.7 392.3 394.5 393.5 391.5 388.9 387.1 389 390.5 392.3 392.1 392.9 393.6 394.4 395 394.6 393 391.2 387.7 385.1 388 387.7 386.6 385.4 384.7 384.5 383.7 382.6 381.7 379.8 377.1 373.1 368.9 365 359.5 355 351.3 345.2 341.1 338.3 335.2 334.4 337.2
380 380.6 380.7 384.3 390.3 397.5 406.9 417.3 426.4 434.1 440 445 446.1 445 440.7 435.4 430.5 425.5 420 415.4 410.7 406.8 402.8 397.8 392.3 386.4 379.8 375.8 374.4 373.5 374.1 374 375.7 378.5 381.6 383.6 386.7 388.2 386.8 384.6 381.7 380.7 383.6 386 387.8 389.2 390.1 391 391.8 392.7 392.6 391.9 389.6 386.9 388.5 390.1 389.5 388.5 387.3 386.9 386.8 385.6 383 381.1 378.8 375.8 372.1 367.6 362.8 358.2 355 349.8 344.3 340.1 336.1 337.7 342 342.5
385.3 387.3 388.5 392.5 397.4 405.8 416 429.5 440 444.3 447.8 450.8 449.7 447.2 442.6 436.9 431.9 426.7 421.3 416.3 411.4 406.7 402.5 397.8 392.1 385.6 380.6 375 371.9 370.1 369 369.4 370.9 374.2 377.5 379.3 381.1 381.2 380.5 377.5 374.2 373.1 377.6 381 383.5 385.5 387 388.2 389.2 390.2 389.9 389.1 387.8 386.8 388.5 389.9 389.9 389.3 387.9 387.7 387.6 386 383.1 380.3 377.5 374.6 370.4 365.2 359.9 356.1 350.4 344.6 339 339.9 342.2 345.9 346.4 346
390.6 393.4 398 403.3 407.1 415 426.2 439.3 447.2 449.7 449.8 451.3 450.1 447.3 442.6 437.6 432.1 425.5 420.1 414.9 410 405.3 401 395.9 389.9 384 379.7 375 371.5 368.2 366 365.4 366.3 370 372.8 374.2 376 375.5 374.2 371.1 368.2 367.6 372.5 376.3 379.4 381.9 383.7 385.3 386.2 386.3 385.9 385.1 385 385.1 386 387.4 388.5 388.7 386.9 386.5 386.1 384.3 380.8 378.2 375.7 372.5 367.8 361.9 355 353.4 343.5 345.4 346 347.8 349.6 351.2 351.1 350.2
399.1 401.6 408.1 414.7 418.2 423 434.5 445.6 450 449.1 448.4 449.1 447.9 444.9 441.8 437.6 431.5 424.3 419 413.7 408.6 403.5 398.4 393 387.2 382.4 378.6 374.9 371.7 368.6 365.7 363.7 362.4 365.7 368 370 370.8 369.5 367.9 365.7 363.6 365.1 368.8 372.3 375.1 377.7 380.2 381.2 381.8 381.7 381.5 381.1 380.8 382.1 383.3 384.4 385.5 385.7 384.4 383.7 383.3 381.1 378.5 375.9 373.4 369 364.5 354.3 346.7 346.2 348.4 352.5 354.2 355.3 355.7 356.3 355.9 355.1
409.4 412.1 418.3 424.4 428.2 430 439.6 447 448.7 447 446.6 446 444.2 442 439.2 435.1 428.6 421.3 416.1 410.9 405.7 400.3 395.1 389.8 385.5 381.5 377.7 374.4 371.7 369.6 367 364.5 362.4 360.2 362 364 365.1 364 363.4 361.6 358.6 362.4 367.2 369.7 372.2 374 375.7 376.7 377.1 376.6 376.1 375.9 377.1 378.4 380.1 381.1 381.6 381.2 380.5 380.3 380.5 378.7 376.5 374 368.6 357 358.7 361.3 360.8 359.3 356.2 357.4 359.5 361 362.2 362.3 361 360
417.3 420.6 424.8 431.4 434 434.1 439.8 443.6 444 443.3 442.7 441.7 440.3 437 434 430.1 423.7 417.3 412.2 407.6 402.6 397.1 391.7 387.9 384.5 381 377.9 375.9 373.9 371.4 368.5 366.3 364.5 361.4 358.2 356.6 357.4 357.9 358.3 356.6 355.3 360.2 364.5 367.9 369.6 370.3 371.5 372.1 372.1 370.5 369.6 370.6 372.4 374.7 376.3 377.4 376.9 376.3 376.1 376.6 377.7 376.3 374 370.1 357.2 367.7 368 367.4 365.7 363.3 360.8 362.7 364.8 365 368.2 368.4 367.1 365.5
422 424.2 421.3 427.9 433.5 433.8 435.6 437.6 438.5 438.3 437.7 436.5 434.7 431.3 427.8 423.8 418.4 413.2 409.1 404.7 400 394.7 390.4 388.2 385.8 382.6 380.2 378.4 376.2 373.3 370.3 367.8 365.7 363.1 360.3 356.8 354.2 350.6 351.1 350.7 351.1 356.8 361.3 364.3 366.1 366.7 366.6 366.9 365.1 363.3 363.1 365.3 368.5 370.8 372.4 372.4 371.9 371.5 372 373.6 375.1 374.2 371.8 359.8 371.1 372.7 372.6 372.2 370.1 367.4 365.9 367.5 369.8 369.4 372.6 373.3 372.4 370.7
428.6 422.8 415.9 420.3 428.2 427.9 429.9 431.1 432.2 432.2 431.5 430 428.5 425.1 421.5 418.5 414.7 411.3 407.3 402.4 398.5 395 392 389.7 387.5 384.8 382.6 380.6 378 375.2 372.4 369.7 366.8 364.4 361.7 359.4 357.5 354.8 351.6 346.6 346.5 353 356.9 359.9 361.9 362.5 361.6 359.4 357.9 356.6 357.2 361.3 364.7 366.7 367.5 367.1 367.1 367.8 368.3 368.5 370.5 366.2 364.2 374.1 375.2 376 376.6 376.4 375.2 372.7 370.9 372.1 374.1 375.3 375.5 377.2 377.2 375.4
435.2 421.2 415.4 416.1 419.9 420.3 424.6 424.3 425.9 425.8 424.6 423.1 421.5 418.8 417.4 416.1 413.9 411 403.6 404 401.3 398.5 395.3 392.5 390.1 387.7 385.7 383.8 380.7 377.3 374.6 371.8 368.7 365.7 363.1 361.1 359.3 356.8 353.9 350.7 343.4 345.1 352 354.3 356 357 355.8 353.9 351.7 350.5 353.2 358.2 361 362.1 362.4 361.6 362.4 363.4 364.4 365.2 366.9 370.2 373 376.8 378.4 379.7 380.5 380.7 379.9 378.2 376.6 377.6 379.5 381 380.9 381.3 381.3 379.8
437.6 422.1 415.3 411 411 411 416.3 417.9 418.9 418.3 416.9 415.5 415.1 414.1 414.4 414.9 413.2 410.5 409 408.1 404.7 402 399 396.2 393.3 391 388.7 386.9 383.8 380.1 376.5 373.7 370.6 367.5 364.5 362.4 360.3 357.3 354.9 351.4 346.1 338.5 345.9 349.2 350 350.5 348.7 349 346.5 346.1 350.2 354.3 356.4 356.7 356.4 356.3 356.4 358.8 360.1 362 366.6 370.1 374.3 378.6 380.9 382.8 384.1 384.6 383.9 382.5 382 382.7 384.1 384.9 384.3 384.3 385.2 384.6
433.5 424.4 415.9 411 411.4 409.2 411.3 410.2 409.6 408.5 408.3 407 408.4 410.3 411.4 412.8 410.8 402.4 411.1 411.4 408.9 406.1 402.9 400.2 397.2 393.9 391.3 388.8 385.5 382 378.4 375.4 372.2 369.1 365.9 362.8 361 358.1 354.9 351.7 346.5 341.1 335.4 341.5 345.6 346.2 344.3 341.3 339.4 342.2 347.7 349.7 350.9 350.6 349.3 348.1 350.2 352.4 356.6 361 365.6 370.5 376.4 380.2 383.7 385.8 387.5 387.8 387.2 387.3 387 387.5 388 388.2 387.5 387.6 389.7 389.9
430.1 423.6 414.5 411.3 409.4 406.6 405 403.4 401.5 400.3 399.3 399.7 399.8 400.7 404.7 407.3 402.8 407.7 412.2 413.4 412.2 410.3 406.9 403.6 400.4 396.2 393.5 389.9 385.8 382.5 379.5 376.7 373.7 370.4 366.9 363.2 360.6 358.3 355.8 352 347.7 343.2 337.5 333.5 336.8 341.1 339.4 334.9 331 337.9 341.7 343.7 344.6 344.4 341 339.2 345.1 351.1 355.8 361.2 366.4 371.9 378.3 382.4 385.8 388.7 390.6 391.1 391.6 392 391.9 391.7 391.8 391.5 390 392.4 393.3 393.9
426.7 419.5 414.4 414.3 413.7 410.7 410.1 408.1 406 405.7 405.1 392.6 388 388.7 388.2 394.9 394.6 404.9 409.5 412.1 413 412.2 409.7 406.7 402.6 398.5 395.4 391.6 387 384 381.3 378.6 375.4 371.7 367.4 363.8 360.9 358.3 355.9 351.8 347.6 343.4 341.1 340.5 336.7 329.2 327.4 326.9 321.2 326.5 333.5 337.1 337.3 334.9 330.1 339.6 347.1 353 357.6 362.5 367.5 373.5 380.2 385.1 388.3 391.5 393.8 395.1 396.2 396.8 396.5 395.8 395.2 394.8 393.9 395.1 396.2 397.2
423.6 420.8 420.7 420.6 420.5 418.4 417.9 417.7 416.9 415.9 414.3 409.9 405 400.8 392.4 394.2 380.8 393.2 403.9 407.7 409.5 410.6 408.8 406.6 403.5 399.7 397.3 394.7 390 385.8 383.3 380.5 377.2 372.7 367.7 364.3 361.4 358.6 355.8 351.6 347.7 345.6 345.2 345.4 344.7 341.8 338.6 331 328 323 311.1 324.9 327.8 323.9 330.1 338.9 347.7 354.3 360 364.7 370.3 376.9 383.2 388.1 391.7 395.1 397.5 399.1 400.4 400.5 399.8 398.3 396.8 395.8 395.1 396.2 397.8 399
427.7 427.6 427.7 428.3 427.3 427.1 425.8 424.8 423.1 421 417.6 413.7 409.4 405.5 399.8 389.6 371.9 376.9 393.9 402.8 405.2 405.9 405.5 404.3 403.2 401 398.7 396.8 392.5 387.6 384.1 380.7 377.5 373 367.9 364.8 361.9 359.3 356.5 352.9 350.4 348.8 349.2 350.1 348.8 346.1 342.7 337.2 335.3 330.6 321.9 311.9 316.5 316.8 330.5 339.9 345.9 354.6 362 367.2 373.8 380.8 386.7 391.4 395.9 398.9 401.3 402.9 404.3 403.7 401.6 399.1 396.9 395 393.9 395.3 396.6 397.4
433.4 434.1 434.8 435.9 436 434.6 433.1 430.5 427.6 423.9 420.6 416.2 410.9 405.6 399.9 390.2 378.4 367.9 378.4 391.9 397.9 400.5 401.5 401.4 401.3 400.1 398.5 396.8 393.3 388.2 384.5 380.1 376.5 371.8 368 365 363.5 361.3 358 355.3 353.7 353.3 353.9 353.6 352.4 350 345.5 339.2 335.6 333.2 328.2 309 311.2 316.8 331.2 343.4 352.5 358.7 364.9 370.5 376.9 383 389.6 394.5 398.8 402.4 405 406.6 407.2 405.6 403 399.6 395.4 392.3 390.7 391.2 392.8 393.6
