Assets/StreamingAssets/GeoData/Data/nt/NT43.asc
ncols 200
nrows 200
xllcorner 340000
yllcorner 630000
cellsize 50
[rows 35 to 69 of 200, columns 0 to 77 of 200]
380.8 387.8 393.4 386.9 373.5 358.7 347.6 337.6 329.3 322.4 318.7 316.5 313.6 310.8 309.5 308.3 304.3 300.7 298.5 297.5 296.1 295.4 292.5 289.2 287.5 285.6 282.8 279.6 277.6 274.9 270.9 267.7 264.2 260.5 256.9 252.4 249.2 246 242.1 236.8 229 224.9 222.5 220.5 220.6 215.6 214 220.3 235.9 246 253.2 259.4 262.7 264.5 263.5 261.5 263.6 269.1 274.1 279.8 287 297.3 312.1 320.7 325.7 329.2 329.7 331.9 334.4 336 338.2 343.9 351.6 357.7 362.1 367.1 369.6 362.9
379.6 386.9 386.7 387.6 371.4 359.3 346.1 335.5 325.5 322.4 319.8 316 313.6 310.9 310.4 308.8 306.5 304.6 303.3 301.8 301.4 300.5 298.2 295.5 293.4 291.8 289.7 286.2 285.1 282.3 278.1 273.2 268.2 264.2 260 254.5 250 246.6 242.2 234.6 227.5 224 221.9 220.8 218.3 211.4 213.9 230.7 243.7 251.1 254.4 260.1 261.2 259.3 256.4 255.7 259 263.5 268.5 275 282.8 297.4 308.1 315.4 322.1 323.9 323.2 323.1 324.8 326 329.2 334.5 340.9 346.6 354.3 361.1 361.2 357.2
382.6 392.6 393.8 385.4 374.4 357.9 344.3 334.9 327.4 324.5 321.4 319.6 318 317.3 316 314.5 311.7 309.7 308.4 306.9 306.3 307.7 307.3 303.9 300.1 297.8 297.2 295.4 292.9 288.6 284 277 271.1 265.8 261.3 255.9 249.5 245.8 240.8 232.8 226.6 222.4 219 217.5 213.5 211.4 223.7 240.5 249.3 253.9 257.7 259.9 259.4 255.9 252.6 252.4 255.4 258.4 264.6 271.8 283.2 296.7 301.4 310.3 316.7 316.8 317.3 317.2 316.7 316.8 318.7 321.6 327.4 338.8 347.3 351.8 353 354.7
390.5 398.1 392.5 386.7 372.5 356 344.6 335.2 330.6 327.9 327.3 326.3 326 326.1 325.1 321.4 318.5 314.9 313.5 312.4 313 313.4 314.8 314.2 312.1 309.5 306.1 302.7 298.6 294.1 286.6 277.4 270.2 263.2 258.5 253.8 247.1 241.4 236.1 231 226.1 220.1 215.1 213.1 211 210.7 230.5 243 249.9 254 257.4 258.1 255.8 253 249 248.7 250.7 253.7 258.9 269.8 283.3 290.9 298.5 306.5 310 310.7 310.3 309.9 308.9 307.7 308.4 314.1 319.8 329.4 339.8 343 347.1 349.4
391.6 394.6 392.6 380.3 367.1 354.3 346.6 341.2 337.4 335.5 333.8 334.7 336.2 337.6 334.2 329.3 326.1 320.7 319.1 317.9 318.6 319.5 321.3 321.5 320.6 317 312.8 307.4 301.3 292.5 282.7 274.6 267.2 261.1 256.7 252.2 245.5 238.6 233.6 227.7 222.8 218.1 211.4 209.5 209.2 218.1 235.8 247.1 253.2 256.4 257.1 255.6 252.9 250.1 245.6 244.6 245.9 249 256.3 269.4 279.5 288.2 296.1 301.4 303.6 303.1 302.4 302 300.1 297.5 299.2 305.5 312.9 324.3 332.1 336.4 343.4 340.8
386.6 392.5 388.4 376.2 363.6 355.8 351 346.3 344.8 343.3 341.5 343.1 346.6 346.6 342.5 338.2 333.2 329 327.7 323.5 325.4 326.5 327.7 327 324.4 319.7 314.4 306.8 295.4 286.1 277.9 269.6 265.1 259.6 255.1 250.7 244.3 237.7 231.9 227.8 222.3 215.2 211.4 209 207.9 224.2 241.5 250.8 255.1 256 255.5 252.5 250.1 247.5 242.9 240.6 241.3 246.2 254.4 265.8 274.9 283.2 289.9 294.1 296.2 294.9 294.6 292.9 289.9 287.3 290.4 297.3 309.4 318.9 327 338.8 342.2 337.5
384.1 389.5 385.2 375.2 366.2 360.4 355.8 355.4 354 352.4 353 357 359.7 357.5 353.5 346.2 344.1 338.4 333.4 329.8 331.9 333.3 332.6 331.5 328.7 321.6 311.3 299.9 288.2 280.1 272.2 267.8 262.9 258.4 253.8 249 243.3 237.7 232 226.7 220.2 212.5 208.6 208.3 214.5 228.2 241.6 250.3 253.6 254.2 251.7 248.5 245.3 242.8 240.1 237.4 237.8 242.6 250.8 259.6 268.7 276.7 281.9 286.4 287.9 286.5 285.3 283.1 279 277.7 283.9 291.9 304 312.4 323.3 339.5 339.1 333.3
373.3 378.9 379.5 373.2 370.5 370.3 367.1 363.4 362.8 361 363.6 367.3 369.8 369.1 363.2 358.3 355.4 350.6 343.9 335.5 336.2 334.8 335.4 332.1 324.3 314.5 304.5 293.1 283.1 274.6 269.9 265.9 261.6 257.1 252.4 247.1 241.7 235.8 229.9 224.4 218 211.6 207.3 207.2 214.6 227.4 244.7 246.9 248.5 248.6 245.5 241.1 238.3 237.2 235.7 232.9 234 238.3 246.5 252.6 260.3 266.9 272.1 275.8 276.9 275.3 274.8 271.7 270.6 270.2 277.4 287.5 298.3 307.9 324.8 338.5 336.1 326.4
358.8 363.2 367.2 372.3 375.8 375.4 372.5 372.5 369.5 368.7 371.1 374.9 377.2 374.5 372.4 370.3 365.1 361.5 353.7 341.4 341.7 336.4 332.9 322.7 313.5 308.1 298.1 287.7 278.3 272.7 268.6 265.9 260.9 256.4 251.6 246.8 241.1 234.7 228.9 223.9 219.1 213.1 206.9 205.7 210.8 228.5 236.2 237.9 240.3 239.7 236.4 233.5 231.5 231 231 228.9 228.9 233 239.2 244 250 255.2 259.8 262.7 263.3 265.3 264.7 264.4 263.6 264.8 272.6 284.8 293.6 305.8 324.8 340.1 333.9 326.6
338.9 345.7 362.4 371.6 380.2 382.1 380.6 376.9 375.7 377.4 379.7 383.4 383.1 381.1 380.5 377.8 372.3 368.9 358.8 347.6 339.2 332.4 326.1 317.9 313.6 303.6 292.2 282.5 277.4 273.5 269.3 266 260.9 255.8 251 246.2 240.1 233.9 228.5 224.5 221.5 216.5 208.4 204.8 204.5 222.1 227.7 230.5 231.6 228.9 226.4 224.8 224.3 224.4 223.6 223.8 223.1 227.9 231 236.4 241.8 247.3 250.4 250.9 253.6 255.6 255.5 256.5 256.6 260.6 268.1 280.1 291.1 305 328 335.6 331.7 328.3
323.6 340.5 357.4 370.2 380 381.6 379.6 379.2 382 384.1 386.6 387.3 384.4 383.5 383.4 379.8 373.4 366.4 356.2 347.4 336.3 328.5 322.8 319.3 309.6 297.9 289 284.5 282.6 278.6 273.5 268.3 262.6 257.3 250.4 243.9 238.1 233.4 228.2 225.2 222.2 218.8 214.2 206.4 203.4 215.1 220.1 222.5 221.1 218.5 218.2 216.4 216 216.5 216.4 216.8 217.6 219.8 225.8 232.8 236.7 241.3 242 242.7 245.5 247.7 247.3 248.6 250.8 256.7 264.3 276.6 290.3 306.5 325.8 333.4 334.8 335.2
317.2 335.1 353 365.5 371.9 372.1 374.4 378.2 381.4 383.5 383.1 380.9 379.4 381.1 380.5 377.2 370.6 363.4 354.9 345.2 338.9 332.7 326.8 319 305 294.8 292.3 292.1 288.4 284.4 280 273.7 266.3 260.1 252.7 245 237.6 232.9 229.2 226.2 223.1 220.2 216.8 213.2 206.4 202.7 210.8 211.3 211.7 211.3 210.1 209.1 208.8 209.9 211.6 211.6 211.8 213.8 221 226.4 230.5 234.8 236.5 237.2 237.2 239 239.6 239.9 244.2 252.5 261.8 274.5 290.9 307.3 322.3 332.2 341.9 335.9
312.2 332.6 346.5 357.5 360 363 369.5 374.8 379.2 376.5 374.5 372.4 370.9 371.2 370.8 369.6 366.1 360.6 353.1 344.3 341.4 336.3 329.5 320.6 308.1 299.7 298 297.9 297 292.9 287.1 280.6 272.6 264.3 256.4 248.6 240.4 234.6 231 228.1 225.3 222.6 219.3 215.5 210.6 202.6 201.6 201.4 203.1 205.1 204.5 203.9 204.1 204.8 206.2 206.5 205.4 205.8 213.2 216.7 220.2 224.2 229.3 229.7 229.9 233.1 232.8 232.3 239.1 248.7 260.4 275.9 293.5 307.3 320.8 334.9 339.2 327.7
307.9 324 338.9 344.2 347.9 356.2 364.2 368.8 369.7 366.9 364.7 364.3 362.7 360.9 359.2 361.3 361.5 358.3 353.5 347.9 345.5 341.5 335.3 324.6 313.6 307.3 308.8 308.9 305.9 300 293.8 288.1 279.5 271.3 262.7 253 244.2 237.9 233.8 230.5 227.1 225 221.7 218 213.6 206.3 201.9 200.3 198.6 198.6 197.2 199.4 200.3 200.8 201.2 201.4 199.5 198.8 202.3 208 211.7 216 220.6 221.8 224 227.1 224.8 226.7 235.5 249.4 263.4 280.4 295.5 304.9 317.8 332.7 328.5 321.5
298.9 310.8 324.9 331.7 341.7 351.4 356.6 357.1 357.6 356.4 357.7 358.2 354.1 348 346.7 351.2 353.6 353.1 350.7 350 349.9 346.2 338.2 328.8 320.4 319 318.5 313.3 313.2 308.9 301 294.4 286 278.2 269 259.6 248.7 241.6 236.5 232.5 229.3 226.2 223.4 219.7 215.4 211.4 207 203.1 198.7 198.4 197.1 196.7 195.6 194.7 194.2 196.5 194.4 193.3 195 197.9 201.8 207.2 211.2 211.4 213.1 214.9 215.1 219.4 232.5 248.2 263.7 280.2 292.6 307.9 318.2 323.5 323 316
291.9 304.5 317.6 329.9 340.6 345.7 346.5 345.2 346.8 348.6 349.3 345.2 338.5 333.6 335.2 340.3 344 341.9 345.6 348.2 351.4 348.7 342.8 335.7 330.8 328.2 325.9 324.2 320.8 314.7 308.4 304.6 296.9 287.1 275.7 264.8 254.4 244.5 239.7 235.3 231.1 227.3 224.4 220.2 216.6 212.5 209.2 205.9 203.9 200.1 197 195.4 195.2 194.8 193.4 192 190.8 190.2 189.8 188.8 189.3 194.2 198.9 199.4 201.7 205 207.7 213.3 227.9 244.3 261 277.9 289.3 309.3 317.2 315.9 310.4 307.8
291.2 300.4 314.8 331.2 337.5 336.2 333.3 332.5 337.5 338.5 335.5 329.8 322.4 320.9 324.2 329.7 330.8 330.7 336.2 341.3 346.7 345.1 342.7 338.7 333.4 331.9 331 330.6 325.1 321.1 320.5 318.3 308.1 295.4 282.3 269.3 256.1 248.3 242.1 237.7 233.1 227.6 226.5 222.4 217.7 214.7 212.4 211.3 210 207.6 203.9 203.8 202.6 198.8 195.4 193 190.9 190 189.4 188.3 187.6 187 187.2 191.6 196.5 199.9 201.3 211 223.6 236.5 253.7 271.9 284.1 300.1 306 306.9 302.9 300.5
292.1 302 314.6 322.8 325.4 321.8 319.2 325.5 327.1 326.1 321.4 316 311.7 311.7 311.6 313.9 315 317.7 322.5 329.8 335.8 338 337.8 334.4 333.2 333.7 338.6 337.3 335.3 335.1 333 326.4 314.9 299.8 286.9 272.5 260.1 251.1 245.4 240 235.4 231.3 227.7 225 220.5 217.7 215.8 214.4 213.4 212.2 208.6 207.2 205.9 204.8 202 196.5 193.9 191.1 188.9 188.5 188.1 187.3 185.7 184.5 185 193.8 194.7 199.1 213.2 229.8 242.1 258.7 275.8 286.2 292.2 292.9 294.9 293.4
291.5 307.1 316.3 316.9 314.6 311.7 314.5 313.5 312.9 311.7 308.1 302.7 300 299.5 299.4 300.3 302.3 304.8 309.8 319.3 323.3 325.4 326.8 327.6 331.6 337.1 343.8 346.6 342.9 341 339.6 334.4 319.5 303.4 288.4 274.7 264 254.5 248.7 243.2 238.7 234.5 230.7 227.1 223.8 221.2 219.3 217.5 216.3 214.9 213.3 211.7 210 209.1 206.5 202.1 198.4 196.1 194.1 189.1 187.2 187.2 185.6 184.6 183.9 183.9 185.6 188 191.5 209.8 224.7 240.2 253.9 267.7 274.3 283.5 286.1 284.1
292.2 306.1 311 314.1 310.9 309.5 306.5 301.5 300.9 299.1 294.7 289.6 289 289 289.4 287.6 287 291.4 299.6 306.9 310.5 312.9 315 319 326.6 335.5 346.6 351 351.9 351.2 350.2 336.1 318.5 303.7 287.1 274.9 264.9 259.5 253.6 247.8 243.2 239.1 234.5 231.1 228.1 227.6 224.8 221.7 220.4 219.2 217.2 215.1 214.7 213.4 210.9 207.3 204.1 200 200.6 198.2 197.2 193.7 193.2 191.3 185.6 182.2 181.5 181.5 180.9 187.3 204.7 226.5 235.6 254 264.1 271.8 274.5 272.8
288.5 299.1 304.1 306.6 305.6 305 300.5 294.4 290.7 286.9 281.7 278.5 277.2 278.6 278.8 277.4 276 278.4 285.6 292.6 296.4 299.3 303.7 310.7 321.9 335.6 345.6 351.2 353.1 355.2 346.9 330 313.4 297.9 284.6 275 269 262 254.4 250.1 247.1 242.9 239.1 235.2 234 232.6 229.7 227.3 225.6 223.5 222.3 220.8 219.7 217.7 215.7 212.9 210.2 208.6 208.3 207.8 206 202.4 200.1 200.4 199.2 194.2 185.9 182.1 181.2 179.6 186.7 202.9 224.1 235.7 247.6 257.7 259.7 256.5
282.1 293.2 297.6 302.9 305.1 303.4 297.5 290 284 280 273.7 268.3 267.7 268.6 269.6 269.1 267.8 267.2 272 277.5 283 287.3 295.8 307.2 320.2 330.4 339 345.4 351.6 349.9 333.8 317.3 303.7 292.4 282.5 275 269 260.8 256.4 254.1 250.5 246.5 242.9 240.9 239.3 236.7 233.6 232.7 231.1 231.3 230.5 229.4 227.5 226.1 224.7 222.5 220.5 219.5 218.6 217 214.8 211.5 210.1 209.7 206.8 202.4 197.1 189.1 183.2 179.9 178.9 187 199.5 219.2 237.8 243 244 238.3
275.3 287.4 295.4 301.9 302.9 300.1 292 284.9 279.4 275.2 268.7 263.4 259.5 258.7 258.9 259 256.9 255.6 259.2 264.4 270.2 278.2 290.2 301.1 312.3 321.4 329.8 340.7 345.4 332.2 316.9 300.8 293.1 285.2 280.2 273.5 263.9 259.3 258.9 257.3 253.6 249.7 244.5 241.1 240 240.4 239.5 239.6 240.8 241 241.1 240.7 239.1 238.1 237.1 235.6 233.2 229.9 229.5 228.6 225.3 222 219.5 218.8 215.8 210.9 203.2 195.8 189.5 182.2 178.2 178.2 191.1 208.3 227.5 230.4 230.1 230.7
259.6 275.7 287.1 293.2 294.3 290.1 281.9 277.3 273 268.5 263.5 259.7 255.2 251.8 249.2 247 245.4 245.4 249 253.4 259.9 269 280.7 293.3 300.8 313.6 327.2 330.9 318.4 309 296 285.7 281 277.2 274 266.4 259.4 259.3 258.3 258 252.9 249.1 242.6 242.1 243.2 244.1 245.5 248.8 250.9 251.7 251.8 251.1 250.9 250.3 250.2 251 247.2 241.9 241.1 238.2 234.2 230.9 229.2 227.3 224.7 218 208.2 203.2 194.9 187.9 179.1 177.4 179.8 202.9 215.5 220.1 220.7 221.7
246 260.9 273 280.6 281.9 274.9 273.1 272.5 267.4 263.6 260.3 255.9 250.9 246.6 243.8 240.6 237.6 234.6 237.8 243 249.1 257.8 271.8 283.2 296.9 313.7 316 299.4 294.9 289.2 279.9 276.4 273.8 275.8 267 259.4 254.7 254.1 254.4 252.2 248 242.4 240.4 244.5 246.5 249.5 254.3 258 259.9 261.3 261 261.4 262.9 264.2 264.9 263.3 258.6 254.3 251.1 246.1 242.3 238.9 237.2 235.5 231.6 222.3 215.4 208.8 202 194.8 187 177.4 175.7 188 201.4 209.5 211.9 212.1
233.4 249.3 255.4 262.6 263.1 267.9 273.8 273 267.5 262.3 258.1 251.1 245.9 241.6 236.7 234 229.4 226.3 228.6 235.6 241.9 250.5 263.7 277.7 293.1 296.6 283.5 280.2 283.9 273 270.2 267.8 268.2 264.9 258 251.9 248.7 247.8 247.5 243.3 236.7 238.1 241.2 246.3 249.3 254.7 259.9 264.2 266.8 268.8 269.3 272.4 276.1 276 274.7 276.1 271.6 267.1 263.2 259.6 250 245.9 244.5 242.8 234.6 226.7 220.2 212.9 204.9 198.1 191.4 186.9 176 175 182.9 194.7 198.5 200.7
219.5 233.8 238 239.8 246.8 256.8 264.1 260.8 259.9 259 254.2 245.6 240 234.9 229.7 227.2 222.2 219.1 221.3 227.1 234.8 243.2 256.9 272.5 276.6 268.9 265.7 269.2 263.6 260.2 262 262.1 261.2 256 251 246.9 242.7 241.4 239.4 234.1 232 234.8 241.1 246.5 249.7 254.7 260.7 267.5 272.1 274.1 276.8 283.2 286.1 285.7 289.9 286.5 285.8 282.8 278.9 272.9 262.2 258 254.6 245.9 236.4 231.2 226.8 217.9 209.2 200.8 194.4 190 185.6 176.8 173.4 173.6 184.3 189.7
205.4 216.5 220.1 221.5 231 240.9 241.9 241.4 244.2 245.1 241.8 236.7 231.8 226.1 223.5 220.1 215.9 212.7 213.7 217.2 225.6 236.2 250.4 260.6 255.8 250.1 252 248.2 248.1 250.7 254.2 255.4 253.3 249.1 246.6 242.8 237.4 234.5 228.4 226.2 228.1 230 237.1 242.9 247.6 250 254.3 261 266.6 272.8 283.3 290.8 292.6 297.8 300.8 303.4 304.1 302.5 297.7 291.5 279.9 270.5 257.8 248 243.6 239.2 231 221.2 211.3 203.2 197.7 193.2 188.6 183.7 177.4 171.8 172.3 182.6
194.7 203.4 204.9 206.5 212.6 217.6 219.7 224.9 228.5 229.1 226.2 225.7 224.6 219.9 217.2 212.4 208.7 206.3 207.6 210.3 216.6 228.4 235.2 238.6 237.1 244.5 237.8 233.2 237.7 243.6 246.2 245.9 244.3 244.2 241.1 235.4 231.3 225.9 222 221.5 222 224 228.7 234.7 240 243.9 245.2 247.1 253.6 264.6 279.1 289.7 296.6 305.8 314.1 318.8 319.8 315.7 308.4 304.7 295.6 283.5 269.9 259.1 253 248.5 235.8 227.1 214.2 205.3 200.2 195.6 191.2 186.2 181.6 171.1 170.7 173.9
185.1 186.7 190.2 197.7 200.5 200.7 205 210.1 210.9 211.3 212.2 213.5 214.7 212.4 209.8 205.3 202.6 199.9 201.2 206 211.3 216.7 220.6 221.8 229.7 228.3 223.9 222.7 229.4 229.7 235.4 236.4 238.8 238.7 231.3 225.4 221.8 217 217.6 217.1 216.6 219.7 222.7 226.7 231 232.9 234.4 237.8 242.9 254.7 269.6 281.5 292.4 305.9 317.1 325.3 328.9 324.3 318.2 310.9 302.3 293.1 284 273.9 261.4 251.2 240.5 229.4 219 210.1 202.4 197.9 193.6 188.7 183.4 176.4 169.4 168.9
170 174.9 181.8 187.8 189.8 190.5 195.6 197.6 199.6 200.6 199.1 200.9 202.2 203.8 201.7 197.6 195.7 193.5 195.3 200.5 205.7 212.2 212.6 213.3 217.2 213.2 210.9 214.5 215.7 217 223.5 225 227.6 223.7 217.6 211.1 211.5 211.7 212.4 212.7 213.4 216.6 219.6 219.3 221.3 224.1 226.2 229.9 237.7 246.1 258.3 272.1 285.8 302 313.3 321.8 328.3 325.6 318 311.5 304.5 298.6 290.4 278.5 267.7 255.9 243.4 232 221.2 212.6 205.9 200.1 195 189.7 184.3 178.9 172.7 168.1
155.7 164 169.5 175.7 177.6 181.8 186.9 189 190.1 191 190.6 191.4 192.1 193.9 192.2 190 188.3 188 189.8 194 199.1 202 202.5 204.5 203.9 199.8 201.6 204.2 203.9 206.5 211.9 212.2 208.4 205.7 201.2 203 206 204.6 206.2 207.8 210.4 213.5 215.1 215.8 215.9 217 221.7 224.1 231.6 241.1 250.7 263.3 278.1 295.2 307.3 316.9 322 321.2 316.7 307.8 299.9 295.3 287.5 277.6 265.9 254.7 241.2 230.7 221.6 216 209.7 202.9 196.1 191.2 186.6 179.2 174 166.6
143 151.9 159.9 164.7 167.3 172.1 176.1 178.5 179.8 180.1 181.8 181.4 181.3 179.9 181.6 181 183.7 183.4 183.8 187.6 188.3 189.7 191.5 192.9 190.7 189.8 191.3 193.1 194.5 196 198.3 197.4 192.5 190.8 194.5 199.1 199.2 198.5 198.5 201.2 206.8 209.8 210 209 209.5 211.8 215.1 217.5 227.1 237.4 247.1 259.6 273.3 287.6 300.8 310.4 315 313.6 306.3 300.4 293.2 289.6 280 270.7 259 247.3 236.7 230.1 224.2 218.1 212.4 205.8 199.2 194 188 180.3 175.1 169.6
131.4 144.4 146.7 150.8 159 163.6 165.8 166.7 167.1 168 170.3 169.1 169.6 170.7 171.9 173.7 178.4 178.4 178.3 180.1 178.7 179.8 182.4 181.1 182.1 181 182.5 182.8 184 185.2 186.5 183.8 181.2 182.2 185.2 188.6 187.8 188.4 190.5 197.5 202.9 204.2 203.8 201.3 203.2 205.2 208.1 212.4 224.5 233.8 244.1 257.7 271.7 285.4 293.5 300 306 301.6 297.2 288.3 285.2 280 271 260.9 249.1 239.9 234.1 227.2 221.5 216 212.2 207.9 201.8 196.5 191.2 184 177.3 172.6
123.9 131.5 139.6 140 147.8 153.2 157.9 157 158.5 159.4 159.7 161.5 163.7 164.6 165.5 168.2 173.1 174.4 171.7 171.3 171.9 171.6 173.6 173.8 174 173.5 173.9 173.7 173.6 175.2 174.1 171.6 170.5 172.9 174.8 176.5 177.7 173.8 185.4 195.9 198 199.1 196.7 194.4 195.9 199.1 201.3 208 222.4 235.3 244.9 258 273.2 282.9 290 292.4 294.7 291.4 284.4 278.9 273.9 266.5 258.5 248.7 241.6 236.3 230.3 224.2 218.9 215.2 211.3 207.2 203.1 198.3 193.3 188 181.4 175
