Assets/StreamingAssets/GeoData/Data/nt/NT56.asc
ncols 200
nrows 200
xllcorner 350000
yllcorner 660000
cellsize 50
[rows 105 to 139 of 200, columns 78 to 155 of 200]
218.8 224.7 222.7 221.2 219.1 219 219 218.5 217.1 215.7 215.9 216.7 214.8 212.1 211.4 210.2 210.2 210.4 211.2 211.3 211.6 211.3 211.6 212 211.9 211.2 210.6 210.2 209.5 209.2 208.8 208.3 207.7 207.1 206.8 206.8 204.8 202.2 201.7 197 191.5 187.7 189 192.6 205.3 214.6 224.8 238 251.6 258.6 266.2 275.1 288.9 301.2 321.9 334.3 344.3 349.9 352.5 355.8 355.4 356.7 355.8 354.2 351.5 347.2 340.8 331.2 321.4 318.7 322.5 322.9 321.9 318 307.5 318 329.7 337.4
221.1 226.9 225.1 222.4 221.2 220.2 219.8 219.6 219.8 220.8 221.5 223.1 223.3 221.7 216.9 213.2 210.8 210.9 211.1 211.4 211.5 211.6 211.6 211.7 211.6 211.4 211 210.4 209.6 209 208.1 207 206.1 205.4 202.8 197.4 196.1 197.5 196.5 199.9 198.9 188.9 191.1 194.1 205.9 214.7 225.3 239.3 252.5 261.7 270.2 279.2 291.7 308.4 328.1 341.7 353.7 360.1 362.7 365.5 364.6 363.2 361.8 359.2 355.3 349 339.8 329.8 321.5 326.9 331.2 330 329.6 324 316.2 320.3 333.5 341.5
225.7 227.5 226.4 223.2 222.8 221.9 221.9 222.5 223 223.9 224.9 226.2 226.8 225.5 223.6 221.1 215.9 212 211.7 212 212.5 212.1 212 211.5 211.3 211.4 210.7 210 209.2 208.5 207.4 205.6 201.9 199.4 198.6 201.5 204.3 204.2 204 203.8 203.5 189.5 191.9 195.8 205.8 212.7 220.4 236.3 249.7 261.1 272.4 284.5 297.2 306.6 330.4 344.8 355.1 363.8 368.4 369.3 368.5 368.4 364.9 361.9 356.1 346.2 334.5 326.6 329.2 337.1 339.6 337.2 336.8 330.3 321.2 322.9 333.7 343.4
228.3 228.8 228 225.5 224.5 223.8 223.9 224.6 225.5 226.6 227.5 228.9 229.1 227.9 226.4 224.5 221 215.5 213 213.3 213.3 212.9 212.3 211.4 210.8 210.2 209.4 208.6 207.7 206.9 204.6 204.6 204.7 205.5 205.8 207.6 208.1 208.2 207.6 205.6 196.6 191 194.2 196.9 199.2 206.3 213.6 225.7 241.8 257 271.6 284.8 299.3 301.8 326.4 342.6 356.8 364.2 366.6 365.5 365.6 367.6 366.2 360.7 354.4 343 332.3 334.9 340.8 346.3 346.3 344.9 342.9 334.6 322.2 323.3 336.7 346.7
231.3 230.8 229.8 228.6 227.5 227.2 226 226.9 228 228.6 229.7 230.7 231 230.1 228.3 226.5 223.2 218.8 215.7 214.5 214.1 213.6 212.9 211.9 210.8 209.9 209.2 207.9 206.5 205.8 207.4 208.7 209.5 210.5 210.8 211.1 210.5 209.5 207.6 199.4 191.2 192.9 196.5 202.2 205.6 204.9 206.7 218.8 233.2 248.8 263.1 278.3 292.7 300.7 321.6 335.5 346.1 350.5 351.4 351.6 352.9 356.2 358.8 356 351.5 341.5 340.3 347 351.3 354.2 353 352.1 345.3 334.8 329.5 331.9 340.8 353.8
233.9 233.2 232.4 231.7 230.6 230 229.4 229.5 230.1 230.6 231.5 232 231.9 230.9 229.2 228.1 224.6 219.6 216.7 215.5 214.5 214.5 213.3 212 210.8 210.4 209.3 209 209.8 210.5 211.9 212.4 211.8 211.7 211.2 211.5 211.3 209.9 207.7 192.6 192.3 195.6 201.1 205.2 210.4 212.4 210.7 212.4 224.1 240 257.2 276 292.7 300.8 314.8 324.4 331.7 335.8 335.7 334.6 333.2 336.8 345.5 347.8 346.4 340.1 349.1 355.3 358.6 360.3 360.2 356.2 342.5 336.5 337.7 343.9 342.2 360.8
236.5 235.8 235 234.2 233.5 232.6 232 231.6 232.2 232.7 233.4 233.8 233.2 231.7 230.2 228.6 225.3 220.6 216.6 215.5 215.4 215.5 213.7 213.4 212.8 213.3 212.5 211.9 211.8 212.3 212.5 212.3 212.3 212 212.1 212.3 211.9 209.1 195.2 193.3 193.6 198.5 205.2 209.1 210.9 215.4 220.1 220.9 221 238.4 256.1 274.9 289.9 298.5 304.1 307.3 313 312.9 317.3 314.9 311.8 321.7 336.1 342.3 338.7 340.9 355.9 361.5 364.9 367.3 365.7 353.9 346.2 338.7 346.5 355.2 344.2 365.1
239.1 238.3 237.5 236.8 236 235.1 234.3 233.7 234.4 235.1 235.6 235.2 234.5 232.7 230.6 228.4 225.4 220.5 217.2 216.3 216.3 215.9 215.2 215.8 214.8 215.2 214.8 213.6 212.9 214.7 215 214.6 214 214.3 215.4 216 214.9 208.4 194.2 194.8 196.7 202 208.9 213.7 214.6 221.4 230.8 231.1 218.3 232.4 250.3 268 282.8 295.9 290.7 284.4 292.2 291.1 296.3 294.2 293.1 314.3 325.5 329.7 327.2 338.4 355 363.5 369.7 371.9 368.1 350.9 352.3 344.2 356.8 363.5 362 359
241.6 241 239.9 239.1 238.2 237.3 236.4 235.5 236.3 237.3 237.7 237.3 235.2 233.4 230.3 227.4 224.4 220.3 217.4 217.3 217.2 215.9 216.6 216.2 216.4 216.4 216.2 215.4 215.6 216.9 217.4 217.2 218.4 218.9 221.3 221.5 218.8 208 195.2 195.9 199.6 204.4 209.9 217.4 220.2 228.3 239.9 241.7 233.8 221.5 237.3 255.4 272.8 277.3 270 263.9 273.2 272.1 275.5 273.8 285.2 300.2 309.5 310.5 320.3 336 350.8 361.9 371.5 374.6 365.3 356 359.4 352 364.8 373 373.2 365.4
244.3 243.7 242.6 241.4 240.4 239.5 239.1 238.4 238.9 239.1 239.1 238.1 235.9 233 229.6 226.7 223.5 221 218.3 218 217.4 216.9 217.4 217.8 218.9 218.7 218.6 216.4 217.4 218.8 219.6 220.9 223 225.3 226.7 226 223.9 208.8 195.9 196.5 200.7 206 212.9 220.1 225.5 236.1 247.6 251 247.9 236 229.7 245.2 252.9 254.5 250.6 251.7 255.4 257.8 261 271.1 275.4 284.9 291.9 300.2 312.7 330.2 345.6 358.4 370.2 372.2 364.8 362.2 368.4 358.9 372.7 379.5 380.7 376
246.9 246 244.9 243.8 242.7 242 241.3 241 240.7 240.7 240.5 238.9 236.5 233.1 229.2 226.2 223.7 221.4 220 219.4 218.7 218.2 218.4 218.8 218.8 218.7 218.1 219 220.2 221.5 224.4 226.9 229.4 231.2 232 231.5 227.1 209.8 196.9 197.1 200.2 207.2 213.1 221.1 230.5 243 255.1 258.7 256.8 251.8 239.3 230.2 236.3 236.9 240.3 246.1 249.9 260.8 270.3 281.1 290.5 296.4 304.1 314.3 323 328.4 339.1 352.4 365.4 370.2 364.4 366.1 372.6 365.5 376.7 383.3 386.1 385.1
249.2 248.2 247.1 246.1 245.1 244 243.5 243.3 242.9 242.5 241.5 239.8 237.2 233.9 231 227.8 225 223.2 221 220.4 218.4 220.5 220 219.9 219.6 219.7 221.1 222.5 225 227.9 231.8 234.8 236.2 237.3 238 236.4 230.6 211.7 197 197.6 199.1 206.7 216.1 225.6 235.7 248.6 260.3 264.3 264.8 264.4 257.7 249 246.5 248.3 251.8 253.3 252.1 259.7 276.1 291.3 301.8 309 317.4 328.4 336.2 341.2 346.7 357.3 364.7 368.5 367.3 369.3 376.8 377.6 376.7 386 388.6 393.3
251.6 250.6 249.5 248.5 247.5 246.6 245.8 245.3 244.8 244.1 243 241 238.2 235.1 232.5 229.9 227.1 223.9 222.7 220.8 220.6 222.5 222.2 220.7 222.7 224.2 225.9 229.1 232.5 236.7 240.6 243.1 244.6 244.7 244.6 243.1 235.7 214.1 198 198.3 199.5 206.6 217.8 229.4 240.3 253.8 266.1 270.9 275.1 279.1 275.1 271.1 269.2 269.1 270.6 269.7 266.8 258.1 278.9 298.1 308.8 317.6 327 339.6 347.6 355.4 361.5 368.4 374.3 373.2 370.5 373.9 382.9 384.2 385 389.7 392.5 402
254.3 253.2 252 250.9 250 249.1 248.3 247.4 246.7 246.1 244.2 242.2 239.5 236.6 233.6 231.2 227.9 226.1 224.5 222.7 222.8 223.6 223.7 224 226.1 228.5 232.3 237.1 241.4 245.6 249.4 251.4 252.7 252.4 251.8 249.4 241.2 218.3 200.4 199.4 201.5 207.7 219 232.7 244.5 257.1 271 279.9 285.4 292.9 290.5 292 292.6 291.6 290.9 286.7 279.2 262.6 278.3 300.3 314.2 323.1 335.2 348.3 355.9 366 373.8 380 383.8 376.8 374.8 381.5 393.1 390.3 391.4 392.7 400.6 408.7
257 255.8 254.5 253.3 252.7 252 250.6 249.6 248.6 247.8 246.1 244.2 241.5 238.5 235.3 232.2 229.9 227.7 225 223.7 224.2 225 225.2 227.2 229.9 234.1 239.8 245.7 250 254.9 259.1 260.7 261 260.4 258.2 255.5 245 222.6 203.3 199.6 203 209.5 220 234.7 246.5 259 272.2 283.3 292.3 301.8 301.2 303.9 307.9 311.1 310.6 303.5 290.7 275.1 274.4 297.2 311.2 323.6 339.4 350.7 361.6 374.4 385 389.3 387.3 378.2 378.1 390 401.7 396.3 394.8 400.7 410.3 416.1
259.8 258 256.9 255.9 255.4 254.9 253.2 251.5 250.5 249.5 248.4 246.3 243.6 241 237.9 233.3 231.2 229 226 225.8 226.1 226.9 227 230 234.4 241.3 247 252.8 258.6 263.4 268.8 269.6 269.5 268.6 266.1 261.6 248.1 226.4 206.1 200.3 205.7 211.3 220.4 232.2 245.2 256.4 269.1 281.3 294.9 300.7 305 316 325.2 330.7 330.4 316.6 302.6 285.6 274.8 285.5 300.4 315.3 331.6 345.9 359.3 374.1 387.4 392.7 386.1 376.3 380.6 395.9 403.8 402 403.9 410.8 418.7 424.1
262.8 260.7 260.7 259.7 259.5 257.6 256.3 254.5 253.4 251.6 250 248.3 245.9 243.9 238.1 234.8 232.4 228.5 228.4 229.6 229.5 229.9 229.7 232.5 238 247.4 255.7 260.8 266.5 272.5 277.1 278.4 277.8 276.7 274.3 268.6 251.1 228.8 206.2 201.3 204.7 211.8 219.3 226.8 239.9 250.5 263.2 275.2 286 286.9 305.9 327.4 340.2 347.1 343.8 329.8 315.7 302.3 293.7 284.8 285.4 301.8 317.4 331.5 344.5 358.7 375 384.4 379.8 371.8 382.7 395.7 403.5 406.8 411.1 419.7 427.2 432.4
265.9 264.8 265 263.8 264 262.7 262.1 259.8 257.7 255.9 253.6 251.4 248.9 243.5 239.5 235.9 231.4 230.4 232.9 233.2 233.4 234.3 233.1 233.9 240 251.9 261.6 269.1 274.5 280.9 285.2 286.6 286.3 284.1 282.7 275.2 250.9 229.6 205.6 202.7 205.4 212.1 219 223.1 227.8 237.9 248.2 261.9 268.6 279.1 306.7 332.7 348 358.8 355.7 342.2 330.9 321.8 315 305.7 297.7 291.4 300.1 312.6 322.7 339.6 355.7 371.6 369.3 367.9 385.3 396.9 405.6 411 418.1 428 432 434.2
268.3 269.5 269.2 268.4 268.4 269.5 269.2 266.4 261.7 259.9 257.8 255.1 249.4 242.8 239.4 234.6 233 235.6 237.5 238.8 239.3 238.1 238.1 235.7 240.5 252 264.8 275.9 281.5 288.5 293.3 293.3 295.3 293.2 293.1 278.2 252.4 228.3 203.9 204.2 206.5 210.2 217.5 221.9 225.3 230 233.3 244.6 252.9 277.2 304.8 328.7 345.8 363.6 361.6 356.1 346.8 340.7 335.3 328.6 322.6 316.1 309 305.1 305.8 314.7 338.2 351.8 343.3 360.7 374.4 389.3 401.1 412.3 421.3 429.2 433.2 436.4
271.5 271.6 271.3 271.6 271.6 271.9 271.1 268.7 264.8 263.9 259.3 252.1 244 238.3 237.8 237.6 239.2 241.9 244.8 246.8 247 244.9 243.2 241.1 239.7 247.7 264.7 277.3 286.6 294.6 297.5 298.5 301.1 299.4 293.6 274.1 247.5 224.5 203.3 205.3 207.4 210.7 215.4 218.3 221.7 225.2 230.3 237.3 246.2 268.7 294.4 319.5 337.6 352.8 361.7 364.9 357.5 354.1 348.1 346.9 346 343.7 339.9 335.1 332.5 327.7 324 325.5 349.6 362.9 374.8 389.6 402.1 418.2 425.7 430.4 435 438.7
276 276 276.2 277.4 278.2 277.9 274.9 267.3 259.7 256.6 251.1 242.7 242.7 244.4 242.7 243.2 245.8 250.3 253.8 256 257.3 254.9 251.4 246.9 244.3 245.7 259.1 275 288.2 298.5 302.7 305.1 306.6 302.9 295.4 271.3 243.5 219.5 204.6 207 209.5 211.9 216.1 221.3 224.9 229.2 231.6 235.1 236.4 252.5 278.1 301.4 320.6 338.2 348.9 357.4 362.5 360.5 357.1 358.6 361.1 363.1 366 366.1 362.8 359.9 355.1 342.5 343.7 356.2 373.4 399.7 415.1 424.3 430 434.1 437.3 440.8
282.5 284.9 286.9 287.1 284.9 280.6 269.3 261.4 254.4 248.2 247.4 248.4 249.4 248.7 246.5 249.2 253.8 258 262.8 265 267.7 264.6 260.7 254.6 249.8 244.8 254.4 271.5 283.7 294.7 302.5 307.4 307.3 305.4 295.7 268.7 240.7 215.8 206.5 211.5 213.5 218 220.5 226.6 234.2 240.3 240.6 241.6 244 242.1 256.1 277.7 300.1 320.7 336.1 348.6 357.8 362.2 363.3 368.8 372.9 376.6 381.6 383.5 379.5 380.8 375.5 361.5 353.3 362.3 387.4 411.6 422.8 429.8 434.6 437.5 439.9 441.7
293.9 295.6 295.3 293.7 287.4 275.9 263.7 253.9 250.2 252.9 253.3 253.8 252.9 252.1 252.2 259 262.5 268.5 271.8 274.8 276.3 274.2 270.3 264.3 256.4 250.4 253.7 266.6 278.6 287.8 298 304.4 306.2 306.4 292.5 264.8 237.5 212.4 207.5 215.3 216.5 220 223.1 229.4 239.4 247.9 249.1 247.1 247.6 250.9 251.2 257.1 282 304.7 321.9 333.7 341.5 355.6 366.6 374.3 381.9 388.9 395 396 387.7 389.8 383.2 376.1 367 386.4 400.6 416.2 426.7 431.9 435.2 437.6 440.3 442.3
304.8 304.8 301.1 294.8 283.1 270.1 258.4 254.7 256.5 257.9 259.1 257.2 255.5 255.2 261.1 268.3 272.2 277.1 281.6 284.4 286.2 284.4 280.5 272.3 261.3 255.3 255.9 263.6 273.5 283.2 291.2 298.7 301.5 300.3 288.3 262 233.8 209.9 208.7 219.5 221.3 222.5 225.7 233.3 244.6 253.5 257.8 258.6 254.9 257.7 260.4 256 271.3 291 307 312 323.1 346 363.7 376.4 390.1 398.2 404.3 403.4 391.1 393.5 390.3 387.6 386.4 409.3 420.7 422.7 425.6 431.1 434.5 437.5 440 442
312.6 310.2 303.1 291.4 275.6 264.7 255.9 260.3 261.2 260.6 261.7 260.8 258.5 261.1 270.6 277.2 284 288.7 293.1 294.9 295.7 292.2 288.4 280.7 265.4 257.2 260.8 271.1 280.4 287.3 294.5 299.2 302.7 301.8 286.1 258.6 228.5 208.1 212.2 224.5 225.4 226.2 229.1 237.4 248 258.8 265.5 271.4 268.9 264.6 263.5 261.8 264.7 280.1 292.1 305.4 326.9 346.6 363.2 381.6 397 405.8 409.6 402.8 391.4 400.4 401.9 400.7 407.8 421.3 426.7 429.4 432.2 434.2 435.7 436.9 438.9 440.5
317 311.6 301.9 286.5 270.8 262.5 261.5 264.3 265.2 263.8 263.5 263.3 263.5 270.9 281 288.9 294.8 299 302.1 303.8 302.4 298.2 294.3 281 265.9 259.6 268.6 280.4 290.6 297.6 303.9 308.4 310.3 305.8 281.3 253 223.9 209.5 216.5 229.7 231.1 231.1 233.6 241.6 251.1 261.8 272.4 281.8 285.5 277.7 271.1 267.5 267.7 273.7 289.7 307.7 327.1 346.2 359.7 380.6 393 393.3 388.4 385 385.2 403.5 412.1 414.7 423.2 428.6 432.6 435 437.2 438.5 438.8 438.5 438.5 436.9
317.4 309.5 297.4 279.9 270 264.5 265 266.8 267.8 266 266.3 267.4 270.8 280.5 290.7 299.3 305.8 308.9 311.6 310.4 307.9 302.8 293.2 277.2 266.6 268.9 278.2 289.8 300.2 307 313 315.9 315.3 306.3 277.5 248.4 217.9 210.3 221 233.6 234.9 235.1 236.6 244.2 254.1 266.4 279.6 288.3 295.8 294.5 285.1 277.7 276.9 275.1 277.3 294.5 311.8 325.4 340.3 352.6 360.2 358 354 365.1 382 400.3 415 425.3 432.2 435.6 439.2 441.6 442.6 443.4 442.7 441.3 438.7 435.5
313.9 305.2 292 277.7 271.3 266.8 265.9 270.1 268.9 267.9 269.5 271.9 279.7 289.2 299.5 309.4 318.4 318.4 319.7 316.2 311.3 302.6 288.1 275.7 269.9 280.6 290 299.2 309.5 316 321.1 321.9 319.2 301.3 272.6 242.4 211.9 213 223.6 236 237.7 238 240.5 246.9 259.1 272.1 283.6 292.6 302.3 305.4 302.1 297.9 290 286 284.2 283.9 289.5 297.7 310.6 318.2 324.8 325.5 343.8 367.4 392.2 412.3 426.7 434.3 438.8 441.6 444.7 446.3 447.8 448.6 448.1 445.7 441.9 437.1
306.9 297.1 286.1 279.2 272.8 271.3 269 271.6 270.4 270.9 273.9 280.5 289.4 300.7 312.3 322.3 330.6 328.5 324.9 319 310.8 298.4 283.2 275.8 281.1 292.8 302.8 310.8 318.6 324.7 328.6 326.4 317.6 293.3 264.2 233.8 212.6 214.2 226.9 236.5 238.2 239.4 243.3 250.1 262.4 274.9 287.6 300.5 311.5 315.8 316.6 315.7 310.8 299.1 296.2 295.9 295.2 297.8 301.3 307.3 313 325.1 350.2 376.4 402.6 422.1 433.1 439.7 443.7 446.4 449.3 451.4 453.3 454.1 453.4 450.5 446.1 440.4
301.5 291.8 285.6 280.1 276.9 273.2 272.9 273.2 273.5 274.4 280.4 288.8 301.5 313.4 324.3 332.7 336.9 334.4 327.3 319.1 307.6 291.5 282 281.7 292.8 305.3 315.3 322.8 328.6 332.7 334.9 328.3 310.8 284.6 255.8 224.4 214 217.7 229.7 235.5 237.3 238.9 245.1 253 266.7 278 292 306.8 319.1 325.9 329.8 330.6 327.3 320.5 317.2 312.5 307 308.3 312.9 319.2 331.7 343.1 354.1 372.1 401.4 424.3 436.9 443.5 447.7 451.3 454.4 457.1 458.8 459.4 458.4 455.5 451.2 444.2
296.7 291.6 285.4 281.8 279.3 273.1 275.7 276.5 277.2 283.1 293.2 302.5 313.8 326.4 335.4 341.9 343.7 336.2 327.6 316 301.3 289.2 286.1 291.8 306.3 317.9 327.2 333.4 337.1 337.4 336.1 324.3 304.5 275.6 246.9 215.4 216.4 221.3 230.9 232.6 234.7 239.2 247.7 258.8 272.5 284.5 299.2 312.3 324.7 336.2 344.6 344.6 340.3 337.8 335.3 332.3 323.2 322.2 324.9 334.9 347.6 359 371.3 390.5 410.3 427.7 440.2 447.1 452.1 455.9 459.6 462.3 464.4 464.7 463.5 460.6 456 450.4
297.1 290.2 286.2 283.2 280.4 275.5 279 280.3 284.1 296.5 306.5 317.4 329.6 340 349 352.8 349.8 338.2 327.1 313.7 298.6 291.3 294.8 305.9 319.7 330.4 337.1 343.4 343.8 342.1 337.3 323 299.3 268.9 238.9 214.3 218.1 221.8 227.8 230.7 233.8 240.4 251.9 264.3 278.9 290.3 304.6 315.6 332.4 344.1 352.6 351.9 349.7 350.4 349.6 346.4 341.4 338.4 345.4 351.3 361.7 374.1 390.3 403.6 425.3 436.2 444 450.6 456 460.6 464.4 467.7 470.2 470.5 468.9 465.4 460.7 454.8
294.1 290.4 286.6 283.6 279.7 278.7 281.8 284.8 294.1 307.7 319.6 333.1 343.3 353.6 362.8 368.3 353.7 339.6 326.3 310.6 298.4 297.1 306.9 320.2 332.3 340.7 346.8 351 350.9 348.2 338.5 323 297.6 267.4 234.3 216.6 220.7 222.6 226.1 229.3 233.6 241.1 253.8 267.9 283.1 295.3 308.4 321.8 335.9 349.2 356.3 354.6 354.7 357.1 358.8 356.5 355.4 356.6 362.3 369.1 381.1 394.9 411.2 428.3 433.9 446 451.3 456.6 461.2 465.8 470.1 473.5 475.6 476.1 473.8 469.2 463.7 456.7
293.7 290.1 285.7 281.9 280 282.4 284.5 291.5 305 320.1 334.1 347 357.2 365.6 369.3 365.3 352 339.2 323.3 307.7 301.3 306.8 319.9 333.5 344 350.6 355.9 357.3 358.7 349.8 337.3 320.1 295.6 266.7 232.4 217.4 222.7 224.3 226.4 229.6 233.2 239.5 251.7 269.7 286.2 298.6 312.1 325.6 338.5 349.4 350.6 350.2 353.2 357.9 358.2 360.6 364.6 370.1 377 387.9 402 415.9 431.4 442.2 448.4 453.9 458.5 462.4 466.3 470.7 474.4 477.8 478.5 478 475.2 470.2 463.5 455.4
291.6 287.6 286.3 284.8 284.2 286 289 298.8 314.2 331.3 345.7 360.4 370.5 373.9 370.8 362 350.6 336.2 319.3 307.4 309 320.7 335.1 347.3 355.1 360.9 362.6 362.9 356.6 347.3 333.6 314.2 290 263 234.8 218.2 224.2 226.2 228.7 233.2 233.6 236.2 245.6 262.6 285.8 298.3 311.1 321.6 327 329.2 329 335.8 341.8 347.1 353.2 361.6 372.3 381.2 390.7 403.2 419 432.4 445 452.8 458.1 461.6 464.9 468 470.9 474.1 476.8 479.1 478.7 477.1 473.7 468.5 461.3 451.8
