Assets/StreamingAssets/GeoData/Data/nt/NT67.asc
ncols 200
nrows 200
xllcorner 360000
yllcorner 670000
cellsize 50
[rows 144 to 179 of 200, columns 0 to 81 of 200]
113.7 120.2 125.3 128.8 131.1 137 136.8 136.1 136 135.6 135.9 133.3 130.7 128.7 126.2 123.7 121.9 120.9 116.9 115.8 116.4 119.6 116.6 114.9 120.3 131.2 132.8 132.4 131.7 126.5 114 107.7 119.3 130.9 134.7 131.1 125 126.3 139.3 149.2 154.2 153.9 152.3 149 145.6 142.9 138.3 130.4 128.3 134.1 149.8 162.7 167.5 176.5 187.2 199.5 213.5 225 236.5 244.2 251.4 256.7 259.9 257 251 246 240.1 236.1 233.8 236.1 238.8 239.4 237.4 236.2 234.4 233.8 232.3 230.5 229 225.4 222.4 219.8
122.2 127.2 132.3 136.2 139.5 140 139.5 137.8 137.5 136.2 134.6 132.3 129.6 127.1 124.6 122.8 121.1 118.6 120.7 121.6 120.8 123.6 120.5 123.6 127.4 130.6 133.9 134.2 133 127.3 113.7 108.7 124.8 136.9 136 135.2 131.7 122.1 129 138 141.9 140.9 136.1 131 128.3 128.3 128.3 128.3 137.1 150.1 162.4 169.8 177.5 190.3 203.2 213.1 224.9 233.8 246.1 253.8 261.4 266.4 266.7 260.7 254.9 249.4 244.2 242.4 243.7 245.8 243.9 241.4 239 237.1 235.6 234.9 232.4 229.1 225.7 222.4 219.4 216.7
130 136.2 138.9 142.3 142 141.8 140.4 138.8 137 134.8 132.3 129.6 127.2 125 123 122.4 123.7 125.2 125.9 127.5 125.5 126.8 126.1 127.7 128.5 130.5 133.9 136.5 135.6 131.8 115.4 109.6 127.8 135.6 139 141 141.1 131.8 125 125.5 128.5 128.3 128.3 134 136.4 132.7 136.7 145.3 156.7 163.3 171.5 180.5 192.9 205.2 220.5 229.9 237.4 248 255.3 263.6 270.4 270.9 267.6 262.5 257.1 252.7 249.9 250.6 250.7 249.2 246 243.3 240.9 237.8 235.1 232 228.4 225.5 221.3 217.3 214.4 211.8
136.7 141.2 143.6 145.2 144.7 142.8 140.7 137 134.6 131.9 129.5 127.8 126.5 126.1 126.6 128.2 129.7 130.9 131 130.8 129.7 130.2 130.6 130.6 130.9 131.8 135.8 136.8 136.7 132.6 115.2 112.4 130.3 138.6 142.5 142.2 142.2 142.5 140.1 139.3 136.6 139.2 145.1 148.3 149.3 149.9 155.1 161.9 166.8 172.6 183.3 195 206.2 222.8 231.5 239 246.7 254.6 262.1 271.5 274.1 272.4 268.3 264.1 259.9 258.1 256.7 256.7 255.1 252.7 248.9 244.4 240.1 236.6 232.8 228.3 224.6 220.9 217.2 213.9 210.4 207.7
140.5 143.6 144.8 145.3 144.9 142.8 139.5 135.4 132.3 130.9 130.1 129.6 130.4 131.1 132 133.3 134.7 135.3 135.1 134.6 134 134.1 133.6 133.8 134.3 135 138.7 139.2 133.8 119.3 111.6 122.3 132.3 143.1 143.6 142.4 142 142.1 142.9 141.7 139.1 147.2 150.7 155 157.6 159.4 166.3 170 174.2 185.3 195.4 212.4 220.9 231.6 238.4 245.2 253 259.9 265.5 271.8 273.6 272.8 269.6 265.7 263.9 262.8 261.6 261.1 259.4 255.4 248.3 242.8 238.1 234.7 230.8 226.5 222.8 218.6 216.1 212.1 210.3 208.3
142.1 144.2 145.7 145.7 144.3 141.4 137.2 133.8 132.4 132 132.6 133.9 135.4 137.5 138.6 139.9 141.3 141 140.1 138.7 138.2 138 137.8 138.9 139.9 141.1 140.9 141.8 134.7 112.1 112.7 128.4 136.6 145.2 144.4 141.8 141.5 142.3 142.6 139.8 144.8 151.4 154.3 160.5 164.8 168.4 170.8 175.3 187.9 201.5 213.9 224.3 231 237.8 244.4 251 256.6 263.6 267.4 271.8 272.1 271.3 269.3 267.8 266.5 266.3 265.7 265 259.9 252.8 245.9 241.3 236.6 234 230.7 228.2 225 221.5 217.7 214.5 211.8 208.4
143.7 145.1 146.7 145.7 143.1 139.1 136.7 134.9 136.1 137.3 139.4 141.8 144.3 145.8 146.1 146.9 146.6 145.4 143.2 141.8 143.1 142.3 141.8 142.8 144.4 144.1 142.3 144.1 135.3 113.4 123 134.5 141.9 146.6 144.9 143.1 143.6 143.3 141.8 142.3 148.3 155.4 162.2 167.5 170.5 172 179.3 191.9 205.3 214.1 223.2 231.3 237.6 243.2 249.4 255.8 262.1 267.7 269.9 271.8 272.7 271.2 269.8 268.4 268.7 268.7 268.2 264.1 258.4 250.6 244.9 242 239.9 236.6 233.5 230.8 226.8 222.9 218.4 214.1 211.4 207.1
145.3 146.8 147.8 144.9 142.1 141.3 142.5 141.6 142.4 145.4 148 150.7 152.4 151.6 150.9 150.9 149.7 148.1 145.7 144.1 145.4 145.8 147.2 143.1 141.4 142.3 143.1 145.3 123.7 114.9 134.3 143.1 147.3 147.9 146.6 145.1 145.5 143.9 141.8 144.7 152.9 159.5 166.5 170.9 174.3 178.9 189.1 205.1 216.6 224.3 233 238.6 243.1 248.8 260.1 268.6 272.4 274.9 276.3 276.6 274.4 271.4 269.9 270.3 270.6 270.8 267.6 263.2 257 251.4 248.3 245.7 243.7 240.5 235.7 230.3 226.7 221 215.3 211.5 209.9 209.9
145.8 148.2 149 147.6 145.1 145.9 149.2 150.8 152.7 155 157.1 158.1 157.4 156.4 155.3 154 151.7 149.3 146.8 144.7 145.5 145.9 149.1 144.6 141.4 141.7 143 137.3 115.6 125.4 142 145.5 146.2 146.9 146.7 146.3 145 143.3 142.6 148.6 157.1 164.4 171.2 174.8 178.2 185.1 200.7 217.1 227.2 234.6 241.1 245.5 251.5 264.3 275.7 280.8 281.6 281.8 281.3 278.2 273.1 271.3 271.3 271.4 271.8 270.4 266.4 262.3 257.4 255.7 252.6 250.3 245.8 240.2 235 229.6 222.2 216.4 213.5 212.1 211.8 212.9
148.4 150.6 151.9 150.5 149.5 152.1 156.5 160.4 162.4 163.8 163.4 162.2 160.6 158.6 156.8 154.7 152 149.5 147 145 145.1 145.8 147.8 146.2 144 143.5 142.6 127 116.3 137.1 146.2 145 144.2 144.6 145 144.5 144.1 143.4 145.6 152.3 160.2 167.9 175.6 179.3 187.2 202.1 216.8 229.4 237 244.4 251.4 256.3 267.9 280.9 286.2 288.6 287.8 286.4 281.9 275.2 271 270.7 270.9 271.6 271.8 269.8 266.1 262.2 260.4 259 255.9 251.8 244.4 237.1 230.4 221.8 216.3 214.8 214.9 215.7 216.4 217.5
151.6 153.9 155.1 154 156.5 161 165.4 167.6 168.7 167 165.1 162.6 160.9 158.9 158.3 155.8 152.2 149.6 147.2 147.5 147.9 147.9 146.5 147.1 144.2 145.7 138.5 118.5 126.3 145 150.6 150 146.8 144.8 144.7 145 144.2 144.4 146.8 155.9 164.4 172.5 179.9 186.6 202.1 218.8 231.5 240.3 249 257.3 261.2 269.7 282.2 290.1 292.9 290.4 289.7 284.2 277.1 270.5 269.5 270.1 271 272.1 272.1 269.5 265.9 265 264.4 262.4 256.8 247.1 238.5 228.8 220.6 216.7 215.3 217 220.7 222 222 221.9
155.4 158.2 157.9 158.3 161.4 166.3 168.8 171.7 169.6 165.1 163.1 162.7 161.7 160.4 159.7 156.3 152.3 149.8 148.9 149.9 150.4 148.6 145.7 146.5 144.1 146.2 139 119 133.3 149.5 155.2 155.3 152.6 146.1 145.2 145.2 144.7 146.3 151.9 161 168.5 177.6 185.8 197.5 216.5 233.2 244.2 251.5 262.5 265.9 272.1 280.7 288.8 294.9 292.8 291.2 287.8 278.9 270 267.8 267.1 267.8 271.4 271.9 272.1 269.6 267.6 268.8 266.6 263.6 253.3 240.1 229.2 219.5 216 216.8 220.9 226.5 228.7 225.5 225.4 221.9
158.6 160.2 160.3 161.2 165.6 168.8 168.7 168.9 167.5 164.5 161.8 161.8 161.7 161.7 159.9 155.8 152.2 150.5 150.8 150.8 149.3 144.1 142.8 143 143.3 143.1 138 120.4 137.5 149.6 154.9 155.4 154.6 150.5 146.8 146.8 146.6 150.3 156.3 163.5 171.5 183.8 193.5 209.5 227.6 243.8 252.6 263.1 268.7 272.3 281 286.8 293.2 293.2 290.1 285.9 279.9 269.4 265.6 264.6 264 266.9 272 272.6 271.6 270.4 270.3 269.4 267.9 260.2 245.7 230.5 219.9 217.7 219.6 227.3 231.2 231.2 229.4 227 224.6 219.4
160.4 162.4 162.4 164.1 166.5 168.1 167.3 166.7 163.9 162.3 160.9 160 159.9 159.7 156.7 152 149.4 148 147.4 143.6 138.5 134.3 133.7 133.8 134.1 134.3 120.9 126.3 139 150.4 157.2 159.6 156.3 155.7 156 151.4 153.7 157.4 162.6 167.9 175.5 188.4 202.1 219.4 237 248.4 258.8 269.7 272.6 278.2 285.1 290.7 291.9 289.8 283.7 278 268.6 262.9 261.2 260.4 261.6 266.8 271.3 270.9 271.3 271.9 270.9 270 265.9 251.9 236.4 222.4 217.7 223.3 231.7 234.7 230.1 225.6 224.9 222.2 220.4 217.1
162.9 162.6 163.1 165.1 167.2 166.8 166.6 167.3 164.2 160.6 160 159.9 154.2 145 139.2 136.3 133.9 131.7 129.7 127.6 126.2 125.7 126.1 125.7 125.4 126.1 124.7 126.7 139.9 150.6 158.5 159.2 157.8 159.2 159.5 156.6 159.6 163.9 167.7 172.7 180.8 196.3 210.4 230.4 243.7 254.1 265.1 272.7 275.2 281.3 287.7 290.5 286.6 281.2 275.6 268.5 259.9 256.5 254.7 254.5 259.3 266.3 270.1 271.4 271.1 272 270.8 268.3 256.4 243.5 230.4 218.6 220 228 231.7 227.3 222.8 220 220.4 219.6 218.1 208.6
162.1 161.2 161.6 164 165.2 163.8 163.3 164.5 162.3 159.4 154.5 147 133.8 129.1 128.6 128.8 130.6 129.5 130.6 130.1 126.2 126.4 128.1 129.5 132.4 131.7 127.7 139.2 135.4 141.5 153.8 158.9 159.7 161.9 160.3 159.5 162 166.4 171.1 175.2 187.6 204.9 219.9 238.3 247.9 258.9 269.2 274.2 276.9 283 287.6 285.3 277.2 271.5 265.5 256.6 251.3 249.1 246.7 249.7 257.8 268.1 270.3 269.8 269.6 271.3 270.1 259.7 247.8 235.5 223.4 215.8 219.5 222.1 215.3 207.2 204.1 201.3 202.6 204.9 199.1 188.6
160.9 160.4 161.4 164.7 164.6 162.5 162.3 163.9 162.3 156.9 139 130.8 137.2 145.3 148.6 150.7 152.9 153.3 155.6 154.9 148.7 142.2 138.8 137.2 135.4 134.5 131.4 144.3 145.9 143.6 145.3 157.5 161.4 161.9 161.1 161.8 164.7 168.9 173.4 178.7 193.9 211.5 229.7 242.2 249.1 261.5 271.3 274.6 277.6 282.8 283.8 275.8 269 261.1 250.2 244.3 242.6 240.4 240.7 246.8 257.2 266.9 267.1 267.8 269.6 270.6 259.5 249.1 237.7 226.3 211.4 207.7 204.8 197.6 189.8 187.4 189.2 185.9 184.1 186 181.3 183.3
160.8 160.8 163.1 166.1 164.9 162.8 164.4 165.3 154.1 136.1 135.6 147.9 154.6 155.7 156.5 158.5 161 162.2 163.3 162.3 156.9 146.5 141.9 139.6 135.5 132.5 138.9 148.4 154.4 152.2 142.4 156.7 160.7 160.2 162.5 163.7 166.6 170.1 175.2 181.8 197.6 217.4 234.3 239.3 248.8 263.7 270.2 272.5 276 279.3 274.3 267.4 256.4 244 235.3 235.7 233.6 232.8 239.3 245.3 259.8 264.4 265.8 266.7 268.8 261.5 249.5 237.4 225.3 210.7 199.7 195.2 189.6 196.5 214.6 222.1 221.1 209.3 197.6 196.4 202.8 211.3
159.8 160.8 163.9 165.9 165 164 164.6 156 137 135.5 150 157.7 159.5 160.6 162.2 164.9 167.6 169.4 170 167.2 161.2 148.1 138.9 139.5 143.1 143.4 149.2 158.7 163.7 155.8 141.7 147.4 153.7 155.6 159.5 163.9 167.5 170.9 177.3 184.6 200.8 216.9 230.1 235.2 249.9 262.9 265.4 267 271.5 272.2 263 252.4 239.5 229.6 225.5 225.3 225.4 232.7 238 250.5 259.8 262.1 264.2 263.3 259 246.3 234.4 221.5 208.7 194.1 190.5 191.5 203.4 225.7 234.5 233.3 229.7 224.2 217.8 219.4 220.9 221
159.3 161 163 164 164.3 164.4 161.2 139.7 134.8 148.9 161 163 164.5 165.6 168.4 171.5 175.2 176.8 175.5 171.4 162.9 146.1 143.2 153.2 157.9 159.2 160.7 166.1 166.5 161.1 148 147.8 156.2 159 159.3 161 166.4 170 175.8 185.7 199 210.5 220.6 230.5 248.7 257.7 257.1 261 265 258.6 247.1 237.2 227.9 220.1 215.9 217 224.8 232.8 239.2 251.4 257.1 260 259.3 252.9 244 231 214.3 203.5 192.5 192.8 200.3 210.8 225.9 236.8 240 237.6 234.1 230.5 229.4 227.8 226.8 226.3
140.6 149.5 161.7 163.3 163.6 163.7 145.5 135.5 146.4 162.9 166.1 168.4 170.4 173.5 175.6 178.8 181 181.7 179.6 173.4 161.9 145.2 149.2 159.5 165.9 168.8 167.5 167 168.5 162.7 154.5 144.6 152.1 160.8 163.3 162.8 163.5 169.9 175.5 184.5 194.8 204 216.1 229.7 244.4 247.9 247.6 251.4 251.4 240.8 232.7 225.9 218.3 212.3 211.6 218.7 227.6 233.2 244.3 250.9 255.1 255.6 250.7 241.4 230.5 207.4 192.5 190.9 193.8 202.7 219.4 233 242.5 243.6 241.1 238.4 236.9 237.2 236.5 236.8 237.9 231.9
138.3 134.5 138.7 159 163.8 151.7 134.9 143.1 161.1 168.9 171.8 175.6 178.7 181.3 183.2 184.7 185.5 183.8 181.4 174.6 160.1 144.5 150.9 162.2 168.6 171.6 169.9 167.5 168.7 168.1 161 154.5 147.6 156.4 164.6 165.7 166.7 170.3 174.5 181.5 190 200.6 215.2 227.1 233.4 234.6 237.1 237.5 233.3 224.8 223 216.1 210.7 207.3 209.8 218.7 227 236.2 244.5 248.7 251 249.1 240.5 229.9 210.8 192.6 191.3 194.4 209 222.7 234.1 240.2 243.7 245.9 243.5 243.4 244.7 243.6 245.7 244.7 240.4 238.5
156.7 146 136.4 135.6 137.6 135.6 141.2 159.5 172.9 175.8 178.9 183 186.4 187.9 189.4 190.3 188.2 184.7 181.2 174.6 160.4 144.3 150.5 163.5 167.4 167.1 169.2 168.7 168.4 169.4 166.9 160.5 153.7 156.8 165.6 168.2 170.7 172.7 170.2 176.4 184.1 197.9 211 218 217 221.7 221.3 218.3 214.5 211.2 211 208.1 206.6 205.3 209.4 217.7 227.4 236.5 239.8 243.5 246 241 232.6 219 197.9 192 193.9 213.1 228.1 241 246.8 247.4 250.4 254.5 252.4 251.5 248.3 246.5 246.8 246.1 243.6 242.7
157 159 151.7 142.8 142.4 145.9 161 175.4 178.1 182.1 185.7 188.2 189.7 190.2 191.5 191.5 186.9 182.5 179.6 172.8 159.1 147.4 150 158.5 159.6 159.9 160.7 161.7 164.8 168.6 169.6 164.2 149.3 158 164.8 171.2 177 178.7 173.9 172.8 179 188.5 198 200.6 203.8 205 201.8 200.9 198.6 200 201.6 203.1 202.9 203.5 207.7 214.6 224.5 229.9 233.2 237.6 239 235.8 227.2 207.5 194.8 193.5 209.8 228.8 247.5 252 253.4 257.5 263.3 265 262.7 259.9 258.7 256.6 250.9 247.5 246.4 245.3
161.5 162.1 162.8 165 166.8 172.4 177.5 179.8 183 187 189.4 190.1 190.4 190.8 190.3 187.5 180.4 174.2 171.7 169.7 157.6 148.7 149.1 158 157.2 158.6 159.5 159.1 160.5 165.4 171.3 167.7 158.5 153.3 161.4 169.6 178.5 185.6 182.8 177.3 174.4 180.6 184 186.3 189.1 191.3 190.3 191.1 192.5 194.6 196.7 200.2 200.7 201.3 203.6 209.8 216.1 221.2 227.1 233.5 233.1 228.5 215.7 198.4 194.7 200.4 220.3 239.4 250.1 256.4 264.2 269.5 272.9 271.2 269.4 267.6 266.1 263.8 259.3 251.2 247.1 244.8
163.3 163.5 166.3 169.9 174.5 177.9 180.7 181.9 185.4 188.9 189.3 188.4 187 186.3 182.8 177.9 171.8 167.5 165.7 163.4 154.1 148.1 148 152.9 153.1 156.3 158.4 159 158 161 163.7 164 162.8 159.3 154.5 169.1 176.2 185.9 189.1 187.5 179.4 177.4 178.3 179.9 182.4 184.3 184.9 186.6 189.5 192.4 194.3 196.6 200.8 205.2 208.4 210.6 214.4 218 222.2 225.3 225 219.3 203.6 197.2 197.1 208.7 226.8 245 252.8 263 271.9 276.5 278.7 278.4 278.2 276.8 277.9 273.7 268.4 261.3 252 248.7
163.1 164.1 167.9 172.1 175.4 178.1 180.2 182 184.3 187.7 184.7 181 178.2 174.7 171.9 167.3 163.8 162.8 161.7 157.8 152.2 149.6 148.7 153.1 157.9 157.6 157.1 157.7 156.6 157.6 158.4 158.8 160 159.1 154.3 165.9 173.2 182.1 191.1 194.2 189.9 184.1 180.9 180.8 182.2 184.2 187.7 187.9 189.3 191.9 196.7 199.3 201.9 206.8 212.8 215.3 215.3 217.3 215.3 213.1 214.7 208.2 199.4 200.3 201.1 219.2 239.5 247.3 256.5 268.1 280.5 285.4 287.5 289.2 287.7 286.9 284.3 279.8 275 266 256.4 255.4
163.1 162.9 165.3 168.7 172.1 175.4 177.7 179.3 181.7 180.2 175 170.3 166.9 163.7 161.2 159.2 158.9 157.8 158 156.7 155.3 152 150.8 155 161 162.6 160.1 158.5 157.6 157.1 156.7 156.8 156.9 157.6 154.9 155.1 168 175.4 182.6 187.2 190.6 188.9 187 183.5 186 186.8 188.2 191.6 190.4 192.4 196 199.2 202.2 207.2 212.4 215.8 216.2 213.3 206.3 204.4 206.5 200.3 200.4 202 210.6 226.1 243.9 249.3 261.7 277.9 288.3 292.3 295.1 297 296.4 293.4 289.1 285.3 277.1 267.7 263.7 264.6
162.3 161.7 162.1 163.5 166.4 167.6 169.1 172.3 172.7 168.4 164.4 160.9 157.8 158.3 156.2 155.5 155.3 156.9 157.4 157.9 159.4 155 153.1 157.8 163 163.5 160.9 160 159.1 158.8 157.3 156.8 156.7 157 156.8 156.8 156.7 161.6 170.1 174 181.5 188.8 190.8 187 185 187.2 182.8 184.3 186.5 189.7 193.3 195.7 199.7 205.8 209.9 212.4 212.4 202.4 191.2 196.3 197.4 198.4 201.2 203.3 222.3 239.2 247 252.5 268.6 284.8 295.7 300.7 304 305.3 302.5 297.7 293.7 286.1 279.5 272.5 271.9 272.4
162.1 161.7 162.3 163.2 162.9 162 161.5 161.8 161 158.7 157.5 156.3 155.6 155.9 156.1 155.9 156.7 159.3 161.5 162.6 165.1 164 156.1 159.9 164.9 165.6 161.4 161.4 161.2 160.7 159.2 159.1 159.6 160.9 166.1 165.2 160.4 159.3 158.2 162.3 170 177.1 181.1 179.5 174.1 172.2 171.6 172.2 175.9 178.9 183.3 190.2 194.4 199.2 202.8 202.7 198.6 189.6 190.9 193.9 195.6 197.6 210.9 224.8 227.9 244.3 250 259 280.7 295.4 301.1 306.8 312.7 311.1 305.7 302 295.4 289.7 285.3 281.5 283.3 283.9
165.2 167.4 166.8 166.1 163.8 160.8 158.5 158 156.9 156.1 155.3 156 158.1 158.9 159.2 159.9 162 165.9 168.8 171.4 172.8 170.9 158.1 164.4 169.5 168.1 166.5 166.7 165.3 166.1 165.8 167 169.2 172.5 176.9 181 174.7 161.4 162.9 161.5 163.6 168.1 168.4 166.8 167.9 168.9 169.6 170.8 172.2 174 177.4 179.9 184.5 189.8 191.2 190.8 188.2 188.3 191 193.4 196 204.7 224.2 230.4 240.5 247.3 255.7 270.9 287 298.8 306.9 313.4 316 314.1 308.5 304.4 300.3 297 291.5 293.3 295 296.3
168.7 170.4 168.6 167.3 165.5 162.3 158 156.6 156.5 157.2 157.4 158.7 161.7 164.8 165.5 168.8 172.2 176.3 182.1 182.5 180.1 167.4 160.1 169.2 176.1 176.3 178.1 175.4 169.6 171.7 173.1 177.8 180 181.4 182.1 184 180.3 166.9 164.6 165.1 163 164.9 166.3 168.1 169 169.5 170.7 171.5 172.8 175.3 177 176.9 179.9 183.3 184 185.9 189.2 190.9 193.4 197.1 201.5 220.3 235.5 241.4 239.3 253.5 265.5 281.8 296.1 303.6 311.8 316.2 318.6 315.9 312.5 309 306.4 302.5 299.1 303.7 305.7 307
169.6 168.5 167.5 167.5 166.9 162.7 158.3 156.5 157.7 159.1 160.5 162.3 166.7 170.4 173.3 176.4 179.7 186.4 188.9 188.7 178.3 163.1 166.8 173.7 187.3 189.2 187.5 184.5 180.4 175.3 179.6 183 185.7 186 185.3 180.3 174.5 167.3 167.8 172.7 166.8 166 167.5 171.5 171.7 172.2 172.8 175.1 177.8 178.5 181.7 186.7 189 188.7 196.2 195.4 191.3 194.3 197 201.6 210.4 230.7 242.3 249.5 251.3 258.4 273.7 290.5 300.8 307.2 314.1 317.4 319.4 317.1 314.9 313.5 311.5 309.1 309.1 314.7 319 321.3
168.4 166.7 165.6 165.8 163.2 159.9 157.6 158.4 159.8 161.4 162.5 163.3 167.4 177.6 178.9 180.6 185.3 192.4 193.5 188.2 169.3 173.2 180.7 179.4 192.9 193.7 192.7 194 190.3 187.9 189.4 187.6 186.8 184.5 179.4 183.9 186 184.2 177.4 179.6 184.9 182.8 180.4 181 175.9 182.6 187.5 194.5 205.9 202.8 196.3 194.3 197 199.7 212.2 205.9 204.2 205 206.5 213.1 224.9 234.8 249 255.5 260.7 261.9 272.2 286.9 299 307.4 314.8 315.5 318.1 316.9 317.4 317.8 315.5 316.2 320.2 323.7 327.1 329.6
166.3 162.4 159.1 157 156 156.9 158.1 159.4 164.9 167.7 168.3 165.7 164.4 176.6 181.2 184.3 190.7 194.6 189.9 176.4 168.7 183.9 193.4 192.1 189.4 192.9 193.8 193.7 185.5 194.5 195.9 193.5 191.4 188.7 190.7 195.8 194.6 186.3 197.3 195.5 193.6 191 190.5 193.2 196.5 192.6 204 210.3 216.8 220.2 214.2 216.8 215.5 212.5 214.5 214.6 215.7 222 229.1 237.1 244 252.5 258.9 265.4 266.5 269.7 270.9 272.8 287.2 304.4 305.8 309.7 314.6 315.9 318.7 320.4 320.2 323.3 327.1 329 332.1 335.3
158 154.2 152.2 153.3 154.2 157.1 162.5 171.9 179.9 180.8 177 171.8 165.1 173.9 185.4 188.3 191.4 192.2 179.9 169.2 175.3 190.1 195.3 197.8 197.3 197.3 195.9 194 187.3 197.4 197.2 195.8 195.2 192.3 193.5 196 195.3 198.1 199.1 202 203.4 204.8 208.8 206.2 209.2 199 212.5 220.1 226.6 230.3 228.1 228.3 230.4 227.7 226.9 224.3 233.2 239.1 242 250.5 257 263.5 269 277.3 277.6 277.6 278.9 282 278.9 287.2 293.5 298.8 306.1 313.6 318.4 320.7 323.4 327 330.6 331.7 335.9 339.5
