Assets/StreamingAssets/GeoData/Data/nt/NT72.asc
ncols 200
nrows 200
xllcorner 370000
yllcorner 620000
cellsize 50
[rows 72 to 107 of 200, columns 0 to 80 of 200]
49.6 48.8 49.1 49 47.7 47.9 47.8 48.7 48.4 51.3 54.7 54.5 53.2 53.1 54.9 57.1 57.6 56.5 55.8 55.9 55.9 54.7 53.1 53.2 53.3 54.5 54.8 53 52.6 52.7 53.4 54.4 55.8 57.7 58.9 60.7 62.7 64.1 65.9 68 70.3 71 69.7 72.5 73.4 74 77.1 80.1 81.4 83.3 83.9 84.8 86.5 88.3 85.9 84.8 84.5 83.7 84.5 84.5 83.7 81.9 68.9 73.5 79.8 80.4 77.7 79.9 82.5 82.9 84.6 79.8 74.2 73.9 73 65.8 60.3 63 67.9 70 78.6
49.4 49.2 49.5 49.4 48 48.1 48.4 45.4 48.6 55 56.8 57.5 56.5 54.3 55.1 57.7 58.8 57.4 57 57.3 57.6 56.5 54.2 54.3 53.9 55 55.8 53.7 53.2 53.5 54.2 55.7 58.7 61.3 62.6 63.7 62.6 63.8 65.9 67.7 68.5 69.5 71.4 71.2 72.2 73.9 78 82 82.5 82.8 83.4 86.5 89 88.8 86.3 85.1 85.1 84.1 83.2 80.9 76.3 69.2 75.2 80.9 82.4 83.9 82.6 82.8 84.5 90.3 92.5 93.5 92.3 85.9 82.6 78.6 70.9 67.6 63.6 63.2 60.8
49 49.4 49.3 48.2 47.7 47.8 48.1 45.2 54.3 55.2 56.8 58.3 57.6 56.5 56.7 57.3 58.3 58.3 58.5 59.3 58.5 56.6 55.2 56.5 54 55.1 56.2 55.4 56.6 58.5 62.1 67 70.1 72 73.9 73.6 70.3 67.5 68.4 68.1 68.7 71.1 74.9 76.4 74.9 74.5 77.8 81.3 83.3 85.3 87.8 92 90.9 88.7 86.9 86.2 85.6 84.3 83.9 76.7 72.9 80.1 84.2 86.3 85.3 85.7 87.8 89 88 87.8 90.4 92.1 90.7 86 85.8 85 76.8 70.7 70 67.3 63.3
48.8 48.3 47.8 47.8 47.8 47.9 48.3 45 55.1 55.5 56.8 60.1 59.1 57.7 59.1 60.5 60 59.3 59.9 61.2 59.7 57.2 56.7 58.6 57.9 58.1 58 59 62.9 66.9 70.2 74.6 77.5 77.9 78.5 77.6 77.8 76.2 73.2 72 71.1 73.7 75.2 76 78.4 81.4 85.3 88.2 89.2 90.1 91.2 94.2 92.2 89.7 88.1 86.9 85.8 84 80.1 75.6 80.9 84.6 86.8 88.1 88.9 87.1 88 89.5 90.3 88.3 86.4 90 90.3 85.8 84.8 83 82.5 74.2 73.1 71.5 64
48.1 47.8 47.8 48.1 48.2 48.2 48.4 45 53.5 55.8 57.8 61.2 60.3 59.6 61.6 63.3 61.9 60.3 60.3 60.4 58.7 56.6 58.2 60.5 61.9 60.8 59.9 62.2 66.1 70.6 73.8 76.6 79 79.6 78.5 78.5 77.6 77.1 75.7 75 75.4 79.1 83.1 86.9 91.1 94.9 97 97.1 95.5 96.2 94.3 94.3 92.9 91.3 89.8 88.6 86 83.3 76.8 79.2 84.3 87 88.3 89.3 90.1 88.8 88.3 87.7 89.4 88.5 88.5 88.1 87.8 84.3 83 83.1 81 79 76.7 71.2 64
48 47.8 47.9 48.2 48.2 48.2 48.1 45 52.3 55.8 57.6 59.4 61.3 61.3 63.1 63.9 62.7 60.8 61 61.1 59.2 57.3 59.8 63 65.7 61.3 63 65.8 68.8 73.9 76 75.3 75.9 77 76 77.2 76.5 77.5 79.6 85.7 86.4 87.7 93 97.3 99.3 100.9 102.1 100.6 98.4 97.2 96.1 95.9 94.6 92.2 91.4 91 88.3 86.1 79.8 83.5 87.7 88.6 89.2 90.4 90.1 90.3 92.1 92.9 92.9 93.4 94.1 92.1 88.8 87.5 86.2 85.3 83.8 80.4 77.2 71.8 60.8
47.8 48 48.1 48.3 48.1 48.2 48.1 45 52.9 56.5 59.4 61.2 63.1 62.6 63.2 64.7 62.5 62 62.6 62.8 59 57.6 60 61.8 65.5 62.6 64.3 68.9 70.9 74 74.5 73.6 74.1 74.4 74.4 75.5 78.3 81.6 83.2 87.8 91.2 90.6 92.9 97.2 101.5 104.8 105.5 104 100.5 97.6 98.3 98.9 97.6 94.9 94.4 92.8 90.4 87.8 82.6 82.2 89.5 89.6 89.7 90 89.5 91 92.8 93.7 93.2 94.7 95.4 93.8 92.4 90.1 88.3 85.9 83.4 80.1 77.6 72.7 64.7
47.5 48 48.1 48.3 48.1 48.1 48.5 45 54.9 58.3 60.1 61.9 64 64 64.3 65.2 62.6 63.1 64 63.4 59.1 60.7 60.8 62.5 62.8 63.3 65.1 67 70.9 70.4 71.7 71.7 72.8 75.2 76 79.7 84.1 87.2 89.9 89.6 89.7 91 94 94.6 98.8 103.6 105.7 105 102.4 102.3 103 101.3 99.9 98.7 97.7 94.4 91.7 89.9 87.1 79.7 88.5 89.5 89.7 89.7 89.9 91.5 92.2 92 91.8 92.1 91.9 90.9 90.5 88.9 87.4 84.9 81.5 80 77.7 66.1 64.7
47.5 47.7 48.4 48.1 48 48.9 47.7 45 57.2 58.2 59.8 63 64.8 64.8 64.9 64.9 64.2 64.1 65.4 62.8 61 62.7 60.7 61.8 62.2 64 65.5 65.3 68.1 68 70.5 73.8 76.3 78.9 79.2 82 87.1 91.2 93.1 94 95.6 98.3 99.4 98.2 97.5 100.1 102.8 103.6 102.7 103.7 102.7 101.7 101.1 100 97.5 93.7 91.8 91 90.2 82.7 87.8 89.8 90.2 89.3 89.7 91 91.4 90.2 89.8 89.4 89.6 90.3 87.9 87.9 85.9 83.4 81.5 80.2 78 67.7 62.9
48.3 47.7 48 47.8 47.8 46.5 45 49.1 56 57.4 61.1 64.6 65.3 63.2 65.2 65.4 64.8 65 65.5 62.2 63 62.6 61 61.6 62.2 63.4 64.6 67.1 67 70.5 75.7 77.3 79.6 81.7 80.6 83.4 90.1 92.8 95 97.6 101.5 106.7 108.4 105.1 104.5 104.8 106.7 105.5 102.3 101.7 101.2 101.4 101.4 98.6 95.4 93.4 92.9 92.2 91.1 88.8 87.8 90.8 90 89.5 89.8 91.8 90.5 87.9 87.9 87.9 88.6 88.2 87.9 87.8 87.5 85.6 82.6 79.7 77.5 69.7 64.8
45.1 47.4 48.7 49 48.7 48.8 48.8 48.9 55.5 57.9 62.2 64.4 63 62.7 65.6 65.9 65.9 66.2 64.2 60.9 62.6 61.9 61.8 63.9 63.7 63.6 65.9 69.3 71.9 75 77.5 79 81.6 82.7 82.2 84.3 89.8 93.9 98 102.8 108.5 114.2 116.2 113.6 112.8 113.6 113.6 110.6 107.7 105.4 104.2 103.4 102 99.9 95.8 94.1 92.3 92.5 90.5 87.2 84.7 89.7 89.8 90.2 92.6 94.7 95.4 95.2 95.6 94.4 92.2 87.7 86.1 85.8 85.9 85.2 83.5 79.9 76.8 71.3 67
48.5 48.7 48.7 48.7 48.2 48.2 48.3 48.3 54.4 57 60.2 61.4 61.4 64.6 67.4 66.4 67.2 66.1 62.8 60.4 61.4 61.2 63.9 67.9 68.3 65.1 69.1 71.8 73.4 74.7 77.3 80.6 83.8 84 83.4 87.3 94 99.1 104 108.5 115.2 120.8 123.1 122.6 121.6 119.1 116.1 113.8 111.7 110.1 109.3 107.8 105 102 99.1 96.2 93.4 90.9 90.2 89.5 86.6 90.3 91.5 93 95.7 96.6 97.6 97 95.9 95.4 93.6 89 85.4 83.2 83 82.1 81.6 78.8 75.5 72.5 69.9
48.5 48.4 48.6 49 48.6 48.5 48.3 48.3 53.5 55.3 57 58.2 62 68.6 70.3 67.3 66.6 64.2 61.4 60.9 61.4 61.4 64.9 69 67.1 65.4 69.5 73.1 73.9 74.8 77.4 81.7 83.6 83.2 85.1 91.8 98.1 104.6 110.7 116.9 122.8 126.3 129.1 131 130.1 126.5 119.6 115.4 113 112 111.1 110.5 106.9 103.4 99.9 97.1 95.1 92.7 92.7 92.1 87.1 92.2 93.9 96 97.4 98 98.6 97.1 95 94.7 93.1 89.6 85.9 83 80.3 79.4 78.9 77.1 74.2 71.3 69.2
48.6 48.5 48.5 48.7 48.8 48.5 48.2 49.6 52.7 55.3 59.5 60.7 64.4 69.7 70.9 67.4 63.9 62.2 61.3 62.2 62.6 61.8 62.9 64.6 65.2 65.8 70.4 72.9 73.2 74.7 79 81.6 83.3 84.8 88.6 97 106.9 113.2 119.7 124.9 128.8 131.9 135 137.2 136.7 132 127.2 121 117.4 117.1 113.9 110.4 107.6 104.8 101.9 99.2 96.7 94.8 93.3 91.4 92.3 93.1 96 97.7 97.8 98.3 98.7 97.3 94 92.3 90.9 88.7 86.4 83.2 79.3 77.1 75.5 74.8 72.8 71.6 70.1
49.4 48.6 48.7 49 49 48.8 49.7 51.8 53.1 57 61.9 62.6 64.9 69.2 70.4 65.3 61.3 61.2 61.6 61 61.7 61.6 62.1 65.1 68.2 66.2 69.5 70.6 72.6 76.4 80.9 83.8 85.2 87.7 97.6 109.6 115.3 121 127.8 132 135.3 138.8 141.5 143.1 141.9 137.3 131.8 127.9 125.7 123.8 120.3 115.3 110.2 107.5 105.1 101.1 98.4 96.4 94.5 92.4 94.5 90.1 96.9 97.8 98.2 98.6 98 95.9 93 89.5 86.9 86 84.2 82.9 80.2 76.6 74.3 73.4 72.6 71.7 70.6
50.8 49.1 49 49.5 49.6 51.8 51.9 52.2 53.6 59 63.7 64.4 64.8 66.6 67.3 63.6 60.3 60.8 60.6 60.2 61.4 60.6 61.8 64.9 67.5 66.7 68.1 71 74.9 79.2 84.4 88 93.5 96.6 109.5 119.1 124 129.1 134.1 137.3 141.6 145 146.9 146.4 145.4 141 136.6 132.5 129.5 126.6 122.8 118.5 114 109.8 106.2 101.9 99.2 97.2 95.2 94.2 96.1 96.6 91.9 97.9 98.4 98.8 97.7 94.8 91.2 86.9 84.4 83 82 82.4 81 76.9 74.2 72.5 71.8 72 74.8
52 50 49.7 50.2 50.9 52 52 52.2 54.4 60.5 65.2 65.4 66 66.7 64.6 61.2 60.6 59.8 59.8 59.8 60.6 61 62.5 65.1 67.2 68.7 70.9 75.2 80.3 85.7 90.7 97 106.5 110.5 122.6 131.1 133 136.9 139.7 142.8 148.1 150.1 150.3 149.4 146.1 142.7 138.5 134.9 131.7 128.4 124.5 119.9 115 110.1 105.9 102.3 100 97.8 95.7 95.7 97.2 98 94.1 98.1 98.7 98.5 97.1 93.7 89.7 86.3 84.6 84.5 83.2 81 77.1 76.4 73.3 72.3 71.7 78.1 83.5
52.1 51.4 51.1 51.1 51.4 52.2 52.3 53.3 56.8 62.1 66.2 66.6 66.4 65.6 63.4 62 61.3 59.8 59.8 59.8 60.5 61.4 63.2 66.1 69.3 73.2 80.5 87.9 90.6 98.1 102.5 108.1 116 122.5 128.6 136 141.6 143.7 145.8 148.7 152.4 154.4 153.7 150.8 148 144.3 140.3 137 133.8 129.9 125.6 120.5 114.8 110.2 105.9 103 100.9 98.6 97.1 97.3 98.4 98.3 94.6 98 98.7 98.4 95.4 91.7 88.5 86.4 86.3 85.5 84.5 82.5 78.5 74.9 73.5 72.3 72.1 78.1 85.6
50.8 51.6 51.5 51.1 51.8 52.4 53.4 55.4 59.2 63.6 66.7 67.5 66 63.8 63.7 61.1 59.8 59.8 59.8 59.8 62.4 65.8 72.7 76 79.4 79.2 87.5 97.5 104.5 109.4 115.5 119.8 125.8 132.9 137.9 142.6 147.8 149.4 151.4 155.7 158.4 157.9 155.7 152.9 149.5 145.9 142.4 139.1 135.4 130.3 125.6 120 114.5 109.9 106.5 104.1 101.6 99.6 98.9 98.5 99.3 98 97.5 98.6 98.9 97.2 94.1 90.5 87.8 87.6 87.1 86.1 85 83.6 80.1 78 75.9 73.6 71.3 73.2 80.1
51.3 51.5 52.4 51.8 52.2 53.9 55.3 57.2 60.7 64.4 66.4 67.4 66.3 62.8 60.6 59.8 59.8 59.8 59.8 60.5 66.2 77 85.9 89.4 84.6 89.2 93.7 104.5 114.1 118.7 123.6 128.3 133.2 141.2 146.3 149.4 151.1 154.6 157.9 162.1 163.4 160.4 157.2 154 150.4 147.1 144.5 141 136.1 130.7 125.4 119.2 114 109.8 107.1 104.5 102.2 100.7 99.9 100.1 99.8 98.6 99 99.6 98.8 96.7 93.1 89.7 89 88.9 88 87.1 86.3 84.6 82.2 81.1 78.8 76.8 73.7 70.7 72.8
51.2 52.3 53.4 54.3 53.1 54.2 57.3 59.8 62.6 66.1 68.2 68.9 66.7 61.9 59.8 59.8 59.8 59.8 60.2 67.2 72.8 84.9 91.5 90.5 88.3 98.3 105.5 114.1 119.5 125.5 131.4 135 141.5 148.3 152.2 154.6 158.2 162.9 166.6 168.2 167 162.3 158.8 154.8 150.9 148.7 145.7 141.5 135.8 130.2 124.8 118.2 113 109.9 107 104.3 102.3 100.9 100.4 101 100.2 99.2 99.4 99.7 98.8 95.4 92 89.8 90.6 89.9 89.2 88.3 87.6 86 84 82.7 82 80.8 78.3 72.1 70.9
51.3 53.2 55.1 56.6 54.6 54.2 57.4 61.5 63.1 64.9 68.1 69.1 64.6 61.5 59.8 59.8 59.8 59.8 65.7 72.1 80.7 90.2 94.8 96 99.8 101.6 114.1 120.9 126.7 131.8 138.9 144.4 149.5 153.6 157.4 161.3 165.5 169.9 172.9 173.1 169.3 164.4 159.2 155.2 151.2 149.1 145.6 140.8 135 128.5 123 116.6 112.3 109.4 106.7 104.9 102.6 102.2 101.9 101.5 100.3 99.6 100.2 100.3 97.1 94 91.3 91.8 92.1 91.5 90 89.2 88.7 87.1 85.9 84.2 83.6 81.6 79.7 74.8 72.5
52 53.5 55.2 55.6 56.1 55.3 56 57.1 59 60.2 61.4 62.8 63.1 62.2 61.7 61.6 62.2 65 71.4 80.9 88.5 96.7 100.6 103.6 108.5 115.7 122.4 126 132.7 139.8 146.1 151.7 155.5 159.5 162 167.3 172.4 176.7 177.6 174.7 170.5 165 159.1 155.3 152 149.1 144.7 139.6 133.6 126.5 120.3 115.1 111.8 108.8 106.4 105 103.7 103.1 102.6 101.4 100.7 101.1 101.5 100.2 96.4 92.2 92.9 93.7 94 92.6 91.4 90.6 89.9 88.7 87.5 86.3 83.8 81.7 79.2 76 76
52.8 54 55 55.9 56.9 57.3 56.7 57.3 59 60.7 61.7 62.2 63.2 63.8 63.4 64 64.9 68.1 77.3 90 97.6 100.9 105.7 110.2 114.1 121.7 128.6 133.9 138.7 145.6 152.6 157.6 161 163.9 167.2 173.3 179.7 182.2 181.2 177.6 171.9 165.3 159.4 155.3 151.7 148.8 142.4 137 130.3 124.3 117.4 113.6 110.8 108.2 106.6 105.5 104.8 104 103.2 101.7 101.6 102.3 102.5 99.7 95.2 94.1 95.4 95.9 95.2 94.3 93.4 92.6 91.3 89.7 88.2 86.5 83.6 81.2 79 78.7 80.2
54 55 56.1 57.3 58.4 59 59 59 59.8 61.4 62.8 63.5 64.1 64.5 65.5 66.6 68.2 70.5 85.7 96.2 101.5 105.3 109.9 114.6 121.3 127.2 133.8 140.3 144.6 149.2 156.9 161.8 165.5 168.3 173.6 180.2 185.5 186.2 184.6 179.4 172.9 165.4 159.7 154.6 150.3 145.4 139.2 132.7 126.5 121.9 116.4 112.7 110.3 108.6 106.8 106.3 105.8 105.5 103.3 102.3 102.5 103 101.2 98.3 96.3 96.6 98.2 98.6 98.1 97.2 95.9 94.8 93 91.3 89.6 87.2 84.2 82.5 81.1 81.9 82.6
56.2 57.3 59.1 59.2 60.4 61.3 62.1 61.1 58.4 60.8 63.9 65 65.6 66.1 67.5 70 72.3 76.4 94.2 101.9 105.8 109.5 114.1 118.6 126.3 134 140.4 147.3 151.8 155.1 161.9 166.3 169.3 173.7 180.2 187 189.8 189.3 185.5 180.3 172.6 165.4 158.1 153.4 148.6 142.9 136.5 129.4 124 120.6 115.8 112.6 110.7 109.3 107.9 107 106.3 104.7 103.8 104.7 104.9 104.4 101.9 98.4 97.8 99.7 101.3 101.3 100.9 100.5 99.1 97.5 95.5 93.5 91.7 88.9 86.6 84.6 83.6 83.9 84.2
62 62.1 62.2 62.9 64.3 64.9 65.3 64.5 64.7 62.6 63.1 66 67.1 68.4 71 73.7 76.3 85.2 94.9 100.7 108.2 113.8 117.4 123.4 131.6 139.5 147 153.4 158.5 161.1 165.4 171 173.7 179 186.3 191.4 193.6 192.2 186.8 180.6 172.6 164.8 156.7 151.2 146.3 140.1 133.8 127.5 122.8 119 114.7 112.7 111.2 110.5 108.7 107.3 107.8 106.6 106.3 106.8 106.7 105.1 101.3 99.5 100.6 102.8 104 104.2 104.8 104.2 102.3 100.4 98.3 96.4 93.9 91.4 89.2 87.1 86.5 86.3 85.8
71.3 70.6 69.6 66.3 71.6 70.6 69.7 69.8 68.7 69.4 68.7 66.1 69.8 74.3 76.4 78.6 82.2 92.9 103.7 107.1 111.9 116 121.9 130.4 137.6 145.4 152.3 159.4 164.5 167.5 170.1 174.6 178.2 183.7 191.2 195.7 196.9 193.4 187.8 179.4 172.3 162.8 155.5 149 142.7 136.5 131.3 126.1 120.5 117 115.4 113.4 111.8 110.6 108.3 109.9 109.1 108.5 108.7 108.9 108 104.9 102.1 102 104.1 106.4 107.3 108.2 108.4 107.7 105.2 102.7 101.3 100.6 97.3 94.6 92.1 90.7 89.9 88.7 88.4
79.3 80.2 75.7 74.9 79.1 78 72.9 76 74.4 75.5 75.5 69.7 73.4 80.2 81.4 85.3 92.4 92.6 102.9 110.2 115.8 120.6 127.1 135.7 144.4 151.2 158.3 162.8 168.9 171.4 174.1 179 182.3 187.8 193.7 196.5 196.9 194.4 187.2 178.9 170.2 161 153.2 146.4 140.2 134.4 129.3 124.1 119.2 117.6 115.9 114.7 112.2 109.7 110.6 110.8 110.1 110.3 110.5 110.6 108.9 106 104.3 105.1 108.3 110.2 111.2 112.4 112 110.9 108.3 107.3 105.3 102.8 100.6 98.1 95.7 95 93.1 91.7 91.2
84.7 85.1 80.7 81 83.2 81.6 77.5 81.4 79.2 80.9 80.5 70.5 74 83.4 87.5 92.7 99 105.5 95.6 109.8 119.9 124.7 131.1 141.3 150.1 156.4 163.4 167.9 171.8 175.4 178.2 182.9 187.3 191 193.6 197.4 196.6 192.9 185.8 176.9 166.9 159.8 151.3 144.1 137.1 130.6 126 121.9 120.5 119.3 117.5 115.2 112.5 111.8 112.4 112 111.6 112 112.2 112.2 109.8 105.6 107.3 109.7 112.2 114 115.6 116.8 116 114.2 112.1 111 108.4 106.2 104.1 101.9 100.3 99.4 96.2 94.7 93.9
89.5 88.3 85.8 86.1 86.8 85.2 85.7 85 83.6 84 84.5 84.6 71.4 82.6 92.1 99 104.8 111.6 101.4 117.7 123.8 129.1 136.4 145.9 155.2 162.2 168.2 172.8 175.8 178.9 183.2 185.8 190.1 192.5 194.6 195.8 195.5 191.3 183.9 172.7 163.8 156.3 148.8 141.6 134.3 127.6 124.5 122.6 122.4 120.8 119.2 115.5 113.6 112.1 113 113.2 113 113.7 114.5 113.8 110.7 109.4 111.3 113.8 116.2 118.3 120.4 120.5 119.7 117.7 116 114.4 112.3 109.8 107.6 105.7 104.5 102.2 99.7 97.5 96.8
92.5 90.9 89.8 89.5 90.3 88.5 88.1 88.4 87.4 87.4 88.5 89.9 88.7 76.7 98.7 104 111.3 114.7 116.3 122.1 127.9 134.3 142.4 151.2 160 167.4 172.6 177 179.8 183.2 187.1 189.7 191.1 194.1 195 194.8 193.6 187.7 180.2 169.2 160.8 152.8 145.4 138.1 131.1 127.8 126.1 124.6 124.4 122.8 119.3 114.9 112.9 113.1 113.6 114.1 115.2 116.9 117.2 115.1 112.7 113.7 115.9 118.2 120.2 122.7 124.6 124.4 123.1 121.3 119.7 118 116 113.7 111 109.6 108.3 105.2 101.9 99.9 98.8
94.9 93.9 93.6 93 93.3 91.5 91.4 91.3 91 91.1 92.3 94.4 95.1 76.5 103.8 110 115.9 112.7 119.9 125.6 132.2 140 148.2 157 164.7 171.4 176.8 180.3 183.1 186.9 190.2 190.7 193.1 195.9 194.8 193.3 190.6 184.9 175.3 165.9 157.4 149.2 142.3 135.5 131.1 129.1 127.9 126.8 126.1 122.9 118 115.1 113.3 113.6 114.7 116.2 118.5 120 119.3 116.4 116.3 118.2 120.3 121.8 124.4 127.2 128 127.1 126 124.8 123.2 121.4 119.3 116.6 113.9 112.4 109.6 106.6 104.1 102 100.5
97.8 97.1 97.1 96.8 96.8 93.8 92.7 94.2 95.2 94.5 95.8 98.2 91.7 88.2 108 115.8 118.4 119.9 123.8 128.9 135.8 144.7 152.3 161.3 168.4 174.4 179.6 182.7 184.6 189.3 191.6 191.9 193.9 195.4 193.5 190.7 186.9 180.3 171.5 161.9 153.1 145.8 140.1 135.7 132.4 130.7 130.1 129.1 127.7 122.2 117 115.2 114.2 114.1 116 118.7 121.8 123 121.1 119.3 120.6 122.4 123.8 125.2 127.8 129.9 129.8 128.8 128 127.2 125.7 124 121.2 117.9 115.5 113.2 110 107.5 105.8 104.1 101.8
100.7 100.6 100.7 99.9 99.5 97.1 93.5 97.8 99.4 98.9 100.4 102.2 85.6 97.1 115 119.8 119.6 122.9 126.5 132.4 139.8 148.5 156.8 164.4 170.7 176.5 181.4 184.8 187.6 190.2 191.9 192.7 193.4 193.6 191.4 188.7 183.7 176.8 167.2 158.6 150.4 143.9 139.4 135.9 133.8 132.9 131.7 130.5 126.5 119.9 116.5 115.8 114.8 114.8 118.7 122 125 125.3 122.1 122.9 124.9 126.3 127.2 128.1 130.6 131.5 130.3 129.4 129.1 128.5 126.8 124.1 120.7 118.7 116.2 112.8 110.1 108.9 107.3 105.8 102.2
104.9 104.6 103.9 102.4 102.6 100.2 99.7 102.7 102.5 103.3 104.8 104.9 85.7 105.3 117.3 121.2 122.1 126.8 130 136.7 143.3 151.7 160.6 166.9 172.2 177.7 183.3 185.3 186 189.9 191 193 192.7 191.6 189.3 185.9 180 172.4 162.7 154.5 148.5 143.3 138.4 137 136.6 136.6 133.9 130.7 124.1 118.6 116.6 115.7 114.6 117.5 121.5 125.2 128 127 127 128.8 129.9 130.1 129.7 130.3 132.3 131.7 130.7 129.6 129.2 128.2 125.7 123 121.3 119.8 116.1 112.8 111.3 110.3 108.5 104.1 96.3
