Assets/StreamingAssets/GeoData/Data/nt/NT91.asc
ncols 200
nrows 200
xllcorner 390000
yllcorner 610000
cellsize 50
[rows 105 to 139 of 200, columns 78 to 155 of 200]
391.1 389.5 390.2 392.1 397.1 405.2 411.2 418.7 424.8 429.1 432.8 435.8 441.1 451.1 460.3 465.4 466 467.4 467.1 463.8 458.3 452.3 448.9 443.4 437.8 434.6 432.8 428.5 419.6 405.4 395.2 387.8 379.6 368.5 354.6 343.9 334.7 326.2 319.9 314.7 310.3 306.8 303.9 301.2 297.2 292.4 287.8 281.8 274 258.5 236.1 229.8 261.6 284.8 300.5 309.9 311.6 307.1 300.7 293.3 284.2 276.3 269.2 262.2 255.3 250.2 244.2 240.9 236.7 234.6 232.7 231.1 229 228.2 227.3 226.4 225.4 223.6
405.9 407.1 409.8 407.4 407.7 412.9 415.5 419.7 423.5 425.3 428.1 431.9 434.9 442.4 449.3 456.8 460 462.1 462.2 460.8 455.6 447.8 441.5 437.6 434.9 429.6 427.2 421 413.3 402.3 392.8 385.6 378.3 368.4 357.8 346.8 337 328.9 321.7 315.7 309.7 305.2 301.6 298.3 295.1 289.8 285.5 281.2 269.1 244.1 231 243.8 272.7 296.4 309.7 316.2 317 311.3 305.8 300.9 292.9 283.9 274.5 266.7 260.8 254.9 250.6 246.6 243.1 241.4 239.8 239.1 237.8 235 234.8 232.7 230.9 228.7
426.3 428.8 428.9 427.5 424.1 420.8 421.4 423.3 424.1 423.1 424 425.5 429 433.7 439.1 446.8 455.4 457.1 456.4 453.8 448.4 440.5 435 431.6 429.3 423.5 416.3 410.3 406.3 397.6 391.4 383.8 379 372.2 362.9 352.3 341.6 331.3 325.9 320.3 314.2 306.4 301.7 297.9 292.7 287.8 278.5 266.4 256 241.8 231.5 250 273.8 298.6 315.2 319.8 321.3 319.7 313.9 306.3 300.2 291.5 282.2 274.8 266.2 260.5 257.2 253.3 250 246.3 245.1 244.9 243.4 242.2 240.3 238.3 234.9 232.4
447.2 447.5 445 442.3 438 435.6 430.5 427.2 425.7 422.5 419.8 421.6 424.2 426.2 431.6 441.3 448.8 450 448.3 443.3 437.1 430.9 425.2 419.9 415.6 412.9 407.1 400.3 397.3 394.7 390.1 383.3 379.3 372.8 364.5 358 348.6 337 328.7 324.2 317.3 309.9 303.5 298.4 294.1 289.6 284 279 266.9 239.5 234.4 253.5 273.8 295.5 314.2 320.8 323.5 322.9 318.3 312.6 304.4 299 291.1 283 275.5 269 262.9 258.9 255.3 252.9 251 252.7 252 249.9 247.3 243.2 241 237.5
462.5 463.4 457.9 453.6 448.4 444.2 440.2 433.5 427.6 424.8 419.8 414.8 418.1 420.5 425.2 435.3 441.8 443.9 442.4 436.9 429.8 422.6 415.7 408.4 405.8 404 399.9 394.8 390.5 388.8 386 381 375.4 370.1 363.7 357.7 351 340.6 332 326.7 319.7 312.3 306.3 300.9 295.6 290.9 284.7 273.9 253 235.6 238.2 261.3 271 291.5 306.6 317.6 323.9 324.9 323.8 320.1 313.3 305.5 299.1 293.6 287.1 280.3 272.2 269.6 265.1 262.8 261.7 262.1 259.8 258.4 256.1 253.5 248.9 244
474 474.4 469.5 462.6 458 451.9 446 439.2 429.5 422.1 418.8 413.4 410.6 413.1 420.1 430.4 435.3 435.8 432.3 426.9 421.5 414.9 407.9 402.1 398.2 397.1 394.9 389.4 384.3 381.9 379.6 374.8 368.9 362.4 357.7 352.7 347.4 340 331.7 324.5 318.5 312 307 301.1 295.1 290.2 280.5 263.8 238.1 243.8 241.6 262 276.2 290.6 304.8 317.5 322.3 325.6 327.8 326.1 320.2 313.6 307.7 300.5 297 290.9 284.7 280.5 275.7 271.7 272.1 270.7 268.3 266.9 265.5 262.9 260.1 256.3
482.3 481.8 475.7 468.6 462.8 457.2 450.9 441.2 434.1 424 413.5 411.7 402.2 408.3 415 423.2 427.1 426.7 424.8 418.4 412.4 405.4 399.6 395.5 393 390.5 388.8 384.3 378.3 372.8 369.9 366.5 361.2 354.9 348.2 343.5 340.4 333.3 328 322.2 317.5 311.9 305 299.8 293.4 285.6 273.8 252.6 239.8 264.6 255.6 257.2 274.1 294 304.8 317.8 323 326.4 326.6 326.1 324.3 318.5 313.4 307.8 302.7 298.1 294.9 290.2 285.3 281.6 279 278.2 277.3 274.7 273.1 270.6 267.5 264.7
484.3 485.2 481.3 470 462.4 457.6 450.7 443 436 427.4 416.8 407.9 402.1 396.5 407.8 415 417.9 417.6 416.2 411.5 405.6 399.2 392.9 388.7 386.1 383.6 382.1 378.4 373.1 367.2 360.5 355.2 351.4 346.9 340.7 335.2 330.4 327.5 322.6 318.4 313.1 307.3 300.5 296.3 289.7 280.4 258.6 242.4 257.2 274.9 268.2 253.4 266.9 288.8 304.9 316.7 322.7 325.7 326.7 325.1 324.7 323 316.4 310.1 307.9 305.5 300.7 296.5 294.4 290.9 289.1 287.6 286.2 282.5 279.3 277 273.7 270.2
480.1 476.9 473.8 468 460.3 455.9 448.8 441.8 435.7 428.7 420.5 407.8 398.4 384 399 406.2 409 409.6 408 404.1 397.1 390.8 385.9 383 381 378.3 375.4 374.2 368.4 362.9 356.5 347.7 341.5 336.5 331.9 327.7 323.7 320.9 317.4 313.1 310.4 303.8 298.4 292.8 288.3 275.6 254.2 244.5 272.1 283.3 277.4 260 265 278.9 299 312.4 321.3 324.9 325.6 323.6 324.3 323.6 324 321.4 317.6 313.1 306.7 303.8 301.2 297.5 295.8 294.3 292.8 289.6 286.6 282.4 278.8 275.7
471.9 469.4 464.9 462.6 455.5 449.2 441.5 437.1 432.7 427.3 419.6 407.3 395.8 385.5 388 395.8 398.8 399.5 398.4 395.3 388.7 383.1 378.6 377.9 378.3 377.2 377.2 373.9 366.5 359.7 349.5 343.5 336 330.7 326.4 323.1 320.1 317.6 314.9 309.6 306.1 300.2 294.5 290.6 285.2 266.9 248.7 259.4 284.7 292.9 285.9 275.2 260 272.9 293.2 306.8 317.5 322.3 325 326.6 328.6 330.9 329.8 327.2 323.6 319.2 315.1 310.9 306.3 303.2 301.1 299.2 297 295.7 292.9 291.3 286.3 280.1
450.9 452.3 452 451.5 447.9 440.8 433.8 428.7 425.8 421.3 412.3 404.8 394.4 383.9 365.2 379.9 384.6 386.8 386.3 382.2 377.6 371.8 368.9 370.5 375 378.3 383.4 380.5 372.3 362.1 353.5 347.2 337.3 327.8 322.8 318.5 317.1 315 312.8 307.3 303.3 298.4 293.4 285.2 281.3 263.4 247.2 274.7 292.9 296.6 295 288.4 273.8 270.5 290.2 303 314.1 322.8 326.8 330.5 334.3 334.7 334.3 331.8 328.4 323.9 318.8 314.4 311.3 307.7 304.5 301.6 298.7 297.7 295.3 293.3 291.3 284.1
432.6 436.3 439.9 441.8 439.2 432 424.6 417.8 414.4 411.8 409.8 403.1 394.8 384.1 374.6 356.3 362.2 367.6 371.1 369.9 363.3 358.9 357.3 360 367.2 376.4 385 383.8 376.6 367.7 359 351.1 341.4 332.1 323.1 317 305.6 310.4 306.8 303.9 300.2 296.2 290.9 284.9 273.8 259.7 254.3 283.5 295.1 296.7 296.2 293.3 281.9 274.1 289.6 302.9 313.9 322 327.5 331.2 335.7 337.1 336.9 335 331.4 326.6 321.5 316.8 311.7 308.7 306 303.8 301.3 298.2 295.8 294.1 290.3 288.7
421.8 424.9 429.5 432.3 431 425.3 417.1 408.6 404.4 402 402.9 401.4 392.7 384.5 375 362.2 350.3 351.7 351.5 355.2 349.8 347.7 350.2 351.4 361.4 372.5 382.9 384.1 377.1 369.3 361.4 354 346 335.1 325.8 316.4 310.1 302.4 298.8 294.5 293.3 291.8 287.1 276.2 260.6 250.7 271 290.4 296.3 297 296.3 294.4 282.6 286.4 292.9 301.5 314.7 323.3 329.6 332.1 335.5 337.8 338.5 336.4 332.4 327 322.1 317.2 312.7 307.5 304.3 301.8 299.3 298.5 296.4 293.7 293.1 291.6
414.7 414.7 419.9 424 424.3 419.2 411.8 402.1 395.8 393.4 394.3 393.7 388.7 382.9 374.3 366.6 350.1 343.7 343.6 343.6 342.8 343.1 344 346.2 358.9 370.5 376.5 376.1 371.7 366.7 361.9 355.4 347.5 336 327.2 317.1 310 304.9 300.3 293.2 282.1 281.9 273.7 257.8 256.4 261.2 283.8 295.7 296.9 297 295.8 290.5 291.5 289.9 297.2 305.5 314.8 325 330.8 334.3 336.3 337 336.5 335.1 330.8 326.2 321.8 316.3 311.1 307.6 302.6 301.8 300.9 300.7 298.2 296.1 295 295.4
408.9 409.7 408.5 417.1 419.7 416.6 409.3 398 390.6 386.8 383.2 384.1 381.8 379.4 375.1 362 353.8 337.1 338.4 338.8 338.4 338.3 338.9 343.4 352.8 361.9 366.6 364.7 364.4 362.4 360.7 356.8 348 336.4 326.3 317.9 311.2 304.7 300.4 296.2 291.3 283.3 264.3 267 255.6 270.3 288.9 297.6 298.5 297.7 295.9 288.8 294.6 295.5 301.8 308.2 316.1 325.1 331.7 335.2 337.6 337.6 334.2 332.4 328.2 323.8 320.2 315.9 312.4 307.5 308.5 306.3 305.3 303.8 301.8 301 300 300.1
416.9 409.2 404.1 412 416.8 415.2 408.3 398 384.8 379.5 374 368.8 365.6 364.7 362.1 358.5 350.4 340.9 334.2 334.2 334.8 333.4 332.2 338 343.9 350.6 351.7 353.5 355.8 358.3 356.6 350.9 344 333.9 324.2 318.2 310.5 305.9 302.1 297.9 291 270.6 269.6 278.5 285.4 289.8 294.5 297.6 299 297.5 295.5 290.5 296.4 299.8 307.1 313 320.7 327.9 333.1 336.3 337.9 337.6 335.9 334.2 329.8 325.2 321.5 317.2 313.3 312.8 314.4 313 309.6 308 307.5 306.7 307.7 310.5
422.4 415.2 403.5 405.6 411.4 409.4 404.1 395.4 382.7 373.2 367.9 363.2 358.2 353.9 350.5 348 344.4 341.5 332.3 326.3 328.9 325.8 326.5 326.5 331.9 336 338.7 342.6 344.6 351.2 350.5 343.6 336.7 329.3 323.3 316.9 311.7 306 302.2 294.7 286 268.2 278.2 282.6 290.2 293.2 297.4 299.5 299.2 297.2 296 292.2 297.8 306.4 312 319.5 325.3 331.4 337.8 341 340.7 339.7 337.5 336.3 332.8 328.8 323.7 319.7 316.2 318 318.9 319.8 318.3 315.8 314.4 314.3 316.2 318.4
428.8 420.5 409.3 396.2 399 397.8 392.7 386.7 376.5 366.8 362.9 359.4 354.9 350.1 345.7 342.5 339 337.3 333.6 327.8 316.3 319.9 319.1 320.3 320.1 321 323.9 326.7 331.1 339.5 343.9 337.3 331.6 325.1 319.1 314.5 310.1 303.9 297.4 279.1 272.1 278.4 283.7 286.9 294 295.4 298.8 300.7 299.7 298.8 296.7 294 302.3 310.5 319.2 324.1 330.8 335.7 344 348.9 346.5 343.1 341.3 337.5 334.4 329.6 327.9 324.4 322.2 322.9 323.3 323.3 324.6 324 323.1 324.1 322.9 324.2
432.2 422.5 414 396.3 390.5 386.6 381.8 375.3 368.8 362.9 359 354.9 351.8 348.5 344 338.9 334.1 333 330.2 326.6 320 313.8 311.3 312.6 311.4 314.5 317.9 319.9 320.1 326.6 332.4 328 322.3 319.2 314.4 310.1 303.7 298.8 279.4 273 281.8 284.7 287.3 292.9 298.4 299 300.2 301.3 301.1 299.4 297.7 299.2 307.1 314.8 323.1 329.1 336.4 340.8 347.9 354.5 355 352.4 347.1 343.3 336.1 331.6 329.4 328.3 327.8 328 328.3 330.7 331.1 330.2 329.7 330 330.5 330.4
434.7 424.8 416.4 407.6 388.4 376.4 368.2 361.4 356 355.3 354 351.3 344.8 345.2 338.7 334.7 329.7 323.3 316.9 315.2 314 309.6 305.5 304.1 300.4 298.5 298.9 307.6 306.4 314.2 319.3 321 316.4 312.7 309.1 304.4 292.3 279 276.1 282.1 286.3 289.8 294.6 300.3 304.9 304.9 304.3 303.3 303.1 302.8 299.1 300.9 308.4 318.5 327.5 334.4 339.5 343.6 350.4 356.1 358 355.1 352.4 345.7 339.3 335 331.7 331 332.6 332.5 333.7 334.6 336.8 336.2 335.2 335.4 336.3 335.4
437.5 428.2 419.2 410.5 399.1 386 374.8 367.1 360.5 352.9 344 345.2 339.4 337.7 335.6 330.2 321.3 321.9 324.6 322.9 320.9 318.5 315.7 314.6 311.5 303.9 302.8 295.3 294.2 292.6 300.4 309.2 308.7 306.9 300.8 291.6 280.3 279 285.6 290.3 292.5 297 304.9 308.9 310.7 311.2 308.6 307 307.9 306.8 300.5 301.5 308.8 319.7 329.4 336.6 342.2 346.9 351.9 358.2 361 358.7 354.1 347.8 341.8 337.6 337 337.8 338.1 337.9 337.6 340.1 342.7 342.1 340.8 340.2 340.2 338.5
443.9 434 425 415.7 403 390.3 380.2 372.2 364.2 356 350.7 342 336.2 332.3 328.2 324.1 328.9 328.7 329.1 327 324.3 322.7 320.2 320.9 320.8 320.5 317.4 314 309.9 303.6 291.6 290.8 293.3 290.3 283.4 282.5 284.8 289.4 293.7 299.4 308.3 313.1 315.7 315.5 316.6 314.9 311.6 309.9 308.8 306.6 300.9 301.8 305.7 315.9 327.9 334.7 341.9 346.6 351.5 359.3 361.6 359.6 355.5 349.8 346.1 346.4 345.5 345.1 344 342.2 341.7 343.5 346.4 346.2 345.5 344.6 343.2 339.6
451.6 438 428.1 416.9 405.9 394.4 385 376.1 366.4 359.9 354.7 349.3 344.5 334.8 329.1 332.1 333.7 334.4 334.9 332.2 330 329.6 330.9 330.1 329.4 328.6 325.4 319.9 316.1 314.2 310.4 299.8 286.9 292.2 288.5 294 295.8 302.3 310.3 320.6 325.2 322.7 322.9 323.3 322 318.8 314.8 312.6 309 307.2 303.5 303.2 306.2 311.4 321 329 336.4 342.8 348.5 355.1 360 362.6 359.3 352.4 351.3 352.9 352.8 352.1 348.1 346.1 346.1 345.9 347.1 347.3 346.6 345.4 343.8 341
453.7 441.8 428.6 417.4 404.5 394.6 385.8 378.3 369.3 363.6 357.8 352.3 347.2 342.1 333.2 336.3 337.7 337.6 340.5 342.2 344.4 344.1 342.1 341.6 340.5 335.4 332 326.7 321.1 318.4 314.8 306.9 305 312.6 314.9 318.1 321.9 327.1 335.4 336.5 335.1 331.2 329.2 327.8 326.3 321.1 317 313.2 311.5 309.2 304.5 307.3 309 310.6 314.5 322.1 329.4 338.1 345.1 351.1 357.1 360.7 360.8 358.4 357.8 361.1 361.2 360.1 357.5 352.4 350.1 347.5 346.6 345.6 344.8 344 341.2 338.2
452.7 442 429 414.1 402 393.4 385.6 378.6 371.6 365.2 359.3 354.9 351 345.2 340.4 340.3 341.5 345.3 349.8 354.3 357.2 358.1 355.7 353.5 349.2 341.8 335.9 329 324.4 322.1 320.6 314.9 310.9 326.5 334.5 337.1 340.2 345 350.9 345.8 339.7 335.7 331.2 329.3 325.5 321 316.4 313 311.6 310.3 305.8 309.1 310.3 313.1 315 318.5 325.1 334.5 343.7 351 355.9 360.5 363.9 364.7 365.2 366.5 365.3 362.2 358.1 354.5 350.8 349.1 346.3 343.3 341.3 340 337.3 334.4
444.9 433.5 421.3 409.7 399.7 391.7 385.3 378.6 371.6 366.4 361.7 357.6 354 348.8 344.3 344.7 346.9 354.3 359 364.7 368.5 368.1 364.9 361.2 355.3 347.8 337.8 331.4 327.6 324.8 323.5 319.6 315.2 326 336.3 339.8 342.4 345.2 348.6 347.8 343.5 338.1 332.9 329.4 326.2 321 316.7 313.1 311.7 310.4 307.1 309 311.9 314.2 317 320 326 334.9 344.2 353.5 360.8 366.5 370.7 372.2 372.1 370.4 367.6 363 359.2 355.5 351.6 349.5 346.5 343.1 339.7 335.2 332.6 330.1
436 424.6 414.8 405.5 397.1 390.5 385.1 380.7 375.4 369.4 364.4 361.4 357.4 344.3 348.9 352.9 358.6 364 369 375.6 378.2 376.6 373.4 368.1 362.6 353.3 341.9 335.1 331.2 328.6 326.7 326.5 323.2 326.3 333.3 339.7 343.2 344.8 345.6 345.5 342.4 338.4 333.1 328.1 324.2 320.5 316.5 314.2 312.8 311 308.9 311 312.5 314.9 318.1 321.2 327.2 333.7 343.5 353.4 362 370 375.3 376.6 376 373.7 369 364.2 359.6 355.6 352 348.7 345.8 342.7 338.8 334.4 330 325.5
431.1 420 410.4 401.7 395.4 389.4 385.1 381.6 375.8 371.6 367.9 364.3 358.6 346.2 357.7 363.4 370 375 379.5 383.9 385.6 384.3 380.2 377 368.3 357.6 345.5 339.2 334.7 333.9 331.4 330.2 329.6 330 333.1 339.7 344.1 344.1 343.3 341.9 340.2 337 332.2 326 322.1 318.6 315.6 313.6 313.1 310.4 311.3 313.2 315.1 316.1 320.2 323.9 330.2 336.3 342.9 351.4 361.8 371 377 379.9 379.2 376.9 371 366.2 359.9 356 352.4 349.5 347.5 346.2 341.7 338.1 334.3 329.3
426.6 417.6 408.2 401.5 395.6 389.7 385.5 381.3 377.1 373.7 369.9 365.6 356.4 356.1 365.3 373.2 380.5 385.9 389 393.2 395.2 392.7 385.8 378.7 370.8 359.3 348.9 342.4 339.9 337.9 335.7 334.8 334.9 334.4 334.8 339.3 344.8 345.6 343.8 340.8 337.4 333.5 329 324.5 319.9 317.6 315.1 313.6 312 311.9 313.8 315.3 317.6 319.3 322.8 326.7 333 338.3 345.1 351.4 359.8 368.7 377.2 381.2 382.5 379.1 373.5 367.3 360.9 356.7 353.9 352.2 351.6 352.1 347 341.8 337.4 332.4
422.2 415.2 407.8 400.4 393.4 389.1 385 379.3 376.2 372.5 367.9 358.3 356.4 363.5 373.8 383.2 393.1 400.6 406.1 409.2 408 403.3 393.5 383.6 373.1 363.6 354.8 346.7 343.5 341 338.6 338.6 339.3 338.8 339 340.3 344.3 345 345.6 343.3 335 329.8 325.7 322.1 318.8 317 314.9 313.3 312.6 314.6 316.7 323.1 325.5 325.7 328.5 331 337.2 341.6 347.1 353.1 359.6 368.4 376.1 380.1 381.6 378.4 373.5 367.7 362 357.3 356.3 357 356.1 355 351.5 345.4 339.9 334
418.1 413.5 405.3 398.2 390.2 386.1 380.9 377.3 373.2 368.6 358.1 362.2 368.1 374.3 385 396.4 406.1 412.9 416.4 421.7 421.8 417.3 405.6 394.3 381 370.7 361.4 351.9 347.5 343.8 343.3 343 344.3 343.6 343.6 343.6 344.9 345.1 343.4 339.9 334.1 328.9 324.4 320.6 317.8 316 314.1 313.9 314.1 315.2 320 329.9 334.9 336.4 337.7 338.7 341.6 345.1 350.6 355.9 361.2 368.2 375.2 378.6 378.4 375.4 371.7 366.9 362.5 358.2 357.1 357.6 359 355.9 352.6 345.8 339.8 334.7
415.7 409.1 400.6 393.9 384.6 384.3 377.9 378.2 372.8 364.1 367.2 373.4 378.6 385.1 397.4 406.8 417.8 426.4 428.8 431.5 437.1 432.9 424.6 411 397.9 386 372.3 361.2 353.7 349.9 348.7 348.5 348.7 349 348.6 348.4 347.9 346.4 344.4 339.6 334.6 327.8 323.4 320.4 318.5 316.2 315.3 315.6 316 318.3 323.3 333.9 339.9 343 346 346.8 347.3 349.4 352.7 358.2 363.8 369.1 373.7 376.2 375 371.7 369 365.6 361.3 357.9 357.9 358.6 356.7 353.3 350.5 345.2 337.6 332.8
412.3 402.6 405.3 400.7 394.2 390.4 385.4 382.7 379.1 374.7 377.7 381.2 385.6 391.4 405.2 417.7 427.2 437.9 442.7 443.5 447.2 447 441.1 431.3 419.5 408.9 395.3 379 365.4 358.1 354.3 354.3 353.4 353.5 352.6 351.8 350.4 348.8 345.4 341.3 334.1 326.9 323.1 320.6 319.3 316.4 317.3 317.8 319 321.3 326.6 336.5 344.1 349.2 352.7 354.2 354.2 354.9 356.5 360.7 366.4 371.4 374.7 374.6 373.3 370.1 366.6 362.9 359.2 356.8 355.1 354.3 351.2 347.9 343.5 339.9 335.1 330.2
410.5 415.4 413.9 408 400.8 396.4 391.6 388.1 380.2 383.6 385 387.1 392.1 395.8 408.7 423 436 446.5 451 454.5 456.9 453.7 452.6 447 439.9 429.9 417.9 398.6 381.7 370.9 362.3 358.8 358.5 357.5 356.3 354.7 352.6 349.7 346.3 340.9 333.5 327.8 324 321.6 319.4 318 319.2 320.4 322 325 330 338.9 347.8 354.8 358.3 360 359.5 359.8 361.3 365 369.2 373.5 375.4 373 370.7 367.4 363.2 359.1 355.3 353.2 352 350 346 342.1 336.9 333.1 329.2 327.6
427.9 427.8 424.7 418.9 412 405.5 400.9 396 388.2 388.5 391.7 394.2 399.2 404.3 415.4 425.5 441.5 455.5 463.7 468.4 473 470.4 468 464.2 457.6 449.1 435.6 416.1 399.8 387 376.2 367.5 363.4 361 358.5 356.2 353.7 350 346.2 341.6 336 329.9 325.9 323.3 320.8 319.5 320.6 322.6 325.7 329 335.1 341.6 350.4 358.9 363.6 365.6 365 364.5 365.1 368.3 373.8 376.1 376.1 373.6 371.2 369.5 362 356.7 353 349.5 346.5 344.9 341.2 336.9 332.7 329.8 326.9 324.8
