Game/Highland_Data/StreamingAssets/GeoData/Data/nc/NC21.asc
ncols 200
nrows 200
xllcorner 220000
yllcorner 910000
cellsize 50
[rows 140 to 174 of 200, columns 78 to 155 of 200]
144.3 142.2 139.4 134.2 133.5 132.9 130.3 136.2 138 145.6 146.1 147.3 149.8 155.5 161.3 171.2 184.7 199.3 226.8 247.1 258.9 271.8 285.1 307.8 339.8 354.6 366.9 373 371.8 377.3 383.1 389.8 393.5 393.7 393 387.7 382.5 379.8 377.1 376.8 373 368.4 364.3 355.8 337.5 322.6 312.4 301.8 293.6 284.1 273.9 257.3 257.2 253 252.3 250.9 249.2 246.5 243.8 240.4 239.1 239.3 238.9 237.9 234.3 229.7 227.7 225.5 221.2 222 221.9 220.8 219.1 215.2 212.7 213.5 214.1 217.9
143 144 141.1 135 133.8 132.6 128.7 134.5 136.8 139.2 145.8 145.1 146.8 152.3 154 169.2 182.3 193.8 213.9 241.4 258 269.2 280.9 297 325.2 349.9 360 372.9 379 386.4 391.1 395 397.3 395.8 393.4 387.1 382.7 379.9 379.9 379.7 373.7 369.2 362.4 349.4 332.4 322.3 312.3 302 293.1 278 278.4 273.1 267.8 263.6 261.6 258.4 254.7 252 248.4 244.7 241.3 241.5 240.8 238.2 236.9 234.7 229.6 227.4 225.9 224.2 223.6 222.9 220.2 214.8 213.4 215.2 215.2 215.8
143.4 143.6 139.1 135.1 133.8 132.5 132.8 129.6 129.8 138.7 143.5 145.3 145.6 146.5 154.4 163.7 173.6 185 201.9 229.8 246.8 259.1 275.3 291.6 326.1 338.3 360 373.5 382.6 391.1 397 396.6 394.3 395.2 392.7 387.1 383.5 380.3 378.6 376.2 374.3 368.1 358.6 342.8 330.1 321.3 311.3 302.5 287.8 290.5 286 283.1 279.7 274.9 273.6 271.3 267.9 265.6 259.6 253.4 250.8 244.9 242.3 240.2 238.9 235.3 231.9 231.1 228.3 228.7 227.1 225.9 224 216.9 215 216 217 217.3
144.4 143.2 139 136.5 134.3 133.5 136 135.1 129.7 132.1 132.4 136.8 141.9 143.6 148.8 156 168.3 175.7 192.5 216.2 233.4 250.8 274.1 286.2 312 329.1 348.6 362 374.2 384.7 393.7 394.7 394.5 393.1 390.9 386 384.8 379.1 376.7 376.5 371.6 360.7 350.1 337.4 328.6 319.1 310.6 299.9 297.9 294.8 292.2 290 285.7 285.5 286.3 288.9 286.1 281.5 274.1 265.8 260.1 252.6 247.1 243.2 240.6 237.8 236.1 233.8 232.1 230 228.9 227.2 225.9 222 220.4 214.6 216.4 217.9
145.3 140.8 138.5 138.2 136.4 136.1 138.9 138.7 134.1 128.1 132.2 134.2 141.4 142.6 148 149.9 162 172.8 185.7 203.9 222.1 236.7 261.4 282.5 303.5 321.7 345.9 364.1 375.2 383.1 389 390.7 392.1 393 389.8 386.6 385.4 378.2 375 372.8 366.2 355.5 344.4 335.1 327.4 319.4 312.9 305.7 303.8 301.8 299.5 297.1 294.2 295.3 295.9 298.9 296.5 293.5 286.4 277.4 270.3 263.7 255.8 249.7 245.6 241.4 238.9 236.9 234.6 232 230.3 228.9 227.1 224.5 221.9 221.3 215.5 217
142.9 140.5 138.7 138 137.2 138.1 137 136 132 130 131 132.6 133.1 140.2 146.8 149.3 156.3 167.2 179.6 191.6 207.5 223.5 248.2 272.5 292.3 320.6 343.6 357.6 369 378.5 386.3 389.8 390.7 389.4 385.7 383 377.3 369.1 366.7 364.8 358.3 350.1 343.2 336.9 329.5 322.2 317.5 314.3 310.8 307.9 310.1 307.3 307.7 307.7 307.8 306.3 305.3 299.9 293.6 286.9 278.5 271.5 263.1 256.7 251.7 247.5 243.4 240.2 237.9 235.6 233.3 231 230.9 228.5 225.1 224.8 223.6 219.1
144.6 141.7 139 137.9 137.3 136.6 134.8 133.1 130.3 128.2 131.1 131.9 133.5 134.2 141.5 145.9 152.5 161.6 170.5 183.3 196.5 214 234.9 257.7 282.1 312.7 334.7 349.1 357.2 369.5 380.6 387.6 386.5 384.9 379.5 375.7 370.9 364.6 357.3 353.3 350 347.3 343.2 339 332.1 326.2 321.2 318.9 318.8 320.4 322.3 325.1 327.1 331.5 326.7 325.1 319.1 307.9 299.1 291.9 285.5 277.5 270 261.8 256 251.6 246.5 243.3 239.9 237.6 234.3 232.3 234.1 233 229.2 230.3 229 222.3
145.9 139.9 139.3 138.9 137.7 136.2 133.4 132 128.8 129.7 131.8 132.2 135.6 134.9 138.8 143.6 147.2 154.3 162.9 174.1 188.9 203.3 222 240.6 265.9 286.2 312.8 327.1 342.8 364.2 375.4 382 380.5 377.4 374.2 370.2 367.9 360.4 353.6 348.5 349.1 345.2 342.8 338.6 333.4 329.8 327.9 326.1 329.5 332.9 339.3 339.6 341.3 341.6 339.1 334.7 326.5 317 308.2 299 291.4 283.8 276.6 268.6 261.5 255.3 249.7 245.8 242.1 238.6 236 236.4 235.2 234.4 230.8 231.8 230.3 226.3
143.2 138.7 138.2 137.9 137 135 133.5 131.8 128 130.4 132.4 134.1 137.2 139.3 138.7 140.5 143.9 149.9 157.1 169.3 182 193.2 211.8 229.4 245.6 274.4 302.1 321 342.1 356.1 364.2 371.7 373.8 371.7 369.2 364.8 357.4 353.5 348 346.3 344.8 343 341.8 337.7 336.1 334.2 335.7 337 341.9 343.1 348.1 348 347.1 349.7 346.1 340 334.2 326.8 314.6 305 297 288.5 279.6 272.2 264.5 258.5 252.3 247.3 243 240.7 238 237.9 236 234.1 233.1 232.7 229.2 228.8
139.4 137.9 137 136.9 135.9 133.5 133 131.6 129.7 129.9 132.7 134.6 142.1 143.9 139.7 140.6 143 147.5 153.8 162.2 171.3 184.6 197.2 211.5 227.3 262.2 287.9 308.6 333.1 347.2 356.6 366.5 367.8 364.5 358.3 351.7 351.1 350.4 346.1 345.8 344.8 343.6 344.3 341.8 339.1 344.5 343.9 346.4 349.2 352.2 350.1 352.3 353.2 354.3 351.8 346.9 342.2 332.8 321.9 310.8 300.6 291.1 282.8 274.2 267.4 260.7 254.2 248.8 246 242.6 240 238.8 237.1 235.7 235.8 232.9 231.6 232
138.3 136.1 135.2 134.6 133.2 131.9 130.7 130.8 129.2 128.2 131.3 133.2 139.1 141.8 141.1 141.2 144.3 145 150.6 157.7 164.3 172 181.9 195 214.4 250.4 275.4 298.6 314.7 325.9 339.1 345.4 350.3 349.3 349.6 347.2 347.6 347.1 344.8 345 345.1 346.7 343.7 342.6 346.3 347.6 348.5 348.5 353 353.1 353.7 353.8 356.2 357.8 358.9 355.7 347.9 337.5 326 314.7 302.9 292.5 284.2 275.5 269.1 263 257.1 251.7 247.5 243.7 241.7 239.7 236.8 236.9 235.5 232.3 234.2 235
144.4 138.7 138.7 134.1 131.8 132.7 130.4 129.5 127.7 129.8 131.5 132.6 134.6 138 138.7 141.8 143.4 144.5 147.3 153.5 159.5 165 169.4 184.8 201.2 227.5 254.7 273.8 289.4 307.3 320.9 332.4 337.6 340.8 342.1 340.1 339.6 340 344.4 345.8 349.2 346.8 346.1 350.3 349.9 353 353.8 356.3 360.8 358.7 357.5 357.8 359.4 362.4 362.3 358.9 348.5 340.8 330.6 317.3 305.8 293.6 284.3 276.8 271.7 265.3 260.2 254.5 250.1 246 243.3 240.6 239.2 238.3 237 233.7 236.2 238.3
142.9 140.6 136.8 134.7 132.7 132.5 132.8 128.4 127 127.8 131.6 133.8 136.5 138.3 138 140.1 142.5 145.3 145.3 148.3 151.1 157.8 158.8 171.3 189.1 214.4 241.8 258.2 279.8 294.9 306.5 312.8 324.5 330.2 332.7 332.7 333.8 337.4 342 344.1 346 352.5 354.2 354.6 360.1 360.8 361.5 363.7 364.3 363.9 364 362 364.9 363.3 359.9 355.3 350 342.2 330.1 319.9 308.8 295.3 285.5 277.4 271.8 266.3 261.6 256.3 252.2 247.8 243.7 241.6 241.5 240 237.8 237.5 238.6 240.8
142.7 142.2 140.7 136.9 133 131.9 131.8 128.9 127.2 127.6 132.9 136.1 137.2 136.7 139.1 139.1 141.8 144.6 147.6 147.4 147.5 149.3 150.8 161.1 180.6 199.5 228.7 244.5 263.7 286.9 294 307.5 316.3 320.9 324.9 324.4 328.5 339.8 343.3 348.1 347.7 359.7 360.7 364.5 370.2 371.6 372.2 372.1 373.5 368.6 366.5 362.3 359.4 358 359.1 355.8 348.6 340.6 331.2 319.9 304.4 291.9 283 276.4 271.1 265.9 261.1 256.6 253.1 249 244.1 244.3 243.9 243.6 241.8 242.1 242.9 245.6
140.1 143.8 140.6 134.7 131.9 131.2 130.9 132.1 126.2 126.7 128.6 133.9 135.7 134.4 137.2 137.5 141 141.8 142 144.1 145.2 145.6 147.2 155.9 172.8 191.1 211.7 229 246.6 269.7 291.9 304.7 307.8 312.4 312.6 320.7 332.3 344.6 350 354.7 364.3 369.2 373.3 377.4 379.2 380.2 380.3 382.3 379.9 374.2 366.7 360 357.1 355.1 353.4 348.6 343 334.1 321.4 306.2 292.4 285 278.9 273.3 268.7 264.5 259.7 256 252.8 249.8 247.4 247.4 246.7 246.4 245.8 246.7 247.3 249
137.6 141.1 134.6 132 130.7 130.2 130.9 131.2 129.1 126.4 125.8 131.2 134.2 132.6 134.7 136.7 139.2 141.2 141.4 140.9 141.8 144.4 146.9 150.8 167.5 183.9 195.6 214.6 227.3 250.2 275 287.9 293.7 297.9 312.2 323.6 337.2 352 363 366.4 373 376.1 378.7 385.1 386.6 385.3 383.4 383.4 380.1 371.5 362.2 358.5 351.3 348 345.2 340.3 332.2 322 309.3 293.9 284.3 278.4 273.8 269.5 265.7 262.1 258.5 254.8 252.9 251.3 251.2 250.8 250.8 250.5 250.5 251.8 254.3 256.3
132.9 132.6 131.3 130.4 129.2 129.6 131.6 129.6 128.4 127.3 127.6 128.4 130.3 131.2 132.5 135 138.7 142.4 142.2 140.6 140 143 145.1 150.7 158.9 173.5 188 198.3 209.5 228.3 243.7 259.7 273.5 293.2 312.8 327 339.8 363 373.5 374.4 375.1 380.7 385.8 387.9 390.5 386.6 379.8 376.3 372.7 362.2 355 348.8 346.9 345.1 340.5 332.7 320.7 309.2 297.7 285.6 278.3 273.4 269.3 265.4 262.6 259.5 256.5 254.3 252.9 252.9 253 253.2 254 255.2 256 258.9 261.2 263.5
130.1 129.8 128.6 128.8 128.3 128.8 128.3 127.8 127.3 125.9 127.5 128.6 129.7 131.6 133.2 132.9 136.1 139.8 143.2 142.6 140.5 141.7 143.1 147 157 166.6 176.3 182.4 196.8 213.9 228.2 249.2 275.4 303.8 320.7 330.8 340.4 363.4 373.1 377 377.7 386.9 391.4 389.4 390.2 384.7 377.7 371 361.6 352.2 342.7 341.2 339.6 336.5 329.2 320.3 310.2 297.9 288.2 279.3 273.3 268.6 264.5 261.3 258.5 256 254.7 253.5 252.9 253 253.9 255.2 256.3 258.1 260.3 264.4 268.4 270.4
127.3 127.6 127.5 127.8 127.6 128 127.2 126 126.4 126.3 127 128 130.1 131.5 136.6 131.1 130.3 130.8 132.8 135.3 140.6 140.8 142.8 144.4 152.4 164.7 169.8 176.6 192.1 207.6 223.5 245.5 278.3 308.4 325.4 334.5 345.2 357 363.6 372.9 378.7 382.6 384.4 386 384.2 377.8 371.5 363.5 351.3 343.5 337.4 334 330.7 323.5 317.4 312.4 302.9 292 282.3 273.8 268.2 263.4 259.8 258.1 255.6 254.5 253.2 252 251.9 252.8 254.3 256.8 258.4 260.3 264.3 269.4 273.3 277
126.6 126.8 127.5 127.2 127.2 126.7 126.1 126.1 125.8 126.5 126.8 127.9 130 132.4 134.5 131 136.8 140.4 140.9 140.8 141.1 133.7 138.1 142.4 146.9 161.3 165.4 172.1 184.3 198.6 212 229 274.8 308.1 328.2 338.3 347.4 351.1 357.5 366.6 370.2 373.4 375 378.3 374.5 370.4 361.7 353.7 347.7 340.5 331.2 327.4 324.2 319.2 314.8 306.2 296.4 284.6 274.1 268.2 262 258.7 257.1 255.2 253.5 252.9 251.7 250.5 251 252.1 254.9 257.6 259.6 263.2 267.9 273.7 279.3 283.6
126 126 126.7 127 125.8 126.1 125.8 126.3 126.2 125.8 126.3 126.7 128.8 129.1 128.9 133 137.3 140.5 142.9 144.1 142.7 136.6 135.5 138.6 145.8 154.6 161 168.5 175.1 183.3 196.2 217.8 251.1 288.5 320.9 333.4 343.9 348.3 358.5 367.6 373.1 375.7 375.8 372.6 368.2 364.4 358.1 351.2 345.8 339.7 334.3 329.4 324.9 320.5 314.6 308.5 299.5 288.4 275.9 266 261.1 254.7 253.2 251.1 250.4 249.9 249.4 248.9 249.9 251 255.1 258.2 261.1 264.7 269.8 277.5 285.2 289.6
126.4 126.1 126.1 125.7 125.2 125.8 126.6 126.9 127 127.2 127 126.6 127 127.1 127.7 129.5 141.4 141.9 143.6 143.8 143.2 139.6 135.6 135.4 142 145.4 158.6 165.8 173.3 173.5 192.1 220 253 281.5 309 325 337.1 342.3 354.3 369.6 377.9 381.7 377.1 373.7 372.6 365.4 359.8 354.3 349.5 342.8 335 327.9 323 317.4 311.2 304.5 296.2 284.6 272.8 264.6 260.2 255 252 245.7 246.5 247 246.8 246 247.4 249.9 254.3 258.3 261.8 265.5 271.8 281.8 290 295.5
128.7 128 125.5 125.7 126.7 126.8 127.3 127.6 127.6 127.6 127.4 127.3 127.6 128 130.4 133.8 141.9 144 145.3 143.7 143.3 141.1 141.1 140 138.6 143.1 150.3 160.6 165.4 166.4 182.6 201.5 231.1 258.3 278.2 300.1 318.5 331.5 341.6 353.3 364.3 370.4 371.1 372.2 370.4 365.3 362.4 356.8 349.2 342.2 334.2 326.9 320.5 314.4 308.1 301.6 291.5 280.4 270.6 262.8 257.3 253.1 249.9 246.9 240.3 243.2 243.8 243.8 246.1 249.2 253.5 257.4 260.3 267.4 275.2 285.2 293.3 299.4
130.9 130.1 128.9 127.3 128 127.8 128 128.2 128.2 128.1 128.1 127.9 128.5 129.1 133.9 136.5 139.1 146.5 150.2 145 144.6 145.3 143.8 142.7 142.7 140.2 144.5 153.7 156.3 162.3 173 186.7 203.9 226.8 245.7 267.8 293.7 311.9 321.3 334.4 348.1 360.7 368.2 376 371.7 366 360.4 354.4 346.1 339.5 331.7 324.9 321 313.2 307.2 298.4 288.9 279.2 269.2 261.1 254.4 249.1 247.5 244.5 241.9 238.9 240.4 242.4 244.1 248.8 252.6 255.3 261.2 269.2 281.1 291.6 296.4 300.6
133.9 132.1 131.1 129.4 129.6 129.3 129 129 129 128.9 128.9 128.7 129.3 130.8 134.7 138.1 142.4 144.2 149.6 146.5 145.5 145.8 145.9 145.1 145.4 145.6 138.6 142.4 149.2 154.5 160.1 168.9 183.7 199 216.4 241.9 272.7 292.7 313.5 328.7 342.1 352.5 358.5 365.1 369 363.2 356.6 349.3 343.7 335.4 328.9 324.8 322.9 315.6 311.8 300.4 290.3 280.6 270.9 261.1 252.7 248.6 245.1 242.3 240.4 234.4 237.7 240.8 244 248.1 251 255.4 262.9 271.8 280.2 289.2 295.3 301.2
139.3 141.1 135.6 131.1 130.6 130.6 130.3 130.7 130.7 130.6 130.3 129.9 129.8 131.3 133.2 136.3 139.7 144.3 149.1 147.9 147.1 147 146.8 146.6 146 145.5 144.5 140.6 141.5 147.5 153.5 157.1 162.8 174.7 189.5 213.4 243.5 268.7 289.4 305.7 323.2 340.1 347.9 357.8 356.4 353.9 350.4 345.2 340.7 333.9 327.2 327.5 326.4 316.5 308.3 296 284.4 275.7 266.4 257.2 250.9 246.6 243.5 240.4 237 229.2 237.1 240 243 246 249.3 256 264 273.3 282.8 289.6 293.9 298.9
146.3 143.3 138.2 133.3 131.8 131.7 131.5 132.2 132.3 131.9 131.6 131.4 131 131.8 133.3 135.2 138.6 142.5 143.6 145.3 147.5 148.4 148.3 147.6 147.4 146.8 145.2 144.2 140 143.7 146.6 149.3 154.1 158.5 171.3 186.3 206.5 231.6 256.3 285.6 306.3 324.7 337 342.5 347 350.7 351.3 348.9 339.2 328.8 323.8 325.6 317 306.3 295.8 284.2 275.5 266.6 259.1 252.2 245.9 243 240.3 236.4 234.6 228.4 235.3 238.4 240.1 243.5 249.5 258.8 269.3 278.4 284.3 289.4 294.2 295.7
154.6 146.7 144.7 137.1 134.7 133.9 133.3 134.3 134.4 134.2 134 133.9 133 132.5 133.8 135.6 138.8 141.1 143.2 145.4 148 149.2 149.8 148.6 148.1 148 146.9 145.7 144.3 141.1 144 145.1 145.4 148.2 156.6 165.6 179.4 201.4 231.6 250.6 279.9 302.9 313.4 325.1 336.4 342.9 345.9 344.2 331.7 317.8 312.7 307 299.6 289.2 278.4 270.5 264.5 256.8 250 244.7 240.1 237.6 234.7 232.5 230.3 227 233 236.7 238.3 241.3 249.8 260 270.5 277.1 284.1 289.7 292.9 293.9
159.6 154.9 148.7 143.1 139.1 137 136.1 137.2 136.9 136.6 136.6 139.8 136.9 134.4 136.5 137.2 142.5 146.2 149.6 145.2 148.2 150.8 151.7 150.7 149 149.3 148 146.1 144.5 141.3 142.3 143.9 144.7 144.7 146.4 153.2 163.5 178 201.4 219.2 243.8 267.4 297.3 301.2 313.6 325.2 325.5 323.3 314.9 303.3 292.4 284.4 276.7 269 262.2 257.5 252.4 246.9 241.4 237.6 234.4 232.7 231.1 229.4 227.8 225.2 230.5 234.7 236.9 241.5 247.3 254 260.9 267.6 276.6 282 286.7 287
166.8 161.8 157.2 153.5 145.5 142.8 143 142.8 141.8 142 146.3 146.9 145.3 147.8 148.7 141.7 141.4 146.4 149.9 148.7 148.6 151.8 153.6 152.5 150.1 150.5 149.6 147 145.6 144 140.6 143.6 144.7 145.2 144.2 145.6 152.1 160.4 174.7 196.6 220.7 242.4 257.6 262.6 275.8 291.5 299 299.4 296.4 286.3 274.7 266.6 259.4 255.7 250.6 246.1 242.2 237.4 234.1 231.2 229.2 227.7 226 224.6 219.2 224.9 228.6 229.5 232.4 239.5 245.4 251.5 257.6 264.2 269.2 273.8 281.9 286.3
172.3 168.1 162.7 158.4 156.4 154.5 146.5 148.9 153.5 152.8 154.3 156.7 154.2 154.4 158.3 155.1 149.9 145.7 150.8 151.4 150.1 152.5 155.2 153.3 152.6 152.8 151.6 147.9 145.7 144.4 143.1 142 144.3 144.5 141.9 143.5 144.1 147.4 156.4 172.1 195.7 218.6 233.3 242.1 256.2 265.7 272.1 273.4 273 269 263.2 254 247.1 245.1 240 235.7 232.1 229.7 227.2 224.9 223.9 222.1 220.2 219.2 213.7 222.4 222.7 223.6 237.3 245.3 251.6 259.2 265.1 269.6 273.8 278.4 283.4 287.4
172.1 169.1 167.2 165.4 163.6 159.9 151.9 153.7 158.4 159.7 159.5 160.7 160.2 154.6 160.5 157.5 154.6 150.3 150.9 156.6 153.9 153.2 155.3 154.3 154.7 154.6 156.4 152.5 146.7 144.8 142.8 142.9 144.6 143.1 141.4 141.1 141.4 143.3 146.3 157.1 169.6 188.1 210.2 222.3 238 248.1 251.9 253.7 254.5 254.5 249.7 242.8 238.4 234.1 230.1 226.9 224.4 223.1 221.2 219.1 217.3 216 214.5 212.4 209.9 215.4 220.4 224.1 238.7 247.1 253 262 267.6 272.1 275.9 279.9 284 289.5
173.1 170.6 170 170.2 167.6 164.9 168.7 168.4 165.6 163.3 162.2 160.4 158.2 157.1 160.9 160.3 157.2 153.1 153.6 155.3 155.4 155.1 155.7 155.4 156.3 156 154.3 151.9 148.8 145.4 144.3 141.3 143.5 141.4 141.4 141.4 141.4 141.4 141.8 145.5 150.5 160.2 178.8 203 219 228.7 234.8 239.2 238.4 236.8 233.8 230.8 228 224.2 223.3 220.9 217.8 215.6 214.3 213.1 212.2 210.6 210.6 208.4 209 212.7 216.9 222.5 236.5 247.4 255.2 266.8 271.4 276.1 278.7 281.1 285.5 290.7
176.7 173.7 172.6 171.7 169.8 170.8 175.5 177 173.2 171.5 169 162.3 159.6 157.9 160 160.9 160.1 158.2 156.7 160.5 157.7 156.3 156.6 157 157.1 156.6 155 152.7 152.5 146.5 144.8 141.5 143.5 143.2 141.4 141.4 141.4 141.4 141.4 141.4 141.7 147.1 160.8 182.3 198.5 210.4 218 224.2 223.9 221.4 220.6 218.9 215.9 216 216 213.7 211.3 208.9 208.3 207.5 206.3 205 204.8 203.6 192.7 207.6 213.8 224.8 237 250.8 256.5 262.1 266.4 277.9 286 293.9 295.4 296.5
183.3 181.7 179.1 175.1 175 177.5 179.8 183.4 182.7 180.4 177.5 172 162.5 160.7 162.3 163 164.2 162.9 162.2 160 159.4 158.6 158.1 158.1 158 157.6 156.8 155.6 159 149.3 145.9 143.4 143.3 144.7 142.8 141.4 141.4 141.4 141.4 141.4 141.4 143.2 148.2 163 182.2 193.5 201.3 203.6 206.5 207.5 207.2 205 203.6 204.7 205.6 205 203.4 202.3 200.4 198.7 198.1 198.9 199.3 196.8 194.4 204.3 215 223.6 234.8 250.7 258.2 263 271.6 280.9 287.6 297.6 298.9 296.5
