Game/Highland_Data/StreamingAssets/GeoData/Data/nc/NC32.asc
ncols 200
nrows 200
xllcorner 230000
yllcorner 920000
cellsize 50
[rows 0 to 34 of 200, columns 79 to 157 of 200]
425.9 426.7 440.5 452.3 458.6 473 482.2 491.4 503.4 515.4 529.6 541.6 560.3 587.1 608.8 624.8 634.1 618.6 599.6 567.6 532.8 517 496.7 467.4 457 439.8 416.9 404.7 399.4 398.2 394.8 392.3 392.3 387.2 387.2 387.2 387.2 387.2 387.2 389.9 391.7 386.9 392.8 385 369.6 350.6 340.9 338.4 334.7 335.8 340.6 342.5 334 326.5 322.5 320.8 316.9 320.6 321.8 324.1 327.1 332.6 338.5 343.4 350.1 360.6 372.9 383.3 391 400.5 408.1 417.2 421.5 426 429.3 433.6 436.9 440.4 438.8
426.3 435.7 455.2 459.5 461.5 473.3 490.8 496.8 512.3 525.9 540.8 552.8 575.4 603.5 625.4 640.2 642.9 616.2 579.4 544.8 520.1 505.6 475.3 463.4 455.6 445.1 423.5 408.7 402.4 404.5 402.3 393.7 388.4 387.2 387.2 387.2 387.2 387.2 390.3 388 388.1 392.6 397.8 395.2 370.7 351.6 342.2 339.3 337 337.7 341.8 344.5 333.6 328.6 324.6 319.6 315 320 319.5 324.9 333.1 333.3 337.1 343.7 353.7 365.7 377.4 391.1 396.9 407.6 413.2 419.2 424.1 427.7 429.8 433.3 438.3 438.3 439.4
434.3 445.4 460.9 470 467.8 485 495.2 507.1 523.7 539.9 553.4 574.4 599.3 619.6 633.6 643.7 632.5 588.8 555.7 520 498.6 491.6 471.9 466 458.6 451.6 432.1 411.1 408.1 410.8 411 404.1 388.6 387.2 390.2 390.8 387.2 391.5 394.5 388 390.1 392.8 397.9 398.3 384.9 360 345.6 344.1 338.1 344.4 347.6 347.4 338.5 327.6 323.9 314.9 313.9 318.3 320.1 328.1 331.5 334.9 336.6 344.7 356.8 364.9 380.9 396.3 403.5 411.7 416.6 420.8 424 426 429.8 434.6 437.4 438.1 441
440 458.1 466.1 474.5 472.6 490.8 504.3 522.1 533.9 553.1 571.9 596.6 616.4 629.4 643.3 644.6 618.4 567.1 535.9 505.8 486.5 483 471.5 465.2 461.2 453.2 443.1 429.3 422.3 422.1 424 411.3 403 392.9 390.4 399.9 393 396.3 395.9 391.5 389.3 395 400.2 396 391 369 350.3 346.3 339.1 349.3 349.7 349.6 344.2 335.1 326.1 315.1 308.5 311.5 316.8 325.5 333.3 335.5 338.2 347.4 357.6 367 381.5 392.9 402.5 409.6 415.1 422.6 423.9 427.2 429.4 436.2 439.9 441.1 445.2
444.4 459 470.3 480.1 486.4 503.5 527.4 537.1 548.9 572.3 594.5 616.4 628.6 640.8 647.1 631.3 592.1 546.4 515.6 494.8 477.7 471.7 469.3 468 465.7 461.3 457 447.9 441.5 440 437.4 429.6 419.1 401.7 405.8 401.9 401 401.6 394.8 391.4 388.9 395.7 396.2 396.1 391.5 372.5 357.3 347.1 347.6 352.2 354.7 353.2 346.5 337 331.4 318.5 301.2 304.9 310.9 319.6 335.5 341.6 340.7 344.1 353.1 365.8 386.3 389.8 393 401.9 409.4 415.8 419.2 424.8 432.2 437.3 443.2 444.4 446.2
446.6 461.7 473.8 477.8 499.2 518.4 539.1 551.9 565.9 590.9 613 629.2 640.1 648 642.9 606.3 566.3 522.9 498 483.2 470 467.8 467.8 469.9 469.3 469.2 464.2 461.2 451.3 449.2 452.2 455.4 442.5 418.6 414.7 416.8 408 407.6 393.7 390.2 393.8 397.5 394.9 399 387.2 378.8 357.8 351.7 354.8 353.9 358.7 357.7 349.6 341.3 334.4 317.5 297.1 292.3 298.1 309.9 332.4 344.3 344.5 341.5 342 354.3 378.6 377.2 379.9 389.4 398.9 405.9 410.6 419.2 430.5 439.7 442.7 445.6 447.5
446.1 465.4 478.1 494.1 515.9 538.4 556.1 569.4 586.3 606.3 627.6 644.2 650.2 649.8 614.5 582.1 546 508.8 485.4 467.8 467.8 467.8 467.8 467.8 471.7 475.3 470.4 469.8 464.3 460.9 467.8 473.8 460.9 441.6 435.6 434.9 428.3 412.3 400.4 399.8 401.9 400.6 394.5 395.6 388.6 378.2 361 363.3 361.6 361.8 364.5 360.8 354.2 344.9 333.2 315.1 289.6 282 285.3 293.1 312.8 334.5 344.2 339.4 325.7 336.9 353.2 360.2 363.2 372.5 384.6 395.1 402 411 425.4 436 440 444.9 449.1
453 467 491.9 509.1 530.6 558.1 572.5 590.7 607.5 622.7 645.2 662.1 665.8 646.5 597.1 557.9 527.9 501.1 479.8 467.8 467.8 467.8 467.8 467.8 469.5 475.4 474.3 478.5 475.9 473.9 479.2 484.9 488.9 460.1 451.2 446.6 439.2 424.9 410.7 403.5 406.7 413.1 407 398.7 386.5 385.3 374 374.9 372.7 368.4 370.6 367.9 356.1 345.2 334 314.5 284.8 271.6 270.6 274.9 284.4 302 315.3 304.8 308.3 317.4 330.4 345.4 348.6 354.3 366.6 376.9 388.4 402.3 416.6 427.5 439.2 445.8 449.8
453.8 482.9 499.6 522 554.8 573.7 593.1 612.7 628.1 641.3 661.3 672.2 669 626.6 580.6 538.6 510.2 489 469 467.8 467.8 467.8 467.8 467.8 470.7 475.1 479.8 482.7 482.2 481.3 481.6 488.4 492.9 483.2 470.2 457 449.2 435.8 424.6 412.3 414.8 417.8 420.2 412.5 394.6 384 385.5 384.6 383.2 376.5 380.7 371.5 360.4 349.4 337.1 311 282.2 268.6 261.4 262.1 267.3 272 276.2 282.5 289.5 304.5 314.1 320.6 333 337.9 348.2 361.3 374.6 389.1 404.6 416.7 431.1 445.4 450.2
464.8 490.2 515.2 551.4 579 593.1 616.2 634.1 651.4 659.7 671.3 679.3 660.4 611.4 566.4 525.8 501.1 479.8 467.8 467.8 467.8 467.8 467.8 467.9 470.5 476.7 481.8 483.8 485.2 485.6 486.7 491.6 495.4 491.1 481.8 467.1 457.9 447.2 434.6 420 426 425.9 430 418.8 401.7 388.5 392 390.6 390.4 389.6 388 377.6 362.7 357.4 342 311.6 280.8 263.7 256.1 253.6 254.3 255.4 263.1 265.9 271 281.5 294.2 304.6 310.5 319.5 329.6 344.5 361.2 378.5 394.4 407.5 418 431.9 443.8
488.3 507.4 546 568.4 594.8 612.9 631.8 652.8 670 678 688.3 679.2 642.2 598.8 553.4 510 486.5 468.5 467.8 467.8 467.8 469.4 471.4 472.7 474.5 478 482.1 485.8 486.6 488.4 489.5 494.6 497.7 493.7 485.4 475.1 465.1 453.1 443.8 431.7 436.4 436.1 429.3 423.1 407.5 393.1 395.8 397 398.6 398.4 395.6 382.5 368.3 363.1 347.4 317.1 280 260.5 251.5 244 244 244.5 247 252.5 263.7 268.4 278.3 284.5 291.1 299.8 311.3 327.9 341.8 361.5 377.4 395.3 406.8 420.6 431.6
504.7 531.6 559.3 588 608.4 623.4 646.3 671.5 684.2 696.7 709 681.8 633.3 587.6 540 497.8 479.2 467.8 467.8 467.8 468.1 472.7 477 478.1 478.4 478.9 484.9 488.6 489.8 490.8 491.5 496.8 498.8 495.2 489 482.2 471.4 460.2 451.6 448.4 447.5 441.3 436.3 426.3 415.7 413 411 404.2 407.7 407.9 396.4 383.7 373.5 368 357.1 312.5 278.6 256 248.7 241.3 235.5 235.5 235.7 240.2 244.5 253.1 261.4 266.7 272.5 278.5 291.3 308.2 323.4 338.4 354.4 373.7 393.2 407.1 422.4
531.9 559.9 577.7 602.5 618.2 634.3 660.4 683.4 700.7 715.2 715.9 681.8 623.4 578.9 527.2 495.8 482 469.8 467.8 467.4 471 473.6 477.9 481.5 483.7 486.4 488.2 489 489.8 490.6 491.9 496.3 499.1 496.7 491.8 484.9 477 468.1 460.2 460.5 454.9 450.2 440.3 432.5 425.1 425.1 423.6 414.5 414.3 414.8 402.6 387.7 380.3 380 362.7 322.7 281.6 252.1 244 239 232.6 228.7 226.6 228.7 229.4 233.1 239.8 249.2 257.3 262.3 270.9 283.9 301.8 318.7 330.5 348 370.9 391 404.1
547.3 578.1 593.9 615.7 630.6 646.1 671.3 697.5 718.7 730.7 721 660.8 612.5 568 536.8 496.3 481.3 472.9 470.3 468.7 469.3 472 473.6 476.2 478.5 482.3 486.2 489.7 491.4 492.2 493.8 495.5 497.6 497.6 494.4 488.1 480.1 472.3 466.1 465.9 463.7 458.2 450.1 442.3 440.1 440.7 440.2 431.2 425.6 414.3 408.4 396.4 384.2 384 370.6 327.2 275.6 249.2 239.1 233.7 227.8 221.6 221.3 218.7 216.7 217.5 221.5 230.6 237.4 243.6 256.5 266.3 276.8 293.7 306.5 318.2 344.2 361.1 378.7
566.2 592.4 608.6 627 642 661.1 685.1 715 727 742.2 730 662.2 619.8 567.1 528.2 499.2 479.5 470.9 468.7 468.7 468.7 470.2 471.1 473.5 473.5 475.7 482.2 488.8 491.7 492.3 494.5 495.1 497.1 497.2 494.7 487.9 480.6 475.8 470.8 470.1 470.8 467.1 460.2 453 449.3 452.7 451.6 444.2 436.6 417.2 398.6 392.3 384.4 380.3 370.2 322.5 271.2 242.1 235.5 229.7 224 219.4 216.3 213.2 208.5 205.6 204 212.7 221 228 240.6 248.4 258.7 271.9 283.3 293.9 307.6 332.5 352.5
583.8 598.5 615.7 631.9 648.2 670.4 690.3 718.6 730.8 744.3 741.1 689.8 619.2 574 534.7 504.9 476.7 468.7 468.7 468.7 468.7 468.7 470.8 471.9 472.7 474.1 479.1 485.2 487.4 488.8 493.2 496.3 496.2 494.8 492.2 486.7 482.2 477.3 476.1 476.1 476 474.8 467.3 463.1 459 463.1 461.4 452.5 438 425.7 403.3 381.1 377 374.1 363.9 318.4 271.9 242.9 232.9 226.6 217.4 212.5 211.3 206.3 203 199.5 193.9 196.3 204.8 213.9 223.1 233.5 239.8 248.1 260.3 271.5 287.8 310.2 329.3
590.2 604.6 621.1 635.6 652.8 675.2 693.9 713 726.9 737.4 740 703.2 649.4 595.3 542 514.3 482.4 468.7 468.7 468.7 468.7 468.9 470.7 471.2 474 475.5 478.8 481.6 484.2 484.9 492.4 495.9 494.7 490.8 486.9 486 483.6 477.8 477.1 483.5 481.4 480.4 472.3 471 473.4 476.2 472 458.8 442.3 429.9 408.7 382.8 363.1 352.4 339.8 320.9 283 250.7 231.2 221.5 214.8 210.2 205.3 199.4 194.8 189.9 186.7 184.1 189.2 197.4 206.5 216.2 224.5 233.6 240.1 250.9 264.3 285.5 293.3
592.7 606.9 622 637 656.7 673.3 691.6 704.2 716.1 727.8 733.3 714.7 673.2 604.1 555.8 527 489.8 475.7 468.7 468.7 469.2 470.6 471.8 473.5 475.3 476 477.4 481.9 482.3 484.8 491.9 493.2 493.5 488.2 483.8 483.4 483.5 478.2 477 483.3 486 482.3 475.2 478.7 482.6 487.4 482 467.4 448.9 436.8 416.2 397 369.9 343.5 321 311.2 291.4 261 237.5 222.6 215 212.6 205.9 200.4 190.9 182.4 176.9 173.7 179.4 185.7 193.4 198.8 206.2 219.3 224.5 229.9 241.3 257.8 266.9
590.3 605.2 620 634.5 654.6 670.1 684 694.5 706 718.3 728.5 720.8 680 616.1 578.2 547.9 515.2 483.4 474 471.4 473.4 476 475.4 475.2 475.7 476.6 478.3 478.8 480.9 482.4 486.1 491 487.6 483 478.8 478.3 479.4 476.1 477 480.7 487.4 485.7 481.2 482 485.6 493 492.2 478.8 464.5 448.3 426 401.2 365.4 343 323.7 294.3 282.2 259.4 239.2 222.3 215.8 210.8 207.3 201.5 194.1 180.6 169.1 165.4 172.7 173.9 177.7 189.2 195.8 204.7 209.9 217 225.1 238 243.6
584.4 598.3 614.3 628.7 646.4 662.4 673.7 684.7 698 709.4 719.1 717.5 678 632.4 596.5 567.5 527.7 496.3 485.5 478.9 477.4 477.4 477.2 481.3 481.7 479.1 482.8 479.9 483.1 483.1 486.9 487.5 480.5 475.3 473.4 474.5 475.1 474.8 476.8 478.3 482.7 482.6 482.4 484.5 487.5 494.2 496.1 484.8 475.9 465.2 434.7 376.6 344.8 330.5 314.3 292.5 274.8 262 242.4 228.8 217.5 209.6 207.5 205.1 196.1 183.2 168.4 162.3 162 164.3 169.2 175.8 183.6 187.9 200.1 202.2 209.4 224 226.4
577 589.6 606.9 620.1 637.5 652.3 663.6 673.7 686.4 698.6 707.2 712.4 678.2 640.9 608.7 577.5 544.2 519.1 510.8 497.7 487.5 487.2 485 488.9 486.8 484.8 483.8 481.1 482.9 486.6 488.5 485.4 474.6 468.1 466.6 469.6 471.2 472.3 474.7 474 473 475.1 480.8 483.5 485.2 489.2 491 486.8 481.9 468.4 436.2 374.2 344.1 321.9 310.5 294.8 282.1 268.1 250.7 241.6 229.5 215.6 212.9 207 199.8 187.3 173 160.7 151.2 158.1 161.7 165.7 172.6 180.2 185.4 191.9 197 208.2 211.1
570.3 581.5 596.3 610.4 623.5 639 651.2 662.8 675 686.1 696.5 703.9 683.7 646.9 613.8 589.8 568.4 538.3 527.4 510.8 502.2 498.1 495.4 496.9 495.5 489.1 489.9 484.8 485.8 491.2 492.7 478.3 467.5 460 460.2 462.9 467.2 467.8 466.9 466.3 465 466.1 472.3 477.7 478.2 481.8 481.3 481.1 481.5 468.9 450 398.8 350.1 323 305.9 298.4 288.8 270.9 266.6 254.2 237.9 230.7 219.7 216.7 204.5 192.8 175.4 163 151.1 150.6 155.3 156.9 163.1 168.2 177 184.3 185.4 195.9 202
562.1 571.5 582.8 597.8 610.9 624.4 639.5 651.9 663.8 676.3 686 695.1 697.1 659.6 626.4 604.7 579.4 552.4 539.5 526.8 516.2 508 505.9 503.1 502.1 499.2 489.8 488.3 488.9 494.6 497.2 477.8 461.6 455.6 455.4 459.7 462.1 463 459 455.1 453.6 457.1 464.1 468.5 470.2 472.2 469.6 471.4 477.5 470.2 455.4 416.4 374.6 328.7 307.3 297.4 293.3 276.3 260.5 262.4 245.1 244.2 233.2 227.6 211.4 196.6 178.6 164.9 152 141.6 145.6 151.9 155.5 160.8 168.8 176.9 181.8 188.4 190
554.7 560.7 569.5 580.1 594.1 608.8 622.4 635.9 647.7 662.1 677.9 685.8 686.5 670.8 642 612.9 582.3 562.3 551.2 533.3 525.1 517 516 512.7 506.8 500.8 492.3 489.3 491.8 498.5 499 477.5 454.8 448.5 450.4 454.4 457.9 456.8 453.1 445.8 444.7 448.7 453.7 457.7 458.2 458.1 459 462.5 469.5 469.3 456.3 432.6 389.6 339.6 309.8 304.3 296.1 281.4 268 248.8 248.6 245.4 239.8 236.2 227 201.5 181.1 164.6 150.9 141.3 141.1 145.5 146.5 152.2 159 165.8 170.8 178.1 179.1
548.8 554.1 558.3 562.3 572.8 588 602.5 617.4 629.5 641.2 656.2 668.6 676.9 673.9 640.2 606.5 578.5 565.4 551.2 539.6 529.8 523 522.6 518.6 513.6 502.8 492.3 489.9 494.5 500.5 497.1 472.7 448.5 445.6 447.8 449.6 451.8 450.4 445.6 435.9 437.6 440.9 445.2 449.6 448.2 449.3 450.4 455.7 462.3 464.4 458.4 444.8 408.9 352.6 323 307.2 296.1 282.4 269.9 254.2 251.1 247.7 245.5 237.3 228.8 220.4 186.5 162.1 148.7 139.4 136.1 139.3 143.5 147.1 151.8 156.4 161.3 167.5 172.6
546.7 548.1 553.5 553.3 557.6 563.5 575.3 592.4 606.8 619.9 632.6 645.9 656.5 657.7 627.5 594.5 571.4 560.1 547.6 535.4 528.3 523.3 522.4 520.5 511.1 504.7 491.3 492 496.5 500.7 499.7 470.1 447.4 441.1 443.6 445.9 444.1 443 440.4 431.3 433.3 435.6 436.6 438.2 442.2 442 445.3 450.2 455 458 452.7 449.1 431.4 380.9 339.4 317.2 304.2 291.9 285.3 269.4 259.9 254.5 253.2 249.6 228.1 209.1 180.2 154.6 143.8 136.1 131.4 133.4 136.8 139.5 143.4 152 157.4 160.4 164.7
543.8 544.5 548.5 546.6 546.9 548.6 557.3 570.8 579 591.6 605 618 630.2 626.7 600.1 575.1 556.8 543.1 531 526 524.7 520.8 519.4 512.9 500.9 492 491.5 493.1 497.1 500 498.1 471.8 445.4 439.3 441 441.4 439.6 432.6 433 431.4 428.5 432.6 433.6 432.4 432.2 435 439.8 442.4 447.5 449.3 451.1 450.6 439.4 400.1 361.1 338.8 319.4 302.1 290.9 285.1 269.8 265.3 263.5 266 244 202 171.5 148.6 135.4 131.8 130.2 127.9 131.3 133.3 141.4 147.6 150.2 150.6 158.2
540.2 540.7 539.2 537.1 542.1 539.3 541.1 545.5 551.4 558.9 570.4 583.4 596.4 591.6 574.1 553.8 534.5 521.9 514.8 514.4 516 515.7 513.8 509.6 493.6 494.2 496.7 494.5 493.8 493.8 488.8 472.3 445 438.6 438.6 436.7 431.7 423.6 428 427.6 425.4 424.9 427.6 427.9 429.2 432.5 434.8 442 448.9 451.3 453.7 448.2 441.1 421.3 383.8 365.1 345.1 328.3 304.8 293.4 284.1 280.4 279 271.7 251.7 193.3 166.8 144.5 133.3 129.8 128.8 127.2 127.1 131 137.8 141.2 140 143.6 151.7
540.1 538.9 536.4 533.4 529.9 533.3 532.8 532.9 536.7 538.2 542.2 549.7 560.2 555.9 549.5 520.9 503.5 502.4 500.2 503 510.1 507.4 509.5 506.2 491.2 495.8 499.6 496.9 494.8 484.9 480.6 468 448.4 439.2 437.1 433.7 425 416.5 423.9 427.9 425.9 422.8 424.8 425.6 426.7 428.7 436.1 442.6 452.7 458.1 457.6 451.1 438.5 420 405.3 384.3 367.6 350.8 330.5 309 299.5 290.2 269.3 260.3 214.6 173.6 152.8 138.4 131 128.3 127 125.4 126.1 126.8 130.1 135 134.1 139.3 146.4
542 539.9 535.3 529.9 520.3 517.3 513.2 516.6 524.5 526.8 526.2 526 516.3 506.1 500.3 479.1 469.9 473.8 484.3 497.6 499.8 505.5 505.3 499.5 499 500.4 498.6 497.5 494 482.1 464 462.5 446 436 435.2 427.8 416.9 413.6 418.9 424 424.3 421.7 424 426.7 428.9 435.2 440.6 447.3 454.4 458.6 458.1 452.8 436.8 419.1 404.4 393.5 389.3 379.2 362.7 338.3 323.5 304.1 275 242.7 214.5 173.4 145 134.7 130.9 127.5 124.9 123.9 125 125.6 126.1 130.6 133.1 134.4 141.6
543.5 535.7 528 527.1 516.6 509 502.9 499.4 501.5 507.3 508.7 509.9 494.8 476.4 477 464.3 463 467.1 477.5 488.4 497.3 502.2 500.6 502.2 504.1 503.7 502.4 500.1 495 478.8 458 447.4 439.8 431.5 428.4 423.7 411 411.7 414.2 419.3 420.7 420.4 424.4 426.7 430.8 436.3 444.8 452.4 455.6 455.6 453.8 447.9 433.4 416.4 409.7 401 402.5 394.1 380.2 344.9 336.6 322.4 294.3 258.3 207.1 174.8 152.8 132.3 128.7 127.1 125.9 123.3 123.7 122.5 124.6 126.8 126.7 134.5 137.7
541.8 533.8 526.6 522.9 515 501.9 491.4 483.6 482.9 481.4 481.8 475.7 467.3 459.9 452.1 456.3 457.6 462.3 472.5 485.7 495.4 501.7 501.5 504.9 506.2 508.8 504.5 502.8 496.5 477.6 461.2 442.6 432.6 428.5 421.6 417.7 410.1 410.5 411.2 414.6 417.7 419 421.9 426.7 431.8 437.3 447.1 452.8 457.2 452.9 448.9 443.4 429.6 417.5 416.7 415.2 413.4 394.6 383.9 360.9 349.2 333.6 328.1 281.4 210.7 181.1 161.7 133.3 129.9 127.4 124.9 123.3 122.6 123.5 123.1 124.1 123.5 128.4 135.2
543.6 533.8 527.6 517 504.9 500 481.2 475.7 468.8 463.7 461 457.4 449.8 449.3 449.3 451.6 457.7 463.8 472 481.7 493 496.4 502.2 506.5 507.3 512.4 507 503.8 498.1 482.2 464.5 443.5 431.7 427.9 418.7 412.1 410.3 408.7 407.8 410.5 414.7 420.5 420.4 426.1 431.3 437.7 447.5 451.8 452.5 450.1 445.8 440.2 433.4 424.4 429.3 426.9 420.6 395.3 380.3 368.5 352 338.9 333.2 295.2 229.6 187.5 156.7 138.6 135 129.6 127 125.7 125.9 124.7 122.5 122 123.3 126.3 131.7
542.6 536.7 527 515.9 504.6 490.6 472.9 466 461.9 456 455.4 451 449.3 449.3 449.3 449.9 458 465.3 472.4 479.4 489.5 494.7 500.7 503.9 505.1 508 505.8 503.6 499.6 484.2 469.8 439.9 433.3 429.1 417.9 412.1 411.4 406 405.9 410.1 414.8 416.8 420.8 425.8 431.9 437.2 444.3 448.9 447.7 445.6 441.8 437.9 434.6 435 440.5 438.1 424.9 401.3 385.1 372.8 354.4 340.6 316.8 281.5 246.3 204.5 163 146 138.9 133.5 130.1 127.1 128.7 126.8 125.8 124.3 122.8 126.4 127.3
541.4 538.9 530.6 519.1 508.7 487.1 465.9 463.4 457 453.8 454.5 449.3 449.3 449.3 449.3 449.3 457 461.8 469.9 477 483 489.6 496.6 501.1 504.4 505.1 499.8 498.8 498 486.7 472.4 442.7 437.4 431.4 418.3 413.8 412.6 404.9 404.8 407 413 416.3 418 424.8 430 434.6 442.2 446.9 444.3 442.6 441.4 440.6 439.6 444.6 449.3 442 430.3 408.3 391.9 379.7 361.1 352.1 328.4 290.4 261 217.4 170.3 154.7 146.5 142.1 136 133.1 132.7 129.6 126.8 124.7 122.1 124.7 125.7
