Game/Highland_Data/StreamingAssets/GeoData/Data/nc/NC33.asc
ncols 200
nrows 200
xllcorner 230000
yllcorner 930000
cellsize 50
[rows 140 to 174 of 200, columns 79 to 157 of 200]
471.5 466.2 464.8 464.1 462.9 464.6 460.4 452.4 451.2 439.2 432.4 429 421.8 417.5 415.1 408.9 400 388 383.1 375.7 364.4 353.5 339.5 324.8 302.3 275.4 257 227.6 242.3 256.1 258.5 257.9 251.4 248.6 235.4 232.7 221.6 210 201.5 191.2 184.1 178.5 170 165.5 161.4 159.9 157.2 151.1 150.7 153.8 154.3 157.8 158.8 160.1 162.6 157.7 152.4 152.4 145.2 136.1 135.7 133.8 133.6 131.6 125.9 121.4 118.1 114.2 110.7 108.8 108.8 108.8 108.8 108.8 108.8 108.8 108.8 108.8 111.1
475.9 478.4 479.4 479.3 476.2 475 468.8 461.8 457.3 449.1 439.9 434.3 430.4 427.1 421.2 416.3 408.7 406.3 396.9 388 383.1 370 358.6 345.9 317.8 301.2 274.1 243.6 264.8 280.9 283.4 278.2 271.2 258.3 250.9 242.8 238.6 228.9 225.3 214.6 202.5 192.4 182.7 179 174 170.3 167.8 161.6 157.8 160.8 162.4 166 168.3 173.5 171 166.5 164.9 160.4 153.6 139.8 141.6 141.5 138.3 139.6 127.4 125.3 120.9 116.8 111.4 108.8 108.8 108.8 108.8 108.8 108.8 108.8 108.8 108.8 108.8
486.9 489.6 493.2 496.9 494.2 482.7 474.3 469.4 463 455.5 447.9 439.7 437.1 433.5 430.2 425.2 417.3 414.1 406.5 396.6 385.3 377.1 364.8 352.3 334.7 314.8 284.7 266.9 287.6 306 304.4 293 285.6 276.5 267.6 256.6 251.7 246.8 242.4 238.1 224.5 205.9 203.3 197.3 192.3 184.9 181.8 176.7 173.7 175.4 176.4 177.7 179.8 184.4 178.6 175.5 173.1 167.6 160.1 152 152.5 149.9 143.1 137.4 135.1 126.6 123.6 120.6 115.1 108.8 108.8 108.8 108.8 108.8 108.8 108.8 108.8 108.8 108.8
497.1 504.4 507.9 508.2 504.7 497.6 485.6 479.9 473 465.9 456.4 448.4 441.1 437.3 432.5 425.5 418.6 413.9 407.8 397.9 390.3 377.6 370.5 354.2 338.5 315.3 286.6 294.6 309.7 321.9 317.4 312.2 299.8 291.5 284 269.9 265.7 265.7 266.8 268.2 248 247.5 249.1 244 224.6 217.4 211.4 207.1 200.9 193.8 192.2 193.2 196.7 200.4 194.7 188.7 182.7 179.3 171.6 168.7 167.9 160 151.2 143.1 135.4 131.6 127.4 119.8 116.8 116 115.5 115.8 110.2 108.8 108.8 108.8 108.8 108.8 108.8
506.6 514.4 518.7 518 514.8 509.1 498.6 488.7 483.4 476.6 466.2 456 446.5 438.5 430.9 424.7 420.4 414.4 406.5 396.7 385.9 372.3 368.2 356.9 338.7 309.1 304.3 316 329.1 332.8 329.6 328.5 320.7 309.8 297.7 287.2 284.6 299.6 305.4 301.1 289.3 292.3 290.1 282.6 262.6 251 237.9 233.7 231.9 212 215.4 216 216.2 217 218.7 214.5 210.7 197.1 192.5 185.6 184.2 173.2 159.4 149.7 140 136.5 128.6 123.9 122.8 121.8 119.6 119.1 113.9 113.3 108.8 108.8 108.8 108.8 108.8
515.7 522.6 526.4 525.6 521.7 520 514.4 503.9 497.1 491.2 477.4 464.7 455.2 445.3 434.3 426.6 421.1 412.3 407.2 396.3 386.9 373.6 370.6 359.5 332.9 310.1 324.8 338.9 343.1 345.1 342.6 338 334.5 327.4 315.9 317.5 307.8 322.8 324.4 319.6 317.6 325.4 321.5 310.5 294.2 286.5 278.8 269.1 261.6 240.9 244.6 243.1 243.3 244.1 253.7 249.8 242.7 238.3 225.7 229.1 207.3 188.2 174.6 164.5 150.6 143.1 133.9 133 130 127.5 129.2 126.4 123.2 119.1 115.4 110.3 108.8 108.8 108.8
520.7 530.3 533.1 535 535 530.9 530.2 525 514.2 503 488.8 477.4 466.3 453.4 441.1 431.4 419.5 413.8 405.8 400.4 389.5 379.1 371 357.4 328.5 327.5 338.6 350.7 358.5 355.3 353.7 348.3 342.3 338.3 331.4 337.7 333.6 339.2 348.2 338.7 339.7 337.1 332 322.3 313.1 301.3 313.3 306.2 300.6 289.8 276.3 269.1 276.2 283.1 286.3 278.2 271.2 270.3 261.8 258.3 237.5 207.2 188.4 175.6 169 152.2 145.8 141.1 145.9 143.3 134.2 136.6 132.4 123.4 124.2 115.9 114 108.8 108.8
528 533.5 538.2 545.1 552 545.4 542 538.5 529.9 514.4 502.7 493.3 482.9 469.2 459 449.6 444.5 424.6 411.8 400.9 388.9 379.8 374.9 355.6 323.9 339.3 362.7 365.4 363.4 368.2 365.1 361.6 357.1 354.2 352.4 361.7 362.8 362.7 375.5 362.7 360 351.5 353.7 350.5 337.2 336.7 343 338.4 338 344 331 307.2 311.6 317.1 307.4 299 296.2 297.1 292.4 291.1 275.4 263.8 233.7 216.4 192 173.8 164.8 153.4 155.9 143.4 145.4 145.7 137.6 133.9 128.8 124.7 123.5 115.6 108.8
524.7 533.3 543 557.3 564.3 557.7 551.8 545.8 535.7 526.6 514.1 506.2 495 485.1 477 466.1 458 447.5 426.5 402.5 392.9 388.4 379.1 355.5 332.8 359.7 376.3 374.3 376.8 379.7 375.4 374.6 367.6 367.4 369.9 388 392.7 389.2 390.8 388.6 382.1 373.9 374.3 376.5 366.7 363.6 358.8 364.6 364.4 366.1 364.9 347.1 335 338.9 339.9 325.2 327.4 324.5 313.3 309.8 314.8 310.3 296.6 285.2 255.9 209.1 184.9 167.8 155.9 150.7 160.4 156.1 157.9 152 141.7 131.9 132.5 130.5 117.3
522.9 530.8 547.9 560.9 564.2 560.7 555.1 548.2 538.1 528.9 518.5 508.4 498.4 490.8 481.6 472.8 463.8 455.9 441.5 422 404.4 393.4 381.4 357 345.3 376.1 383.1 385.5 388.3 387.1 384.2 385.4 381.3 382 390.1 406.6 405.9 405.6 407.5 400.3 397.8 394.3 388.9 385.5 374.8 372.4 374.6 375.5 377.1 382.3 377.5 372.2 364 357.5 363.2 354.5 355.5 343.7 336.3 334.7 341.3 338.9 336.5 326.9 321.2 270.6 229 194.1 175.4 172.9 183 167.1 170.7 159.2 151.5 149.6 146.9 141 137.1
521.8 530.2 544.7 556.5 561.3 559.7 554.7 544.9 538.7 527.9 518.2 505.5 497.1 489.1 481.5 473.5 463.9 454.2 441.1 431.3 422.2 399.6 382.8 358 355.5 381.5 385.6 390.9 395.5 396.3 394 396.2 394.4 399.1 408.6 412.4 414.2 419.6 420 414.7 408.5 403.9 400.4 389.8 384.8 383.3 382.8 385.3 390.5 390.7 388.9 390.2 387.9 385.8 377 373.3 374.4 378.2 370.4 360.2 357.2 352.2 350.8 349.7 345.4 331 288.9 263.8 214.5 192.3 182.5 174.3 174.3 167.6 162.9 163 168.5 156.9 148.6
517.8 527.2 543.7 551.1 553.7 551.9 548.2 543 535.3 523.7 512.8 502.1 495.6 487.1 479 471.4 462 450.4 441.3 434.3 423.2 404.9 386 356.9 375 387.6 393.3 396.2 401.2 402.3 403.4 407.9 407 412.4 419.2 418.9 427.2 428.2 428.1 422.9 414.4 412.6 402.7 395.3 391.2 395.9 394.5 398.4 399.9 398.9 397.4 398.6 402.2 404.7 404.1 391.6 393.7 397.2 394 388.6 384.7 367.2 361.6 367.5 365.5 352.4 333.9 298.4 249.5 219.2 203.5 189 185.5 181.4 174.2 184.2 179.7 170.2 166.7
512.4 523.8 535.1 545.1 546 544.4 541.1 536.5 527.9 518.7 508.1 500.7 493 485.4 476.4 468.1 458.6 451.2 442.3 433.2 422.6 404.9 387.2 364.7 386.5 394.6 398.9 402.8 407.7 408.8 414.8 419 420.9 419.6 422.5 429.4 434.6 433.5 430.7 425.2 422.6 414.7 410.5 403 403.5 403.1 407.7 410.5 408.4 404.3 405.3 411 416 419 419.7 416.4 410.6 410.6 402.5 402.2 396.3 389.9 382.5 382.9 378.3 363.6 356.3 334.9 279.6 249.5 221.9 202.2 203.6 203.3 196.4 196.2 180.1 174.4 170.8
502.7 516.9 525.5 534.6 537 535.8 532.3 527.5 520 512.8 506.2 497.4 490.8 484.9 478 466.7 455.8 448.4 441.2 430.5 419.1 409.3 390 379 396.6 403.4 407.6 408.3 414.1 412.3 422.3 427.4 426.7 424.7 427.8 437.9 440.2 438.1 434.7 428.1 424.3 424.3 416.5 415 417.3 418.8 417.3 426.6 419.6 418.5 418.6 424.3 424.4 429.3 426.3 429.7 427.1 416 412.1 407.4 402.1 403.7 405.8 397.3 386.7 374.7 371.2 354.6 314.9 285.2 255.8 228.4 219 216.2 207.8 196.1 197.3 187.2 184.3
488.7 503 515.1 524.6 526.9 525.7 522.2 518.8 514.1 506.8 499.8 494.3 490.3 484.9 477.3 467.6 455.6 446.1 438.1 428.5 419.5 404.3 393.3 395.1 406.2 407.9 412.4 414.3 418.2 418.9 427.7 431 431.5 429.9 436.2 443 444.1 441.9 438.4 431.5 432.8 430.2 423.3 421.9 429.8 433.2 431.2 438.3 442 433.1 427.4 429.7 434.9 437.2 439.9 440 433 421.9 417.9 411.7 414.7 417.5 413.2 406.2 398.8 389.2 381.5 367.3 340.4 316.6 292 266.4 245.5 226.4 213 211.3 208.3 199.5 194.2
472.9 485.6 500.8 512.5 516.3 515.7 513.3 510.6 508 501.8 496.5 493 487.6 482.8 475.4 466.3 456.8 447.9 437.7 428.8 420.5 409.6 401.5 405.7 412 415 416.4 419.4 422.6 427.5 431.8 433.9 433.6 439 442.7 446.9 444.8 444.6 442.3 438.9 442.7 440.1 440 431.6 440 446.6 448 448 450.7 450 435.7 441.4 441.6 443.9 448.1 444.8 437.6 436.5 435.9 416.6 422.5 428.6 427.8 417.1 410.8 403.7 390.2 381 362.8 333.2 307.4 277.4 257.5 237.5 237.5 222.8 216.2 212.5 203.6
457.7 469.5 484.2 499.8 505.7 506 502.9 502 498.9 495.1 491.9 489.4 485.8 479.8 473.4 464.9 455.1 447.5 439.7 426.3 420.6 415 407.3 409.7 416.6 421.3 425.2 426 424.8 432.4 438.6 436.8 438.8 446.9 447.1 446.4 445.9 448.2 443.7 449.9 445.2 448.4 445.5 446.7 443.5 450.7 453.9 456.3 455.1 454 447.6 450.8 456.9 445.4 448.3 442.8 441.7 447 446.7 434.4 430.4 440.3 440.8 433.3 420.9 408.9 396.9 387.8 374.5 346 311.6 286 263.4 246 246.2 235 227.5 217.5 205.3
444.7 456.1 472.1 486.2 494.2 495 494 493.5 492.4 490.2 487.8 485.3 480.9 477.2 472 462.1 454.8 444.7 438.1 429.6 421.2 422.5 411.6 415.9 422 428.2 431.6 431.8 430.9 438.7 444.6 444 447 452.8 446.6 447.2 449.1 448.5 452.8 460.5 457.4 451.8 452.1 457.2 459.4 450.3 455.2 460.3 458.9 451.9 449.6 456.4 463.5 452.5 444.8 444.1 445.2 452.3 454.4 454.4 447.6 443.1 446.7 439.4 427.7 416.6 401.1 392.2 377 353.2 318.1 292.6 276.5 267.2 258.6 244 234.4 220.9 211.5
434.1 444.7 459.6 475 481.8 483.7 484.5 485 485.3 484.4 482 480.5 477.2 472 468.7 461.3 454.5 446.4 438.7 435 426.6 422.6 414.8 421.3 425.6 431.9 433.9 433.6 437.4 445.3 446.9 446.5 454.5 457 449.5 450 453.2 452.6 462.1 466 463.3 455 456.1 459.1 465.6 465.2 455.6 457.2 456.6 452.4 451.1 458.5 461.9 456.4 451.1 444.5 445.6 450.3 453.9 450.7 456.8 453.3 443.6 435.7 428.2 418 406.8 395.4 370.5 348.7 324 304.1 284.9 275.7 266.2 252.8 238.6 226.9 222.4
424.6 434 448.2 464.3 472 474.8 476 477.8 478.3 478.3 477.3 474.7 473.2 470.4 464.5 460.8 453.3 450 445.1 433.7 432.9 425.9 419.6 425 430.6 433.1 434.4 435.7 443.6 447.4 446.5 448.6 460.3 459.5 455.2 457.6 463.1 462.4 466.6 469.3 471.5 472.6 465.9 465.4 466.8 469.6 458.6 453.4 452.9 451.7 451.6 456 454.8 453.7 454.4 447.7 443.9 448.7 449 451.5 457.5 453.4 442.4 429.7 422.7 414.6 407.4 390.5 369.1 346 319.2 307.6 292.2 281.8 271.7 260.9 245.4 236.3 226.6
414.6 426.3 435.3 452.8 461.7 465.7 468.6 471.4 471.3 472.7 469.8 470.1 469.3 467.1 463.2 460.9 454.7 449.8 445.3 436.7 433.1 431.4 422.5 429.6 435.1 435.7 436.4 442.5 448.1 448.1 447.6 448.3 460.4 462.8 458.6 468.1 471.5 475.6 480 477.2 475.7 472 473.1 467.5 465.3 469 465.8 455.4 450 447.4 448.6 451.6 447.7 446.6 447.8 445.4 445.5 443.2 441.3 449.9 451.5 447.3 437.9 429.6 416.6 407.3 399.1 379.1 363.1 336.7 319.6 305.1 296.5 287.3 277.4 263 253.9 240.6 230.7
399.9 414.8 421.8 436.5 451.2 456.4 461 464 467.3 466.8 466.6 465.6 465.6 464.8 461.7 460 456 450.7 443.5 442 437 434.9 427.9 431.5 434.6 436.9 440.9 447.2 452.3 449.5 448.1 451 462.4 460.7 468.1 477 479.6 488.9 488.7 485.3 482 475.3 476.8 472 465 464.5 464.4 457.5 450.2 440.2 441 441.6 439 438.3 437 437.2 437.7 431.9 436.1 442.4 443 437.2 427.7 421.6 412.6 400 380.6 362.9 351.2 332.3 317.1 306.7 298.3 289.8 280.1 268.7 257.7 246.5 233.9
387.5 399.4 409.5 424.4 437.7 447.3 454.3 459.2 461.1 463.1 464.6 464.3 462.6 461.8 460.3 457.5 453.7 450.1 446 440.6 434.5 437.2 434.8 431.7 434.9 438.6 442.7 446.7 450.2 452.3 451.3 453.2 459.4 469.4 475.4 490.7 497.8 505.6 502.6 497.7 494.8 489.5 482.2 471.1 464.2 466 459.6 452.5 444.3 437.2 430.5 428 430 429.4 427.7 427.6 425.3 423.9 433.1 433.3 431.2 424.6 417.2 410.7 404.6 390.1 369.3 352.4 339.2 327.5 315.2 306.9 298.7 287.5 278.7 271.7 262.1 249.7 235.6
373.2 386.4 397.7 412.6 428.4 437.4 444.8 452.2 456.9 460.1 462.8 462.4 461.2 461.6 460 457.6 456 450.9 446.8 441 439.9 436.9 436.5 432.6 435.4 441.1 441.3 447.2 450.4 451.3 451.6 454.1 456.7 473.5 482.1 500.4 511.4 519.1 514.1 506.7 504.8 503 491.4 473.3 459.5 454 451.7 445.9 440.6 435.5 423 415.5 415.9 412.5 414.3 413.8 412.9 416.8 423.9 424.3 419 412.2 405.7 397.7 392.3 376.9 359.4 347.1 332.7 323.1 313.7 305.4 297.9 289.3 282.3 269.4 264 250.7 241.2
362 375.4 389.7 401.6 418 426.8 435.9 445.1 451 457.3 460.3 461 460.6 461.6 460.1 457.5 455.1 453.5 450.8 445.2 446 437.5 435.6 435.1 435.2 436.3 441.3 444.4 446.2 446.3 450.3 450.5 462 477 491.9 509.8 523.5 527.7 523.8 526 519.1 512.8 502.4 482.3 466.5 450.7 441.7 440 433.2 429 418.6 412.5 403.9 400.8 398.7 394.6 400.4 405.4 411 407.5 403.4 397.8 391.4 386.7 377.1 365.5 352.1 339.7 328.7 319.5 312.3 305.5 297.6 293.2 280.7 271 262.1 255.4 243.9
356.1 366.3 379 386 405.7 415.3 426.4 436.9 444.7 451.3 455.7 457.9 457.6 459 458 459.4 456.8 456.3 454.1 450.8 448.4 443.1 439.1 434 433.4 434.5 439.2 439.4 439.4 441.1 444.1 451.8 472.5 480.4 497.9 518.1 530.9 537.2 539 538.4 534.3 520.5 508.1 491 473.9 464.9 445 430.4 429.1 422.4 413.3 409.1 400.6 388.8 385.4 383.5 387.4 391.3 394 390.6 385.1 383.6 379.2 372 367.1 354.5 345.1 335.8 326.9 319.9 311.4 302.9 296.6 289.6 280.8 274.4 264 254.2 243.5
346.7 356.6 367.8 377.9 391.2 405.4 416.7 428.5 437.1 444.1 447.8 452.5 454.5 456.6 457.8 458 458.4 457.2 454.6 454.3 450.8 446.1 440.6 437.2 433.7 433.7 434.4 434.6 437.9 441.9 450.5 458.8 479.3 489.3 501 521.5 534.6 544.5 546.1 550.6 542.6 534.4 514.5 501.2 490.3 469.4 462.9 444 424.5 420.7 410.5 406.4 397.2 382.9 376.4 378.6 380.7 376.4 374.4 372.7 370.5 371.4 371.2 362 355.7 346.1 339.7 331.2 324.4 316.1 309.1 303 295.8 288.2 284.5 275.7 263.1 255.4 239.3
336.4 345.7 359.8 372.6 380.1 394.7 407.7 420.5 428.1 437.7 443.3 449.5 452 456.1 457.5 459.5 460.8 459.7 459 456.3 451.5 451.6 446.4 438.6 435 434.5 434 434.4 437.7 444.4 459.1 477.3 488.6 497.1 507.8 521.8 537.3 545.6 550.4 551.3 550.2 541.9 528.3 509.8 498.2 490.9 474.7 466.1 436.5 416.5 405.2 400.6 387.7 376.8 373.3 373.2 369.5 365.8 362.2 360.1 357 359.7 357.5 353.6 345.8 339.5 334.7 329.2 319.9 312.7 307.3 298.9 296.1 289.7 281.5 273 257.8 249.4 249
327.3 338.9 349.8 359.9 371.9 386.6 399.2 412 421.9 431.8 438.3 444.8 450.1 455.5 458.8 461.8 463.3 462.7 466.5 462.7 455.8 453.7 448.6 443.1 436.3 436.3 435.3 435.6 440.2 451.1 474 490.8 495.6 505.8 519.3 531 536.4 542.5 548.8 551.7 553.8 548.2 538.9 522.2 503.9 500.5 489.6 475 460 425.5 404.9 392.1 385.3 374.5 368.5 359.6 358.1 354.2 351.5 347.2 349.3 348 345.8 344.2 339.8 331.3 329.7 323.7 313.8 309.9 305.7 300.9 295.2 287.3 280.9 271.1 263.1 264.4 257.3
320.4 333.5 338.4 350 365.1 381.8 392.7 404.1 416 426.3 433.4 441.4 448.4 454.1 458.4 461.2 463.5 465.9 466 464.6 461.1 458.4 452.2 445.8 439.5 437.5 438 437 447.4 464.1 482.5 495.2 504.5 512.9 527.8 541.4 547.1 549.1 553.9 556.6 558 556.2 547.1 536.4 518.9 510.2 504.1 489.1 467 441.1 407.3 391.4 385.7 382.3 371.4 360.6 348.3 347.3 340.8 341.2 339.8 337.6 337.4 334.2 329.9 327.1 320.4 316.1 310.3 306.8 303 298.5 289.9 283.8 272.7 275.1 269.8 268.6 260.6
314.7 326.7 334.8 349.5 364.9 376.5 385.5 397.1 410.2 420.2 430.3 438.7 446.5 452.7 456.6 461.4 464 466.1 470.1 468.8 464.3 462.4 458.3 452.2 443.5 441 441.5 437.9 452.4 468.2 481.6 490.5 511.6 520.6 531.7 548.5 556.3 559.4 562 563.8 562.6 562.7 557.8 544.7 531.9 521.8 513 502.8 483.4 450.3 423.7 396.3 388 388.2 374.9 356 354.1 335.6 335.2 334.1 332.8 331.7 328.6 327.2 325.5 323.9 313.5 308.8 306.4 304.3 299.3 293.8 285.1 284 282 277.3 273.8 272.3 272.3
310.9 319.9 335.3 346.9 357.1 369.3 382.4 390.1 402 413.3 425.5 437.5 443.6 450.8 456.7 461.8 467.6 473.8 472.4 472.3 471.5 469 463 455 447.8 443.1 441.5 439.1 451.3 469.3 475.1 491.1 510.5 523.4 534.3 549.9 564.4 564 567.1 570 572.9 569.2 567.7 556.6 544.4 531.9 522.9 511.7 493.7 465.9 431.2 404.6 391.2 386.1 382.1 351.4 343.1 337.9 326.5 326.5 322.2 323.3 319.8 317.2 314.7 316.5 309.7 300 301.9 298 296.3 296.5 294.5 292.2 284.2 283.4 280.8 279.4 280.9
307.9 315.6 329.7 342.3 356.9 368.5 380.3 387.6 398.5 410.6 420.6 435.1 442.3 447.4 454.3 464 469.9 474.1 476.9 476.1 474.7 471.9 467.1 458.7 450.4 446.8 442.5 442.2 448.2 456.4 475.3 491 508.1 522 531.7 546.7 561.7 571.8 577.6 578.2 580.4 580.4 575.7 567.2 555.6 545.5 534.9 520.6 501.2 479.9 446.7 416.2 395.2 387 368.7 356.9 340.3 332.9 322.5 314.2 310.8 314.5 310.4 307 305.9 309.6 307.2 303.2 297.1 296.4 296.1 301.1 298.6 295.6 291.6 291.2 291.6 291.1 290
306.4 312.9 327.8 337.8 350.6 362.8 373.8 384.5 394.7 403.2 419.6 427.2 438.3 445.6 456.7 463.8 470.9 474.3 477.2 476.2 476.4 472.4 470.3 462.3 455.1 448.9 445.9 447.9 449.1 450.6 475.6 483.6 504.9 516.8 530.3 542 554.8 574.5 583.8 585.6 587.2 587.1 586.6 580.3 569.2 558 543.9 530.1 509.2 483.5 461.6 433.8 402.2 385.7 359.6 350.9 340.6 327.6 310.2 305.7 304.4 306 306.7 304.3 300.4 303.5 304.2 303.1 299.2 296.9 299.7 300.7 302.4 299.6 297.2 299.7 300.7 305.3 306.8
305.4 315.7 325.1 337.4 348.4 360.3 372 387.9 389.8 399.5 417.9 426.7 438 444.9 456.1 462 470.1 471.7 476.5 478.6 475.9 474.4 472 465 458.8 451.9 451.2 449.9 448.2 451.7 463.9 481.3 495.3 506.2 522.3 540 548.2 570.1 580 587.9 592.4 594.1 595.6 589 580.3 569 552.1 536.7 517.7 489.5 465.3 444.6 420.8 396.2 367.7 352.5 338.6 327.9 308.5 302 302.2 300.6 303.2 298.6 298.6 304.6 302.8 300 299.4 296.7 300.2 304.1 304.8 305.3 305.1 308.7 315 321.6 329.8
