Game/Highland_Data/StreamingAssets/GeoData/Data/nc/NC42.asc
ncols 200
nrows 200
xllcorner 240000
yllcorner 920000
cellsize 50
[rows 0 to 34 of 200, columns 0 to 77 of 200]
120.8 130 143.2 156.5 172.6 191.6 209.3 228.9 248.7 267.5 283.2 295.4 308 321.8 332.9 341.3 349.3 359 366.1 375.2 383.9 392.9 400.4 406.8 411.2 417.3 422.8 423.3 422 419.2 415 412.1 409.6 409 405.9 405.3 403.4 402.1 396.7 392.3 387.8 381.3 375.2 366.8 362.3 356.9 347.9 338.4 326.7 321.1 313.8 305 299.8 295.4 291.3 281.9 280.1 273.7 266.4 264.4 258.8 249.9 248.3 245.6 240.7 237.1 232 228.5 226 221.1 218.8 214.7 211.7 207.9 206.1 206.2 204.2 207.4
118.6 126.7 138.5 151.5 169.4 187.3 205.3 221 241.1 258.7 272.5 288.5 301.9 313.1 324.8 334.6 342.9 351.3 359.6 369.5 378.9 384.9 393.5 400.7 407.3 415.5 416.3 416.4 417.1 416.4 415.2 412.9 408.6 404.8 403.9 403.5 400.4 398.7 395.4 391.7 386.8 381.4 376 369.9 366.7 359.3 351.4 344.3 335.3 326.9 318.3 310.6 304.9 298.2 294 285.4 280.8 275.7 271.3 263.3 260.9 256.8 251.2 250.3 245 242.7 237.6 235.7 230 225.4 220 219.5 216.1 217.3 208.7 206.8 206.9 208
114.5 122.5 133 147.3 162.4 180.4 197.3 215.7 232.3 250.7 268.3 282.1 294.5 305.7 316.1 327.5 336.8 345.7 353.6 362.2 371.6 379.5 386.6 395.1 401.2 408.8 410.8 411.5 414.1 417 415.4 412.7 407.3 406.7 403.6 401.7 399.8 396.1 392.1 389.5 385.8 382.4 378.1 372.3 367.8 361 353.7 346.3 339.6 332 324.1 316.7 310.5 305.9 297.6 292.9 287 277.9 276.7 271.3 267.7 263.1 256.9 253.9 250.8 246.6 243.6 239.9 234 230.8 227.4 222.7 221.9 221.5 215.2 211.2 209 208.5
112.5 120.2 130.6 145.1 158.4 175 191.3 209.9 226.8 244.3 260.5 273.8 287.3 298.3 308.6 317.9 328.6 338.5 346.4 356 364.4 371.9 378.2 388.2 395.9 402.3 407.7 409.8 410.6 412.4 413.2 410.6 407 407.7 405.9 401.1 399.1 394.6 390.1 385.2 383.2 379.4 376.6 371.6 366.9 362.5 355.5 348.6 344.6 337.5 328.4 322.4 315.8 310.6 302.1 297.8 290.6 285.9 282.2 278.6 274.9 270.1 265.6 262.5 258.2 254.2 250 247.3 243.8 236.2 233.9 227.5 225.3 223.2 219.3 213.8 209 207.6
108.8 116.8 127.6 140.7 153.1 168.3 185.3 204.6 223 236.6 254.1 266.7 279.1 291 301.2 310.7 319.4 328.7 339.2 348.8 357.4 364.9 371.5 380.5 389.7 397.3 402.8 405.1 407.8 408.1 410 409.7 407.7 407 403.7 399 394.7 391.4 388.9 384.5 380.8 376.9 373.6 371.1 366.7 361.1 355.2 349.3 343.9 338.5 332.9 328.5 321 313.8 307.8 302.1 300 296.3 291.4 287 281.3 278.6 276.6 271.1 267.8 262.5 257.3 252.3 247.8 241.5 240 231.8 229.9 227.1 221.9 216.3 211.8 207.2
108.8 116.2 125.1 136.5 150.6 166.6 183.8 199.6 218.3 232.3 248.2 259.4 271.2 283.8 294.5 302.2 310.5 320 329.5 340.1 349.3 358.6 367.1 373.2 381.8 390 396.9 402.5 404.4 406.5 408.4 408.2 407.7 405.1 402.1 400.8 395.3 388.8 385.5 384.5 379.5 376.5 371.4 369.1 365.7 362.4 356.6 349.5 345.2 339.8 339.6 331.7 327.8 321.5 312.7 308.1 305.9 303.3 299.3 292.7 289.2 287.5 281.3 276.8 273.9 270.1 263.7 258.9 254.2 247.5 242.8 237 234.3 228.5 222.7 218.5 214.6 210
108.8 112 120.1 132.2 145 161.1 177 194.9 212.6 228.4 241 254.3 264.1 274.1 284.8 295 303.3 310.7 319.9 329.9 340.3 349.8 358.4 366.7 374.5 382 389.5 395.8 400.7 404.1 406.5 406.8 406.3 404.9 402.9 400.7 394 389.6 385.5 382.7 377.6 372.5 368.3 366 363.2 361.3 355.7 351.3 347.2 344.3 340.4 335.5 332.6 325.3 321.1 316.2 314.4 312 306.4 301.3 298.9 294.4 290.7 285.8 277 274.5 268.9 266.8 262.1 256.6 248.5 243.6 239.4 233.8 230.2 225 218.9 214.9
108.8 110.9 119.7 131.1 140.4 158.1 174.2 191.8 207.1 221 236.3 248.4 257.8 267.7 276 286.1 294.8 303 310 319.4 329.6 339.2 348.8 359 367.4 372.9 379.5 388.1 393.9 400.4 404.2 407.2 404.8 403.2 403.7 401 397.1 394.2 387.3 384.4 379 374.8 369 363.6 361.6 358.5 355.1 353.3 348.8 346 342 337.3 334.3 330.8 328.3 324 321.3 320.3 314.1 310.1 306.3 302.3 297.4 291.5 285.9 282.2 277.4 276.1 269 261.6 255.5 249.7 243.9 237.6 233.8 230.5 224.2 217.9
108.8 111.8 120.1 127.6 138.9 153.5 170.4 186.1 202.8 217.4 230.1 243.4 252.5 261.5 268.4 276.5 285.5 293.3 302.4 309.2 317.9 326.7 336.1 347.4 357.6 364.6 372.1 377.5 385.6 393.3 398.4 402.8 402.8 403.9 402.3 404.2 404.6 398.9 390.7 384.4 379 373.6 368.4 363.6 358.9 356 353.7 352.3 349.9 346.1 344.1 340.2 336.7 334.3 332.5 330.9 328.7 325.9 321.8 317.8 314.9 310.7 304.8 300.1 294.3 288.1 284.5 280.9 275 268.4 261.4 253.6 248.4 243.3 239.1 233.7 230.5 223.4
108.8 112.6 117.3 125.5 137.3 153.6 169.6 182.5 199.1 214 225.3 237.6 247.9 255.7 263.7 270.6 279 284.7 293.3 300.4 308.3 316.5 325.4 334.9 345.3 354 362 368.3 374.8 384.9 392.5 398.1 400.6 402.1 403.9 404.4 403.7 399.7 394.8 387.8 381.4 375.9 372 366.5 360.8 356 354.9 350.9 350.1 347.3 343.4 343.1 342.5 340.6 339.5 337.8 335.2 334 329.1 326 322.8 317.4 313.4 308.3 301.8 296.3 293 287.7 282.1 276.8 266.9 261.9 253.1 249.5 244.5 239.5 234.3 229.1
108.8 112 118.3 126.8 137 153.4 168.4 182.6 196.2 211.6 222.7 235 245 251 259 264.4 271.3 280 286.5 291.6 299.6 306.6 314.4 323 332.7 342.1 352.1 357.9 365.5 375.2 383.9 392 395.8 398.5 400.6 402.8 402.9 400.9 396.1 391.2 384.6 379.4 374.5 368.9 361.8 356.9 353.2 352.7 349.9 347.3 347.9 349.5 349 346.8 347.3 344.6 343.1 341.2 338.2 334.4 330.3 326.2 321.6 316.2 311.9 306.6 301 296.8 291.1 283.2 275.8 267.5 262.2 255 251.9 245.4 240.6 235.2
108.8 110.8 117.7 125.9 136.8 150.2 166.1 181.2 193.7 208 222.5 230.4 240.3 246.8 253.5 260.2 267.3 274 280.1 284.3 291 298.2 306.7 313.7 322.7 331.8 339.7 347.6 356 365.4 375.6 383.7 390.4 394 397.7 402.1 403.6 401.2 397.4 393.1 389.4 381 374.3 370.5 364.2 359.3 356.4 354.9 353.1 351.5 352.7 355.4 355.5 353.8 353.7 352.3 349.7 348.2 346.2 342.3 339.2 335 330.8 326.6 322.1 317.4 311.1 305.7 300.4 293.9 285.6 279.8 272.8 264.9 259.1 254.2 247.3 241.4
110.9 113.5 119.3 127.2 137.3 147.2 162.6 177.9 191.7 206.4 219.4 228.1 235.8 245.6 255.1 257.3 262.7 268.1 274.4 281.3 283.7 289.8 296.6 306.2 315.4 324 332.6 340.1 346.4 355.8 365.5 376.8 382.1 388.3 395 400.3 400.3 399.8 395.5 391.7 388.2 381.6 374.6 370 365.4 360.8 357.4 354.4 354.5 355.8 357.2 358.9 360.9 359.1 359.6 358.4 357.2 354.6 352.3 349.7 346.6 343.8 340.9 336.2 332.1 327.9 322 316.5 310.4 303 296.5 290.6 283.7 277.1 270.4 262.8 255.8 249.5
108.8 113.4 120 127.4 139 147.7 158.8 175 192.6 206.8 216.8 224.1 232.8 243.5 248.3 255.6 260.2 264.6 269.4 276.2 279.2 285.1 290.1 299.3 307.8 315.9 323.6 332.2 340 348.5 358.3 368 378 385.6 392.5 396.3 397.9 398.3 394.2 387 384.1 380.7 374.2 369.2 365.5 359.8 357.4 355.6 357.3 358.1 359.6 361.9 363.3 363.8 363.3 362.8 361.5 359.6 358.6 356.4 354.8 352.4 349.4 344.9 341.6 336.5 332.2 326.9 321.1 315.8 308.8 305 299 290.2 283.5 275.2 266.6 258.9
109.2 113.3 120.9 129.3 137.8 149.1 159.7 174.9 188.4 202.8 215 225.5 232 239.8 246.3 254.3 259.3 264.8 267.4 270.8 275.7 280.8 286.8 292.6 301.2 310 318.3 326.6 335.2 343.3 352.7 358.7 370.1 379.5 387 391.9 395.2 396.2 391.7 383.8 379.4 375.4 370.9 366.7 361.8 359.2 355.7 357.3 358.6 359.8 361.4 364.5 365.2 364.8 366.5 366.4 364.7 364.1 363.4 362.6 361.9 360.8 358 354 350.7 346.2 341.4 336.8 333.4 328.8 323.5 319.8 315.1 305.2 294.2 287.4 277.2 267.3
109.9 114.3 122.5 133.7 146.8 159.8 167.3 177.9 191.3 208.7 218.5 223.9 232.8 242.2 245.5 253.8 259.3 264.2 266.8 271 274.4 277.6 282.9 289.2 295.2 304.4 313.7 322.9 331.6 338 347.2 353.7 364 373.5 381.2 387.6 393.6 393.3 389.5 380.6 377.7 371.4 366.3 362.3 360.9 361.5 357 358.3 359.4 360.9 362.3 365.1 367.2 368.3 368.3 368.7 369 368.5 367.6 368.3 367.6 367.6 366 362 359.2 355.5 351.8 348.7 345.3 342 339 335.7 328.7 317 306.2 299.1 288 277
110.8 116.7 124 136.7 151.3 164.9 176 184.3 197.2 208.8 219.7 228.2 235 240.4 247.9 254.3 260.4 265.1 268.2 271.1 273.1 277 280.2 284.6 293.1 301.3 309.7 320.4 326.3 335.1 343 350.8 358.7 365.9 373.1 380 384.6 387.8 385.6 376.7 373.4 370.6 366.7 365.3 362.2 359 358.3 359.8 359.6 361.8 364.1 367.4 369.1 369.5 371.4 372.7 371.3 373.1 371.6 372.9 372.7 372.8 371.2 369.7 367.2 364 360.7 358.6 355.8 354.5 351.9 346.7 338.9 329.5 316.5 305.9 297.7 289.1
108.7 117.5 127.4 143.1 157.4 173.2 181.1 193 202.1 214.6 222.6 229.2 235.1 241.3 246.6 252.9 260.2 264.7 268.5 270.5 272 274.7 278.1 282.9 289.1 299.5 305.5 316.8 323.7 331.7 338.3 346.8 353.7 360.4 366.7 372.8 377.3 379.9 378.9 374.9 370.7 370 368.3 365.8 362.7 362.4 360.9 360.6 360.7 362.3 365.9 369.1 370.3 372.7 374.1 373.3 376.1 375.9 376.7 376.6 377.7 377.1 377.4 375.1 373.3 371.7 369.6 366.8 366.3 363.7 360.7 355.2 347.3 338.9 328.4 317.7 305.9 300.2
110.7 122.8 132.3 149.7 165.2 175.7 189 199.3 209.9 219.8 228.3 236.1 242.1 247.8 252 258 262.8 262.2 266.6 268.7 270.5 273.2 279 281.9 292.4 299.4 305.9 314 319.9 326.6 334.4 340.8 346.7 355.4 361.1 364.7 368.7 372.9 374.3 373.4 370.1 370.5 368.4 364.1 361.7 362.4 361.1 360.6 362.6 364.3 367.3 370.3 371.8 373.3 374.5 376 376.9 378.2 380.1 381.5 380.6 381.5 380.5 379.6 378.8 377.8 377.1 375.5 373 371.8 368.1 361.8 354.1 345.7 336.7 329.5 319.8 311.5
112.9 121.2 139 154.4 169.5 182.6 196.2 206.6 216.5 226.1 233.6 240.9 246.9 252 256.7 259.8 263.1 265.6 266.5 267.5 269.9 273.1 279 283.8 290.7 295.2 302.3 308.8 315.7 321.9 331 335.8 342.5 348 355.1 358.9 364.3 366.8 367.8 368.8 369.5 369.3 367.3 363.7 361.3 362.4 359.9 360.6 363.2 365 368.3 369.8 373.5 374.6 376.1 377.2 379.2 380.5 383 382.9 383.5 384.1 384 382.2 382.1 382.8 383.6 383.1 382.1 379.7 374.6 367.9 361.9 353.1 343.9 336.1 330.7 322.7
115.3 129.5 147 164.5 177.7 190.9 204.2 215 224 233.4 241.5 246.5 252.5 258.1 261.8 264.7 265.9 267.9 269.2 271 271.8 273.6 278.3 284.6 290 298.2 301.5 305.3 310.9 317.8 324.9 330.7 336.8 343.1 348.4 354.5 358.3 362 364.3 364.5 366.8 367.8 365.8 363.5 360.1 362.4 359.7 361.6 362.3 364.8 368.4 369.6 374.1 374.5 376.6 377.7 379.8 382.2 384.2 384.6 385.5 384.9 386.8 385.2 387.2 387.1 388.5 389.8 389.2 386 381.4 375.3 368.7 361.4 353.6 347.1 340.9 329.9
120.4 135.4 155.9 173.7 190.1 200.6 211.8 222.6 230.5 240.8 248.5 254.6 259.2 264 267.5 268.5 269.5 271.4 273.2 274.9 277.1 277.5 279.8 285.8 294.2 297.4 298.9 303.5 308.7 314.8 319.9 325.9 331 337.9 342.2 347.6 352.6 357 359.1 360.7 361.6 361.9 362.6 362.6 362 360 359.7 361.6 363.5 365.2 367.9 371.1 373.4 375.6 376.8 379.2 380.2 383.8 385 385.9 388 387.6 387.8 388.4 389.4 391.4 393.9 394.5 394.9 391.9 387.4 381.6 375.4 368.7 361.3 353.3 346.8 337.6
129.9 147.1 163.4 184.3 200.3 213.4 221.6 229.7 239.2 248.2 257.9 263.5 268 271.5 272.9 273.9 274.9 276.8 279.4 279.9 281.4 281.1 285.5 291.3 294 296.2 297.5 302 305.5 311.3 317.3 321.5 326.8 332.9 336.6 340.7 345.8 349.8 352.8 355.5 360.3 358.9 360.9 359.8 358.6 357.5 360.2 361.1 363.2 365.5 366.7 371 374.3 375.4 378 379.1 382.8 383.9 387.5 389.4 389.4 388.7 389.8 391.1 393.2 394.3 396.3 397.6 399.2 397.3 392.6 386.1 380.1 373.6 366.2 358.6 352.2 343.7
139.4 158.4 178.6 198.5 212.5 222.5 233.5 241.4 247.7 256.9 265.1 270.8 276.9 279 280 280.1 283.1 284.2 284.8 287.8 288.6 287.8 291 294.6 295.4 297.3 298.5 300.8 303.7 309 315.3 318.5 322 325.7 329.9 335.8 338.3 340.8 346.8 350.4 351.5 355.1 357.9 355.6 355.3 356.8 358.5 359.9 363 364.9 366.3 369.4 373 375.5 379 381.1 384.2 386.7 389.9 390.9 391.9 391.1 393.1 392.5 394.9 396.9 398.8 400.9 402 399.7 395.8 390.3 384.3 377.3 370.9 363.7 354.4 346.1
151.8 172.8 192.8 209.8 224.2 239.1 246.7 253.5 257.9 264.8 271.8 276.8 284.5 287.5 287.1 287.4 289.8 290.8 292.8 298.1 298 292.7 293.3 296.9 297.2 296.8 298.2 299 303.8 307 311.9 315.8 318.6 322.7 323.8 326.8 331.7 333.7 338.3 341.3 346.6 348.8 350.6 350 353.2 355 357.3 359.3 362.2 363.5 365.4 369.5 373.7 376.3 379.3 381.7 384.8 388.6 390.9 392.6 394.1 393.9 393.1 394.8 396.6 398.4 401.7 403 403.7 402.2 398.4 392.9 387.1 380.2 373.3 366 357.3 348.2
158.6 183.4 201.4 217.1 239.9 254.4 261.6 266.9 270.8 273.6 279.5 285.6 290.2 296.1 295.3 294.6 295.7 299.6 298.9 300.8 301 296 296 296.7 297 295.8 297 297.2 301.1 305.1 309.6 312.7 315 318.4 321 324.9 327.2 328.5 332 335.5 340.9 344.9 344.8 347.7 349.7 352.5 357 358.9 360.4 361.3 365.5 369.6 372.9 376.5 378.5 381.4 386.3 389.9 392.1 393.6 394.2 395 396.3 395.6 397.2 400.5 403.8 405.3 405 403.1 399.1 393.9 388 381.8 375.2 366.6 358.7 349.6
170.9 190.2 210.3 231.2 250.9 265 274.8 281.2 283.3 285 289 294.1 296.7 303.3 306.1 305.4 305.8 307.6 305.4 302.4 300.3 298.4 297.9 298 297.4 296.3 294.6 294.7 298.5 301.9 304 308.8 311.8 314.3 317.2 320.4 321.9 325.3 327.7 331 333.6 336 340.3 340.8 345.5 349.6 353.2 355.5 358.1 361.1 363.2 367.2 371.9 374.6 378.3 381.5 386.4 389.7 393.3 394.9 395.7 395.5 395.9 396.7 398.8 402 403.7 405.7 405 403.2 400.2 394.4 388.5 382.5 374.8 367 359.4 350.7
182.9 201.7 222.9 242.4 264 276.7 285.9 292.3 295.1 294.9 299 301.8 304 307.5 313.7 316.2 315.1 317.3 311.4 306.2 303.2 300.2 299.2 298.9 300.1 295.9 294 292.7 295.1 296.9 301.8 303.5 304.9 308.1 312.4 314.8 318.1 319.7 323.6 326.1 329.8 330.4 336.8 337.2 341 345.4 348.9 352.2 354.9 357.7 362.2 365.7 370.3 373.7 376.9 380.3 385.7 388.5 392.2 394.1 395.1 395.9 396.5 398.1 400.3 402.9 404.2 404.9 404.1 402.6 399.6 394.6 389.2 382.3 375.6 369.1 359.4 349.2
193.2 210.5 233.6 253.4 272.1 284.1 295.4 303 307.4 306.5 309.2 310.8 309.3 312.2 316.4 320.2 321.1 319.8 316 310.4 305.1 301.3 299.7 300.4 300.2 295.6 291.9 289.3 290.8 293 296.2 299.2 298.6 304.7 306.9 309.3 312.5 318.4 319 322.7 325.6 325 329.4 334.9 336.3 341.1 344.1 348.4 351.6 354.4 359.4 362.5 368.1 371.6 374.9 377.8 382.3 387.2 390.2 391.7 393.6 394.5 396.3 397.4 398.9 400.7 402.6 402.8 403.1 401 399.7 396.3 391.6 385.9 377.3 371.2 364.3 351.9
202.2 219.1 239.5 259 275.1 288.7 300 309.6 315.5 316.3 318.6 319.7 318.8 317.8 319.5 323 324 327.1 318.8 312.7 308.3 304.2 300.2 299.1 296.6 292.6 288.5 283.4 284.7 287.8 289.5 294.5 295 299.7 300.7 303.7 309 310.9 314.2 318 320.2 324 326 328 332.5 338.3 340.7 344.9 348.2 352.6 357.1 359.7 364 369.3 373.1 375.8 379.2 384.1 387.9 389.4 391.6 392.9 394.7 396.1 397.5 399.5 399.3 399.4 399.2 399.9 399.2 397.6 393.8 387.4 381.1 376.5 370.2 357.4
210.1 228.1 245.9 264.1 277.4 291.3 303 313.1 319 321.4 327.7 329.9 327.2 325.2 323.1 321.8 324.8 326.9 319.8 313.4 309.8 306.7 302.3 298.5 295.1 290.4 285 281.2 281.1 283.1 284.8 286.6 290.9 293.6 295.5 297.8 302.9 304.9 309 312.1 311.8 319.5 323.8 325 328.1 332 336.8 340.7 345.2 349.7 353.3 357.1 361.7 366.4 370 373.5 377 379.4 383.6 385.8 388.3 389.6 391.2 393.1 395.1 396.5 397.2 397.7 397.5 399 399.2 397.3 392.8 389.8 384.9 380.9 374.8 360.5
217 235.3 251.4 264.8 278.7 292.7 305.2 316 323.6 327.8 332.3 335.5 332.9 329.5 324.5 324 321.7 323.6 318.1 312.4 309.5 307.9 302.5 298.1 292.6 287.8 282.9 279.7 279 279.1 280.9 281.4 284.2 288.2 291.1 293.6 298.3 300.8 302.7 305.1 306.2 314 316.9 322 326 327 330.3 335.9 341 345 349 354.2 358.2 361.4 365.4 369.7 373.5 375.9 377.8 381 381.8 383.7 385.5 388.6 390 393.6 394.1 393.9 394.1 396.2 397.1 394.9 393.2 390.3 387 383.9 377.7 362.2
224.4 239.2 253.9 266.3 279.6 294.1 308.1 319.2 327.7 330.7 337.5 340 337.4 331.4 325.3 323.7 320.7 316.5 311.8 306.7 305.1 304.4 301 296 291.2 286.3 281.3 276.9 280.1 279.4 275.6 276.1 280.6 282.1 285.9 288.7 292.9 296 297.7 296.9 303.7 309.5 311.9 317.3 322.4 323.3 325.7 329.2 336.4 340.8 345 349.4 354.1 357.5 361.9 366 369.2 372.3 373.7 375.2 376.4 378 379.8 381.4 385.3 387.1 387.7 389.8 392 393.5 393.2 393.5 391.5 388.2 387.3 386.4 377.1 362.8
229.6 243.5 253.8 266.8 279.4 295.7 310 322.1 330.4 334.2 339.1 343.7 339.7 333.3 327.2 325.4 319.9 312.5 305 298.8 298 297.7 295.3 292.3 288.9 284.2 279.7 275.7 277.4 275.7 272.9 271.4 275.7 276.3 279.5 282.1 287.6 288.4 292.5 292.4 300.2 303.9 306.7 310.7 315.7 318.3 320.2 325.6 331.1 334.1 338.7 343.4 348.6 351.9 356.3 361.2 364.5 367.3 369.3 369.9 370.6 372.6 373.8 376 377 380 381.8 383.6 386.6 388.5 388.5 387.5 386.5 385 384.6 382.4 372.4 359.9
232.5 243.2 255.4 269.1 282.4 296.5 309.3 323.9 331.4 335.5 338.6 340.1 336.6 331.4 328.2 324.2 318.8 309.7 301.1 293.1 290.4 292.3 290.6 291.3 287.5 282.2 277.9 274.8 272.9 271.9 270.1 269 270.8 270.6 274.3 278 281.5 284 288.6 289.8 298.1 300.6 301.7 307.6 308.4 311.7 316.7 320.5 324.7 327.9 333.4 336.7 342 345.7 350.4 354.8 359 361.8 364.4 364.9 365.7 367.4 368.6 368.6 370.3 371.8 373.5 375.2 377.3 380.6 380.7 380.6 378.5 379.3 377.9 374 365.9 354.7
