Game/Highland_Data/StreamingAssets/GeoData/Data/nc/NC44.asc
ncols 200
nrows 200
xllcorner 240000
yllcorner 940000
cellsize 50
[rows 70 to 104 of 200, columns 79 to 157 of 200]
414.9 384.8 358.7 342.6 327.6 308.6 295.9 289.1 279.4 271.4 263.1 258.6 255.4 250 240.5 229.7 221.2 214.9 216.3 212.9 202.4 193 184.4 185.4 179.3 171.5 160.9 151.3 140.5 122.4 106.3 90.5 77.9 59.1 37.1 17.7 7.1 9 7.8 10.1 10.1 10.6 9.6 9.6 8.9 12.8 28.8 49.4 70 89.9 123.3 149.9 181.4 216.8 255.1 319.5 329.5 329.2 327 329.3 321.7 312 310.1 306.1 302.3 298.4 299.7 297.8 298 302.6 314.8 322.7 327.5 330.5 341.4 359.9 375.8 388.9 395.6
407.7 383.3 363.3 342.9 326 304.8 301.5 286.8 277.4 271.7 260.4 255.3 250.5 245.7 233.2 225.5 219.1 210.1 211.1 209.6 199.3 188.4 180.1 181.7 173.1 164.7 156.2 144.6 130.6 114.1 95.4 81.5 68.8 52.4 29.7 7.4 8.5 9.2 8.1 9.5 10.1 10 10 9.6 9.3 18.6 32.5 54.7 76.3 98.2 127.1 158.1 188 223.9 260.2 321.4 323.2 330.1 326.9 325.7 318.5 310 303.3 297.8 292.1 290.7 293.5 293.9 301.9 302.5 314.1 322.1 323.4 332.1 344.2 357.4 374.8 385.9 392
401.4 383.8 368.6 342.5 320.5 304.4 301.6 292.3 278.1 268 260.1 250.4 247.3 239.8 226.8 219.9 214.2 207.2 205.1 201.9 194.1 182.7 175.6 175 165.9 156.2 150.9 137.7 120.6 105.8 87.2 71.1 59.9 42 25.5 7.6 10.1 9.4 8.3 9.8 10 9.8 9.6 9.4 9.7 24.7 41.4 60.4 85.3 108.7 139.7 163.6 194.9 229.8 266.3 319.8 320.8 327.3 323.1 318.1 312.7 308.6 306.8 300.7 294.2 289.8 290.5 300.9 309.9 309 311.9 321.5 322.9 333.9 350.2 363.9 372.7 380.6 387.3
393.5 381.9 367.9 345 318.6 305.7 302.8 289.8 279.4 264.9 256.3 250 245.7 230.2 221.9 216 213 204.3 199.3 195 186.6 177 169.7 172.1 159.5 149.3 140.1 128.8 111.4 96.9 78 64.8 44.6 33.4 17.2 7.4 9.1 9 8.8 9.1 9.8 9.9 10 10 10.1 28 48.6 66.8 89.7 111.7 143 167.8 199.5 235.2 286.6 317 318.7 322.2 317.9 312 307.2 305.1 304.2 296.2 291.9 287.8 290.8 305.5 312.8 313.3 313.4 321.1 325 342.7 352.4 362.1 368.7 376 381.8
385.3 373.7 361.8 348.1 321.4 310 299.4 287.8 275.6 267.7 259.6 249.7 241.8 226.8 217.7 210.9 209.8 202 193.8 186.3 180.2 168.8 161 163.3 154 144.1 132.3 125.5 104.5 87.5 72.9 55.2 36.4 22 7.6 9.9 9.5 9.2 8.9 9.7 10.2 10 9.7 9.7 12 27.8 46.7 66.6 94.7 119.4 147.4 169.9 203.7 242.9 309.2 310.8 315.9 313.4 312.2 306.2 303.8 300.8 298 294.9 290.1 286 302.7 310.3 314 316.2 313.7 321.5 328.3 344.7 356.4 361.3 367.4 372.8 376.9
377.4 366.2 356.5 343.8 322.6 306.4 291.1 284 275.5 266.2 257.6 243.8 234.6 220.3 211.7 208.7 207.2 198.9 190.1 181.9 176.6 167.2 154 150.9 143.2 134.7 125.9 115 104.9 82.1 68.4 53.7 30.3 14.2 8.2 9.6 9.6 9.5 9.3 10.2 10.4 10.2 10 10.1 13.3 35.4 57.4 75 99.1 127.1 155.4 176.4 211.9 260.7 302.4 304.6 307.5 305.9 305.4 301.4 297.5 295.4 292.9 289.3 288.3 286 305.3 307.8 315.4 317.8 316.9 324.2 330.9 343.5 354.5 361.1 365.7 369.2 372.7
373 358.4 348.9 337 318.6 300 286 275.7 269.5 259.6 245.7 235.8 223.1 214.3 207.5 210.2 204.7 197.3 186.2 176.3 166.6 161.1 149.5 141.4 132.7 126.1 117.3 106.3 95.2 74.8 58.7 45 28.9 9.9 7.8 10.1 9.4 9.2 10 10.2 10.4 10.4 10.4 10.3 21.3 41.4 62.2 86 111.5 140.5 167 189.6 219.2 286.8 296.9 301.5 302.4 299.7 299.6 297.8 294.2 291.8 287.2 287.8 285.1 289.8 301.1 305.8 313.8 315.1 319.8 326.3 331.7 340.1 352.5 359.3 362.1 364.5 369.6
361.4 350.9 340.4 329 318 298.8 282.7 270.2 262.2 250.1 243.5 231.5 223.9 211.5 206.6 203.4 199.5 194.4 183.4 171.8 164.3 151.6 142.2 129.8 121.9 116.5 110.1 100.8 85.9 67.4 54.8 36.9 20.1 9.1 7.8 10.4 9.5 9.5 9.5 9.9 10.4 10.8 10.5 11.7 29.6 48 73.8 93.3 120.8 152.4 174.1 208.1 260.1 289.3 295.9 299.1 298.4 294.6 293.1 292.9 292.4 286.9 282.9 284.4 283.7 294.6 303 305.9 312.3 316.9 321.2 324.7 331.9 339.3 349.6 355.1 358.3 361.6 365.4
353.3 343.4 334.7 322.4 312.9 296.5 276.6 261.7 255.3 247.9 237.7 228.6 215.9 206.3 207.5 207.1 200 190.9 180.2 164.3 159.8 149.5 136.9 127.6 118.8 105.8 99.6 90.8 80.9 58.9 46.5 30.8 15.2 9.4 9.8 9.7 10.2 9.8 9.4 9.3 10.1 10.6 10.5 20.1 36.6 56.4 78.1 99.9 131.3 157.4 189.9 223.8 271.2 287.1 291.7 299.1 298.4 290.6 287.1 288.3 284.4 282.9 278.8 279.9 281.5 298 302.3 304.3 310.5 312.5 320.1 324.2 331.5 338.7 345.4 350.4 354.6 357.3 361.3
345.2 338.7 329.6 318.2 307.3 294.5 275.3 261.2 250.4 246 237.1 227.5 223.6 204.9 209.5 204.2 198.1 187.5 177.1 167.2 154.7 139.5 132.4 121.9 112.2 101.9 90.3 79.4 70.8 55.8 40.1 27.3 11.1 7.8 10.2 10.1 10.5 10.1 9.6 9.6 10.1 10.3 10.4 24.6 43.3 65.5 83.1 107.2 138.5 166.2 195.6 244.9 272.1 282.5 287.7 296.3 294.6 287.2 283 283 281.1 278 275.7 275.3 288.2 296 300 302.1 309.2 311.2 318.8 324.1 329.4 336.4 342.6 348.7 351.2 354.9 357.9
338 332.4 325 315 306.6 302.3 282.5 260.3 243.3 233.7 224 217.3 208.4 205.9 210.3 197.6 194.4 187.3 172.4 163 151.8 137.8 124.3 109.7 100.3 95.7 83.6 70.2 55.6 47.2 34.4 20.6 8.3 8 10.7 10.4 10.5 9.9 10 9.5 10 10.3 15.2 29.8 54.6 68.5 89 114.2 144.4 173.5 201.7 251.3 266.2 274.7 279.3 285.5 287.1 282.6 280.6 277 275.8 272.4 272 276.9 288.7 292.3 295.6 301.6 306.2 310.4 318.4 324.5 329.6 334.6 340.1 344.9 348.8 351.4 354.8
332.5 327.8 320.5 310.6 301.9 296.8 279.6 263.4 240.2 228.5 220.2 210.8 204.1 208.1 208.2 196 190.9 182.2 169.4 158.7 148.3 132.1 122.7 112.4 101.3 83.9 75.8 65.7 52 36.7 25.7 12.6 8.5 10.2 10.3 10.2 10.2 9.9 9.7 9.8 9.8 10.4 15.7 32 53.7 74.9 93.7 115.5 144.9 172 203.3 241.5 254.4 263 267.8 271.2 274.4 274.2 272.1 273.5 271.8 270.7 270.1 270.5 281 286.5 293.4 297.8 303.7 309 317.5 325.1 330.1 332.9 337.6 342.2 346.1 350.1 353.6
325.3 323.6 316.7 306.5 301.5 290.5 276.2 260 241.8 240.2 227 210.9 202.6 199.6 199.4 190.5 186.4 176.8 166 155.2 142.3 128.8 117.5 107 96.7 84.4 69.9 53.4 45.1 30.4 19.3 10.7 8.2 10.2 10.4 10.3 10.3 10.5 10.3 10.7 10.9 11.4 22.1 41.1 62.9 81.5 99.1 122.8 150.2 182.3 220.8 241.7 252.2 255.9 259.7 262.7 264.6 267 266.6 268.5 267.9 269.8 269.3 271.5 282.2 293.1 298 299.1 304.7 308 314.7 327.1 331.7 334.8 338 342 346.3 350.9 354.3
319.2 315.8 310.4 302.9 299.4 285.6 269.3 259.2 244.4 238.6 231.7 212.2 213.1 210.9 194.4 185.8 178.8 170.9 158.9 147.6 133.6 124.3 113.6 102.5 92.1 79.2 64.2 50.8 32.6 25.5 12.1 8.4 10.1 10.6 10.6 11.1 11 11.6 11.3 11.6 12.2 17.8 32.2 55.3 72.5 88.1 106.5 135.1 154.7 187 235.5 239 247.8 252.9 253.9 256.2 257.4 259.8 262.1 262.6 266 265.5 266 269.7 281.1 289.2 297.4 303.5 306 306.5 315.3 328.1 333.3 336.4 338.4 341.6 347 351.9 354.5
315.5 306.3 303.2 299.7 295.6 287.9 270.5 259.3 245.2 237.7 227 210.5 216 208.9 195.3 183.8 174.8 168.6 159 147.6 132.3 114.9 102.2 93.3 84.6 72.9 58.3 44 32.1 18.7 10.7 11 10.7 11.1 10.8 11.8 12 13 13.1 13.9 16.9 31.5 46.9 62.9 80 94.2 117.6 135 155.5 188.7 232.9 234 242 247.4 248.4 254.6 254.5 256.1 256.5 259.4 258.3 262.9 272.1 275.2 279.3 284.5 293.1 300 309 307 318.3 326.4 334 336.5 338.3 341.4 345.3 350.2 354.1
310.1 312.3 293.2 296 293.4 281.9 273.8 266.1 250.5 239.3 230 211.9 208.7 202.5 194.7 183.5 175.4 165.4 153.7 135.2 120.1 108.9 93.4 82 80.7 57.5 52.6 39.2 28.7 13.9 8.6 11.1 11 11 11.3 11.8 13.4 15.2 16.4 17 27.6 41.8 53.2 67.5 85.4 100 121.1 134.7 160.1 197.2 227.3 227.9 234.3 241.5 244.6 251.7 253.8 252.8 249.9 255.8 259.6 263 268 272.6 278 284.5 291 303.8 311.4 315.1 320.5 325.8 332.9 336.7 340.2 341.3 345 349.1 351.9
306.6 304.5 290.3 288.1 286 282.4 267.6 263.2 252.8 239.9 230.6 213.7 206.6 206.2 194.7 183 172.9 162.6 151.7 138 124.3 112.4 99.1 83.4 67 53.2 41.4 35.4 23.1 12.7 10.9 9.1 11.3 11.6 12 12.3 13.9 16.9 19.9 22.5 34.3 47.4 56 71.3 91.9 104 125 136.9 162.7 217.3 222 224.7 227.1 234.8 240.1 246.5 249.4 243.8 248.5 260.3 261.6 261.5 268.7 274.4 275.3 281.5 288.5 301 309.7 314.2 320.4 326.4 332.8 337.2 338.4 342.2 344.9 348.3 350.3
306.9 297.1 287.6 277.9 277.9 270.3 262.2 255.6 247.8 237 224.4 214.7 205.9 200.2 190.4 179.1 170.9 161.2 149.6 135.7 122.1 111.5 100.4 90.1 72.4 52 38.2 28.5 20.8 15.6 10.4 10.9 9.2 11.3 11.5 13.5 15.4 17.7 21.1 18.7 26.6 51.1 60.9 78.3 90.8 106.8 125.1 136.6 164.5 206.1 210.9 218 221.1 226.5 227.4 232.2 234.2 250.5 254.6 260.9 265.9 265.3 275 276.3 275.9 277.9 287.9 299.4 308 311.7 319.3 325.1 333.1 337.4 338.7 346.9 345.5 347.3 348.7
299.3 288.9 279.5 277.4 273.4 265.9 252.4 251 241 238 220.2 213.9 207.4 198.4 189.5 174.2 168.1 156.6 146.5 131.8 119.7 109.1 98.4 89.1 75.6 58.5 42 26.5 18.3 11.5 10.4 11 10.8 9.1 11.9 13.3 14.9 15.4 16.5 25.7 37.8 45.3 67.5 82 90.2 108.3 123.8 134.1 160.5 175.6 166.1 208.7 212.7 218.4 231.7 242.1 248.4 251.7 257.2 266.1 270.6 272.4 270.7 273.8 278.5 280.1 290 298 305.8 309.8 319.4 324 331.9 336.2 340.7 346.1 346.2 346.7 347.5
292.5 281.6 277.6 278.8 274.3 262 249.7 231.3 232.2 230.2 218.1 207.8 201.7 192.6 185.7 171.7 163.3 152.9 140.8 127.1 116 104.6 95.5 85.5 72.7 54.7 37.5 19 11.7 11 10.8 11.1 11.6 11.4 9.2 12.5 12.5 16.1 20.5 27.6 41.6 52.9 68.1 81.9 91.1 105.5 118.4 134.5 157.2 150 196.7 213.6 223 228.1 232.5 239.4 247 252.5 257.1 264 268.5 271 272.1 274.7 278.2 282.2 290.7 297.7 304.9 311 316.4 322.7 330.3 335.3 338.3 343 345.2 344.7 343.6
287 281.3 280.7 281.2 272.8 264.2 252.3 238.2 224.1 225.7 215.6 206.3 195.7 185.7 178.6 169.3 164 152.6 142.2 129.3 114.5 104.1 96.4 86.1 66.7 47.2 30.3 18 12.1 11.6 11.1 11.5 11.7 12 11.8 9.3 11 11.8 19.1 33.4 50.9 65.7 69.8 80.5 90.2 101.2 114 136.1 149.8 160.8 192.4 213.1 223.7 229.9 233.7 233.9 246.5 254.9 263 267.2 269.6 270.5 271.9 276.3 280 284.5 290.8 299.2 304.6 310.6 315.4 321.3 327.8 333.8 337.3 341.1 339.9 341.6 340.7
284.9 280.2 282.9 280.1 266.4 256.6 246.8 237.7 229.5 220.1 210.3 205.9 196.7 188.1 173.6 164.3 160.5 151.3 138.7 125.6 112.4 103.5 95.2 83.9 64.6 45.4 26.4 16.7 13.3 12.3 12.2 11.9 11.9 12.1 12 11.4 9.3 11.8 20.3 37.1 58.2 74.4 84.3 88.7 78.2 80.2 88.9 116.8 139.1 142.7 190 214.6 222.6 227 231 233.1 250.6 255 262.6 266.4 267.9 270.4 274.1 276.9 279.5 283.8 294.3 299.7 305.6 310.8 316.1 321.8 327.3 332.5 334.6 336.8 336.5 337.7 337.8
287.4 282.3 283 275.7 263.7 247.4 239.2 231.7 233.3 221.4 204.7 200.9 198.7 185.6 170.4 163.3 153 144.3 136 122 110.3 100.8 91 78.3 60.3 42.8 23.3 19 14.9 13.2 12.6 12.1 12.1 11.8 11.4 12.2 9.3 13.2 21.9 39.4 59.4 74.3 87.6 94.2 109 113.1 127.6 97.8 118.1 153.2 195.2 216.1 220.1 224 227.3 234 247.8 254.8 262.7 266.1 268.9 270.4 274.2 278.6 284.2 289.1 295.9 301.1 308.1 311.4 316.2 323.2 326.9 331.2 332 334 333.8 332.2 332.4
289.2 280.8 279.5 270.6 261.9 248.8 231.5 230.1 229.3 221.4 204.2 193.1 178.9 184 170.6 162.4 150.3 138.1 127 114.1 97.2 82.6 75.3 60.1 49.2 37.8 26.9 21.8 17.6 14.4 13.6 13 12.3 12.2 11.7 12 9.3 14.6 30.1 46.4 68.5 79 90.8 97.5 111.7 122.3 132.5 143.7 161.3 177.3 197.4 213.7 217.3 220.4 223.6 234.9 253.4 257.3 261.9 266.4 270.6 271.2 275 279.3 284.5 290 298.4 303.1 309.2 314.3 318.1 322.2 325.2 328.8 328.7 332.3 329.8 327.1 327.3
283.2 279.7 277.8 258.2 252.8 242.2 230.1 230.7 231.4 220 203.3 193.5 184.5 176.1 154.8 161.6 151.6 140 127.7 113.6 88.5 68.5 55.2 45.7 38.5 32.7 28.2 23.3 18 16.1 15.1 13 12.3 12.4 12.1 12.3 11.6 25.1 36.1 59.1 74.9 86.3 96.9 106.5 115 126.4 140.7 154.9 176.6 184.9 206.2 212.1 215.6 218.2 229.3 244.5 255.6 257.7 262 266.7 271.7 274.1 277.3 281.5 285.1 289.3 300.5 304.8 308.5 314.1 318.4 321.7 324.5 326.3 326.2 328 325.9 323.8 322.3
281.7 280.8 271.9 258.3 245.8 235 230.7 235.8 228.7 216 194.2 191.5 188 180.8 170.3 160.8 149.9 135.6 125.9 110.4 86.8 63.9 55.7 46.2 36.5 29.7 26 21.4 18.7 17.1 15.4 13.4 12.2 12.4 12.7 9.3 15.6 26.8 42.6 65 80.5 97.4 107.2 113.8 123 131.5 146.2 162.7 179.3 191.1 204.3 210.8 214 221.2 237.7 247.3 253.3 258.2 264.3 267.2 272.3 277.3 278.6 284.8 290 291.2 299.5 304.2 309.5 315.3 319.2 321.7 324.1 325.1 324.4 322.7 323 322.4 319.3
283.1 278.5 274.1 266.3 250.5 234.7 236 233.5 224.7 213 194.8 192.9 192.1 181.8 172.8 162.4 151.3 139.5 123 112.2 89 69.2 45.2 41.2 38.7 27.3 24.6 21 18.2 17.1 15.4 12.5 12.4 12.5 12.2 9.4 17.6 33.1 48.2 63.4 77.8 86.7 104.6 119.2 126.8 138.1 148.8 166.5 187.5 193.9 206.3 207.4 208 224.3 238.5 242.2 253.6 260.1 266.3 270.9 280 285.7 285.7 287.2 292 296.6 300.5 304.8 309.6 315.3 318.8 321.6 325.2 325.6 324.5 321.7 321 319.9 315.7
288.3 282.2 272.3 261.5 245.7 236.7 238.4 233.6 221.2 211.6 196.2 194.5 191.1 180.7 172.5 161.6 152.6 137.1 121.6 111.5 91 77.9 59.9 48.2 37.4 29.9 24.2 19.8 17.8 15.1 14.2 13.2 13.4 13.3 12.7 9.6 20.1 36 53.3 67.8 84 98.9 104 122.2 130.5 142.5 157.1 172.7 193.1 196.3 206.1 205.3 207.3 226.3 243.9 242.8 251.6 261.3 267.3 272 287.5 291.1 290.3 288.1 296.3 298.6 303.4 308.9 311.9 315.4 318.3 321.9 325.3 327 323.4 320.4 318.5 317.1 312.4
294.1 280.6 268.8 262.7 244.5 238.8 236 228.9 220.8 206 199.1 197.4 190 180.1 172.7 158.7 149.5 135.2 120.7 103.5 88.6 69 57.4 59 46.2 26.7 19.6 17.3 14.8 13.7 13.4 13.6 12.8 13 12.4 9.9 25.8 37.9 52.6 68.3 85.3 101.2 116.4 122.9 134.2 148.3 157.9 176.7 192.2 195.3 207 203.8 219.4 235.6 246.6 249.7 256.6 270.8 274.1 280.4 290.8 294.8 298.4 299.2 301.2 305.7 308.3 310.4 316.2 316.5 321.9 325.9 326 327.2 323.3 321.9 316.6 313.9 312
287.3 280.6 271.9 266.4 245.4 240.9 236.6 226.9 218.3 212.4 201 197.2 186.3 178.8 170.2 159.9 148.8 132.6 120.9 101.1 100.7 97.1 91.6 68.7 47.4 31.4 15.7 12.5 12.7 11.6 10.9 10.8 10.8 10.8 10.3 16.5 27 43.3 59.2 79.4 96.1 99.5 117.6 132.3 137.9 150.2 164.1 177.8 186.8 194.9 202.2 215.9 225.9 238.5 248.7 258.8 267.3 276.3 280.1 292.1 295.8 302.7 309 306.1 309.5 311.1 316.6 315.5 320.2 325.1 326.9 329.3 328.9 329.9 325.2 322.4 319.2 315.5 310.8
282.2 275.6 269.4 255.9 244.4 240 233.7 223.9 219.1 211.1 202.1 192 187.4 179.1 168.7 157.4 148.1 133.9 119.4 110.6 118.4 109.2 89.8 67.8 48.9 29.1 12.9 13.3 11.7 13.6 13.7 13.5 13.3 13.3 13.3 17.3 28 42.9 60.6 85.3 99.6 112.8 117.1 129.8 141.6 157.4 166.7 177.5 184.4 194.8 211.3 227.7 227.4 239.8 249.3 265.5 274 279.5 285.9 295.3 300.8 311.1 314.9 315.3 313.2 320.5 321.6 322.1 325.4 330.8 331.3 332.7 331.3 332.1 327.9 322.7 320 315.2 312.1
281.1 270.9 264.3 249.6 241.9 238 228.5 224.7 215.8 205.2 201.4 192.1 186 180.5 173 160.4 148.1 131 125.6 124 117.4 108.8 88.1 66.5 47.5 25.9 13.2 13 14.1 14 13.7 13.6 13.4 13.2 13.4 18.4 30.6 42.5 64.3 87.1 101.8 114.7 127 138.7 147.1 163.6 174.5 187.6 194 201.9 219.4 228.6 235.7 244.2 253.1 270.9 282.2 284.4 293.1 301.4 310.5 318.8 323.7 322.8 322.6 327.5 330.9 329.8 333.4 336.6 338 339.4 341.1 336.7 330.2 325 319.4 315.1 311.7
280.8 269.4 258.8 246.4 238.3 231.8 226.5 222.4 209.9 200.1 194.1 189.2 181.6 181.4 167.2 153.6 141.7 131.2 128.6 126.6 119.5 110.8 92.2 66.8 43.7 26.7 12.5 13.5 14.1 14.1 13.8 13.6 13.8 13.7 13.3 20.1 31.2 44.9 65.6 92.6 102.4 116.3 128 140.6 151.1 168.4 178.5 186.7 193.9 201.2 219.4 232.1 241.3 246.4 253.8 278 285.6 290.1 301.7 310.5 320 327.2 332.6 333.2 330.8 333.9 337.3 340.8 340.7 344.4 343.5 341 341.8 336.9 330.4 325.5 320.5 314.7 311.4
273 266.1 249.6 241.1 232.9 227.2 225.1 221.9 206.2 195.7 191.1 184 177.5 170.3 161.3 149.2 138.2 134.1 134 126.9 116.1 107.9 89.8 66.5 43.7 26.3 12.7 13 14.7 14.3 14.1 14 12.8 13.8 13.6 26.9 34.6 48 73.9 92.1 104.8 120.3 131.9 139.5 154.5 168.1 177 185.1 197.3 205.6 216.1 232 243.8 255.4 266.1 280.4 286.7 297.9 306.9 318.6 325 332.6 338.4 342 339.9 340.4 345.4 350.6 346.5 349.7 345.2 341.7 341.4 337.1 334.1 330.2 322.3 318.4 310.1
269.7 254.4 244.3 236.4 227.6 225.3 223.5 216.2 202.9 194.1 189.1 182.9 181.2 169.9 160.4 154.9 149.2 141.8 134.8 128.5 118.2 103.8 89 64.1 45.5 22 13.9 13.1 14.7 14.3 14.4 13.8 13.8 14 18 29.2 38.6 50.1 76.2 96.2 107.6 120.8 132.9 143.4 157.5 167 178.3 187.7 201.2 208.7 219.1 236.4 255.3 260.1 271.5 282.7 290.3 304.5 313.7 327.7 335.3 336.8 344.5 347.1 346.1 345.6 352.4 355.4 351.5 348.1 346.4 344.9 342.2 338.7 334.9 333.6 326 319.5 315.4
