Game/Highland_Data/StreamingAssets/GeoData/Data/nc/NC56.asc
ncols 200
nrows 200
xllcorner 250000
yllcorner 960000
cellsize 50
[rows 108 to 143 of 200, columns 81 to 161 of 200]
308.8 310.3 317 310.6 301 290.5 280 268.9 260.3 258.1 256.1 250.6 242.7 235.5 225.5 211.9 200.8 200.9 202.2 200.8 197.2 195 192.2 188.5 185.5 178.4 175.7 173.6 171.1 167.6 163.7 157.1 154.4 156.2 158.9 164.4 163.5 152.2 149.6 143.2 130 118.5 107.2 95.5 90 74.7 54.3 42.6 28.8 23.2 20.2 19 14.5 11.3 9.7 6.3 10.5 11.4 9.5 10 14.5 26.7 37.5 57 68.1 86.6 106.5 118.9 111.5 109.9 94.2 83.8 76.4 72.9 65.9 68.7 67.4 58.6 56.3 56.3 57.9
305.1 304.6 307.6 299.7 290.9 278.9 270.9 261.1 255.8 256.9 257.6 250.3 242.3 232.4 220.9 206.4 197.4 196.9 198.5 198.7 197.3 197 193.2 186.4 182.5 177.9 174.3 172.8 170.1 166.7 163.3 158.2 151.8 147.1 145.2 147.9 151.9 142.5 134.5 129.8 121.8 108.6 101.4 97.2 91.7 76.6 52.4 32.7 25.1 20.6 17.4 15 10.3 9.8 9 14.1 15 17.2 16.9 16.9 22.2 33.1 47.9 64.4 75.6 88.8 101.2 113.8 119.6 117.2 110.5 96.2 84.8 77.5 67.8 71.4 64.9 57 56.3 56.8 62.5
301.6 299.9 298.4 289.1 278.1 269.1 261.1 252.9 248.9 248.7 253.4 246.4 236.5 223.1 210.6 204.6 195.7 195 196.2 197.7 197.5 196.3 192.1 184.9 182.4 176.9 173.9 172.7 171.3 167.1 162.1 158.5 153.6 148.4 142.6 138.9 136.6 129.6 121.1 121.2 124.3 113.9 102.7 101.5 93.6 74.5 49.1 29.1 23 20.3 15.9 8.6 10.4 9.4 18.3 18.2 17.8 20.8 20.7 25.6 28 40.7 69.3 74.8 85.1 100.2 105 114.9 119.5 117.6 110.1 100.4 92.3 83.9 77 69.6 67.3 61.7 61.7 61.5 70.6
298.9 296.2 293.2 285.8 275.4 266 257.3 249.4 241.9 239 239.8 233.2 223.5 217.1 209.4 202.5 194.8 192.8 195.6 197.2 196.8 193.4 188.1 186.4 182 177.1 172.9 173.4 172.2 168.7 164 158.9 153.4 148.9 143.2 136.4 128.2 121.9 121.2 123.5 118 108.5 103.9 106.8 94.9 68 43 27.3 23.4 21.4 17.3 10.2 10.9 12.3 19.1 19.5 23.7 26.2 30.1 32.6 35.7 53.3 75.8 84 91.7 108.1 111.9 116.8 123.7 123.8 113.9 102.6 99.7 94.7 89.9 86.2 78.4 70.4 67.5 64.8 74.8
297.6 295.3 289.2 282.8 275.7 267.1 258.9 245.4 235.7 231.5 228.5 222.4 217.4 213.3 209.3 201.1 194.5 192.1 194.7 194.4 192.7 189.9 187.9 184 180.2 174 172.6 173.5 172.4 169.4 165.8 160 152.7 147.8 141.4 137.9 128.5 123.5 120.4 117 111 105.6 102.3 100.9 85.3 61.8 37.3 25.3 24.1 21.9 13.6 11.9 12.1 17.9 22.3 28.2 34 34.3 36.6 40.4 46.6 65.4 80 89.4 97.8 107.9 118 121.8 126.4 128.7 117.9 111.1 106.6 96.4 90.6 86.3 82.5 74.7 67.2 67.1 81.8
295.6 292.7 285.2 279.6 271.8 262.3 254.3 242.3 233 223.4 219 216.1 217 213.6 208 199.6 195.1 191.6 192.3 191.3 186.6 187.3 184.1 179 177.3 172.7 171.5 170.8 170.5 167.9 165.2 155.9 151.6 143.6 139.4 134.2 127.2 121 116.6 112.5 106.5 101.8 97.8 90.1 74.5 52.8 35.8 27.3 28.4 21.8 12.3 12.7 14.6 25.7 30.9 41.7 45.3 44.2 43.6 47.7 57.7 72 82.3 94.4 102.5 113.5 122 123.4 126.7 133.3 120.9 115.7 110.1 97.4 92.2 83 79 71.6 68.5 70 79.2
290.7 288.5 281.2 274.7 267 259.2 252.4 245.5 232.8 223.7 220.3 219.6 219.1 212.4 208.4 198.6 190.2 190.3 190.3 188.7 186.3 184.3 180.1 177.3 173.3 170 168.6 166.5 166.1 162.6 161.4 157.9 147.2 146.4 140.6 132.9 125.2 119 113.1 107.8 103.1 96.4 85.2 77.4 64.9 44.4 35.7 31.3 23.8 21.7 13.1 13.4 20.2 37.3 46 54.2 58.9 52.1 52.1 55.8 66.6 77.5 84.6 99.1 107.1 117 124.3 124.8 126.5 130.7 124.2 119.6 116.5 103.3 91 82.5 74.6 73.2 68.8 69.6 70.9
282.6 281.5 277 271.5 264.1 259.1 254.2 247.2 228.3 227.8 221.7 222.5 219.5 213.6 208.9 196.3 189.2 187.8 187.7 185.8 183.3 179.7 176.9 173.6 171.3 165.7 163.2 160.2 159.3 159.3 158.1 152.9 154.5 147.8 138.8 131.3 123.2 115.5 110.9 104.9 99.1 91.2 77.2 68.3 58.4 41.5 34.5 27.1 24.5 20.8 14.4 14.2 28 56.3 66.7 63.9 63.4 61 61.5 63.3 72.9 83.1 90.1 100 108.9 116.6 121.9 124.7 125.3 125.9 124.6 120.7 118.6 108.5 97.5 83.5 75.9 71 69.1 66 65.3
272.8 272.8 272.5 267.7 262.7 257.4 257.4 240.1 230.9 227 221.8 221 218.3 213 207.4 192.5 187.4 185.7 184.1 180.4 177.2 174.8 171.3 167.8 164.2 161 160.4 158 156.8 156.2 156.4 158 154.9 146.5 136 129 121.1 114 107.5 100.8 95 83.8 75.2 67.8 54.9 38.1 33.4 28.9 25.5 21.7 14.8 14.2 38.5 76.2 73.8 71.4 70.1 69.9 70.1 74 80.7 87.9 94.4 102.2 108.1 112.1 118.1 122.4 122.4 122.1 120.1 116.3 113.3 109.1 102 87.4 79.9 74.2 70.3 65.9 60.8
263.9 264.1 263.9 262.6 262 255.3 247.2 235.1 230.7 224.1 221.3 218.1 215.8 211.9 199.7 189.9 184.2 182.1 179.6 174.4 170.1 168.2 164.5 161.9 159.3 158.1 155.9 153.1 152.3 152.6 153.6 153.6 148.1 139.8 130.6 123 117.8 110.3 104.7 98.9 89.9 80.9 73.4 61.6 48.1 36.9 32.8 31.4 23.7 16.1 16 20.1 42.4 66.6 74.5 75.3 75.5 76.8 81 82.8 87.6 92.4 98.5 104.4 108.5 111.1 114.7 117.5 117.6 114.6 110.3 107.1 102.8 101.3 93.2 89.8 86.4 81.4 75.6 67.7 63.5
254.4 256.5 255.3 254.7 253.3 248.4 241.5 236.4 230.3 225.3 221.1 213.7 209.7 203.3 194.1 186.2 182.8 177.4 173.5 166.9 163.7 161.7 159.5 157.2 154.5 152.5 149.7 147.8 146.9 146.8 147.5 145.7 140.2 133.6 126.8 119.8 111.9 105.1 100.3 93.7 83.5 74.3 68.2 59.6 45 37.4 32.6 29.9 23.9 17.1 16.9 26.5 43.8 64.7 74.4 78.3 79.9 83.8 87.6 89.4 93.9 98.9 101.4 106.8 109.9 110.4 112.6 113.5 112.9 109.9 104.3 96.6 89.6 88.7 92.5 96.1 93.8 88.3 81.7 74.2 73.6
245.3 248.1 247.9 247.6 244.5 242.7 240.5 237.1 231.3 226.3 220.6 211.1 203.9 197.4 190.2 181.9 179.3 175.2 170.2 157.3 157.5 158.2 154.2 151 148.2 146.1 144.3 142.2 141.3 141.3 140 136.3 130.3 124.7 117.7 112.6 105.4 100.7 95.4 91.3 82.2 70.5 61 52.3 44.9 37.3 35.9 26.9 24.7 17.7 17.2 31.7 47.8 63.2 75 80.2 85 89.9 93.8 95.5 99.7 105.1 106.3 108.6 110.6 109.8 110.3 110.9 109.9 106.3 99.9 91.8 86.9 85.9 93.2 99.5 96.6 91.8 85.2 75.4 68.2
238.4 238.7 239 240.2 237.6 237.3 238 236.5 230.6 225.8 220.3 210.2 198.6 188.8 181.2 179.1 175.9 171.6 165.8 157.6 150 152.7 147.7 144.5 141.5 139.5 138.5 136.8 135.5 133.8 132 126.6 121.3 115.5 110.1 103 97 93.8 89 84.2 76 70.1 60.4 50.4 39.8 34.9 26.6 24.5 20 18.2 16.3 35.4 50.6 63.6 75.1 83.3 89.7 94.7 98.4 101.6 104 106.3 109.1 111.1 111.7 110.2 109.4 109.1 108.5 103.9 97.8 90.6 85.4 82.8 93 98 92.4 88.8 83.9 76 70.7
230.4 230.9 230 232.7 230.4 230.7 232.8 233.2 228.9 225.4 218.5 206.7 194.5 183.4 177.1 175.4 172.4 168.3 161 153 149.2 145.1 143 139.7 136.7 134.7 133.3 130.6 128.1 125.6 122 117.1 111.3 106.3 99.5 95.6 91.8 87.5 77.9 67.7 65.6 68 62.3 52.5 47.2 37.8 27.6 22.4 19.7 20.1 30.3 39.5 52 64 76.1 85 93.5 99 102.8 105.9 107.5 110.8 112.7 112.7 112.3 110.6 109.2 107.7 105.9 101.8 95.9 90 84.9 79.6 80.5 87.8 84.4 83.1 81.8 75.5 73.3
225.7 224.6 223.5 223.1 221.9 223.1 225.7 226.9 223.4 220.1 214.3 201.9 190 180.6 175.5 174 171.3 165.1 157.8 153.3 148.7 142.6 139.9 136.8 134 130.7 127.9 125.7 120.4 115 108.7 105.4 101.2 97.6 93 88.9 84.2 78.2 85.1 83.3 79 72.5 64.5 57.8 48 37.4 25.7 19.5 20.2 25.7 34.8 43.2 52.1 63.9 76.8 87.3 96.6 102.6 106.3 109.1 111.7 116.4 115.5 114.2 113.2 111.1 109.5 108.7 106 101 94.5 90.4 85.5 79.3 73.1 71.7 72.8 73.3 71.5 69.4 66.7
221.3 219.6 217.6 215.6 213.9 213.5 215.6 216 215.7 213.8 208 197.5 187.6 179.7 175.6 174 171.2 164.8 159.3 151.4 144.7 140.5 134.5 134.8 132.8 128.4 123.7 121.6 113.6 105.7 103 101.1 97.1 92.1 87.2 87.4 82.2 88.1 87.7 85.5 81.3 75.4 66.6 57.3 49 36.2 23.5 21.8 21.5 29.4 39.2 46.9 53.6 63.9 76 89.8 99 105.3 109.1 111.4 113.1 117 115.5 114.9 113.7 111.3 109.7 109.6 106.6 101.1 94.9 90.8 86.1 80.7 75.9 69.2 62.7 62.2 59.6 56.8 56.8
218.7 216.1 213.4 208.3 206.6 204.9 205.5 206.5 207 206.2 200.9 192.9 185.6 178.9 175.3 173.6 170.7 164.5 158.7 153.8 145.7 139.8 134.9 129.9 128.9 126.9 124.4 118.9 113.4 105.2 102.5 100.4 92.5 91.6 89.6 87.9 89.7 89.6 88.3 85.2 81.3 74 67.8 59.1 44.9 32.5 24.1 22.6 23.3 34.2 43.9 51 55.1 62.7 76.3 92.1 101.4 107.5 111.4 113.5 114.1 114.2 114.6 116.3 114.7 111.6 110 109.8 106.3 100.7 95.1 92 86.4 85.7 81.4 72.4 66.9 62.3 56.6 51.5 49.3
216.6 213.1 209.6 204.5 199.1 195.5 196.4 196.5 194.7 196.6 193.6 190.6 184.3 178.7 174.9 172.6 169.4 163.8 157.6 152.8 146.6 137.5 129.9 127.6 126.6 121.2 119.9 118.3 113.3 104.1 99.7 96.6 94.7 92 91.3 92.5 93.1 91.6 88.1 82.3 75.5 70.6 62.6 52.5 40.4 29.1 26.3 22.6 26.5 38.8 46.7 54.1 57.4 64.4 79.8 93.6 103.4 109.1 112.9 114.1 113.8 113.4 113.6 116.6 114.3 111.2 109.8 109.2 106 100.6 95.5 92.6 90.3 88.2 83 76.2 76.3 68.7 64.5 55.1 51.1
216.6 212.3 208.1 200.6 193.3 187.4 186.1 181.7 183 186.9 188 187.9 182.7 177.9 173.7 170.4 167.4 162.5 156.1 150.6 144.1 135.3 133.6 131.8 126.2 122 118.2 115.5 109 103.3 98.4 99.6 95.2 95 96 95.9 95.5 93.5 88 80.4 73.1 68.9 60.4 51.4 35.2 27.4 25.8 24 30.9 40.7 47.7 53.8 59 70.1 84.7 96.1 104.5 110.3 113.6 114.1 113.2 112.6 112.8 113.6 112 110.1 109.6 108.3 104.9 100 95.8 93.1 91.9 90.5 86 84.7 79.7 73.6 69.5 59.2 54.2
215.9 211.9 205.4 199.2 192.2 186.6 180.6 178.9 175.8 178.3 182 183.7 181.2 176.6 171.9 168.2 165.3 160.4 154.1 149.2 143.2 137.5 134.1 131.2 126.4 120.1 115 112.2 109.7 103.4 100.8 98.6 97 97.8 97.8 98.7 97.6 94.3 86.3 77.3 70.3 64.5 57 44.7 34.4 28.3 25.8 24.2 33.7 41.9 48.5 53.5 63.2 77 90.3 98.2 105.9 111.3 114.2 113.5 112.7 112.7 112.8 112.5 110.7 109.7 109.1 108.2 104.4 100.5 96.5 94.7 93.7 91.9 88.3 87 82.8 75.6 69.8 63.1 57.3
220 213.5 208.2 202.8 192.5 185.8 180.2 174.9 172 173.3 176.1 177.9 178.5 174.9 169.4 166 163 158.2 153.1 148.8 141.9 137.1 135.4 131.2 126.5 117.3 117.6 111.9 107 104.6 101.3 99.1 99.7 99.6 99.1 99.6 98.6 93.5 82.9 74.4 68.7 60.1 51.8 43.3 31.8 29.2 26.4 24.8 32.6 43.4 48.9 56.6 69.4 85.1 93.9 99.5 106.8 111.8 114.1 113.5 112.8 112.7 112.5 112 110.6 109.2 109.1 107.8 104.7 101.4 97.5 95.6 95.5 92.9 89.8 88.8 85 77.9 70.5 66.7 61.6
221.4 216.1 210.5 202 191.9 186.3 180.6 175.9 171.7 169.9 171 172.1 172.7 170.8 166.7 163.3 161.2 156.7 152.7 148.4 141 139.7 135.2 129 124.5 121.3 117.4 109.8 107.7 106.6 103.3 100.1 102.2 101 99.2 98.7 97.8 92.7 81.1 72.7 66.8 58.3 50.7 42.6 34.1 30.5 28.6 23.8 33.2 41.1 50.6 63.2 80.8 91.5 96.7 101.2 107.1 112 113.8 113.8 113.3 112.7 112.4 112 110.8 110.2 110 108.7 105.7 102.1 98.2 96.2 96 93.8 91.7 90.8 87.3 83.8 78.5 76.5 72.1
220.9 217.8 211.3 201.5 193.2 186.5 178.9 173.7 170.5 168.6 167.5 168 167.6 166.1 162.7 160.7 159.1 156.1 152.5 148.4 144.7 141 135.2 131.1 124.2 120.7 114.3 113.6 110.2 106.3 101.7 103.3 103.6 101.3 98.3 95.3 93.8 87.2 78 69.1 63.3 55.2 48.9 38.7 33.8 31.6 30.3 28.9 31.5 41.2 55 68.3 91.1 98.1 99 102.3 107.2 111.8 113.4 113.7 115 115 114 113.9 113.5 113.4 112.8 111.2 108.2 104.5 99.4 97.2 96.7 94.9 93.7 92.8 91.4 90.8 85.9 85.5 81.7
216.6 214.9 206.5 200.2 193.9 185.9 177.6 172.9 169.2 166.9 165.3 164.5 162 159.7 158.5 157.9 157.1 155 152.4 149.1 145.3 141.8 136.2 132 126.1 119 114.9 113.3 109.3 106.3 104.7 103.7 103.6 101.2 95.7 93 88.1 84.1 75.5 69 65.4 58.3 54.1 44.1 36.6 33 31.6 28.9 28.1 42.4 58.2 71.8 88.8 101.6 101.7 104 107.2 111.2 113.1 115.5 117.2 118.1 118.1 118.1 118.2 117.7 116.7 114.9 111.7 106.7 100.9 98.7 97.7 95.9 95 94.7 93.6 94.8 92.7 92.7 88.8
210.2 207.4 202.1 198.6 193.6 184.7 177.3 171.9 168.1 165.1 162.4 161 159.1 158.1 157.4 157.2 155.5 153.3 151.2 148.5 145.2 141 135.4 130.9 123 117.6 114.9 111.2 109.2 106.9 104.4 102.4 101.4 99.7 94.4 90.4 86.2 80.8 75.9 66.6 64.6 63.8 53.1 46 40.1 35.8 33.2 28.7 27.7 42.1 57.3 72.2 86.7 100.7 101.7 104.2 107.3 112.2 114.5 116.9 118.6 120.5 123.9 125.1 125.1 123.5 122.3 119.6 115.7 110.7 103.3 100.2 98.9 96.8 96 95.6 95.1 96.5 96.1 96.1 94.7
202.4 199.6 197.7 196.7 190.8 182 175.7 171.1 167.1 163.9 161.7 158.1 157.1 156.6 156.5 155.8 153.7 151.4 148.2 145.2 142.4 139.2 134.1 128.4 120.3 115.9 112.3 109.7 107.9 105.3 103.4 102.3 101.1 99 94.1 89.1 85.9 82.5 80.1 78.2 72.8 66.8 57.3 50.9 45.4 42.1 36.8 30.2 29.3 42.7 55.4 71.3 84.2 94.9 100.1 104.6 108.1 113.5 116.3 118.5 120.4 123.9 128 130.8 131.8 129.7 127.9 124.7 120.1 114.1 105.7 102.3 100.4 98 96.6 95.9 95.3 96.5 97.2 97.5 95.8
195.7 193.9 193.5 193 186.8 178.8 173.5 170.5 166.4 161.8 160.8 158.8 155.3 153.9 155 153.7 151.5 148.7 145.1 141.8 139.2 136.4 131.6 124.2 119.9 113.1 111.9 109.8 107.4 105.2 104.2 103.3 101.6 98.7 96.2 90.5 87.8 88.1 88.5 84.7 76.8 69.7 59.8 55.2 51.9 45.7 37.9 31.7 31.2 41.9 56.7 71.1 83.4 93.5 100.3 104.9 108.9 113.7 119.1 122.4 124.5 127.4 132 138.7 137.1 136.5 134.8 130.3 125.7 117.9 107.1 104.5 102.1 99.3 97.5 96.4 95.2 94.9 95.7 93.8 95.2
190 188.8 188.7 186.4 180.1 174.6 170.9 168.5 165.5 163.3 161.5 159.1 156 152.8 152.3 151.3 149.2 145.9 142 137.8 135.3 132 125.3 121 116.4 112.7 112.4 109.8 107.1 106.1 105.4 104.2 102.5 101 98.1 93.4 96 98.6 97.6 91.3 81 73.1 65.1 56.9 55.2 49.7 44.8 37.3 34.3 52.8 55.4 71.2 83.1 92.3 99.6 105 109.6 115.3 123.1 125.7 127.9 130.4 134.9 137.9 137.5 136.3 133.7 128.8 122.4 115.1 110.5 106.3 103.5 99.8 98 96.5 94.5 92.7 91.5 90.9 91.4
184.1 182.9 181.8 178.5 173.5 169.6 167.7 166.4 163.6 162.3 160.3 158.1 155.3 152.5 147.7 149.1 146.9 143.1 139.2 134.9 132.4 128.4 124 122.5 114.3 114 110.9 108.3 108.3 106.7 105.8 104.7 103.6 102.2 99.4 98.2 105 107.8 105 97.6 85.7 77.4 71 65.6 64.7 54.3 57.4 43.6 44 59 66.4 68.9 80.3 90.5 98.7 105 109.2 117.6 124.4 128.2 130.5 132.2 134.2 136 136.5 135.1 131.9 127 122.2 116.2 111.7 109 104.5 100.6 97.7 96.2 94.2 92.5 90.7 89.5 89
177.2 175.7 174.1 171 167.1 165.3 164.4 164.2 162.3 161.3 158.5 155.6 154 152.3 150.3 147.7 145 141.1 136.3 131.2 128.6 126.2 122.6 120.2 114.6 113.3 109.9 110 108.8 107.4 106.5 105.8 104.9 103.4 101 102 109.1 116.5 112.2 103.3 88.3 78.8 73 71.4 70.8 67.4 64.2 42.6 50.7 63.7 70.3 73.7 77.9 86.9 97.1 103.9 108.5 114.8 123.8 127.9 131.5 132.7 133.1 134.6 135.2 133.1 129.8 126 123.1 117.7 113.2 111 104.6 100.7 97.1 95.3 93.3 91.7 90.1 89 86.9
172.6 170 167.8 166.5 163.5 162.5 161 161.5 160.7 158.7 156.1 154.7 152.9 151.2 149.6 147.1 140.5 139.1 133.4 128.3 126.1 123.1 120.4 116.8 115.3 112.2 111.2 110.6 109.2 107.9 107.1 106.4 105.6 104.7 103.4 105.1 112.1 116 112.1 101.7 88.9 78.8 74.6 73.5 71.7 63.9 52.4 39.3 58.3 66.6 72.7 78 79.7 84.5 92.7 100.3 105.8 111.8 116.6 123.7 129.7 131.9 132.3 132.4 132.6 130.7 127.7 123 119.3 116.1 113.8 110.6 105 99.7 96.4 94.4 92.4 90.5 89.4 88.6 86.2
170.9 167.5 165.4 163.3 162.9 160.3 158.8 158.6 158.3 156.7 154.7 154.1 152.6 150.9 148.9 147.5 143.6 136.2 132.9 128.6 126.9 122.7 118.6 116.9 114.8 111.9 112.3 111.3 109.9 108.3 107.7 107 106.2 105.8 105.7 107.3 110.9 112.3 108.3 97.6 86 76.6 74.8 71.9 63.3 54.8 41.4 49.8 62.3 69.8 74.6 79.3 82.2 86 91.1 97.2 102.9 108 111.4 114.8 122.2 126.6 130.3 130 129.6 128.4 125.2 122.1 119.7 116.9 113.8 109.9 105 97.5 95.3 93.5 91.5 89.8 89.2 87.4 84.9
167.8 165.8 164.8 163.4 162.4 159 157.4 156.7 155.6 154.4 153.6 153.1 150.9 148.4 145.6 144.8 142.1 136.7 131.6 128 124.7 121 118.3 116 113.5 112.3 112.3 111.5 110 108.7 108.1 107.4 106.8 106.9 107 107.7 109.1 108.3 103.3 93.4 82.6 74.7 70.8 64.6 59.3 50.5 47.3 55.2 63.9 70.6 75.1 79.6 84.4 88.4 90.8 95.2 99.9 104.8 107.2 111.2 115.8 119.9 122 125.9 126 126.8 124.1 120.8 118.5 115.4 113.3 108.8 102.5 95.3 93.7 92.7 90.9 89.6 89.7 88.5 83.8
168.9 166.4 165.2 164.2 161.7 159.5 155.5 153.1 153.9 152.6 151.1 149.9 147.6 145.8 143.9 139.2 135.8 131 128.9 125.8 122.5 120.1 116.8 115.3 113.6 112.3 111.4 111.4 110.7 108.9 108.3 107.6 107 106.9 107.4 107.5 106.2 102.4 96.8 89.7 77.2 71.5 66 61.8 56.4 46.3 57.9 61.3 66.3 70.9 74.8 80.3 87.8 91.4 92.7 95.2 98.2 102 104 106.8 111.1 115.2 117.5 119.2 121.7 124.3 124 120.4 115.9 112.8 108.6 105 99.3 94.3 92.8 91.7 90.9 90.3 90.2 88.5 82.6
172 169 166.7 165.1 163.2 160.1 155.9 153.9 151.6 150.8 150.4 151.3 152.3 151.9 149.8 145.5 139.4 134 128.9 124.8 123.5 120.4 115.5 111.8 112.6 111.3 110 110.1 109.7 108.6 108.1 107.5 106.9 106.7 106.1 104.6 101.1 97.6 91.9 82.8 75.9 68.6 63.3 62.1 57.3 53.4 62.4 65.4 68.3 71.7 76.6 82.1 91.7 96.6 96.5 96.7 98.2 100.4 102.7 105.3 107.6 110.1 112.6 115.9 118.2 122.1 123.5 120.7 114.9 109.7 107.2 103 96.8 93.9 93.2 92 91.8 91.4 91.2 87.3 80.8
174.6 171.2 169 166.7 163.6 157.5 156.6 156.4 155.1 152.3 152.3 152.9 153.2 152.3 150.2 146.7 138.3 132.1 126.9 124.4 124.3 120.1 116.9 112.9 108.3 109.9 109 108.9 109 108.2 107.6 107.2 106.4 105 103 99.8 97.7 93.9 87.5 80.2 71.7 65.9 64 66.1 54.1 63.3 66.4 69.6 72.3 75.3 80.4 88.4 99.3 101.3 99.5 98.7 99.3 100.5 103.1 105.3 106 107.4 109 113.2 116 118.7 123.4 121.9 115.7 108.7 105.2 98.8 95.4 93.9 93.2 92.4 92.3 92.8 92.7 87.4 78.9
