Game/Highland_Data/StreamingAssets/GeoData/Data/nc/NC61.asc
ncols 200
nrows 200
xllcorner 260000
yllcorner 910000
cellsize 50
[rows 105 to 139 of 200, columns 0 to 78 of 200]
161.1 163.5 167.3 171.3 173 174.5 177.3 178.4 179.4 180.2 180.6 181 181.7 182.4 183 183.9 184.6 183.7 182.8 183.6 184.3 186.2 188.1 189.9 191.8 193.7 196.2 198.4 200.5 202 203.6 204.4 204.6 204.6 202.6 200.7 200.6 197.1 196.3 195.8 193.8 193 190.6 185.8 181.7 179.4 180.5 177.2 174.3 171.3 170.8 169.6 170.5 169.2 169.7 168.5 165.5 167.7 168.5 168.4 168 167.6 167.1 166.7 166.5 166.4 166.1 166.4 166.5 166.4 166.5 168.2 169.4 170.3 169.7 168 165.1 164.7 165.9
157.5 157.9 160.7 164.1 167.3 170 173.9 174.9 175 176 176.5 177 177.6 178.3 178.6 179.3 179.4 178.9 178.5 178.5 176.7 181.5 184.3 186.1 187.8 189.5 191 192.6 194.4 196.1 199.1 200.6 199.7 198.6 197.4 195.3 195.5 192.7 191.4 190.1 186.7 184.6 184.1 180.1 178 177.5 180.9 176.8 171.3 169.5 168.9 168.1 167.9 168.1 167.3 167.4 168.1 168.6 168.7 168.9 168.8 168.6 168.2 167.9 167.7 167.8 168 168.7 168.8 169.3 172.6 175.5 179 175.7 174.5 173.5 175.4 173.3 170.9
156.5 156.6 156.7 157.3 160.3 163.9 167.8 169 169.9 171.5 172.4 172.9 173.5 173.8 174.2 174.6 174.5 174.5 174.4 174.3 172.8 176.5 179.2 180.9 182.3 183.7 184.9 186.4 188.3 190 192 193.4 193.5 192.4 191.2 189.9 188.8 186.8 185 182.5 179.4 177.5 175.8 173.8 173.3 175.6 174 170.5 169.1 169.1 167.6 168 167.7 165.9 168.1 168.4 168.6 168.8 169.3 169.6 169.6 169.5 169.3 170 171.6 171.7 171.5 172.9 175.2 176.4 176.4 181.2 186.3 182.5 186.4 188.3 189.2 185.6 181.3
155.3 156 155.8 156 155.8 158 161.4 162.5 164.1 165.9 166 167.6 168.6 169 169.3 170.3 170.7 170.6 170.3 170.3 168.9 172.2 173.6 175 176.5 177.8 179.2 180.3 182.2 183.9 185.4 186.9 187.5 187.4 186.2 184.9 183.6 182.4 179.9 176.1 174.2 172.2 171.6 170.4 169.1 171.3 167.9 167.4 166.7 168.5 166.5 165.9 168.3 170.2 171.4 169.3 170.9 169.9 170.1 170.3 170.3 170.7 171.8 173.7 175.9 176.7 176.9 179.6 178.6 181.5 183.4 188.8 190.7 191.1 195.1 195.3 191.7 187 185
154.5 155 154.5 154.8 155 155.1 155.9 156.6 157.9 160.6 163.1 162.4 163.5 163.8 164.4 166.4 167 167.6 166.8 166 165.3 169.2 168.6 169.1 169.9 172 173.6 174.6 176.2 177.7 179.3 181.2 182.5 182.5 182.1 181 179.6 178.9 176.2 172.2 171.4 170.2 169.8 167.9 167.3 167 166.9 165.7 164.7 164.8 165.5 167.5 170.2 173 174.9 176 175.2 173.2 172.3 171.4 171.8 173.4 175.2 176.4 181.3 184.1 183.8 182.8 185.7 187.1 191.9 195.6 195.7 196.2 197.8 199.2 198 196.9 196.9
155.1 155.8 156.9 157.6 156.8 156.3 155.6 155.4 155.7 156 159.3 159 158.7 158.9 160.1 162.6 163.6 163.9 164.1 163.5 163.1 164.5 162.4 162.3 164 166.3 167.9 169 170.1 171.7 173.3 175.1 177.2 177.6 177.2 176.8 176.2 174.5 170.2 169.7 168.4 168.8 167.9 166.5 165.5 164.5 165.1 165.5 166 166.2 166.8 168.5 171.3 172.9 174.8 176.8 176.5 175.5 174.1 172.8 173.4 174.8 176.5 179.3 183.1 186.6 188.6 189.1 190 191.8 196.6 198.5 198.4 199.3 201.8 204.3 207 210 208.8
157.9 160.5 163.6 159.4 158.5 157.6 157.5 159.3 159 155.9 155.3 156.4 156.7 156.2 156.6 158.7 159.8 160.1 160.8 161.7 162 161.2 159.8 159.1 158.8 160.2 161.2 162.6 165.4 165.4 165.5 164.7 172.6 169.9 171 171.9 171.7 170.7 166.9 167.8 166.3 166.3 166 165 165.1 165.2 165.5 166.9 166.8 167.5 168.1 169.5 172.1 172 174 175.9 177.9 178.1 177.7 176.2 175.7 176.8 180.1 183.5 187.4 189.2 190.9 193.5 195.1 196.8 198.2 199.9 201.2 202.3 204.7 207.3 210.6 214.2 216.2
163 163.3 163.5 161 160.9 161.4 159.6 160 160.8 157.7 156.4 156 156.3 156 156.6 156.9 156.8 155.9 156.8 158.4 159.2 159.2 159.2 157.9 158.2 158.4 158.1 159.2 160.1 160.1 158.9 160.1 158.6 161.6 162.9 164 162.7 161.4 162 162.8 163.7 163.1 164.3 163.6 166.1 166.3 166.2 166.9 168 168.7 169.4 170.5 171.2 171.1 172.7 175.1 177.7 178.7 179.7 179.3 178.2 179 180.6 183.2 188.1 191.3 193.5 196.1 198.7 200.8 200.4 201.8 202.9 203.9 205.8 208.5 211.5 215.2 219.5
170.8 168.6 165.2 162.6 163.8 163.4 161.5 162.1 161.2 159.6 160.3 157.6 159.8 156.9 157 157.2 158.4 157.5 157.4 158.7 157.7 157.6 158 159.6 159.9 158.5 158.5 158.5 159.4 159 159 159.2 159.4 158.8 159.4 159.3 159.4 160.3 160.7 160.4 160.7 161.3 162.8 165.8 169.1 168.2 167.3 168.2 168.3 169.1 170.4 171.5 171.7 171.6 171.1 173.5 177.2 178.8 179.8 180.4 183.5 181.9 184.9 184.5 189 193.3 196.2 198.6 201.2 205.7 207.6 206.1 205.4 207 208.2 209.8 212.8 215.8 218.3
173.5 170.2 168.2 166.3 166.2 163.8 163.2 162.8 162.2 163.1 162.7 159.5 160.2 159.1 158.4 158.6 159.9 160.4 158.8 157.8 158.6 159.8 158.3 159.3 159 158.5 158.7 158.9 158.5 158.7 159 159.1 159.3 159.5 159.8 160 160.2 160.4 160.4 161 163.3 165.2 169.8 170.5 171.4 170.3 169.2 169.3 169.8 170.4 171.5 172.8 174.1 174.3 173.9 173.3 176.1 179.4 181.2 182.9 183.9 183.3 184.9 186.6 190.7 194.8 199.1 202 203.7 206.4 208.4 208.5 209.1 209.6 210.7 211.9 214.2 216.2 217.1
173.6 173.2 172.7 171.9 169.5 167.2 169 166.1 166.7 164.6 163 162.3 161.3 160.6 161 160.4 163.6 162.7 162.8 161.6 161.2 164.4 160.9 163.5 158.9 158.7 159.4 159.3 158.9 160.6 159 159.5 159.9 160.2 160 160.1 160.3 160.8 161.3 162.1 164.9 166.9 170.5 172.3 173.6 172.1 171 170.9 170.4 171.5 172.8 174.1 175.4 176.7 176.7 176.4 179.5 179.8 181.5 182.8 183.7 184.5 186 187.8 193.2 197 201 204.2 205.8 206.9 208.4 209.9 211.2 212.3 212.8 213.3 215.2 216.5 217.4
174.3 173.8 173.4 173.7 174.1 173 173.3 172.4 170.3 168.3 168.9 166.2 164.5 164.7 164.6 163.7 165.2 166.6 167.9 166.1 167.2 164.8 164.4 164.4 161.1 160.7 162.4 160.2 161.4 160.5 159.4 159.7 160.1 164.6 161 161.7 162.5 163.2 164 165.1 166.3 168.5 170.9 172.7 174.2 174.5 172.8 172.4 173.2 173.8 174.6 175.9 177.2 178.6 179.3 179.8 180.3 180.5 181.8 184 184.9 185.1 186.8 190.3 194.3 198.4 201.3 204.4 206.6 207.6 208.9 210.4 211.7 213.5 214.1 214.7 215.8 216.8 217.9
175.1 174.7 175.3 176.1 176.5 176.4 175.6 175.2 174.8 173.2 171 169.6 168.5 167.4 165.2 166.8 167.5 167.8 169.6 170.4 170.7 169.5 169.7 169 167.3 167.5 166.5 165.6 162.2 161 159.9 160 163.1 162.9 162.9 164.1 165 165.9 166.9 168.7 169.7 170.9 173.2 174.5 175.7 176.3 175.3 173.7 175.9 176.2 177.2 177.9 179.1 180.2 181.1 182.4 183.3 184.3 185.9 186.9 188.1 191.1 189.5 193.2 195.5 199.3 201.5 204.2 207 208.4 209.5 210.9 212.1 213.6 214.4 215.7 216.9 217.8 218.6
176.1 176.6 177.1 177.7 178 178 177.6 177.1 176.6 175.7 173.9 172.7 171.1 169.6 168.9 169.1 170.8 170.8 171.5 172.4 173.2 174.2 174.6 174.3 173.5 173.1 172.1 171.4 169.2 165.6 162.2 164.1 164.3 164.6 165.5 166.6 167.7 168.8 171 172.6 173.2 173.8 175.6 176.6 177.4 178 178.2 175.1 176.7 178.1 179.1 180 181.4 182.7 183.9 186 187.5 188.5 189.9 190.9 192.1 195.7 197.2 196.9 197.9 200.5 202.4 205.1 207.2 208.5 210.1 211.7 213.1 214.5 215.8 217.1 218.4 219.7 220.6
177.9 178.2 178.7 179.1 179.5 179.5 179.4 178.9 178.4 177.6 176.6 175 173.5 172.7 172.9 173 173.1 174.1 174.7 175.6 176.5 177.6 178.8 179.6 179.7 178.8 177.9 177 175.5 171.4 169.8 169.9 168.9 168.4 169.1 169.7 171 173.2 175.4 176 176.6 177.2 177.9 179.3 180.3 180.8 181.4 177.3 178.3 180.1 181.7 183.3 184.9 186.6 189.4 192.1 193 193.7 194.3 195.1 196.8 199 200.9 202 201.7 206.8 208 206.5 207.4 208.7 210.6 212.5 214.4 215.8 217.1 218.5 220 221.6 222.4
179.8 179.8 180.3 180.6 181 181.1 180.9 180.7 180.2 179.5 178.9 177.4 176.4 176.7 176.8 176.9 177 177.2 177.9 178.8 179.7 180.8 182 183.4 183.8 183.6 182.9 182.4 181.5 179.4 177.4 175.4 174.1 173.2 172.7 173.7 175.5 177.7 178.9 179.5 180.3 181.1 181.8 181.9 183.2 183.8 183.8 178.1 181.3 183.4 185.1 186.9 188.8 192 195.5 198 198.2 197.7 197.3 198.8 199.7 201.2 202.7 204.2 205 207.3 210.1 210 209.9 210.5 212.1 213.7 215.4 217 218.6 220.1 221.7 223.2 224.4
182.2 181.7 181.7 182.1 182.5 182.6 182.5 181.9 181.3 180.7 180.2 179.4 178.8 179 179.1 179.1 179.2 179.2 179.9 180.9 181.9 183 184.2 185.5 186.2 186.6 186.9 186.9 186.4 185.6 183.3 181.4 179.9 179 178.8 179 180.4 181.9 182.7 183.6 184.4 185.3 185.7 185.7 185.9 186.5 185.1 180.8 186.3 187.7 189.1 190.9 193.1 197.3 201.5 202.1 201.1 200.1 199.7 200.8 201.8 203 204.3 205.8 207.3 208.6 211 212.2 212 212.8 214.3 215.9 217.5 218.8 220.4 221.9 223.7 225.7 226.5
184.6 183.5 183.7 183.7 184 184.2 183.6 182.5 181.9 181.4 180.7 180.6 180.5 180.2 180.3 180.3 180.4 180.5 181.4 182.6 183.6 184.7 186.1 187.4 188.6 189.3 189.6 189.9 190.1 189.8 188.7 186.8 185.9 185.3 185 184.8 186.2 186.6 186.9 187.7 188.6 189.5 189.7 189.7 189.7 189.5 187.5 189.1 191.2 192.6 194 195.4 197.2 201.1 205.1 205.5 204.6 203.6 203.2 204.1 204.9 205.7 206.7 207.7 209.5 210.1 211.7 213.3 214.1 215.1 216.5 218 219.6 220.6 223 225.1 226.9 228.9 229.7
187.3 185.3 185.3 185.6 185.6 185.4 184.2 183 182.6 182.1 182.3 182.6 182.3 181.8 181.5 181.6 181.6 181.8 182.9 184.1 185.2 186.6 188 189.3 190.6 191.8 192.4 192.7 193 192.9 192.8 192.8 192.2 191.5 191 191 191.1 191.4 191.5 191.9 192.8 193.6 193.7 193.7 193.6 193.6 191.7 194.1 196.1 197.5 198.9 199.7 200.8 204.1 207.3 208.3 207.8 207.6 207.3 207.5 208.2 208.9 210.6 211.6 212.4 213 213.3 214.7 216.1 217.5 218.9 220.3 221.8 223 225.7 227.8 229.5 231.6 233.3
189.6 187.6 186.4 186.3 186.6 186.6 185.2 184.2 183.9 184.1 184.3 184.6 184.2 183.7 183.2 182.8 182.9 183.3 184.5 185.4 186.2 187.2 189.1 190.9 192.6 193.5 194.5 194.9 195.6 196.3 196.2 196.4 196.7 197 197.1 197.4 196.9 196.3 196.4 196.4 196.9 197.7 197.7 197.6 197.6 197.4 193.8 197.9 200.5 202.4 203.2 204 204.8 207.7 210.1 211.6 211.4 211.7 211.6 211.7 212.3 214.3 214.7 216 217.6 216.7 215.4 217.4 220.1 222.4 224.3 224.6 225.4 226.3 227.9 229.6 231.6 234 236.7
192 190.4 189.5 188.6 187.7 187.6 186.7 186.4 186.2 186.1 186.3 186.6 186.1 185.6 185.1 184.5 184.1 184.8 185.6 186.4 187.2 187.9 189.5 191.3 193 194.5 195.9 197.1 197.9 198.8 199.6 199.7 200.2 201 201.8 202.6 202.3 201.8 201.4 201.3 201.3 201.7 201.6 201.5 201.2 200.7 200.5 201.2 203.9 205.5 206.6 208.3 209.1 211.2 213.7 215.9 217.9 219.6 219.1 217.2 217.2 218.3 219.2 221 222 221.6 219.1 221.4 223.6 226.5 229 230.9 231.3 231.2 231.2 231.9 233.9 236.4 239.1
194.4 193.4 192.5 191.6 190.6 189.5 188.9 188.7 188.5 188.2 188.3 188.5 188 187.5 186.9 186.4 185.9 185.9 186.6 187.4 188.2 188.9 189.9 191.7 193.3 194.8 196.3 198.2 200.2 201 201.9 202.9 203.8 204.6 205.4 206.2 206.3 205.8 205.4 205.2 205.4 205.2 205.1 205 204.6 204.1 203.8 203.1 206.1 208.2 209.4 210.6 212.3 214.9 217.3 220.7 227.9 227.9 227.3 226 224 222.8 223.6 224.9 225.2 225.2 223.3 224 226.2 230.7 233.4 235.5 235.7 235.6 235.8 236.2 238.2 239.8 242.4
196.7 196 195 194 192.9 191.9 190.9 190.6 190.7 190.5 190.3 190.4 189.9 189.3 188.8 188.3 187.8 187.8 188 188.4 189.2 189.9 190.5 192.1 193.6 195.3 197.1 199.1 201.1 203 204.1 205.1 206.1 207.2 208.1 208.9 209.1 208.6 208.2 207.8 207.7 208.1 207.9 207.7 207.2 206.8 206.3 205.5 204.9 207.9 210.2 212 213.8 216.1 221.1 224.8 229.3 231.8 233.5 232.2 232 231.5 228.7 229.1 228.4 227.8 226.4 227.1 230.4 233.5 236.4 237.6 238.4 239.1 239.3 240.8 242.4 243.4 245.6
197.5 196.7 196.1 195.5 194.9 194.2 193.3 192.4 192.3 192.4 192.5 192.3 191.8 191.3 190.7 190.2 189.7 189.7 189.9 190.2 190.4 190.9 191.5 192.5 194.3 196.1 198 199.9 201.9 203.9 205.8 207.3 208.3 209.4 210.4 211.5 211.9 211.4 211 210.6 210.1 209.7 209.4 209 208.6 208.1 207.5 207 206.2 207.5 209.9 212.2 214.2 216.3 218.3 223.8 228.4 230.9 233.4 234.3 234.6 234.2 233.1 231.4 230.4 229.9 229.8 230 231.2 233.9 236.2 238.2 239.7 240.8 241.6 242.5 243.8 247.1 249
198.3 197.3 196.7 196.4 195.4 195.3 195.1 194.7 193.8 194 194.1 194.2 194.1 193.6 193.2 192.7 192.4 192.6 192.8 192.4 191.9 192.2 192.8 193.5 195 196.9 198.8 200.8 202.8 205 207.1 208.8 210 211.1 212.1 213.4 214.4 213.9 213.1 212.4 211.6 210.9 210.7 210.3 209.9 209.4 208.8 208.2 207.2 206.9 209.9 211.5 212.7 214.7 216.3 219.2 227.3 229.5 232.6 234.9 235.7 235.4 234.8 234.5 234 232.3 231.6 231.5 232.2 233.1 234.7 238.3 241.4 243.5 244.9 245.8 247.6 249.4 250.9
198.3 198.3 198 196.6 196.4 196.3 196.2 195.9 195.6 195.5 195.6 195.7 195.7 195.7 195.6 195.2 195.2 194.8 194.3 193.9 193.4 193.7 194 194.7 195.8 197.7 199.8 202 204.2 206.3 208.5 210.2 211.5 212.7 214 215.1 215.3 214.9 214.4 213.7 212.9 212.2 211.9 211.7 211.2 210.6 210 209.5 207.9 207.4 209.7 210.8 212 213.2 215.2 218.3 223 229.6 233.5 235.7 235.3 235.9 236.1 235.3 234.8 233.2 233 233 233.5 234.3 235 236.8 240.7 242.8 245.3 246.7 248 250.8 252.3
198.3 198.3 198.3 197.4 197.3 197.2 197.1 197 196.7 196.7 196.9 197.1 197.2 197.3 197.3 197.2 196.7 196.3 195.8 195.4 194.9 195.1 195.5 196.2 196.5 198.2 200.6 202.8 205 207.2 209.3 211.4 212.8 214 215.1 216.2 215.9 215.2 214.8 214.5 214.2 213.4 212.9 212.8 212.3 211.7 211.1 210.5 208.7 206.9 209.4 210.5 211.7 212.9 213.8 217 221.7 225.7 231.3 234.2 234.1 238.7 240.8 238.7 236.4 234.8 234.4 234.3 235.1 235.9 237.1 238 241.4 242.3 243.6 245.8 249.4 252.3 254.6
198.3 198.3 197.5 197.5 197.7 197.9 198 197.9 197.8 197.9 198.1 198.3 198.5 198.6 198.7 198.6 198.2 197.8 197.3 196.8 196.4 196.6 197.2 197.2 197.3 198.4 199.7 202.1 204.5 206.9 209.3 211.6 213.4 214.5 215.7 216.8 216.5 215.4 215.1 214.8 214.5 214.2 213.9 213.6 213.2 212.6 212 211.4 210.7 208.6 209.5 210.8 212.1 212.9 213.2 216.1 220.4 224.2 227.7 231.5 234.9 238.3 241.1 241.3 240.7 237.2 235.7 235.9 236.8 237.8 238.2 238 238 240.2 243.3 247.4 250.2 253.6 256.4
197.8 197.6 197 197.1 197.3 197.4 197.6 197.8 198 198.6 198.7 198.8 198.9 199 199.1 199.3 199.3 199 198.6 198.3 197.9 197.9 197.9 197.9 198 199.1 200.2 201.3 203.6 206 208.4 210.7 212.1 213.3 214.4 215.5 216.3 216 215.4 215 214.7 214.5 214.3 214.3 214 213.5 212.9 212.3 211.6 209.3 208.7 211.2 212.5 212.7 213.3 215.2 219.4 223.4 226 229.6 233.3 235.7 238.6 240.2 240.2 238.7 237.3 237.4 238 238.4 238.3 238.2 238.1 238.4 240.4 246.5 249.8 252.4 258.3
197.3 197 196.6 196.6 196.8 197 196.9 196.9 197.5 198.2 199 199.2 199.3 199.4 199.5 199.4 199.4 199.4 199.1 198.8 198.5 198.6 198.6 198.7 198.7 199.8 200.9 202 203.1 205.1 207.5 209.7 210.9 212 213.1 214.1 215 215.6 215.6 215.4 215.2 215 214.8 214.7 214.8 214.4 213.8 212.8 212 211.2 209.6 210.6 212.5 213 213.5 214.1 216.7 221.2 224.9 227.9 232.1 235.2 237.3 238.9 239.7 240.7 240.9 238.6 238.6 238.5 238.4 238.2 238.1 237.9 238.9 243.9 246.6 250.8 258.6
196.8 196.5 196.2 196.2 196.2 196 195.9 196.4 197 197.6 198.4 199.2 199.7 199.8 199.7 199.6 199.6 199.6 199.6 199.3 199 199.3 199.4 199.4 199.4 200.5 201.6 202.7 203.9 205 206.6 208.5 209.6 210.6 211.7 212.7 213.5 214.2 214.8 215.1 215.4 215.5 215.3 215.1 215.1 215.2 214.1 213.2 212.6 211.8 209.3 210.4 212.5 213.1 213.6 214.1 215.5 218.8 222.5 225.9 230.6 234.8 237.8 240.2 240 240.7 240.5 239 238.5 238.4 238.3 238.1 238 237.9 238.7 238.8 241.9 247.1 259.4
194.6 194.8 194.9 195.3 195.1 194.9 195.4 195.9 196.5 197.1 197.8 198.6 199.4 199.9 199.8 199.8 199.8 199.8 199.7 199.8 199.6 199.9 200.1 200.1 200.2 201.3 202.4 203.5 204.6 205.7 206.8 207.7 208.7 209.8 210.8 211.8 212.4 213.1 213.7 214.1 214.3 214.6 214.9 215.2 214.9 214.5 214.2 213.8 213.1 212.4 209.8 211.4 212.6 213.1 213.7 214.2 216.5 216.2 218.5 222 226.3 232 236.6 239.1 239.8 239.6 239.4 239.1 238.4 238.2 238.1 238 237.9 237.7 237.5 237.6 239.1 244.4 248.4
192.3 192.4 192.9 194 194 194.3 194.9 195.5 196 196.6 197.3 198.1 198.8 199.4 199.9 199.7 199.6 199.4 199.2 199.8 200.1 200.4 200.8 200.8 200.9 202 203.1 204.2 205.3 206.3 207 208 209 210 210.6 211.2 211.8 212.4 213 213.5 213.9 214.2 214.4 214.7 214.5 214.1 213.8 213.6 213.3 211.8 210.1 211 213 214 214.5 216 215.2 215 216.5 219.2 223.2 226 231.3 234.4 237.9 239.5 238.7 239.6 238.4 238.1 238 237.8 237.6 237.2 236.9 237.2 237.6 238.4 241.3
189.9 190.1 190.7 191.9 193.3 193.8 194.4 195 195.5 196.1 196.7 197.4 198 198.6 199.1 199 199 198.9 199 199.8 200.6 201 201.3 201.6 201.6 202.7 203.8 204.9 205.8 206.6 207.3 208.2 208.8 209.4 210 210.6 211.1 211.7 212.2 212.8 213.3 213.7 214 214.3 214 213.7 213.5 213.3 213.8 212.3 211.2 210 212.1 217.6 216 213 214 214.9 215.9 217.2 220.6 222.1 225.8 228.6 234.1 235.2 235.2 238.6 239.7 237.9 237.6 237.4 237.2 236.4 236.3 236.8 236.8 236.8 237.6
188.3 188.8 188.9 190.9 193 193.6 194.1 194.4 194.6 195.2 196 196.6 197.2 197.8 198.3 198.2 198.1 198.4 198.8 199.4 200.4 201.3 201.9 202.3 202.3 203.4 204.5 205.4 206.1 207 207.7 208.2 208.7 209.3 209.9 210.7 211.2 211.4 211.5 212.1 212.6 213.2 213.6 213.8 213.6 213.3 213.4 213.9 214 212.4 212.6 210.8 212.8 215.7 215 214.3 215 215.1 216.6 219.1 220.7 221.5 221.9 223.6 226.3 230 232.7 236.8 239.9 237.1 237.1 237 236.8 235.6 235.8 235.8 235.8 235.7 236.6
