Game/Highland_Data/StreamingAssets/GeoData/Data/nc/NC62.asc
ncols 200
nrows 200
xllcorner 260000
yllcorner 920000
cellsize 50
[rows 70 to 104 of 200, columns 78 to 155 of 200]
502.7 484.3 467.5 443.1 423 407.4 393.1 381.4 372.8 365.1 359.3 356.6 352.1 350.1 353.4 358.6 369.5 385.2 399.1 420.7 437.2 446.3 449.3 451.5 452.9 451.4 449.8 446.6 442.3 433.8 438.3 440.5 446 449 453.9 456.3 458.4 461.9 462.3 465.5 466.9 469 472.5 473.5 475 475.4 476.1 475.1 476 474.8 474.6 473.8 472.6 470.6 470.2 470.3 469.3 470.4 471.2 472.6 473.6 476.8 479.2 479.9 480.9 479.8 478.2 482.7 486.3 487.2 488.1 491.1 492.8 494.3 496.8 496.1 501.6 506.9
506 486.1 463.1 440.3 422 406.7 392 382.6 374 367.2 362 359.7 357.1 353.2 354.6 360.3 368.8 384.1 400.3 415.9 432.2 443.9 448.3 449.6 449.4 450.6 449.5 447.1 440.8 434.7 438.7 442 445.6 450 454.9 457 456.7 460.2 461.7 462.2 465 466.1 469 470.5 471.4 472.6 473.1 473.1 473.9 474 471.6 472.3 471.8 470.8 469 467.9 467.3 468.5 468.9 470.4 471.8 474.5 475.1 476.4 476 472.8 476.3 478.9 481.3 484.4 485.9 487.2 490.2 491.2 489.9 493.3 499 503.6
511 489.5 465.1 440.4 419.5 405 392.6 382.9 376.1 369.8 364.6 362.1 361.6 361.1 359.3 362.7 369 383.5 396.2 413.9 428.2 438.7 444.9 446.4 449.1 448.4 448.9 445.7 442.8 438 442.4 442.5 446.7 449.2 453.2 455.3 457.5 458.3 460.7 461.3 463.3 464.4 465.4 466.8 468.1 470.6 470.2 470 471.7 471.9 471.6 469.2 469.1 469.6 467.9 466.6 465.9 465.9 467.6 468.6 470.7 471.1 472.7 473.4 473.6 469.3 473.1 476.1 478.3 480.5 483.1 484.6 486.6 488.1 485.7 491.8 496.3 500.5
518.1 491.7 463 440.8 419.9 403.4 392.7 382.9 375.6 369.8 366.5 361.9 365.6 366.4 366.3 365.9 370.1 382 397.7 413.5 426.3 434.1 441.5 446.8 447.3 446.6 445.5 446 443.7 439.9 443.5 443.4 446.1 450.1 451.7 453.9 455.7 456 459 461.2 460.5 461.6 463.7 465.2 466.3 467.7 468.4 468.3 468.7 469.8 467.7 468 468.3 468 467.1 465.7 463.6 465.4 466.3 467.7 468.9 469 470.6 471.4 470.4 468.7 471.8 473.9 474.9 476.6 478.8 482 483.3 481 485.1 489.5 494.5 498.3
524.6 494.1 465.1 440.4 419.6 403.3 392.2 382.9 374 368.6 365.3 363 364.8 367.8 369.4 370.1 371.5 379.5 394.9 411.7 425.4 433 440 444.7 446.3 447 445.6 445.9 445 438.6 444.5 444.2 446.8 449.9 451.4 452.6 453.8 455.5 456.5 458.4 460.4 459.9 461.2 462.4 463.8 465.7 466.5 466.1 467.1 467.8 465.9 466 465.8 465.7 465.7 463.9 461.4 464 465.3 466.3 465.7 467.8 468.5 468.6 467.8 465.8 467.9 469.5 471.9 473.1 476.4 477.8 479.4 476.5 482.5 487.3 492.3 498
533.3 500.2 467.8 443.3 423.9 404.7 391 381.4 373.8 367.4 365 362.3 365.3 367.4 369.7 373.2 375.9 382.5 390.6 408.8 420.4 430.4 437.5 444 444.8 445.4 445.4 445.1 443.9 440.3 443.1 445.6 446.8 448.1 450.5 451.5 451.7 453.5 454.3 457.2 457.1 459 460.8 460.9 461.4 462.8 464.7 465.3 465.6 465.7 464.9 464.1 464.3 463.9 463.3 462.9 460.4 461.9 463 464.1 465.8 466.3 466.8 466.4 465.8 463 466.9 468.3 468.7 469.6 472.2 473.8 474 477 481.1 486.3 492.1 498.8
540.4 510.6 477.9 446.6 428.5 408.7 394.5 380.5 372 366.3 365.1 365.8 366.9 367.8 370.7 373.8 378.9 386.1 388.7 403.2 415.7 425 434.4 440.9 444.5 443.7 444.6 444.2 443.2 442 443.3 445.3 447.2 448.3 448.5 449.6 451.4 452.1 453.3 454.9 455.9 457.6 459.8 459.6 460.1 462.3 461.7 462 463.5 463.6 462.5 462.8 462.7 462.2 461.7 459.8 459.3 462.2 462.7 463.1 463 464.5 465 464.7 463.5 462.3 464.5 465.6 467.8 467.7 469.3 470.1 471.9 475.9 480.6 486 492.1 498.9
546.1 520.1 488.3 453.6 433 411.7 396.4 383.4 375.5 367.6 363.9 365 365.8 366.9 370 374.9 379.8 388.9 394.7 403.4 411.7 419.6 428.8 434.9 438.1 443.3 445.6 445.2 444.4 443.2 442.4 444.7 444.7 446.2 447 448.9 450.3 450.7 452.9 454.2 456.7 457.4 458.4 459.9 459.4 458.8 461.2 460.4 460.9 461 460.4 461.4 461.4 461 460.9 458.9 458.2 459.6 461.1 460.8 462.2 461.8 463.5 463 462.1 460.2 459.3 463.2 464.4 466.5 467.1 467.9 470.8 475.5 480.1 485.6 491.5 497.9
549.2 525.7 494.6 461.9 440.8 416.3 400.1 391.1 378.1 370.4 365 365.2 368.1 369.2 372.6 374 379.1 387.1 394.5 402.4 409.3 417.6 425.4 432.8 439.9 444.6 444.8 443.5 444.3 444 444.7 445.6 445.9 446.1 448.8 449.1 450.1 451.4 454.6 455.6 457.6 458.6 459 459.7 459.4 457.9 458.2 459.3 460.3 460.6 460.7 459.4 458.5 459 458.8 458.5 456 458 459.4 459.9 461.1 461.1 461.9 461.1 461 459.5 458.6 461.2 462.7 463.9 464.2 467.9 470.7 475 478.7 485.2 489.9 498
550.7 532.4 501.6 471.6 450.2 424.8 409.1 396.5 385.8 377.4 370.1 367.5 367.5 369.8 373 376.5 381.3 391 397.7 405 411.4 418.1 427 435.4 440 445.3 444.7 443.8 445.2 444.3 445.3 446.3 446.6 447.1 448 450 449.8 452.1 454 456.7 458.2 459.6 459.9 458.3 458.8 456.8 457.1 457.4 458.2 459.4 459 458.7 457 457.8 457.3 457.3 455.1 456.1 457.6 458.6 460.3 460.2 459.7 459 458.4 457.5 456.5 460.2 458.9 461.3 464.2 465.9 470 472.8 477.3 483 488.7 497
547.7 535.8 506.7 477.9 455.6 438.4 417.8 406.6 401.3 393.3 383.3 376.8 374 375.5 376.7 379.8 385.1 390.4 398.6 408.9 417.1 421.5 426.5 434.5 439.5 443.4 445.3 444.6 445.2 443.9 445.4 446 445.8 446.9 448.9 450.5 450.1 452.7 453.4 456.5 457.5 459 458.4 458.1 458.8 457.9 457.5 457.9 458 458 457.2 458.2 457.9 456 456.8 456.3 453.4 454.6 454.7 456.8 457.7 458.4 458.3 458.9 458.6 456.5 457.1 457 459.6 461.4 462.5 465.2 468.2 471.6 476.6 482.7 487.5 494.7
542.4 535.8 515.4 491.5 467.1 454.7 436.2 420 417 408.7 400 388.5 385.9 386.2 383.5 382.7 385.5 391.9 400.7 412.6 421.7 425.8 433.1 437.1 441.3 442.4 444.7 445.5 445.3 445 445.3 447.3 447.2 448.3 449.5 450.4 449.8 453.1 454.2 454.1 456.5 456.1 457.9 457.4 455.9 457 457.3 457.7 456.8 457.3 457.6 455.4 456.3 453.6 454.4 454.7 454.5 451.6 453.9 455.4 456.6 456.9 456.7 457.2 457.4 456 454 454.8 458.5 459.8 461.7 463.7 467.1 470.8 476.2 482 486.2 492.8
536.6 533.1 523.1 507.8 492.8 472 452.2 441.6 430.3 420.9 411.1 402.5 394.4 392.2 390.2 392.7 395.7 401.1 409.5 419 428.2 432.3 437.7 441.4 443.5 445.7 447 447 446.3 446.3 447.6 448.5 449.5 449 449.2 450 451.7 453 453.8 454.4 454.1 454.9 456 455.9 455.4 456.2 456.6 455.8 456.2 456 456.2 454.9 454.8 452.7 453.4 454.4 453.7 449.5 452.1 453.1 454.3 454.5 455 455.7 455.6 454.4 452.6 453.4 458.1 459.4 461.6 464.2 466.8 469.9 475 480.7 485.5 491.9
531.9 531.6 527.2 517.2 502.3 486.1 472.7 462.4 451.4 434.9 425.8 416 405.4 400.6 400.8 403.3 406.4 412.1 421.7 427.4 436.8 440.1 439.1 443.8 445.4 447.4 447.9 446.7 447.3 446.9 447.9 449.3 450.5 449 449.4 450.6 451.1 451.5 454.1 454 454.9 453.2 455.5 454.2 454.8 454.5 454.8 455.3 455.4 456.2 455.1 454.5 454 450.1 453.3 451.4 451.8 449.8 449.5 451.7 452.5 453.3 453.2 454.3 454.3 452.7 452.3 456.3 457.2 458.6 460.3 462.6 465.7 470.4 475 480.3 485.9 490.5
529.3 530.4 527.8 523.6 511.8 498.7 485.9 476.6 466.7 450.1 437.5 428.2 417.7 411.2 409.3 411.6 418.2 425 431.7 439.3 444.2 447.8 448.6 448.1 449.7 449.1 448.8 449.7 447.1 446.4 448.4 449.9 450.5 449.6 450 449.7 449.4 450.8 452.4 453.8 454.4 454.3 453.4 453.8 452.4 454.6 453.7 456 455.4 454.6 453.7 454 451.9 450.6 451 451.2 450.2 448.8 447.4 449.7 450.3 452 452.7 453 451.6 450 450.8 454.8 455.8 458.3 460.3 463 467.2 471.5 475.9 480.7 485.4 489.2
525.3 527 527.6 525.1 519.4 506 498.4 486.4 477.5 464.8 453.1 435.5 427 421.1 419.5 421.6 431.4 437.3 442.4 449.9 452.4 454.3 455.2 454.4 452.8 451.7 451.3 451.8 450.6 449.5 449.8 450.5 450.9 450.8 449.8 449.8 450.7 450 451 451.4 453.1 453.7 453.7 453.1 453.7 454.6 454.7 454.8 454 454 453.3 452.7 450.1 447.5 448.8 449.6 449 447.2 445.3 447.8 448.1 450.2 450.1 450.5 449.2 449.1 453.1 455.1 457.7 458.2 461.3 464.3 468.1 472.5 475.4 480.7 485 488.5
519.8 523.3 524.1 523.9 522.5 517.1 510.6 497.4 486.5 476.7 461.5 451 439.9 431.2 428 434.2 443.3 447.2 452.4 456.7 459.7 461.3 460.4 457.5 453.9 452.3 451.7 450.5 450.8 450.4 450.3 450.5 449.6 450.7 449.8 449.8 450 450.4 451.5 452 451.2 452.3 452.6 452.5 452.7 453.2 452.5 451.8 452.5 452.4 451.1 450.9 449.2 447.8 446.8 446.8 446.4 445.5 444.9 447 446.2 448.7 449.1 447.8 448 451.7 453.4 454.6 455.7 458.1 459.7 464.5 467.8 470.9 475 480.1 483.8 487.3
515.6 520 522.3 523.4 524.1 522 515.9 508.5 493.7 483.6 469.6 458.3 450.2 442 439.2 444.3 450.5 455.7 458.6 461.7 460.7 462.7 461.5 457.6 454.3 453.4 451.5 451.7 450.3 451.9 451 450.6 449.8 450.8 449.9 449.7 449.8 449.8 450.2 450.9 449.1 450.6 450.6 451.7 451.3 451.4 451.6 450 449.9 449.7 449.5 448.8 445.3 443.4 443.5 444.3 444.5 443.4 444.6 445 445.6 446.9 446.2 447.8 450 451.8 453.6 454.9 457.3 458.6 460.1 463.6 466.4 469.4 473.5 478.2 481.7 484.9
513.9 518.7 522.7 524.5 526.3 524.3 518.6 511.1 500.9 487.7 475.3 466.3 458.8 451.9 451.1 452.4 455.2 460.2 463.5 464.9 463.2 461.9 461.4 459.3 457.1 455.1 453.2 452.6 451.2 450.7 451.6 450.5 450.1 449.1 448.9 449.7 448.6 450.3 449 448.8 449.2 448.4 448.6 450.6 447.7 450.2 449.7 447.8 447.4 447.1 441.3 440.2 438.5 438.9 441 442.3 441.3 442.5 444.1 444.1 448.1 449 448.6 451.5 451.2 451.2 452.8 454.2 455.9 459 460.9 462.2 464.8 467.4 471.7 474.9 479.1 480.4
512 517.5 523.6 525.3 526.2 524.4 517.8 510.9 501.3 487.9 480.6 472.2 464.7 459.8 459.5 458.3 460.1 462.6 464.7 464.7 465 463.4 462.3 459 458.2 455.8 452.4 452.6 451.1 451 451.4 450.6 449.5 448.2 449.5 449.4 447.7 448.9 449 447.9 448.2 448.1 446.4 446.2 446.7 447.5 446 443.9 444 439.5 436.4 436 436.9 444 440.1 447.3 449.1 449 450.4 450.4 451.1 451.6 450.7 452.2 452.8 453.2 453.1 454.4 456.2 458.1 458.8 461.9 463.3 465.8 468.9 471.7 473.7 476.7
512.1 518.2 522 525.5 526.1 522.3 517.7 509 498.9 488.7 481.8 476.1 470.5 468.9 465.8 464.4 463.7 465.5 466 464.8 465.6 462.6 462.4 459.2 458.3 456.3 453.8 452.2 451.4 452 451 449.7 450.4 449 447.5 448.1 447.4 446.5 445.1 445.9 445.3 444.5 445.8 443.5 443.8 442.9 440.9 440.4 436.5 433.6 438.6 443.5 445.9 447.7 450.4 452 452.9 453.8 453 453.4 453.7 454 453.9 453.4 454.3 454.5 455 455.7 455.2 457.6 458.7 459.7 460.8 463 465.6 468.4 469.5 472.2
513.6 518.6 523.1 524.1 524.7 521.3 516.2 507.6 499.4 490.5 483.2 479.9 478 475.2 472.7 471.1 469.1 467.8 467.2 466.2 465.6 462.6 461.4 459.1 457.5 454.9 452.4 452.7 451.4 450.5 449.7 450.6 450.5 448.3 448.1 448.3 449.5 449.1 448.6 447.4 445.6 442.8 443.3 442.5 442.1 439.2 439 436.4 433.3 433.8 442.3 446.1 448.1 449.4 452.5 454.3 455.4 456.2 454.7 455.4 455.3 455.8 456.1 455.4 456.3 455.4 456.8 456.3 455.6 454.2 456.1 457.4 459 460.4 462.4 464.2 466 467.7
513.5 519.1 522.2 524.1 523.8 520.6 514.4 507 499.8 490.9 486.4 484.7 483.4 479.8 477.7 474.7 472.7 471.1 469.9 467.8 467.5 464.1 461.9 459.1 457.6 455.1 453.4 453.4 451.4 451.1 449.8 450.6 448.6 449 449.9 449.4 450.3 450 448.6 449.4 448 447.8 445.8 445.4 445.5 444.3 442.5 440.2 431.1 433.8 442.2 446.4 449.4 451.6 454.3 455.2 457.5 458.2 457.6 458 458.1 457.5 458.1 457.7 458.1 457.9 457.4 457.6 455.8 456.4 454.1 454.4 456.2 457.6 458.9 460.2 460.7 462.8
513.3 518.5 520.9 522.8 522.4 519.5 513.5 506.5 500.5 497.1 495.2 490.2 486.4 483.9 482.1 479.2 474.9 472.5 473 471.1 470.3 467.1 461.8 460.6 459.4 456.7 455.4 453.8 452.8 451.6 449.9 449.9 449.9 449 450.1 450 450.6 450.3 451.7 450.8 450.5 449.6 448.8 447.9 448 446.6 445.3 441.8 431 433.3 440 446.3 450.5 451.8 455.2 457.4 459.4 459.9 458.7 458.9 459.4 459.3 459.5 459.4 458.8 458.6 458.7 457.7 457.2 456.5 454 452.7 452.1 453.7 455.7 456.4 457.6 459
512.1 516.8 521 521.7 520.4 517.3 510.8 506.7 505.9 503.4 499.5 495.1 491.3 487.8 485.3 482.1 478.4 475.7 475 473 471.7 467.2 464.2 462.8 462 458.1 455.8 453.1 452.4 451.7 451.3 449.7 450.4 450 450.2 451.1 451.4 452.8 453.3 453.8 453 451.3 451.1 450.3 448.9 447.7 446.8 444.4 434.4 430.6 437.4 445.6 450.1 452.8 455.7 457.9 459.8 459.6 459.8 459.8 459.4 460.1 459.2 459.2 458.5 457.7 458.6 457.9 456.6 455.9 453.9 451.7 449.1 449.9 452 452.2 451.7 454.1
510.1 515.8 518.5 520.9 519.1 516.8 514.6 511.6 507.9 505.1 501.2 498.3 492.8 490.1 486.6 483.2 480.1 477.4 475.9 473.8 472.8 468.7 466.4 464.9 462.8 461.3 457.3 454.2 452.8 452.9 452 451.4 452.6 452.5 451.8 451.5 452.9 454.1 455.4 454.1 454.6 454 452.8 452.4 451 448.7 447.7 446.1 442 428.1 430.1 442.9 447.6 450.4 454 456.5 458.6 460 460.2 459.9 459.8 459.6 459.2 459.1 458.5 458.1 457.8 456.9 455.8 453.8 452 449.5 447.5 447.5 448.2 447.9 447.5 449.2
506.4 513.1 517.3 520.7 520.5 519.2 516.7 513.5 509.5 505.7 502.2 496.8 493.2 489.2 487 482.7 479.6 476.8 476.3 473 472.6 469.7 467.5 465.4 464.4 463 461.5 457.9 457.2 457.4 457.1 456.6 456.4 457.3 456.7 455.6 454.5 456.4 456.4 454.8 456.1 454.8 453.2 453 451.6 450.5 448.7 446.4 443.8 439.3 427.1 439.3 443.5 446.1 449.8 453.3 455.8 456.9 457.6 458.1 458.2 457.8 457.3 457.3 457.1 455.8 454.3 453.8 453.3 451.4 449 445.8 445.6 444.3 444.9 445.5 444.8 444
501.8 510.1 516.2 519.8 521.7 521.5 519 514.9 509.9 504.6 501.4 496.9 492.6 488 484.9 482.2 478.3 476.3 474.5 473.9 471.4 469.7 467 465.5 465.2 465.7 464.2 464 461.5 461.4 461.1 460 460.7 459.8 458.2 457.3 458.2 458.7 458.3 457.1 456 456.4 454.7 453.7 451.9 449.9 447.3 446.2 443.7 440 425.9 434.7 440.5 442.5 444.7 448.8 451.6 453.1 454.3 454.5 454.7 454.4 454.8 454.7 454 453 451.1 450.9 450.1 448.6 445.8 444 441.9 443 441.7 442.2 440.4 439.8
497.3 507.4 513.7 519.4 521.9 522.4 520.5 515.1 509.7 503.2 499.8 494.3 491.1 487.7 483.1 479.6 477.7 474.9 474.3 472.6 471.3 468.4 468.2 467.3 467.7 467 467.1 467.2 465.7 464.2 462.6 463 461.6 460.4 460 459.3 459.8 459.2 459 456.9 457.1 455.1 455.6 454.2 452 449.4 446.9 443.9 441.7 439.6 424.7 428.5 433.9 438.7 441 443.5 446.2 448.7 450.2 450.2 449.6 450 450.4 449.7 450.7 448.3 448.6 447.5 446.4 445.3 443.9 441.2 439 439.9 438.9 438.6 438.1 438.9
493.2 503.1 511.6 516.9 521.9 521.4 520.8 515.5 509.5 502.6 497.8 493.1 489.5 485.1 480.4 476.5 475.7 473.5 471.9 470.9 470 469.6 468.9 467.9 467.7 467.1 467.7 466.3 466.1 466.1 463.8 462.8 461.4 460.8 461.2 461.3 460.8 460.1 458.3 456.3 455.4 456 454.2 451.7 449.1 446.6 443.4 440.8 438.6 436.4 432.8 424.2 430.5 434.5 436.7 439.1 440.7 443.7 445 444.5 445.9 445.5 445.9 445.5 445.1 445.5 444.5 442.4 441.7 441.1 438.3 437.2 437.2 438.5 437.4 436.9 436.7 437.3
487.9 499.8 508.6 515.6 520.1 520.6 517.5 513.1 508.3 502.2 495.4 491.2 487.3 482.1 477.5 474.4 473.2 471.9 471.2 470.3 468.6 468.3 467.9 466.8 467 467 467.9 466.2 466.1 467 465.8 463.9 465 463.6 463.7 462.7 461 460.2 457.2 456 455 453.6 451.7 449.3 445.8 442.5 439.4 438 436.3 434.5 429.4 418.4 423.4 430.5 433.3 436.2 437.6 440.2 441.1 442.2 442.4 441.9 441.9 441.8 441.6 442 439.1 436.9 431.8 432.7 432.9 434.3 433.7 435.6 434.8 436.3 439 437.4
482.9 495.1 504.1 511.2 514.8 516 513 509.5 507.4 502.4 495.8 489.4 486.2 481.3 477 472.6 471.8 469.5 469.1 468.7 467.7 467 465.8 466.5 467.7 467.8 467.3 467.5 468.8 467.9 467.5 468.1 467.6 467 464.8 462.8 460.5 457.8 455.7 454.5 451.7 450.1 447.8 443.8 442 439.4 436.9 434.7 432.7 431.1 429.7 419.1 413.4 427.5 431.1 433.8 434.6 437.4 437.9 439 437.5 434.3 430.9 430.6 431.3 432.4 430.7 431.2 437.1 437.4 438.2 437.7 438.4 438.6 438.7 438.5 440 440.8
476.7 488.4 498.9 505.8 509.1 510 506.9 506.1 505.1 501.4 496.1 488.9 484.3 478.5 475.4 470.7 469.8 466.6 466.8 465.1 465 465.4 465.2 464.3 465.7 466.4 467.5 468.6 470.2 470.5 470.6 469.5 469.1 467.6 465.9 463.1 460.4 457 453.3 451.5 447.4 445 441.6 438.1 438.3 437 434.5 431.7 428.5 427.9 427.6 423 411.6 423.3 426.6 429.3 430.9 432.8 434.2 427.9 417.7 420.9 425.5 425.9 426.9 431.4 434.7 440.1 441.6 441.8 441.4 442 441.7 440.8 439.8 440.3 442.5 442.4
469.5 482.5 491.8 499.3 503.5 502.8 501.8 502 501 498.4 495.1 489.3 482.4 476.9 473.3 470.1 466.1 465.4 464.8 463.7 462.1 461.2 462.6 463.6 463.6 464.9 467.9 468.9 469.9 471.7 470.7 470.2 469.3 466.3 464.8 459.6 457.1 454 448.9 446.4 442.4 439.3 437 433.7 434.1 433.4 430.9 427.8 426.4 424.3 423.1 419.1 409.7 419.7 422.5 425.2 425.7 425.5 420.5 415.9 428.8 433 435 436.3 439 440.9 442.2 445.1 445.7 446.8 447 447.1 443.9 443.2 442.5 443 443.2 443.5
462.7 475.7 484.8 492.4 496.7 499.1 498.4 497.1 495.4 493.3 491.8 487.9 482.2 476.8 472.3 468.7 465.4 463.7 462.5 462.1 459.8 460 459.3 461.4 462.8 465.2 467.7 469.2 472.1 472.3 471.3 470.8 469.7 468.2 464.5 459.4 453.3 449.1 444.6 441.9 436.8 434.2 432.5 428.4 429.2 428.1 427.1 425.2 424.2 420.9 418.3 416.6 407.7 414.1 415.5 416.4 411.9 413.5 417.8 428.5 436.7 439.2 440.2 441.6 442.9 446 447.3 447.9 449.2 450.8 450.6 449.1 448.3 447 445.6 446.1 447.1 447.8
