Game/Highland_Data/StreamingAssets/GeoData/Data/nc/NC63.asc
ncols 200
nrows 200
xllcorner 260000
yllcorner 930000
cellsize 50
[rows 140 to 174 of 200, columns 0 to 78 of 200]
206.1 209.8 212.7 216 219.3 222.6 226.3 230.1 234 236 240.1 242 241.7 242.1 242.9 243.6 245 246.7 248.7 251.3 252.6 254.6 258.3 257.5 262 265.7 270.3 280.2 278.9 278.8 279.2 281.3 284.3 285.3 288.9 287.6 292.8 295.2 299.2 308.6 319 323.4 326.4 331.3 337.7 347 356 363.6 368.6 373.1 379.3 381.2 380.7 378 376.6 373.2 370.9 368.1 366.7 364.2 361.2 358.7 355.8 351.3 346.1 345.1 344 339.7 334.4 329.8 328.4 323.3 321 319.8 320.2 321.9 323.3 324.4 324.8
212 215 217.8 221.6 225.6 229.7 233 236.7 240.4 243.8 246.2 248.2 248.8 250.8 252.1 252.1 253.9 255.3 260.1 261.5 263.5 266.4 268.4 268 274.9 280 284.1 285.1 282.6 283.1 286.7 289.9 292.6 293.6 295.7 296.7 300 304.6 311.1 324.6 330.6 335.9 341 347.5 359.3 365.3 372.2 376.8 383.3 389.6 394.4 395.6 397.5 395 393.4 388 385.4 382.1 378 372.5 367.2 366.4 361.1 356.1 346.2 342.8 339.6 334.9 328.4 325 323.2 320.6 319.1 318.6 318.8 320.9 322.1 322.5 322.6
217.3 220.3 223.4 227.5 232.1 236.9 240.3 243.6 247.4 250.8 253 256.4 259.8 260.4 262.4 265.9 270 269.9 271.5 271.5 274.6 278.2 279.5 278.2 285.3 286.8 286.3 289.8 292.4 295.1 296.7 298.3 300.3 300.7 302.9 306.7 309.3 315.6 326.1 337.7 343.3 352.1 360 368.3 375.2 381.3 386.7 396.3 402.8 406.5 410.7 414.2 412.1 410.4 406.4 402.7 399.2 398 392.4 386.4 377 372.4 366.8 358.1 347.6 340.1 335.4 329.4 324.8 321.9 319.9 318.1 317.4 317.3 317.1 316.7 318.4 318.4 317.9
222.5 225.7 230.1 235.1 239.6 244.1 247.5 251.5 256.2 259.3 264 268.7 272.7 276 278.6 282.4 282.1 283 285.5 283.6 283.7 286.8 287.1 288.4 290.1 294.9 295.3 298.7 302.2 301.7 304.1 306.2 308 308.8 312.3 316.7 321.6 333.3 343.6 352 361.2 368.8 378.2 385.3 389.5 400.8 410.1 415.7 418.4 425.4 430.8 428.4 421.5 417.3 415.7 413.7 415.4 413.2 405.9 397.3 392.7 380.9 373 362.5 348.6 338.5 332 326.2 323.4 320.2 317.2 316.6 316.3 315.4 313.7 312.8 312.6 311.8 310.3
229.2 232.7 237.6 241.9 246.1 251.6 257.1 262.1 266.3 273.3 279.1 284.1 288.9 292.7 296.2 294.1 293.3 292.8 293.4 292.5 294.1 292.1 294 296.8 299.3 304.8 305.3 306.9 307.8 309.5 312.9 314.1 315.1 318.7 322.2 328.3 341.3 348.9 355.6 366.4 375.8 383.5 391.6 401.5 412.2 421.1 426.4 430.4 435.6 438.2 436 431.8 424.7 420.9 420.6 423.3 426.4 423.4 418.9 407.8 395 383 375.7 363.7 350.5 337.9 330.7 325.6 320.9 317.5 315.3 315.4 314.6 312.8 310.9 309.4 307.9 305.6 304.8
238.9 240.9 244.6 249 255.5 262.9 269.2 273.8 280.9 289.4 298.7 302.7 305.5 306.9 306.6 304.3 302.7 301.9 300.4 300.3 302.4 303.2 306.3 307.8 309.7 312.6 312 314.5 316.5 318.5 318.9 321.3 324.9 329.8 335.1 343.5 355.5 362.3 369.4 376.5 386.2 395.8 410.9 422.4 431.7 437.8 443.4 448.5 450.5 449.6 445.6 439.1 431.9 427.6 426.8 432.4 433.3 428.6 419.4 407.2 394.1 382.1 373.2 360.3 348.9 340.5 332.9 325.6 321.1 319.6 315.9 313.7 312.8 310.3 308.4 305.9 303.6 302 300.7
245.7 249.3 252.8 258.3 265.6 273.3 281 290.6 300.8 309.5 316.7 318 318.4 317.9 318 316.8 315.6 314.7 314.4 312.5 314.2 317.4 318.7 319.6 319.3 321.7 322.2 323 324.8 326.4 327 333.6 338.1 342.1 348.7 356.5 366.8 372 379.7 385.3 395.6 410.2 424.9 437.4 449.7 460 467.6 470.8 468.7 461.6 454 444.4 436.7 433.8 432.3 433.2 432.5 426.7 417.4 406.6 395.2 382.9 371.2 361.8 352.3 344.5 336 330.8 324.1 321 319.1 314.9 313.5 308.2 305.6 303.7 301.6 300.1 297.7
252.1 256.8 262.1 271.3 278.3 286.5 297.6 310.4 319.2 325.2 328.5 333.1 331 330.6 330.8 331.8 333.3 332.3 331.4 332.6 332.8 331.3 331.9 329.9 329.3 329.1 329.2 331.3 335.6 335.9 338.4 345.1 352.4 358.3 359.7 366.3 374.6 380.1 387.7 393.5 407.5 423.3 437.8 451.2 466.9 480.2 485.8 482.1 474.8 468 458.8 450.5 444.1 439 438.2 439.4 436 427.9 417 404.7 394 384.5 373 363.9 353.9 347 340.9 332.1 329.6 325.3 323.7 318.7 314.9 311.4 311.5 307.1 304.1 301.8 298.2
260.8 266.9 273.5 283.7 293.1 307.2 319.1 328.5 336.2 341.5 344.6 344.7 344.1 347.5 351.8 354.1 351.8 350.4 347.9 347.5 346.3 345.3 344.8 340.6 341.2 343 344.1 344.7 345.9 348 353.5 358.9 364.8 370.2 371.9 376.5 382.7 391.8 399.4 407.8 419.2 435.1 447.7 462.6 478.3 490.3 493.3 486.9 477.4 470 464 456.5 450.7 450 450.7 450.6 441.8 426.2 415.6 403.3 392.5 382.5 373 362.9 357.1 353 346.3 339.9 334.7 331 328.9 325.4 320.1 316.8 314.5 311.3 308.3 304.3 299.3
272.2 277.5 285.9 297.4 310 323 332 340.5 348.9 353.1 356 358.9 364 368.4 372.5 373.5 372.6 371 366.4 362.2 364.1 360.2 359.3 355.1 354.6 355.9 358 356.5 359.7 364.5 369.3 374.9 379.8 381.5 384.7 386.4 392.8 401.3 409.1 416.3 428 443.8 457.3 470.5 485.3 496.2 498.8 495 482.6 475.1 469.5 465.7 463.8 461.2 459.5 454.8 444.7 431.2 416.1 403.7 390 384.3 376.9 367.5 361.5 355.9 351.6 346.5 340 336.6 333.7 331.5 327.1 325.7 323.1 322.9 318.6 310.3 305.7
280.1 289.2 301.4 315.2 325.6 333.3 344.5 353.2 361 367.4 371.7 377.8 384.5 387 390.1 393.6 394.8 392.1 386.1 381.1 378.2 377.1 374.4 370.4 369.3 370.2 372.8 371.2 376.3 384.1 385.7 390.6 392.8 397 398.9 401.7 403.5 409.9 419 428.6 438.1 452.7 463.2 474.8 488.9 499.4 505.2 502.9 495.8 488 481.2 476.8 474.9 469.8 464.7 457.4 448.6 434.7 418.6 405 394.6 386.7 378.8 372.6 367.9 363.6 360.1 356.5 351.2 346.4 343.6 339 338.8 337.7 337.2 338.3 332.2 325.1 313.7
291.6 301.6 313.8 325.8 334.7 344.6 354.5 362.9 374.5 382.7 390.9 395.7 400.7 407.4 413.9 415.7 417.5 418.2 412.3 405.3 399 396.3 391 388.4 387 387.9 390.7 393.4 396.8 400.7 400.7 404.4 407.1 407.9 409.5 413.7 415.2 422.9 432.4 440.5 447 458.5 467.7 478.3 491.5 502.7 511.1 513.4 508.9 501.9 498 487.3 481.9 474.2 467.8 465.2 453 440 423.2 409.2 398 390.4 383.7 377.6 376 371.9 368.1 365 361.6 357.9 354.7 355.2 357.3 355.8 356.6 354.2 349.1 337.8 325.3
303.7 313.6 322.9 331.2 341.1 351.2 362.5 374.4 386.4 395.7 403 411 422.2 430.1 438.4 445.9 447.8 446.4 441.5 428 415.3 410.6 408.7 405.6 403.8 405.4 408.7 411.3 413.5 414.9 415.9 417 419.4 420.8 422.5 424 427.1 434.9 442.7 449.4 456.4 462 469.7 481 493.4 506.3 517 523.2 521.6 524.2 513.7 501.8 495.9 487.8 481.5 469.2 456.4 438.7 425.8 412.1 402.2 395.3 392.7 386.6 382.9 381.1 374.8 373.2 372.4 367.9 373.9 377.6 377.1 371.6 368.5 366.8 359 347.8 334.3
315.9 323.7 328.8 337.1 347.6 358.3 372.3 384.7 397.4 407.9 418.2 429.7 440.8 453 461.8 470.7 474.2 469.8 457.7 442.9 432.2 424.9 423.2 419.9 420.1 421.7 423.6 425.5 426.7 430.3 430.1 431.8 431.3 432.2 433.6 435.6 440.5 447.2 449.9 453.4 461.1 467.2 472.6 483 495.1 509 522 531.6 538 539.7 528.8 518.4 507.2 499.5 484.7 471.9 455.6 437.3 427.7 416.5 409.8 405.3 402.5 397 392.8 389.6 386 386.4 386.5 387.9 393.1 394.6 389.9 382.2 378 375.5 365 352.4 338.3
325.3 332.2 338.9 345.9 356.3 367.5 384.1 396 408.6 419.7 430.2 444 458.3 470.5 482.1 489.5 488.9 479.5 467.4 454.8 444.2 439 436.3 433.1 433.1 433.6 436.7 438.7 442.7 444.7 444.4 445.6 446.7 447.4 446.8 446.7 448.5 454.2 457.8 460.2 462.8 470.9 476.5 484.8 496.7 511.6 524.1 534.4 543.7 548.6 542.1 531.2 517.2 501.9 484.3 470.6 456.9 441.9 432.8 423.8 419.3 414.8 411.3 408.7 404.8 399.3 402.5 405.3 408.5 407.1 412.6 408 400.2 391.5 381.7 376 367.4 354.1 340.8
336.3 342.3 350.9 356.3 365.9 380.3 395.1 406.7 420.9 432 447.5 463 478.3 493.8 505.3 508.2 495.1 481.1 472.4 461 454.4 451.1 447.9 445.7 444.8 447.4 450 454.1 457.9 459.2 461.6 462.2 460.9 461.6 459.6 458.2 456.6 457.8 461.5 464.1 466.9 473.2 481 488.6 498.5 512.2 525 536.8 546.3 555.9 555.5 539.8 525.6 507.6 491 474 459 448.5 440.5 432.4 426.8 422.8 418.8 415.7 414.9 420.4 429.9 431.4 428.6 425.8 424.8 415.3 407.2 397.7 387.3 374.4 363.6 352.7 336.9
351.5 354.5 359.5 366.8 376.9 390.2 404.8 417.9 431.4 447.7 463.7 481.3 500.2 517.7 527.6 524.2 510.5 490.1 476.7 470.8 464.5 462.6 460.8 456.4 457.7 461.8 466.5 469.4 473.7 479.3 480.3 480.2 478.6 475.2 471.7 467.6 464.5 462.4 465.2 467.4 472 476 483.1 492.2 500.9 511 522.7 534.9 546.1 560 564.2 552.9 534 514.4 496.1 483.5 474.5 460 445.9 441.3 437 432.9 432.6 431.6 439.8 447.8 450.7 448.5 440 433.6 429.7 422.6 414.9 404.3 389.8 378.9 363.3 348.2 333.9
364.2 365.5 368.2 376.8 387.3 404.2 415.7 429.3 446 461.9 480.3 499.9 520.1 537.2 547.1 544.2 523.3 501.7 491.3 481.6 477.7 474.7 472.1 471.7 472.1 477.5 479.9 486.3 493.6 496.4 498.6 497.7 495.1 488.4 482.3 477.1 472.5 471.6 470.5 472.9 476.1 477.9 486.5 493.9 500.6 509.7 519.8 530 542.1 554.8 562 556.9 542.4 524.9 506.4 490.3 479.9 469.8 463.6 456.4 451.4 452.2 453.8 456.1 455.5 458.8 459.1 454.1 448.1 441.4 435.2 429.6 421.8 408.6 392.6 382 364.9 348.6 328.6
374 375.9 380.7 388.6 399.8 414.8 428.4 442.3 457 476.1 495.7 517.1 538.2 556.2 568.4 567.5 546.7 519.3 502.4 496 488.5 485.9 487.4 488.6 489.9 492.4 497.3 506.2 512 515.3 514.3 513.7 508.2 499.9 494.6 487.7 483.4 480.2 478.1 478.1 482.5 483.9 489.2 494.8 500.3 506.3 514.5 524.3 533.8 546.9 555 555.6 545.4 533.1 516.1 503.7 493.4 483.1 477 472.9 469.7 480 473 465.5 464.6 460.9 458.7 453.1 449.1 443.5 438 432.7 423.3 410.5 392.2 379.1 364.3 348.4 328.6
384.2 388.8 393.1 399 409.4 424.5 439 454.9 469.4 489.4 509.8 531.6 553.3 573.1 588.9 589.9 573 551.4 527.2 510.5 506.1 499.8 501.2 504 508.6 513.4 522.2 526.2 530.4 534.3 533.7 528.7 521.3 513.6 505.5 499.6 495 492.2 489.4 487.2 486.9 488.8 491.2 494.2 498.4 501.8 507.6 515.3 524.7 535.7 545 549.1 542.8 533.6 524.4 512.7 502.3 495.2 488.6 486.6 485.3 484.7 478.4 468.8 462.8 458.9 454.9 452 448.5 443.6 438.6 430.5 422.7 409.9 391.8 379.5 362.7 344.9 330.7
399.2 402 404 410.1 419 433.9 450.1 464.5 480.3 502.3 522.5 543.6 565.5 585.9 605 607.6 592.6 575 549.1 532.8 523.2 517.9 515.7 520.5 531.4 538 543.3 548.3 554.4 555 556.6 547.6 533.8 524.5 516.6 510 505.2 501.4 497.5 493.4 490.1 490.1 491.7 492.5 494.6 496.6 500.6 506.8 514 524.2 532.1 537 537.9 530.5 523.4 511.4 504.6 502.6 495.8 488.8 482.2 479.2 473.2 465 456.7 454.8 449.6 447.5 444.3 440.3 436 428.1 420.4 407.1 392.8 380.3 362 344.2 332.1
414.9 414.8 415 422.8 430.9 445.8 461.5 476.1 493.4 513.9 533.4 555.2 576.5 597.3 615.9 614.2 598.4 575.8 560.1 547.7 542.5 541.3 544.1 547.6 551.9 557.7 564.7 572.6 577.5 580.6 579.7 564.2 553.7 540.1 527.7 518.5 514.1 508.9 505 499.2 494.1 491.5 491.4 488.6 491.1 491 493.7 498 504.1 511.1 519.4 526.8 529.6 524.7 518.3 510.5 507.7 504.1 491.2 481.3 476.4 470.2 462.1 457.3 451.3 448.1 444 440.8 436.7 434.3 430.5 424.1 415.6 405.4 390.9 375.6 355.4 343.4 331.1
426.8 427.6 426.5 436.6 444.3 454.4 470.7 487.1 506.8 526.4 545.9 564.2 586.1 605.9 621.2 623 614.3 598 578.2 567.6 566 567.6 571.1 571.8 577.5 581.7 588 595.3 599.5 597.2 588.6 578.3 565.6 549.2 532.6 525.1 520.5 513.1 509.1 502.8 498.1 493.9 490.2 487.9 486.3 487.2 487.2 489.9 493.8 499.6 506 514.1 518.5 518.9 520.7 517.1 505.8 494.3 482.6 473.4 468.9 461 457.6 451.7 444.7 440.2 436.4 431.9 428 425.5 424.3 417.1 408.7 398.3 385.3 367.1 352.9 341 327.8
438.4 439.3 440.3 451 461.7 469.6 482.3 499.2 517 538.5 557.2 575.1 596.8 615.3 629.6 635.1 629.7 618.6 606.1 593.8 591.4 591.9 597.4 597.6 599.9 603.3 608.4 613.1 614.6 609.9 597.9 585.3 570.7 551.6 536.7 529.2 525.1 517.7 511.3 504.3 498.8 493.9 489.8 486.2 481.3 481.6 481.3 480.9 482.2 488.4 494 501.3 508.9 515.2 520.5 513.1 498.2 485.2 475.1 467.7 461.1 458.2 452.5 442.3 436.2 432.4 427.7 422.9 418.6 415.8 414.2 407.8 399 385.7 374 361.8 349.9 336.9 325.3
452 455.2 455.9 466.8 475.7 484.8 494.7 512.2 529.5 548.5 567.7 586.8 606.8 623 637.4 639.9 635.9 630.4 622.9 618.4 616.7 617.5 618.5 621.5 622.1 624.4 628.3 630.6 628.2 617 602.3 586.9 573.5 556.4 543.8 533.6 523.9 520.5 513.9 504.4 498.5 494.9 490.4 484 477 473.3 473.3 472.3 473.4 477.7 482.6 489.9 498.1 506.5 512.2 507 495.4 482.9 473.2 466.3 459.2 454.1 443.5 435.2 430.5 427 421.5 415.4 411 407.6 404.4 398 388.1 375.8 365.7 355.8 343.7 331.3 321
466.8 470.8 471.9 481.1 490.5 499.7 510.9 524.7 540.9 558.2 578.6 598.5 615.7 631.9 643.8 650.6 653.5 648.6 643.7 640.4 641.1 642.2 644.3 641.8 642.1 641.5 644.5 640.5 635.5 625.9 613.2 598.1 584.8 569 553.7 539.9 530.6 519.8 513.1 506.4 499 494.8 488.3 482.5 476.3 470.1 466.3 464.7 463.6 466.6 470.6 479.7 487.3 497.1 504.8 500.3 494.3 484.8 469.6 462 456.1 448.6 438.9 432.3 427.2 422.9 415.4 410 403.9 399.9 395.6 389.4 380.2 365.9 357.3 346.2 332.3 323.9 313.5
484.6 487.9 492.6 497.2 507.2 516.3 525.4 538.6 553.7 570.3 591.7 610.8 627.9 642.9 656.2 664.2 668.9 669.7 666.2 663.8 666 666.1 662.8 662.9 660.5 658.5 653.4 649.7 647.6 642.2 629 611.2 593.4 577.7 561.6 546.8 535.5 521.9 515.3 506.3 499.9 492.2 486.3 479.1 473.1 468.4 462.7 459.2 455.6 455.9 460.6 467.3 477.5 486.6 496.3 497.2 495.6 487.4 474.5 462.1 454.1 446.7 437.5 430.3 423.3 417.7 412.4 406.6 400.8 395.1 387.4 380 370.2 356.3 347.4 334.2 318.3 309.1 301.1
504.9 506.2 509.7 517.3 524.9 534.6 543.1 552.7 566.9 586.1 605.2 623.2 640.4 656.6 669.3 676.1 681.3 684.2 683 684.3 684.8 680.7 678.5 677.7 673.4 668 664.8 661.8 658.9 649.3 636.3 617.7 598.6 581.1 566.5 551.6 537.8 525.7 516.6 506.6 497.7 491.2 485.1 477.6 471.5 465.5 457.8 453.2 450 448.2 452.6 457.3 466 474.7 485.9 495.7 496.5 490.6 477.9 465.4 456.7 446.6 433.4 426.1 420.6 413.4 409.3 402.6 395.5 391 381.1 369.8 358.8 346.9 338.4 323.8 313.4 301.8 295.5
523.2 526.9 532.6 539.5 546.3 553.8 559.8 570.1 583.9 602.4 618.4 634.4 651.3 666.9 678.5 683.2 687.2 691.1 694.7 693.9 693.9 689.7 688.8 683 681.4 682.7 682.8 677.1 663.5 650 634 618.4 602.5 584.2 569.5 556.5 544.5 529.9 518.5 511.3 500 490.8 483.6 477.2 470.8 462 453.2 450 446.9 442.9 443.7 449 455.2 462.7 472.9 485.6 490.5 487 477.2 462.6 454.4 441.8 431.3 423.8 417.9 411.2 405.6 398.7 392.7 384.4 374.2 365 353.3 340.6 331.8 322 310.7 300.5 290.1
548.2 550.3 556 563.8 568 575.8 583.4 592.3 602.9 617.3 632.6 647.1 661.7 674.4 682 685.6 687.9 691.7 693.4 693.6 691 688.6 687.2 689.8 697.4 701.4 699.8 691.9 677.2 658.7 639.2 622 603.5 587.2 573.4 563.1 550.3 537.7 523.6 514 503.3 492.7 484.8 477 467.8 459.1 455 450.7 443.9 439.6 438.3 440 444.1 451.9 461.1 471.2 479.6 479 471.2 460.5 448.9 438.2 429.6 422.4 416.7 409.8 401.8 393.7 386.8 378.2 370.1 362 346.9 336.7 328.3 320.6 307.9 298.4 288.3
575.5 580.9 584.4 589 594.7 601 607.2 612.5 619.8 632.2 645 658.2 669.3 677.9 684 685.4 685.8 685.5 685.5 684.8 682.9 682.2 683.3 691.8 700.4 710 716.7 706 689.4 670.2 649.9 633.4 613.6 593.1 581.4 570.9 557.1 543.9 534.3 522.5 510.5 499.1 488.3 479 466.7 456.8 453.3 448.3 441.8 435.2 432.8 432 434.3 439.6 448.4 458.4 466.2 467.1 463.4 455.3 448 437.6 428.3 420.9 412 405.7 397.7 392.1 384.6 376.3 369.3 355.4 343.4 332.9 324.4 316.5 307.2 297.8 286.2
611.8 612.6 614.6 612.2 617.3 621.2 624.3 630 635.6 642.4 654.8 666.1 672.2 677.5 678.6 679.2 677.3 675 673.1 673 672 669.5 673.8 683 693.1 702.9 712.9 716.3 701.2 681.5 662.6 645.2 625.9 606.8 592 583.8 568.3 556.6 545.1 530.7 516 506.2 492.8 478.9 467.6 463.1 456.9 449.8 443.9 436.8 432.4 425.4 427.2 427.9 432.6 443.2 452.3 456.3 454.5 452.2 444.9 434.9 425.9 420 409.9 404.4 397.6 392.1 385.5 377.2 365.4 354 345.9 333.9 325.6 315.4 305.8 297.4 286.9
638 638.3 636 634.1 632.7 632.8 638.6 642.1 646.3 655.1 663.6 668.2 671.2 672.4 669.7 666.4 662.8 660.1 656.9 655.3 655.9 655.5 660.8 668.2 679.1 688.6 699 706.2 695.5 686.3 671.8 653 633.7 616.7 603.5 588.7 576.7 566.4 552 539 522.5 512.1 497.7 484.7 473.5 467.6 459 452.9 444.7 438.4 432.2 426.1 420.5 419.4 421.9 428 436.8 442.1 446.8 447.8 441.1 433.4 426.7 420.1 417.5 410.6 401.7 395.9 386.1 378.3 367.9 356.9 346.7 336.4 325 314.4 302.8 294.1 283.2
660.5 656.3 653.3 648.9 645.7 644.2 650.8 650.1 659.2 663.6 666 667.3 664.1 659.5 652.8 647.1 643.8 638.9 635.7 634.7 636.2 638.6 643.1 650.5 659.9 671.5 681.4 690.7 690.1 683.4 675.8 663.3 647.4 632.6 612.1 595.6 583.4 570.8 559.1 545.3 531.2 514.9 498.6 489.3 480.3 470.6 463.9 455 448 440.7 433.7 427.3 421 416.9 413.4 415.8 420.6 428 434 439.1 437.3 435.2 432.6 429.3 422.4 414.3 404.8 400.3 390.5 381.2 367.4 358.3 349.7 338.1 327.5 314.5 302.7 291.3 279.6
678 670.2 666.4 662.9 664 660.5 654.3 665.2 665.7 667.5 668.5 662 653.1 645.4 634.6 627.4 617.7 610.4 607 607.9 612.6 616.8 621.2 629.7 641.2 653.1 663.5 673.2 679.9 680.6 673.8 673.6 666.3 650.8 629.3 606.7 588.8 577.6 567.8 554.3 537.6 522.5 509.1 494.6 482.6 473 465.2 457.2 448.1 441.4 434.7 428.7 422.6 416.6 411.8 405.6 407.6 413.9 422.5 430.5 434.3 437.4 438.2 439.6 427.6 418.3 411.9 405.5 395.4 382.2 369.5 360.3 349.9 337.8 326.3 311.8 301.5 286.8 277.3
