Game/Highland_Data/StreamingAssets/GeoData/Data/nc/NC66.asc
ncols 200
nrows 200
xllcorner 260000
yllcorner 960000
cellsize 50
[rows 148 to 184 of 200, columns 85 to 169 of 200]
69.7 56.9 35.6 38.9 58 69.9 86 92.8 98.4 102.5 104.2 107.4 109.8 103.6 100.4 92.1 71.7 56.4 54.8 54.7 61.4 70.9 64.2 65.4 64 62.9 62.9 63.4 67.1 70.9 72.2 70.3 72.9 74.2 82.5 84.8 85.9 73.9 56.1 49.1 46.7 30.1 28.6 37.6 53.6 57.3 44.5 35.2 40.1 56.2 53.1 36 27.5 24.4 15.6 12.1 11.6 14.3 30 34.7 42 44.1 47.6 54.4 65.2 73.8 78.5 80.6 86 94.8 100 96.5 98.1 96.2 92.7 76.2 66.1 57.4 51.9 47.9 49.5 41.7 16.2 -1.6 -1.6
70.1 55.2 38.3 39.1 60 72.8 85.6 91.9 98.8 99.9 102 101.8 105.5 103.3 102.4 103.3 90.3 72.9 56 55.6 63.4 76.2 72.2 73 64.8 63.3 64.6 66 66.4 69.4 70.1 70.8 72.1 73.9 78.8 81.4 74.8 64.7 58.5 49.7 47.4 39.7 37.8 40.6 52.5 60.8 63.9 54.5 62.2 64.3 54.7 52.3 36.7 32 23.3 17.8 12.2 12.6 19.3 26 34.7 40.2 46.2 52.2 56.9 68 70.5 78 82.4 84.7 90.1 93.1 94.4 95.1 90.3 81.7 63.2 56 53.4 49.5 59.5 47.6 24.1 -1.6 -1.6
69.4 55.2 40.4 39.6 60.8 73.1 82.9 94.6 97.7 98.6 98.5 99.2 100.3 101.9 101.6 104 91.9 79.7 57.9 54.8 60.3 73.4 74.8 76.2 66.3 64.2 73 68.4 68.1 70.2 69.5 69.6 70.3 75.4 79.4 74.4 74.4 64.3 59.8 59.4 59.6 50.3 46.1 52 57.8 67.1 73.4 65.2 56 55.3 57.3 52.3 46.1 40.3 36.1 25.1 21.4 19.1 15.6 17.4 23.4 35.5 44.4 52.5 58.8 63.6 62.9 71.7 77.4 80.3 82.3 91.9 93.7 93.4 85.5 79.4 59.5 54.5 55.5 53.2 48.5 40.2 27 -1.6 -1.6
71.1 57.7 41.2 42.1 58.8 68.4 82.6 92 95.8 96.9 97.6 96.3 98.7 96.5 94.5 93.8 91.5 83.6 63.8 56.7 61.4 66.8 72.6 75.7 68.3 65.2 75.1 73.2 76.4 74.3 70.5 70.1 70.2 70.4 77 73.4 65.6 63.8 59.1 60.4 65.7 57.2 52.7 60.2 71.1 73.6 72 66.7 58.5 55.2 56.1 59.4 51.3 56.7 55.5 38.9 28.1 26.8 20.9 17.7 18.1 22 47.6 50.9 52.9 58.7 63.4 59.4 67 74.5 79.7 92.5 93.6 88.3 85.6 77.6 61.9 54 53.3 50.7 41.6 33.5 21.7 -1.6 -1.6
75 57 40.3 44.2 57.8 67.9 78.5 87.9 94.8 95.6 96.2 96.7 95 96.5 90.9 87.6 86.6 78.2 59.9 56.2 62.4 69.8 72.5 75.1 76.8 66.4 67.9 72.1 75.4 81.2 74.8 71.1 70.2 70.5 81.1 77.6 69 60.5 59.6 61 61.5 65.1 57.4 60.3 76.6 77.3 78.4 78.2 68 58.5 57.9 59 59.6 58.5 66.3 57.5 56.5 36.7 42.3 25.8 18 16.4 19.8 33.6 40.2 46.6 54.4 57.8 54.4 61.7 78.3 86.9 87.5 86 84.7 77.5 60.2 52.6 48.3 45.5 36.9 19.8 11.2 -1.6 -1.6
78.4 56.7 38.5 44 56.2 67 80.2 85.2 91.9 92.8 94.9 93.3 94 94.7 86.3 83.7 80.1 67.4 58 56 61.1 64.9 72.4 77.1 73 68.4 66.5 68.8 75.7 79.1 74 73.1 71.5 72.4 74.7 77.2 71.8 61 62 63.7 62.6 68.8 64.8 64.6 72.3 80.5 84.7 81.2 80.2 72.1 66.3 67.7 65.8 65.3 68.3 61 51.5 47.6 47.6 49.6 38.9 17.6 15.9 16 19.7 28.6 34.9 40.9 39.8 51.2 68.8 77.2 75.3 76.5 72.7 64.8 55.9 47.2 37.2 36.9 32.5 14.7 -1.6 -1.6 -1.6
74.9 55.4 40.5 44.6 54.7 63.3 75.3 81.6 88.6 91.3 92.2 90.8 90.2 90.8 85.5 77.1 74.5 62.2 56.1 56 59.1 60.8 66.8 74.2 71 67.7 66.4 66.7 68.5 74.3 76.5 73.6 72.9 77.4 82.8 84.3 81.9 65.8 73.1 70.2 69.6 76.5 83.5 70.1 69.5 79.4 84 81.6 80.1 73.4 72.4 71.7 71 66.7 65.5 60 53.7 49.2 49.5 54 52.3 46.9 25.3 13.8 13.3 18.6 26 30.4 33.3 41.9 52.6 55.8 56.3 54.7 57.7 58.5 51.5 36.2 29.8 22.6 17.2 6.3 -1.6 -1.6 -1.6
74.2 52.6 41.5 44.7 53.4 62 71 79.6 84.6 89.4 91.5 88.7 87.2 87.3 84.5 76.2 67.5 61.4 56.4 56.3 57.1 58.4 63.6 73 71 68.6 66.6 67 67.4 74.4 76.6 74.7 74.2 79.2 81.9 86.2 82.9 69.9 76.8 73.3 79 83.4 79.2 76.7 77.7 72.4 74.6 74.8 76.8 72.1 70.8 68.7 68.5 66 64.4 63.8 59.6 52.1 49.3 49.9 56.5 48.9 37.6 28.3 11.9 12.2 14.3 18.3 23.8 32 41 43.4 44.5 44.6 44 40.8 32.5 22.6 7.6 -1.6 -1.6 -1.6 -1.6 -1.6 -1.6
67.3 52.2 43.1 43.8 52.4 61.2 68.9 76.3 80.8 86.7 86.4 84.1 83.1 83 77.9 74.2 68.1 60.1 56.3 56.7 57 57.7 58.8 76.2 73.4 71.1 71.7 67.1 67.6 72.8 82.2 77.5 75.2 75.8 78.6 86.6 84 77.8 75 77.9 85.9 86.4 80.1 73.7 72.9 76.6 73.3 76.7 75 73.7 69.6 68.8 69.1 66.8 64.6 65.5 64.5 55.7 52.5 46.7 49 51.1 48.3 35.2 22.7 10.3 10.8 12.7 16.2 21 27.2 31.4 34.5 32.9 29.9 21.2 11 2.1 -1.6 -1.6 -1.6 -1.6 -1.4 -1.6 -1.6
63.5 52.3 44.6 39.2 50 56.6 60.5 69.6 75.3 78.5 80.3 79.9 81.5 80 74.3 70.7 65.6 58.8 56.2 56.4 56.8 57.5 58.4 70.6 74.2 71.7 71.6 74.5 68.2 69.6 76.6 76.5 75.1 77.3 84.1 79.9 78.8 75.4 84.9 83 89.3 90 88.7 79.6 72.5 71.4 70.9 72.4 72.9 73.1 71.3 70 70.7 70 67.9 67.1 65 60.6 56.8 51.5 43.9 42.4 44.2 41.5 31.7 17.7 8.4 7.7 10.6 10.7 12.5 14.2 16.6 15.8 5.4 2 0.9 -1.6 -1.6 -0.9 -0.6 -0.5 -0.6 -0.8 -1.6
61.9 53.1 42.6 41.2 48.2 50.7 53.3 60.3 69 72 76.2 77.4 78.9 77.5 72.4 68.5 62.6 58.2 56.5 56.3 56.6 57.4 58.1 64 72.3 75.7 72.5 71.2 69.7 70.2 71.1 73.5 75.3 76.5 84.5 74 73.9 76.8 85.2 88 86.1 93.9 98.2 89.6 73.4 69.5 69.7 71.4 75.8 78.1 76.9 71.8 73.3 71.6 68.4 66.6 63.4 62.8 62.1 52.7 46.6 42.2 39.1 36.1 31.6 23.7 14.1 5.9 4.7 6.4 4.6 4.3 6.1 2.6 1.8 0.7 -1.6 -1.6 -1.1 -0.4 0.2 0.3 0.3 0.1 -0.3
56.9 48.7 42.9 41.4 45.4 50 55.2 58.4 64.4 72.6 70.3 73.4 75.6 76.5 71.1 68.8 63.1 58.1 56.5 56.3 56.6 57.1 59.4 60.9 66.9 74.3 75.1 71.3 69.6 69.7 73.3 77.8 75.6 76.8 75.8 73.1 73.1 75.4 79.1 79.6 80.5 89.8 93.5 91.4 82.2 68.7 68 77.6 79 84.1 76.1 75.1 76.8 77 72.3 69.5 64.8 63 61.6 55.6 49.7 42.9 39.4 33 27.6 21.9 17.2 11.7 4.5 4.9 2.3 2.3 2.3 1.4 0.5 -0.3 -1.6 -1.6 -1.1 -0.1 0.8 1.1 1.2 0.9 0.5
52.4 44.5 43.5 41.9 42.3 45.9 53.2 57.3 63.4 68.7 68.8 71.3 69.1 72.2 70.2 72.4 65.2 58.9 56.7 56.4 56.7 56.9 57.3 59.5 64.6 72.1 78.7 77.5 71.1 69.8 71.1 75.1 75.4 77.8 75.6 74.1 73.4 71.9 71.7 74.1 72.9 78.6 82.7 82.4 78.7 66.4 66 77.1 79.2 83.6 81.1 76.9 77 79.6 74.2 72.1 71 65.9 61.6 55.8 52.3 44 39.6 30.6 26.2 20.1 13.5 9 4.6 2.9 2.3 2.3 1.7 0.8 0 -0.9 -1.6 -1.6 -1.2 -0.1 0.9 1.9 2 1.8 1.4
44.5 42.8 42.4 41.9 41.7 42 43.5 49.1 59.6 64.8 63.6 68.2 64.4 65.1 68.1 72.4 64.2 58.1 57 56.7 56.6 56.8 57.2 57.8 65 71.4 74 81.2 70.5 70.2 70.9 73.4 74.6 76.5 75.9 76.2 76.8 81.8 72.7 71.2 70.4 69.5 69.5 68.1 69.4 64.1 65.4 68.7 77.9 77.4 74.9 78.5 82.2 78.8 77.4 78.1 74.5 74.2 66.5 56.9 47.7 44.9 37.8 31.2 24 20.7 12.1 11.4 7.3 3.5 2.4 1.9 1.3 0.7 0.1 -0.5 -1.6 -1.6 -1.6 -0.2 0.8 1.9 2.3 2.9 2.2
45 42.7 42.4 41.8 41.9 42.2 42.6 48 60 65.9 63.1 64.6 61.3 60.9 60.9 66.4 64.8 59.1 57.7 56.9 56.7 57 57.2 57.5 65.1 71.9 74.2 79.2 71.1 71.7 71.8 73.6 74.5 75.1 78.2 77.7 79.6 85.6 80.6 78.2 82.7 80.4 69.8 75.5 72 69.3 59.9 59.7 61.7 71.6 72.9 76.4 83.5 81.2 77.1 79.8 77.8 75.7 71.5 66.3 55.1 43.4 38.9 28.3 23.2 21.7 12.1 12.6 12 11.3 2.6 2.3 2 1.4 0.8 0.1 -1 -1.6 -1.6 -1.6 0.2 1.1 2.1 2.7 2.8
44.3 42.9 42.6 42.2 42.5 42.7 43.1 51.2 62.1 63.3 60.9 60.6 60.9 60.9 61.6 69.6 71.9 60.8 57.3 57.2 56.9 57.2 57.4 57.7 64.2 74.2 72.9 77.4 71.6 73.6 73.7 74.3 75 75.2 77.9 80.5 79.2 80.5 81.5 82.2 87.5 86 76.3 80.1 84.7 71.6 63.7 58.5 57.9 58 64.8 69.3 74.1 73.9 74.6 82.2 81 79.3 76.5 68.1 59.8 47.6 37.8 28.8 23.8 20.4 15.8 13.3 12.8 12.8 9.4 2.6 2.3 2.2 1.6 0.6 -0.5 -1.6 -1.6 -1.6 -0.6 0.5 1.6 2.5 4.1
43.9 43.4 44 45.2 43.5 44 44.9 51.5 59.9 61.1 64.4 65.8 62.1 60.9 69.3 80.6 73.3 63 58.4 58.1 57.1 57.3 57.6 58.1 68.2 76.8 72.7 74.2 73.3 73 74.1 73.2 73.2 73.2 73.8 77.8 79.7 79.9 81.5 85.3 81.6 84.8 82.6 73.4 80.2 71.1 59.5 57.8 57.5 57.5 57.1 62.4 59.3 63 68.7 78.9 80.4 81.5 81.9 73.2 65.2 52.7 38.4 29.8 23.9 19.6 19.6 21.7 15.9 20.7 17.9 5.2 2.3 2.3 2.3 1.1 0.2 -0.5 -1.6 -1.6 -0.9 0.2 1.2 2.2 5.8
45.7 43.5 47.6 48.6 44 48.1 48 50.8 53.7 57.7 63.1 62.2 60.9 60.9 65.7 77.9 73 65.6 62.4 63.4 58.1 57.3 57.8 58.4 64 71.7 71.5 72 72.2 73.3 73.7 73.2 73.2 77.4 80.1 79.7 80.6 83 88.5 91.5 88.8 83.1 75.9 71 67.9 66 65.4 57.1 57.1 56 55.6 57.6 59.4 54.2 55.8 64.3 69.1 75.7 80.3 75.4 66.7 55.4 42.7 31.4 23 21.3 21.3 28.7 24.8 26.1 22 10.4 5.4 3.1 1.9 1.7 1 -0.1 -1.6 -1.6 -1.6 -0.1 1 2 7.1
48.6 47.4 54.8 50 45.5 49.8 50.9 53.5 56.4 60.2 64.4 60.9 60.9 60.9 60.9 75.3 69.9 66.8 64.2 62 62.9 57.5 60 63.2 60.6 67.2 68 71.6 72.3 73.8 80 78.2 79.3 81.1 81.7 80.8 84.3 86.5 92.3 93.4 95.6 98.4 89.8 74 72.8 69.6 62.8 59.3 56.2 55.7 55.5 57.2 53.5 54.7 51.5 53.9 52 57.9 63.6 68.1 65.5 57.8 47.7 33.4 22.7 22.1 24.6 25.5 27.3 30.3 26.2 12.1 6.1 5.5 2.9 2.3 1.9 -1.6 -1.6 -1.6 -1.1 -0.1 0.9 1.9 7.5
53.7 53.9 53.7 48.1 47.2 51 53.5 58.4 58.7 61.4 62.2 60.9 60.9 60.9 60.9 73 71.7 70.8 65.1 63.3 63.5 58.5 59.4 61.2 61.2 63.1 71.2 79.5 77.8 79.1 81 81.3 83.2 83.7 83.9 86.6 87.8 88.5 92.3 93.7 95.5 99.7 89.3 80.4 74.3 68.6 78.1 61.2 56.8 56 55.9 56.5 58.4 59.5 50.6 50.7 52.4 51 41 40.9 50.8 47.6 40.8 31.2 24.1 22.8 25.8 24.7 24.5 24.4 26.2 19.1 6.9 5.3 4.9 2 2.1 -1.6 -1.6 -1.6 -0.3 0.5 1.2 2 9
57.9 58.4 52.8 48.2 46.4 51.6 56 58.9 58.9 63.8 67.8 60.9 60.9 60.9 60.9 64.3 67.7 72.6 67.3 64.8 62.2 59.3 59.9 59.6 66.2 74 74.7 75 77.2 81.8 83.5 83.6 84.2 84.7 84.7 88.2 90.6 89.2 89.2 91.8 92.6 97.4 92.1 83.5 76.9 65.6 73 64.5 58.8 62.3 58.8 56.8 56.1 53.8 52.2 50.2 50.5 49.3 43.8 45.5 41.6 33.4 29.1 26.7 26 27.3 24.3 26.6 25.1 24.5 24.1 21.6 10.8 5.6 4.7 4.8 -1.6 -1.6 -0.3 0.3 0.5 1.3 2.1 2.3 7.6
63.9 62.7 54.2 50.4 49.1 53.7 56.5 60 60.4 62.8 66.6 60.9 60.9 61.8 60.9 60.7 63.2 65.8 69 76.3 66 63.1 60.5 63.9 69.6 75 73.1 71.7 80.6 84.3 84.9 85.4 85.5 85.7 85.4 88.1 90.6 86.2 84.6 88.6 91.3 92.8 90.5 86.8 80.3 66.6 69.5 65 62 67.1 65.1 64.1 67.8 60.5 57.2 51 50.3 53.1 46.8 45.7 43.1 38.1 41.6 42.1 46.9 45.4 43.6 38.7 37.4 34.8 31.9 32.1 32 15.8 4.4 3.9 -1.6 -1.6 1.3 1.8 1.8 2.1 2.3 2.3 7.2
66.8 64.8 56.4 54.5 49.6 55 57 62.3 60.7 61.3 60.9 60.9 60.9 63.1 62.9 61.1 61.5 65.9 73.4 80.1 67 63.7 65.9 63.3 68.9 75.7 74.2 72.3 81.8 88.3 86.9 86.9 86.7 86.7 86.3 88.1 87.2 84.6 84.6 84.6 93.8 90.2 88.7 88.5 81.7 75 70.9 69.9 65 65.9 69 66.7 66.6 66.5 66.3 61.5 52.8 52.4 51.9 57.7 56.2 54.2 54 53.4 61.7 64.3 53.2 58.1 57.8 46 46.5 38.9 36.7 35.7 12.6 2.9 -1.6 -1.6 -1.6 3.1 2.4 5.2 5 2.6 5.2
66.4 63.2 61.4 57 48.9 58 61.1 65.5 64.6 63.2 60.9 60.9 60.9 63 64.5 62.4 67.4 67.7 77.5 85.6 83.2 67.7 65 64.9 67.8 77.6 75.3 75.4 79.3 89.8 89.2 88 87.9 87.7 86.8 87.7 87 84.6 84.6 89.4 92.4 93.4 88.8 86.5 84.8 75.8 66.4 67.5 67.4 66.9 70.2 67.3 66.8 66.5 63.3 61.6 62 62.2 66 65.3 66.2 60.2 62.4 68.1 72.7 75.3 68.7 67.3 71.3 68.5 50.7 45.8 37.8 35.3 19.2 3.3 -1.6 -1.6 -1.6 2.4 2.2 6.8 16.1 15.7 12.5
66.1 63.9 68.5 62.7 53.6 60.2 61.2 64.5 65.6 60.9 60.9 60.9 60.9 64.5 65.8 62.7 64.3 68.3 71.6 83.6 94.2 75.3 68.6 69.6 65.8 75 75.7 76.1 77 88.7 90.2 89.7 88.6 88.2 87.3 87.5 87.4 87.3 84.6 87.7 93 94.1 92.6 86.3 86.5 76.3 66.7 67.7 68.2 73.4 68.5 66.6 66.5 66.5 69 70.5 66.6 69.9 73.1 75.4 73.8 75 72.2 77.2 87.5 90.2 77.6 72.8 71.3 69.2 57.7 51.1 40.4 34 23.6 9.3 1.3 -1.6 -1.6 -1.6 -1.6 8.9 16.6 18.3 17.5
67.9 66.3 66.9 62.5 56.2 62.6 63.1 64.1 61.1 60.9 60.9 60.9 60.9 64.9 66.1 64.1 66.4 68.9 71.1 71.8 78.3 80.3 70.2 75 73.4 76.4 75.6 77.1 78.5 83 92.9 93 91 89.5 88.5 87.7 87.7 84.6 84.6 84.6 88 90.3 91.1 85.5 81.2 74.3 68.3 72.5 72.3 74.2 72.3 66.6 66.5 67.4 72.1 76.3 76.2 82 78.2 79.6 82.9 84.3 81 85.2 95.8 92.4 80 71 65.7 62.2 58.5 67.6 53.7 41.3 44.3 30.7 11 2.1 -1.6 -1.6 -1.6 -1.6 16.6 17.4 17.9
66.3 65.8 60.6 61.1 54.1 62.3 68.1 64.8 60.7 60.9 60.9 60.6 60.9 67.3 67 65.2 67.8 73.1 74.7 75.3 82.3 79.4 76.3 73 72.3 71.7 77.2 79.5 80.5 81.3 89.5 94.1 94.6 90.8 90.1 89.2 88.1 87.9 84.6 86.7 84.6 84.6 88.3 87.6 81 78.4 76.6 78.7 74.3 73.1 72.9 67.9 66.6 69.1 66.3 76.5 77.5 81.2 82.7 83.9 87.6 85.6 86.8 90.9 94.1 93.6 87.6 77.1 66.6 63 66.1 71.9 64.5 47.6 46.7 42.7 21.3 2.3 1.3 -1.6 -1.6 -1.6 16.6 17.2 17.7
66.3 61.5 59.9 57 54.4 62.4 65.2 62.7 62 60.9 61.7 60.3 62.1 72.2 74.1 67.4 69.9 74.2 79.1 84.6 86.5 81.3 78 75.3 73.8 70.4 78.8 80.1 83.9 82.4 84.5 89.3 95 92.8 92.1 90.5 88.5 87.5 87.1 88.7 94 88.6 94.7 90.8 86.7 84.1 75.7 76.1 81.4 74.6 73.3 71.1 67 69.9 66.3 67.3 74.7 78.1 83.1 89.4 95 88.7 91.8 93.6 95.5 100.7 97.8 84.7 75.6 69.3 72.1 73.9 65.1 51.2 38.6 31.9 23 6.3 0.6 -1.6 -1.6 11.6 16.4 16.9 17.5
65.2 62.8 59.5 53.1 56.8 61.6 62.4 62.4 62.4 62.7 61.8 61.9 68.9 76.9 77.3 70.2 74.4 79.5 82.8 89.1 92.2 89.3 75.4 75 70.9 72 79.1 80.6 82.3 82.4 83.8 85.7 91.7 94.8 94 93.6 89.8 89.6 90 89.7 97.1 91.6 94.2 92.7 89.1 85.9 79 75.4 84.5 76.3 76.8 72.1 71 73.5 69.6 67.6 70.7 74.8 88.9 90.4 97.4 92.4 92.8 99.8 101.5 103.7 102 96.1 88 78.4 75.6 72.6 61.8 47.3 36.6 24.8 17 8.3 0.5 -1.6 2.2 2.6 16.5 16.7 17.1
66.8 61.9 58.5 56.1 57.4 61.9 61.8 61.9 62 62.7 69 64.5 73.3 80.2 76.5 73.2 77.8 80.5 84.2 91.4 94.4 96.2 77.3 73.5 71 75.7 82.7 82.4 82.3 81.8 82.8 84.8 92.5 96.4 95.6 95.2 92.5 91.1 92.1 92.3 96 93.6 93.6 94.7 90 82.9 79.5 75.7 77.6 77.8 76.9 76.5 76.7 72.1 70 69.4 73.9 80.6 90.3 98.3 101.5 95.2 94.5 104.8 105.1 104.3 107 99.2 92 81.4 75.8 74.4 55.6 39.2 29 20.7 15.6 -1.6 -1.6 -1.6 2.4 2.9 17 17.1 17.2
65.9 62.7 56.4 55.8 61.2 59.6 63.8 62.4 62.4 68.1 71 70.1 81.8 82.9 75 76 78.7 82.4 84.3 96 99.4 99.9 85.4 73.6 73.3 75.3 82.2 83.1 83.3 81.8 81.9 84 93 97.5 97.5 94.8 94.1 96 94.5 95.3 95.3 94.8 94.1 96.3 89.9 84.3 76.8 77.4 89.8 87.7 82 80.7 79 79 79.1 71.2 77.3 81.8 92 100.9 107 104.7 100.1 111 111.7 109.8 112.5 104.1 92.1 81.1 73 70.8 54.2 33.4 25 15.3 1.5 -1.6 -1.6 2.4 2.5 3.6 16.6 16.8 17.3
64.3 58.7 56.6 55.8 61.3 59.5 61.9 62.8 62.4 67.1 71.9 71.3 78.8 82.4 75.9 77.7 80.3 89 91.7 100.1 105.2 102.4 92.1 81.4 75.4 76.9 77.2 83.3 84.6 81.8 81.8 82.2 88.8 92.7 95.4 94.1 95 94.4 95.9 95.2 95.3 95.7 96 94.4 89.1 90.9 78.5 76.3 89.1 88 84 82.4 89 80.8 76.2 74.3 80.5 85 91.8 99.2 111.4 108 103.7 111.9 114.2 112.7 110.5 105 87.9 76.5 71.3 62.5 53.1 34.2 21.1 9 2.3 2.2 2.4 2.2 16 3.7 16.9 17.4 17.2
60.4 56.9 56.3 57.3 62.2 61.3 62.3 62.5 69.3 68.3 71.2 72.2 77.2 77.4 76.8 77.1 82 91.2 96.8 103.8 107.7 107.2 96 87.6 74.1 75.9 77.2 80.7 83 83.6 81.8 81.8 84.2 88 91.3 93.1 93.4 93.9 95.1 95.9 95.8 95.9 97.4 94.5 89.6 89.3 81 76.4 84.6 84.7 83.2 86.3 86.8 79.5 74.3 73.7 82.8 89.2 88.6 99.8 112.2 110.7 104.9 111.7 112 109.1 104.1 100.1 83.8 75.1 66.6 55.6 44.6 34.1 17.7 6.8 2.8 2.2 2.9 18 17.5 4.2 16.6 17.4 17.1
58.4 56.5 56.5 58.3 69.2 64.5 63.9 73 70.8 70.7 71.2 75.2 77.1 76.9 76.8 77 82.9 91.3 95.6 103.1 106.7 102.8 101.7 91.5 81.9 82.2 82 78.6 78.6 83.9 83.4 83.8 84.2 87.5 90.3 91.1 92.6 94.5 94.4 95.3 95.9 95.9 96.8 94.6 90.3 83.9 81.7 76.2 87.2 83.3 84.9 81.3 85 77.2 74.1 73.7 88.7 88.9 90.7 99.7 114 114.1 105.4 109.5 109 104.8 99.1 91.4 82.9 74 64.3 48.9 37.3 25.7 16.4 3 2.6 2.3 11.5 20.5 18.2 7.1 5.2 11.9 16.8
57 56.2 58.9 64 72.4 70.2 71.3 80.7 77.7 79.3 72.9 83.1 79.8 77.1 77.3 77.6 82.5 89.4 94.5 96.9 101.9 102.6 97.5 95 87.2 76.3 76.7 77.3 77.3 78.7 83.7 84.4 84.9 87.1 89 90.6 91.9 91.8 92.4 94.4 95 94.8 96.2 95.2 94.7 83.5 81.5 76.8 82.7 83 82.5 79.8 80.2 78.6 73.8 74.3 93 94.6 93.6 100.9 116.8 112.4 106.5 102.7 105.7 103.6 97.5 94.6 83.2 68 55.8 45.1 31.7 19.3 4.8 3.2 2.6 10.2 19.5 29.4 27.1 16.9 14.3 6.9 9.8
56.9 57.2 58.1 65.7 74.9 72.9 74.3 85.9 84.6 87.4 82.4 87.2 81.5 77.4 77.5 77.7 84 87.8 93.2 95.7 92.8 96.5 96.4 102.6 93.6 82.3 76.8 76.7 76.9 77.4 82.1 84.8 84.9 86.6 89 90.9 91.8 91.8 91.8 91.8 92.6 96 98.6 96.3 96.2 90.2 82.5 77.9 79 81.2 81.3 80.8 78.9 77.9 76.3 74.3 96.3 101.3 94.7 98.4 110.4 111.3 109.1 101.1 99.5 103.9 99.9 92.7 87.3 69 54.4 39.3 24.2 17.7 3.7 2.8 3.1 20.5 24.2 36.4 31.1 18 16.4 10 7.2
56.5 58 59.2 70 75.1 76.5 78.5 84.2 88.5 93.8 88.9 97.3 88.6 77.9 77.7 77.7 83.5 88.9 94.9 94.5 90.3 89.7 95.4 101.6 97.1 86.6 78.4 76.6 77.5 77.7 79.2 83.5 84.5 85.7 87.7 92.5 92 91.6 91.8 91.8 91.8 93.7 98.6 97.4 95.3 93.4 87.8 81.6 78.2 81 80.9 80.7 79.5 79.7 79.7 80 97.2 104.7 95.8 101.1 107.7 108.8 107 103 94.6 96.6 97.3 88.6 79.7 65 51.7 35.5 18.8 5.4 3.6 3.5 14.3 32 36.8 48.8 35.7 27.6 17.3 12.4 13.1
