Game/Highland_Data/StreamingAssets/GeoData/Data/nc/NC72.asc
ncols 200
nrows 200
xllcorner 270000
yllcorner 920000
cellsize 50
[rows 35 to 69 of 200, columns 78 to 155 of 200]
291.2 290.1 287.3 285 282.8 281.3 280 277.5 275 273.2 272.3 270.2 274.6 276.4 279.6 284.4 287.6 290.3 290.5 290.4 290.5 290.5 291.6 292.9 292.6 293.7 296.6 302.2 307.1 312.3 318.7 324.4 329.8 333.8 338.1 342.8 347.2 350.3 354 356.9 360.7 363.8 366.7 368.7 370.6 372 371.4 370.6 368.3 367 360.9 354.7 348.8 345.6 341.3 336.8 335.4 334.4 338 339.3 341.6 343.7 347.5 350.8 349.1 346 341 334.7 327.7 322.3 315.5 310.1 304.3 299.6 297.7 296.7 295.8 294.9
288.3 287.1 284.8 282.6 280.6 279.4 278.2 275.7 274.5 273.8 272 270.9 273.1 275.5 279.6 282.6 286 288.6 289.4 289.4 289.4 289.5 290.4 291.9 291.6 291.9 294.1 298.7 303.4 308.6 313.6 319.6 323.6 328.4 330.5 334.5 339 344.6 347.8 352 355.4 358.4 360.2 361.8 364.5 364.3 364.7 362.8 359.8 358.2 354.5 349.6 344.1 339.4 336.4 332.8 332.5 333.1 335.1 339.3 342.4 345.8 352.5 354.9 352 348.4 343.8 337.7 331 327.9 321.2 315.6 308.5 299.9 298 297.4 296.6 295.7
285.5 284.5 282.3 280.1 278.8 277.7 276.5 274.6 274 273.3 272.5 269.8 271.5 275.6 278.5 281.2 284.5 286.2 286.6 287.6 288.4 288.4 289.1 290.6 291.2 289.6 293.1 295.7 299.9 305.8 308.1 313 318.5 323.5 325.6 328.6 333.7 339.2 342.5 346 349.7 352.8 353.8 355.1 357.2 357.3 356.9 355.4 350.9 349.1 347.1 343.5 338.8 333.9 330.7 328 329.4 330 332.4 337.3 344.3 348.9 354.8 358.2 354.8 351.6 347.1 343 338.7 334.5 327.2 318 308.8 301.4 298.3 297.2 296.6 295.8
282.9 281.9 279.7 278.3 277 275.9 274.8 274.1 273.5 272.8 272.1 270 273.8 274.6 276.7 279.6 282.2 283.1 283.5 284.5 285.5 286.5 288.3 289.2 290.2 291.6 292.6 294.8 297.7 301.4 304.2 307.6 311.4 316.4 321.2 325.4 330.4 333.3 335.6 339.1 344 346 346.8 347.9 349.6 350 349.6 347.9 342.6 339.7 338 337 332.3 326.7 323.6 323.2 324.1 327.8 330.5 335.2 343.6 350 355 357.5 356.8 354.3 351.7 349.4 345.7 340.7 333.3 322.1 314.7 306.7 299.1 297.1 296.2 294.2
280.6 279.4 277.9 276.4 275.2 274.1 273.5 273.7 273.2 272.5 270.9 268.5 273.3 273.3 274.7 277.4 279.3 281.7 281.2 281.4 282.1 284.3 287.5 288.5 288.5 291.7 292.5 294.6 296.1 297.5 299.7 302.7 305.5 311.8 316.1 319.9 325.4 328.3 330.7 333.8 336.8 338.3 339.6 340.8 342.4 342.6 342.2 340.4 336.3 332.6 330 329.4 324.4 320.2 319.5 320.6 321.9 325.8 328.7 333.9 343 348.2 352 355 356.3 356.4 354.6 353 350.9 345.2 338 328.2 319.2 310.7 302.4 297.7 294.4 291.3
276.9 276.6 276 274.6 273.4 272.8 272.2 272.2 272.5 272.2 270.4 265.7 270 271.5 272.9 274.4 276.4 278.6 279.6 277.5 279.7 283.9 286.6 287.1 286.5 289.9 292.4 294 295.1 296 296.9 298.4 301.8 307.5 311.4 315.3 318.7 322.7 325.2 328.9 331.1 332 334 334.4 334.3 334 333.3 332 330.3 326.6 322.8 321.3 317.7 314.8 314.5 317.1 318.3 323.7 327.7 331.8 339 344.1 345.9 349.7 353.1 354.6 355 355 353.6 347.9 341.7 334.4 325.3 315.3 306.9 300.3 294.4 287
273.8 273.7 273.1 272.5 272.1 271.5 270.9 270.6 271.1 271.4 270.6 267.2 267.4 269.2 270.2 270.9 273.4 274.5 276.5 275.3 276.1 283 285.5 286.1 286.9 289.2 291.5 292.7 293.9 293.8 294 296.8 299 303.2 307.5 310.5 313.4 315.7 317.6 322 324.8 325.1 326.5 328.2 328 328.1 326.7 324.4 323.6 320.3 317.8 314.6 312.2 309.8 311 311.5 315 320.1 324.6 328 332.2 336.6 341.5 344.3 348.4 351.1 353.9 354.6 354.5 350.7 344 335.9 328.1 318.8 310.9 300.2 292.4 286.1
271.6 271.5 271.3 270.7 270.2 269.8 269.4 269 269.7 270.4 270.4 267.9 264.8 266.5 268.6 270 270.8 271.8 273 272.7 273.8 280.6 283.6 282.5 285.8 288.7 290.6 290.7 291.7 290.6 294.7 295.5 297.2 300.1 303.3 307.1 309.7 312.3 312.3 317 318.9 319.5 320.2 321.2 320.8 320.4 318.5 316.9 317.1 315 312.7 310.4 306.7 305.8 307 307.3 311.5 316.3 320.6 324.1 326.8 330.6 335.8 338.9 343.1 347.3 350.2 352.5 354.2 350.4 345 339.6 332.7 323.2 311.4 298.6 290.6 285.2
269.3 269.3 269 268.8 268.4 268.2 268 268.2 268.9 269.6 269.6 268.2 265.3 265.7 267.7 269.2 270 270.2 270.7 271.2 272.6 274.6 279.1 281.5 282.7 286 289.6 289.8 290 289.7 293.1 293.6 295.8 298.9 300.9 303.4 306.2 307.7 309.9 311.5 314.1 316 316.1 316.3 315.2 314.5 313.6 312.1 312.5 310.6 308.2 305.3 302.6 302.5 301.2 303.3 306.8 311.7 316.6 320 323.1 324.9 329.4 333.2 338.1 341.9 345.8 348.2 351 349.9 346.3 342.7 336.2 325.2 314.1 298.6 288.9 283.4
267.9 267.7 267.5 267.3 267.2 267 266.7 267.4 268.1 268.8 268.9 267.2 264.6 263.8 265.8 268.1 269.1 269.3 269.3 270 270.7 271.5 276.2 276.9 280 282.5 286.5 288.7 289.4 288 288.9 292.3 294.4 296.6 298 300.2 302.1 303.3 304.8 306.7 307.8 310.3 310.2 311.1 310.8 310.3 308.4 308.5 307.9 305.7 302.9 300.2 300.3 298.8 297 299.8 302.9 306.8 311.8 315.9 318.6 320.6 323 328.6 332.5 336.5 340.6 343.2 346.5 347 345.5 343 336.6 323.3 313.8 297.8 288 282.3
266.5 266.3 266.1 266.1 265.9 265.7 265.9 266.6 267.4 268 268.4 266.6 264.3 261.7 264.3 266 268.1 268.3 268.1 267.6 266.9 271.8 273.6 274.7 275.3 280.3 284.1 285.9 287.2 286.5 286.4 290.6 292 293.4 295.5 297.8 300 301 301.9 303.2 303.8 304.1 304.8 306.9 306.6 306 303.8 304.1 303 300.5 297.3 296.1 296.1 296.4 293.9 296.8 300.4 303.1 307.1 311 314.7 316.9 318.8 323 327.3 331.3 335.3 338.5 340.8 343.3 342 339 332 321.1 312.4 296.7 287 282.4
265.1 264.9 264.9 264.9 263.9 264.5 265.1 265.8 266.3 266.8 267.4 266.3 263.6 260.2 261 263.6 266.1 266.5 266.3 265.1 267 270.2 272.8 272 273.2 276.6 280.3 284.3 285.4 283.9 284.9 288.9 290.4 291.7 293.1 295.3 298.2 299.4 300.1 300.4 300.5 301.1 302.5 303 302.7 299.6 298.9 299.5 298.1 295.9 293.8 292.3 292.5 293.7 291.6 294.5 295.3 297.6 301.7 305.9 309.6 313 314.5 318.5 322.9 326.2 330.1 332.8 335.5 338.1 338.5 335.4 330 321.6 311.5 297.2 286.9 283.6
264 264 263.9 263.7 262.7 263.6 264.1 264.6 265.2 265.7 266.2 266.6 264.2 261.6 259.5 262.6 263.7 264.4 264.7 262.3 265.8 268.4 270.6 271.4 270.3 273.3 276.2 281.8 283.5 282.4 283.6 287.1 288.7 290 290.9 292.9 295.4 298.1 299.1 299.6 299.8 299.4 299.9 300.4 298.8 296.8 295.4 294.8 293.2 291.2 289.7 287.7 288.6 290.8 288.3 291.3 292.6 294.2 297.6 300.9 304.8 308.4 311.6 314.6 317.9 321.3 324.2 326.9 329.5 332.4 334.5 333.6 329.2 320.5 309.8 297.8 287 283.1
263.4 263.3 263.3 263 261.7 262.7 263.3 263.8 264.3 264.9 264.9 265 264 261.7 259.2 260.5 262 263 261.9 263.6 266 266.9 268.7 269.4 268.8 269 271 277.5 280.9 280.3 281 285.3 287 288.4 289.2 291.1 294.2 297.1 298.6 299.2 299.3 297.8 298.1 298.2 296.9 293.7 291.2 290.2 288.7 287.2 285.8 284.3 284.4 287.4 287.2 288.6 289.8 290.9 293.7 296.1 299.6 302.9 305.9 308.9 312.1 315.9 318.1 321 323.7 326.7 329.3 329.2 326.4 318.2 307 297.2 287.2 284.2
262.2 262.3 262.4 261.8 261.8 262 262.4 263 263.1 263.3 263.5 263.7 263.9 261.2 258.8 260.6 261.4 261.1 261.6 263.7 264.5 265.3 266.7 267.6 267.3 267.3 271 274.4 277.8 278.2 279.6 283.8 285.2 286.6 287.6 288.4 293.1 296.6 298 298.7 298.6 297.4 295.8 296.7 295.4 292.5 290.4 287.6 287.1 285.8 283.8 282.5 283.3 284.5 286.1 286.8 287.5 288.3 289.2 291.5 293.7 296.9 300.4 302.6 306.5 310.4 312.9 315.1 317.7 320.4 323.6 322.5 322 315.5 304.4 293.5 288.3 284.3
261.2 261.1 261.1 261.1 260 259.9 261.5 261.7 261.8 262 262.2 262.5 263.1 261.4 258.3 260.1 260.2 258.3 260.3 262.7 263.4 264 264.7 266.2 266.6 266.1 269.1 271.5 274.8 275.8 278.2 282.4 282.8 284.5 285.9 286.7 290.6 295.1 297.4 298.2 298 297.2 296.6 295.7 294.1 291.8 289.7 287.2 284.8 283.4 282.2 279.9 281.4 280.4 283.8 284.3 284.7 285.2 286.6 288 288 290.6 293.7 296.5 300.4 304.5 308 310.2 312.9 314.8 317.2 318 312.6 310 300.5 289.7 286.1 283.1
258.8 258.5 259.5 259.8 258 258.7 260.1 261.2 261.2 261.2 261.3 261.3 261.4 260.9 256.8 259.3 258.4 258.5 259 261.8 262.6 263.4 264 263.4 263.8 265.6 267.5 269.3 271.7 271.7 277.2 281 281.9 282.9 284.1 284.8 287 293.1 295.6 297.4 297.3 296.2 295.1 293.7 294.2 292.1 290.1 286.4 284.9 281.8 278.9 277.5 278.7 279.9 281.1 281.7 282 282.1 282.7 283 283.3 284.8 288.3 291 294.2 298.6 302.6 305.4 308.6 310.9 312.9 312.3 308 299.3 294.6 286.5 282.7 280.6
256.8 256.7 257.3 257.8 257.2 258.1 258.7 260.1 260.7 260.7 260.7 260.6 260.5 260.5 259.1 258.2 259 257.8 259.7 261.3 262.2 263 263.3 262.9 262.7 264.8 266.1 267.5 269.7 270.9 275.7 279.5 278.5 281.1 281.9 281.4 284.3 289.9 293.6 296.2 296.2 296 294.7 294 293.9 291.8 290.7 288.2 284.9 281.7 279.5 274.3 274.2 277.6 278.1 279.1 278.6 278.4 277.6 278 278.2 278.9 282.2 285.8 289.2 292.7 296.7 300.3 303.5 305.5 307.6 307.6 304.9 297.3 290.2 283.2 279.4 277.6
254.4 254.6 254.7 254.6 256 257.1 258 259.3 260 260.1 259.9 259.8 259.8 259.7 259.7 256.7 258.6 256.1 259 260.6 261.9 262.3 262.7 262.5 262.6 263.7 265.1 265.3 266 269.7 273.4 275.6 276 278.1 280.3 278.4 280.4 286.1 290.7 293.7 295.4 295.2 294.5 294 293.6 292.2 290.9 289.5 286.3 281.4 277.9 274 271.8 274.7 275.3 275.5 273.9 273.2 274.2 273.7 273.8 274 276 279.9 283.7 287.3 289.9 293.7 298.3 300.6 302.1 302.9 300.5 295.9 287.6 279.2 276.3 274.3
256.4 251.5 251.1 251.9 254.3 256.4 257.5 258.3 259.2 259.3 259.1 259.1 259 259.1 259.3 257.5 255.7 256.3 258.3 259.9 261 261.3 261.7 261.9 262.2 262.6 264.2 264.6 263.6 268.4 270.6 272.2 274.1 276.4 278.6 277.3 277.2 282.9 287.5 290.9 293.4 294.1 293.9 293.4 292.7 292.7 291.4 289.9 286.1 281.8 278 274.6 269.5 270.5 271.3 271.2 270.3 270.1 269.6 269.5 269.6 269.8 270.8 274 277.8 281.5 284.6 287.8 292.1 295.4 296.5 296.8 295.4 292.2 285.2 275.2 271.1 270.8
256.9 255.2 252.9 249.7 252.2 253.9 255.7 257.3 258.3 258.1 258.3 258.2 258.2 258.5 258.7 257.7 256.9 256.6 257.7 259.2 259.9 260.2 260.2 260.6 262.2 262.9 263.9 264.3 263.6 266.4 267.6 270.9 273.1 274.5 275.4 275.9 274.9 280.2 284.4 287.6 290.5 291.8 291.9 292.1 292.7 292.8 292 290.1 287 282.9 277.4 274.2 270.1 266.5 267.3 267.9 267.7 265.7 264.9 265.5 265.5 265.7 266.9 268.3 272.1 275.3 278.4 281.4 285.5 289.5 290.5 290.7 289.9 286.6 281.6 272.7 267.2 265.1
257.1 255.9 253.9 251.7 249.7 252 254 255.5 256.2 256.5 256.6 257.4 257.6 257.9 257.6 255.9 257.3 257.8 257.5 257.5 258.9 258.9 260.2 262 262.6 263.2 263.9 263 261.9 262.9 265 269.5 271.5 272.6 271.9 273.1 271.8 274.6 281.2 284.1 286.9 289.5 289.5 290.5 290.4 290.8 291.9 289.8 287.3 282.6 277.3 273 270.2 267.4 264.1 265.3 264.1 262.8 260.9 261.7 260.7 261.6 262.2 263.7 265.8 268.6 271.9 275.2 278 281.2 283.3 282.8 282.1 279.9 276.9 270.8 264.9 261.5
256.8 255.9 254.6 252.4 248.5 251.2 252.4 253.2 253.9 253.7 255.2 255 255.9 255.8 255.6 254.8 256.5 256.2 257.6 259.1 260.3 260.1 262 262.8 263.4 264 264 263.7 263 261.4 261.3 265.8 267.4 269.6 269.9 269.7 268.3 271.2 276.8 281.1 284.4 286.4 286.8 288 288.6 288.8 290.9 289.4 286.8 281.7 276.1 270.8 268.6 266.4 264.3 259.9 261.1 260 257.5 258.6 257 256.9 257.7 259.3 261.2 263.2 265.7 268.7 271.5 274.1 276.5 276.6 275 273.9 271.4 267.4 262.7 259.5
256 255.5 254.9 252.9 249.6 249 251.1 251.6 251.4 251.9 252.9 252.1 252.3 255.4 256.9 257.5 258.1 256.8 258.1 259.9 261 261.7 262.8 263.6 264.2 264.2 263.9 263.3 263.1 261.7 261.4 262.2 262.9 264.2 265.3 264.6 263.7 266.4 270.8 276.1 280.5 282.8 283.8 283.6 284.3 285.1 288.4 287.7 285.7 278.9 273.8 269.1 267 265.1 263.2 261.1 259.8 256.5 254.2 254.2 253.8 253.4 253.4 254.4 256.4 257.9 259.6 261.5 263.6 266.1 269.2 269.6 268.1 267 265.8 262.3 259.4 256.9
256.2 256 254.9 253.2 251.6 249.1 250.9 250.5 250.8 249.7 252.9 254.4 254.2 256.9 258.3 259.1 259.6 259.2 259.8 260.6 261.4 262.5 263.6 264.4 264.4 264.1 263.8 263.2 262.8 262.9 259.6 260.1 261.3 261.6 261.1 260.4 258.8 261 265 269.9 274.4 278.9 280.2 280 280.1 279.2 282.6 283.9 280.4 276 271.1 267.6 265.9 264.1 262.2 260.7 259.5 258.1 254.9 247.7 249.7 249.1 250.2 250.1 251.6 252.7 253.3 254.4 255.7 257.9 260.5 262 261.2 260.7 259.6 257.2 254.6 251.9
255.3 255.4 255.1 253.5 252 250.2 248.4 248.7 250.6 251.9 253.7 254.8 256.3 257.8 259.3 260.8 261.1 260.8 261.3 261.7 262.1 263.2 264.5 264.5 264.3 264.1 263.7 263.1 262.9 262.9 259.8 258.3 259.8 256.3 257.9 258.1 256.6 257.5 260.1 262.9 266.5 272.8 274.6 274.7 274.9 273.9 275.3 277.5 276.6 272.6 268 265.2 264.4 262.7 260.4 259.6 258.4 257 253.7 250.1 246.7 242.1 246.5 245.6 247.3 247.6 247.9 248.1 248.8 250.4 252.4 253.7 254.2 253.9 253.3 251.2 248.8 248.9
254.2 254.3 254.3 253.6 252.5 251.4 248.3 250.5 251.5 252 253.9 256.1 258.9 259.9 261.5 263.8 263.8 265.2 265 264.9 266.4 266.1 267.2 266.4 264.9 264.1 263.5 263 263.1 262.7 262.1 260.9 260 258.7 255.8 254.7 253 256 257.7 258.3 259.8 263.9 267.8 269.8 269.9 270.4 270.4 272.4 271.7 268.9 265 262.7 261.9 260 258.3 257.9 256.4 254.3 252 248 244.2 237.1 242.2 242 242.5 243.2 243.3 242.4 242.6 243.4 244 245.9 246.4 246.4 246.2 244.3 244.1 244.3
251.7 252.4 253.3 253.1 252.9 252.1 251.2 249 250.9 251.1 254 257.1 260.2 262.7 265.2 267.6 268.7 271.8 272.5 272.8 273.6 274.2 272.7 271.7 269.3 267 265.4 264.6 264.2 263.7 263.2 262.7 261.5 260.3 258.6 256.5 255.7 253.8 256.1 256.4 256.5 258.1 260.3 262.1 265.4 265.1 265 266.8 267.7 265.2 262.6 258.4 258.3 256.9 256.4 255.7 254 251.6 249.1 245.5 241.5 231.9 237.5 237.8 238.6 239.1 238.1 237.1 236.2 236.7 237.1 238.8 240.2 240.8 240.7 239.4 239.2 238.9
251.7 250 252 252.8 252.5 252.3 252 249.6 247.4 249.2 255.4 258 261.2 264.9 267.9 271 272.5 276.8 279 279.9 282.7 282.3 279.4 280.2 278.3 274.6 271 267.5 265.8 264.7 265.5 263.7 262.4 261.5 259.9 257.8 256.7 255.2 252.2 252.8 254.3 254.6 254.7 255.3 257.3 258.4 259.5 261.3 262.5 261.8 259.4 255.3 254.1 254.2 253.3 253.4 251.1 248.4 246.3 242.4 238.3 235.1 227.8 234.3 234.8 233.8 232.9 232.1 231.3 231.3 231.4 231.9 233.2 234.5 234.9 235 234.8 234.6
252.5 250 249.3 251.3 252.2 252 251.8 251.7 251.1 249.6 255.2 259.5 261.7 266.5 269.7 273.1 275.4 279.7 283.9 286.7 288.6 287.4 285.2 283.9 283.8 282.8 275.5 274.4 269.6 268.3 267.2 265.5 263.7 262.5 261.2 259.2 258.1 255.9 254.5 250.7 251 251.9 251.7 251.4 252.7 253.1 253.3 254.7 257.5 257.7 255.7 252.1 251 250.9 250.8 251 247.7 246 243 239.3 235.2 231.9 224.1 230.3 230 229.2 228.5 227.7 227.2 226.4 225.5 226.5 226.7 227.9 228.6 228.8 229 229.2
253.8 251.8 249.9 250.2 251.6 251.7 251.5 251.5 250.8 247.9 255.7 260.2 262.5 267.3 271.7 275.3 278.7 284 288.4 291.1 292.3 291.8 289.4 287.1 286.4 285.7 279.5 277.4 273.3 272.5 272.4 270.9 267.4 264.8 262.9 261.2 259.2 257.2 256.6 255 253.6 251.9 249.6 248.7 249 249.9 250.3 249.2 250.6 253 251 249.3 248.7 248.3 248.9 248.7 245.8 243.3 239.6 235.9 232.2 228.8 222.3 226 225.9 225 224.2 223.4 223.3 222.8 221.1 220.5 220.4 221.4 222.1 222.2 222.3 222.5
253.2 251.6 250.7 248.5 250.4 251.1 251.2 251.2 250.7 249.7 255.1 259.4 263.6 268 272.6 277.1 281.6 287.5 291.7 294.3 295.3 294.7 292.5 290.2 288.4 285.6 281.2 280.2 277.6 277.8 277 275.4 271.9 268.6 266.8 265 261.2 261 259.6 257.8 256.3 254.1 253 249.7 247.3 246.4 246.3 246.7 246.9 247.2 247.1 245.7 245.2 245.7 246.1 245.6 243.4 240.2 238.1 234.6 230.7 226.5 222.1 220.9 221.3 221 220.1 219.2 219 218.7 216.5 215.7 215.3 216.7 215.7 215.8 215.8 215.7
253.5 252 250.5 247.9 248.9 249.4 250.5 250.7 250.1 248.8 254.7 259.5 263.9 268.3 273 277.8 283.1 287.9 294 296.8 297.6 296.7 294.7 292.4 290.2 288.1 285.3 282.3 281.3 281.4 279.6 278.8 276.1 272.1 270.3 268.4 266.8 265.4 263.8 261.8 259.6 256.9 256 252.9 250.7 249.6 247.2 243.6 245 244 243.1 243.1 242.4 242.9 241.8 242.1 240.6 238.3 236.1 233.1 229.2 225.1 222.1 217.2 216 216.7 216.4 215.2 214.5 214.4 212.2 211.5 211.8 210.8 209.6 208.3 209.1 209.5
253 251.9 250.5 249.2 247 249.4 249.7 250.2 249.9 249.6 255.1 259.6 264 268.4 272.7 277.8 283.1 288.4 293.5 297.6 299 298.4 296.4 294.2 292 290.4 287.7 286.3 285.3 284.2 282.9 282.2 279.6 276 273.8 272.4 270.9 269.5 267.7 265.8 263.4 260.9 259.1 255.5 252.6 251.5 249.3 245.9 245.9 244.1 240.1 239.9 239.6 239.6 238.8 238.6 238.1 236.2 234 229.8 226.6 223.5 220.2 216.3 211.5 212.1 212.3 211.3 210.5 209.7 208.3 207.9 207 205 203 202.1 202.9 203.4
251.8 251.1 250.6 249.4 247.6 248 249.4 250 248.8 250.8 255.2 259.5 263.8 268.1 272.1 276.8 282.2 286.6 292 296.3 299 299.4 299 297.3 295.6 293.1 291.1 289.7 288.3 286.9 286 285.2 282.9 279.6 277.5 275.8 274.3 273.3 271.5 269.5 267.1 264.6 261.4 258.2 256.1 253.8 250.8 249.1 246.7 244.3 243.8 240.4 237.6 234.4 234.7 234 233.5 232.9 230.8 228.4 223.6 220.7 217.6 214.9 211.8 208.5 207.7 207.3 206.5 206.1 204.7 203.3 203.7 201.3 199 197.4 196.8 197.3
