Game/Highland_Data/StreamingAssets/GeoData/Data/nc/NC73.asc
ncols 200
nrows 200
xllcorner 270000
yllcorner 930000
cellsize 50
[rows 72 to 107 of 200, columns 0 to 80 of 200]
159.3 154.9 151.4 148.5 146.6 143.1 140.9 138.7 139 136.4 135.8 134.5 135.7 140.8 144.3 148.1 150 153.2 157.3 158.6 160.1 160.9 158.1 152.1 146.6 142.2 137 135 133.9 133.3 133.4 133.4 133 132.5 132.1 131.7 131.3 130.7 130.2 129.9 129.9 131.1 132.3 133.7 135.6 137.6 139.5 141.4 143.6 147 149.5 153.7 158.2 161.8 163.9 168.8 172.6 170.6 163.8 154.6 147 140 134.9 130.5 126.1 121 121 121 121 121 121 121 121 121 121 121 122 123.2 124.9 125.3 125.7
166.3 161 154.9 152.9 149.6 147.2 143.3 142 139.3 137.6 137.3 137.2 140.4 146.4 148.6 153 155.3 158.6 160.8 163.1 165.1 166.2 162.7 155.4 150.1 143.5 138.7 135.6 134.5 133.9 133.9 134 134 133.6 133.2 132.7 132.3 131.7 131.2 130.9 131.3 132.8 134.2 135.6 137.5 139.5 141.4 143.6 146.2 150.2 154.2 157.3 161.3 164.7 169.3 173.8 175.3 173.8 165.9 155.9 147.7 140.6 135.1 131.1 127.2 121 121 121 121 121 121 121 121 121 121 121 121 123.2 124.3 124.8 125.1
173.8 166.9 159.5 157.1 152.4 148.2 145.1 142.7 139.8 142 139.8 141.2 147.9 150.4 152.6 157.3 159 161.2 164.1 170 171.7 171.9 167.8 160.3 153 146.2 141.2 137.3 135.3 134.7 134.5 134.6 134.7 134.6 134.2 133.8 133.3 132.8 132.3 132.3 132.8 134.4 136 137.5 139.5 141.4 143.6 146.2 148.8 152.8 156.8 161 165.8 169.4 172.9 177.3 180.6 177.4 167.8 157.4 148.4 141.8 135.1 131.6 126.6 121 121 121 121 121 121 121 121 121 121 121 121 121 123.4 123 123.4
176 169.3 163.7 161.1 155.1 148.8 145.4 142.7 141.1 142.3 143.9 146.4 154.4 155 157.2 160.4 162 163.3 167.2 176.7 180 177.3 172.1 163.1 156 148.3 143 137.5 136.1 135.4 135.1 135.2 135.3 135.4 135.2 134.8 134.3 133.8 133.6 133.7 134.6 136.3 138 140.4 142.4 144.3 146.2 148.8 151.5 155.7 160.1 164.3 169.4 173.9 177.1 182.6 185.4 181 170.3 160.4 151.1 142.8 135.2 131.3 127 121 121 121 121 121 121 121 121 121 121 121 121 121 122.4 121.1 121
175 171.3 167.3 163 156.5 151.1 147.5 145 143.8 144.4 146.9 151.4 157.7 158.6 160.9 162.1 163.1 166.3 172.4 183.9 185.1 181.7 176.6 167.5 159 152 146 140 137 136.2 135.7 135.8 135.9 136 136 135.9 135.4 135.1 134.9 135.6 136.9 138.6 141 143.4 145.5 147.3 149.1 151.4 155.4 159.3 163.5 167.4 170.6 177.6 181.4 188.3 189.6 184.1 172.7 161.8 151.9 142.6 135.6 131.1 127.7 121 121 121 121 121 121 121 121 121 121 121 121 121 121 121 121
180.1 175.6 173.6 164.8 159.5 154.5 151.9 149.4 149.4 149.5 151.7 156.5 159.3 160.5 162.2 163.3 165.4 169.5 179.4 191.1 191.4 187 180.5 171.4 163.3 156.7 149.2 142.7 139.2 137.2 136.6 136.4 136.5 136.5 136.6 137.1 136.9 136.7 137 138.2 139.5 141.4 143.9 146.3 148.5 150.3 152.1 154.9 159.6 164 167.6 170.9 174.4 180.9 184.3 192.6 193.1 186.8 175.4 164.1 153.6 143 136.5 132.5 127.6 121 121 121 121 121 121 121 121 121 121 121 121 121 121 121 121
187 181.4 173.8 168.1 163.4 159.5 157.6 152.4 153.5 154.7 155.3 158 160.6 162.7 163.9 166 169.5 175.8 186 191.9 197.1 194.6 183.9 175.6 168.7 160.9 153.6 145.8 141.9 139.6 138.4 137.3 137.3 137.9 138.5 139.1 139.4 139.1 139.5 141.3 141.8 144.1 146.6 149.1 151.1 152.9 154.7 158.1 163.1 168.3 171.9 175.1 178.3 183.3 190.1 198.1 195.7 185.3 177.1 165.4 153.7 143 136.6 131.7 126 121 121 121 121 121 121 121 121 121 121 121 121 121 121 121 121
195.7 187.1 179.9 175.3 169.5 167.1 162.1 157 159.4 161.3 159.3 160.7 162.9 165.4 166.7 169.3 174.1 181.2 186.1 198.4 202.8 201.1 189.1 182.5 173.7 167.8 159.3 150.6 145.2 142.2 140.4 139.6 140 140 141.6 141.3 141.8 141.6 141.9 142.7 144.3 146.9 149.4 151.7 153.6 155.5 158 161.6 166 170.9 174.3 177.8 181.1 186.9 195.5 204 198.9 189.9 176.7 164.8 152.4 142.8 136.8 133.3 129.8 123.4 121 121 121 121 121 121 121 121 121 121 121 121 121 121 121
204.1 195.5 188.8 184.2 180 176.5 167.2 161.7 165.1 166.3 162.6 163.9 165.8 167.8 170.3 172.7 179.4 186.1 194.1 205.8 208.1 206.6 194 187.1 180.9 171.5 163.4 154.2 149.3 145.1 142.5 142 143.3 143.8 143.6 143.8 143.7 143.5 143.4 144.2 146.9 149.7 152.2 154.2 156.4 158.5 161.5 165.1 169 172.9 176.4 179.9 183.4 191.9 201.3 207.2 202.4 191.9 177.3 164.8 150.9 142.2 137.1 134.4 131.7 125.1 121 121 121 121 121 121 121 121 121 121 121 121 121 121 121
216.2 207 198.3 192.8 191.4 183.3 175.6 167.2 169.8 170.1 166.4 167.5 168.5 171.8 175.5 177.3 183.3 193.2 198.2 209.5 213.2 208.1 201 193.9 187.3 176.8 168.6 159.2 153.9 148.8 145.4 144.7 144.8 145.6 146 146.6 145.8 144.4 144 146.5 148.9 151.9 154.7 157.2 159.4 161.7 164.7 168.3 171.4 174.6 178 181.5 185.1 191.8 204.3 212.6 204.3 192.2 178.8 163.3 149.8 142.3 137.6 134.5 132.5 130.9 121 121 121 121 121 121 121 121 121 121 121 121 121 121 121
224.2 217.5 210 206.1 203.8 193.4 183.1 173.4 174.1 173.5 169.8 170 171.3 173.6 177.2 182.6 186.7 194.4 201.8 209.2 213.1 209.8 206.1 200.8 192.8 182.4 173.5 163.7 158.5 154 150 148.3 149.3 148.2 147.4 147.6 146.7 145.3 146.8 149.4 151.7 154.6 156.9 159.8 162.2 164.5 167.3 170.2 172.9 176.1 179.2 182 185.3 189.9 203.7 214.4 208 193.4 178.6 160 150.2 142.7 138.8 135.5 133.1 129.4 127.3 121 121 121 121 121 121 121 121 121 121 121 121 121 121
234.4 228.1 219.7 220.9 215.5 202.8 187.2 178.2 178.5 175.4 172.8 173.7 175.1 177.3 180 184.9 189.4 197.3 204.8 212.3 218.3 217.3 214.5 207.9 199.6 189.4 180 170.8 165.7 160.2 155.7 153.3 152.4 150.1 149.2 148.9 147.9 147.7 149.4 151.9 154.3 156.1 159 161.9 164.3 166.4 169 171.9 174.5 176.7 178.3 180.6 183.6 189.5 202.2 210.2 204.9 191.2 172.9 158 148.9 141.6 137.3 134.2 132.4 129.9 127.4 121 121 121 121 121 121 121 121 121 121 121 121 121 121
244.5 239.9 231.5 233.5 228.1 211.9 194.5 183.4 182.2 179 176.2 176.5 178.6 180.8 183.7 187 192.1 200.1 208.2 215.6 226.4 231.6 226.4 215.9 206.3 197.8 187.8 178.4 171.4 166.7 161.8 157.5 154.3 152.1 151.9 150.9 150.9 149.8 152 153.7 155.3 158.2 161.2 164 166.2 168.1 170.5 171.9 174.1 175.5 177 179.2 181.7 188.1 196.3 198.2 194.1 177.6 163.9 155.6 146.8 141 138.1 135 133.1 131.7 128 121 121 121 121 121 121 121 121 121 121 121 121 121 121
254.9 248.9 238.9 239.9 236.1 219.6 203.4 192.7 184.9 182.8 180.4 179.5 181.4 183.8 186.4 189.8 195.4 204.6 213.1 222.5 237.1 241.7 233.9 223.7 213.5 204.6 194.5 185.8 178.9 172.8 169.8 163.1 159.7 156.7 156.1 153.4 152.9 152.7 154.3 155.4 157.4 160.4 163.1 164.7 166.7 168.7 170.4 171.4 172 173.4 174.8 175.9 177.4 182.2 185.8 184.1 176.6 167.4 158.5 150.5 143.4 140.1 137 135.2 134.2 132.3 127 121 121 121 121 121 121 121 121 121 121 121 121 121 121
266.1 254.8 248.5 251.3 243.3 228.1 212.1 198.2 189.2 186.7 184.6 182.5 184.1 186.6 189.2 192.5 199.1 207.9 217.4 227.6 241 246.9 248 230.3 219.1 209.2 201.8 193.5 187.3 180.8 174.9 169.9 165.7 161.2 159.9 156.6 155.3 155.4 156.9 158.3 159.2 161.7 163.2 164.4 166.3 167.4 167.8 168.4 168.9 170.2 170.9 172 173 174.4 175.2 173.8 169.2 162.7 154.2 149 144.1 140.3 136.4 134.1 132.3 130.1 126.9 121 121 121 121 121 121 121 121 121 121 121 121 121 121
266.1 257.2 261.4 260.3 254.4 238.7 220.8 203.9 193.2 189.4 187.1 185.6 186.9 189.3 192 195.4 202.9 211.4 220 231.4 245.3 252.6 249.9 241 226.5 215.7 208.1 201.7 195 187.9 181.9 176.1 169.4 164.9 161.3 160.2 158.3 157.9 158.9 159.9 160.8 161.8 162.8 163.8 164.2 164.5 164.9 165.3 165.8 166.4 167.1 167.6 168 168.5 168.2 165.8 161.9 157.8 151.2 146 141.5 138 135.8 133.7 131.7 130.1 128.2 121 121 121 121 121 121 121 121 121 121 121 121 121 121
266.2 262.3 267.7 268.4 262.4 248.4 229 210.3 197.5 193.1 190.6 189.1 189.4 191.3 193.3 197.2 204.2 212.1 220.8 233.3 244.1 254.5 253.5 246.4 231.8 223.8 215.6 209.2 202.6 195.7 189.5 183.1 175.3 168.8 165.8 162.3 160.2 159.6 160.6 161.6 162 162.8 163.6 163.9 164.2 164.6 164.4 163.7 163.7 164.2 164.3 164.4 164.9 165 163.1 160.1 157.2 153.4 148.9 144.4 141.8 138.9 136.4 133.1 131.8 130.4 129.2 125.3 121 121 121 121 121 121 121 121 121 121 121 121 121
266.5 271.5 276.1 275.2 267.4 256.2 236.5 217.7 204.9 196 193.2 191.4 191.9 193.6 195.3 198.9 205.2 212.8 220.8 230.9 241.9 251.7 255.9 251.6 241.4 232.5 223.5 216.6 210 202.8 195.1 188.4 181.4 173.7 169.7 165.1 162.3 161.3 162.3 162.6 162.9 163.6 163.6 164 164.4 163.9 163.2 162.5 161.9 162.2 162.4 162.5 162.5 162.1 160.1 157.2 154.2 151.4 147 143.3 139.8 137.1 134 132.2 131.1 130.1 129.1 127.4 121 121 121 121 121 121 121 121 121 121 121 121 121
265.9 275.9 279.6 281.9 275.2 260.8 247.8 226.5 211.8 201.4 196.9 193.9 194 195.3 197 200.1 205.7 213 221.3 229.2 238.5 248.5 256.5 254.1 248 241.6 232.4 225 216.4 208.5 200.3 192.8 185.9 179 173.5 168.8 164.5 163 163.6 164.1 164 163.5 163.7 164.1 163.4 162.7 162 161.3 160.7 160.1 160.5 160.6 160.6 159.4 158.1 155.6 152.6 149.9 145.9 142.4 139 135.9 133.7 132.3 131.4 130.2 128.8 122.1 121 121 121 121 121 121 121 121 121 121 121 121 121
262 271.7 279.9 280 277.9 266.8 255.7 237.1 219.5 208.5 200.9 196.3 195.4 196.6 198.3 201.2 206.8 213.4 219.9 226.7 234 243.3 250.6 254.7 253.2 247.4 241.7 232 222.4 214.2 205.8 197.8 190.5 183.4 178.7 173.9 169.2 165.9 165.6 165.5 163.9 163.5 163.6 162.9 162.2 161.5 160.8 160.1 159.4 158.8 158.6 158.7 157.8 156.6 155.4 154 151 148.3 145.2 142 138.9 136.2 133.5 132.5 131.6 130.7 126.6 121 121 121 121 121 121 121 121 121 121 121 121 121 121
258 265.8 276.3 277.8 275 268.4 260.9 245.1 227.8 212.4 204.4 197.1 196.7 197.8 199.6 202 206.8 212.5 218.7 225 231.9 239.3 245.9 250 251.5 250.9 251.4 242 228.5 219.7 211.4 203.2 195.5 188.3 182.2 177.8 172.3 169.3 167.1 165.5 163.9 163.1 162.4 161.6 160.9 160.2 159.5 158.8 158.2 157.6 157 156.3 155.1 153.8 152.6 151.4 149.5 147.2 144.9 141.9 138.6 135.9 133.7 132.7 131.7 130.7 128.2 121 121 121 121 121 121 121 121 121 121 121 121 121 121
251.8 259.4 271.1 275.9 274.4 270 265.8 252.9 233.5 215.6 204.5 197.6 196.7 197.5 199.2 201.3 205.3 210.8 216.2 222.3 227.6 233.6 240.5 244.9 247.4 255.6 257.5 253.9 236.5 225.5 217 208.7 200.9 193.3 185.8 180.4 176.1 171.9 168.5 165.9 164 162.3 161.3 160.4 159.7 159 158.3 157.6 157 156.4 155.7 154.7 153.4 152.2 151 149.7 148 146.1 143.9 141.5 138.5 135.6 133.9 132.8 131.8 130.8 128.7 121 121 121 121 121 121 121 121 121 121 121 121 121 121
245.8 254.7 265.9 272.7 272.8 269.2 266.2 256.5 236.1 215.1 203.7 198.5 196.3 197.2 198.5 200.6 203.7 209.3 214.7 218.7 222.7 228.1 234 238.8 243.6 251.7 256.6 253 241.7 234.5 223.6 213.9 206.2 198.6 191.1 185.4 179 174.2 170.8 166.9 164.1 162.4 160.8 159.8 158.9 158 157.1 156.4 155.7 155 154.1 153.1 152 150.7 149.5 148.1 146.3 144.5 142.4 140.4 138.2 135.3 134.2 133.1 132 130.8 128.2 122.4 121 121 121 121 121 121 121 121 121 121 121 121 121
239.5 247.6 259.5 267 269.9 267 264 255 236.7 218.9 204.8 199.2 196.1 196.4 197.7 199.4 202.2 207.8 212.7 216.2 219.7 223.2 227.7 232.6 237 242.9 251.6 248.1 244.4 238.3 229.3 218.8 211 203.6 196.3 188.6 181.7 176 172.1 168.1 164.9 162.4 160.9 159.3 158.3 157.4 156.5 155.6 154.5 153.5 152.6 151.6 150.5 149.3 148 146.4 144.5 142.7 140.8 138.8 136.8 134.9 134.3 133.3 132.2 130.3 127.1 122.3 121 121 121 121 121 121 121 121 121 121 121 121 121
233.9 242.6 253.6 259.5 263.4 262.2 254.8 247 234.3 220.5 207.4 199.9 196.2 194.7 196 197.8 200.2 204.6 208.9 212.5 216 219 221.5 226.2 230.4 234 239 239.7 240.4 238.3 230.4 224.4 216.9 209 200.8 193.3 184.5 178.3 173.8 169.4 165.6 161.9 160.5 159.3 157.8 156.8 155.8 154.8 153.4 152.1 151 150 149 147.8 146.4 144.6 142.8 141 139.1 137.2 135.1 133.6 132.2 131.7 131.3 126.5 124.2 122.8 121 121 121 121 121 121 121 121 121 121 121 121 121
228.2 237.6 247.1 254.6 260.2 261.8 255.7 245.1 236.7 223.8 209.5 201.1 196.5 194.1 194.4 196.2 198.4 201.3 205.2 209 212.4 214.9 217.1 219.7 223.1 226.7 229.8 231.2 232.2 230.9 228.4 226.3 223.5 214.7 203.5 194.8 187.2 181.3 175.8 170.8 165.9 162.5 160 158.6 157.4 156.2 155.1 153.7 152.3 151 149.6 148.5 147.4 146.4 144.7 142.8 141 139.2 137.4 135.6 133.6 132.2 130.8 129.5 128.5 124.4 124.3 122.7 122 121 121 121 121 121 121 121 121 121 121 121 121
222 232.3 242.3 249.9 256.2 261.7 257.3 250.8 241.6 228.4 212.9 204.4 197.4 193.9 193.6 194.7 196.6 198.9 202.4 205.9 208.9 211.1 213.3 214.4 216.2 219.4 223.1 224.2 225.2 225.3 223.1 220.9 220.2 213.2 203.1 196.4 189.6 183.6 177.3 172.3 167.2 162.4 159.8 158.3 156.8 155.7 154 152.7 151.3 149.9 148.5 147.1 146 144.9 143.3 141.4 139.6 137.7 135.8 133.9 132.3 130.9 129.6 128.2 125.5 122.9 121.8 121 121 121 121 121 121 121 121 121 121 121 121 121 121
215.9 226.8 235.5 244 253.1 260.5 259.4 255 244.5 231.3 212.9 204.8 197.7 193.4 192.3 193.5 195.4 197.3 199.6 202.5 205.3 207.5 209.2 210.3 211.4 213.3 216 217.4 218.8 219.1 217.5 215.7 213.8 209.3 201.4 195.4 190.4 185.1 178.8 173.8 168.7 163.2 159.9 158.3 156.7 155.2 153.7 151.6 150.3 148.8 147.3 145.8 144.6 143.3 142 140.3 138.4 136.5 134.6 132.8 131.4 129.9 128.5 127.2 124.9 121 121 121 121 121 121 121 121 121 121 121 121 121 121 121 121
209.5 220.1 230.9 238.7 247.9 256.4 260.2 254.1 244 232.3 215.6 205.2 198.2 193.6 191.3 191.7 193.6 195.6 197.2 198.9 201.7 203.9 205 206.1 207.2 208.3 209.2 210.6 212 212.8 212.1 210.4 208.5 204.8 199.2 194.3 189.5 184.8 180.3 175.1 169.6 164.1 160.2 158.5 156.9 155.3 153.5 150.9 149.2 147.7 146.2 144.8 143.3 141.8 140.5 139.1 137.2 135.3 133.5 131.8 130.4 129 127.5 125.4 121 121 121 121 121 121 121 121 121 121 121 121 121 121 121 121 121
204.1 212.2 223.6 232.7 240.1 250.6 255.4 252.5 242.4 231.6 218 207.2 199.8 194.7 191.3 189.7 191.9 194.1 195.3 195.4 198.1 199.8 200.9 202 203.2 204.4 205.2 206.1 207 207.4 208 207.1 204.9 201.4 198.2 194.7 190.3 185.8 181.1 175 169.2 163.4 160.8 159.1 157.5 155.9 153.2 150.6 148.5 147.1 145.7 144.3 143 141.1 139.2 137.7 136.1 134.2 132.5 130.8 129.4 128.1 127.1 122.7 121 121 121 121 121 121 121 121 121 121 121 121 121 121 121 121 121
200.3 205.4 214.4 225.6 232.9 242.2 249.6 247.6 241.9 231.8 219.1 209.2 200.9 194.5 191.1 189.2 190.7 192.6 193.4 193.5 194.5 195.7 196.8 198 199.2 200.4 201.3 202.3 203.2 203.5 203.6 202.8 202.1 200.1 198.6 195.8 191.3 186.6 181.7 175.2 168.7 163.6 161.4 159.8 158.2 155.7 152.9 150.2 147.7 146.4 145.2 143.9 142.8 140.9 139 137.1 135 133.2 131.5 129.8 128.5 128.4 125.9 121.1 121 121 121 121 121 121 121 121 121 121 121 121 121 121 121 121 121
195.4 201.6 206.6 216.5 224.8 233.6 240.3 246.8 243.1 232.3 221.3 210.2 201.9 194.6 191 188.4 190.5 191.7 191.9 192 191.7 191.6 192.8 194 195.8 197.1 197.7 198.5 199.5 199.6 199.9 200.2 199.8 199 198.3 195.8 192.5 187.4 182.1 175.9 169.3 164.1 161.6 160.2 158.6 155.6 152.5 149.8 147.4 145.4 144.3 143.6 142.6 140.6 138.5 136.4 134.2 132.3 130.6 128.9 127.8 127.3 125.2 121.4 121 121 121 121 121 121 121 121 121 121 121 121 121 121 121 121 121
191 196.6 200.3 208 216.5 225.6 231.4 236.2 240.7 230.9 221.1 211.9 202.7 195 191.2 187.3 189.8 190.5 190.8 190.6 190 189.6 189.9 192.1 193.6 194.1 194.7 195.4 196 196.3 196.6 197 197.3 197.3 197.1 195.6 191.1 186.8 181.9 176.2 169.5 164.4 161.6 160.1 158.4 155.2 152 149.6 147.3 144.8 143.8 143.2 142 139.9 137.7 135.6 133.4 131.5 129.7 128.1 127.1 126.3 124.6 122.7 121 121 121 121 121 121 121 121 121 121 121 121 121 121 121 121 121
184.7 190.1 194.2 200.9 209.1 217.6 223.4 227.5 229.9 225.2 219.7 212.1 203.7 195.5 191.2 187.3 188.7 189.4 189.6 188.9 188.4 187.8 188.4 190.2 190.7 191.2 191.8 192.4 193 193.3 193.6 193.8 194.1 194.1 193.5 193 189.5 185.2 180.7 175.2 169 164.3 161.8 159.6 156.9 154.3 151.7 149.1 146.6 144.2 143.5 142.9 140.7 139.1 136.9 134.8 132.6 130.6 128.8 127.4 126.4 125.5 124.4 123.9 121 121 121 121 121 121 121 121 121 121 121 121 121 121 121 121 122
179.7 184.9 188.5 194.5 201.9 210.9 218 222.8 224.5 225.9 220.8 211.1 201.9 195.8 191.5 187.6 187.5 188.2 187.9 187.2 186.6 185.8 186.7 187.2 187.8 188.3 188.8 189.4 189.9 190.2 190.5 190.8 191.1 190.7 190.1 189.6 186.9 183 178.7 174.3 168.6 164.2 161.6 158.7 156.1 153.4 150.9 148.3 145.8 143.9 143.2 141.6 139.5 137.8 136.1 134 131.8 129.9 128 126.6 125.8 125.1 123.9 122.2 121 121 121 121 121 121 121 121 121 121 121 121 121 121 121 121 123.3
176 179.2 183.2 188.1 194.7 203.2 210.2 215.4 219.9 221 220.1 208.4 201.4 196 191.8 189.7 188 186.4 185.5 184.9 183.6 183 183.8 184.3 184.8 185.4 185.9 186.4 186.9 187.2 187.5 187.8 188 187.4 186.8 186.1 183.5 180.4 176.5 172.3 167.9 164 161 158.1 155.2 152.6 150.1 147.5 145 143.5 142.6 140.4 138.3 136.5 134.9 133.2 131 129.1 127.1 126 125.3 124.6 123.9 121.3 121 121 121 121 121 121 121 121 121 121 121 121 121 121 121 121 121
