Game/Highland_Data/StreamingAssets/GeoData/Data/nc/NC80.asc
ncols 200
nrows 200
xllcorner 280000
yllcorner 900000
cellsize 50
[rows 72 to 107 of 200, columns 82 to 163 of 200]
119.2 116.1 114.6 113.8 113.8 111.8 106.2 98.9 95.7 90.6 88.9 89.1 88.7 84 78.1 71.1 61.1 53.7 42.7 32.3 30.6 28.6 27.3 27.3 27.3 27.3 27.3 27.3 27.3 27.3 27.3 29.8 32.7 35.6 41.1 52.7 64.5 75.5 89.9 95.9 97.2 104.3 111.7 113.9 122.3 128.4 132.1 136.4 138.2 139.4 141.4 143.1 145.9 148.9 150.6 152.1 153.2 153.9 155.8 158.3 165.6 171.6 179.2 186.7 193.1 199.7 204.5 208 208 205.4 203.5 199.8 199.1 198.6 196.5 195.9 195.8 196.4 197.8 199 199.8 201.4
121.9 118.3 115.7 112.8 111 110.3 109.8 103.4 97.2 94 90.2 89.9 90.4 88.3 84.1 77.1 67.8 55.8 43.7 35.4 33.1 31.5 28.1 27.3 27.3 27.3 27.3 27.3 27.3 27.3 27.3 27.3 29.7 32.4 37.5 45.6 58.2 73.5 88.4 98.4 99.2 106.3 116 119.8 124 128.3 130.8 133.5 136.5 138.5 140.2 142.8 145.7 149.8 150.8 152.4 153.2 153.4 154.4 155.9 163.1 172.2 180.7 190.1 198.2 205.9 210.7 213.3 211.4 207.2 202.4 196.3 191.1 188.4 187.8 186.6 188.6 188.9 191.6 196.5 195.3 198.9
124.6 120.9 118.4 113.9 110.7 108.9 109.7 106.7 99.8 95 92.8 90.1 90.7 90 86.5 81.1 73 60.7 48.4 40.7 36.3 31.7 29.3 27.3 27.3 27.3 27.3 27.3 27.3 27.3 27.3 27.3 27.3 28.2 32.4 41.2 54.4 71.9 88.2 100.5 101.5 108.5 115.9 122.8 125.5 128.9 132.8 135.5 138 139.3 141.2 144.1 148.3 151.7 153.7 154.6 155.2 154.8 155.3 155.5 162.8 177.9 186 195.4 203.1 208.2 212.3 214.5 213.9 210 202.3 195.5 189 181.5 178.6 178.2 177.6 179.1 181 188 193.8 195.1
125.7 121.7 118.8 115.6 111.3 108.3 107.1 104.4 100.9 98.8 95.2 91.1 89.6 90.1 89.4 81.9 75 63.9 51.8 45.3 41.7 35.6 30.3 27.3 27.3 27.3 27.3 27.3 27.3 27.3 27.3 27.3 27.3 28.1 30.7 38 52.7 69.7 82.1 96.6 101 109.4 114.8 123.7 128.9 131.5 133 136.1 138.8 140.8 144 147.8 153 158 166.6 172.5 178.8 178.6 173.1 158.8 158.4 175.9 188.7 197.9 207.1 213.7 217.1 218.7 217.7 211.9 204.2 194.7 186.7 179.6 175.5 171.6 168.2 170.8 172.1 177.8 185.2 189.6
129.9 126.1 121.6 118.4 112.5 110.1 108 106.7 107.5 103.3 96.5 92.5 89.2 88.2 85.1 80.6 76.3 70.2 60.1 50.7 42.5 43.1 32 28.7 27.3 27.3 27.3 27.3 27.3 27.3 27.3 27.3 27.3 28.2 30.5 35.6 47.7 69.8 83.6 90 99 110.4 114.5 122.1 127.6 132.9 135 136.8 139.3 145.2 148.4 152.5 161 175.4 188 194.5 196 194.4 189 177.8 155.7 159.7 176.6 191.3 201 210.3 217.2 220 220 216.3 208.4 195.8 185.4 176.4 173.4 170.4 163.9 160.5 165 168.7 175.5 180.3
132.6 128.6 126.5 121.2 116.7 111.2 108.6 108.5 107.3 106.2 101.7 96.8 92.5 88.9 87.5 83.9 78.8 71.4 61.4 57.5 48.2 41.9 39.5 30.4 28.7 28.4 27.3 27.3 27.3 27.3 27.3 27.3 27.3 28.9 31 32.6 38 55.6 75.3 84.5 97.4 108.1 118.4 126.9 134 137.6 140.1 144.7 152.4 159.5 166.7 175 182 191.4 197.4 203.9 206.7 204.3 200.7 191.5 172.9 152.2 158.8 174.7 191.5 198.1 206.3 214 213.7 211.1 205.4 195.4 186.9 173.4 171.9 167.9 162.9 155.9 154.3 160.6 169.3 176.1
137.7 133.2 128 126.5 120.3 115.5 111.2 109.5 108 106.7 106 99.7 94.9 91.7 88.6 85.6 83.8 79 69.9 62.1 51.4 40.6 35.8 31.5 27.3 27.3 29.1 27.3 27.3 27.3 27.3 27.3 27.5 29.4 30.3 31.9 35.3 45.4 64.4 85.3 101.6 119 129.8 136.9 142.1 149.7 156.6 160.7 166.4 173.3 180.7 188.1 194 200.2 207.2 210.3 210.7 211.9 208.8 200.9 188.5 169.2 149 153.5 169.4 182.3 190.3 197.7 202.1 204.3 202.8 196.1 185.1 174.2 170.8 165.4 160.6 154.7 145.2 147.1 154.3 163.3
138.5 136.4 134.8 131.8 127.9 125.5 115.5 112 110.7 109 108 103.1 98.1 94.9 92.6 90.4 89.3 85.4 77.2 67.6 56.5 47 41.3 39.3 29.9 27.3 27.3 27.3 27.3 27.3 27.3 27.3 27.3 27.3 28.7 31.6 35.9 44.3 65.8 84.4 107.3 126.9 138.7 147.8 151.8 155.3 163.5 171.6 177.4 183.2 188.5 196.7 202.8 207.4 212.4 213.9 211.4 211.4 212.5 205.5 195.7 178.4 159.9 144.8 145.2 158.2 167.3 180.6 187.8 192.4 199.6 195.6 184.6 173 171.8 167.5 159.1 151.8 145.4 136.4 138.6 142.6
141.9 140 139.6 138 134.7 131.3 127.3 119.9 113.6 113.5 112.1 106.9 102.5 100.5 98.4 97.1 96.7 93.9 87.1 75.9 61.9 50.6 43.6 38.8 32.6 28.6 27.3 27.3 27.3 27.3 27.3 27.3 27.3 27.3 27.3 30.8 36.3 45.8 64.9 82.9 102.2 126 138.9 152.1 159.3 160.6 163.6 177.5 184.5 190.8 196.1 200.6 206.7 211.3 212.2 210.5 209.1 206.9 203.3 204.5 196.8 181.9 166.3 154.3 139.3 141.2 148.3 155.4 168.3 182.7 187.8 190.4 184 171.7 167 167.1 160.3 153.3 143 133.8 126.6 125.8
144.1 144.1 144.6 143.9 141.1 136 134.7 130.9 120.8 117.6 116.7 114.4 113.5 110.7 107.1 106.6 106.8 103.7 95.9 82.6 68.1 56.5 45.6 40.1 37.5 29.6 27.3 27.3 27.3 27.3 27.3 27.3 27.3 27.3 27.3 29.6 33.6 43 63.3 80.6 97.2 114.8 137.6 149 160.4 167.8 165 169.4 185 192.4 201.2 206.8 209.3 212.6 214.1 210.4 207.6 204.2 197.7 193.2 190.4 183.9 173 158.4 144.2 133.1 136.6 142.3 149.1 160.4 170.5 176 178.2 167 157.2 152.5 150 143.7 135.4 128.7 116.9 112.2
148.4 150 149.2 148.6 145.7 141.9 138.4 135.9 129.7 122.3 121.7 122.9 124.5 123.9 121.7 118.9 117.1 115.5 103.5 88.8 76 62.6 51 41.2 36 32.1 28.9 27.8 27.3 27.3 27.3 27.3 27.3 27.3 27.3 30.4 32.4 40.8 60.4 76.6 91.2 105.3 123 136.5 153.7 167.9 168.6 166.5 174 190.7 199 206 210.3 212.6 215 213.5 207.2 204.1 197 188.6 186.3 181.9 172.5 162.9 149.8 137.1 129.5 133.8 136.6 143.5 153 162 159.5 154.7 145.9 137.7 131.4 126 121.9 110.5 102.4 86.8
152.4 155.2 153.9 152.8 152.3 146.1 140 138.5 134.4 129.3 127.6 130.1 133.8 134.4 134.5 137 136.5 125.8 112.6 96.3 81.9 67.9 55.9 44.6 39.5 33.6 29.8 28.4 27.3 27.3 27.3 27.3 27.3 27.3 27.3 30.1 32.2 37.6 54.7 70.6 85.5 97.4 108.1 124 132.5 145.2 161.7 162.2 165.4 174 190.2 201.2 207.3 210.6 212.5 214.2 211 203 196.9 191.2 183.4 179 171.4 163.8 154.3 134.9 126.6 121.4 128.4 132.7 138.9 142 139.3 134.4 129.5 125.9 119.3 113.7 106.2 95.3 87.6 73.5
160.3 158.3 159.9 161.2 159.2 154.9 149 147.2 143 138.3 138 138.4 145.8 154.8 160.8 165.9 156.4 139.6 121.4 105.8 87.3 72.9 61.2 50 39.4 34.4 30.4 29.2 27.6 27.3 27.3 27.3 27.3 27.3 28.6 30.7 32.2 34.5 47.2 62.9 76.3 87.8 96.6 109.2 120.6 126.7 138.4 154.3 162.3 168.8 176.1 191.9 204.4 206.1 210.1 212.3 211.5 204.9 196.5 191.1 185.5 177.7 171.8 159.9 153.1 136.6 123.8 116.7 113.7 120.7 124.6 124.8 123.4 117.6 111.8 109 105.5 100 92.3 80.5 75.5 71.2
172.7 168.2 169.6 173 173.3 164 159.3 156.6 155.5 159.4 165.2 169.2 172.3 177.3 180.7 181.5 175.9 157.6 133.9 111.7 93.8 76.1 66 55.6 44.6 38.2 30.8 29.2 27.7 27.3 27.3 27.3 27.3 27.3 28.3 31.8 32.2 32.7 41.2 53.6 66.2 76.1 84.3 97.2 107.9 116.8 124.2 140.2 158.6 167.1 172.6 180.7 194.5 200.7 202.5 209.9 211.3 206.7 200.1 192.1 186.9 177.3 170 158.6 147.1 136.9 121.7 112.9 104 102.2 108.7 108.6 103.2 104 100.6 94.6 89.8 84.3 78.1 73.8 63.9 56.4
186.9 178.2 177.1 179 180 178.2 172.6 176.4 182 184.1 183.5 186.9 188.6 192 193.4 193.5 188.8 176.4 149.1 120.1 101.1 84.5 69.9 60.4 49.3 41 31.7 29.2 27.9 27.3 27.3 27.3 27.3 29 31.5 32.5 32.1 32 36.7 47.8 57.7 65.5 75.8 86.5 96.1 105 113.6 124 144.4 165 169.6 173 181.5 190.6 190.6 197 206.8 207.1 201.1 191.8 182.5 178 168 154.3 144.3 135.3 123.8 109 101.9 88.6 87.7 92.8 93.3 90.6 89.3 82.2 75.3 69.2 62.8 59.8 55.6 47.7
195.7 190.4 185.9 185.3 185.6 185.9 187.4 196.1 200.2 201.2 199.4 199.6 200.6 199.7 199.6 197.4 193.8 187.2 165.3 133 108.1 92 75.1 62.6 55 45 35.3 30.2 27.6 27.3 27.3 27.3 27.3 27.3 27.3 30.2 31.5 32.2 33.1 42.4 52 56.6 64.3 76 87.5 93.6 101.4 111.8 127.5 151 166.7 172.8 174.2 175.7 177.8 180.1 192.2 201.8 198.1 191.7 180.3 173.8 166.5 150.3 140.8 133.4 122.4 112.6 101.4 91.2 75.5 74 79.7 77.4 72.6 69.1 62.8 55.3 48.5 48.4 42.3 37.9
204.5 193.9 197.5 195.2 193.7 193.3 197.8 204.1 208.6 210.4 209.4 207.9 204.7 205.1 204.1 200 196.3 187.5 173.8 144.1 116.9 96.9 80.5 66.7 56.4 48.8 37.5 32.5 30.1 27.3 27.3 27.3 27.3 29.7 27.3 29.8 31.6 31.5 31.9 36.2 42.4 51.1 55.9 64.5 77.6 83.9 89.4 98.4 113 132.1 152 166.6 172.3 172.9 173.9 168.1 172.7 186.1 192.7 189.7 180.1 168.5 156.4 146.5 135.7 126.7 117.8 108.3 98.2 89.5 78.9 60.3 61.2 64.9 62.4 56.5 52.1 48.6 43.8 39.5 36.4 31.9
215.6 207.3 207.7 206 202 201.4 204.8 207.7 212.3 216.1 217.3 215.1 210.3 206.1 203.3 202.3 195.9 188.3 178.7 160 124.5 102.2 86 71.4 60.4 51.4 40.3 33.4 31.2 27.3 27.3 27.3 27.5 28 28 27.3 27.4 29.6 30.1 32.4 38.7 45.4 52.8 56.4 64.6 73.9 80.7 86.1 97 115 135.9 154.6 165.2 169.4 170.3 158.8 155.5 169.1 178.2 180.2 169.8 161.3 148.4 138.1 127.8 119.6 110.1 101.6 93 86.2 77.2 62.2 59.6 51 54 53.4 50 46 41.6 36 32 30.3
220.6 219.1 214.9 211 209.2 209.1 211.5 214.8 220.9 227.5 230.4 231.7 228.9 221.5 209.1 199.1 196.3 190.8 183.9 173.3 137.4 108.8 91.5 77 64.4 54.9 46.1 37.4 34.3 27.3 27.3 27.3 28 29.3 29.1 27.3 27.3 29.1 29.5 30.4 35.1 41 48.1 50.9 57.8 63.7 69.6 78.7 85.6 95.3 116.4 136.7 156 165.1 165.8 158.9 148.8 142.5 147.5 154.9 156.1 147.5 137.8 128.9 119.5 111.8 99.7 93.3 88.5 78.7 65.6 62.4 56.3 49.8 45.1 44.7 44.5 43.1 39.7 35.8 31.1 29.6
230.4 226.9 223.1 217 214 214.4 217.4 223.1 230.5 240.9 246 243.3 239.5 233.6 225.7 211.3 196.1 193.3 185.5 175.7 148.9 116.7 97.1 81.3 69.1 59.3 50 42.3 34.8 30.7 30 27.6 30.3 30.7 27.7 27.3 27.3 28.8 28.8 30.3 32.3 35.9 42.3 45.3 48.4 52.3 59 69.4 76.1 83.6 95.3 114.3 131.4 143.3 149 149.2 141.9 132.5 126.9 130.8 134.5 131.7 122.7 114.4 106.1 97 88.5 82.4 76.5 66.5 58.3 55.3 54 46.6 42.3 39.1 38 36.7 37.9 34.6 32.7 30.6
235.3 236.7 231.6 223.8 219.5 218.7 222.7 231 238.3 247.8 254.7 255.2 249.8 246.2 242.5 228.4 211.6 191.2 186.6 177.7 155.8 127.1 101 86.4 74.7 64.6 50.5 46.4 39.5 33.5 30 30.3 30.7 29 27.3 27.3 27.3 27.3 27.3 28.5 29.7 31.4 35.4 40.4 43.4 44.9 50.2 58.7 68.7 75.9 82.7 93 109.2 123.2 132.1 136.9 132.3 124.3 116.2 114.2 116.8 110.5 103.4 94.3 88 81.8 76 68.9 64.1 61.3 52.6 46.8 46.4 44.4 38.8 34.5 33 31.3 32.7 33.1 32.5 31.8
241.4 241.2 237 230.3 224.6 222.9 227.2 235 242.2 248.9 254.1 257.2 254.4 252 248.7 246.2 239.7 211.6 186.8 173.7 159.6 138 110.6 91.9 78.2 68.3 57.3 47 45 41.6 32.6 31.5 30.1 29.1 28.5 27.3 27.3 27.3 27.3 27.3 30.1 30.8 31.6 36.4 39.6 41.4 41.2 46.8 57.6 68.7 76.9 81.8 91.3 106.2 116.3 121.3 121.7 115.7 109.8 106.8 101 95.1 87.5 82.8 75.5 69.6 62.7 59.5 53.9 50.6 43.2 40.2 40.1 40.1 36.7 32 30.8 30.4 30.4 30.4 29.8 29.9
248.4 246.3 245.9 236.6 230.6 227.5 229.2 234.1 242.2 248.1 251.8 256.3 260.1 255.9 252.6 249 245.6 240.4 200.8 176.2 161.1 144.9 120.9 97.5 83.3 74.5 66.5 56.8 49.5 44.5 37.8 32.9 29.8 29.5 28.8 27.5 27.3 27.3 27.3 27.3 28.8 28.7 30.4 34.3 34.8 35.5 36.6 41.4 46.8 61 69.6 78.3 82.9 90.9 98.4 102.7 101.8 104.2 98.3 96.1 89.9 82.2 76.6 72.6 65.6 60.2 56.4 54.4 49.4 40.8 38.4 37.1 36.6 36.5 35.2 31.8 30.7 30.4 30.4 30 29.9 30.4
260.8 255.1 250.9 247.5 239.6 232.3 231.5 234.3 238.4 243.3 248 256.1 257.8 257.7 256.5 255.3 248.1 243.3 216.3 181.7 163.7 146.8 129.7 105.3 87.7 77.7 69.6 66.6 62 52.9 45.7 37.9 32.8 31.3 30.1 28.8 28.1 27.3 27.3 27.3 27.3 28 29.6 29.9 31 32.3 34.4 38.5 40.5 51.2 63.2 71.6 76.4 80.1 85.6 86.6 86.4 88.1 87.7 82.2 74.3 69.4 64.2 61.3 56.2 51.9 49.7 46.3 40.3 39.9 36.9 35.3 35 35.4 33.4 31.6 31 30.6 30.5 30.4 30.1 31.8
273.2 266 261.8 257.9 248.8 241.1 235.5 236.4 239.1 242.7 243.3 250.1 256.5 256.4 255.5 253.8 252 242.7 227.6 192.3 169.9 146.6 134.2 114 92 79.7 72.1 67.7 64.9 58.5 50.4 42.1 36.4 34.5 32.3 30.6 29.5 29 27.3 27.3 27.3 30.3 30.5 30.1 30.6 31.3 32.7 34.5 36.9 40.1 53 64.4 69.7 73.1 76.9 74 74.2 75.9 71.9 67.3 64.9 60 55.6 53.6 51.3 48.1 42.6 38.2 38.5 38.1 34.5 34.8 34.4 34.3 34.7 31.7 31.3 31.1 31.4 30 30 30.1
278.2 275.7 271.7 268.3 261.9 252.7 246.4 241.7 244.4 246.8 245.4 244.2 253.2 253.7 253 254.7 251.3 241.2 228.7 203.6 174.9 154.8 136.9 119.1 98.7 83.3 73.8 67.6 65.5 62.7 56.8 50.2 45.5 37.8 33.5 33 32.1 30.5 29.3 27.3 27.3 27.6 28.6 31.8 32.2 30.9 31.8 32.7 34.4 36.1 40.2 52.1 61 66.7 66.9 59.5 58.6 62.9 63 57.9 53.6 51.6 49.5 47.1 45 42.7 41.6 37 38.8 37.5 34.1 33.9 34.3 34.4 32.9 33.4 32.3 32 31.5 31.4 30.4 29.8
277.6 279.1 279.8 277.5 270.9 265.9 258.6 252.1 251.1 253.1 250.3 242.5 240.5 250.7 250.1 250 253.2 248.8 229.4 208.1 181.5 164.2 139.6 123.5 106.7 89.9 76.1 69.2 67.5 66.3 63.5 57.9 50.4 43.6 39.3 36.3 36.7 34.2 33 30.3 27.9 27.7 28 28.5 31.9 35.6 32.6 32.9 33.2 34.4 35.7 39.4 47.7 54.3 55 47.9 46.4 47.6 54.8 51.6 51.5 48.8 48.4 43.6 43.4 37.2 35.9 36.1 34.5 34.4 33.9 33.5 33.9 34.4 33.8 33.2 32.4 31.9 31.7 31.5 31.4 30.8
281.9 281.4 284.2 283.5 279.5 274.5 266.4 264.8 256.7 255.4 248.9 244.5 237.2 238 244.3 247 246.8 248.6 235.2 209.6 188 170.6 149.3 126.2 111.6 98.2 84.6 75.2 72.5 70.4 68.9 63.7 58.4 50.4 47.2 39.7 38.2 35.5 32.6 30.3 28.5 28 29.1 28 28 31.7 33.2 37.3 37.5 37.2 33.8 35.1 38.7 45 46.5 42.1 42.7 42.5 43 41.4 43.1 42 40.4 41.1 40.7 36.9 34.9 35.1 34.9 34.6 33.8 33.5 33.8 33.7 33.4 33.1 32.6 32.2 31.7 31.3 31.2 30.8
293.8 291.2 289.5 290 284.8 278.7 270.8 269.6 268.6 256.1 245.5 240.2 236.6 235.1 234.8 241.5 240.8 233.4 228.3 208.5 190.3 169.9 153.4 131.2 117.2 104.4 92.5 80.8 76.4 73.7 72.5 70.6 64 59.3 49.8 44 41.5 40.2 40 37.2 32.7 32.8 34.2 34 30.3 28 28.9 31.2 34.9 32.5 35 34 34.6 37.5 39.8 39.9 41.3 42.5 40.3 40.8 42.6 39.5 40.7 37.9 44.3 38.1 36.2 38.2 36.2 34.6 34.2 34 34.3 34.8 33.7 33.8 33.2 32.6 32 31.4 31 30.8
301.8 300.7 296 291 287.9 282 271.2 267.9 267.1 260.7 243.4 238.5 237.1 236.8 234.6 232.5 234.5 234.6 226.9 210.9 188.6 172.2 157.9 140.9 123.2 109.6 99.8 90.4 82.6 79.9 77.5 76.1 69.6 62 55.9 49.1 46.7 45.5 43.9 38.7 38.3 34.5 38.3 35.4 36.8 37.5 30 27.8 28.7 31 32.8 35.5 33.4 33.7 37.4 36.2 39.2 40.6 39.5 40 38.6 38.1 37.9 38.3 35.7 35.5 35.7 36.9 37.2 37.3 35.8 36.2 35.7 35.4 34.3 33.8 32.4 31.4 31.3 31 30.8 30.9
307.7 303.8 301.3 294.5 287.5 283.2 275.3 265.5 257.5 253.4 242.9 238 237.1 236.7 235.2 229.6 227.4 237.2 238.3 231.8 193.9 174.6 161.6 145.5 133.5 114.9 104.1 98.3 89 83.6 83 79.1 75.5 66.9 62.1 59.6 52.9 49.5 46.6 46.2 41.4 38.1 37 35.1 37.6 41.6 33.6 32.1 31.5 29.4 26.6 34.1 34.2 33.3 33.1 33.7 36.3 39.3 37.8 38.7 38.1 39.1 38.1 36.9 36.3 36 36 36.1 36.2 36.9 37.1 36 35.9 36.4 34.3 33.5 32.6 31.5 31.1 30.8 30.8 30.8
310.5 308 303.7 298.9 288.9 283.7 278.7 266 256 249 240.6 236 235.2 235.7 235.5 232.3 222 225.9 237.4 236.9 222.3 178.1 161.8 149.3 138.3 121.9 110.5 102.5 93.8 88 86.2 80.5 75.4 71.7 67.8 65.1 61.2 53.9 49.8 49.5 46.6 45.3 43.9 44.3 41.7 37 35.5 34.2 34.1 32.4 31.9 26.3 30.9 35.6 32.3 32.4 36 37.3 35.9 36.3 37.5 38.7 38 37.9 37.4 36.7 36.4 36.3 35.9 36.1 35.6 35 34.8 34.5 34.1 33.3 32.5 31 30.8 30.8 30.8 30.8
310.6 309 305.5 298.7 294.1 284.4 278.7 272.8 255 246.8 236 234.3 233.5 235.8 235.6 231.9 223 212.2 219.2 233.8 231.1 191.5 165.2 153.2 140 130.1 116.1 105.9 100.1 94.9 89.8 85 80.8 75.5 73 67.8 63.2 60.8 57.5 54.9 53.9 50.4 45.8 46.2 42.3 44.6 37 37.8 36.1 34.5 33 34.2 27.1 29.8 31 31.5 33.1 34.2 34.8 36.6 37.6 37.1 37.2 37.6 37.3 37.1 36.9 36.5 36 35.5 35.5 35 34.9 34.5 34 33.2 32.3 31.1 30.8 30.8 30.8 30.8
310 308.5 305.2 300.2 293.8 289.2 280 272.8 263 245.9 237.9 233.3 232.5 232.3 232.6 231.3 224.2 211.6 201.5 216.3 231.5 205.1 173 156.9 142.6 133.6 123.2 111.8 105.6 101.4 94.5 91.5 88 81 81 75.8 70.1 66 62.2 58.9 57.2 55.2 51.3 48.5 45.8 45.3 42.1 39.8 38.2 36.6 33.5 32 32.2 27.3 25.9 31.3 33 32.2 33.4 35 36.2 36.1 36.5 37.4 37.1 36.8 36 35.7 35.1 35.1 35.2 35.2 34.9 34.4 33 32.3 32.1 31.3 30.9 30.8 30.9 30.7
308.5 307 305.6 300.3 293.9 289.9 284.2 276 266.8 249.4 240.5 234 231.7 230.6 229.9 230.1 226.5 212.7 196 196.1 215.2 216.6 185.5 159.3 144.6 136.1 131.1 120.1 111.1 106.4 100.4 95.8 93.1 83.6 88.7 84.7 78.6 71.8 67.9 65 62.6 60.2 54.3 52.1 49.2 47 44.6 42.3 40.3 38.1 35.8 34.7 31.8 29.7 27.8 25.4 30.2 31.5 32.5 33.6 34.5 35.2 35.7 36.5 37 36.5 35.7 35.1 34.5 34.6 34.7 34.8 34.5 32.8 31.9 32.1 31.8 31.1 31.4 30.9 30.9 30.7
310.7 306 304.4 300 293.3 289.4 286 278.9 270.4 259.4 244.2 243.8 236.6 230.2 226.4 226.4 225.4 215.2 197.6 186.2 189.9 200.2 191 167.9 147.7 137.6 132.1 125.3 117 111.5 108.3 102 96.4 96.4 96 91.8 86.2 79.7 74.5 70.6 67.7 63.1 60.1 55.9 52 47.5 46.1 45.1 42.9 40.7 40.1 37.6 35.9 35 31.6 27.2 24.8 24.5 32.5 34.1 33.2 33.1 33 34.1 34.4 35.6 36.2 35.6 35.3 34.8 34.3 34 34.2 33.3 32.3 32 31.4 31 30.9 30.9 30.9 30.7
