Game/Highland_Data/StreamingAssets/GeoData/Data/hy/HY20.asc
ncols 200
nrows 200
xllcorner 320000
yllcorner 1000000
cellsize 50
[rows 84 to 125 of 200, columns 0 to 94 of 200]
-1 -1 -1 -1 -1 -1 -1 -1 -1 -1 -1 -1 -1 -1 -1 -1 -1 -1 -1 -1 -1 -1 -1 -1 -1 -1 -1 -1 -1 -1 -1 -1 -1 -1 -1 -1 -1 -1 -1 -1 0.1 0.7 1.1 1.9 0.4 -0.8 -1 -1 -1 -1 -1 -1 -1 -1 -1 -1 -1 -1 -1 -1 -1 -1 -1 -1 -1 -1 -1 -1 -1 -1 -1 -1 -1 -1 -1 -1 -1 -1 -1 -1 -1 -1 -1 -1 -1 -1 -1 -1 -1 -1 -1 -1 0.5 3.4 18.9
-1 -1 -1 -1 -1 -1 -1 -1 -1 -1 -1 -1 -1 -1 -1 -1 -1 -1 -1 -1 -1 -1 -1 -1 -1 -1 -1 -1 -1 -1 -1 -1 -1 -1 -1 -1 -1 -1 -1 0.9 1.4 4.1 8.2 9.5 4.9 0.4 -1 -1 -1 -1 -1 -1 -1 -1 -1 -1 -1 -1 -1 -1 -1 -1 -1 -1 -1 -1 -1 -1 -1 -1 -1 -1 -1 -1 -1 -1 -1 -1 -1 -1 -1 -1 -1 -1 -1 -1 -1 -1 -1 -1 -1 -1 -1 0.9 14.7
-1 -1 -1 -1 -1 -1 -1 -1 -1 -1 -1 -1 -1 -1 -1 -1 -1 -1 -1 -1 -1 -1 -1 -1 -1 -1 -1 -1 -1 -1 -1 -1 -1 -1 -1 -1 -1 -1 0.1 1.3 7.1 13.5 14.6 15.3 13 7.1 1 -1 -1 -1 -1 -1 -1 -1 -1 -1 -1 -1 -1 -1 -1 -1 -1 -1 -1 -1 -1 -1 -1 -1 -1 -1 -1 -1 -1 -1 -1 -1 -1 -1 -1 -1 -1 -1 -1 -1 -1 -1 -1 -1 -1 -1 -1 -1 12.8
-1 -1 -1 -1 -1 -1 -1 -1 -1 -1 -1 -1 -1 -1 -1 -1 -1 -1 -1 -1 -1 -1 -1 -1 -1 -1 -1 -1 -1 -1 -1 -1 -1 -1 -1 -1 -1 -0.1 0.8 1.7 15.7 18.2 20.2 21.8 21.1 18 14 1.5 -1 -1 -1 -1 -1 -1 -1 -1 -1 -1 -1 -1 -1 -1 -1 -1 -1 -1 -1 -1 -1 -1 -1 -1 -1 -1 -1 -1 -1 -1 -1 -1 -1 -1 -1 -1 -1 -1 -1 -1 -1 -1 -1 -1 -1 -1 12.6
-1 -1 -1 -1 -1 -1 -1 -1 -1 -1 -1 -1 -1 -1 -1 -1 -1 -1 -1 -1 -1 -1 -1 -1 -1 -1 -1 -1 -1 -1 -1 -1 -1 -1 -1 -1 0.1 0.9 1.7 15.2 19.6 23.3 24.7 26.4 27.2 26.6 25.4 20.6 1.8 -1 -1 -1 -1 -1 -1 -1 -1 -1 -0.6 -0.2 0.1 -0.1 -1 -1 -1 -1 -1 -1 -1 -1 -1 -1 -1 -1 -1 -1 -1 -1 -1 -1 -1 -1 -1 -1 -1 -1 -1 -1 -1 -1 -1 -1 -1 -1 12.5
-1 -1 -1 -1 -1 -1 -1 -1 -1 -1 -1 -1 -1 -1 -1 -1 -1 -1 -1 -1 -1 -1 -1 -1 -1 -1 -1 -1 -1 -1 -1 -0.2 0.2 0.3 0.4 0.3 1 4.2 16.2 19.7 23.2 26.5 28.3 30.2 31.3 31.3 31.3 30.5 28.7 14.3 4.3 1.1 -1 -1 -1 -1 -0.3 -0.1 0.3 0.7 0.9 0.7 0 -1 -1 -1 -1 -1 -1 -1 -1 -1 -1 -1 -1 -1 -1 -1 -1 -1 -1 -1 -1 -1 -1 -1 -1 -1 -1 -1 -1 -1 -1 -1 7
-1 -1 -1 -1 -1 -1 -1 -1 -1 -1 -1 -1 -1 -1 -1 -1 -1 -1 -1 -1 -1 -1 -1 -1 -1 -1 -1 -1 -1 -1 -0.1 0.9 1.5 2.3 1.7 2 7.6 15.6 19.6 23.4 26.9 31.4 33 34.4 35.4 35.4 35.4 34.6 33.2 34.2 33.1 26.6 18.3 12.3 3 1.4 0.9 0.8 1.2 1.6 1.8 1.7 1.5 1.3 1 -1 -1 -1 -1 -1 -1 -1 -1 -1 -1 -1 -1 -1 -1 -1 -1 -1 -1 -1 -1 -1 -1 -1 -1 -1 -1 -1 -1 -1 2.1
-1 -1 -1 -1 -1 -1 -1 -1 -1 -1 -1 -1 -1 -1 -1 -1 -1 -1 -1 -1 -1 -1 -1 -1 -1 -1 -1 -1 -1 -1 0.7 1.7 7.7 9.7 9.7 9.6 14.3 18 22.1 25.5 29.3 33.3 37 38.8 40.6 40.3 39.8 39.8 36.9 38.2 36.6 39 37 30.6 23.3 14.6 7.3 1.8 3.9 7.5 8.4 9.3 9.9 11.3 14.2 14.4 1.8 1.2 0.3 0.4 -1 -1 -1 -1 -1 -1 -1 -1 -1 -1 -1 -1 -1 -1 -1 -1 -1 -1 -1 -1 -1 -1 -1 -1 1.8
-1 -1 -1 -1 -1 -1 -1 -1 -1 -1 -1 -1 -1 -1 -1 -1 -1 -1 -1 -1 -1 -1 -1 -1 -1 0.9 -1 1.9 13.7 13.8 7.3 10.3 11.4 11.8 11.6 11.4 13.7 18.8 23.8 27.2 31.1 35.1 39.3 43.4 45.4 45.4 44.6 44 41.3 43 41.5 44.3 44.1 44.8 40.1 29 20.4 13.9 10.8 9.6 9.4 10.6 12.4 14.4 16.7 18.7 18.2 14.8 2.1 1.8 1.6 1.6 -1 -1 -1 -1 -1 -1 -1 -1 -1 -1 -1 -1 -1 -1 -1 -1 -1 -1 -1 -1 -1 -1 1.4
-1 -1 -1 -1 -1 -1 -1 -1 -1 -1 -1 -1 -1 -1 -1 -1 -1 -1 -1 -1 -1 -1 -1 -1 -1 1.5 10 21.3 22.8 19.8 17.7 14.9 14.4 14.8 14.5 14.3 14.2 19.3 24.5 29 33 37 41.1 45.5 49.7 51 49.6 48.3 44.6 44.5 46.5 48.5 49.9 50.9 49.7 46.3 39.2 26.9 18.2 15.7 13.4 12.6 14.4 17.3 20.4 22.7 23.7 21.8 15.5 11.4 10.3 11.1 12.5 1.4 -1 -1 -1 -1 -1 -1 -1 -1 -1 -1 -1 -1 -1 -1 -1 -1 -1 -1 -1 -1 -1
-1 -1 -1 -1 -1 -1 -1 -1 -1 -1 -1 -1 -1 -1 -1 -1 -1 -1 -1 -1 -1 -1 -1 -1 0.5 1.7 19.3 21.8 25.8 27 24.6 20.6 18.8 17.8 18 18.7 15.8 18.8 24.2 29.9 34.7 38.7 43.3 48.4 52.9 56 56.4 52.8 48.9 47.6 48.3 52.6 54.7 55.4 53.7 53.4 50.7 44.6 32.8 22.5 20.2 18 18.1 19 23.9 28.6 29.8 29.7 25.1 18.9 14.4 13.7 14.9 15 13.6 -1 -1 -1 -1 -1 -1 -1 -1 -1 -1 -1 -1 -1 -1 -1 -1 -1 -1 -1 -1
-1 -1 -1 -1 -1 -1 -1 -1 -1 -1 -1 -1 -1 -1 -1 -1 -1 -1 -1 -1 -1 -1 -1 0.1 1.9 8.1 22.3 24.5 28.9 29.8 30 27.1 23.7 22.4 21.2 19.2 18.3 19 23.5 29.7 35.9 40.2 44.4 50 55.8 60 61.5 58.1 54.5 51.6 51.3 56 59.9 59.4 59.6 57.3 57.8 54.7 49.3 36.8 28.9 24.9 23.2 22.6 25.2 29.9 35.8 37 35.2 29.3 22.3 17.6 17.5 17.3 17.6 10.2 -1 -1 -1 -1 -1 -1 -1 -1 -1 -1 -1 -1 -1 -1 -1 -1 -1 -1 -1
-1 -1 -1 -1 -1 -1 -1 -1 -1 -1 -1 -1 -1 -1 -1 -1 -1 -1 -1 -0.8 0 -1 -1 -1 1.9 10 18 26.4 31.9 34.3 34.7 32.2 29.5 27.4 24.9 22.7 20.8 20.2 24 29.5 35.7 41.5 45.9 51.9 57.9 62.7 66.6 63.9 60 56.3 54 58.4 62 64.1 63.7 62.8 61 58.7 56.9 47.2 38.9 30.8 29.2 28 29.6 31.7 36.3 40.4 41.7 38.5 30 22.4 20.5 19.6 19 15.5 0.9 -1 -1 -1 -1 -1 -1 -1 -1 -1 -1 -1 -1 -1 -1 -1 -1 -1 -1
-1 -1 -1 -1 -1 -1 -1 -1 -1 -1 -1 -1 -1 -1 -1 -1 -1 0.2 1.1 10.6 15.5 -1 -1 25.3 25.6 24 20.5 17.6 29.9 35.8 38.7 38.4 35.9 32.5 29.2 26.4 24.7 23.1 23.9 28.8 34.5 39.9 46.4 53.9 61 66.4 70.1 70.3 69.4 63.5 57.7 57.8 63.4 65.6 68.2 68.5 66.2 63.4 61.8 55.3 45.9 38.7 35.1 34.4 34.5 35.8 38.4 41.2 43.4 43 34.6 27.2 22.8 21.6 19.6 17.3 1.7 0.2 -1 -1 -1 -1 -1 -1 -1 -1 -1 -1 -1 -1 -1 -1 -1 -1 -1
-1 -1 -1 -1 -1 -1 -1 -1 -1 -1 -1 -1 -1 -1 -1 -1 -1 1.3 24.2 29.7 31.6 31.3 31 30.5 30 28.5 27.9 26 25.6 33.9 39.8 42.4 42.6 39.5 35.1 30.4 28.4 25.8 27.4 29.9 32.6 39.3 45.4 52.4 61.8 68.2 73.5 75.6 77 71.1 62.7 60.7 63.9 67.8 71.6 72.5 72.9 69.8 65.6 62.6 55.5 47.8 42.5 42 40.5 41.3 43.9 45.8 43.7 40.8 34.2 28.7 24.4 20.7 18.4 16.1 8.3 0.6 -1 -1 -1 -1 -1 -1 -1 -1 -1 -1 -1 -1 -1 -1 -1 -1 -1
-1 -1 -1 -1 -1 -1 -1 -1 -1 -1 -1 -1 -1 -1 -1 -1 -1 34.8 35.1 33.4 36.1 36.8 37.4 36.8 34.4 32.4 32.1 31.3 29.1 30 38.9 44.5 46.5 46.9 42.1 36.5 32.2 30.7 29.4 31.2 35.6 40.5 45 53.5 64.6 70.6 76.9 82.7 81.8 78.3 68.3 66.2 67 70.6 73.9 75.9 77.9 77.6 72.7 68.1 63.3 56 50.1 48 48.3 48.6 48.7 51 47.4 40.8 34.7 30 24.5 18.9 16.2 13.7 6.5 0.7 -1 -1 -1 -1 -1 -1 -1 -1 -1 -1 -1 -1 -1 -1 -1 -1 -1
-1 -1 -1 -1 -1 -1 -1 -1 -1 -1 -1 -1 -1 -1 -1 -1 37.8 38.5 39.8 38.9 40.5 41.2 41.8 42.3 39.6 37.3 35.9 34.8 34 31 37.5 44 48.6 50 49.9 44.9 38.2 34.6 33.6 34.1 39.2 46 52.6 57.5 64.2 73.3 80.7 84.7 86.7 83.1 75.2 72.2 71.3 72.4 74.5 77.8 80 81.2 80.6 74.5 70.9 64.4 56.5 53.7 53.2 54.9 54 53.8 50 41.6 35.5 29.4 24.4 18.2 13.5 11 1.8 0.5 -1 -1 -1 -1 -1 -1 -1 -1 -1 -1 -1 -1 -1 -1 -1 -1 -1
-1 -1 -1 -1 -1 -1 -1 -1 -1 -1 -1 -1 -1 -1 -1 -1 41.1 42.9 43.5 44.5 45.8 46.2 46.4 46.4 45.1 43.2 39.4 38.1 37.2 36 33.8 43 48.9 51.4 52.7 52.2 48.2 40.5 37.7 37.8 39.7 46.5 55.9 66.3 72.2 75 83.4 90.7 91.6 86.8 79.3 75.2 75 77.4 78.9 79.9 81.3 83.5 85.1 82.2 75.8 72.2 66.5 60.2 56.2 57.4 58.3 54.7 50.7 42.5 33.4 25.9 20.4 16.2 10.8 4.6 1.2 0.3 -1 -1 -1 -1 -1 -1 -1 -1 -1 -1 -1 -1 -1 -1 -1 -1 -1
-1 -1 -1 -1 -1 -1 -1 -1 -1 -1 -1 -1 -1 -1 -1 -1 16.7 46.5 47.4 48.2 48.2 49.4 50.3 49.5 49.5 47.7 44.2 41.2 40.4 39.4 37.7 40.8 47.4 51.2 52.9 55.2 53.6 49.1 44.7 42.2 43.9 46.1 55 68.7 78.7 85.7 84.1 91.5 93 90.3 85.2 79.8 80.4 81.6 83.1 84.2 84.5 85.8 87.8 88.5 83.3 75.6 74 66.8 58.9 59.6 58.9 54.4 50.5 42.5 31.2 22.1 16.4 12.2 8.3 1.7 1.1 0.3 -0.4 -1 -1 -1 -1 -1 -1 -1 -1 -1 -1 -1 -1 -1 -1 -1 -1
-1 -1 -1 -1 -1 -1 -1 -1 -1 -1 1.9 -1 -1 -1 -1 -1 45.6 47.1 49.2 51.5 52.3 52.3 52.3 53 52.3 51.7 48.1 45.8 43.6 41.6 39.9 39.2 45.9 50.3 53.4 55.9 56.1 53.6 50.8 48.2 49.4 50.4 55.6 65.7 78.7 89.1 95.3 91.4 90.4 91.4 89 85.3 85 85.7 86.6 89 89.7 89.7 89.8 90.8 89.8 80.1 75.8 69.1 61.4 60.1 59.3 55.8 51.5 44.2 31.2 19.5 12.8 9.4 1.8 1.3 0.8 0.3 -0.4 -1 -1 -1 -1 -1 -1 -1 -1 -1 -1 -1 -1 -1 -1 -1 -1
-1 6.2 -1 -1 -1 -1 -1 -1 -1 -1 34.8 -1 -1 -1 1.8 52.9 51.6 51 52 53.6 54.7 55 55.2 55.9 56.3 55.9 54.2 50.6 47.9 44.8 42.9 38.9 44.6 49 52.6 56.8 59.2 59.1 56.6 54.2 55.6 57.7 62.2 72.3 81.9 89.9 96.5 101.7 98 92.6 90.9 88.6 87.3 87.9 89.1 89.8 92.1 93 91.3 86.5 80.2 74 67.9 60.6 56.9 56.7 58.5 57.2 51.7 42.2 28.4 16.4 11.2 4.5 1.5 1 0.5 0 -0.5 -1 -1 -1 -1 -1 -1 -1 -1 -1 -1 -1 -1 -1 -1 -1 -1
-1 102.5 46.5 -1 -1 -1 -1 -1 66.2 49.4 1.9 4.9 3.9 54.7 49.1 62.5 59.7 56.5 55.9 56.6 57.7 57.7 58 59.1 60.1 60.9 58 54.7 51.8 48.8 45.9 44.1 43.3 48 52.4 56.8 60.8 62.8 61.7 59.8 60.5 64.1 67.4 78.4 90.3 97.9 101.8 102.6 102.9 97.9 92.6 90.8 89.5 87.9 87.7 86.9 87.6 85.9 80.9 80.1 73.9 67.5 60 56.9 55.3 55.4 56.6 55.1 46.9 36.4 22 12.8 10.4 1.8 1.3 0.9 0.4 -0.1 -0.6 -1 -1 -1 -1 -1 -1 -1 -1 -1 -1 -1 -1 -1 -1 -1 -1
128.4 114.5 76.1 -1 -1 -1 85.7 77.7 75 48.1 70.9 71.4 49.1 75.7 73.7 72.6 70.2 66.6 62.5 60.8 61 60.7 60.7 62.2 63 64.1 63 60 57 54 49.4 47.3 45.8 45.7 51.5 54.6 59.6 65.6 67 65.6 64.1 67.4 72.2 81.5 93.3 103.7 112 112.9 107.9 96.8 91 87.6 89.1 84.9 81.2 79.5 78.6 76.5 73.7 74.1 71.3 64.1 59 56.4 54.7 53.3 53.3 52.8 44 31.9 18.8 12.1 2.5 1.6 1.2 0.7 0.3 -0.1 -0.6 -1 -1 -1 -1 -1 -1 -1 -1 -1 -1 -1 -1 -1 -1 -1 -1
125 111.4 85 81.3 90.2 94.3 95.1 92 85.4 78.6 80.5 80.4 89.6 92.1 89.2 85.8 82.7 80.3 77 71.1 67.1 64.7 64.7 64.2 65.2 67.7 67.1 64.9 62.2 59.2 54.7 50.5 48.8 45.1 49.7 52.9 58.6 66.3 71.4 71.5 69.4 70.3 74 81.8 95.3 108.1 117 117.7 112.9 101.9 93.3 88.6 83.5 80.6 79.8 79.9 79.4 79.7 79 74.5 71.5 68.7 60.3 55.9 54.2 53 51.4 45.9 41.2 28.3 13.3 9.5 1.9 1.5 1.1 0.7 0.2 -0.1 -0.5 -0.9 -1 -1 -1 -1 -1 -1 -1 -1 -1 -1 -1 -1 -1 -1 -1
122 110.8 87.3 90.5 101.9 99.2 101.4 100.9 93.3 90.9 88.6 89.1 97.9 102.9 104.5 104.2 102.6 96.3 89.6 86.2 79.5 72.6 69.6 67.6 68 70.5 70.6 68.7 65.8 62.4 58.4 54.6 52.5 51.3 49.7 52.5 58.8 67.2 73.8 76.3 75.2 73.5 76.5 84.6 94.1 107.5 115 113.2 107.8 102 95.7 91.4 91.4 88.5 84.6 83.8 85.9 86.1 85.3 83.7 77.4 70.7 63.9 56.9 55.2 54.3 52.4 49.4 43 32 13.9 6.6 1.9 1.5 1.1 0.7 0.3 0 -0.4 -0.8 -1 -1 -1 -1 -1 -1 -1 -1 -1 -1 -1 -1 -1 -1 -1
118.7 111.7 89.3 101.9 108.5 111.2 109.4 106.2 102 101.6 102.9 101.8 106.4 115.2 120 122.3 122.4 117.8 109.1 100.1 93.1 87.6 78.1 73.4 71.2 71.8 72.8 72.4 68.9 65.1 61.3 58.2 56.8 53.8 52.4 53.8 59.5 66.4 74 75.3 77.4 76 78 84.3 93.2 101.9 108 110.6 105.8 101 96.8 93.3 94.3 94.3 91.2 89.2 90.3 94.7 94.8 92.6 88.6 81.1 69.7 61.3 56.6 55.6 53.5 50.2 46 37.6 21.8 9 2.5 1.5 1.2 0.8 0.4 0 -0.3 -0.7 -1 -1 -1 -1 -1 -1 -1 -1 -1 -1 -1 -1 -1 -1 -1
116.4 113.2 104.6 102.4 111.3 118.7 116.2 110.3 109.4 111.2 119.6 119.9 124.1 132.4 142.3 147.6 151.4 145.3 135 120.7 109.1 100 94 83.6 77.2 75.2 75.4 74.9 72.2 68.4 63.4 60.8 59.4 52.3 54.2 56.1 59.1 64.5 70.3 71.5 74.2 76.9 79 83.4 90 97.2 105.2 112.1 112.2 103.5 98.3 94.6 95.6 97 94.1 92.9 92.7 96 97.3 95.3 93.6 91.5 86.5 72.3 64.8 59.3 56.7 53.6 49 41.4 29.7 12.1 2.2 1.6 1.2 0.9 0.5 0.1 -0.2 -0.6 -1 -1 -1 -1 -1 -1 -1 -1 -1 -1 -1 -1 -1 -1 -1
117.1 111.4 101 108.1 112.8 122.4 124.2 116.3 115 120.3 130.6 141.4 150.4 162 172.1 180.5 182.4 177.4 163.9 148.1 128.9 113.6 104.2 96.8 85.1 77.1 76.1 77.5 75.5 70.8 65.3 62.4 60.4 56.2 57 57.9 59.8 61.1 64.9 68.1 70.3 73.2 76.9 80.2 87.7 95.7 105 110.1 110.4 104.8 97.6 93.9 95.4 97.3 95.7 95.3 95.6 97 96.5 95.1 94.4 92.5 91.2 84.8 74.4 67.4 63.2 58.1 52.8 46.1 31.8 16.3 5.7 1.6 1.3 0.9 0.5 0.2 -0.2 -0.5 -1 -1 -1 -1 -1 -1 -1 -1 -1 -1 -1 -1 -1 -1 -1
116.6 109.8 105.8 108.5 115.3 122.7 124.3 125 121.8 128.6 144.7 164 181.4 193.8 206 215.7 219.3 209.7 194.4 175.1 153.2 130.9 117.2 107 98.1 84.6 78.5 79.2 78.6 73.4 67.5 63.1 59.2 58.6 59.3 59.4 62.2 65.6 66.6 65.3 67.2 69.5 72.2 79.2 87.5 94.9 100.3 105.8 106.6 102.6 95.7 92.3 94.8 96.8 96.8 96.8 97.1 97.3 96.2 95.5 94.8 93.5 90.9 86.4 77.9 72.3 68.2 64.1 59.5 53.3 43.7 23.6 11.9 1.8 1.4 1 0.6 0.3 -0.1 -0.5 -1 -1 -1 -1 -1 -1 -1 -1 -1 -1 -1 -1 -1 -1 -1
112.9 108.4 107.1 108.3 114.9 122.6 125.2 125.7 131.1 143.5 167.8 192.3 212 228.2 240.7 252.6 261.8 245.5 223.9 200.4 177.1 152.9 129 112.3 104.8 93.2 82.9 80.9 80.1 74.9 67.9 63.2 60.2 61 61.3 61.8 64.2 67.8 71.6 70.5 67.8 68.1 71.2 77 84.9 91.4 97.6 101.8 101.5 99 93.9 90.2 91.2 93.9 95.6 97.2 97.6 97.7 97.9 96.9 95.7 95.2 93.6 89.1 81.6 76.6 72.1 67.3 62.7 57.5 49.7 37.5 18.3 7.3 1.6 1.2 0.8 0.4 -0.1 -0.5 -1 -1 -1 -1 -1 -1 -1 -1 -1 -1 -1 -1 -1 -1 -1
110.5 108.6 108.5 109.8 114.7 120.8 125.4 129.5 143.1 165 192.1 218.2 243 264 279.4 293.6 298.1 285.9 253.8 227.2 199.8 172.3 145.8 121.7 110.2 98.3 87 84.4 81.5 75.8 68 62.9 61.9 63.2 63.2 64.9 67.9 71.7 75.5 77.5 72.2 69.5 70.6 75.5 82 88.3 94 96.9 97.1 94.1 90 86.6 86.6 88.4 90.9 93.2 95.2 96 97.2 97.7 96.8 96.7 95.9 91.2 84 77.9 73 68 63.2 58.9 52.6 42.5 25.5 12.2 1.7 1.3 0.9 0.4 0 -0.4 -1 -1 -1 -1 -1 -1 -1 -1 -1 -1 -1 -1 -1 -1 -1
112.6 110.5 110.1 112.1 116 122.1 127 136.6 158.1 186.4 215.4 245.8 269.9 287.4 303.5 314.4 316.3 306.3 286.7 251.3 219.1 188.5 159.7 133.8 115.6 103.3 91.5 86.8 82.9 76.6 68.4 63.5 63.5 65.8 67.1 69.5 71.8 75.3 78.6 79.5 76.2 72 70.1 73.3 79.8 85.4 90.2 92.3 93.1 90.6 86.8 83.2 82.9 84 85.6 88.1 90.7 92.9 94.3 96.4 97 97.2 96.8 90.6 85.6 79.5 74 68.6 63.5 58.4 52.5 43.2 28.8 13.3 1.8 1.4 1 0.6 0.3 0 -0.6 -1 -1 -1 -1 -1 -1 -1 -1 -1 -1 -1 -1 -1 -1
116.3 113 112.8 115.3 119.5 124.9 134.9 154 180.5 209.7 246.1 268.4 287.8 304.5 317.7 328 325.8 316.8 299.7 271.4 235 201.5 170.6 145.1 124.6 110.7 98.1 88.2 81.6 74.9 70.3 67.5 67.9 68.8 71.5 72.8 76.5 79.4 83.2 83.3 79.7 75.6 71.6 73.5 79.5 85 88.1 89.1 89.3 88.3 85 81.1 79.9 80 81.5 83.4 86.1 88.3 89.5 93.2 95.1 96 95.2 90.2 84.4 80.1 73.5 68.1 61.8 56.7 51.3 41.5 28.7 15.7 8.3 1.7 1.3 1 0.7 0.2 -0.4 -1 -1 -1 -1 -1 -0.7 -0.8 -1 -1 -1 -1 -1 -1 -1
120.1 117 117.1 119.7 124.9 131.2 144.5 168.5 201.2 237 262.4 281 299.2 314.3 332.2 343.1 335.1 321.3 301.2 277.3 241.3 201.8 171.7 152 131.1 114 101.3 91.9 79.1 73.5 70.4 69.8 70.8 71.6 74.3 77.3 79.4 83.6 87.3 87.3 82.1 78.1 74.3 74.4 79.9 83.8 86.4 87 87.2 86.6 83 80.5 78.8 77.5 77.7 78.6 81.2 82.8 85.8 89.6 92.1 92.8 91.4 87.7 83.2 78.7 71.3 65.3 59.4 53.9 48 38.9 28.5 15.8 9.6 5.7 1.7 1.5 1 0.6 0.1 -1 -1 -1 -1 0 0.4 0.6 -1 -1 -1 -1 -1 -1 -1
128.2 121.3 122.6 125.7 131 138.2 150.6 179 203 240.5 268.7 288.3 305.7 320.1 340 345.8 338.4 321.2 298.3 272.3 240.4 216.9 189.8 163.6 137.5 118.4 104.7 98.9 85.7 72.7 69.7 70.8 71.8 74.9 75.6 78.2 82.5 87.2 90.1 88.5 83.8 80.2 77 76 79 82.6 84.9 85 85.3 85.2 82.8 80.3 78.6 77.1 76 75.5 76.9 78.3 82.7 86.8 89 88.8 87.1 84.4 81.3 75.8 68.8 61.5 56.4 51.1 45.4 38.8 27.1 17 9.8 6.8 7.1 1.9 1.5 1.1 0.7 0.3 0.1 0.1 0.3 0.8 1.4 1.9 1 -1 -1 -1 -1 -1 -1
137.4 126.2 128.6 133.2 138.7 150 162.4 186.6 221.7 254.1 277 297.5 315.4 327.9 342.7 348.3 341.3 319.3 292.7 267.7 238.8 214.5 190.7 165.3 138.4 119.7 106.5 100.3 93.7 75.8 71.4 68.9 72 75.4 77.6 79.3 84.1 89.5 92 89.9 85.7 83 79.9 78.6 78.8 81.8 84 84.7 85.2 84.1 82.4 80.6 78.2 76.2 74.3 73.6 74.9 76.8 80.7 84.2 85.6 84 83 80.6 78.7 73.9 64.6 57.4 52 47.8 43.9 37.6 29.4 19.4 10.9 7.6 6.7 4.1 4.6 1.8 1.4 1.1 1 1 1.2 1.7 6.2 7.3 6.7 0.8 -1 -1 -1 -1 -1
158.6 148.2 141.5 150.2 158.7 169 173.3 192.3 224.9 261.9 292.1 310.7 323.4 337.1 347 348.3 337.9 312.2 286 259.9 233.8 208.4 187.2 163.3 135.7 119.1 108.5 102 96.4 82.1 72.5 71.6 73 74.3 76.7 80.4 84.9 90.3 93.2 91.3 87.6 86.6 83.4 81.9 80.2 81.1 83.5 84.6 84.7 83 81.8 79.6 77.2 75.3 73.2 72.4 72.9 75.8 78.2 81.4 82.2 81.5 78.4 76.6 73.7 68.2 60.2 53.4 48.2 43.5 39.8 35.3 28.3 21.3 12.5 6.5 5.4 4.2 4.1 4.6 5.2 2.8 1.9 2.6 6.9 8 8.4 7.8 7.5 5.3 -1 -1 -1 -1 -1
224.9 194.6 203 187.8 187.8 194.3 210 219.3 246.2 270.5 308.4 323.2 335.7 345 350.6 348.6 330.7 304.5 275.8 248.7 221.2 200.2 185.3 167.2 140.2 118.6 107.6 101.5 98.2 90.4 77.6 75 72.1 74 77.1 82.5 86.5 93.1 96.1 95.1 90.9 88.3 87.9 87.1 83.1 81.9 82.5 84.2 83.6 82.5 81.5 78.6 75.4 73.4 71.2 69.8 71.2 73 75 76.9 78.6 77.6 73.3 70.1 67.8 61.4 55.1 50 45.1 40.5 34.9 31.2 24.5 22 16.4 11.9 8.7 5.2 4.3 4.4 4.8 5.2 7 7.6 7.8 7.2 7.5 7.1 7.3 6.2 1.1 -1 -1 -1 -1
276.8 255 254.9 225.3 237.3 247.1 243.5 230.3 263.4 304.8 324.5 334.5 345.1 355.4 355.9 348.9 327.3 298.4 267.8 237.8 212.6 198.1 184.5 162.3 134.7 120.2 110.6 102 96.7 90.7 81.5 77.3 73.8 74.2 77.1 82.8 89.4 94.7 98.8 100 96.4 92.1 90 90.9 86.9 82.9 81.8 82.3 81.9 81 80.2 76.8 73.2 70.6 69.1 68 68 68.9 69.9 71.9 71.9 69.6 66.1 63.7 62.2 58.2 52.8 47.3 44.5 40.4 37.7 33.9 29.8 25.6 20.2 15.4 12.2 9.6 6.1 5.2 5.1 5.3 6.3 6.7 6.8 7 6.6 7.1 6.7 5.3 1.2 -1 -1 -1 -1
306.2 303.2 296.2 280.5 284 287.5 276.8 262.4 303.5 326.1 332.9 340.6 352.2 364.4 363.5 349.5 326.8 296 264.7 236.3 217.7 203.1 188.4 173 144.9 128.6 116.1 105.9 98.6 92.2 85.6 80 75.9 75.7 78.7 82.9 89.1 94.6 99.3 103.9 101.3 96.3 94.5 94.4 91.3 85.7 82.5 81.5 79 78.1 77.5 74.4 70.9 68.1 66.8 67 66.9 66.4 66.3 65.9 64.5 62.9 62.3 60.7 58.3 54.8 52.9 51.9 48.4 43.8 40.7 37.2 33 28.6 23.7 18.9 15.1 12.6 9.3 6.6 6.3 6 6.5 6.9 7 6.7 7.5 7.1 5.9 4 1 -1 -1 -1 -1
321.5 328 298.3 318.9 324.8 327.4 317.3 294.9 330.9 334.7 339.2 345.4 354.9 365.9 365.4 350.8 329.3 299.3 270.8 247 228.3 212.2 196.1 181 165.6 144.8 126.8 112.2 102.2 94.7 89.2 84.4 77.8 77.7 80.3 84.2 90 95.6 100.5 106 106.2 101.7 98.8 97.2 94.5 88.5 84.2 82.2 79.3 75.6 73.6 71.3 69.2 67.5 66.8 66.4 66.5 66.4 64.3 64.2 63.1 61.7 60.9 59.9 58.3 58.7 57.6 56.6 54 49.3 44.2 40.9 36.1 32 28.2 23 19.1 15.3 12.1 9.1 7.2 6.9 7 7.3 6.8 6.2 6.7 6.3 5.2 1.8 0.3 -1 -1 -1 -1
336.8 338.8 333.7 347.8 351.1 353.1 350.9 325.7 338.1 339.2 343.6 349.2 359.1 368.1 368.8 363.6 342 313 286 266.6 246.7 231.5 214.9 199.5 183.9 164.9 142.7 124 108.5 98.2 92.8 89.3 83.8 79.3 83 86.3 92.3 99.9 105.1 108.8 109.8 106.4 102.7 99.2 97.2 90.9 85.4 82.2 79.4 76.2 73.9 70.5 68.7 67.6 67.1 66.6 65.9 65.7 65 65.6 64.9 63.6 62.3 61.6 60.9 61.1 60.9 60.3 57.8 55.3 50.2 45.5 40.9 36.7 33.1 28 23.2 18.7 14.6 11.7 9.7 7.8 7.3 7.4 7.1 5.7 6.3 5.8 3.2 1 -0.1 -1 -1 -1 -1
