Game/Highland_Data/StreamingAssets/GeoData/Data/hy/HY44.asc
ncols 200
nrows 200
xllcorner 340000
yllcorner 1040000
cellsize 50
[rows 76 to 113 of 200, columns 86 to 171 of 200]
49.8 51 51.1 50.9 48.7 44.4 39.3 34.6 30.8 27.5 25.1 22.5 21 19.9 19.4 19 18.7 19 19.5 20.9 22.9 25.2 28.1 31.1 34.1 37.4 40.6 41.5 38.5 34.5 30.8 27.7 25.5 22.7 19.9 17.6 16.2 15.2 14.3 13.5 12.8 12.2 11.7 11.1 11.1 11.2 11.3 10.6 12.2 13.6 14.9 16.1 16.6 16.2 16.7 17.3 17.7 17.1 16 15.4 15 15.1 14.2 13.7 11.5 9.2 6.6 4.7 4.2 4.2 2.2 0.6 -1.4 -1.4 -1.4 -1.4 0.5 3.2 10.4 11.3 12.5 13.2 13.8 14.1 14.8 14.4
47.9 49.1 49.3 49.5 47.5 44.1 40.4 35.7 31.5 29.1 26.7 24.3 22.3 21.4 21 20.6 20.5 20.4 20.4 21.6 23.3 25.8 28.4 31.4 34.6 37.8 40.9 41.7 39.6 35.6 32.4 29.1 26.7 24 21.2 18.8 17.2 16.3 15.4 14.3 13.8 13.4 12.9 12.3 11.8 12 11.9 11.6 13.1 14.6 15.8 16.2 16.6 17 17.5 18.5 18.1 18.1 17.4 16.8 16.5 15.4 14.3 12.9 10.3 7.2 5.6 4.2 4 3.6 3.6 4.8 0.8 -1.4 -1.4 0.5 1.5 8.6 11.9 13.6 15 15.7 15.9 15.9 16.1 15.4
45.3 46.1 46.6 45.9 44.4 43.3 40.9 37.3 33.5 30.8 28.4 25.6 23.5 22.7 22.6 22.3 22.3 22 21.8 23 24.6 26.6 29.1 32.4 35.7 38.9 41.7 42.1 39.9 35.5 32.2 30.3 27.8 25.1 23 20.5 18.5 17.6 16.6 15.7 15.1 14.8 14.1 13.5 12.9 12.7 12.5 13.3 14.2 15.3 16.5 16.9 17.4 18 18.6 18.7 19.9 18.8 17.8 17.3 16.6 15.7 14 12 8.7 6.8 6 4 3 2.6 2.5 3.2 4.7 1.5 1.2 9.1 7.9 10.3 12.7 15.6 16.9 17.1 17.2 17.6 17.3 16.5
41.9 42.6 43.4 42.7 41.7 41.3 40.9 39.1 35.9 32.7 29.7 26.9 25.2 24 24.2 23.7 23 22.4 23.5 24.6 26.2 28.3 30.8 33.4 36.7 39.9 42.3 43.1 40.4 35.9 32.5 30.6 28.5 26.1 23.6 21.1 19.2 18.1 17.1 16.1 15.7 14.3 13.9 13.7 13.6 13.5 12.9 14 15 16.1 16.5 17.3 17.5 17.6 18 18.5 18.4 18.3 17.4 16.6 16 14.9 12.9 10.3 7.2 6.2 5.2 3.7 2 1.6 1.4 1.4 2 4.7 6.3 7.8 9.7 12.3 14.8 17.4 18.1 18.7 18.4 19 18 17.2
39.7 40.5 41.3 40.7 40.5 40.1 40.1 40.7 38.8 35.6 32.4 30.2 28.2 25.2 25 24.1 23.4 24.2 25.2 26.2 27.6 29.7 32.4 35.3 38.2 40.9 43.1 42.7 39.7 35.2 33.2 30.9 28.4 25.8 23.6 21.7 19.5 18.6 17.7 16.8 15.7 15 14.3 14 13.6 13.3 13.7 14.2 14.8 15.7 16.6 17.2 17.5 17.8 18.1 18.3 18.2 17.8 17 16.1 14.6 13.4 10.8 7.7 7 6.2 3.5 2.1 1.1 1.1 1.1 1.1 1.1 5.8 6.4 10.1 12.7 15.3 17.5 19.2 20.6 20 19.8 19.2 18.7 17.2
38.1 38.8 39.5 40.1 40.4 40.6 40.8 41.2 40.9 38.7 36.2 34.8 32.9 26.9 25.5 24.8 24.7 25.6 26.6 27.7 28.4 30.3 32.6 35.2 38.3 39.3 40.5 38.9 37.3 35.8 34.2 32 30.1 27.3 24.3 21.9 20.5 19.6 18.6 17.7 17.1 16.6 15.4 15 14.6 14.1 14.1 14.4 14.7 15.3 16.4 17.1 17.2 17.8 18 17.6 17.5 17 16.4 15.4 14.1 11.5 9 7.2 6.7 4.5 1.1 1.1 1.1 1.1 1.1 1.1 1.1 5.9 7.5 11.3 15 18 20.2 21.7 22.4 21.7 20.8 20 19.5 17.6
36.4 37.1 37.8 38.3 39.3 40.4 41.6 42 42.3 41.8 40.8 39.5 37.5 32.3 27.4 25.9 26.3 27.1 27.4 27.4 28.2 30.3 32.7 32.9 36 37.3 37.8 37.8 36.8 36.3 35.1 33.7 31.6 29.2 25.5 23.1 21.4 20.5 19.6 18.8 18.2 18 16.3 15.9 15.3 14.8 14.6 14.8 15.1 15.3 16.1 16.5 17 17.9 18.5 18.3 17.7 17 16.2 14.8 12.6 10.2 8.5 6.8 5.9 1.1 1.1 1.1 1.1 1.1 1.1 1.1 3.1 5.6 8.6 12.2 15.8 19.4 21.8 22.9 24 24 22.3 21.2 20.1 18.4
34.8 35.7 37 37.9 39.1 40.4 42 42.8 43.6 44 43.7 42.5 40.3 34.5 29.1 26.9 26.3 26.5 26.4 27.1 27.9 30 31.6 31.5 35 36.3 36.5 36.1 35 33.7 33 32 30.6 28.8 26.4 23.5 20.9 21.2 20.8 20.3 19.9 19.4 16.8 16.4 15.9 15.3 14.7 14.7 15.1 15.5 16.1 17 17 17.9 18.7 18.8 18.4 17.9 17.2 15.1 12.2 9.4 8.1 6.9 3.9 1.1 1.1 1.1 1.1 1.1 1.1 1.1 3.7 5.6 8.5 12.6 16.5 20.2 22.7 23.8 24.8 24.9 23.7 22.2 20.9 19.1
33.2 35.4 37.2 37.9 39.2 40.5 42.1 43.2 43.7 43.9 44 41.4 39.1 32.8 28.3 26.7 25.9 25 25.3 26.5 27.1 28.5 30 31.3 33.2 33.8 33.9 33.4 32.5 31 29.9 29.4 28 26.5 25.2 23 20.8 20.4 20.1 20 19.9 19.2 17.2 16.6 15.9 15.2 14.6 13.8 14.3 14.9 15.9 16.1 16.6 17.5 18.1 18.7 18.3 17.9 16.4 14.1 11.3 8.7 7 6.2 1.2 1.1 1.1 1.1 1.1 1.1 1.1 1.1 1.1 5.6 8.6 12 16.2 20.8 23.8 25.2 25.9 25.6 24.1 22.6 21.1 19.8
31.9 33.8 35.5 36.4 38.4 40.5 42.2 43.6 44.5 45 44.3 39.9 35.8 30.8 26.9 25 23.8 22.2 23 24.3 25.7 26.5 27.2 29.6 30.5 30.6 30.6 30.4 29.8 28.6 26.7 26.1 25.1 23.8 22.6 20.7 19.9 19.8 19.6 19.5 19.5 18.9 17.7 17 16.3 15.4 14.4 13.2 13.4 14.1 14.6 14.8 15.1 16.3 17.3 17.1 16.9 16.6 14.7 12.8 10.7 8.7 8.9 7.2 1.1 1.1 1.1 1.1 1.1 1.1 1.1 1.1 1.1 6.3 9.2 12.4 16.8 21.2 24.5 26.6 27.2 26.4 25 23.5 22 21.2
30.9 32.8 34.4 36.4 37.8 40 41.6 43.7 44.6 44.7 43.5 39.2 34 28.5 25.7 22.9 22.6 22 20.6 21.1 22 23.3 25 26.4 27.4 27.5 27.4 27.8 27.7 26.3 23.7 22.8 21.9 20.8 20.5 19.7 19 19 18.9 18.5 18.1 18 17.7 16.8 15.9 14.9 14 12.9 12.2 12.5 12.9 13.2 13.7 14.3 14.9 15.4 15.3 15 13.6 12 10.7 8.6 9.4 7.5 1.1 1.1 1.1 1.1 1.1 1.1 1.1 1.1 2.1 6.4 9.9 12.9 17.4 21.9 25.3 27.5 27.8 27.3 26 24.9 23.7 22.5
30.5 31.5 33.4 35.4 37.5 39.3 41.3 43.4 44.6 44.6 41.7 37.7 32.1 27.3 24.2 21.5 21.4 20.6 18.4 18.2 19 19.8 21.3 22.7 23.9 24.4 24.5 25.4 25.5 21.2 21.6 20.3 19.2 19.1 19 18.6 18.2 18.3 18.3 17.7 16.4 16.3 16.7 16.2 15.3 14.4 13.5 12.6 11.7 10.9 10.9 11.5 12.2 12.9 13 13.5 13.6 13.4 12.4 11.1 9.9 8.6 7.9 5 1.1 1.1 1.1 1.1 1.1 1.1 1.1 2.3 7.8 8.7 11.8 13.1 17.6 22.1 26 27.8 27.7 28.1 27.6 26.5 25.4 23.7
28.7 30.8 32.3 34.4 36.4 38.8 41.1 43.2 44.6 44.1 40 35.9 30.7 26.3 22.8 20.1 19.5 18.4 16 16 16.4 16 17.1 18.4 19.2 20.5 21.4 22.5 22.4 18.9 19.2 17.4 17 17.1 17.2 17.3 17.8 17.7 17.6 16.8 16.5 16.2 15.7 15.6 14.7 13.8 12.8 11.7 10.6 10.3 10.5 11.2 11.9 11.8 12.8 13.5 13.6 12.9 12.5 11.3 9.5 8.9 7 3.2 1.1 1.1 1.1 1.1 1.1 1.1 1.1 6.1 8.6 11.1 12.5 13.9 17.8 22.2 25.3 27 27.4 27.7 28.5 28.3 27.1 25.4
28.2 29.6 31.3 33.7 36.2 38.4 40.6 43 44.1 43.2 39.2 34.2 29.3 25.3 21.8 18.6 17.3 15.7 13.9 13.1 13.3 12.5 12.7 13.8 14.7 16.3 17.8 18.6 17.1 16.4 16.7 14.7 15 15.5 16 16.8 16.8 16.9 16.8 16.8 16.5 16.2 15.6 14.9 14.1 13.1 12.1 11 10.6 10.3 10.5 11.2 11.3 11.3 12 12.9 13.3 13.5 13.5 13 12.8 10.1 8.3 5.5 1.1 1.1 1.1 1.1 1.1 1.1 4.2 7 9.3 11.6 13.9 14.8 17.8 21.6 25 26.3 27.8 28.8 29.3 29.2 28.5 27.2
27 28.5 31.1 33.5 35.9 38 40.2 42.4 43.3 42.3 38 33.7 28.1 24.2 21.3 18.3 15.3 13.2 12 11 10.6 10 9.6 9.9 10.9 11.9 13.3 14.2 13.7 14.3 14.7 13.6 14.2 14.7 15.3 15.9 16.3 16 16 16.5 16.3 16 16.1 14.6 13.7 12.9 12 10.9 10.7 10.5 10.4 10.4 10.4 10.5 11 12.4 13 13.2 13.2 13.1 13.4 12 11 7.7 3.4 2.3 2.4 2.3 2.4 2.8 6.7 7.8 9.9 12.3 14.7 17.1 19.1 21.9 24.9 27 28.4 29.5 30.4 30.2 29.4 28.5
26.1 27.9 30.4 33.3 35.5 37.6 39.8 41.8 42.5 40.8 35.2 31.4 25.8 23.8 20.6 17.4 14.5 12.1 10.7 10.3 10.3 9.3 8.6 8.5 9.3 10.2 10.9 10.9 12.5 13.3 13.4 12.7 13.4 13.9 14.5 15.1 15.2 14.9 15.4 15.9 16.1 15.8 16 15.7 14.8 13.7 12.1 10.4 10.1 9.9 9.8 9.9 9.6 9.7 10 11.2 11.8 12.3 12.5 12.5 12.6 11.9 10.5 8.4 6 4.8 4.8 5 5.2 5 8 9.4 11.1 14 16.5 19 21.3 23.4 25.9 27.8 29.2 30.2 31 31.1 30.2 29.4
25.3 27.1 29.2 32.3 34.6 36.7 38.9 40.7 40.9 37.9 31.6 27.1 22.6 19.7 16.8 14.5 12.4 10.9 9.5 9 8.5 8 7.9 7.6 7.4 8.3 8.9 9.3 10.6 12.6 11 11.2 12.4 13.1 13.7 14.2 13.6 13.9 15.3 15.3 15.7 15.7 16.3 15.4 15.2 14.1 13 11 9.6 9.2 8.9 9.6 9.6 9.2 9.3 9.8 10.4 11 11.8 11.9 11.6 11.1 9.5 7.5 5.8 4.7 5.4 6.3 6.9 7.7 9.2 10.8 12 14.5 17.2 19.5 21.4 24.1 26.1 28 29.8 30.9 31.4 32 32.2 30.6
25.1 26.4 28.6 30.7 33 35.4 37.6 39.1 38.4 34.5 29.7 25.2 20.7 16.8 14.6 12.7 10.9 9 7.9 7.7 6.8 6.3 6.5 6.3 5.9 6.2 6.8 7.6 8.5 9.7 9.3 10 11 12.5 12.2 13.1 12.5 13.1 14.1 15.6 15.9 15.9 16.7 16.1 15.5 14.6 13.7 11 9.4 9 8.3 8.9 9.3 9.1 9.4 9.9 10.2 10.6 11 11 10.7 10.1 8.6 6.8 5.6 4.8 5.9 6.2 7.2 8 9.7 11.4 12.5 14.7 17 20 22.6 24.6 26.3 28.4 30.5 31.6 32.6 33.5 33.5 31.9
23.7 25.2 27.5 28.8 31 33.1 35.3 35.7 34 29.5 26.9 21.4 17.6 14.8 12.6 10.6 8.7 7.3 6.4 5.9 5.4 5.8 4.8 5.3 5.1 5.1 5.5 6.2 7.3 7.8 7.8 8.8 9.8 10.9 11.8 11.4 11.2 12.9 14.1 14.9 15.6 15.9 16.9 16.5 15.9 16.5 15.8 12 9.4 8.5 7.6 8 8.5 9 8.9 8.8 9.3 10.2 10.2 10 9.7 9 7.8 6.2 5.4 5 5.5 6 6.7 7.8 10.1 11.4 12.8 14.6 16.9 19.4 22.4 25.3 27.2 29 31.2 32.9 33.8 34.4 34 32.5
21.5 23.2 25.1 27.1 28.9 30 30.8 30.2 27.7 25.2 22.5 18.5 16 13.3 10.4 8.4 6.7 5.8 4.9 4.5 4.4 4.2 5 3.8 2.2 1.9 4.8 4.8 5.2 6.1 6.9 8 9.1 10.2 11.2 10.4 11.1 12.7 14.4 14.9 15.3 16.1 17 16.4 15.9 16.2 15.6 13 9.4 8 7.2 7.4 7.6 7.9 8.1 8.7 8.5 9.5 9.3 9.2 8.9 7.5 6.2 6.2 5.8 5.6 5.7 6.2 7.6 9.1 9.6 10.7 12.7 14.7 17 19.3 21.9 24.7 27.1 29.4 31.6 33.5 35 34.8 34.5 33.1
19.1 20.6 22.1 23.7 24.6 25.4 25.4 24 21.9 20.6 18.5 15.3 12.9 11.1 9.2 6.9 5.2 4.4 4.3 4.7 3.3 1.6 1.6 1.6 1.6 1.6 1.6 1.6 4.8 5.4 6.3 7.4 8.4 9.5 9.8 9.6 11.2 12.8 14.2 15.2 15.8 16.7 16.7 16.2 16.3 16.2 14.3 11.6 9.1 7.5 6.7 7.3 7.4 7.7 8.2 8.7 9.2 10 9.3 8.7 7.5 6.3 6.1 6.5 6.5 6 6 6.6 7.3 8 9.2 10.8 12.6 15.7 17.1 19.1 21.6 24.4 26.9 29.3 31.6 33.6 35.3 35.9 35.8 34.7
16 16.9 17.9 19.6 20.7 21.5 20.4 19.2 17.3 16 14.9 13.5 11.9 10.2 8.6 6.8 4.7 3.1 1.6 1.6 1.6 1.6 1.6 1.6 1.6 1.6 1.6 1.3 1.5 5 5.7 6.8 7.8 8.6 8.2 9.7 11.4 12.9 14 15 15.9 16.8 16.8 16.5 16.7 16.1 13.9 11.1 8.6 7.3 7.3 6.9 7.4 7.9 8.4 9.7 10.2 10.5 9.7 8.7 7.9 6.8 6.1 6 6.1 6.2 6.2 7 7.7 8.6 10 11.6 13 14.3 16.7 18.6 21.5 24.1 26.6 29.2 31.5 33.5 35.2 35.9 35.9 34.3
15.2 15 15.1 16 16.3 17.4 16.6 15.4 14.1 13.4 12.5 12 10.3 8.8 7.1 3.9 1.6 1.6 1.6 1.6 1.6 1.6 1.6 1.6 1.6 1.2 0.8 1 1.2 1.4 4 5.4 7.1 7.2 6.8 8.9 11.2 12.5 13.6 14.6 15.4 16.2 16.4 16.4 17.4 16.6 14.3 11.4 9.1 8.2 7.7 6.8 5.9 6.4 7.5 8.3 9.7 10.1 9.5 8.6 7 6.3 6.1 5.9 6.2 6.4 6.6 7.5 8.2 9.5 10.9 12.4 13 14.8 16.4 18.3 20.5 22.9 25.5 28.3 31 33.2 34.6 35.6 35.9 34.5
15.1 15.1 15.1 15 14.1 14.5 13.6 12.8 12 11.6 11 10.4 8.9 7.6 5.7 1.2 0.8 1.6 1.6 1.6 1.6 1.6 1.6 1.5 0.9 0.4 0.6 0.8 1 1.2 1.3 1.4 1.6 4.9 6.6 8.7 10.6 11.8 13 14.1 14.9 15.4 15.7 16.8 16.7 14.9 14 11.1 9.4 8.5 7.8 6.9 5.9 5 5.3 6.2 6.1 7 7.1 6.4 5.9 6 6 6.2 6.4 6.6 7.1 7.9 9 10.4 11.8 13.3 14.8 16.4 18 18.9 21.1 23.5 25.1 27.6 30.3 32.3 34 35 35.7 35.1
16 15.3 15.3 14.3 13.8 13.6 12.8 12.4 11.8 11.1 10.3 9.3 7.9 6.3 -1.4 -1.4 -0.2 0.7 1.6 1.6 1.6 1.6 1.1 0.5 -0.1 0.1 0.4 0.5 0.7 0.9 1 1.2 1.4 1.5 6.2 8.5 9.6 11 12.2 13.1 13.7 14.1 14.5 14.9 15 13.4 12.5 10.8 8.9 7.8 7.7 5.9 4.8 4.6 4.4 4.3 4.3 5 5.2 5.5 6.2 6.2 6.6 6.5 6.7 6.9 7.5 8.5 9.9 11.6 13.3 14.6 16 17.6 19.3 20.1 21.8 23.7 24.8 27.2 29.5 31.2 32.5 34 34.6 34.7
19 17.6 16.8 16.1 14.8 13.5 13.6 12.8 11.8 10.6 9.5 8.5 7.6 6.1 -1.4 -1.4 -1.4 -1.4 0.2 1.4 1.4 0.7 0.1 -0.5 -0.3 -0.1 0.1 0.3 0.5 0.6 0.7 0.9 1.1 1.3 1.5 7.9 8.7 10.1 11.4 12.1 12.8 12.9 13.3 13.8 12.7 12.2 11.2 10.2 8.2 7.8 7.4 5.6 4.9 4.6 4.7 4.7 4.9 4.8 5 5.4 6.5 7.7 8.3 8.7 8.6 9.2 8.9 9.9 11.7 13.4 14.8 15.5 17.2 18.8 20.5 21.5 23 24.4 24.9 26.2 28 29.8 31.1 31.8 32.9 33.2
20.8 20.3 19.5 19.5 19.6 18.6 16.8 15.5 13.4 11.8 10.7 7.6 7.1 4.8 2.1 0.1 -0.6 -1.4 -1.4 -1.4 0.2 -0.3 -1 -0.7 -0.5 -0.3 -0.1 0 0.2 0.3 0.5 0.7 0.8 1.1 1.3 2.1 7.4 8.8 10.1 11.1 11.8 11.4 11.8 12.4 11 11 9.9 8.6 7.7 7.9 6.5 4.9 4.8 4.5 5 5.1 5.4 5 5.5 5.5 6.6 8.6 9.9 10.5 11.7 12.4 11.9 11.4 13.1 15.1 15.5 16.7 18.4 20 21.6 22.7 23.4 23.7 23.8 24.5 25.9 27.6 28.5 29.9 30.4 30.7
21 20.1 21.1 21.5 22.8 22.6 22.7 21.1 17.8 13.9 12.4 10.2 7.6 4.5 4.7 1 0.3 -0.2 -0.6 -1.4 -1.4 -1.4 -1.2 -1 -0.7 -0.6 -0.4 -0.3 -0.1 0 0.2 0.4 0.6 0.9 1.1 1.4 5.8 7.8 7.8 9.6 9.9 9.2 9.8 10.5 8.8 9.4 8.5 8.3 7.7 8.6 6.1 6.1 4.6 6.7 7.1 7.5 6.3 5.2 6.3 6 6.6 8.7 10.7 12.3 13.2 14.1 14 13.8 13.6 14.8 15.7 17.8 19.3 20.6 22 23 23.5 23.1 22.9 23 23.8 24.7 25.9 27 27.7 27.9
21.9 21.5 21.3 22.6 23.6 23.9 25 25.4 22.8 17.9 14.5 12.7 9.8 5.4 4.4 1.5 0.9 0.3 -0.2 -0.7 -1.4 -1.4 -1.4 -1.2 -1 -0.9 -0.7 -0.6 -0.4 -0.2 0 0.2 0.4 0.7 0.9 1.2 1.3 1.4 1.5 7.4 7.2 7.7 8.5 7.1 6.7 7.8 7.1 7.7 8.1 1.6 1.2 1.1 1 1.2 1.4 2.4 4.8 6.5 5.7 5.9 7.8 8.8 9.6 11.8 12.6 13.3 13.7 14.1 14.6 14.9 15.9 17.6 19.3 20.8 22.3 22.5 21.9 21.2 21 21.5 22.3 23.3 24.3 24.9 26.1 26.9
22.5 22.6 22.7 23.4 24.2 25.1 25.9 26.5 25.3 22.2 18.4 14.6 13 8.4 5 1.6 1.2 0.7 0.2 -0.2 -0.7 -1.4 -1.4 -1.4 -1.3 -1.1 -1 -0.8 -0.7 -0.5 -0.3 0 0.2 0.5 0.7 0.9 0.9 0.8 0.8 1 1 1.6 8.4 4.6 3.5 2.7 2.5 7.3 3.6 0.7 0.1 -0.1 -0.2 -0.2 0 0.4 0.8 1.4 4.8 6.1 6.1 7.2 8.2 9.6 11.4 12.5 12.7 13.2 13.4 14.5 15.9 17.4 19.1 20.7 22 22.5 21.4 20.3 19.9 20 20.9 21.7 22.7 23.8 25 26
23.7 23.3 23.4 23.5 25.2 26.3 26.5 27.1 26.4 24.2 20.6 17.9 17 14.7 7.6 5.3 1.6 1.1 0.7 0.2 -0.2 -0.6 -0.9 -1.4 -1.4 -1.4 -1.3 -1.1 -0.9 -0.7 -0.5 -0.2 0 0.3 0.4 0.5 0.5 0.3 0.2 0.2 0.2 0.8 1.3 0.5 0.4 0.6 0.9 1.2 0.5 -0.4 -1.4 -1.4 -1.4 -1.4 -1.4 -1.4 -0.5 0.2 1 3.7 6.9 6.8 7.9 9 10.4 11 11.8 12.8 13.9 15.1 16.4 17.9 19.4 20.8 21.4 21 20.9 20.3 19.4 19.2 19.6 20.5 21.4 22.7 23.9 24.5
25.7 25.1 24.4 25 26.2 27.6 28.2 28.8 27.5 25.7 24.2 20.6 19.2 16.4 12 8.3 4.9 2.9 1.1 0.7 0.3 -0.1 -0.4 -0.7 -1 -1.2 -1.4 -1.4 -1.1 -0.9 -0.7 -0.4 -0.2 -0.1 0 0.1 0 -0.2 -0.3 -0.4 -0.6 -1.4 -1.4 -1.4 -0.7 -0.4 -0.1 -1.4 -1.4 -1.4 -1.4 -1.4 -1.4 -1.4 -1.4 -1.4 -1.4 -1.4 0.2 1.4 5.2 7.5 8.9 9.9 11 11.6 12.6 13.6 14.5 15.7 17 18.4 19.7 19.9 20 18.3 18.2 18.3 18.6 18.7 18.5 19.7 20.3 21.2 22.4 22.7
27.3 27.1 26.5 27.1 28.9 28.7 29.9 29.8 28.5 27.8 25.3 22.5 20.6 18.6 13.4 9.8 6.9 5.1 2.1 1.1 0.7 0.4 0 -0.4 -0.6 -0.8 -1.1 -1.4 -1.4 -1.1 -0.9 -0.6 -0.5 -0.5 -0.4 -0.3 -0.4 -0.6 -0.9 -1.4 -1.4 -1.4 -1.4 -1.4 -1.4 -1.4 -1.4 -1.4 -1.4 -1.4 -1.4 -1.4 -1.4 -1.4 -1.4 -1.4 -1.4 -1.4 -0.4 0.9 8.4 8.4 9.4 10.8 11.6 12 13.3 14.6 15.6 17.4 18.4 19.3 19.3 18.7 18.2 16.8 16.4 17.1 17.2 17.3 17.6 18.3 19.2 20.1 20.7 21.8
30.2 29.8 29.8 29.9 29.7 29.7 30.5 29.5 29 28.5 27.5 25.5 22.2 20.7 15.9 11.6 9 7.3 5.3 1.6 1.1 0.7 0.3 0 -0.3 -0.5 -0.8 -1.1 -1.4 -1.4 -1.1 -1 -0.9 -0.8 -0.8 -0.7 -0.8 -1.1 -1.4 -1.4 -1.4 -1.4 -1.4 -1.4 -1.4 -1.4 -1.4 -1.4 -1.4 -1.4 -1.4 -1.4 -1.4 -1.4 -1.4 -1.4 -1.4 -1.4 -1.4 0.5 7.9 9.5 10.2 11 12.2 12.5 14 15.5 16.9 17.6 19 19.8 19.9 18.6 17.2 15.8 15.1 14.9 15.1 15.5 15.9 16.3 17.3 18.3 19.8 22.1
33.5 32.7 31.5 31.3 31 30.8 30.9 30.3 29.9 29.4 28.2 26.6 23.9 22.3 18.1 13.1 10.8 8.9 6.9 5.3 1.3 0.9 0.6 0.3 0 -0.3 -0.7 -1 -1.3 -1.4 -1.4 -1.4 -1.3 -1.2 -1.2 -1.1 -1.4 -1.4 -1.4 -1.4 -1.4 -1.4 -1.4 -1.4 -1.4 -1.4 -1.4 -1.4 -1.4 -1.4 -1.4 -1.4 -1.4 -1.4 -1.4 -1.4 -1.4 -1.4 -1.4 0.3 5.5 9.2 10.1 11 12.2 13.7 15 15.7 17.3 18.2 19.3 20.2 20.1 18.5 16.5 15.1 13.8 13.5 13.4 13.7 14.1 14.5 15.4 16.5 18.7 21.5
36.5 35.9 33.9 32.7 32.2 31.7 31.5 31 30.8 30.1 28.6 26.6 24.7 23.4 19.3 14.5 11.1 9.1 7.1 5.9 1.5 1.1 0.8 0.5 0.1 -0.2 -0.5 -0.8 -1.1 -1.4 -1.5 -1.4 -1.5 -1.4 -1.4 -1.4 -1.4 -1.4 -1.4 -1.4 -1.4 -1.4 -1.4 -1.4 -1.4 -1.4 -1.4 -1.4 -1.4 -1.4 -1.4 -1.4 -1.4 -1.4 -1.4 -1.4 -1.4 -1.4 -1.4 0.2 3.9 8.5 9.2 10.1 11.6 13.3 14.9 16.2 17.6 18.4 19.2 19.8 19.2 17.5 15.9 14.7 13.2 12.5 12.4 12.3 12.5 13 13.5 14.8 16.8 19.2
39 38.5 36.7 34.6 33.7 33.2 32.7 31.9 31.5 30.7 29.2 27.5 25.6 23.8 20.4 15.1 11.4 9.5 7.4 5.7 5.1 1.3 0.9 0.6 0.3 0 -0.3 -0.7 -1 -1.4 -1.4 -1.4 -1.4 -1.4 -1.4 -1.4 -1.4 -1.4 -1.4 -1.4 -1.4 -1.4 -1.4 -1.4 -1.4 -1.4 -1.4 -1.4 -1.4 -1.4 -1.4 -1.4 -1.4 -1.4 -1.4 -1.4 -1.4 -1.4 -1.4 0.2 1.5 7 8.8 9.7 11.2 13 14.6 15.9 17.1 18 18.8 19.4 18.7 16.6 15.2 14.4 12.8 11.7 11.6 11.5 11.6 12 12.6 13.5 15.3 17.6
40.8 40.6 38.8 37 36 35.1 34.2 33.3 32.6 31.7 30.2 28.3 26.2 24 20.3 14.8 11.9 9.8 8.1 6.3 4.7 1.3 1 0.6 0.2 -0.1 -0.5 -0.8 -1.2 -1.4 -1.4 -1.5 -1.4 -1.4 -1.4 -1.4 -1.4 -1.4 -1.4 -1.4 -1.4 -1.4 -1.4 -1.4 -1.4 -1.4 -1.4 -1.4 -1.4 -1.4 -1.4 -1.4 -1.4 -1.4 -1.4 -1.4 -1.4 -1.4 -1.4 -0.4 0.9 3.4 7.3 9.8 10.7 12.5 13.9 15.1 16.4 17.3 18.1 18.2 16.5 15 14.2 13.2 12 11.3 10.8 10.7 10.7 12 12.8 13.9 15.1 17.1
