Assets/StreamingAssets/GeoData/Data/sp/SP00.asc
ncols 200
nrows 200
xllcorner 400000
yllcorner 200000
cellsize 50
[rows 105 to 139 of 200, columns 0 to 77 of 200]
144.1 147.4 150.3 153.2 155.2 156.8 158.5 159.5 159.2 160 162 162.9 164 163.9 164.8 165.6 165.3 164.8 163.8 165.2 165 164.1 163.1 162.1 161.3 160.5 159.8 158.4 157.7 155.3 152.6 150.3 148.1 144.5 141.6 138.5 135.4 132.6 126 119.4 118.5 119.7 123.9 129.7 131.9 136.1 140 142.7 145.5 148.3 150.4 152.1 152.9 153.4 153.6 147.3 152.2 151.5 150.7 149.2 148.5 147.9 148.1 148.5 149 149.4 149.2 148.6 147.6 145.9 141 141.6 144.6 146.6 148 148.5 148.1 147.9
143.6 146.1 149.1 151.5 153 154.5 156.1 156.4 156.5 158.3 160.7 161.6 162.2 162.9 163.3 163.4 163.2 163.7 163 163.6 163.3 163 162.2 161.2 160.4 159.6 158.9 158.3 157.7 157.4 155.6 153.5 152.1 149.9 146.7 143.2 139.1 134.9 132.2 122.2 118.1 118.3 120.6 123.3 126.7 133.5 136.7 139.7 142.4 144.9 147.5 149 151.1 152.4 152.9 153 148.1 151.8 150.1 149.4 148.7 147.9 147.5 148.3 148.7 149.2 149.3 148.5 147 145.3 141.2 139.2 141.6 143.7 146.5 147.5 147.2 147
142.2 145.6 148 149.6 151.1 152.3 153.2 153.1 153.3 154.9 157.4 158.7 159.4 160.3 160.9 161.2 161.2 160.8 161.7 162 161.7 161.4 161.1 160.3 159.5 158.8 158.2 157.6 157.3 156.9 156.6 154.6 153.5 151.4 148.3 146.1 142.5 138.4 134.9 129.8 118.6 118 118.3 118.6 122.2 129.8 132.4 135.7 137.9 140.1 143.8 146.6 148.7 151.3 152.2 152.1 151.7 149.2 150.2 149.3 148.2 147.3 146.4 147 147.8 148.6 148.7 147.3 145.9 144.5 142.1 139.6 140.7 144.3 145.6 146.2 146.3 146
133.8 140.7 144.5 146.3 148 149.1 149.6 149.6 151.2 152.8 154.3 155.8 156.8 157.8 158.5 158.9 159.2 158.1 159.9 160.7 160.3 160 159.6 159.2 158.6 157.9 157.2 156.2 156.8 156.5 156.4 155.8 154.3 152.7 150.2 148.3 145.7 142 138.1 133.9 129.4 120.8 118.1 117.5 118.3 122.9 127.2 129.9 132.7 135.4 139.1 142.9 146 149.7 151.4 151.6 151.2 149.3 149.9 148.6 147.7 146.7 145.8 145.8 146.8 147.8 147.1 145.7 144.4 142.6 140.4 138.4 139.4 142.4 144.2 144.9 145 145.2
125.4 132.4 139.3 142.9 144.5 145.4 146.1 147.6 149.1 150.7 151.8 152.7 154.2 155.4 156 156.2 156 156.9 158.1 159.1 159 158.6 158 158 157.2 156.6 155.9 154.3 154.7 155.7 155.8 155.9 154.9 153.5 152.4 150.6 147.9 145 140.9 136.6 132.5 129.3 123.4 117.1 117.6 117.5 120.8 124.7 126.5 129.8 135.6 139.9 142.5 147.5 150.5 151 150.8 149.8 148.7 148.2 147.2 146.2 145.2 144.7 145.2 146.1 145.1 143.8 142.6 141.5 139 136.5 137.8 140.3 141.5 142.9 143.8 143.5
123.7 125.6 133.1 138.8 140.7 140.1 144.1 145.5 147 147.9 148.8 149.6 150.9 152.3 152.5 152.8 154.5 156 156.3 157.2 157.2 156.7 157 156.3 155.5 155 153.9 152.5 153.3 154.3 154.9 155.2 155.2 154.5 153.4 152 149.6 147 144.6 141.5 136.1 133.3 129.6 121.7 117 117 118 120.1 121.3 126.4 130.5 135.1 139.9 145.4 149.7 150.2 150.3 149.8 149.3 148.5 147.2 146.3 145.6 144.9 144 143.3 142.6 141.5 141.6 141.9 141 138.4 135.5 135.7 137.5 138.5 140.4 141.7
125 123.7 128.4 134.5 136.6 137.1 141.1 142.8 143.9 144.8 145.7 146.6 147.6 148.4 148.6 149 151.1 154.5 154.9 155 154.9 154.8 154.4 154.1 153.6 152.6 151 150.5 151.8 153.2 153.6 154.1 154.4 154.1 153.7 152.7 151 149.4 147.2 143.1 140.6 137.9 133.7 128 119.6 116.8 117 118.1 118.6 122.3 126.5 132.6 139.2 144.2 148.5 150.2 150.5 150 149.4 148.5 148 147 146.5 146 145.3 144.5 143.4 142.6 142.5 141.8 141 140.6 138.4 135.8 134.2 133.5 135.2 137.6
124.9 123.1 124.9 130.4 132.5 135.2 138.1 138.9 141 141.6 142.5 143.4 144.3 144.4 144.6 147.1 149.6 151.4 152.4 152.6 152.5 152.3 151.9 151.6 151.3 149.8 148.2 148.5 150.7 152.1 152.5 153 153.4 153.7 153.6 152.7 151.4 150 148.4 146.6 144.7 141 136.7 130.5 123.2 118.1 118 118.5 118.2 119.5 123.9 129.3 136.7 144.1 148.4 150.3 150.8 150.3 149.6 148.6 148.7 147.6 147.3 147 146.4 145.5 144.2 143.2 142.8 142.1 142 141.9 141.7 140.7 139.7 136.6 133.4 132.6
124.7 123.2 123.5 126.4 129.4 132.6 134.4 134.9 136.3 138.9 139.4 140.1 139.9 139.4 143.3 147 148.7 149.4 150.1 150.2 150 149.8 149.2 148.4 147.6 146.6 145.7 148 149.6 150.9 151.3 151.6 151.9 152.1 152.5 153.1 151.7 150.4 149 147.7 145.1 141.5 138.5 131.3 127.3 118.6 116.4 117.2 117.8 118 121.3 127 134.8 144.1 148.4 150.5 151.1 150.7 149.6 148.5 148.1 147.9 148.1 147.2 146.2 145.3 144.7 143.8 143.5 143.4 143.1 142.9 142.7 142.3 141.7 140.2 137.9 134.9
125 122.6 123.3 125 127.5 130.1 130.8 131 132.3 134.5 136.8 137.1 136.1 139.8 142.3 145.5 145.9 146.8 146.9 147 146.8 146.6 146 144.7 144.1 143.4 146.2 147.8 148.8 148.5 149.2 149.9 150.3 150.8 152.5 152.4 152.2 150.8 149.9 148.1 144.9 141 137.1 130.6 126.2 121.2 117 116.5 116.9 117.9 120.1 126.1 135.4 144.8 148.8 150.5 149.4 150.5 149.5 148.7 147.7 148 147.5 146.7 145.7 144.8 144.1 143.9 143.8 143.6 143.4 143.2 142.9 142.5 141.8 140.9 139.7 137.4
123.7 122.9 122.7 124.4 127.8 129.6 128 127.3 128.4 130 132.8 132.9 134.7 139.6 141.1 142.3 142.6 142.9 142.9 143.3 143.3 143.2 143.2 142.3 140.5 143.2 145.8 146.7 146.4 146.1 146.1 146.8 148.2 150.4 151.8 151.6 151.4 150.9 148.7 146.6 143.3 139.4 134.7 126.9 122 119.4 117.1 116.5 116.7 117.4 120.1 127.4 137.1 145.7 148.3 150.1 149.7 150.5 150.2 149.4 148.1 147.6 146.9 146.1 145.3 144.3 143.6 143.8 143.7 143.6 143.6 143.4 143.2 142.6 141.8 140.9 140 138.7
122.6 122.4 122.5 124.5 128 127.7 126 124.8 125.5 128 128.5 128.2 132.7 135.7 137.2 138.3 138.8 138.9 138.8 139 139.8 139.7 139.9 137.3 139.4 143.6 144.4 144.4 144.1 143.8 143.4 144.9 147.2 149.4 149.9 150.4 150.4 149.9 148.5 144.7 141.4 135.4 128.9 122 120 116.5 116.3 116.5 117 117.1 121.4 130.2 139.7 146.4 148.7 149.6 149.8 150.1 149.9 149.6 148.5 147 146.3 145.5 144.7 143.9 143.4 143.7 143.6 143.5 143.5 143.4 143.3 142.5 141.7 140.8 139.9 139
123.5 122.2 122.3 123.3 124.8 124.3 123 122.7 122.6 123.4 124 124.3 128.1 130.7 133 133.9 133.4 133.6 134.4 134.6 135.2 135.4 134.1 134 138.4 140.4 141.2 142.5 142.2 141.9 141.8 144.3 146.4 148 148.2 149.5 149.5 147.5 146.7 142.6 136.7 130 123.7 118 116 116.1 116.2 116.3 116.9 117.6 124 133.8 141.9 147.3 148.2 149 149.6 149.8 149.5 149.4 148.1 146.8 146.1 145.5 144.9 144.3 143.5 143.6 143.5 143.4 143.2 143.1 142.8 142.3 141.4 140.5 139.7 139.1
125.3 123.7 122.4 121.9 121.6 121.7 121.6 121.5 120.5 121.3 121.3 121.5 122.1 123.6 125.1 126.8 126.8 129.4 129.9 130.2 129.7 132.4 131.5 132.9 134.6 136.6 138.4 140.3 140.3 140.3 142 143.6 144.7 146.3 147.7 148 146.4 145.9 144.7 139.3 130.5 123.8 118.3 116.1 116 116 116 116.2 116.7 119.1 129 138.9 143 147.3 147.7 148.4 149 149.4 149.3 148.9 147.7 146.7 145.8 144.7 143.7 142.7 142.4 143.3 143.2 143.1 142.9 142.7 142.4 142 141.2 140.3 139.4 139.4
129.5 127 123.9 122.2 121.9 121.7 121.5 121.1 121.2 121.2 120.4 120.6 119.8 119.5 119.3 120.4 120.9 122.8 124.2 125.8 126.4 129.8 132.2 133.7 136 137.1 138.8 139 139.8 140.2 140.8 142.6 144.2 145.6 146.7 145 144.9 143.1 141.6 133.8 123.8 120.2 117.1 115.1 115.8 116 116 116 117.8 127 135.8 142 144.3 146.6 147.2 147.8 148.4 148.8 148.8 148.6 147.5 146.5 145.5 144.4 143.3 142.3 141.4 142 142.5 142.8 142.6 142.3 141.9 141.5 141 140.1 139.6 139.7
136.6 135.8 133.6 130.7 128.3 128.2 127.7 126 123.7 122.4 121.4 120.7 120.4 120.3 119.9 119.6 119.2 119.1 119.9 122.6 127.9 130.1 134.3 138.2 137.8 138.8 139.2 140 140.3 140.8 140.9 140.9 143 143.9 143.5 142.6 143.5 143.4 141.5 128 120.3 117.6 116.1 115.3 115.7 115.9 117.1 121.6 131.7 135.2 139.5 142.3 143.9 145.5 146.5 147.1 147.7 148.2 148.1 148 147.1 146.1 145 143.9 142.9 142 141.1 140.8 141.3 141.8 142.1 141.8 141.4 141 140.6 139.9 139.8 139.6
143.3 143 142.1 140 138.5 135.7 134.4 133.9 131.5 128.9 126.2 124.4 122.4 122.1 120.8 121.1 120.7 119 119.5 119.2 123.8 130.5 134.4 133.9 137 136.9 138.7 139.1 139.1 139.7 140 140.1 141.6 142.3 142.4 139.1 140.3 139.2 137.3 124.8 117.2 115.9 115.4 115.3 115.8 118.7 125 130.2 133.6 136.8 138.5 140.7 142.5 144 145.2 146 146.9 147.5 147.4 147.3 146.8 146.1 144.7 143.5 142.6 142 141 139.8 140.3 140.8 141.1 140.9 140.6 140.4 140.1 139.7 139.2 138.7
147.5 146.8 144.6 142.9 141.2 139.4 137.7 136.3 134.4 132.1 129.8 127.5 124.6 123.6 121.5 122.1 122.5 121.7 120 118.4 119 124.9 130.3 131.9 131.1 134.3 136.4 136.6 137.1 137.3 137 138 138 139.7 140.2 139.8 139.5 138.4 135.6 122.2 115.7 115.5 115.4 115.3 115.8 119.8 124.6 128.8 131.5 134.6 136.8 139.5 141.7 143.8 144.8 145.7 146.2 146.5 146.8 146.3 146.4 144.9 143.9 143.3 142.8 142.1 140.8 139.5 139.3 139.7 140 140.1 139.8 139.5 139.7 139.5 138.9 138.2
148.8 146.4 144.5 142.8 141.1 140.1 138.4 136.3 134.7 132.8 130.4 128.5 126.9 125.1 122.9 122.6 121.8 121.1 119.6 118.7 118.7 119.6 123.8 125.4 126.5 129.2 133.5 133.9 133.4 133.5 133.7 134.5 136.1 137 138 139.3 138.2 136.7 135.1 122.8 115.8 115.3 115.2 115.3 116.4 119 123.1 127.2 130.9 134.4 137.3 139.8 141.6 143.6 144.5 144.9 145.2 145.4 145.7 145.9 145.1 144.6 143.2 142.7 142.5 142.1 140.7 139.3 138.3 138.6 138.9 139.2 138.9 139.1 140 139.4 138.7 138
148.8 146.3 143.8 141.9 140.6 139.8 137.7 135.8 133.8 131.7 129.6 127.6 126 124.6 123.2 122.8 122 122.6 122.4 121.6 118.7 119 117.9 119.5 123.2 124.1 127.7 129.7 129.8 130.8 131.1 131.7 133.3 134.5 136 137.5 137.5 136.5 133.7 124.3 116 114.8 115.5 116 116.2 118.3 123.6 128.2 131.6 134.7 137.6 139.7 141.6 143.3 143.6 143.9 144.1 144.4 144.6 144.9 144.6 143.9 142.8 142.2 141.7 141.1 140.4 139.7 139 138.3 138.1 138.3 138.6 139.5 139.9 139.2 138.5 137.9
148.8 146.3 143.8 141.4 140.9 139 136.6 134.4 132.8 130.4 128 126.4 125 124.5 124.4 125.4 126.1 126.5 126.6 126.1 122.3 119.9 117.4 117.1 118 120 123.5 126.2 127 127.8 127.1 128.5 130 133.1 134.6 135.7 136.6 136.3 134.6 129.9 116.6 115.1 115.5 116.1 115.2 117.8 121.9 127 131.7 134.3 137 139.1 140.8 141.9 142.6 143.1 143.2 143.4 143.5 143.8 144 143.4 142.8 142.1 141.2 140.4 139.9 139.3 138.8 137.6 136.9 138.3 138.6 139.6 139.7 139 138.4 137.8
148.9 146.6 144.3 142 140 138 135.7 132.9 131 128.8 127.3 126.3 126.3 125.8 125.6 125.4 128.1 128.4 128.7 127.8 126.2 121.8 119.7 117.4 116.7 116.4 118.9 121.3 123.3 123.7 124.2 126.4 128.9 131.7 132.6 133.7 134.7 134 132.1 130.8 123.3 114.7 115.3 115.5 115 118.1 121.3 125.5 130.5 133.7 136.4 138 138.9 140.3 141.4 141.9 142.4 142.8 143 143.2 143.3 143.5 142.8 142.3 141 140 139.3 138.9 138.5 137.8 136.3 137.3 138.3 139.1 139.3 138.8 137.9 137
149.2 146.9 144.4 141.9 139.3 137.1 134.7 132.1 131 129.9 128.8 128 127.9 127.1 126.8 126.5 127.4 126.9 126.4 126.5 124.6 122.5 120.6 118.7 117.8 116.8 115.8 118.8 119.1 120.5 122.5 125.4 127.7 130.3 130.1 131 130.7 130.3 128.4 129.1 126.4 118.9 115.5 114.5 113.9 115.9 117.2 122.8 127.9 131.4 134.8 136.1 137 138.7 140.2 140.7 141.1 141.6 142.1 142.6 142.8 144.1 143.8 142.8 142.1 139.5 139 138.6 138.2 137.8 136.4 136 137.9 138.5 138.6 138.3 137.7 136.7
149.2 146.7 144.2 141.7 139.2 136.7 134.9 133.3 131.9 131.3 130.6 129.8 128.9 128.3 127.9 126.7 125 124.5 123.8 123.1 122.6 120.5 119.2 118.3 117.6 116.6 115.8 117.7 118.1 119.5 121.3 123.6 126.8 128.7 130 129.1 127.8 126.6 126.2 126.8 125.2 121.6 115.3 114.7 114 114.7 116.1 120.3 125.5 128.7 132.5 134.3 135.3 137.1 138.9 139.5 139.9 140.4 141.1 141.7 142.4 144.2 143.8 143 141.8 139.1 138.7 138.3 137.9 137.4 136.2 134.2 136.2 137.6 137.9 137.6 137.2 136.5
149.1 146.6 144 141.5 139.5 138.1 136.6 134.4 132.9 132.3 131.7 130.5 129.3 127.9 126.7 125.6 123.8 122.1 121.3 120.8 120.1 119.4 118.8 117.5 117.2 116.4 115.8 115.7 117 118.2 120.3 123.8 126.8 128.3 128.8 127.8 126.8 125.9 125 124.4 123.6 120.1 115.8 114.4 114.3 114.2 115.5 118.8 123 126.7 130 133.5 135.5 137.3 138.4 138.7 139.3 140 140.6 141.2 142 142.8 143.1 142.4 141.3 139.1 138.3 138.1 137.2 136.8 136.6 134.4 134.6 136.3 136.8 137 136.4 136
148.9 146.4 143.9 142.3 141 139.6 138.1 136 133.9 133.3 131.8 130.2 128.8 126.6 125 124.2 122.6 121.1 120.5 119.8 119.3 119.3 119.9 118.7 117.4 116.5 116.4 116.3 116.3 117.3 120.2 122.5 125.6 127.3 128.1 125.9 125.8 123.9 122.3 121.7 120.9 117.3 114.7 115 114.6 114.2 116.8 120.8 126 130.2 133.8 135.8 137.5 138 139 138.8 138.9 139.5 140.1 140.6 141.1 141.4 141.8 141.5 140.5 138.7 137.3 136.8 136.4 136.4 136.3 134.8 133.4 135 135.3 136.8 136 135.2
148.4 146.6 145.2 143.8 142.5 141.1 139.6 137.8 135.1 133.7 132.2 130.7 128.6 126.8 124.9 122.9 121.3 120.6 120 119.3 118.7 119.9 119.9 119 118.3 117.8 116.7 116 116.6 116.5 116.9 119.9 122.9 125.2 125.2 123 121.6 121.9 119.5 118 117.1 115.8 114.5 114.2 113.9 114.2 115.5 122.3 129.5 133.5 136 137.6 138.7 139 139.6 139.3 139 139.1 139.8 140.6 140.3 140 140.4 140.6 139.6 138 137 136.1 136 135.9 135.9 135.2 132.9 133.8 134.6 136 135.9 135.1
147.2 146.1 145.1 144.1 143.1 142.1 140.9 138.7 136.7 135.4 133.7 131.2 129.3 127.6 126.3 124.3 122.1 120.1 119.5 118.8 118.2 118.1 117.9 117.6 117.6 117.9 115.6 115.1 115.8 115.4 115.7 116.9 118.4 121.1 122.1 120.7 119 118.2 116.7 116 115.4 113.7 113.9 113.6 113.9 114.2 116.1 124.6 130.9 134.4 136.5 138.1 139 139.8 139.7 139.1 138.8 139.5 140.3 141 139.9 138.9 139 139.3 138.7 137.6 136.8 135.7 135.6 135.5 135.4 135.4 133.3 132.4 133.8 135.3 135.7 134.9
146 145.1 144.1 143.1 142.1 141.1 140.3 139.2 137.5 135.6 134 131.9 130.1 128.6 127.5 125.9 123.7 121.1 119.9 119.2 118.5 117.7 117.3 116.9 117.5 117.6 116.3 115 115.4 115.3 116.4 117.3 118.5 119.3 120.1 118 116.2 115.4 115.2 114.2 113.7 114.2 114.2 113.8 114.2 114.4 118.5 127.3 131.9 134.4 136.4 137.6 138.4 139 139.1 138.6 139.3 140 140.9 140.9 139.8 138.6 137.6 138 138.3 137.9 137.4 135.1 136.7 136.1 135.6 135 133.6 131.5 133.2 134.6 135.6 135.1
145 144 143 142 141 140.4 139.3 138.2 136.9 135.2 133.7 132.6 130.9 129.7 128.6 127.3 125 123.1 121.8 120.2 119.4 118.7 117.7 116.7 116.4 117.1 116.4 115.7 115 115.6 114.6 116.8 117.3 117.7 118 115.6 114.6 114 113.8 113.5 112.8 113.3 113.8 113.7 114.7 115.1 122.5 128.3 131.3 133.6 135.4 136.7 137.2 137.5 136.4 137.7 138.9 140.6 141.2 140.6 139.8 138.6 137.4 137.7 137.8 137.5 137.2 136.1 135.3 135.7 135.2 134.4 133.1 130.9 133 134 135.3 135.2
143.2 142.4 141.6 140.8 140.1 139 137.2 136.2 135.3 134.5 133.2 132.1 131.7 130.7 129.7 128.2 126.4 125.1 123.9 121.7 121.1 120.5 119.8 117.8 117.3 117.4 116.3 115.5 114.7 115 114.9 115 115.7 116 116 114.2 113.9 113.3 112.8 112.5 112.7 112.8 113.1 113.6 114.6 117.9 123.1 127 130.4 131.9 133.8 134.7 134.9 134.6 134.8 137.4 139.7 141.1 140.4 139.5 139.3 138.6 137.4 137.3 137.3 137 136.3 134.6 133 135.2 134.4 133.5 132.4 130.6 131.4 133.4 134.5 135
141.2 140.5 140 139.4 138.9 137 135.2 134 133.1 132.2 130.7 129.7 128.6 128.2 127.9 127.4 125.9 125.2 124.5 123.3 122.8 122.2 121.5 119.3 118.4 117.9 116.8 115.7 114.6 114.4 115 113.8 115.1 114.8 114.2 113.7 113.2 112.6 112.8 113 112.8 112.7 112.9 113.3 118.6 122.1 125.2 126.2 128.3 131 132.9 132.5 133.3 133.5 134.5 137.3 140 140.3 139.3 138.6 138.4 138.3 137.4 137 136.8 136.1 134.5 133.8 132.4 133.9 133.1 132.4 131.5 129.8 131.2 133.3 133.8 134.2
139.8 138.4 137.7 136.6 135.6 135 133.2 132 130.9 129.5 128.1 127.2 126.2 125 124.5 124.1 123.7 123.1 122.9 122.5 121.9 121.9 121.7 119.9 118.8 118.4 117.2 116.1 114.8 114 114.3 114.4 113.7 113.9 113.9 113.6 113 113.3 113.2 112.6 112.7 112.7 113 116.6 122.2 124.1 126 127.9 129.1 129.5 131.1 131.2 130.5 131.8 132.8 136.1 139.4 139.1 138.2 137.7 137.5 137.4 137.2 136.7 135.9 135.1 134.5 132.7 131.6 130.6 130.4 130.2 129.4 128.9 131.2 132.6 133.2 133.8
140.4 138.7 137.7 136 134.6 133.4 132.5 130.9 130.2 129.8 129.4 128.8 127.6 125.6 123.6 122.7 122 121.3 121.2 120.7 120.7 120.9 120.6 120 119 118.2 117.4 116.1 114.9 114.1 114 114.4 114.4 113.2 113.8 113.3 113.3 113.5 112.6 112.2 112.8 113.5 114.7 118.4 120.7 122 125.1 126.9 128.3 129.2 128.5 127.9 127.7 129 129.8 133.5 136.8 137.6 137 136.8 136.6 136.5 136.4 136.4 135.7 135 133.4 131.8 131.4 129.8 128.9 128.2 127.9 129.3 131.4 131.7 132.7 133.5
142.5 141.9 140.6 139.8 138.2 136.3 135 134.2 133.4 131.4 130.8 130.1 128.1 126.1 124.1 122.3 121.6 121 120 119.5 119.7 119.7 119.4 119 118.4 117.3 116.4 115.7 115 114.2 113.4 114.3 113.3 112.7 112.6 112.8 113.4 113.1 112.6 112 112.4 112.8 114.7 117.4 120 119.2 119.8 124.6 125.5 126 126.5 126 125.6 126.4 127.3 132 134.3 135.6 135.6 136.5 136.5 136.4 136.4 136.4 136.1 135 133.9 132.7 131.4 130.2 127.6 127 127 128.8 130.4 130.3 131.3 132.3
