Assets/StreamingAssets/GeoData/Data/sp/SP03.asc
ncols 200
nrows 200
xllcorner 400000
yllcorner 230000
cellsize 50
[rows 36 to 71 of 200, columns 82 to 163 of 200]
46.6 45.7 44.4 43.4 44.2 46.3 48 49 50.6 50.7 50.8 50.4 49.8 48.9 47.7 47.4 47.3 47.9 49.1 50.4 51.6 52.1 52.4 52.7 52.7 52.7 52.4 51.9 51.3 50.8 50.3 49.8 49.8 49.6 49.6 50.7 51.2 51.3 51.8 52.4 53 53.8 54.4 55 54.5 54.1 54.2 54.4 54.7 54.9 55.1 55.3 54.8 54.4 54.1 54 54.4 54.8 55.2 55.7 56.1 56.6 57 57.5 58 58.5 58.9 59.4 59.5 59.7 60.1 60.8 61.8 62.3 62.8 62.6 63.1 63.6 64.1 64.5 64.5 64.2
47.8 47.5 46.3 45 43.8 44.5 46.5 48.2 50.2 50.4 50.9 50.6 50.1 49.3 48.1 47.5 47.5 48.8 50 51.3 52.5 53.4 53.7 53.8 53.8 53.8 53.8 53.3 52.8 52.3 51.8 51.3 51 50.9 50.8 51.7 52.5 52.9 53.5 54.1 54.4 54.6 54.8 55.4 55.2 54.8 54.9 55.1 55.2 55.4 55.7 55.7 55.3 54.8 54.4 54.4 54.7 55.1 55.5 55.9 56.4 56.8 57.2 57.7 58 58.4 58.8 59.2 59.6 60.1 60.7 61.3 61.8 62.4 62.8 63.3 63.7 64.1 64.2 64.7 65.1 65.1
48 48.2 47.6 46.4 45.2 43.9 44.5 47.1 49.4 50.4 51 50.9 50.4 49.6 48.5 47.7 48.4 49.7 50.9 52.2 53.4 54.6 54.9 54.9 55.3 55.3 55.2 54.7 54.3 53.8 53.3 52.7 52.5 52.4 52.3 53.5 54.1 54.6 54.8 55 55.2 55.3 55.4 55.8 55.9 55.6 55.7 55.8 55.9 56 56.2 56.2 55.7 55.2 54.5 54.8 55.1 55.4 55.8 56.2 56.6 57.1 57.6 58.2 58.5 58.9 59.2 59.6 59.9 60.2 60.8 61.4 61.9 62.5 62.9 63.3 63.7 64.1 64.6 65 65.4 65.8
48.3 48.7 48 47.4 48.2 46 43.9 45.1 47.6 49.4 50.3 51.4 50.8 49.8 48.8 48 49.5 50.7 52 53.2 54.5 55.7 56.7 57.2 56.8 56.5 56.6 56.2 55.7 55.2 54.7 54.2 54 53.9 53.8 55 55.2 55.4 55.6 55.8 55.9 56 56.1 56.3 56.6 56.3 56.5 56.6 56.7 56.8 56.9 56.5 55.9 55.3 54.9 55.2 55.5 55.8 56.2 56.5 56.9 57.3 58.1 58.6 59 59.4 59.7 60 60.3 60.6 60.9 61.4 62 62.5 63 63.4 63.8 64.2 64.6 65.2 65.7 66
48.7 49.1 48.6 48.1 48.5 46.3 43.9 43.9 46.3 48.6 49.6 50.8 51.2 49.6 48.6 48.3 50 51.7 53.4 54.9 56.4 57.6 58.2 58.3 58 57.8 57.9 57.6 57.1 56.7 56.2 55.7 55.3 55.1 55 54.9 56 56.2 56.3 56.5 56.7 56.8 56.9 56.9 57.3 57.1 57.2 57.3 57.3 57.1 56.9 56.7 56 55.4 55.3 55.6 55.9 56.2 56.6 56.9 57.2 57.6 58.5 59.1 59.5 59.8 60.1 60.4 60.7 61 61.2 61.5 62.1 62.6 63 63.4 63.9 64.4 64.9 65.4 65.9 66.3
48.6 49.4 49.2 48.8 47.9 45.9 44.7 44.1 44.9 47.2 49.3 50.4 51.1 49.7 48.4 48.5 50.3 52 53.7 55.5 57.2 58.2 58.7 59.1 59.2 59.2 59.3 59.1 58.6 58.1 57.6 57.1 56.4 56.2 56.2 56.1 56.7 56.9 57.1 57.3 57.4 57.5 57.6 57.7 57.8 57.9 57.8 57.6 57.4 57.2 56.9 56.7 56.4 55.7 55.7 56 56.3 56.6 57 57.3 57.6 57.9 59 59.6 59.9 60.2 60.5 60.8 61.1 61.4 61.6 61.9 62.2 62.7 63.1 63.7 64.2 64.7 65.2 65.7 66.2 66.5
48.5 49.2 49.5 49.5 48 46.8 45.6 45 45.2 45.5 48.5 50.4 50.5 50 48.1 48.8 50.5 52.2 53.3 54.4 55.6 56.3 57 57.8 58.6 59.9 60.2 60.1 60 59.6 59.1 58.4 57.5 57.4 57.4 57.4 57.3 57.7 57.9 58 58.1 58.2 58.3 58.2 58.1 58.2 58 57.8 57.6 57.4 57.2 57 56.9 56.6 56.2 56.5 56.8 57.1 57.4 57.7 58 58.2 59.4 60 60.3 60.6 60.9 61.2 61.5 61.8 62 62.3 62.6 62.9 63.4 63.9 64.4 65 65.5 66 66.5 66.7
48.5 49.1 49.4 48.8 48.2 47 45.8 45.5 45.6 45.5 45.3 46.7 49.9 50.2 48.2 48.5 49.4 50.6 51.7 52.8 53.7 54.4 55.2 56 56.7 57.6 59.1 60.7 60.7 60.6 60.3 59.3 58.4 58.3 58.3 58.3 58.2 58.3 58.6 58.8 58.7 58.4 58.1 58 58.3 58.4 58.3 58.1 57.9 57.7 57.5 57.5 57.6 57.6 56.7 57 57.3 57.6 57.8 58 58.1 58.5 59.4 59.9 60.7 61 61.3 61.6 61.9 62.2 62.4 62.7 63 63.4 63.7 64.1 64.6 65.1 65.7 66.2 66.6 66.7
49.1 48.8 48.2 47.7 47.1 46.5 46 46.3 46.6 47 46.9 46 46.2 48.8 47.9 49.1 51.1 50.9 51.1 52.2 51.9 52.5 53.3 54.1 54.9 55.5 57.4 59.1 60.4 61.6 60.8 59.9 58.6 58.6 58.5 58.5 58.4 58.4 58.8 58.6 58.3 58 57.9 58.2 58.5 58.6 58.6 58.4 58.2 58 58 58.2 58.2 58.2 57.7 57.5 57.7 57.8 57.9 58.1 58.2 58.7 59.4 59.9 60.3 61.3 61.7 62 62.3 62.6 62.8 63.1 63.4 63.8 64.2 64.6 65 65.3 65.8 66.3 66.6 66.5
49.9 49.5 49.1 48.4 47.8 47.3 46.7 47.1 47.5 47.9 48.3 47.5 46.6 46.3 47.2 49.1 51.2 53.3 53.5 51.3 51.3 51.7 52 52.3 53 53.7 54.8 56.6 57.9 58.6 59.4 59.8 58.8 58.8 58.7 58.6 58.5 58.5 58.6 58.2 57.9 57.8 58.1 58.4 58.7 58.8 58.9 58.7 58.5 58.5 58.7 58.8 58.8 58.2 58.2 58 58 58.1 58.2 58.3 58.4 58.7 59.4 59.9 60.3 60.7 61.9 62.4 62.7 63 63.2 63.5 63.8 64.2 64.6 65 65.4 65.8 66.1 66 66.4 66.3
50.8 50.2 50 49.4 48.7 48 47.5 47.9 48.4 48.9 49.3 49 47.9 46.6 46.8 49.3 51.7 53.4 51.9 50.2 50.7 51.2 51.5 51.8 52 52.4 52.7 54.6 55.5 56.3 57.1 57.9 58.7 58.7 58.8 58.7 58.6 58.6 58.2 57.8 57.7 58 58.3 58.6 58.9 59 59.1 59 59 59.2 59.4 59.4 58.5 58.2 58.2 59.1 58.5 58.5 58.6 58.8 59 59.2 59.5 59.9 60.3 60.7 61.3 62.5 63.1 63.4 63.6 63.9 64.2 64.6 65 65.4 65.8 66.1 66.5 65.9 67.9 67.5
51.5 50.8 50.8 50.3 49.6 49 48.7 49 49.6 50.1 50.2 50.3 48.7 47.2 47 50 51.8 51.4 49.8 49.5 50.1 50.6 51 51.1 51.3 51.7 52.1 53.3 54.4 55.5 56.3 57.1 57.9 57.9 58 58.1 58.1 58.2 57.8 57.5 57.9 58.2 58.5 58.8 59.1 59.2 59.2 59.3 58.9 58.3 57.6 58 58.4 58.7 58.8 59.8 59.6 58.9 59.1 59.4 59.6 59.8 60 60 60.4 60.7 61.1 61.9 63.1 63.6 63.7 64.1 64.5 65 65.4 65.7 66.1 66.5 66.8 66.8 68.1 73.9
51.8 51.4 51.4 51.3 50.6 50.3 50.4 50.4 50.7 51.3 51.3 51.5 49.8 48.1 46.8 48.6 49.5 49.7 48.9 48.8 49.3 49.9 50.5 50.3 50.7 51.1 51.9 52.5 53.2 54.3 55.5 56.3 57.1 57.2 57.2 57.4 57.7 57.7 57.4 57.3 57.8 58.3 58.7 59 59.3 59.3 59.4 59.5 59.4 59.2 58.7 58.5 58.9 59.7 59.8 60.3 60.4 59.7 59.9 60.2 60.4 60.6 60.6 60.5 60.6 60.9 61.2 61.7 62.4 63.1 63.7 64.4 64.6 64.6 65.7 66.1 66.5 66.8 67.1 67.7 71.5 68.4
51.9 51.9 52.1 52 51.9 52 52 52.1 52.1 52.3 52.5 52.5 50.7 49.2 48.8 48.3 47.9 48.3 48.6 48.6 48.9 49.1 49.4 50 50.1 50.9 51.7 52.4 53 53.7 54.3 55.4 56.2 56.4 56.6 56.9 57.2 57.3 56.9 57 57.5 58.1 58.6 59.1 59.4 59.5 59.6 59.7 59.6 59.6 59.6 59.3 59.5 60.2 60.8 60.9 61.1 60.5 60.8 61 61.2 61.3 61.2 61.2 61.1 61.1 61.7 62.3 62.9 63.5 64.1 64.7 65 65.4 66.2 66.3 66.8 67.1 70.1 68.2 68 68.9
51.7 51.9 51.5 51.8 52 52 52.1 52.2 52.7 53.1 53.3 53.4 51.6 51 50.6 50.2 49.8 49.5 49.6 49.6 49.6 49.9 50.3 50.8 50.2 50.7 51.5 52.2 52.9 53.5 54.2 54.8 55.5 55.8 56.1 56.4 56.7 56.8 56.6 56.8 57.3 57.8 58.3 59 59.4 59.7 59.8 59.9 59.8 59.9 59.9 59.9 60 60.7 61.3 61.6 61.7 61.4 61.6 61.8 62 61.9 61.8 61.8 61.7 61.8 62.3 62.9 63.4 64.1 64.7 66.1 65.9 65.7 66.7 66.4 66.9 73.4 67.2 68 68.8 69.5
51.4 51.7 51.9 51.7 51.8 51.9 52.4 52.9 53.5 53.9 54 54.2 53.2 52.8 52 51.3 50.8 50.8 50.7 50.7 50.5 50.6 51 51.2 51.3 51 51.3 52 52.7 53.3 53.8 54.3 54.9 55.3 55.6 55.9 56.2 56.3 56.3 56.5 57 57.6 58.4 59.1 59.4 59.6 60 60.1 60.1 60.1 60.2 60.3 60.6 61 61.6 62.3 62.4 62.2 62.4 62.6 62.6 62.5 62.5 62.4 62.4 62.5 63 63.5 64.1 65 66.8 67.6 67.6 66.6 67.1 67.1 72.5 67.1 67.5 68.2 69 69.8
51.1 51.4 52.2 51.9 51.8 52.3 52.8 53.3 53.9 54.3 54.5 54.6 54.3 53.6 52.8 52.1 51.7 51.7 51.6 51.6 51.5 51.5 51.4 51.5 51.7 51.6 51.8 51.9 52.1 52.7 53.2 53.7 54.3 54.8 55.2 55.5 55.7 55.8 56.1 56.3 57 57.7 58.5 59.2 59.5 59.4 59.8 60.3 60.5 60.5 60.6 60.7 61.3 61.7 62.1 62.6 63.1 63.1 63.2 63.3 63.2 63.2 63.1 63.1 63.1 63.1 63.7 64.2 64.8 66.7 68.6 68.8 68.9 68.2 67.9 70.2 67.4 67.4 67.8 68.4 69.2 70
50.9 51.1 51.2 50.6 50.9 51.9 52.4 52.9 53.4 54.2 54.4 54.5 54.7 54.4 53.6 53.1 52.6 52.6 52.5 52.5 52.4 52.1 51.8 51.8 52 52.2 52.3 52.4 52.6 52.7 53 53.1 53.7 54.2 54.7 55 54.9 55.4 55.9 56.6 57.2 57.9 58.6 59.3 59.5 59.3 59.7 60.3 60.8 61 61 61.1 61.9 62.3 62.7 63.1 63.6 63.9 64 63.9 63.9 63.8 63.8 63.8 63.7 63.8 64.1 64.6 66.2 68.2 69.9 69.7 69.9 71.1 69.4 68.7 67.9 68.1 68.3 68.7 69.3 70.1
50.5 50.5 49.9 49.4 50 51.5 52 52.5 53 54.1 54.3 54.5 54.6 54.8 54.5 54 53.5 53.5 53.4 53.4 53.1 52.7 52.4 52.1 52.2 52.3 52.5 52.6 52.7 53 53.4 53.5 53.7 53.8 54.1 54.5 55.5 55.7 56.3 57 57.6 58.3 59 59.6 59.9 59.5 59.8 60.3 60.9 61.4 61.5 61.7 62.5 63 63.4 63.8 64.2 64.6 64.6 64.5 64.5 64.4 64.4 64.3 64.2 64.8 65.3 66 67.7 69.5 71.3 71 72.6 70.1 69.2 68.9 68.7 69 69.2 69.4 69.7 70.5
48.9 49 48.7 48.3 49 50.5 51.6 52.1 52.7 54 54.2 54.4 54.5 54.6 54.8 55 54.5 54.4 54.3 54 53.7 53.4 53.1 52.8 52.4 52.5 52.6 52.7 53 53.4 53.8 53.9 54.1 54.2 54.6 55.2 55.9 56 56.7 57.4 58 58.7 59.4 59.8 60.1 60.1 60.1 60.5 61 61.5 61.9 62.4 63.2 63.6 64 64.4 64.7 64.9 65.1 65 65 64.9 64.9 64.8 65 65.6 66.8 67.3 69 70.3 71.9 72.3 71.9 71.5 70.2 68.9 70.4 70.4 70.3 70.3 70.6 71.4
46.6 47.3 47.4 47.3 48.1 49.5 51 51.6 52.5 53.9 54.1 54.2 54.3 54.4 54.5 55.3 55.4 55.3 55 54.7 54.4 54.1 53.9 53.6 53.3 52.8 52.7 52.9 53.4 53.9 54.2 54.3 54.6 55 55.4 55.9 55.9 56.4 57.1 57.8 58.4 59.1 59.6 59.9 60.3 60.6 60.6 60.9 61.3 61.8 62.2 63 63.8 64.2 64.5 64.7 64.8 65.2 65.5 65.5 65.5 65.4 65.4 65.4 65.9 66.4 67.7 68.6 70.4 72 73.3 73.4 73 71.8 70.2 71.1 71 70.9 70.9 71.2 71.4 71.7
44.9 45.6 46.1 46.4 47.1 48.6 50.1 51.2 52.3 53.7 53.7 53.8 53.8 53.9 53.9 54.7 55.6 56 55.7 55.5 55.2 54.9 54.7 54.4 54.2 53.7 53.1 53.5 53.9 54.3 54.7 55.1 55.4 55.8 56.2 56.6 56.1 56.8 57.5 58.2 58.9 59.4 59.7 60.1 60.4 60.8 61 61.4 61.7 62.2 62.9 63.5 64.3 64.5 64.6 64.8 65.1 65.5 65.8 66 66 65.9 65.8 66.3 66.7 67.3 68.5 70.1 72.3 73.5 74.3 74.5 73.6 72.2 71.1 71.6 71.6 71.5 71.7 72.3 72.6 73
45.3 45.7 46.1 45.9 46.2 47.6 49.1 50.6 51.3 51.7 52.1 52.2 52.2 52.3 52.7 53.6 54.3 55.2 55.9 56.3 56 55.7 55.5 55.2 55 54.5 53.5 54.6 55.1 55.5 55.1 55.4 55.8 56.2 56.6 56.8 56.5 57.2 57.9 58.6 59.2 59.5 59.9 60.2 60.7 61.1 60.9 61.3 62.1 62.5 62.9 63.9 64.3 64.5 64.8 65 65.4 65.7 66.1 66.4 66.5 66.4 66.7 67.1 67.6 68.1 69.5 72.4 73.2 74 74.7 75.4 74.3 72.9 71.8 71.9 72.1 72.1 72.5 72.9 73.7 74.5
46.7 46.9 47 46.4 46.6 46.6 47.5 50.8 50.4 50.3 50.3 50.6 50.8 51.2 51.7 52.3 53 54 54.7 55.4 56.1 56.5 56.2 56 55.9 54.9 54.2 55.4 56.3 56.3 55.9 55.7 56.1 56.5 56.9 56.9 57 57.6 58.3 59 59.3 59.7 60.1 60.6 61 61.5 60.8 61.3 62.4 63 63.4 63.7 64.1 64.5 64.9 65.3 65.6 66 66.3 66.7 67 67.1 67.5 68 68.4 69.5 70.6 73.2 74.7 75.2 75.9 76.3 75.1 73.8 73.1 72.9 72.9 73.6 73.8 73.8 74.2 74.7
47.9 47.7 47.6 47.5 47.8 47.9 48 50.5 50.2 49.9 49.8 49.7 49.9 50.2 50.6 51 51.7 52.8 53.6 54.3 55 55.7 56.4 56.8 56 55.1 54.5 56.1 56.9 57.1 56.7 56.2 56.3 56.7 57.1 57.2 57.7 58.1 58.8 59.2 59.6 60.1 60.5 60.9 61.4 61.3 60.7 61.7 62.7 63.5 63.9 64.3 64.6 64.9 65.3 65.6 66.1 66.4 66.8 67.2 67.5 68 68.5 69 71.2 69.5 72.1 74.8 76.2 76.5 77.2 77 75.8 74.6 74.1 73.9 74.4 75.2 75.6 75.5 75.4 76
48.6 48.4 48.4 48.7 48.9 49.2 49.4 50.3 49.9 49.6 49.3 49.2 49.3 49.5 49.8 50.1 50.9 51.5 52.4 53.1 53.9 55 56.1 56.8 56.5 55.2 54.4 55.2 55.3 57.2 57.1 56.8 56.6 57.3 58.1 58.1 58.5 58.7 58.9 59.3 59.8 60.3 60.8 61.3 61.7 61.2 60.9 62 63.1 64.1 64.4 64.8 65.1 65.5 65.8 66.2 66.7 67.4 67.8 68.2 68.5 69 70.1 72.1 70.3 72.3 73.8 76.4 77.7 77.9 78.4 77.7 76.5 75.7 74.9 75.2 75.9 76.1 76.3 76.8 76.7 77.3
49.4 49.2 49.6 49.8 50.1 50.4 50.5 50.1 49.8 49.5 49.2 48.8 49 49.1 49 49.3 51.3 51.6 51.8 53.2 54.3 55.2 55.8 56.8 56.5 56.2 54.9 54.9 55.4 56.9 57.6 57.5 58 58.5 59.4 58.5 58.5 58.7 59 59.3 59.6 60.1 60.7 61.2 61.6 61.9 62.1 62.6 63.4 64.5 65 65.3 65.7 66 66.4 66.8 67.2 67.7 68.4 69.2 69.5 69.4 72.1 70.4 70.8 73.6 76.2 78.3 79.3 79.8 79.7 79.3 78.2 75.8 76.1 76.5 76.6 76.7 77 77.4 77.9 79.2
50.2 49.7 50.2 50.8 51.3 51.4 51.1 50.7 50.3 50 49.6 49.2 48.9 49.3 49.7 49 51.4 52 52.2 53 54.4 54.7 55.9 56.7 56.4 56.2 56.2 55.2 55.7 56.8 57.4 58.5 59.3 59 59.8 58.7 58.5 58.8 59.1 59.3 59.6 60 60.5 60.9 61.3 61.7 62.3 63.2 64.1 64.9 65.5 65.9 66.2 66.6 67 67.3 67.7 68.3 68.8 69.3 70.3 71.8 70.4 71.2 71.7 73.8 76.6 79.5 80.9 81.7 81.4 80.8 78.9 76.4 76.8 77.2 77.3 77.4 78.1 78.5 80.1 82.1
51.1 50.4 50.7 51.2 51.8 51.9 51.5 51.1 50.7 50.4 50 49.6 49.2 49.1 49.2 49.9 51.5 52.7 52.4 53.5 53.8 54.6 55.9 56.7 56.6 56.6 56.5 55.7 56.1 57.1 58.2 59.3 59.5 59.3 59.3 59.4 59.6 59.7 59.8 60 60.1 60.2 60.4 60.9 61.3 61.8 62.4 63.2 64.2 65.2 65.8 66.4 66.8 67.2 67.5 67.9 68.3 68.8 69.3 69.9 71 72.2 70.5 71.6 72.6 74.1 76.7 80.3 82 82.4 82.2 81.9 79.7 77.5 77.6 77.9 78 78.8 79.4 80.8 82.3 85
51.9 51.1 51.1 51.7 52.2 52.4 51.8 51.5 51.1 50.8 50.4 50 49.6 49.3 49.8 50.9 51.8 53.4 53 53 53.9 55.1 56.2 57.1 57 57 56.9 56.7 56.5 57.6 58.4 59.8 60.3 60.2 61.1 61.1 60.7 60.8 61 61.1 61.2 61.2 61.1 61.4 61.8 62.4 63.2 63.5 64.4 65.5 65.9 66.5 67.1 67.7 68.1 68.5 68.8 69.3 69.8 70.3 71.2 72 73.1 72.9 73.1 74.8 77.8 80.7 82.4 82.8 82.4 81.9 79.2 78.5 78.4 78.8 79.7 80.3 81 82.2 84 87.3
52.4 51.6 51.6 52.2 52.6 53 52.3 51.8 51.4 51.1 50.7 50.4 50 49.7 50.1 51.3 51.8 53.3 53.3 53.1 54.1 55.3 56.4 57.5 57.6 57.5 57.4 57.2 56.7 56.6 56.9 59.9 60.8 61.3 61.1 62.4 61.9 62 62.1 62.1 62.1 62.1 62 61.9 62.4 63.5 64 64.3 65 66.5 66.7 66.9 67.4 67.9 68.5 69 69.4 69.8 70.4 71.5 71.8 72.7 73.5 73.5 73.2 74.9 77.2 80.6 82.7 83.4 82.5 81.1 80.3 79.2 79.6 80.5 81.2 81.9 82.5 83.5 85.9 89.3
52.8 52.1 52.1 52.6 53 53.4 52.9 52.3 51.8 51.4 51.1 50.7 50.4 50 50.3 51.7 51.6 52.4 53.3 54.2 54.8 55.5 56.6 57.7 58 58 57.6 57.1 56.5 56.2 57.4 59.1 59.9 61.8 61.5 62.2 62.7 63 63.1 63.1 63.1 63 62.8 62.4 62.7 64.1 64.5 64.7 65.5 66.4 67.2 67.8 68.1 68.4 68.9 69.4 69.8 70.4 72.9 71.5 72.6 73.5 74.2 74 73.7 75 77 80.3 83 84.3 83 81.7 81.1 80.6 80.8 82.1 82.8 83.4 84 85.1 88.1 92.2
53.2 52.7 52.6 53 53.4 53.8 53.4 52.8 52.2 51.7 51.4 51.1 50.7 50.4 50.6 51.7 51.9 52.8 53.4 54.4 55.3 56.3 57.2 57.9 58.5 58.2 57.8 57.3 56.8 56.9 57.8 59.6 60.8 61.8 61.9 62.1 63 63.5 64 64 64 63.8 62.7 62.5 63 63.7 64 64.7 65.2 66.2 67 67.9 68.7 69.2 69.5 69.9 70.4 70.8 71.5 72.5 73.1 73.3 73.5 73.8 74.2 74.9 76.7 79.1 82.1 84.5 83.6 82.6 82 81.4 80.8 83.2 83.8 84.3 84.8 88.5 93.2 97.2
53.5 53.1 53 53.4 53.8 54.2 54 53.4 52.7 52.1 51.7 51.4 51 51.1 51.3 51.6 52.4 52.9 53.5 54.2 55.2 56.1 57.2 58.3 58.7 58.4 58 57.6 57.3 57.6 58.3 58.8 59.5 60.8 62.1 62.7 63.5 63.9 64.3 64.8 64.3 63.6 63.2 63.7 64.2 63.5 64.4 64.7 65.2 66 66.9 67.7 68.5 69.3 70 70.5 70.9 71.9 72.3 73 73.7 74.3 74.8 74.9 75.3 75 76.4 78.2 80.9 83 84.7 83.9 83 82.4 82.5 84.3 84.9 85.4 88.9 93.4 98.3 102.7
53.5 53.5 53.5 53.8 54.2 54.6 54.6 53.9 53.3 52.6 52 51.7 51.6 51.7 51.9 52.3 52.9 53.5 54 54.5 55.4 56.5 57.6 58.7 59.1 58.7 58.4 58.5 58.5 58 58.5 58.9 59.2 59.6 61.3 62.7 64 64.3 64.6 64.9 64.6 64 64.4 64.9 64.5 64.9 64.8 64.8 65.2 65.8 66.7 67.5 68.3 69.1 69.9 70.7 71.3 71.9 72.7 73.4 74.2 74.9 75.5 76.2 76.5 76.1 76.3 78 79.5 81.4 83.5 84.8 84.2 83.3 84.4 85.4 84.5 86.7 91.2 96.3 101.9 108.3
54.1 54.1 53.9 54.3 54.6 54.9 55.1 54.5 53.8 53.2 52.6 52.1 52.2 52.4 52.6 53.4 54.1 54.6 55.1 55.5 56 57 58 59.1 59.5 59.1 59 58.5 58.3 58.6 58.9 59.2 59.5 59.9 60.3 61.6 63.1 63.7 64.1 64.5 64.8 65.2 65.5 65.6 65.6 65.5 65.4 65.3 65.5 65.8 66.4 67.3 68.1 68.9 69.8 70.6 72.2 72.1 72.8 73.6 74.3 75.1 75.8 76.6 77.3 77 76.5 78.4 79.7 80.8 82.1 83.9 84.9 84.2 85.9 86.8 86.5 88.3 91.7 99 105.5 116.2
