Assets/StreamingAssets/GeoData/Data/sp/SP13.asc
ncols 200
nrows 200
xllcorner 410000
yllcorner 230000
cellsize 50
[rows 105 to 139 of 200, columns 78 to 155 of 200]
266.1 264.7 263.3 261.9 259.9 258.4 258.7 259.1 259.1 259.4 259.8 260.1 259.5 257.2 255.2 253.9 251.1 248.1 244.6 241 235 228.7 222.8 217.6 219 218.3 219.6 222.9 225.2 224.7 221.5 216.7 213 209.6 206.2 201.1 196.4 193.8 192.6 190.8 187.5 183.5 179.8 175.3 172.4 163.5 154.2 148 141.3 139.6 140.7 141 137.4 141.4 145.7 146.2 146.6 146.7 147.9 149.5 156.5 166.5 170.8 171.1 171 173.5 173.1 169.7 168.7 165.3 167.5 168.9 172.9 177.6 176.8 178.4 187.8 190.8
265.2 263.9 262.6 261.3 258.4 257 257.2 257.7 258.5 258.5 258.9 259.2 259.1 256.8 255.4 254.1 251.6 248.6 246.4 243 239.1 232.4 228.9 223.8 217.8 213.6 211.3 212.4 215.6 218.1 218.6 215.8 212.6 208.4 204.9 200.8 196.7 191.5 186.5 186.1 184.3 181.9 178.7 174.3 170.2 157.9 149.2 143.1 143.1 146.2 147.1 143.6 141.4 141.9 145.9 148.8 149.7 150.4 151.1 152.9 155.5 164.1 172.6 175.8 176.5 177.5 178.1 177.3 176.7 173.2 177.5 179.2 180.1 182.2 185.4 186.4 192.8 197.7
263.2 262.6 261.3 260 256.8 255.5 255.5 256.3 257.9 259 258.3 258.3 258.7 256.8 255.5 254.2 252 249.4 246.5 243.7 240.6 235.8 232.6 228.6 225.4 220.1 214.2 207.6 204 208.2 210.2 210 210.1 207.4 204.2 200.1 196.4 191.8 187.8 181.6 179.3 178.6 176.1 172.8 166.8 155.6 145.6 145.4 153.4 156.5 152.7 150 146.4 144.4 145.2 147.8 150.4 152.9 157.1 161.3 161.3 160 170.4 177.9 179.1 180.7 180.5 182.5 181.8 181.8 185.9 188 188.4 190.2 192.6 194.3 197.7 204
262.7 260.5 259.3 258.2 256.8 254.8 253.7 254.9 256.6 258.1 259.5 258.8 258.1 256.8 255.5 254.1 252.1 249.3 246.5 243.6 240.3 237.6 235 231.4 227.4 223.7 219.4 213.9 207.9 201.4 197.6 198.8 200.2 199 194.1 192.4 193.9 190.9 187.8 184.3 178.3 171.6 171.3 171.4 162.7 150.9 144.3 151.7 161.2 161.2 157.8 154.6 149.4 149.2 147.8 147.3 150.1 154.2 160.8 167.3 168.2 165.5 168.1 178.9 182.1 183.3 187.2 189.4 190.7 191.7 193.7 196 195.8 196.9 199.7 202.1 204.5 208.8
262.6 260.8 259 257.9 257.6 256.6 254.4 252.5 254.7 256.7 258.2 259.1 257.8 256.6 255.3 253.9 251.7 248.9 246 242.7 238.9 236.9 234.8 231.3 227.6 223.8 219.7 215.7 211.3 205.5 199.7 193.2 186.1 183.6 178.2 176 177 180.8 186.4 184.1 180.4 175.4 166.4 162.1 155.2 147.6 148 156.1 164 164.7 162.7 157.9 153.5 152.5 151.8 150.7 152.6 156.7 161.5 169.6 175.8 174.7 171.2 178.6 185 189.8 194.3 196.3 197.5 198.3 201.3 203.3 204.5 205.2 206.5 209.1 211.6 215.5
263.4 261.7 260.3 258.9 258.7 258.4 256.9 253.4 252.6 255.3 257.2 258.1 257.4 256.3 255.1 253.6 251.3 248.3 245.4 241.5 237.2 233.1 230.8 228.3 225 221.6 217.3 213.3 210.5 207.1 202.5 192.7 191 194.6 190 183.4 175.7 166 173.3 176.7 179.8 176.6 173 160.5 151.1 147.5 154.1 161.6 167.2 167.8 165.1 161.7 158.4 154.9 151.3 151.2 158.6 162.4 163.5 169.6 177.3 179.1 175.3 180.6 187.8 194.3 199.2 203.1 204.2 205 207.5 210.5 211.8 211.8 213.8 214.8 217.8 220.1
264.4 263 261.6 260.1 259.3 259 258 255.4 249.7 253.9 256.3 257.2 256.7 255.8 254.7 253.2 251.2 247.8 244 239.4 235.4 229.2 225 222.9 220.7 218.9 214.2 210 207.2 201.8 195.9 195.1 200.8 199.9 197.5 194.7 182.4 169.9 162.5 162.9 164.3 165.2 161.7 153.4 149 151.6 160.5 166.2 168.9 169.5 168.9 167.1 161.9 156.8 153.9 157.4 164.5 170.6 168.4 171.8 177.4 180.3 182.8 183.7 189.7 197 203.1 208.6 211.9 213.5 214.3 217.7 219.7 219.7 220.5 224 225.2 227.8
264.7 263.9 262.8 261.4 260 259.6 258.2 255.3 250.4 250.8 255.7 256.6 256 255.1 254.4 252.9 250.3 248.9 244.8 240.2 234.6 229.3 225.4 220.7 215.8 213 210.5 206.4 201.4 198.6 200.5 202.3 202.7 200 196.1 191.5 185.5 177.2 166.8 162.7 156.6 153.5 150.8 149.8 153.8 158.6 167 172 173.5 173 172.7 171.2 165.1 159.7 156.4 160.7 169.7 177.1 174.4 175.6 181.7 185.7 189.7 191.3 195 201 206 213.4 220.7 220.3 221.2 224 226 227.2 228.9 230.7 232.6 233.4
264.5 263.7 262.8 261.9 261.1 259.9 258.5 256.7 253.2 247.1 252.4 255.6 255.2 254.5 254.1 252.1 250.3 248.7 245.5 241.5 237.1 233.8 229.3 223.6 217.7 210.6 207.1 204.7 206 204.9 206.1 206.2 204.4 200.2 195.7 189.8 185.9 182.6 178.2 175.3 169.5 160.5 152.7 154.2 161.5 169.8 174 175.3 176.8 177 176.8 174.3 168.4 162.2 163.3 165.2 174 178.7 181.8 183.1 187.3 192.8 195.9 198.1 202 206.2 210.6 215.7 223.4 225.6 227.1 228.5 230.3 232 232.6 234.5 235.5 236.1
263.5 263 262.2 261.3 260.5 259.7 258.6 257.3 255.3 250.2 248 252.6 254.8 254.2 253.9 252.2 250.5 248.8 245.7 242.6 239 234.7 230 223.2 216.4 214.1 210.9 209.9 212.5 211.5 210.9 209.3 205.6 200.4 195.2 191.7 191.1 188.1 184.9 181.8 179.4 168.2 156.2 159.8 172.4 176.4 177.3 177.9 178.8 179.4 180.2 178.3 172.4 166.3 167.7 170.8 179.5 185.2 188.5 190 192.7 197 202.3 205.5 208.9 211.9 216.8 221.3 226.7 229.1 230.5 232.1 233.6 235.3 236.3 237.9 238.4 239
261.7 262 261.5 260.8 260.1 259.3 258.2 257.1 255.3 252.4 245.2 249.3 253.8 254.6 253.9 252.3 250.6 249.1 246.6 243.3 239.1 234.8 228.8 222.7 220.7 220.1 215.1 215.8 217.8 217.1 214.4 210.9 206.6 201 197.8 196.7 194.4 191.5 188.4 185.3 181.6 166 156.7 165.8 175.6 178.9 179.9 180.5 180.9 181.8 182.7 181.6 176.3 171.5 172 177.2 183.5 189.8 194.4 197.4 199 203.7 207.2 211 214.7 217.3 222.5 227.2 229.9 232.1 233.7 235.4 237.1 238.6 240.1 240.7 241.3 241.8
259.9 260.2 260.5 259.9 259.3 258.5 257.4 256.3 254.6 252.2 247 247 252.4 254.7 254.1 252.4 251 249.3 247 243.4 239 235.1 228.1 226.8 227.8 222.9 220.3 223.2 221.8 221.1 216.6 212.9 207.8 203.4 202.3 200.2 197.6 194.7 191.5 188.3 182.4 164.5 158.5 172.5 179.7 181.8 182.5 183.5 184.7 185.4 186.5 184.5 179.2 177.2 177.6 182.4 186.3 193.4 200.3 205.5 206.1 210.1 214 218.9 222.2 224.7 226.7 230.9 233.3 235.1 236.5 238.2 239.9 241.7 243 243.5 244 244.5
258.8 258.8 258.5 258.3 257 256.5 256.1 255 253.1 250.8 245.8 245.4 251.9 254 253.8 251.9 251.3 249.5 246.8 242.7 239 236.3 231 232.5 229.8 225.9 227.3 227.6 226 221.9 218.4 215.1 212.9 207.2 206.1 203.8 200.5 197.2 194 190.7 182.7 165.7 161 178.1 183.8 185.4 186.7 187.6 188.6 189.4 189.1 186.9 184.7 183 184.3 187.5 192.9 198.2 204.3 211.7 212.1 215.8 220.5 223.9 226.5 228.5 230.3 233 236.3 238 239.4 241 242.7 244.4 245.2 246.2 246.7 247.2
256.7 257 256.6 255.5 254.8 254.4 254 253.6 251.7 248.5 241.2 247.4 252.4 254.1 254.4 253.2 250.6 249.6 246.8 245.2 242.4 239.8 236.6 234.2 232.3 233.4 231.2 230.6 228.8 224.6 219.7 217 215.7 211.2 209.2 205.4 201.7 198.3 194.2 189.8 184.3 169.5 160.4 178.4 186.1 186.8 188.2 190.1 191.8 192.7 193 191.3 189.1 189 190.7 192.2 195.6 203.1 209.2 215 217.1 220.3 223.7 226.7 229 231.6 233.8 235.8 238.3 241.1 242.4 243.7 245.3 246.8 248.1 247.9 249.4 249.5
255 255.1 255.1 253.5 252.6 252.3 252.2 252 249.8 243.3 240.7 248.8 252.9 254.5 254.3 252.9 250.7 249.9 248.1 246.8 245.3 242.2 239.2 236.9 237.5 237 235.2 232.6 230.6 227.1 223.1 218.9 217 214.4 211.5 206.7 203.1 200.4 197.9 194.4 190.2 178.4 163 170.8 187.7 189 190.3 192 193.5 194.8 195.5 195.3 195.2 196 197.2 197 200.9 207.7 213 217.8 220.7 223.5 226.7 228.9 231.3 233.8 236.5 238.5 240.3 243 245.2 246.4 247.3 248.7 250.1 250.7 251.4 251.7
253 253 253 252.1 250.9 250.8 250.9 250.3 244.9 237.9 242.7 249.9 253.2 254.4 254.1 253.7 251.1 249.9 249.3 247.9 245.9 242.7 241.5 241.5 241.3 240.3 238.8 235 231.6 230.1 224.8 221.1 219.4 215.8 212.7 210.2 207.2 204 201.7 198.7 194.8 183.7 168.1 167 182.9 191 191.5 193.3 194.8 196.2 198.2 199.5 200.4 199.7 201 201.9 203.9 210.5 215.9 219.7 223.4 226.6 229.2 231.1 233.6 236.2 238.9 241.2 242.7 245 246.8 248.6 249.8 250.6 252 253 253.5 253.8
251 251 251.5 250.9 250 248.2 249.2 247.3 243.7 235.2 243.7 250.3 253.6 254.2 254.2 253.8 252.3 250.1 249.8 248.6 246.2 244.6 245.2 244.6 243.4 241.5 240.2 237.2 233.8 231.9 227.2 224 220.1 217.2 216 211.7 209.4 207 204.5 201.4 197.6 188 174.1 163.4 179.8 189.5 191.8 194.4 197.2 199.1 201 202.8 203.5 203.8 204.5 205.5 207 211.9 217.9 221.9 225 228.7 231.4 233.4 236 238.6 241.3 243.2 244.8 246.6 248.5 250.3 251.7 252.9 254 255.1 255.8 255.2
250.5 249.3 250.5 249.7 248.9 247.6 246.8 245.4 241 233.8 243.3 250.4 254.1 254.2 254.3 254 254 251.9 249.7 250 248 247.5 247 246.2 244.6 242.1 241.1 237.8 235.6 233.9 229.3 224.4 220.6 218.5 216.9 214.7 211.8 208.6 205.1 203.7 200.5 194 182.1 165.7 177.6 190.7 194.5 196 198.7 201.3 203.9 205.4 206.7 208.7 208.3 209.2 210.2 213.5 219.2 223.6 226.9 229.6 233.2 236.2 238.6 240.8 242.7 244.4 246.1 247.8 250 252 253.7 254.9 256.1 257.2 256.7 255.8
249.1 247.1 248.6 248.7 247.8 246.3 243.6 242.8 236.8 233 244.2 250.2 253.4 254 254.2 254.2 254.1 253.3 251.2 250.1 249.7 249.2 248.5 247.6 246 243.5 241.3 238.6 236.5 234.7 229.4 224.6 221.3 218.8 216.7 215.6 212.8 208.9 205.4 203.3 200.8 197.8 188 173.1 175.3 190.3 195.5 196.9 199.1 201.7 204.3 206.9 208.9 211.3 212.5 214.2 214.8 216 223.5 226.1 228.6 231.1 234.9 237.4 239.8 242 244 245.7 247.3 249 251.2 253.3 255.5 256.8 257.4 257.3 256.2 254.8
247.4 245.1 246.6 248 247.1 245.7 240.8 239 232.7 235.7 244.9 249.2 251.9 253.8 254.1 254.9 254.5 253.7 251.7 250.7 250.9 250.4 249.4 248.3 247.5 245.1 242.7 240.2 236.3 234.6 229 223.9 221.2 218.5 216.4 215.3 213.3 208.6 205.6 203.1 200.5 197.9 192.1 176.5 170.8 188.8 193.9 196.2 199.3 202 204.9 207.8 210.2 213.3 216.7 216.7 217.8 218.7 222 226.6 229.1 231.6 234.7 238 240.6 242.8 244.9 246.9 248.6 250.2 252.3 254.5 256.4 257.4 256.8 256.3 254.9 253.1
246 242.9 245.5 246.6 246.1 244.3 240.4 234.7 230.9 236.3 243.7 247.5 250 252.3 254.6 255.5 254.8 254.1 252.8 251.8 251.5 251.1 250 249.1 247.4 245.3 243 240.4 235.1 233.6 228.7 223.6 220.9 218.1 216.2 214 210.9 208 205.7 203.3 200.1 197.1 189.2 174.9 169.4 184.5 193.9 196.6 200 202.9 205.6 208.5 211.7 216.3 220.4 216.6 218.4 219.5 221.9 226.6 229.6 232.1 235.4 239 241.3 243.5 245.6 247.7 249.6 251.5 253.4 255.6 256.7 256.6 256.1 254.9 253 251.1
244.6 241.6 243 244.9 245.6 243.3 241.6 236.5 229.6 233.4 241.1 245 247.7 251.2 254.2 254.9 254.8 254.5 253.9 252.9 252.3 251.4 250.5 248.9 247.1 245.2 242.3 239.4 235.6 231.5 228.5 223.1 220.9 218.9 214.8 211.8 208.6 205.8 203.9 201.8 198.7 188.1 176.3 175.2 174.1 178.2 192 198.1 201.4 204.3 207.2 210.1 214.2 219.2 219.2 219.3 219.2 220 221.7 225.3 230.1 232.7 236.2 239.9 242.1 244.2 246.3 248.4 250.3 252.5 254.9 256.3 256.1 255.3 254.3 252.5 250.7 249
243.6 240.7 241.2 243.7 243.1 242.5 240.9 238.4 231.8 227.4 235 241.5 245.6 250.1 252.8 255.1 255.5 255 254.5 252.7 252 251.2 250.1 246.7 245.3 243.7 240.2 236.4 232.8 228.8 226.8 222 218.4 216.8 214.4 211.1 207.3 201.9 200.9 194.9 186.7 182.6 187.7 192.7 187.3 176.6 187.5 199.9 202.7 205 207 209.3 213.5 216.4 217.2 216.9 217.7 218.4 221.1 224.4 229.2 233.5 237.2 240.6 242.8 244.9 247.1 249.6 251.9 254.3 255.9 256.2 254.6 253.2 251.8 250.1 248.3 246.5
243 239.7 240.4 242.2 242 241.4 240.2 238 233.5 225.8 230.5 237.3 244.4 248.6 251.7 254.1 255.2 254.9 254.7 253.4 252.3 250.7 248.8 244.8 243 240.3 236.8 233.2 229.6 226.1 223 220.2 216.9 214.3 210.9 208.9 204.6 196.2 189.4 189.1 191.7 196.4 202.2 201.3 198.3 186.5 181.6 193.9 202.2 204.5 206.3 208.5 209.3 212.2 212.9 213.6 217.4 219.8 222 226.4 230.9 234.3 238 241.5 244.1 246.5 248.9 251.9 253.8 255.8 255.8 254.8 252.4 251 249.3 247.6 245.7 242.7
242.2 237.7 239.1 240.9 240.9 240.3 238.8 236.1 232 226 227.1 236.2 242.5 247 250.7 253.2 255 254.5 254.5 253.8 252.2 250.1 247.3 243.4 240.7 236.6 233 229.8 225.8 221.6 218.2 216.8 214.5 209.4 206.8 200.9 196.6 192.7 197.3 201.6 204.6 208.1 207.3 205.4 203.2 199.1 183.7 188 195.5 200 201.6 204.6 205.7 208 213.2 216.5 217.8 220.5 224.3 228.5 231.7 235.1 238.8 242.3 245.3 248 250.7 253 254.3 254.9 254.1 253 250.3 249.3 246.6 243.9 238.7 235.9
241.3 236.3 237.7 239.8 239.9 238.5 236.2 232.6 227.5 223.4 230.2 236.2 241.8 246.8 251.4 252.8 254.4 254 253.7 253.5 252.2 249.7 245.9 241.9 238.1 232.2 230.1 226.7 226.2 220 215.9 213.8 211.9 209.3 204.1 198.8 202.1 205.2 208.4 211.7 212.8 213.1 211.3 209.8 208.4 202.9 192.3 181.2 188.4 197.1 202.8 206.1 208.7 212 217.9 221.1 222.1 223.4 226 229.6 232.5 235.8 239.5 243 246.2 249 251.7 252.7 252.7 253.5 252.8 251.8 249 249.5 244.8 238.5 231.7 228.1
242.2 235.5 233.4 235.9 236.3 235.9 233.5 229 221.9 226.9 234.5 241.2 244.5 248.8 251.5 252.9 253.7 254.3 253.1 252.8 251.1 248.3 244.4 240.3 236.6 233.3 233.4 231.8 229.5 227 222.7 220.5 216.6 211.6 205.4 203.9 209.6 214.8 218.7 218.3 218.6 218.6 215.5 214.6 211.5 204.3 189.5 189 197.2 205.4 208.6 210.6 213.4 216.3 220.1 223.7 224.4 225 228.5 230.2 234 236.6 240.1 243.7 247.1 249.9 252.6 252.8 251.7 250.7 250.3 251.5 250.3 247 241.4 233.4 226.5 221.8
243.8 240.3 232.4 228.6 228.3 229.7 229.1 225.8 220.2 230.6 237 243.1 246.7 249.7 251.6 253.1 253.6 254.5 253.3 252.2 251.1 248.5 244.4 239.3 236.4 237.9 236.8 234.9 232.7 230.1 227.6 223.7 219.9 214 207.2 210.7 217.2 220.7 222 222.6 223.4 221.8 219.5 217.5 213.4 206.3 190.5 199 206.6 209.9 212.8 214.7 217.5 220.5 223.2 225.2 227.1 227.7 231 235.2 237 238.2 241.7 245 248.2 250.2 252 251.2 249.7 247 246 245.5 243.8 241.5 236.2 230.2 222.7 216.2
245.5 242 238.5 231.4 226.6 223 223.5 221.1 222.4 230.7 237.2 242.6 246.4 250.1 251.8 253.3 253.7 254.2 253.6 252.9 251.3 248.1 244.2 240.2 241.1 241.6 240 237.8 235.6 233.1 230.6 227.6 223.2 215.5 210 216.5 222 224.3 225.1 226.9 228 225.5 222.9 220.6 216 208.2 191.6 205.8 212.7 213.4 214.7 216.9 220.3 223.5 223.8 222.4 229.8 231.9 234 238.5 240.2 241.4 243.6 246.8 249.1 250.5 250.9 249.3 246.6 243.6 240.4 234.9 233.2 231.9 231.8 227.2 220.3 212.5
247.4 244.6 241.7 237.9 232 226.7 221.7 218.1 221 228.9 235 240.5 244.5 249 252.1 253.6 254 254.5 253.6 253 250.5 248 244.4 245 245.4 244.7 242.8 240.7 238.5 236.1 232.7 229.2 225.3 217 212 219 224.9 228 228.3 227.7 229.2 228.6 226.5 223.9 220.4 209.7 195.1 206.9 215.5 217.3 218.1 219.6 222.3 225.4 225.9 225.2 230.3 233.1 236.4 240.5 243.2 244.4 246.8 248.4 249.8 250.9 249.1 246.4 243.8 239 231.4 226.7 224.3 223.7 224.3 223.2 218.3 211.4
248.5 245.8 243 239.6 234.6 228.8 224 215.3 219.5 225.8 232.7 240.2 244.4 248.8 252.3 253.9 254.5 254.1 253.1 252.1 250.1 249.1 248.6 248.3 248 247 245.4 243.4 241.1 238 234.4 230.5 225.5 218.6 214.1 220.2 226.3 228.5 231.2 231.6 230.7 230.3 229.1 226.5 223.2 213.3 197.9 207.6 218.9 220.3 220.6 223 223.8 225.5 226.4 228.2 232.6 236.3 239.3 242.7 244.2 245.2 246.3 248.1 249.2 250 247.3 244.5 241.5 234.1 225.7 221.1 216 215.4 216.9 217.2 214.8 208.7
248.1 246.4 242.8 239 233.8 227.8 220 214.6 219.2 225.4 233.1 240.6 244.3 248.7 252.4 254.1 254.5 253.6 253 252.5 251 250.2 250 250.5 250.2 249.2 247.4 245.6 243.2 239.9 235.6 230.8 224.9 220.3 218.8 221 225.6 228.3 231.6 233.9 234.3 233.6 231.7 229.4 226.9 218.5 207 202 213.2 222.3 224 225.9 226.2 227.3 229.6 233.8 238 240.9 241.5 243.2 243.9 244.6 246 247.7 248.8 249.7 246.9 243.4 239.2 232 223.1 216 210.2 207.5 209.1 209.4 208.1 204.3
246.9 245.2 242.5 237.1 229.1 219.6 214 219.6 226.4 231.8 235.7 240.9 244.6 248.5 252.3 254.4 255 254.6 254.1 253.5 252.3 252 251.8 252 252.1 251.2 249.4 247.4 244.9 240.9 235.4 230.5 227.7 225.7 225.3 225.1 225.4 228.5 231.8 234.7 235.8 236.2 234 231.6 229 224.3 217.1 209.1 207.9 220.2 225.7 228.5 231.9 232.2 234.2 238.2 239.6 241 241.1 242.3 243.3 244.1 245.6 246.8 248.7 248.1 245 241.8 237.5 229.3 220.8 213.4 205.5 201 198.8 199.8 199.9 198.8
244.8 240.7 238.8 233.7 222 212.3 217.7 225.7 231.7 237.2 240.8 242.6 244.7 249.3 252.6 254.7 255.1 255.2 255.1 254.4 254.2 254 253.7 253.4 253 252.8 250.7 249.1 246.3 241.7 236.7 230 228.7 229.9 230.5 230.7 227.9 229.6 232.2 235.1 237.5 237.7 236 233.7 230.8 226.2 222.9 221.4 209.6 214.2 223.8 231.3 233.2 234.4 236.5 238.9 239.8 239.9 240.8 241.4 242.4 244.7 245.6 246.3 246.8 245.6 242.9 239.8 236.4 230.2 220.3 212 203.9 196.2 190.3 188.7 189.2 190.1
232.6 230.7 230.8 227.5 213 215.6 221.3 228 232.8 237.3 241.3 245 247.8 251 253.7 255 255.1 255.4 255.2 255.7 255.7 255.4 255.2 254.8 254 253.7 252.2 250.6 247.5 242.5 237.5 232.3 232.9 234.5 234.3 233.6 233.5 232.9 235 237.1 238.5 238.9 237.4 235.4 232.2 229.5 226.8 224 215.9 214.7 223.5 231.8 234.8 237 238 237.7 238.2 238.2 239.7 241 243.5 243.4 246.6 246.1 245.5 243.6 240.7 237.9 235 230.7 222.9 212.2 203.5 196.1 189.4 182.7 178.1 179.6
