Assets/StreamingAssets/GeoData/Data/sp/SP14.asc
ncols 200
nrows 200
xllcorner 410000
yllcorner 240000
cellsize 50
[rows 111 to 147 of 200, columns 0 to 84 of 200]
41.3 41.2 40.9 41.5 41.4 41.5 41.6 42.5 42.6 42.7 42.9 43 43.1 43.1 43.1 43.2 43.3 43.4 43.6 43.8 44 44.2 44.4 44.8 45.1 45.5 46 46.6 47.6 47.8 47.7 47.6 47.9 48.4 48.8 49.2 49.8 50.4 51.6 52.3 51.8 51.9 51.8 52 52.2 51.7 51.3 51.2 56.9 60.1 60.6 61.4 62 57.8 58 59.9 56.9 57.9 59 60.1 62.6 67 71.6 75.5 79.7 81 80.1 79.2 78.2 77.9 78.6 79.2 78.6 74.9 69.5 66 64 62 60.7 60.6 60.1 59.5 58.9 58.5 58.1
41.2 41.2 41.1 41.6 41.8 42.4 42 42.1 43 43.2 43.3 43.3 43.3 43.3 43.3 43.4 43.5 43.6 43.8 44 44.2 44.4 44.4 44.6 44.9 45.3 45.8 46.6 47.1 47.8 47.4 47.3 47.7 48.1 48.6 49.4 50.3 50.8 51.3 52.1 51.6 51.3 50.7 50.5 50.9 51.9 51.5 51.4 51.7 52.1 59.5 60.8 60.6 57 59.7 62.1 57.1 58.2 59.3 60.4 62.6 66.9 71 75.1 81.1 83.3 82.4 81.4 80.1 78.8 78.6 79.3 77.7 72.4 72 68.9 65 62.6 61.8 61.7 61.2 60.1 59.4 59 58.6
41.2 41.1 41.3 41.2 41.5 41.5 42.9 43.3 43.5 43.5 43.5 43.5 43.5 43.5 43.5 43.6 43.6 43.8 44 44.2 44.4 44.7 44.6 44.5 44.7 45 45.6 46.5 47.5 47.3 47.4 47.1 47.5 48.2 49 49.9 50.8 51.2 51.5 50.9 49.9 50.3 49.9 49 49.7 50.7 51.7 51.9 52.3 52.8 53.2 54.9 61.1 57.4 62.9 63.3 62.1 58.4 59.7 60.8 62.6 66.3 70.4 76 83.4 85.7 84.6 83.3 82 80.6 79.3 78.4 75.7 75.1 76.2 71.6 67.2 63.6 62.9 62.9 62.3 61.3 60.4 59.5 59.2
41.1 41 41.5 41.1 41.2 42 42.4 42.7 43 43.3 43.6 43.6 43.7 43.7 43.7 43.8 43.9 44 44.2 44.4 44.6 45 44.9 44.7 44.5 44.8 45.5 46.5 47.5 47.4 46.5 46.6 47.4 48.3 49.2 50 50.5 50.8 50.8 49.3 48.9 49.2 49.3 49.4 50.3 51.1 51.6 52.2 52.8 53.4 53.9 54.6 55.3 56.6 62.5 63.5 63.5 58.1 59.6 61 62.9 66.1 70.4 78.4 86 87.4 86 84.7 83.4 82 80.3 77.9 76.6 78.8 79.4 74.8 68.9 65.7 64 64 63.5 62.8 61.7 60.6 59.7
41.1 41.2 41.7 41.3 41.2 41.6 41.9 42.2 42.6 42.9 43.4 44.6 43.9 43.9 43.9 44 44.1 44.2 44.4 44.6 44.9 45.3 45.1 44.9 44.7 44.6 45.7 47.2 46.1 46.5 46.8 46.5 47.4 48.4 49.1 49.6 50 49.8 49.4 48.5 48.8 48.9 49.7 50 50.8 51.3 51.6 52.3 52.9 53.5 54.2 54.8 55.3 55.8 55.8 60.1 63.7 63.1 59.7 61.2 63.2 66.1 69.5 79.2 86.8 88.8 87.4 85.9 84.5 82.6 80.7 78.4 79.9 81.4 81.2 78.7 73.6 69.6 68.5 67.1 64.3 62.9 61.8 60.9 60.3
41.1 41.4 41.9 41.6 41.4 41.7 42 42.3 42.7 43 43.2 43.5 43.9 44.1 44.1 44.2 44.3 44.4 44.6 44.9 45.3 45.6 45.4 45.2 45 44.3 46 46.3 45.2 45.6 45.9 46.4 47.2 47.9 48.5 49.1 48.6 47.8 47.6 48.1 49.3 49.2 49.8 50.5 51 51.3 51.6 52.3 53 53.6 54.2 54.9 55.5 55.7 56.2 56.8 57.7 63.3 63.7 61.3 63.5 65.9 70.6 79.3 87.2 89.7 88.7 86.8 84.7 82.8 80.9 80.6 81.9 82.8 81.8 79.2 77.6 74.2 72.1 69.5 66.1 63.7 62.2 61.5 61
41.1 41.5 41.9 42 41.7 41.8 42.1 42.5 42.8 43.1 43.3 43.6 43.8 44.1 44.3 44.4 44.5 44.6 44.9 45.2 45.6 45.8 45.6 45.2 44.6 44.2 45.5 44.8 44.6 44.6 45.2 46.4 45.9 47.1 47.3 47.3 46.6 46.7 47.2 47.2 48.7 49.5 50.2 50.7 51 51.3 51.7 52.3 53 53.7 54.3 55.1 55.6 55.9 56.2 56.9 58.4 59.4 61.3 65.7 64 65.9 70.3 79 87.4 90.3 89.1 87.3 85.5 82.9 82.5 83 83.6 83.7 83.5 81.8 81.2 78 75 71.7 68.1 65.5 63.9 62.2 61.7
41.2 41.4 41.7 42.1 42.1 41.9 42.2 42.6 42.9 43.1 43.3 43.6 43.9 44.2 44.6 45.3 44.7 44.8 45.2 45.5 45.9 46 45.6 45.2 44.9 44.5 44.5 44.7 45.2 44.9 45.6 46.5 46 45.6 45.7 46.5 46.9 47.5 48 48.7 48.5 49.4 50.4 50.7 51 51.3 51.7 52.4 53 53.2 53.4 54.9 55.8 55.8 56.3 57.6 59.1 60.1 60.7 61.4 64.3 66.6 69.2 77 84.4 89.6 89.6 87.8 86.1 84.2 83.2 83.9 85 84.7 84.4 83.8 82.6 80.4 76.8 73.5 71.4 68.9 65.6 63.1 62.4
41.3 41.5 41.7 41.9 42.3 42.2 42.3 42.7 42.9 43.2 43.4 43.7 43.9 44.3 44.7 45.3 45.2 45.4 46.2 46.6 46.9 46.8 46.5 46.1 45.6 45.6 45.1 45.2 45.6 45.4 46.2 47 46.5 45.6 45.6 46.4 47 47.4 47.6 47.5 47.9 49 49.7 50.4 51 51.3 51.8 52.2 52.5 52.5 52.8 53.6 54.8 57.9 56.7 58.2 59.6 60.7 61.6 62.3 64.2 66.4 68.1 72.6 80.5 87.8 89.8 88.2 86.5 85 84.4 85 86.2 86.3 85.6 84.5 83.3 82 79.4 77.7 75.5 71.6 67.3 64.5 63
41.4 41.6 41.8 42 42.1 42.5 42.5 42.8 43 43.2 43.4 43.7 44 44.4 44.8 45.3 45.2 46 46.8 47.5 47.9 47.9 47.6 47.3 46.5 46.1 46.6 45.7 46 45.9 46.6 47.2 46.9 46.3 45.7 46 46.4 46.6 46.8 46.9 47.4 48.4 49 49.7 50.4 51.1 51.6 51.9 52 52.2 52.5 53.3 54.4 55.7 57.2 58.5 59.7 60.8 62 62.5 63.8 65.3 66.8 68.4 73.7 82.5 88.3 88.5 86.8 86.2 86 86.3 87.2 87.1 86.7 85.6 84.4 83 82.2 81.5 78.1 74 69.5 66.3 65.3
41.5 41.7 41.9 42.1 42.2 42.4 42.6 42.8 43.1 43.3 43.5 43.8 44.1 44.5 44.9 45.3 45.8 46.5 47.2 47.9 48.4 48.8 48.8 48.1 47.3 46.6 46.6 46.7 47 48 46.6 47 47.4 47.1 46.6 46.6 46.7 46.8 47.1 46.7 47.1 47.8 48.3 49 49.7 50.9 51.2 51.4 51.6 51.8 52.2 53 54.3 55.2 56.5 58.2 60 60.5 61.1 61.7 62.9 64.1 65.3 67.5 69.7 73 79.6 86.6 87.5 87.1 87.4 87.7 88 87.8 87.5 86.6 85.2 83.9 83 81.6 79.4 75.9 72.4 69.9 67.9
41.8 42 42.2 42.4 42.5 42.7 42.9 43.1 43.1 43.3 43.5 43.8 44.2 44.6 45.2 45.7 46.2 47 47.7 48.4 48.8 49.3 49.9 49.5 48.9 48.3 48.1 48 47.4 48.4 48.2 47.6 47.4 46.2 47.4 47 47.1 47.2 47.3 47 47.1 47.5 48.3 48.4 49.6 50.6 50.7 51.1 51.3 51.5 52 52.8 53.9 54.7 55.8 57.3 59.1 59.6 60.2 60.9 62.1 63.3 64.6 66.1 68 71.4 70.4 77.1 84.6 86.7 87.1 87.5 87.2 88.1 88 87.2 85.8 84.4 83.7 82.8 81.3 79.7 77.3 74.2 70.7
42.3 42.4 42.6 42.8 43 43.2 43.4 44 43.8 43.7 43.6 44 45.2 45.5 45.8 46.1 47.2 47.4 48.1 48.8 49.3 50.1 51.1 50.5 50.4 49.9 49.6 48.8 48.1 48.4 48.7 48.7 47.9 47.3 47.5 47.3 47.4 47.5 47.6 47.7 47.7 48.7 48.8 49.6 49.3 49.8 50.2 50.6 50.9 51.1 51.7 52.5 53.4 54.2 55.2 56.5 58.2 58.7 59.3 60.1 61.3 62.6 64.1 65.6 66.8 68.5 71.3 74.5 73.6 80.9 84.1 84.6 84 86.1 86.9 86.7 86.2 84.9 84.3 83.6 83 81.4 80.5 78.4 76.1
43.3 43.2 43.1 43.3 43.5 43.6 43.8 44.6 44.7 44.6 45 45.4 45.7 46.1 46.4 46.7 48 48.8 48.5 49.2 49.8 51.5 52.2 51.6 51.1 51.1 50.4 50.5 49 49 49.2 49.1 48.6 48.1 47.6 47.7 47.9 48.1 48.2 48.3 48.3 48.2 48.2 48.5 48.8 49.3 50 50.2 50.4 50.8 51.4 52 52.8 53.6 54.8 55.9 57.3 57.8 58.4 59.2 60.5 62 63.1 64 64.7 65.5 67.1 70.7 73 73.4 74.5 77.5 80.4 83.7 85.1 85.3 84.9 84.6 84.1 83.1 83.6 83.6 83.3 80.7 77.6
43.2 43.5 43.8 44 43.9 44.1 44.2 44.8 45.5 45.2 45.5 46.2 46.3 46.6 46.9 47.3 48.7 49.5 50.3 50.1 51.6 52.7 53.3 52.8 52.2 52.2 52.3 51.4 50.4 50.1 49.6 49.3 49.3 48.9 48.5 48.4 48.6 48.8 48.8 48.9 48.8 48.7 48.7 48.7 48.9 50.6 50.5 50.6 50.8 50.5 50.9 51.3 53 53 54.4 55.6 56.4 56.9 57.5 58.5 59.5 60.3 61.2 62.1 62.9 63.1 64.6 66.1 68.3 70.1 71.6 72.9 76.5 80.4 81.8 82.5 83.3 83.2 83 81.8 81.8 83.3 84.6 83 81.2
43.2 43.5 43.7 44 44.3 44.6 45.2 45.9 45.3 45.7 46 46.9 47.1 47.3 47.5 47.8 49.1 50.2 51.1 51.7 52.7 53.6 54.5 54 53.8 53.7 53.7 52.3 51.9 51.5 51 50.6 50.2 49.8 49.4 49 49.2 49.4 49.5 49.4 49.3 49.3 49.3 49.3 49.3 49.5 50.2 51 50.6 50.4 50.7 51.1 53.7 52.7 53.7 54.4 55.5 56.3 56.7 57.4 58.2 58.9 59.6 60.4 61.1 62 63 64 65.2 66.3 68.1 69.5 75.1 74.5 76.8 79.7 80.9 81.1 80.8 79.8 78.6 81.7 84.3 85 83.8
43.1 43.4 43.7 44 44.5 44.8 45 45.7 45.4 46.1 46.5 47.6 47.8 48 48.2 48.4 49.6 51 51.5 52.1 53.2 54.2 54.3 54.1 53.9 54.3 54.3 53.9 53.2 51.8 51.1 51.1 51 50.7 50.3 49.9 49.9 50 50 50 50 50 50 50 49.9 49.7 50.2 50.9 51 50.7 51.5 50.7 52.4 51.9 52.4 52.5 53.8 55.1 56.2 56.9 57.6 58.4 59.1 59.8 59.9 60.4 61.4 62.3 63.5 64.7 65.6 66.8 71.4 71.5 73.3 74.5 76.2 78.8 78.5 76.6 75.4 79.2 82.8 84.3 85.8
43.1 43.4 43.9 44.6 45.3 45 44.8 45.5 45.4 46.2 47 48.1 48.5 48.7 48.9 49.1 49.6 50.7 51.8 52.5 53.5 53.9 54.1 54.3 54.1 53.9 54.1 53.7 53.4 52.7 51.4 51.3 51.2 51.1 51 50.8 50.6 50.6 50.6 50.6 50.6 50.6 50.6 50.5 50.3 50.1 50.3 51 51.2 50.9 51.7 51 51.8 51.8 51.8 51.2 52.8 54.7 55.1 56 57.1 57.8 58.5 58.7 58.7 58.8 59.7 60.6 61.5 62.9 64.4 65.5 66.7 68.5 70.5 72.1 75 74.8 77.2 74.9 73.2 76.2 81.3 82.8 85.3
43 43.4 44 44.5 45 45.1 44.9 45.3 45.5 46.3 47.1 48.6 48.7 48.7 48.8 48.8 48.9 49.2 50.1 51.4 51.9 52.1 52.4 52.6 52.8 53.2 53.6 53.4 53.1 52.8 52.5 51.5 51.4 51.3 51.2 51.1 51.2 51.3 51.3 51.3 51.3 51.2 51 50.9 50.7 50.5 50.3 51 51.2 51.2 51.1 51.7 51.5 52.2 52.2 52.2 52.7 54.1 54.3 54.6 55.7 56.7 57.3 57.3 57.4 58 58.5 58.9 59.8 60.9 62.3 63.2 64.7 66.3 68.2 69.6 71.7 71.8 72.3 70.5 78.1 73.9 79.4 83.4 86.2
43.2 43.4 43.6 44.2 44.7 44.7 44.9 45.1 45.6 46.5 47.5 48.4 48.5 48.5 48.4 48.4 48.5 48.8 49.2 49.5 50.1 50.5 50.9 51.4 51.9 52.3 52.8 52.8 52.8 52.6 52.3 52 51.6 51.4 51.5 51.7 51.9 52 52 51.9 51.8 51.6 51.4 51.3 51.1 50.8 50.6 51.1 51.3 51.3 51.2 52.8 52.4 51.7 52.8 53.2 52.8 53.3 53.5 53.7 54.3 55.3 55.9 56 56.6 57.2 57.8 58.2 58.6 59.1 60.1 61.4 62.7 64.6 66.4 67.3 68.3 69.3 69.1 68.3 71.3 75.2 79 82.8 85.2
43.4 43.7 43.6 43.8 44.4 44.4 44.6 45.5 46.2 47 47.8 48.2 48.2 48.1 48.1 48 48.2 48.5 48.8 49.1 49.5 49.6 50.1 50.5 51 51.5 51.9 52.1 52 51.8 51.6 51.4 51.4 51.8 52.1 52.4 52.6 52.7 52.5 52.3 52.2 52 51.8 51.7 51.4 51.2 51 51.1 51.4 51.4 51.3 53.2 51.9 52.7 53.3 53.7 53.9 53.6 53 53.3 53.7 54.1 54.6 55.2 55.8 56.4 57 57.5 57.9 58.9 59.9 59.8 60.9 62.8 64.7 65.5 66.1 66.7 66.1 66.9 68.2 71 76 79.7 82.5
43.6 44 43.9 43.7 44 44.5 45.5 46.2 46.9 47.7 48 47.7 47.8 47.8 47.7 47.7 47.8 48.1 48.5 48.8 49.4 49.5 49.6 49.8 50.1 50.6 51.1 51.5 51.2 51 50.8 51.1 51.4 51.7 52.3 52.6 52.9 53 52.9 52.7 52.6 52.4 52.2 52.1 51.8 51.6 51.3 51.2 51.5 51.4 51.3 52.7 52.5 53.1 53.8 54.1 54.3 54.4 53.6 53.2 53.6 53.9 54.9 55.1 55.4 55.6 56.2 56.8 57.8 59 59 58.9 59.5 60.9 62.9 63.7 63.9 64.2 65.1 66 67.1 69.7 74.4 76.5 77.6
43 44.3 44.2 43.7 43.8 45.1 46.3 46.9 47.7 48.1 47.7 47.1 47.2 47.3 47.4 47.3 47.5 47.8 48.1 48.5 49.3 49.4 49.6 49.7 49.8 49.9 50.2 50.7 50.6 50.5 50.8 51.1 51.4 51.7 52.4 52.7 53.1 53 53.3 53.1 53 52.8 52.6 52.4 52.2 52 51.7 51.5 51.6 51.5 51.6 52.8 52.9 53.6 54.3 54.5 54.6 54.7 54.4 53.8 53.4 53.8 55.1 55.8 56 56.2 56.4 56.6 56.7 57.2 57.6 58 58.5 59.4 60.8 61.6 62.5 63.3 64.2 65.1 66.3 67.8 70.8 73 74.5
43.9 43.2 43.4 43.7 43.9 44.8 46.5 47.7 48.2 47.8 47.4 46.5 46.6 46.7 46.8 47 47.2 47.5 47.8 48.4 49.2 49.4 49.5 49.6 49.7 49.8 49.9 50 50.1 50.4 50.8 51.1 51.4 51.7 52.2 53 53.1 52.9 53.2 53.5 53.4 53.2 53 52.8 52.6 52.3 52.1 51.9 51.8 52 52.5 52.8 53.5 54.2 54.8 54.8 54.9 55.1 55.1 54.5 54.1 53.7 54.7 56.1 56.3 56.5 56.8 57.1 57.2 57.2 57.8 58.8 59.6 60.6 61.3 62 62.6 63.3 63.8 64.8 65 66.8 68.7 70.1 72.1
43.6 43.8 43.6 43.8 44.2 44.5 46.1 47.5 47.8 47.5 46.9 46 46.3 46.6 46.9 47 47.4 47.9 47.5 48.3 49.2 49.3 49.4 49.5 49.6 49.7 49.9 50 50.2 50.5 50.8 51.1 51.4 51.7 52 51.4 53.1 52.9 53.2 53.5 53.8 53.6 53.4 53.2 52.9 52.7 52.5 52.3 52.1 52.3 53.5 53.6 54.5 55.1 55.5 55.3 55.3 55.4 55.5 55.2 54.8 54.4 54.4 56 56.7 56.9 57.2 57.5 57.7 57.7 57.3 58.1 59.2 60.6 61.8 62.2 62.7 63.1 64 65.8 66.5 68 69.6 71.4 75
44.2 43.8 43.8 44.1 44.4 44.8 45.6 46.7 47.2 46.1 47 47 46.5 46.8 47 47.1 47.4 47.5 47.1 48.1 49.1 49.2 49.3 49.5 49.6 49.8 49.9 50.1 50.4 50.6 50.9 51.2 51.5 51.7 51.9 52.5 52.4 53 53.2 53.5 53.8 54 53.8 53.6 53.4 53.1 52.9 52.7 52.5 52.6 54.3 54.5 55.3 55.8 56.2 55.8 55.8 55.9 55.9 55.9 55.5 55.2 54.9 56 57 57.4 57.6 57.9 58.2 58.2 58.3 57.4 58.8 60.5 61.6 62 62.4 63.2 64.7 66.5 68.3 69.7 71.6 76.4 80.5
45 44.7 44.4 44.6 44.8 45 45.3 45.6 45.5 46.4 46.8 46.9 46.9 46.9 47 47.1 47.2 47.4 47.6 48.1 49 49.2 49.4 49.5 49.7 49.8 50 50.2 50.5 50.8 51 51.2 51.4 51.7 51.9 52.3 52.9 53.4 53.6 53.9 54.1 54.2 54.1 54 53.8 53.5 53.3 53.1 52.9 52.9 53.1 54.6 55.6 56.3 56.9 57 56.3 56.3 56.4 56.4 56.2 56 55.7 56.1 57.3 57.5 57.9 58.3 58.6 58.8 59.4 58.3 58.5 61.1 61.4 61.7 62.5 63.6 65.5 67 68.9 72.3 78.3 84.2 85.3
45.8 45.5 45.3 45.2 45.4 45.5 45.2 45.6 46 46.7 46.7 46.4 46.7 47.3 47.5 47.6 47.5 47.6 47.8 48.2 49 49.2 49.4 49.6 49.7 49.9 50 50.3 50.5 50.8 51 51.2 51.4 51.6 51.9 52.1 53.2 53.7 53.9 54.1 54.3 54.4 54.2 54.1 54 53.8 53.7 53.5 53.3 53.3 53.4 54.4 55.5 56.2 56.9 57.5 57.9 56.8 56.8 56.9 56.8 56.6 56.3 56.2 57.3 58.1 58 58.4 58.8 59.2 58.9 60.8 60 60.1 61.9 61.7 63.1 63.9 65.4 67 69.8 75.6 83.6 88.1 87.2
46.5 46.4 46.1 45.9 46 46.1 46.2 46.4 46.6 45.7 46 46.4 47 47.7 47.9 47.9 47.9 47.8 48 48.4 49 49.2 49.4 49.5 49.7 49.9 50.1 50.3 50.5 50.7 51 51.2 51.4 51.6 51.8 52 52.4 53.3 54.1 54.4 54.6 54.5 54.3 54.2 54.1 53.9 53.8 53.7 53.6 54.5 53.7 54.4 55.5 56.2 56.8 57.5 57.6 57.7 57.8 57.3 57.3 57.1 57 56.7 57.5 58.5 58.6 58.6 59 59.4 59.8 60 60.2 59.6 60.4 63.2 63.9 64.5 65.2 67.5 69.9 74.8 83 83.3 83.4
47.6 47 46.9 46.8 46.7 46.8 46.4 46.4 46.2 47 46.4 46.8 47.4 48 48.3 48.3 48.2 48.2 48.2 48.5 49 49.2 49.3 49.5 49.7 50 50.2 50.4 50.7 50.9 51.1 51.3 51.5 51.7 52 52.2 52.5 52.7 53.4 54.2 54.8 54.7 54.4 54.3 54.2 54.1 54 53.9 53.9 54.5 54.5 54.8 55.5 56.1 56.8 57.2 57.3 57.4 57.5 57.7 57.8 57.8 57.6 57.2 57.8 58.6 59.4 59.4 59.8 60.1 60.3 60.5 60.7 60.7 60.3 62.2 63.2 63.9 64.7 66.3 68.8 71.8 75.9 78.3 80.5
48.6 48.1 47.3 47.2 47.3 46.3 46.8 46.5 46.7 47.2 46.9 47.4 47.9 48.4 48.7 48.6 48.6 48.5 48.5 48.6 49 49.1 49.4 49.6 49.9 50.1 50.3 50.6 50.8 51 51.2 51.4 51.7 51.9 52.2 52.4 52.7 53.5 53.2 53.8 54.5 54.9 54.6 54.7 54.9 54.6 54.3 54.2 54.3 54.6 55 55.4 55.5 55.3 56.7 56.9 57 57.2 57.4 57.6 57.8 58.1 58.3 57.9 57.9 58.7 59.4 60.1 60.4 60.6 60.8 61 61.2 60.9 60.6 60.8 62.7 63.7 64.7 64.7 66.9 70 72.5 77.6 80.9
49.3 49.2 48.4 47.4 46.8 47.4 47 47.4 47.3 47.3 48.1 48.8 49 49.2 49.3 49.2 49.1 49 48.9 48.8 49 49.3 49.5 49.7 50 50.2 50.5 50.7 50.9 51.1 51.4 51.6 51.9 52.1 52.4 52.6 52.9 54.2 53.8 53.6 54 54.7 54.8 54.8 55 55.2 55.4 55.5 54.6 55 55.4 55.8 55.7 55.6 55.7 56.8 57 57.2 57.4 57.5 57.8 58.3 58.7 58.9 58.3 58.7 59.5 60.2 60.8 61 61.3 61.5 61.5 61.1 61.2 61.3 61.4 62.9 64 65.2 66.4 68.1 70.3 74.5 78.1
49.3 50 49.3 48.1 47.5 48 48.2 48.2 48.2 49.1 49.2 49.4 49.5 49.7 49.8 49.7 49.6 49.5 49.4 49.1 49.5 49.7 49.8 50 50.2 50.3 50.6 50.8 51 51.3 51.6 51.8 52.1 52.4 52.6 52.9 53.2 54.1 54.2 54.2 54.2 54.2 54.9 54.8 55.1 55.3 55.5 56 56 55.4 55.8 56.1 56 56 56 56 56.5 57.2 57.3 57.6 58 58.4 58.8 59.2 59.6 58.9 59.4 60.1 61 61.5 61.7 61.9 61.6 61.7 61.8 61.9 62 62.1 63.3 64.7 65.8 66.8 68.6 69.8 76.3
48.9 49.7 50.7 48.9 49 48.9 49 49.4 49.7 49.8 49.8 49.9 50.1 50.3 50.4 50.3 50.2 50.1 49.8 49.5 49.9 50.3 50.4 50.6 50.8 50.9 51.1 51.1 51.4 51.7 51.9 52.2 52.5 52.7 53 53.3 53.6 54.2 54.7 54.7 54.7 54.7 54.7 54.9 55.1 55.5 56.2 56.3 56.3 56.1 56.2 56.3 56.3 56.3 56.3 56.3 56.3 56.8 57.3 57.7 58.1 58.5 58.9 59.3 59.8 60.2 59.9 60.1 60.9 61.8 62.2 62.2 62.3 62.4 62.5 62.5 62.5 62.7 64.3 64.4 64.9 65.9 68.5 69.6 72.2
48.6 49.2 50.4 50.2 49 49.1 49.6 50 50.2 50.4 50.5 50.6 50.7 50.8 51 50.9 50.8 50.4 50.1 49.8 50.3 50.7 51 51.2 51.4 51.5 51.5 51.6 51.8 52.1 52.3 52.6 52.9 53.1 53.4 53.7 54 54.6 54.1 54.1 54.2 54.3 54.7 55.1 55.5 56 56.5 56.6 56.6 56.6 56.6 56.6 56.6 56.7 56.7 56.7 56.7 56.7 57.5 58.2 58.7 59.1 59.6 60 60.5 60.4 60.5 60.6 60.9 61.8 62.7 62.7 62.7 62.7 62.7 62.6 63 63.3 64.2 63.7 64.7 64.6 66.7 68.3 69.7
48.2 48.9 50 50.1 49.8 49.4 49.3 49.6 50.3 50.7 50.9 51.1 51.3 51.4 51.6 51.5 51.1 50.7 50.4 50.2 50.6 51.1 51.5 51.8 51.9 52 51.9 52 52.2 52.5 52.7 53 53.3 53.5 53.8 54.2 54.4 54.9 53.8 53.8 54.2 54.6 55.1 55.5 56.5 56.4 55.8 56.1 56.4 56.7 57.2 57.2 57.2 57.2 57.2 57.3 57.3 57.4 57.8 58.6 59.3 59.8 60.3 60.7 60.8 60.6 60.7 60.9 61.5 62.4 62.7 62.9 62.8 62.8 62.9 63.5 63.8 63.6 63.6 64.1 65.1 65.2 65.3 66.6 68.3
47.9 48.6 49.1 49.4 49.8 50.1 50 49.9 50.3 50.9 51.2 51.4 51.6 51.8 52 51.9 51.4 51 50.7 50.5 51 51.4 51.9 52.4 52.4 52.3 52.2 52.4 52.6 52.9 53.1 53.4 53.7 54 54.3 54.5 54.8 55 55.7 55.1 54.6 55.1 55.5 56.2 56.7 55.7 56 56.5 57.1 57.6 57.9 57.8 57.8 57.9 57.9 57.9 58 58.2 58.5 58.9 59.7 60.4 61 61.5 60.7 60.8 61.1 61.4 62.1 62.6 62.8 62.9 63 63.4 64.1 64.3 64.1 64.6 64.3 64.8 65.2 65.9 66.6 67.1 67.6
