Assets/StreamingAssets/GeoData/Data/sp/SP46.asc
ncols 200
nrows 200
xllcorner 440000
yllcorner 260000
cellsize 50
[rows 114 to 151 of 200, columns 0 to 85 of 200]
85.8 85.1 84.7 84.4 84.7 85.4 84.7 83.9 83 81.4 80.8 79.6 78.4 76.6 75.5 75.4 75 74.7 73.4 71.5 69.2 69.2 71.2 71.7 73.8 76.8 79.1 80.4 80.3 80.3 80.1 79.2 78.4 78.2 80.1 77.9 77.6 78.8 82 81.9 80.6 82.9 83.8 82 81.5 80.3 82 82.5 85.2 86.8 88.2 88.6 90.1 89.4 88.1 88.7 89.6 90.5 91.4 93.2 95.9 97.4 99.1 100.8 102 104.1 106.3 108.6 110.8 113.5 115.8 117.9 119.3 118.4 116.7 114.2 110.1 105.8 103.1 99.6 97.1 95.4 93.6 80.1 70 70
85.6 87.2 86.4 85.1 84.9 86 85.7 84.8 83.9 82.6 82.2 81.1 79.9 77.7 75.5 74.8 74 72.8 71.5 70.2 69 69.1 70.5 72.4 74.8 78.1 80.1 80.7 80.8 80.1 79.6 77.5 77.4 77.8 80.9 77.4 77.3 78.3 80.2 82.4 82 80 80.6 82.7 81.4 82.8 83.2 85.9 86.9 88.9 89.1 89.3 90.8 90.2 89.2 91 92 92.9 94.2 95.6 98 99.2 99.3 101.2 103.1 105.1 107.4 110.1 112.6 115.2 117.9 119.4 119.1 118 116.3 113.1 109 104.3 100 98.3 96.9 94.5 92.8 70.4 70 70
82.4 83.3 84.9 85.8 86.7 87.2 85.8 85.8 85.7 85.3 85.2 83.7 82.6 78.5 74.8 73.8 72.4 71 69.7 69.1 69.9 68.7 69.7 72.3 75.1 79 80.8 80.8 80.2 79.2 79.4 79.1 79.7 79.1 80.1 79.2 78.9 79.5 79.2 81.6 83.3 83.2 81.7 81.9 83.8 84.5 84.4 87.9 86.6 86.6 90.2 90.3 89.8 89.7 89.9 93.4 94.5 96.9 97 98.4 100.2 100.9 100.8 102.1 103.9 106.5 108.9 111.8 114.2 116.8 119.5 120.3 118.9 116.3 113.7 111.7 107.4 102.8 99.1 96.8 95.8 94.7 83.8 70 74.9 86.3
78.6 79.4 79.6 80 82 82.8 82.6 81.7 81.9 81.8 83.1 82.6 79.9 74.8 73.7 72.8 71.4 69.9 69.6 69.4 69.5 69.7 69.3 71.9 75.9 78.9 81 80.4 80.5 78.7 78.3 79.5 79.7 79.8 81.6 80.2 80.6 81 81.9 82 82.8 83.5 82.2 82 89.5 88.1 85.1 87.6 86.6 86.6 90.5 89.1 89.6 89.9 91.4 93 95.8 99.7 100.7 101.1 102.3 102 102.9 103 105.2 107.6 110.2 112.6 115.6 118.3 119.7 117.2 116.8 113 109 106.6 103.9 100.4 97.3 96.4 95 90.3 78.7 70 71.6 82.6
75.8 77.4 77.3 76.7 77.4 77.2 77.3 77.7 76.8 77.1 76.4 75.6 74.6 73.6 71.7 71.7 71.1 71.2 70.8 70 70.1 70.3 68.5 70.7 74.9 78.6 81.1 80 79.4 78.6 79.1 79.2 80 79.9 82.3 80.5 81.2 82.4 83.7 83.2 83.3 84.1 84.7 83.7 89.9 89 87.4 86.6 86.6 87.4 87.1 87.1 87.9 87.5 93 94.6 91.7 97 99.5 96.4 93.7 103.5 104.7 105.1 106.8 108.9 111.3 113.5 116.4 118.9 116.3 115.5 114.9 110.4 104.7 100.8 99.7 97.4 95.8 95.7 94 88.1 77.9 75.1 70 70
75.5 75.2 75.5 75.4 75.4 75.4 75.2 75.2 75.5 74.7 74.2 72.9 71.7 71.3 71.1 71.4 72.6 72.7 71.9 71.1 70.6 70.4 69.5 69.9 72.3 77.7 79.8 81.1 80.6 79.9 78.8 79 79.7 80.6 83.1 83.1 82.9 84.2 85.7 86.7 87.7 85 84.5 84.1 91.6 88.8 89.3 88.3 88.3 89.9 87.1 87.1 87.7 86.8 83.2 85.2 88.4 90.3 89.6 89.1 82.2 82.3 102.8 107.2 108.8 110.5 112.4 115.1 116.7 118.3 117.1 114.5 111 106.7 102.5 98.4 96.3 95.7 94.8 94.3 93 91.1 89.4 80.1 76 70
75.8 75.5 75.7 75.2 73.6 72.4 73.4 73.7 72.6 71.2 72.9 71.8 71.2 71.3 71.5 71.9 73.5 73.9 73.1 72.3 71.4 70.5 69.6 69.3 70.6 77.2 80.1 80.7 80.1 80.1 80.2 80.4 82.1 84.6 85.5 84 85 86.2 87.5 88.1 87.7 87.4 85.7 91.1 89.9 87.5 88.4 89.3 89.6 88.6 91.1 88.1 82.4 80.6 81.8 82.3 81 83.2 82.6 81.9 81.6 81.4 96.9 108.9 110.7 111.6 113.3 115.4 116.2 116.5 114.9 111.8 106.8 102.2 99.9 98.4 95.7 94.8 93.6 93.2 90.7 90.3 89.7 89.3 89 83.9
73.9 74 74.4 74.2 72.2 71.8 71.5 71.4 71.1 71 71.5 71.4 70.9 71 71.9 72.4 74 74.9 74.1 73.2 71.7 70.8 70.2 69.2 69.9 76.8 79.9 80.3 79.7 80.2 81.2 83.8 85.9 87.7 88.2 86.5 88 91.4 89.8 90.9 88.2 88.8 86 92.2 94.6 86.8 86.8 89 87.1 88.4 86.3 84.6 79.5 79.8 81 78.2 81.7 79.9 82.2 80 81.2 94.3 108.1 110.5 111.5 113.1 114.5 115.1 113.8 113.8 111.6 108.8 103.7 100.2 98.3 97.1 95 94.4 93.2 91.5 90.2 89.3 88.9 88.8 88.3 87.7
72.8 72.7 73.2 73.2 72.4 72.3 71.8 71.6 71.2 71 71.1 71.4 70.9 71.1 71.8 73.1 75.2 75.6 75 74 72 70.9 70.5 69.8 71.6 76 79.6 80.5 79.8 80.8 81.9 85 88.6 90.3 90.5 89.3 90.4 92.5 95.9 95.4 87.4 88.4 91.4 93.8 90.9 86.8 89.2 88.5 90.9 90.3 82.5 82.6 80.1 76.1 75.5 75.5 77 79.4 79.3 79.5 89.7 108.3 108.7 110.6 113.5 114.9 115.2 114.4 112.4 111 107.1 104.2 102.2 98.4 98.4 96.5 94.5 93.5 92.7 91 89.9 89 88.3 88.3 87.4 87.3
72.7 72.5 72.3 72.1 72.3 72.2 71.9 72.1 71.2 71.3 71.5 71.7 71.5 71.7 72.5 75.1 76.7 76.1 75.5 73.7 72 70.1 69 70.4 72.1 75.2 79.5 79.7 80.5 81.4 83 86.1 90.3 92.1 92.7 91.5 93.2 95.8 97.6 97.8 96.3 94 95.1 94 92.8 87.5 95.2 94.9 90.9 90.5 84.3 82.6 76.9 76 75.5 75.5 75.8 77.1 78.7 96.7 109.4 108 108.8 111.1 113.9 114.7 114.4 113 109.9 106.8 103.9 102.2 99.9 97.5 96.6 95 94.1 92.7 92.5 90.8 89.7 88.7 87.8 87.6 87 86.9
72.7 72.4 72.3 72.4 72.2 72 72.2 72.2 71.8 72.4 72.7 72.7 72.2 72.2 73.5 76.5 77.9 76.7 75.8 72.5 71 68.8 70 70.7 72.5 75.8 79.9 80.7 81.4 81.9 84.8 88.7 92.1 93.9 95.4 95.1 97.1 99.3 99.6 98.6 97.3 97.4 96.1 95.1 95.8 100.4 92.3 100.2 94.5 78.9 85 81.6 83.1 78.3 75.5 75.5 79.2 85.2 96.6 109.6 108.5 108 109.3 110.6 112.2 112.3 111.5 109 106.4 104.2 103.3 101.2 98.5 97.5 96.5 95.1 93.8 92.5 92.5 91.1 89.6 88.6 88.6 87.2 86.7 86.2
72.7 72.4 72.3 72.6 72.3 72.7 72.2 72.4 73 73.7 73.1 73.9 73.4 73.2 75.5 79.2 78.3 76.7 74 71.2 70 70.4 71 71.9 72.9 77.1 80.6 81.3 81.9 82.5 85.6 90.5 93.8 96.3 97.7 98.6 100 101.4 101.5 102.6 101.4 98 97.9 101.4 94.5 97.9 95.6 100.3 90.5 86.6 79.6 79.1 83.2 77.1 75.5 81.9 94 103.8 107.1 106.6 107.5 107.6 107.7 107.7 107.7 107.7 107.6 106.4 103.9 102.2 101.5 99.6 98.1 97 95.7 94.8 94.3 92.9 91.9 91.6 90.1 88.5 88.1 87.2 86.6 86.1
73.7 72.7 72.4 73.5 74.2 73.6 73.8 73.9 73.9 75.2 75.4 75.7 75.7 76.5 78.1 80.4 78.8 74.8 72.1 70.2 69.8 71.3 72.4 73.5 75 78.9 80.5 81 82 83.5 86.5 91.5 95.6 98.2 99.4 100.2 101.6 103.1 104 102.9 103.7 101.3 103.9 110 104.3 95.9 98 102.6 99.2 91.5 87.9 80.5 77.2 75.5 82.9 94.8 105.8 106.1 104.7 104.1 104.1 104 103.8 103.6 103.6 103.5 103.7 103 101.3 100.8 99.6 98.6 98.2 96.7 95.4 94.3 93.8 92.2 91.3 91.3 89.3 88.9 88.2 87.4 86.6 86.1
74 73.3 72.8 73.8 74.8 75.3 75.5 75.5 76.6 79.1 79.5 80.3 79.3 78.6 79.2 80 77.9 74.7 70.8 69.6 70.7 71.9 73 74.1 76.9 80 80.1 81 82.7 85.4 89.4 93.4 96.3 98.3 100.1 101.5 104.8 109.1 110.2 108.3 108.9 108.7 110.6 110.7 104.8 96.8 98.2 98.6 99.1 101.6 96 90.6 80.2 84.6 96.7 106.2 104.5 104 102.7 102.1 100.9 101.2 101.6 102 101.8 100.9 100.7 100.3 99.8 99.7 98.5 97.4 96.2 95.4 94.5 93.8 93.4 92 91 89.9 89.6 88.6 88 87.5 86.7 86
73.5 73.4 74 74.6 75.6 77.2 78.1 79.6 83.2 86 85.8 84.5 82.4 79.8 78.5 79 76.2 71 69.8 70 71.2 72.4 73.6 74.8 77.8 79.4 80.8 82.1 84.4 88.4 92.7 95.8 97.7 99.4 101.6 102.7 110.7 113 114.5 115.3 112.4 112 111.2 110.4 104.4 97.6 99.1 98.6 101.4 101.8 97.5 102 103.6 100.2 104.1 103.4 104.1 101.9 101.7 100.3 100 100.1 100.5 100.3 99.8 100.1 100 99.7 98.8 97.9 97.2 97.3 95.1 94.2 93.6 93.7 93.1 92.3 90.7 89.6 89 88.2 87.6 87.1 86.6 86
73.7 74.2 74.7 76 78.5 82 84.7 86.3 89.4 92.1 91.5 86.8 82.4 79.2 78.1 77.4 74.3 69.5 70 70.5 71.7 72.9 74.1 76.2 79.3 80.2 81.5 82.8 86.4 90.5 94.5 97.2 99.5 101.1 102.4 103.9 110 114.4 115.7 116.2 112.7 112.7 112.6 109.2 105.1 99.2 99.6 98.1 97.7 97.8 97.4 100 101.6 103.5 103 104.2 101.3 100.6 103.8 99.7 99.2 98.9 98.9 99 99.2 99.5 99.6 98.8 98 97.2 96.8 96 95.4 93.7 93.2 92.6 91.8 91.4 90.3 89.6 89.1 87.9 87.3 86.8 86.3 85.5
74.4 75.1 76.6 79.5 84.6 89.1 91.4 92.7 94 94.2 91.8 87.1 81.8 78.1 76.3 75 72.3 70.2 70.2 71.1 72.5 73.8 75 78.1 80.7 81.4 82.2 83.8 88 92.2 96.3 98.7 100.2 101.4 102.8 105.6 106.2 106.2 109 112.1 112.5 113.5 114.2 110.1 103.4 100.6 100.1 92.7 86.6 89 93.5 92.5 97.3 103.1 101.5 93.2 98.7 101.8 105.5 98.9 98.3 97.9 98.2 98.5 98.8 99 98.9 97.4 97 96.4 95.5 94.6 93.8 94.2 92.8 92.2 91.6 91.2 90.2 89.7 88.7 87.6 87.2 86.8 85.7 84.9
76 77.2 80.8 85.8 89.7 93.1 94.2 94.4 94.9 94.1 91.8 86.6 81.8 78.1 74.6 72.6 71 69.8 69.4 70.8 72.3 73.7 76.1 79.7 81.3 82.1 82.9 84.7 88.9 93.1 97.8 99.1 100.5 102 103.3 105.7 107.5 109.1 110.5 109.7 111.1 112.5 114 103 97.7 100 100.1 92.3 86.4 86.4 90.8 102 103.3 87.3 87.1 92.7 97.4 102.2 100.4 97.7 96.2 96.6 97.4 97.6 97.8 97.8 97.3 96.3 95.8 95.4 94.7 94 93.7 93.2 92.3 91.9 91.3 90.8 90.1 89.3 88 87.6 87.2 86 85.5 85.1
78.4 81.8 86.6 91.1 94.1 95.1 95.4 95.1 94.7 93.3 91.9 86.9 81.7 78 75.1 73 71.7 70.5 70.3 69.2 72.1 73.9 76.1 80.3 81.5 82.1 82.8 85.2 89.4 94.2 98.5 99.8 101.1 102.4 103.8 107.2 108.3 110.1 111.2 111.1 110.1 106.9 100.6 94.3 89.5 96.4 98 86.1 89.7 97.2 103.3 103.2 102.8 86.8 88.5 92.7 103.2 100.4 98.2 96.8 95.3 95.1 96.1 96.5 96.4 96 95.6 95.3 94.6 94.1 93.9 93.4 93.7 92.6 91.7 91.1 90.7 90.3 89.8 88.5 88 87.7 86.9 86.1 85.4 84.2
81.7 87.5 91.8 94.7 95.1 95.3 95.4 95.3 94.3 93 91.7 87 81.7 78.4 75.6 73.7 72.5 71.6 70.6 70.5 70.4 73.6 76.7 80.9 82.3 81.8 82.8 86.3 90.2 95.2 99.1 100.2 101.2 102.3 105.3 107.8 109.3 111.1 112.1 112.8 112.1 102.4 98.5 96.3 99.4 95.7 85.8 88.3 104.4 103.9 103.2 103.2 103.3 103.1 99.2 93.7 100 98.3 97.3 95.8 94.7 94.3 94.8 95.5 95.5 95.5 95.4 95 94.4 93.7 93 92.7 93 92 91 90.5 89.9 89.5 88.9 87.7 86.8 87.1 86.4 85.7 85.1 85
86.6 92.3 95.2 95.3 95.7 94.9 94.7 94.5 94.3 93 91.6 86.4 82.8 79.1 76.2 74.2 73 71.9 70.8 70.3 70.3 72.7 77.5 81.2 82 81.6 82.9 87.2 91.4 96.2 98.3 99.3 100.1 102.5 105.4 107.2 107.1 105.2 104.7 105.4 99.8 97.3 88.4 94.1 89.7 85.7 92.9 106.5 106.9 104.1 103.3 102.6 102.7 102.4 101.1 99.7 98.4 97.8 96.3 95.6 93.8 94.1 93.6 94.7 94.8 94.9 95 94.8 94.1 93.5 92.8 92.3 92.2 91.4 90.4 89.9 89.3 88.8 88 87.7 87.1 86.3 86.8 85.1 87.9 86.7
92.7 95.8 96.4 95.8 95.6 94.2 93.8 93.7 93.6 93.1 91 88 84.1 80 76.9 74.7 73.6 72.5 71.4 70.1 69.8 72.4 77.9 81.2 82.4 81.3 83.3 86.9 91.4 95.4 97.6 98.5 100.3 103.5 105.9 107 100.6 91.8 90.6 92.2 90.9 83.8 84.7 84.7 84.9 103.1 108.4 106.9 105.4 104.4 103.4 102.5 102 102.1 100.9 99.2 98 97.2 94.9 94 93.5 92.8 92.8 93.7 94 94.1 94.2 94.3 93.9 93.2 92.6 92.1 91.5 90.6 89.8 89.2 88.8 88.3 88.3 87.7 87.1 86.2 85.3 84.7 85.1 84.3
96.1 96.7 95.7 95.9 95.7 93.6 93.3 93 92.8 92.6 91.2 89.8 85.5 81.1 77.6 75.3 74.2 73 71.7 70.5 69.7 71.4 78.5 81.2 81 81.6 82.8 86.5 90.7 93.5 95.6 98.8 101.3 104.8 102.8 100.3 97 83.9 77.1 86.1 86.7 77.1 77.1 82.1 103.1 109.4 108.1 106.7 105.8 104.7 103.6 102.7 101.8 101.4 100.5 99 99.1 97.4 94.2 93.5 92.5 91.8 92.3 92.7 93.3 93.3 93.4 93.5 93.5 93 92.4 91.7 90.8 89.9 89.4 89 88.5 88.1 88.2 88.1 87.2 86.4 85.5 84.7 84.4 84.1
96.9 96.1 95.3 95.3 94.8 93 92.7 92.5 92.3 92.1 91.4 90 86.5 82.5 78.7 75.8 74.5 73.3 72 70.8 69.9 70.5 78.5 80.7 80.6 80.8 81.9 85.2 88.5 92.4 97.1 99.6 101.9 105.7 91.8 90.1 89.7 83.6 77.1 80.8 77.1 77.1 77.6 92.3 111 108.8 107.9 106.8 106.1 105 103.9 102.9 102 101.2 101.3 97 95.9 94.8 94 93.2 91.5 91.3 91.7 92.1 92.5 92.5 92.6 92.7 92.7 92.7 92 90.9 90.1 89.6 89.1 88.7 88.3 87.9 88 87.7 87 86.1 85 84.7 84.1 83.9
97.8 95.7 94.9 94.5 93.9 92.5 92.1 91.9 91.7 91.5 90.8 89.1 86.4 82.7 78.2 75.7 74.2 72.9 71.7 70.4 70.9 72.8 78.9 81 80.7 80.5 81.3 84.2 88.6 94 98.5 100.4 102 105.3 80.7 77.1 77.1 77.1 77.1 77.1 77.1 77.1 84.7 111.7 110.1 108.8 107.9 106.8 106.4 105.3 104.3 103.2 102.2 101.1 99.1 97.1 95.3 93.6 92.7 91.7 90.6 90.7 90.9 91.1 91.8 92 92 92.1 92.1 91.8 91.5 90.3 89.8 89.3 88.9 88.5 88.1 87.8 87.9 87.5 86.8 85.4 85 84.8 84.1 83.7
95.7 95.1 94.4 93.8 93 92.2 91.6 91.3 91.1 90.8 88.4 87.5 84.8 80.6 77.4 75.7 73.9 72.6 71.3 70.3 70.7 73.8 77.4 79.9 80.2 79.9 80.7 84.5 89.7 94.8 98.5 99.8 101.8 103.6 81.1 79.1 77.1 77.1 77.1 77.1 77.6 84.2 108.8 111.2 110.1 109 107.9 106.7 105.5 104.7 103.2 102.1 101.1 101 98.8 97 95.2 93.8 92.4 91.4 90.2 89.7 89.6 90 90.8 91.6 91.6 91.6 91.2 90.6 90 89.8 89.6 89.1 88.6 88.2 87.8 87.7 87 86.8 85.9 85.3 85.1 84.8 84.1 83.4
95.1 96.3 94 92.8 91.9 90.8 89.8 90.6 90.3 89.9 87.4 83.1 79.5 76.1 75 74 72.2 70.8 70.5 70.3 71.8 72.6 75.1 78.6 79.6 79.2 81.5 85.8 91 95.9 97.9 99.4 100.6 102 82.9 78.5 77.1 77.1 77.1 77.1 86.2 109.9 111.5 110.2 108.9 107.6 106.5 105.4 103.8 103.3 102.4 101.2 101 99.7 97.5 95.8 94.9 93.8 92.8 91.5 90.1 89.6 89 89.1 90 90.5 90.7 90.7 90.1 89.6 89 88.9 88.6 88.6 88.4 87.9 87.7 87.3 87.2 86.4 85.4 85.1 85.1 84.8 83.9 83.3
94.4 93.8 93 91.9 90.2 87.5 85.7 88.3 89.3 88.4 87.2 81.5 75.3 73 71.3 70.4 71.1 71 71.4 71.8 72.8 73.6 74.8 77.5 79 80.1 82.8 87.4 92.8 95.9 98.2 98.9 99.4 101.7 91.9 79.1 77.5 77.1 77.7 93.9 110.4 111.1 111.3 109.5 108.1 106.8 105.4 104.1 103.2 101.8 100.5 100 99.2 97.3 96.1 95.2 94.2 93.2 92.1 91 89.8 89.1 88.5 88.7 89.1 89.7 90.3 89.9 89.4 88.8 88.2 88 88.2 87.6 87.6 87.6 87.5 87.3 87 86 85.2 84.9 84.5 84.8 83.7 83.3
93.8 91.9 90.8 90.3 89.1 84.9 82.5 83.6 84.6 83.3 81.8 78.5 72.9 70.9 69.3 70.6 71.6 71.9 72 72.7 75.4 76.6 77 77 78.4 80.6 83.6 87.7 92.4 95.6 97.6 98.1 99.1 100.1 101.9 79.1 78.2 83.1 99.6 110.1 110.3 111 110.9 109.1 107.4 106 104.6 103.5 102.6 100.3 99.1 98.2 97.3 96.4 95.5 94.5 93.6 92.5 91.6 90.4 89.5 88.8 88.5 89 88.8 89.2 89.4 89 88.5 88 87.4 87.3 87.4 86.9 87.1 87.4 87.4 87.2 86.7 85.7 85 84.7 84.3 84.2 83.6 83.2
92.3 89.8 88.5 88 86.8 83.3 80 79.2 78.5 77.2 77.1 73.1 71.8 71.3 72.6 71.5 72.2 72.4 72.7 73.6 76.3 78.9 78.7 78.3 78.6 81.6 84.2 89.3 92 94.5 95.2 96.1 97.6 99.4 100.5 93.4 88.7 105.8 107.2 108.5 109.5 110.5 110.2 108.7 107 105.2 104 103 100.8 98.5 97.4 97.3 95.9 95.6 94.8 93.9 92.9 91.9 91 90 89.2 88.8 88.7 89.1 88.5 88.4 88.5 88.1 87.6 87.2 86.7 86.5 87 86.9 86.9 87.1 87.3 87.1 86.3 85.4 84.8 84.5 83.9 83.7 83.5 83.3
91.5 87.9 86.1 85.6 83.4 80.6 77.3 76.1 73.7 72.6 72.2 70.4 71.3 72.9 72.1 73.6 72.8 73.4 73.8 74.7 78 80.4 80.4 79.8 79.2 81.2 84.4 88.5 91.5 92.1 93.5 94 95.9 97.5 98.3 99.7 102.5 104 106.6 107.6 108.4 109.2 108.5 106.9 105.4 104.4 103.4 101.2 99 97 95.9 95.9 94.6 94 93.9 93.2 92.4 91.7 90.8 89.9 89.6 89.2 89 87.9 88.4 87.6 88 87.6 87.1 86.7 86.5 86.8 87.3 87.1 86.8 86.9 87 87 86.1 85.2 84.6 84.1 83.6 83.2 83 83.2
91.5 88.1 83.5 81.3 79.1 76.8 74.5 73.5 73.2 71.7 71 71.3 72.2 72.3 73 75 73.9 73.7 74.8 75.9 79.3 81.5 82.4 82.3 81.9 81.4 84.1 87.7 89.4 90.7 91.4 92.2 93.8 95.9 97.4 100.7 101.3 103.1 105.9 107.2 108.2 108.1 107 105.9 104.9 103.4 101.6 99.6 97.4 96.6 94.9 94.3 93 92.6 92.6 92.6 92.1 91.5 90.8 89.9 89.6 88.8 87.3 87.2 87.8 86.7 87 87.2 86.5 86.6 86.5 87.1 87.5 87.2 86.9 86.8 86.9 86.6 85.8 84.9 84.3 83.8 83.2 82.9 82.8 83
89.8 87 81 77.4 75.7 75 74.8 72.9 71.6 72.2 72 72.2 72.6 73.4 74 74.9 75 74.6 75.6 77.2 79.6 81.8 83.7 84.7 84.9 84.5 83.9 86.4 86.8 87.9 90.4 92.1 94.1 96.2 97.8 100.8 102.5 103.6 102.6 107.3 107.6 107.2 106.6 105.1 103.5 101.8 99.8 97.9 97 95.1 93.8 92.9 92.1 91.8 91.8 91.8 91.6 91.2 90.6 89.9 89.3 88.7 87.6 86.8 86.1 86 86.1 86.1 85.8 86.5 86.8 87.3 87.6 87.3 87 86.7 86.3 85.6 85 84.5 84.4 84.1 83.7 83.2 82.8 82.8
82.7 80 78.4 77.1 77.5 77.5 75.3 74.9 72 71.5 71.7 73 73.7 74.5 75 75.2 75.6 76.2 77 78.3 79.9 82.1 84.8 87.4 87.8 87.8 87.6 87.4 87.4 89.1 90.6 93.7 96.6 97.3 98.9 101.1 102.3 103.9 105.5 104.8 102.5 106.8 105.9 103.5 101.8 100 98.1 97.1 96.3 94.1 93.2 92.2 91.1 91.1 91.2 91.1 90.8 90.6 90.2 89.6 89 88.4 87.9 87.4 86.9 86.4 86 85.6 85.5 86.4 87.5 87.8 87.8 87.5 87.2 86.8 85.5 85.1 84.7 84.3 84.3 84.1 83.6 83.1 82.7 82.9
79.6 81 81.3 82.7 81.7 79.7 76.7 72.8 70.8 71.6 73.1 74.6 75.3 75.8 76.4 77.5 78.5 78.7 79.6 79.9 81 83.1 86.5 89.1 90.6 90.8 90.6 90.6 89.8 90.2 92.4 95.7 97.7 99.4 100.9 102.7 103.6 105.1 105.7 106.4 106.9 102.1 105 102.1 100.1 98.5 97.2 96.4 95.1 93.2 92.5 91.7 90.7 90.5 90.6 90.4 90.1 89.9 89.6 89.1 88.7 88.4 87.8 87.1 86.6 86.1 85.7 85.3 85.5 86.3 87.5 87.5 87.9 87.7 87.4 85.8 85.3 84.9 84.5 84.1 84 83.8 83.5 83 82.8 83.1
85.6 85.5 86.1 85.5 84.3 79.4 76.1 71.9 71.4 72 73.1 75.5 77.4 78.1 79.1 80.5 81.8 81.6 81.6 81.4 82.9 85.8 89.1 92.3 95.2 95 95.2 94.4 93.4 92.9 94.8 97.1 98.4 101.4 102.5 103.8 105.3 105.4 105.7 106.6 105.7 104.9 100.1 101.4 98.8 97.6 96.5 95.2 93.9 92.5 91.7 91 90.4 89.8 89.9 89.7 89.4 89.1 89 89 88.8 88.5 87.9 87.1 86.3 85.8 85.3 85 85.5 86.2 87 87.4 87.1 86.8 86.4 85.6 85.2 84.7 84.3 83.9 83.7 83.5 83.3 82.9 82.9 83.1
89.4 87.9 86.5 85.3 84.1 79.3 75.4 73.1 72.2 71.9 73.6 76.5 79.5 80.8 81.8 83.3 84 82.7 81.8 82.6 85.6 88.6 92.1 95.4 95.4 95.3 95.5 95.8 96.1 96.6 96.7 97.9 101.1 102 102.8 103.8 104.8 105 106.1 106 105.2 103.2 103.1 100.9 98.2 96.6 95.3 94 92.7 91.6 90.8 90 89.6 89.4 89.3 89 88.8 89 89.3 89.2 88.9 88.6 88 87.2 86.4 85.6 85 84.7 85.4 86.1 86.9 87.2 86.8 86.4 86 85.6 85 84.5 84.1 83.6 83.4 83.2 83 82.8 82.9 83
89.6 87.8 86.9 85.6 82.6 78.6 75.5 73 71.1 71.6 73.9 77.5 80.6 82.6 84 85.1 84.7 82.7 82.8 85.2 88.1 91.3 96.1 97.3 97.2 97 96.5 95.9 96.1 97.6 99 99.3 101 101.4 103 103.1 104.4 104.3 104.6 103.4 103.4 101.6 99.3 96.6 97.2 95.2 94 92.6 91.6 90.9 90 89 88.2 88.4 88.7 88.9 89.1 89.3 89.6 89.3 89 88.7 88 87.2 86.5 85.6 84.8 84.4 85.1 85.7 86.4 86.8 86.3 86 85.6 85.2 84.8 84.4 83.9 83.4 83 82.6 82.7 82.8 82.9 83
