Assets/StreamingAssets/GeoData/Data/ns/NS02.asc
ncols 200
nrows 200
xllcorner 200000
yllcorner 620000
cellsize 50
[rows 144 to 179 of 200, columns 0 to 81 of 200]
230.8 240 241.4 238.6 234.5 231.9 229.3 226.6 225.4 224.2 223 220.8 213.4 206.8 202.5 200.9 205.1 218.2 232.7 241 244.2 248.4 254.3 259.2 262.7 263.6 265 266.2 267 266.6 266.4 265.8 262.3 257.6 249.7 235.1 217.2 203.2 187.6 174.6 171.9 169.3 166.2 166.6 165.6 172.5 173.1 173.9 176 176.3 178.2 182.8 188 188.8 192.8 202.5 212 218.1 218.1 214 211.3 207 208 209.6 210.6 212 211.2 209.2 207.8 207.4 207.6 206.8 207.5 205.9 202.3 197.9 185.5 179.7 175 172.3 169.2 166.4
229.3 237.3 240.9 240.4 236.7 231.8 229.7 228.4 227.6 227.1 224.8 221.4 213.5 208.2 201.6 199.3 200.8 211.6 223.8 235.7 241.2 245.3 250.7 255.5 260.9 262.7 264 265.3 266.4 266.9 267.5 267.8 265.6 261.6 253.4 240 219 196.5 180.7 173.3 169.7 167.1 166.5 162.2 165.5 169.2 171.1 173.5 175.3 172.6 173.7 176.9 181.8 187.3 192.9 200.8 210.7 216.2 216.3 214.3 211.4 205.7 205 206.4 207.9 209.4 207.9 205.6 203.3 203.1 202 202.7 204.7 200.8 197 192.8 184.5 176.2 172.5 169.4 167.1 164.7
237 234 241.5 240.7 239.4 233.9 229.8 229.2 228.9 227.9 225.8 221.6 214.8 208.1 201.2 198.6 198.9 204.4 216.2 228.2 238.3 242.5 246.9 251.3 257.3 261.6 264.3 264.9 265 265.6 266.2 266.5 266 262.7 255.9 242.1 218.1 195.6 176.3 171 168.6 167.4 161.5 153.4 162.1 164.1 169.2 171.9 171.1 169.3 169.5 170.7 180.8 189.1 193 200.4 210.2 213 213.4 211.9 208.7 203.6 200.9 203.1 205.5 206 204.1 202 198.7 199.7 197.4 197 199.4 195.2 191 188.7 186.8 176.6 173.5 168.7 165.9 163.6
247.2 232.2 242.9 240.9 239.8 235.9 230.8 230 229.3 228.4 226.7 221 215.1 208.5 203 197.4 198 199.4 208 220.8 234 239 242.4 245.5 253.9 260.9 262.3 263.6 263.5 264.2 264.3 263.6 262.6 259.2 251.8 238.1 215.6 192.8 172.7 169.7 168.8 167.9 156.2 151.9 155.1 163 166.8 167.5 165.8 163.4 165 168.7 179.2 186.2 192.2 199.7 206.3 207.7 208.4 207 205.6 199.7 198.5 201.4 202.4 202.3 200.8 199.3 196.3 193.9 194.8 195.3 193.3 190 188.3 186.7 184.4 178.7 174.7 168 163.9 162.7
251.1 238 238.5 242.2 239.4 235.6 231.7 230.1 229.8 228.7 225.9 222.3 217.6 211.2 205.1 197.3 196.6 197.8 201.1 212.4 227.3 235.4 238.7 243.3 250.8 257.3 259.7 261.7 260.7 261 261.3 260.7 259.5 253.8 246.5 230.3 208.3 190.1 174.3 169.5 168.1 161.2 151.2 149.2 153.4 159.9 163.9 161.9 161.1 160.2 159.9 166.5 177 185.3 191.5 196.2 201.2 203.8 203.7 200.4 197.9 192.8 196.4 199.2 199.7 199.5 198.6 197.1 195.2 191.5 192 190.4 187.8 186.7 185.8 184.3 183 182.4 179.8 166.6 162.2 163.5
249.8 240.5 229.6 242.7 240 235.7 231.9 230.1 229.7 228.7 227.9 224.4 219.5 213.6 206.6 198.4 195.5 196.9 199.1 206.6 218.9 232.1 237.1 241.6 248.2 253 257.2 258.6 257.8 258.1 258.4 257.8 256.8 252.3 241.8 226.5 207.3 190.8 175.2 169 167.2 151.8 147.1 149 152.5 158.1 159 158 157.6 157.2 157.3 164.4 175.5 184.2 188.3 191.6 196.2 200.2 197.4 192.5 188.1 192.1 194.7 196.7 197.3 196.6 195.8 194.7 193 189 187.2 184.4 182.1 182.3 182.1 180.5 180 180.1 178 162.3 162.6 162
245.6 241 226.3 240.7 240.1 236.1 233.1 230.9 230 229.8 229.5 228.3 224.9 217.7 209.5 199.2 195.9 195 196.1 200.3 211.8 228.8 234.7 239.8 244.5 249.5 254.5 256.4 256.5 256.8 256.8 255.9 255 253.6 241 223.7 205.6 188.4 172.8 163.7 155.6 146.1 146.7 148.6 151.6 155 154.9 155.8 155.7 154.7 156.9 163.1 171.5 178.2 181.9 186.4 190.8 192.3 190.7 183.7 189.5 191.9 193 194.3 194.2 193.7 193 192.2 190.8 187.1 183.5 181.4 178.7 176.6 176.9 175.6 175.4 176.1 165.6 157.7 159.8 155.6
242.9 242.2 230.1 229.8 239.6 237.1 233.7 231.2 231.1 231.4 230.3 228.9 226.2 223.1 215.5 206.1 195.9 194.9 194.1 196.9 204.5 223.2 235.2 237.7 241.6 246.6 251.6 254.6 254.8 255.3 254.7 253.9 253 252.1 240.6 222.1 204.5 183.9 164.4 156.9 150.3 144.3 152.2 149.6 149.8 150.8 151.1 152.2 152.5 152.8 154.4 161.3 166.1 171.9 176.5 180.9 185.1 186.7 185.7 183.6 187.7 187.9 188.9 188.3 188.7 190 191.3 189.5 188.2 186.4 183.2 178.7 175.5 174.5 173.1 171.2 171 172.1 157.8 155.2 155 148.8
238.2 240.1 231.8 214.7 231 233.7 232.8 231 230.4 231 230.6 229.4 227.4 225 222.5 210.3 199.4 195.7 193.8 194.5 200.1 222.1 234.6 236.8 238.9 243.6 248.6 252.3 253.6 253.9 252.7 251.9 250.9 249.3 242.4 228.2 203.4 178.7 157.5 148.8 144.7 154 147.2 147.6 146.2 145.9 147 149.6 149.9 149.3 153.3 157.3 160.9 166.5 171.3 175.5 179.8 181.5 183.1 174.6 183.7 183.7 182.8 182.8 182 184.5 185.8 185.7 185.8 184.2 181.6 176.8 172.4 171.5 169.7 167.6 161.5 158.4 152.8 151.3 149.4 147.3
232.4 234.8 231.4 210.8 221.1 227.1 229.9 232.6 231.1 230 230 229.2 228.4 226.2 223.8 215 203.6 196.1 194.2 192.9 198.9 218.2 232.5 235 237.5 240.2 244.5 248.8 250.4 251.9 249.7 248.5 248.8 246 242 222.6 187.8 165.6 150.4 139.7 142.8 145.3 144.8 145 142.4 141.3 143.1 146.8 148 147.5 150 153.8 157.5 161.7 166.8 171.1 175.4 176.9 177.1 168.3 179.4 179.5 178.6 178 178.8 180.5 180.8 180.7 181.4 179.3 178.7 173.9 170.4 168.5 166.1 162 154.3 149.6 148.5 148.4 146.3 143.9
228.4 229.6 225.9 203.9 209.9 217.8 222.1 227.3 229.3 228.6 228.7 228 227.9 227 224.8 221.3 210.2 197.9 195.5 192.5 198.4 215 230.2 234 236.8 239.5 242.7 246.1 248.3 249.2 246.7 247.1 248 244.3 239.9 207.2 175.8 157.4 141.7 115.5 142 139.5 141.2 141.8 138.2 136.7 139.4 140.8 142.8 145.3 147.8 150.9 153.9 158.3 162.5 166.9 170.7 170.9 171.9 165 173.8 175.5 176 175.3 175.5 176.3 176.7 175.1 175 174.3 173 169.9 165 162.8 163.8 157.1 148.3 145.9 145.7 142.5 142.1 139.4
219.5 222.8 221.2 194.5 202.1 209.9 214.9 219.3 223 226 226.9 227.7 226 227.1 224.7 223 220 201.7 195.2 192.4 196.3 211 227.4 233.2 236.1 238.8 241.7 245.6 248.4 247.4 243.6 244.1 244.1 239.1 224 185.7 165.2 151.5 121.8 107 139.2 134.9 137.2 138.6 133.6 131.9 134 135 135.9 140.5 143.8 146.9 152.5 155.3 157.4 161 165 167 168.2 167.9 165.5 173.1 173.3 172.6 171.1 170.1 169 171.6 172.1 171.3 169.3 165.7 160.1 154.1 155.9 149.1 143.6 142 140.3 138.2 136 135.1
211.8 213.8 210.7 187.4 195 203.8 209.5 212.9 216.7 225.8 226.3 226.6 226 225.5 224.9 224.1 222.6 212.4 198.5 193.4 194.2 205.4 223.9 232.4 235.3 238.2 239 242.1 243.7 242.3 239 239.6 237.6 232.4 194.6 167 154.8 144.2 119.4 94.3 133.4 130.7 133 126.8 126.2 125.2 127.1 128.2 132.7 136.2 139.4 144.2 147.9 150.6 152.9 155.8 159.6 161.4 163.9 166.1 159 164.8 166.4 166.2 165.4 164.6 164.5 168.5 170.2 169.4 164.9 160.2 153.7 147.1 145.1 142.2 139.7 137.1 134.8 134.5 133.4 125.3
203.1 198.5 187.4 188.6 192.6 198 203.3 203.6 215.1 223.2 225 225.5 225.9 224.1 224.9 224.5 223.9 222.5 218.3 201.8 194.2 198.4 217.3 229.7 233.8 234.9 234.2 236.7 236.7 235.7 233 230.8 225.4 201.9 170.5 157.6 149.9 141.5 116.9 88.1 106.7 123.3 121.8 120.3 118.7 118.2 116.4 125.1 129.9 132.7 136.1 139.6 141.7 144.5 147.1 149.9 152.7 156.9 160.7 157.3 155.2 158.9 159.5 159.4 158.6 157.9 159.2 161.8 162.1 158.3 157.8 154.8 148.2 144.4 139.9 138.8 135.5 132.7 130.7 129.9 125.9 121.1
194.4 187.7 181.9 188.9 189.3 192.7 195.5 201.2 210.4 219.2 223.1 225.2 225.7 222.9 223.6 224.4 224.2 224.7 221.3 211.6 207 188.6 204.4 222.9 227.7 230 229.6 229.9 229.2 219.7 208.2 214.7 203.2 172 160.2 151.5 142.6 134.7 127 85.6 93.7 114 113.9 112.4 111.4 106.7 117.4 123.6 128 130.3 132.4 134.8 136.6 137.5 140.3 143.1 147.5 152.4 153.2 146.5 152.5 155.1 155.8 155.5 154 152.1 152.8 154.1 155 154.6 152.4 148.8 144.3 139.4 136.9 134.1 131.4 128.8 126.8 124.4 120.2 115.8
184.2 176.2 182.4 185.8 185.6 187.1 187 195.8 203.6 214.1 219.6 224.1 225.2 221.7 222.3 223.6 224.2 222.5 218.2 211.8 206.6 189.9 178.6 212.8 221.2 220.6 219.1 216 210.9 200.4 193.7 184.3 170.6 161.3 153.5 145.8 131.9 125.1 118 88.9 82 105.5 106.8 107.1 105.8 108.4 115.2 120.3 123.6 126.1 128.8 130.3 131.1 131.2 133.8 138.9 143.5 144.8 145.3 140.3 148 151.2 152.6 153.6 151.9 151.2 152.4 153.5 153.4 151.8 148.2 145.1 140.3 133.9 131.9 131.7 130.6 129 124.6 121 117.1 110.5
170.6 176.5 180.9 182 181.5 179.5 184.8 190.1 199 208.1 215.1 220.5 223.2 220.2 219.4 220.9 222.6 220 217 213.7 200.7 194.7 160.2 196.1 201 199.6 196.2 193.9 190.6 182.2 172.6 165.7 160.5 153.4 145.1 130.8 122.2 116 110.3 86.9 76.5 98.7 103.2 103.5 99.4 107.4 111.7 115.4 117.9 120.1 122.1 124.1 125.6 126.7 129.4 133.5 134.4 134.8 135.8 135.7 142.9 147.3 147.3 150 150.3 150.3 150.8 150.5 148.9 147.6 145.8 143 139 131.5 129.7 129.4 134.1 133.4 127.7 120.9 115.4 111.8
167.7 173.5 178.7 178.5 175.5 177.7 181.5 185.6 193.6 200 207.1 213.7 217.8 218 216.7 217.4 218.4 216.9 216.3 213.2 202.6 171.5 141 173.3 177.7 176.4 174.2 173.5 170 165.2 159.5 155 151.1 144.2 128.9 119.8 113 107.8 102.3 81.4 74.7 92.9 99.9 100.7 92.8 102.8 106.1 109.7 113 116.3 117.4 118.3 119.2 120.2 123.3 125.9 127.5 125 127.1 134.9 139 141.8 142.1 144.9 146.4 146.3 145.7 145.7 145.3 144.6 143 139.3 136.2 130.3 132.5 131.2 130.9 130.7 128.1 119.9 116.5 114.1
168.1 174.4 174.9 173.1 171.8 175.2 177.6 180.9 186.6 194.2 199 204.7 210.4 213.6 213 211.7 210.6 211.3 211.7 210.5 204.2 163.8 131.7 155.8 159.7 159 161 158 156 152.8 149.4 143.3 141.8 126.4 117.3 111.1 105 99.7 94.6 75.6 76.2 90 97 95.3 95.6 98 101.1 104.2 108.3 110.7 110.5 112.9 112.6 114.5 117.1 115.5 110.6 112.9 126.9 131.8 133.1 135.9 137.1 140.5 141.3 141.6 142.1 142.2 142 141.1 137.8 135.8 133.3 126.3 129.1 127.7 126.8 125.4 125.5 111.8 114.3 111.6
165.4 169.6 169.2 169.9 173.8 174.7 172.9 175 180.5 187 191.7 196.2 201.7 206.8 206.2 205.5 203.6 204.9 207.2 206 202.2 160.2 124.3 136.2 143.8 142 143.1 146.7 145.8 144.6 141 131 123.3 114 108.4 103 97.2 93.1 89.1 76.3 77.3 88.3 91.9 90.1 84.8 93.4 96 99.8 103.2 104.9 105.3 106.6 106.7 107.7 104.1 98.9 105.1 118.5 124.5 127.3 129.6 131 132.6 135 136.2 137.2 138.1 138.4 137 135.7 133.1 131.9 128.6 123.2 125.6 124.9 123.7 122.4 120.8 100.1 106.9 108.6
160.6 161.6 162.2 169 174.9 172 169.3 171.2 173.9 178.6 182.4 185.9 193.1 199.2 197.4 197.7 197.8 197.4 198.9 198.4 191.9 151.7 121.9 123 130.3 132.7 135.2 135.5 137.5 134.8 132.2 120.7 107.3 103.9 100.2 96.7 92 89.5 86.1 64 71.5 85.9 86.1 80.6 77 86.6 91.2 96.2 97.6 99.8 100.9 101.4 101.9 98.1 89.8 98 110.8 116.5 119.8 122.8 126 127.6 128.6 129.5 131.5 132.7 134.2 133.2 131.6 130.9 130.3 128.4 118 121.1 122.3 121.7 120 118.2 116.8 92.1 100 96.7
149.2 155.8 161.6 164 166.6 166.4 163.3 165.5 168 170.6 173.6 176.8 180.6 185.7 187.5 188.2 188.1 186.8 187.7 185.7 153.5 128.5 112 114.9 118.1 121.8 126.3 129.7 128.7 124.9 117.1 106.8 100.1 96.6 94.2 91.7 87.8 85.8 82.8 60 72.9 79.1 78.7 70.7 72 83.2 87.9 92.1 93.4 95.7 96.5 95.6 94.4 83.8 86.9 103 108.8 112.2 115.6 119.1 122.3 123.9 124.8 125.1 126.6 129.3 130.1 129.4 128.3 126.6 121.1 115.1 116.6 117.4 118.2 118.1 116.3 107.7 95.6 86.9 87 77.5
151.1 154.5 157.1 157.4 159.9 159.2 158.1 157.3 159.2 160.5 162.3 166.3 166 169.7 171.3 169.7 169.6 168.9 157.6 143.3 124.6 108.4 103.5 105.1 109.3 113.6 120.9 123.3 119.9 112.5 104.9 95.6 93 91.3 89.5 86.2 83.5 80.9 76.8 58.9 69.3 73.7 70.6 64 78.2 82.1 85.5 88.7 91.3 93 92.5 89.3 81.2 73.8 92.5 100.1 105.1 109 112 115 117.1 120.6 121.5 122.2 122 123.5 125.7 125.5 124.4 125.6 113.3 111.9 112.7 113.1 112.2 103.1 93.1 85.9 82.8 75.5 74 60.2
146.4 150.4 149.8 152.2 153.6 149.1 144.6 148.6 150.4 150.5 150.5 151.5 152.9 153.1 153.1 152.6 150 141.8 129.5 115.7 103.7 96.7 98.8 99.6 105.7 112.5 115.1 113.3 109.5 99.1 91.9 89.7 87 86.9 85.6 82.4 78.6 75 72.3 59.4 58.6 64.1 60.9 67.3 75.1 78.6 82.4 86.2 88.7 90 86.5 79 66.8 79 94.7 98.3 101.9 105.1 107.8 111.1 114.5 117.3 118.2 118.8 117.6 117.6 118.5 120.1 121.4 110.6 107.6 107.8 106.4 100.4 90.4 84.8 78.7 74.9 69.1 57.8 51.4 36.4
138.9 139.8 141.2 143.8 145.4 141.1 139.8 138.5 139.1 137.2 137.4 138.9 139.6 138.7 139 133.5 126.7 117 107.8 98 93.5 87.4 94.7 98.4 104.3 106.8 106.6 102.8 95.4 88.8 84.5 83.8 82.9 81.5 81.1 77.9 71.2 68 67.2 60.8 42.3 58.1 56.5 65.3 69.7 75.5 80.6 83.8 85.2 85.4 81.5 66.2 66.4 85 89.2 92.2 95.7 100.3 104.4 107.9 110.9 113.1 114.1 113.9 112.6 112 109.5 115.9 100.6 101 104.1 101.3 91.9 83.1 76.2 70.3 65.4 61 49.8 40.6 29.4 21
130.1 130.2 134.5 138 136.8 133.3 129.2 127.7 125.3 123.8 122.5 123.9 124.1 122.5 118.7 112.4 110.1 100.5 93.4 87.9 84.2 86 90.9 96.1 99 99.8 96.6 91.8 85.6 82.7 80.2 79 78.9 75.6 73.4 69.5 64.2 62.5 63.9 62 46.3 48.8 52.6 63.6 68 73 77.5 80.6 82.2 81.4 70.2 56.9 64.5 79.9 80 88.5 94.4 98.9 102.8 105.9 108.1 110 111.2 111 107.3 101.3 93.8 93.8 96.7 99 95.7 73.8 72.1 67.6 64.2 59.8 54.4 44.1 33.9 27.8 22.7 12.1
123.2 123.3 128.3 131.9 127.8 124.2 121.8 114.7 112.8 111.9 111.6 110.7 109.5 108 103.8 102 95.5 88.1 84.3 80.5 81.4 85.2 89 92.4 93.6 92.5 88.5 84.4 80.9 78.3 76 73.4 71.4 68.4 64.3 61.1 58.6 57.3 58.7 58.8 47.8 34.1 58.3 61.6 66.5 72.1 76.6 79.4 80.2 79.4 61.4 52.1 64.1 68.5 80.7 85.9 91 95.2 99.5 102.9 105.2 107.2 107.1 103 96.9 90.6 89.8 92.7 91.5 89 79.1 60.9 62.5 57.9 54.7 50.2 40 32.2 26.4 22.4 17.5 9.9
119.6 119.5 123.3 122.1 118 114.5 112.8 100.1 103.3 101.7 100.9 98.1 96.1 95.7 92.8 89.8 82.9 79.5 77 69.6 79.8 82.7 86.3 87.4 86.5 83.6 81 79.8 76.2 72.7 68.8 65.6 61.5 59 55.1 52.9 53.3 53.6 55 50.9 41.6 36.7 57.2 60.2 66.1 71.9 76.1 77.9 77.8 74.5 58 44.5 55.2 70.7 78.6 84.3 88.6 93 98.1 102 103.9 102 98 91.4 82.8 85.4 87.3 85 81.5 76.5 65.9 57.2 49.4 49.8 45.8 40.4 32 26.4 23.2 20.1 14 7.8
115.8 117.2 117.9 113.1 107.8 103.5 99.8 96.7 93.2 92.1 90.1 88.4 87.4 86.4 84.6 79.4 75.7 73.4 66.5 75.2 78.1 80 81 79.4 79.1 78.8 75.7 72.8 68.5 64.4 60.7 57.6 54.2 51.7 49.8 48.5 49.4 50 47.1 39 27 44.1 55.3 59.4 65.7 69.9 72.4 71.3 70 66 49.4 40.1 55.3 72 77.2 82.4 87.5 91.8 96.2 98.4 97.1 91.1 87.3 78.7 77.5 79.7 79 73.3 70.1 63.4 57.5 51.1 45.5 43.3 38.3 32.4 27.9 24.5 21.4 18.5 12.8 5.9
114.8 113 107.3 100.8 96.2 91.3 90.1 86.9 84.5 83.8 83.8 82.9 82.3 80.6 76 71.1 69.3 66.9 62.1 70.9 73.5 73.4 73.3 73.1 72.9 71 68.4 64.3 60.3 56.8 53.3 49.6 46.8 44.2 43.7 43.5 44.6 46.7 39.2 24.7 34.5 47.5 51.1 56 61 63.5 65.6 64.3 62.1 58.3 39.7 41.5 56.8 67.2 74.7 80.6 85.3 89.4 93 91.5 84.6 79.4 74.2 70.2 73.6 71.2 67.2 62.3 58 52.6 47.4 44.8 41.7 37.2 35.6 31.3 26.4 23.4 21.3 19.2 13.2 1.7
111.1 102 98 91.2 85.1 83.3 80.2 78.4 78.4 78.5 78 77 75.5 71.6 67.2 65.1 64.6 58.8 65.7 67.5 69.4 69.3 69.1 68.3 67.2 65.5 62.3 58.4 52.7 49.5 45.4 43.3 40 29.8 30.9 36.9 41.1 42.9 33.5 16.7 36.6 41.8 46.4 51.4 56.1 58.7 60.6 60.1 57.7 49.1 31.1 43.4 59 66.6 73.3 78.8 82.9 86.1 84.3 77.6 72.2 67 65.2 66.6 63.5 59.9 56.3 52 48.8 45.2 42.4 41.1 40.7 38.1 34.2 30.3 26 23.4 21.2 20.3 11.2 1.6
104.1 94.9 82.3 81 77.1 74.3 73.5 73.1 74.5 74.3 73 71.8 68.5 64.5 62.5 61.2 60.3 48.2 62 64.5 65.7 66.6 65.6 63.6 61.8 58.8 54.9 50.2 46.5 42.5 40.5 19.5 12.4 10.3 10.2 11.3 13.9 25.1 17.7 20.8 33.4 36.8 41.7 46.5 50.9 53.1 54.4 53.3 50.9 36.5 28.4 44.4 57.8 64.2 71.5 75.9 76.8 74.2 67.7 63.7 59.9 57.9 56 56.5 54.3 51.4 48.3 44.2 42.8 40.7 40.4 39.7 40 33.7 31.7 29.4 26.4 23.5 21.9 20.9 8.8 1.1
97.9 88.8 81.2 71.9 69.2 68.6 65.7 48.4 42.6 48.8 60.4 45.3 56.2 59.5 58.3 57.3 57 42.5 59.4 59.4 62.2 57.3 49 49 41.5 50 48.2 45 26.7 13.8 11.2 6.7 4.6 5.1 5.8 6.1 7 10.7 7.5 12.6 19.9 32.7 37.7 41.9 46.8 47.6 47 45.6 41.4 26.7 32.8 51.1 56.5 62.7 66.6 67.7 63.8 58.6 55.3 52.2 50.7 50.2 46.9 47.9 46.2 43.3 41.3 39.2 40.5 38.4 37.4 36.9 33.8 31.8 31.6 29.2 28 26.5 22.3 14.2 6.5 0.7
92.3 81.9 74.7 62.1 51.1 30.7 24 23.5 20.9 25.3 23.2 22.3 24.4 28.9 33.3 28 24.8 29.4 37 37 48.2 26.2 18.4 14.9 11.5 12.9 14.9 14.2 9.2 4.4 2.1 1.7 1.7 1.4 0.9 0.8 1 5.3 5.4 9 9.6 12 29.9 36.7 34.8 24 21.5 21.7 22 15.5 35.8 43.1 49.2 54.9 56.4 53.7 48.9 44.8 44.7 45.9 43.2 43 39 42.1 42.2 39.5 36.5 36.3 34.3 33.2 33.8 31.6 30.6 30 29.6 27.4 25.9 24 10.8 6.9 2 -1.1
87.5 74 51.6 37.7 21.5 13.8 8.6 8.5 7.9 7.3 8.9 8.8 8.4 10.1 11 10.5 10.1 10.7 11.2 11.7 10.6 8.9 3.1 2.4 3.6 5.4 4.8 6.3 4.8 1.5 -1.1 -1.1 0.3 0.3 -1.1 -1.1 -1.1 1.1 -1.1 4.7 7.1 7.7 9.9 15.7 14 11.6 8.3 7.6 8 10.5 15.6 22.6 28.7 34.2 40.6 40.2 38.9 38.6 38.2 37.3 37.7 37.7 38.2 39 40.8 32.2 33.5 32.3 32.1 30.7 30 29.2 28.9 28.4 26.8 25.3 24.1 11.6 6.1 2.3 0.6 -1.1
61.3 30.9 18.1 12.9 9 2.2 1.6 2.4 1.7 1.7 2.5 1.9 3.8 5.4 5.6 5.9 6.1 7.8 5.8 3.8 2.7 2.5 1.6 0.6 0.8 1.4 1.1 1.1 1.7 0.4 -1.1 -1.1 -1 -1.1 -1.1 -1.1 -1.1 -1.1 -1.1 0.8 1.2 1.8 5.9 6.5 7.5 6.2 4.5 5.2 3.9 5.5 6.9 9.9 11.4 15.5 18.4 28 29.7 31.5 32.3 32.6 32.4 30 34.4 33.1 30.1 30.1 30.2 30.6 31 29.8 29.2 28.6 28 26.9 25.1 23.6 9.8 5.4 0.9 0.1 -1.1 -1.1
