Assets/StreamingAssets/GeoData/Data/ns/NS04.asc
ncols 200
nrows 200
xllcorner 200000
yllcorner 640000
cellsize 50
[rows 111 to 147 of 200, columns 0 to 83 of 200]
343.9 311.4 274.6 253.5 246.8 236.2 232.6 229.6 224.1 218.3 213.6 203.5 192.7 182.2 172.6 162.8 159.1 154.2 153.1 151.6 147 144.9 149.7 151.8 153.1 149.3 146.1 142.5 140 136.2 126.9 116 101.7 86.9 75.2 64.6 52.6 45.3 39.3 30.4 18.9 6.4 1 -1.1 -1.1 -1.1 -1.1 -1.1 -1.1 -1.1 -1.1 -1.1 -1.1 -1.1 -1.1 -1.1 -1.1 -1.1 -1.1 -1.1 -1.1 -1.1 -1.1 -1.1 -1.1 -1.1 -1.1 -1.1 -1.1 -1.1 -1.1 -1.1 -1.1 -1.1 -1.1 -1.1 -1.1 -1.1 -1.1 -1.1 -1.1 -1.1 -1.1 -1.1
373.5 339.5 302.9 275.1 263.7 253.6 245.4 240.8 234.7 228.4 219.9 207 194.4 183.5 180.8 175.7 171.1 160.1 159 157 152.8 150.2 157.5 158.9 159.9 153.6 146.1 143.2 141.3 139.1 128.6 117 107.1 93.2 82.4 70.9 59.4 52.3 45.2 34.7 24.1 7.9 4.2 -1.1 -1.1 -1.1 -1.1 -1.1 -1.1 -1.1 -1.1 -1.1 -1.1 -1.1 -1.1 -1.1 -1.1 -1.1 -1.1 -1.1 -1.1 -1.1 -1.1 -1.1 -1.1 -1.1 -1.1 -1.1 -1.1 -1.1 -1.1 -1.1 -1.1 -1.1 -1.1 -1.1 -1.1 -1.1 -1.1 -1.1 -1.1 -1.1 -1.1 -1.1
391.6 363.3 325.1 294.8 277.5 267.8 259.3 252.8 245.9 235.3 227.4 212.2 206.4 197.2 187.1 184.4 180.9 173.9 166.2 160.9 154.9 158.3 162.4 163.5 163.1 157.4 148.9 145.1 142 138.8 132.5 123.3 112.2 100.6 89.7 77.1 68.5 61.1 52.4 40.7 28 12.5 4.9 1.7 -1.1 -1.1 -1.1 -1.1 -1.1 -1.1 -1.1 -1.1 -1.1 -1.1 -1.1 -1.1 -1.1 -1.1 -1.1 -1.1 -1.1 -1.1 -1.1 -1.1 -1.1 -1.1 -1.1 -1.1 -1.1 -1.1 -1.1 -1.1 -1.1 -1.1 -1.1 -1.1 -1.1 -1.1 -1.1 -1.1 -1.1 -1.1 -1.1 -1.1
419.7 380.4 347.2 316.9 294.9 282.9 277.4 269.2 258.7 248.3 234 219.3 215.4 205.7 198.5 195.7 189.4 184.6 174.3 165.7 159 159.8 165.6 164.6 163.2 161.4 152.2 148.9 145.7 144.4 136.8 126.1 115.7 104.4 93.8 86.1 80 70.7 60.6 49 34.4 15.8 6 2.8 0.4 -1.1 -1.1 -1.1 -1.1 -1.1 -1.1 -1.1 -1.1 -1.1 -1.1 -1.1 -1.1 -1.1 -1.1 -1.1 -1.1 -1.1 -1.1 -1.1 -1.1 -1.1 -1.1 -1.1 -1.1 -1.1 -1.1 -1.1 -1.1 -1.1 -1.1 -1.1 -1.1 -1.1 -1.1 -1.1 -1.1 -1.1 -1.1 -1.1
445.4 407.4 370.2 338 317.2 305.2 297.6 286.1 277.2 259.8 243.1 232.6 220.6 214 210 206 197.5 190.4 182.3 172.5 163.3 163.3 169.9 167.3 165 161.6 158.1 151.9 148.6 148 140.8 129.3 118.8 109.6 102.4 94.6 85.9 77.9 68.2 61.6 53.4 39.5 19.7 5.4 3.1 -1.1 -1.1 -1.1 -1.1 -1.1 -1.1 -1.1 -1.1 -1.1 -1.1 -1.1 -1.1 -1.1 -1.1 -1.1 -1.1 -1.1 -1.1 -1.1 -1.1 -1.1 -1.1 -1.1 -1.1 -1.1 -1.1 -1.1 -1.1 -1.1 -1.1 -1.1 -1.1 -1.1 -1.1 -1.1 -1.1 -1.1 -1.1 -1.1
478.5 439.7 402.5 359.6 336.3 324.7 313.8 303.6 291.3 273.6 263.4 242.3 230.5 225.9 218 210.4 203.8 195.1 187.1 177.3 167 171 176.4 172.9 168.3 167.5 162.6 154.7 151.9 150.8 144.1 133.7 123.2 116.7 109.1 100.9 91.8 87 82.9 77 66 54.8 45.4 29.1 12.6 4.1 -1.1 -1.1 -1.1 -1.1 -1.1 -1.1 -1.1 -1.1 -1.1 -1.1 -1.1 -1.1 -1.1 -1.1 -1.1 -1.1 -1.1 -1.1 -1.1 -1.1 -1.1 -1.1 -1.1 -1.1 -1.1 -1.1 -1.1 -1.1 -1.1 -1.1 -1.1 -1.1 -1.1 -1.1 -1.1 -1.1 -1.1 -1.1
515.9 479.7 429.6 381.2 354.1 339.9 331 314.5 299.1 290.6 282.9 263.9 246.1 239.1 224.8 218.9 211.6 198.5 191 181 173.4 179.3 182.2 177.6 175.9 171 168.7 163 156 155.5 149.5 140.2 129.8 124.1 117.8 109.1 101.1 96.1 92.2 85.5 75.6 64.8 56 47 29.7 9.3 2.7 -1.1 -1.1 -1.1 -1.1 -1.1 -1.1 -1.1 -1.1 -1.1 -1.1 -1.1 -1.1 -1.1 -1.1 -1.1 -1.1 -1.1 -1.1 -1.1 -1.1 -1.1 -1.1 -1.1 -1.1 -1.1 -1.1 -1.1 -1.1 -1.1 -1.1 -1.1 -1.1 -1.1 -1.1 -1.1 -1.1 -1.1
552 520.9 437.5 388.8 367.4 354.7 338.9 324.9 314.5 302.4 291 278.4 258.8 243.6 234.5 224.7 214.9 205.7 194.4 184.2 184.2 185.7 186.6 181.3 179.9 176 174.3 169.2 161.5 161.6 157.9 150 140.5 134.3 127.9 116.2 108.7 104.4 98.2 91.9 86.6 76.2 63.1 47.1 30.9 17.5 7.6 -1.1 -1.1 -1.1 -1.1 -1.1 -1.1 -1.1 -1.1 -1.1 -1.1 -1.1 -1.1 -1.1 -1.1 -1.1 -1.1 -1.1 -1.1 -1.1 -1.1 -1.1 -1.1 -1.1 -1.1 -1.1 -1.1 -1.1 -1.1 -1.1 -1.1 -1.1 -1.1 -1.1 -1.1 -1.1 -1.1 -1.1
573.6 488 410.8 384.7 373.9 356.2 342.7 336 328 316.4 304.4 289.9 272.4 247.6 235.5 226.5 217.9 208.3 197.9 195.4 195.6 191.9 186.9 184.5 182.2 179.3 177.8 175.3 168.2 169.1 166 159.2 151.2 144.9 136.2 123.3 116.3 110.4 105 99.3 92 82.3 65.7 52.1 41.2 26.6 10.3 1.5 -1.1 -1.1 -1.1 -1.1 -1.1 -1.1 -1.1 -1.1 -1.1 -1.1 -1.1 -1.1 -1.1 -1.1 -1.1 -1.1 -1.1 -1.1 -1.1 -1.1 -1.1 -1.1 -1.1 -1.1 -1.1 -1.1 -1.1 -1.1 -1.1 -1.1 -1.1 -1.1 -1.1 -1.1 -1.1 -1.1
510.6 430.3 400.6 382.9 374.1 359.1 351.1 344.1 339.1 328.8 318.3 303.6 283.1 262.3 240.1 231.8 220.7 213.3 206 202.9 200.4 196.7 196.9 189.1 185.1 181.3 179.7 180.6 172.3 171.8 170.6 166.6 161.6 160.3 147.4 130.5 124 119.1 111 102.9 93.7 85.2 73.8 58.5 47.8 32.3 13.4 3.8 -1.1 -1.1 -1.1 -1.1 -1.1 -1.1 -1.1 -1.1 -1.1 -1.1 -1.1 -1.1 -1.1 -1.1 -1.1 -1.1 -1.1 -1.1 -1.1 -1.1 -1.1 -1.1 -1.1 -1.1 -1.1 -1.1 -1.1 -1.1 -1.1 -1.1 -1.1 -1.1 -1.1 -1.1 -1.1 -1.1
477.4 413.1 393.1 384 373.1 364.4 360.9 356.8 355.5 347.7 331.7 310.8 295.2 274.1 253 234.1 230.6 221.3 213.2 209.6 204.8 202.7 201.7 194 188.2 183.4 181.6 179.9 174.4 173.6 172.6 170.7 171.8 164.2 153.3 137.9 129.5 123.6 115.9 105.1 93.8 86.7 76.3 62.5 50.8 36.8 19.8 5.6 -1.1 -1.1 -1.1 -1.1 -1.1 -1.1 -1.1 -1.1 -1.1 -1.1 -1.1 -1.1 -1.1 -1.1 -1.1 -1.1 -1.1 -1.1 -1.1 -1.1 -1.1 -1.1 -1.1 -1.1 -1.1 -1.1 -1.1 -1.1 -1.1 -1.1 -1.1 -1.1 -1.1 -1.1 -1.1 -1.1
451.2 405.3 389.2 385.4 379.5 376.7 380.5 386.6 383.8 364.4 342.2 321.8 302.6 281.6 262.1 245.8 235.2 228.2 219.3 214 209 206.7 204.4 199.2 191.7 184.7 182.7 178.3 175.6 174.9 174.4 174.9 174.8 167.8 156.1 144.2 135.4 126.4 116.6 107.4 98 88.7 77.6 66.1 53.3 41.8 21.8 6.3 -1.1 -1.1 -1.1 -1.1 -1.1 -1.1 -1.1 -1.1 -1.1 -1.1 -1.1 -1.1 -1.1 -1.1 -1.1 -1.1 -1.1 -1.1 -1.1 -1.1 -1.1 -1.1 -1.1 -1.1 -1.1 -1.1 -1.1 -1.1 -1.1 -1.1 -1.1 -1.1 -1.1 -1.1 -1.1 -1.1
427.8 404.7 396 391.4 390.8 402.5 410.8 414.4 403.6 380 355.8 330.1 312.1 292.4 274 254.5 238.7 234.7 226 219 212.5 208.2 205.1 201 195.8 186.2 182.2 178.4 175.9 174.4 173.8 174.6 175.4 167.6 158.1 149.7 138.1 127.6 117.9 109.3 98.9 87.4 78.4 67.2 56.1 39.8 19.9 6.1 0.4 -1.1 -1.1 -1.1 -1.1 -1.1 -1.1 -1.1 -1.1 -1.1 -1.1 -1.1 -1.1 -1.1 -1.1 -1.1 -1.1 -1.1 -1.1 -1.1 -1.1 -1.1 -1.1 -1.1 -1.1 -1.1 -1.1 -1.1 -1.1 -1.1 -1.1 -1.1 -1.1 -1.1 -1.1 -1.1
424.5 412.4 404.4 400.7 409.5 424.5 436.2 431.4 414.4 388.6 365.7 342.6 323.7 305.5 286.9 265.8 245.6 237.4 229.1 222 216 212 208 202.8 196.1 190.5 183.8 179 175.3 174.4 172.2 173 173.4 166.8 160.2 152 141.5 130.5 119 108.6 97.9 85.5 76.9 66.6 45.8 31 19.7 6.2 0.9 -1.1 -1.1 -1.1 -1.1 -1.1 -1.1 -1.1 -1.1 -1.1 -1.1 -1.1 -1.1 -1.1 -1.1 -1.1 -1.1 -1.1 -1.1 -1.1 -1.1 -1.1 -1.1 -1.1 -1.1 -1.1 -1.1 -1.1 -1.1 -1.1 -1.1 -1.1 -1.1 -1.1 -1.1 -1.1
431.7 421.6 415.7 421 430.4 453 458 451.4 430.2 403.5 382.5 361.8 342.5 322.1 303.5 276.6 250.9 238.8 232.5 225.9 219.8 215 207.1 205.5 196.8 191.2 185.9 179.8 175.4 174.7 171.1 171.9 170.9 166.7 160.3 151.9 141.7 131.3 120.1 109 93.1 74.2 64.2 57.5 42.9 36.2 21.9 7 0.6 -1.1 -1.1 -1.1 -1.1 -1.1 -1.1 -1.1 -1.1 -1.1 -1.1 -1.1 -1.1 -1.1 -1.1 -1.1 -1.1 -1.1 -1.1 -1.1 -1.1 -1.1 -1.1 -1.1 -1.1 -1.1 -1.1 -1.1 -1.1 -1.1 -1.1 -1.1 -1.1 -1.1 -1.1 -1.1
445.8 436.3 438.4 447.7 459.8 479 487.8 482.6 458.7 428.2 407.7 386.9 366.6 345.9 315.9 288.6 263.2 246.7 237.4 229.4 224.3 218 209.1 204.7 199.3 194.1 187.9 180.1 176.3 173.1 170.4 168.9 169.9 162.5 155.1 150.4 143.1 132.2 121.7 103.6 86 87.7 76.8 66.6 55 39.6 31 13.4 4.4 -1.1 -1.1 -1.1 -1.1 -1.1 -1.1 -1.1 -1.1 -1.1 -1.1 -1.1 -1.1 -1.1 -1.1 -1.1 -1.1 -1.1 -1.1 -1.1 -1.1 -1.1 -1.1 -1.1 -1.1 -1.1 -1.1 -1.1 -1.1 -1.1 -1.1 -1.1 -1.1 -1.1 -1.1 -1.1
460.6 461.8 468.3 480.8 498.4 512.1 515.2 507.3 485.9 461.7 436.4 416.1 394.3 369 341.7 305.8 275.1 256.1 239.2 233.1 225.3 218.3 212.3 205.5 201.7 196.7 189.6 181.5 177.4 174.2 171.3 170.1 169 166.4 160.2 152.5 144.2 135.7 124.6 113.3 107.4 103.8 89.9 75.1 59.3 46.7 32.2 18.9 5.6 -1.1 -1.1 -1.1 -1.1 -1.1 -1.1 -1.1 -1.1 -1.1 -1.1 -1.1 -1.1 -1.1 -1.1 -1.1 -1.1 -1.1 -1.1 -1.1 -1.1 -1.1 -1.1 -1.1 -1.1 -1.1 -1.1 -1.1 -1.1 -1.1 -1.1 -1.1 -1.1 -1.1 -1.1 -1.1
483.7 483.5 493.9 516.8 531.1 540.4 533.4 514.1 491 466.5 445.6 426 408.6 381.7 356.1 328.7 298.8 268.5 249.7 237.6 228.7 221.7 214.6 206.2 202.3 197.1 190.8 184 178.8 174.9 173.6 173.1 172.4 170.2 165.4 157.8 149.3 141 133 126.9 123.7 109.7 90.8 71.5 58.2 45.7 31.9 20.8 6.4 -1.1 -1.1 -1.1 -1.1 -1.1 -1.1 -1.1 -1.1 -1.1 -1.1 -1.1 -1.1 -1.1 -1.1 -1.1 -1.1 -1.1 -1.1 -1.1 -1.1 -1.1 -1.1 -1.1 -1.1 -1.1 -1.1 -1.1 -1.1 -1.1 -1.1 -1.1 -1.1 -1.1 -1.1 -1.1
509.2 511.6 527.3 547 551.7 549.2 537.4 517.2 488.1 464.5 446 429.2 413 395.2 371.5 345.3 315.6 291 262.3 243.5 231.4 223.5 217.1 207.9 203.5 198.9 191.6 185.6 180.7 177.4 175.5 175.6 175.8 175.4 170 162.9 155.2 146.7 138.3 132.9 126.6 117.2 98.1 85 76.2 60.3 44.1 24.2 10.2 1.7 -1.1 -1.1 -1.1 -1.1 -1.1 -1.1 -1.1 -1.1 -1.1 -1.1 -1.1 -1.1 -1.1 -1.1 -1.1 -1.1 -1.1 -1.1 -1.1 -1.1 -1.1 -1.1 -1.1 -1.1 -1.1 -1.1 -1.1 -1.1 -1.1 -1.1 -1.1 -1.1 -1.1 -1.1
543.8 549.8 560.5 567.3 562.6 556 538.5 517.6 488.5 465.5 450.5 437.4 422.4 399 373.5 344.9 323.9 300.2 278.3 251.3 240 228.4 219.7 210 205.4 200.3 192.6 186.3 181.8 178.9 177.1 177.3 177.6 177.9 175.6 168.8 160.9 152.6 144 135.5 129.2 121.4 114 98.1 89.8 72.9 53.3 35.6 20 6.6 -1.1 -1.1 -1.1 -1.1 -1.1 -1.1 -1.1 -1.1 -1.1 -1.1 -1.1 -1.1 -1.1 -1.1 -1.1 -1.1 -1.1 -1.1 -1.1 -1.1 -1.1 -1.1 -1.1 -1.1 -1.1 -1.1 -1.1 -1.1 -1.1 -1.1 -1.1 -1.1 -1.1 -1.1
575.6 579.2 585.5 583.7 576 566.2 550.4 525.4 496.4 474.9 462 448.6 431.4 401.4 372.8 348 329.6 313.4 292.8 269.2 247.9 235.3 223.2 212.7 206 200.3 193.3 187.3 183 179.8 178.1 179.3 179.9 179.9 178.7 174.5 166.7 157.9 149 139.3 131.1 122.6 116.1 103.5 93.9 78.9 62.3 42 25.8 15.4 6.9 -1.1 -1.1 -1.1 -1.1 -1.1 -1.1 -1.1 -1.1 -1.1 -1.1 -1.1 -1.1 -1.1 -1.1 -1.1 -1.1 -1.1 -1.1 -1.1 -1.1 -1.1 -1.1 -1.1 -1.1 -1.1 -1.1 -1.1 -1.1 -1.1 -1.1 -1.1 -1.1 -1.1
605.5 610.5 611.1 607.5 594.3 583.4 561.3 538.5 512.5 491.3 475.7 460.4 441.1 413 375.9 353.4 337.4 324.9 306.7 288.2 266.5 242.3 230.5 215.4 207.8 200.2 193.6 188.1 182.9 179.6 178.1 179.5 180.1 181.9 180.7 178.9 170.9 163 153.6 142.5 132.5 123.9 115.9 105.7 93.8 78.4 61.2 44.4 26.7 16.3 6.9 1.1 -1.1 -1.1 -1.1 -1.1 -1.1 -1.1 -1.1 -1.1 -1.1 -1.1 -1.1 -1.1 -1.1 -1.1 -1.1 -1.1 -1.1 -1.1 -1.1 -1.1 -1.1 -1.1 -1.1 -1.1 -1.1 -1.1 -1.1 -1.1 -1.1 -1.1 -1.1 -1.1
648.3 644.9 639.8 630.7 618.5 601.6 580.4 554.8 531.4 511.6 493.4 477.4 455.3 423.4 387.2 362.5 348.8 334.3 321.1 303.2 281.9 254.6 233.9 220.1 209.9 201.8 194.7 188.4 182.8 178.7 177.2 177.1 178.5 181.5 182.1 179.8 172.9 166.1 157.1 145.6 135.9 126.4 116.9 107 92 73 60.3 51.2 33 18.3 8.6 1.7 -1.1 -1.1 -1.1 -1.1 -1.1 -1.1 -1.1 -1.1 -1.1 -1.1 -1.1 -1.1 -1.1 -1.1 -1.1 -1.1 -1.1 -1.1 -1.1 -1.1 -1.1 -1.1 -1.1 -1.1 -1.1 -1.1 -1.1 -1.1 -1.1 -1.1 -1.1 -1.1
685.2 677.6 668.7 656.6 641.7 623.2 601.5 576.2 554.8 534.9 517.6 496.7 473.1 436 395.2 374.3 357.1 345.4 330.4 315.1 297.5 268.1 241.5 224.8 211.4 203.7 196.5 188.2 182 177.4 174.9 175.9 177.2 178.7 179.7 178.9 173.8 166.3 157.3 146.6 138.5 128.6 117.7 108.4 94.1 78.9 57 45.9 36.9 28.4 12.6 1.6 -1.1 -1.1 -1.1 -1.1 -1.1 -1.1 -1.1 -1.1 -1.1 -1.1 -1.1 -1.1 -1.1 -1.1 -1.1 -1.1 -1.1 -1.1 -1.1 -1.1 -1.1 -1.1 -1.1 -1.1 -1.1 -1.1 -1.1 -1.1 -1.1 -1.1 -1.1 -1.1
713.8 698.9 683.4 669.3 654.3 637.4 620.2 600.9 578 558.6 540.9 518.6 487.1 447.9 412.2 387.4 368.6 355.7 342.5 329.3 314.4 282.4 251.8 230.8 215.7 205.5 197.7 189.5 181.2 177.3 173.9 174 175.1 176.5 177.9 177.1 172.3 166.9 157.5 146.7 137.7 129.2 117.2 105.4 94.2 79.6 66.8 42.5 34.1 27.5 9.1 1.1 -1.1 -1.1 -1.1 -1.1 -1.1 -1.1 -1.1 -1.1 -1.1 -1.1 -1.1 -1.1 -1.1 -1.1 -1.1 -1.1 -1.1 -1.1 -1.1 -1.1 -1.1 -1.1 -1.1 -1.1 -1.1 -1.1 -1.1 -1.1 -1.1 -1.1 -1.1 -1.1
708.5 689.8 674 659.8 646.2 633.3 620.5 605.3 587.1 569.2 545.9 515.4 486.2 453.2 427.5 407 386 371.2 356.5 340.5 322 296.6 264.1 239.8 220.2 207.1 197.7 189.4 181.7 176.5 172.8 171.5 172.8 173.8 175.4 176.1 171.3 166.4 157.3 146.2 136.9 129.6 116 104.8 92.9 78.7 66.2 53.4 34.4 15.4 6.6 1.1 -1.1 -1.1 -1.1 -1.1 -1.1 -1.1 -1.1 -1.1 -1.1 -1.1 -1.1 -1.1 -1.1 -1.1 -1.1 -1.1 -1.1 -1.1 -1.1 -1.1 -1.1 -1.1 -1.1 -1.1 -1.1 -1.1 -1.1 -1.1 -1.1 -1.1 -1.1 -1.1
679.7 664.6 651.7 640.1 630 619.7 609.7 592.1 559.9 531.6 507.4 489.6 473.4 454.6 437.3 420.6 402.3 382.8 365.5 349.1 331 302.6 271.9 247 223.8 210.7 199.9 189.5 181.2 175.9 171.3 167.7 168.3 169.6 171.1 172.6 169.1 164.8 157.7 144.5 134.9 124.1 114.7 102.6 90.8 75.5 63.4 47.4 32.4 17.1 4.9 1.7 -1.1 -1.1 -1.1 -1.1 -1.1 -1.1 -1.1 -1.1 -1.1 -1.1 -1.1 -1.1 -1.1 -1.1 -1.1 -1.1 -1.1 -1.1 -1.1 -1.1 -1.1 -1.1 -1.1 -1.1 -1.1 -1.1 -1.1 -1.1 -1.1 -1.1 -1.1 -1.1
652.8 639.6 629.3 621.5 610.8 602.3 591.8 556.6 526.2 504.7 483.9 470.6 460.4 450.2 435.5 424 407.5 389.5 368.8 350.5 326 301.6 276.5 251.9 228.6 213.2 199.7 189.4 181.8 176.7 172.2 166.4 161.5 165.3 166.8 167.2 164.2 161.9 156.2 141.6 132.1 123.5 113.8 103.9 88.7 75.7 64.8 50 31 22.5 5.8 3.5 -1.1 -1.1 -1.1 -1.1 -1.1 -1.1 -1.1 -1.1 -1.1 -1.1 -1.1 -1.1 -1.1 -1.1 -1.1 -1.1 -1.1 -1.1 -1.1 -1.1 -1.1 -1.1 -1.1 -1.1 -1.1 -1.1 -1.1 -1.1 -1.1 -1.1 -1.1 -1.1
627 614 605.1 596 588.7 574.6 550.1 526.7 500.9 482.4 471.4 463.5 454.2 446 433.5 419.7 406.4 390.8 370.8 350.7 328.6 297.9 281.3 258.9 237.5 215.3 203.6 192.8 185 177.3 171.7 166.3 161.6 159.1 161 161.4 158.5 156.4 148 139.4 127.8 119.8 109.3 99.6 86.7 73.2 60.7 47.8 34.1 17.5 5.4 3.6 -1.1 -1.1 -1.1 -1.1 -1.1 -1.1 -1.1 -1.1 -1.1 -1.1 -1.1 -1.1 -1.1 -1.1 -1.1 -1.1 -1.1 -1.1 -1.1 -1.1 -1.1 -1.1 -1.1 -1.1 -1.1 -1.1 -1.1 -1.1 -1.1 -1.1 -1.1 -1.1
600.2 588.1 579.1 571.7 561.2 543.7 521.3 503.2 487.9 475.7 467.4 460.2 450.6 440.7 430.8 417 408.2 396.1 379.9 362.4 341.6 317.6 294.1 267.9 245.2 220.1 205.6 194.4 189.1 180.3 173.2 167.3 161.6 155.5 150.9 153.7 154.1 150.1 143.2 135.1 125.4 115.2 106.4 96.3 83.5 70.6 55.8 43.2 30.7 13 5.4 3.6 -1.1 -1.1 -1.1 -1.1 -1.1 -1.1 -1.1 -1.1 -1.1 -1.1 -1.1 -1.1 -1.1 -1.1 -1.1 -1.1 -1.1 -1.1 -1.1 -1.1 -1.1 -1.1 -1.1 -1.1 -1.1 -1.1 -1.1 -1.1 -1.1 -1.1 -1.1 -1.1
581.6 570.5 562.3 552.8 542.3 526.6 508.9 495.9 485 474.1 466.3 458.4 448.6 440.4 435.1 428.1 420.6 408.8 391.6 374 351.2 325.5 303.2 274.1 250.7 226.9 204.9 193.7 189.2 181.2 174 167.1 160.4 154.4 149.3 146.3 147 140.7 135.4 128.1 121.8 111.7 102.1 93.4 79.8 66.9 52.8 42.2 28.7 13 6.1 4.5 -1.1 -1.1 -1.1 -1.1 -1.1 -1.1 -1.1 -1.1 -1.1 -1.1 -1.1 -1.1 -1.1 -1.1 -1.1 -1.1 -1.1 -1.1 -1.1 -1.1 -1.1 -1.1 -1.1 -1.1 -1.1 -1.1 -1.1 -1.1 -1.1 -1.1 -1.1 -1.1
572.5 563.6 555.2 544.2 532.5 520.3 507 496 485.6 477.7 470.3 463 455.2 450.7 445 440.2 432.1 416.4 395.7 378.7 353.1 329.2 307 278.9 250.8 229.2 206.1 192 186 179.5 171.8 164.9 158.3 151.2 146 141.8 130.7 130.5 120.7 116.8 118 109.8 98.1 84.7 72.4 57.8 49.5 39.5 25.5 9.5 6.5 5.2 -1.1 -1.1 -1.1 -1.1 -1.1 -1.1 -1.1 -1.1 -1.1 -1.1 -1.1 -1.1 -1.1 -1.1 -1.1 -1.1 -1.1 -1.1 -1.1 -1.1 -1.1 -1.1 -1.1 -1.1 -1.1 -1.1 -1.1 -1.1 -1.1 -1.1 -1.1 -1.1
565.7 556.5 547.2 535.7 526.2 515.5 505.6 496.1 489.8 482.9 475.4 468.4 464.8 461.2 457.7 455.3 445.7 425.3 398 376.5 351.6 325.8 304.6 277 248.5 224.8 205.8 190.6 183.8 177.4 170.2 164.1 158 152.4 146.8 142.1 140 136.3 130.8 118.1 104.3 101.2 90.4 84.3 70.4 59 49.4 41 27.3 8.7 5.3 -1.1 -1.1 -1.1 -1.1 -1.1 -1.1 -1.1 -1.1 -1.1 -1.1 -1.1 -1.1 -1.1 -1.1 -1.1 -1.1 -1.1 -1.1 -1.1 -1.1 -1.1 -1.1 -1.1 -1.1 -1.1 -1.1 -1.1 -1.1 -1.1 -1.1 -1.1 -1.1 -1.1
561.6 551.7 540.7 530.6 521.7 512.3 503.3 496.4 491 485.9 479.6 476.6 474.6 474.4 474.2 471.8 463.2 432.2 399.4 371.1 345.9 320.3 296.6 273.4 250.1 222.6 203.1 190.5 184.1 177.8 171.1 164.4 158.7 152.8 146.9 142.2 140.5 136 124.5 116.2 112.3 101.7 95.1 81.4 66.6 51.5 40.6 35.8 26.3 12 5 -1.1 -1.1 -1.1 -1.1 -1.1 -1.1 -1.1 -1.1 -1.1 -1.1 -1.1 -1.1 -1.1 -1.1 -1.1 -1.1 -1.1 -1.1 -1.1 -1.1 -1.1 -1.1 -1.1 -1.1 -1.1 -1.1 -1.1 -1.1 -1.1 -1.1 -1.1 -1.1 -1.1
563.1 552.5 542.3 532.1 522.8 513.2 506 500.2 492.8 487.9 485.6 484.5 487.8 492.3 496.8 492.3 465.1 428 395.5 366.2 336.8 312.6 291.5 272.4 252.8 225 204.4 191.4 185.5 178 171 164.3 158.5 152.6 147.1 142.2 137.6 133.4 122.7 112 105.3 102.7 95.3 79.4 70.4 55.5 44.8 32.3 26.8 14.5 5.5 3.4 -1.1 -1.1 -1.1 -1.1 -1.1 -1.1 -1.1 -1.1 -1.1 -1.1 -1.1 -1.1 -1.1 -1.1 -1.1 -1.1 -1.1 -1.1 -1.1 -1.1 -1.1 -1.1 -1.1 -1.1 -1.1 -1.1 -1.1 -1.1 -1.1 -1.1 -1.1 -1.1
571.3 556.7 545.8 535.1 524.5 515.9 508.4 501.2 496.5 495.3 497.1 501.6 508.1 518.3 523.9 500.7 455.9 420.9 388.4 358.6 329.2 307.2 288.7 268.3 249.9 224.9 206.3 193 184.7 177.2 170.6 164.1 158.3 152.5 147.1 141.3 138.1 133.1 124.1 117.1 107.5 100 94.4 83.2 73.6 64.7 53.5 39.2 27.4 9.7 7.2 2.1 -1.1 -1.1 -1.1 -1.1 -1.1 -1.1 -1.1 -1.1 -1.1 -1.1 -1.1 -1.1 -1.1 -1.1 -1.1 -1.1 -1.1 -1.1 -1.1 -1.1 -1.1 -1.1 -1.1 -1.1 -1.1 -1.1 -1.1 -1.1 -1.1 -1.1 -1.1 -1.1
592 576.9 558.3 544.9 532.8 523.3 519.3 516.7 519.8 522.5 526.8 533.2 541.5 546.8 529.3 488.4 446.7 412.9 380.2 350.3 323.3 306.3 288.8 268.5 247.4 225 206.3 193 184.4 176.7 170.1 163.9 158.1 152.7 147.5 142.4 140 134 124.7 119.7 111.1 101.6 88.7 82 71.7 59.4 50.4 39 27 7.9 4.5 1.2 -1.1 -1.1 -1.1 -1.1 -1.1 -1.1 -1.1 -1.1 -1.1 -1.1 -1.1 -1.1 -1.1 -1.1 -1.1 -1.1 -1.1 -1.1 -1.1 -1.1 -1.1 -1.1 -1.1 -1.1 -1.1 -1.1 -1.1 -1.1 -1.1 -1.1 -1.1 -1.1
