Assets/StreamingAssets/GeoData/Data/ns/NS19.asc
ncols 200
nrows 200
xllcorner 210000
yllcorner 690000
cellsize 50
[rows 144 to 179 of 200, columns 81 to 161 of 200]
22 22 24.6 39.4 42.3 58.6 69.3 84.2 94 97.8 111.5 118.2 117.8 114.7 112.8 136 144.4 148 154.1 154.1 162.6 177.9 193.8 232 248.4 249.5 273.8 276 245.6 210.6 193.4 189.2 186 184 177 174.3 173.9 174.2 176.8 185 197.5 217.7 223.7 238.1 263.6 305.5 327.5 361.7 381.7 399.2 416.1 442.6 447 444.9 441.7 447 453.6 461.4 477.2 475.8 479.6 486.3 495.8 508.5 513.1 521.4 530.5 541.1 551.9 567.1 574.4 575.5 571.5 549.9 521.4 495.8 473.6 465.8 456.4 450.3 439
22 22 24.1 32.1 43.6 67.1 70.9 86.4 99.6 105.6 111 114.7 127.5 117 114.1 123.7 141.8 140.9 153.9 154.3 155.3 170.9 184.4 215.5 237.4 233.9 234.9 248.5 237.8 209.4 192.7 190.9 187.6 178.4 173.6 172.8 172.1 172.9 174.2 176.6 181.9 195.5 207.2 226.7 248.2 280.6 310.7 331.9 365.6 378.2 396.6 431.6 453.6 443.6 438.1 443.6 450.2 451.5 458.5 466 478.5 485.7 496.9 500.2 505.8 514.9 523.9 535.6 548.7 564.4 574.3 574.1 574.3 568.5 561.9 524.6 504.7 484.3 463.9 457.1 455.5
22 22 23.9 36.9 50 66.3 76.2 89.7 103.5 112.7 116.6 119.4 122.3 122.3 114.1 117.4 125.8 131.7 146.2 155.2 150 165.2 181.8 191.6 215.3 222.7 232 234 222.2 202.6 192.3 195.1 188.6 174.2 172.2 171.8 171.8 171.8 173.5 176.6 180.1 184.3 198.8 217.9 237.9 260.1 288.5 309.1 344.2 367.2 379.4 414.2 448.7 446.6 431.3 433.1 439.8 444.4 451.2 459.7 474.3 484.3 484.4 490.5 499.7 507.7 515.9 528.4 542.2 562.1 568.9 571.3 573.3 578.3 571.7 543.4 518.5 495.5 480 473.7 478.5
22 22 23 37.5 57.4 76.7 83.3 91.5 99.9 115 120.3 121.3 128.4 124.5 119.6 121.2 119.6 126.3 131 140.1 148.8 161.1 177.5 188.4 198.6 209.2 223.5 228.5 205.5 193.7 189.3 187 180.7 173.5 172.5 172.2 171 171.4 173.9 176.7 179.3 181.7 187.5 207.4 227.9 247.7 268.1 291.3 322.3 344.1 361.5 393.1 428.3 427.8 420.8 425.1 429.2 435.9 438.6 449.8 469.1 475.7 477.3 478.2 490.5 499.4 508.8 520.9 534.3 552.6 560.5 568.9 572.3 583.9 574.2 560.5 539.8 522.9 505.7 496.5 497.6
22 22 22.7 34.3 58.5 76.9 88.9 97.4 101.9 114.1 121.4 128.2 141.6 127.8 125 122.2 122 122.8 130.6 138.6 148.4 156.7 170.6 183.7 191.3 197.1 201.1 207.8 197.1 194.7 191 182.5 175.1 174.2 174.9 176 171.6 170.3 174.6 178.5 178 177.9 182.4 194.5 216.8 235.1 252.3 277.7 299.3 328.4 343.6 368.8 402.5 415.1 412.1 415.3 424.6 425.3 432.8 441.4 458.8 459.7 465.5 467.4 477.9 491.7 502 513.2 524 540.6 550.4 564 569.6 580.8 581.6 582.8 567.8 538.1 527.3 519.1 515.8
22 22 24 35 58 81.7 95.9 104.1 112.6 111.1 123.3 132.6 139.4 136.9 126.3 126.8 125.2 132.4 137.3 141.3 149.3 153.2 164.4 180.3 187.7 195.2 202.3 198.6 196.2 195.1 192 184.9 181.7 181.2 182.1 175.2 170.7 170.1 175 183.1 181 171.5 176.8 184.6 202.7 222.6 239.3 263.3 275.5 305.6 322.9 356.9 376.6 402.8 399.8 398.1 412.7 411 418.9 430.3 446.5 449 450.7 452.9 465.2 483.5 493 504.6 516.6 526.1 540.9 555 564.7 580.1 594 595.8 586.9 564.7 550.8 537.6 556.6
22 21.5 24.4 38.1 62.4 79.8 101.9 113.6 120.5 119.6 127.4 138.2 138.8 138.7 134.6 131 126.8 133.6 139 143 147 150.1 161.5 171.6 180.3 194.4 202.8 197.2 195.6 196.3 192.9 189.2 189.1 189.1 188 183 177.1 169.5 175 176.8 170.1 164.2 170.7 179.4 186.5 207.6 224.7 242.3 266.3 291 311.6 334.8 365.5 386.5 386 382.6 395.5 402.2 407.1 414.7 440 438.4 436.1 437.7 456.1 471.8 483 495.1 507.7 519 532 544.4 558.7 582.9 595.9 604.6 610.1 598.8 582 575.7 594.9
22 22 26.8 39.5 64.2 81.4 100 116.5 127.9 127.5 133.7 141 142.6 143.9 148 146.1 137.1 133.9 136.5 145.1 147.4 151.4 150.1 162.9 173.6 184.8 192.8 192.4 193.4 196.7 196.1 199.1 196.7 194.3 192.9 195.6 180.5 164.9 167.4 170.7 163.2 156 157.8 170.5 180 194.3 211.6 227.7 243.8 260.7 299.7 317.2 356.1 373.2 371.7 366.5 378.1 391.9 397.7 402.1 414.6 424.6 419.6 427.1 445.7 460.1 474.4 484.8 497 512.1 523 540.1 555.6 585.5 600 613.8 626.3 622.2 609.8 609.1 615
22 22 26.5 44 64.6 77.9 94.4 120.4 132.9 140 137.3 142.2 147.5 151.7 156.8 152.3 154 147.1 142.3 146.7 156 158.3 160.5 154 161.7 178.3 181.8 187.5 191.8 194.2 196.2 202.4 200.6 204.4 194.7 189.8 175.7 158.7 156.2 156.5 156.7 148.2 147.5 158.4 172.6 185.6 195.8 207.9 224.5 237.9 268.8 302.9 340.7 358 371.2 347.9 363.1 377 386.7 387.4 396.2 403.2 407.9 415.9 431.1 447.9 463.5 475.3 489.4 502.9 516.3 532.4 551.9 583.5 598.6 614 636.4 632.1 622.7 631.2 630.6
22 22 25.1 41 63.1 76.6 99.2 120.5 134.4 144.1 146.3 145.7 151.8 161.1 163.1 158.8 164.1 157.1 151 148.7 158.1 160.6 162.7 161.2 158.9 168.6 176.8 184.7 187.5 187.7 187.6 195.8 204.2 208.6 204 189.2 163.2 156 150.6 145.3 146.8 141.7 139.2 146.3 160.9 173.5 185.3 186.7 199.1 216.7 238.4 281.3 316.2 339.7 359 338.8 340.7 360.1 375.9 374.4 383.1 387.6 395.4 403.6 417.7 437.5 451.9 465.4 480.8 497.3 511.4 529 552.5 577.3 591.3 612.4 625.8 631.7 630.5 636.4 640.8
22 22 25 41.3 59.6 77.1 100 121.9 136.3 157.2 161.2 150.8 158.5 168 175.4 167 167.9 168 161 155.2 153.9 157.2 160.3 159.8 168.2 166 171.5 175.5 178.2 177 184 189.4 193.5 196.8 194.5 183.3 156.1 148.7 140.1 126.2 124.8 130.4 121 121.2 146.5 155.4 163.3 180.8 180.8 187.3 214.4 259.2 288.6 322.4 341.7 326.8 323.5 340.5 357.9 357.5 374.5 371.7 380 395 404.5 424.2 442.9 457.1 473.5 489.1 505 524.8 548.8 571.9 579.6 597.1 607.5 623.8 630.1 633.9 636.4
22 22 25.7 45.3 61.6 76.7 96.3 114.8 135.5 153.5 173.8 162.2 165.3 172.6 179 179.1 174.8 171.9 175.5 164.8 161.6 158.3 158.4 160.6 169.4 169.4 169.2 177.6 176.1 172.1 184.8 180.5 182.7 183.6 178.3 171.9 149.6 148.5 126.9 118 108.1 104.7 108.1 109.6 116.7 125.8 132.1 149.6 166.4 169.2 193.6 217 245.3 283 308.2 315.2 300.9 328.6 336.2 338 345.2 357.9 369.8 383.2 393.1 411.6 429.4 448 464 482.5 496.8 516.7 542.3 554.2 566.2 580.6 595.3 615.2 625.3 632.5 639.9
22 22 28.1 47.8 67.8 82.6 99.7 119.1 137.4 152.2 165.2 167.6 170.5 184 191.4 188.6 182.7 178.9 177.8 177.9 174.3 165.1 163 169.5 163 164.6 169.1 168.2 170.6 167.9 167.8 169.1 169 168.7 163.9 156.1 146.9 136.7 118.8 109.2 101.8 99.7 103.2 104.8 109.7 115.6 118.5 122.9 135.2 146.4 172.6 201.8 221.5 244.6 283.2 290.5 273.8 315.4 315.5 325.3 328 349.6 361.3 375.3 378.3 399.6 418.2 438.9 453.7 473.2 489.1 509.7 533.4 551.2 566.5 582.1 594.9 615.6 622.3 632.7 637.4
22 22 30.8 52.1 74.2 89.8 105.8 124.2 145.6 156.3 166.9 171.9 176.4 183.2 197.7 201.4 193.7 191.5 191.2 185.9 181.6 174.4 167.7 167.3 166.1 160.9 161.1 165.3 173.5 170.5 160.4 154 151 148.2 145.7 143.5 140.7 129.8 121.9 105.2 97.2 98.7 101.9 105.5 112.6 116.9 120.8 126 129.9 135.5 154.9 179.2 200.2 223.5 240.2 252.1 267.6 286.4 299.7 300 315.4 337.2 357.5 363.8 373.6 385 409.2 427.4 443 466.4 484.4 508.3 525.7 546.8 564.4 582.1 595.9 606.5 618.4 628.9 633.7
22 22 31.2 54.8 77 93 108.7 128.2 153 163.4 173.9 190 187.6 187.4 193 201.3 201.2 195.8 204.5 201.9 192 185.7 181 175.2 174.9 167.2 159.1 158.5 164.2 164.5 165.1 152.5 148.8 148.3 147 147 145.3 142.6 132 114.8 103.4 92.2 98.4 106 110.9 116 122.5 129.9 135 142.4 147.6 158.9 178.8 203.7 223.5 239.6 254.2 266.4 282.7 288.4 305.3 324.1 346 348.7 362.7 374.5 394.5 412.3 434.5 456.8 476.8 500.2 515.7 535.8 558.6 582 594.1 607.3 611.9 621.7 631.4
22 22 33.7 50.5 73.7 95.3 111.5 128.2 152.3 162 192.5 208.4 205.3 198.5 198.1 200.9 207.2 204.9 206.3 207.8 207.8 204 204.3 190.1 185 171.6 166.4 155.2 154.2 157.9 157.2 156.2 154.7 153.4 152.9 155.8 158.6 146 139.2 126.1 109.9 95.6 93.8 101.4 110.1 113.8 120.1 129.9 138.6 146.2 157.3 161.1 165 184.2 204.5 227.6 251.1 258.2 273.3 290.2 299.9 304.2 331.6 341.5 345.4 362.9 379 403.7 424.1 447.5 469.2 492.3 514.7 531.9 556.6 583.2 591.8 607.5 608.3 618.2 639.3
22 21.7 33.3 46.9 72.5 96.6 115.5 129.9 147.8 163 200.5 217.2 211.7 212.2 212.6 209 209.5 212.1 211 211.4 214.6 217.9 222.3 214.8 193.9 182 165.9 154.7 152.6 154.5 160.4 159.7 160.2 159.7 160.3 161.7 164.1 159 150.9 137.3 119.5 102.5 88.3 94.6 105.4 112.7 117.9 122.6 136.9 148.2 162.5 169.2 173.7 174.3 194 212.5 225.7 239.1 269.4 288.9 287.9 293 311.5 322.6 335.8 353.3 370.2 389.2 411.3 439.7 462.9 485.2 509.2 529.2 561.5 579.2 587.8 599.8 598.7 614.1 631.8
22 22.8 33.8 47.8 71.7 96.2 117.4 132.2 147.7 162.7 196.5 216.3 219.3 221.7 225.5 221.8 222 220.2 218.4 218.7 224.2 231.4 230.7 234.2 203.7 196.9 174.8 155.1 151.7 153.6 157.9 163.2 164 166.6 167.3 166.8 166.1 160.4 155.3 141.4 126.7 112.1 96.6 89.2 96.1 111.2 117 119.6 136.2 146.7 160.2 178.4 182.7 185.7 197.5 202 214.1 225.7 245.4 270.6 273.8 287 313.1 324.2 325.8 346.9 359.2 378.4 401.9 428.8 453 478.8 504.9 520.7 552.8 573.4 582.4 586.2 589.8 609.9 617
22 23.5 32.5 50 71.3 93.9 115.1 131.4 146.2 161.6 189.7 206.3 219.8 225.3 227.5 226 226.5 230.8 231.9 238 233.8 239.5 236.9 227.6 216.7 213.3 186.9 160.6 153.1 151.5 156 164.4 166.7 166.5 168.7 174.9 175.1 167.6 156.7 152.2 134.3 117.6 101.9 86.5 88 100.1 107.4 107.7 127.3 135.9 153 180.3 182.9 188 202.8 213.8 220.2 227.3 235.5 246.1 266.3 282.7 298 314.9 315.5 332.4 353.7 366.2 388.3 416.7 443.5 471.6 494.5 516.7 546.2 560.3 573.3 573.9 580.4 608.2 606.9
22 24.2 33.1 52.2 73.5 92.5 113.4 129.3 144.3 160.1 179.4 197.6 209.4 214.6 227.9 237.3 236.5 239.1 242 258 260.8 241.4 237.6 227.6 223.6 208.1 191.4 166.8 154.8 151.5 145 158.5 165 165.3 173.2 174.4 173.4 170.7 166.5 155.9 130.9 112.3 94.8 83.8 80.4 93.3 95 98 109.8 125.5 146.6 161.8 170.6 182.9 192 212.7 218.4 223 233.1 242.7 257.6 275.7 282.9 292.4 303.8 323.4 341.7 352.3 373.3 403.4 434.4 461 491.5 515.9 538.6 550.4 561.5 564.9 572.6 589.2 597.5
22 24.7 33.8 53.6 73.5 91.2 111.5 127.9 142.2 159.6 178.5 198.4 210.9 222.1 238 246.1 245.2 251.5 247.5 253.4 257.1 249.3 243 230.9 221.4 211.4 189.8 172.3 158.4 153.3 153.8 145.1 152.1 160.1 162.6 170.9 178.4 175.3 175.3 162.3 149.3 132.1 112.9 89.3 75.7 81.2 85 87.8 102 111.4 137.8 149.6 159.8 175.8 182 196 211.4 218.5 230 244.5 252.1 260.1 267.7 277.3 292.5 316.1 330.5 342.3 362.1 391.7 423.4 451.2 479.1 497.9 528.1 538.7 557.3 554.5 563.4 573.1 584.6
22 23.9 33.7 52.6 73.2 91.8 110.7 126.9 143.4 160.1 177.3 197 211.1 231 238.5 245.4 250.8 258.4 253.9 248.4 249.6 264 246.1 244.6 224.1 206.9 190 175.8 176.2 172.2 166.6 155.3 140.8 143.7 152.9 162.8 171.8 181.4 190.8 171.7 158 147.8 127.2 109.3 83 73.1 72.8 82.5 96.9 102.9 120.2 140.6 158.8 170.5 180.4 188.7 207.4 208.2 228.8 244 250.9 258.2 268 272.7 280.9 297.9 319.7 331.4 349.8 382.4 413.9 439.7 474.5 490 510.9 532.1 542.2 544.4 554.3 570.3 576
22 23.6 34.6 49.4 68.7 89 109.5 125.6 145 161.8 179.4 195.5 212 234.3 241.6 248.7 257.9 262.8 256.8 247.5 245 247.4 244.4 239.4 229.4 208.5 194.9 193.1 190.6 188.8 181.1 163.5 148.5 132.6 141.1 148.8 162.1 179.5 182.3 164.3 143.1 122 119.4 101.5 91.1 73.7 67 68.1 76.4 95.6 115.6 138.2 163.7 173.7 169.2 186.6 189.4 203.5 229.5 237.2 251 255.9 267.3 267.2 272.9 291.5 307.8 322.6 339.6 368.7 403.2 427.3 447.5 470 496 515.2 523.2 523.8 538.6 553.2 576.2
22 25.3 35.6 47.6 66.3 86.9 107.4 122.7 140.7 168.5 180.6 196.2 214 243.5 252.8 267.9 266.1 258.8 253.6 249 241 240 237.2 231.7 224.9 213 214 208.9 204.5 201.5 193.3 174.5 156.4 141.3 130.3 135.3 150.9 168 167.3 156.7 132.6 113.3 106.8 101 93 79.2 66.4 66 72.1 87.7 107.6 123.8 144.5 154.7 159.9 170.4 187.7 201.7 221.4 234.5 243.8 249.2 261 262.8 264.9 281.1 299.1 316 326.9 352.8 390.2 417.8 430.3 453.6 476.6 504.1 510.2 509.3 518.8 546.6 576
22 27.4 37.7 51.9 66.6 81.9 103.2 118.6 137.9 158.8 181.2 200.6 218.6 240.3 254.1 271.3 267.9 261.7 257.7 251.6 245.6 239.7 236.7 232.9 227.6 219.5 221.5 223.3 222.6 214.2 202.1 186 170.7 157.1 140.8 132.5 134.7 157.8 149.2 143.3 122.9 112.4 106.9 104.2 91.8 82.5 73.2 64.9 71.7 74.5 84.1 106.1 133.1 135.9 151.3 161.7 174.2 192.9 222.2 233.7 235.5 246.5 250.6 252.5 255.6 272.3 295.6 301.6 308.8 337.6 375.6 414.2 419.2 432.8 460.6 480.3 484.9 496.5 517.5 535 569.1
22.2 28.8 40.2 51.7 67.1 79.3 92.8 113.4 135.7 157.4 179 198.1 219.5 238 253.7 267 273.9 277.3 275 272.2 258.7 245.3 238 236 231.8 230.7 229.9 231.1 230 224.6 212.8 202.8 189.2 175.4 162 139.2 126.8 135.2 138.2 127.1 118.3 113.7 109.7 104.4 91.3 87 78.5 70.1 63.8 65.5 72.1 93.6 112.5 125.7 129.5 153.6 170.1 183.9 202.8 218.2 230.7 245.5 244.6 238.1 250.7 257.7 274.4 287.3 290.8 322.6 358.4 400 411.8 413.3 438.3 446.9 472.1 488.7 503.5 526.3 556.1
23 30.5 44.7 57.7 68.7 78.7 91.2 113.4 135.5 156 175.8 195 215.6 240.1 263 275.6 285.6 296.8 301.5 284.6 278.5 262.7 245.8 240.9 236.1 234.8 236.9 239.8 241 238 234.8 225.3 210.2 190.9 176.7 160.6 133 119.9 133.8 123.9 117.3 114.2 112.9 109.7 95.9 91.6 81 69.2 60.1 57.6 61.6 82.4 93.9 110.3 118 139.2 170.3 161.6 186.6 200.6 223.3 227.4 235.9 235.6 252 248.5 258 264.4 276.6 307.6 344.9 383.8 402.3 395 416.3 443.4 466.6 481.2 498.7 521.9 546.2
23.7 32.2 47.8 61.8 73.5 83 94.9 114.9 134.9 156.3 176.5 199.1 227.8 244.7 261.6 277.2 300.8 304.9 305.8 299.4 292.8 287.2 268.9 249.2 242.5 242.2 249.9 255.2 257 253.5 256.4 244.9 227.7 209 191.4 171.5 147.3 125.7 110.9 118.8 113.5 116.4 115.9 107.2 97.5 85.2 73.9 66.7 58.2 54.7 54.6 64.5 77 84.2 110.3 126.9 152.3 141 163.3 179 202.2 222.5 221.1 227.2 238.1 238 246.7 250.3 263.3 293.8 323.7 359.9 379.7 374.3 400.4 436.4 452.5 461.8 484.1 512.8 535.2
24.2 33.9 49 62 74.6 85.2 99.7 117.4 138 157.8 178.8 199.2 238.7 252.2 260.5 273.4 289.3 309.5 311.3 304.6 312.4 304.8 287.4 266.4 250.1 247.5 254.6 259.2 261.7 261.7 255.9 247.4 242.5 220.9 202.5 185.4 167.4 148.7 130.2 112.4 101.1 100.7 123.6 111.9 99.5 83.7 69 63.7 56.8 51.5 46.9 60.8 61.5 77.8 92.3 105 119.7 120.5 144.7 156.7 185.4 198.1 213 221.3 233.7 231.6 233.6 237.9 248.9 277.6 308.8 335.1 365.3 355.1 388.5 426.6 434.7 448.5 461.9 493 511
24 33.7 48.4 61.6 72.1 87.8 105 121.5 139.6 157.4 176.8 200 224.9 248.4 265.9 280.6 293.6 298.3 304.5 311.8 317.3 309.1 296.4 281.8 257.8 248.2 257.8 265.6 268.8 270.2 267.7 261.2 252.3 238 223.7 208 190.1 175.2 151.3 130.6 115.7 99.8 101.6 113.8 105.8 85.7 65.2 54.9 52.9 46.6 42.4 45.9 47.3 73.3 83 87.8 94.1 105.5 125.2 144.9 166.1 174.9 195 205.6 220.9 226.6 229.1 229.2 235 260.3 288 311.3 322 346.9 370.6 399.8 422.6 430.9 449.3 473.5 489.1
25.9 37 49.8 62.2 73 89.9 107.4 125.1 139.7 159.1 176.4 198.8 221.3 243.7 271.7 285 300.8 307 312.7 313.2 307.4 297.4 288.1 276.8 264.2 255.4 260.4 268.1 277.1 280.3 281.5 277 264.2 252.5 240.3 217.4 195.4 177.5 173.7 157.4 126.2 108.1 94.3 86.9 95.7 79.1 65.2 55 46.3 38.7 35.3 33 40.7 50.6 63.9 77.7 85.6 92.2 111.4 132.4 152 177.1 187.7 198.5 210.5 220.6 222.9 219.8 224.1 243.8 268.3 292.5 322.4 339.1 356.4 379.4 404.2 411.6 423 458.4 486.7
26.9 38.9 50.1 61.7 74.8 90.2 107.8 127.1 141.3 160 178.3 198.1 219.9 241.7 266.1 286.1 299.8 309.7 318.2 316 304.2 291.8 285.4 277.3 269.5 267.5 271.6 275.9 282.8 290.2 295.9 297.2 296.9 278 268.3 248.9 224.5 197.3 175.8 158.6 140.3 130.1 114.4 91.5 73.2 71.8 64.8 54.6 45.6 36.3 32.1 30.5 33.3 36.6 46.4 61.3 66.5 81.3 108.1 122.2 142.3 156.2 181.9 188 207.1 204.1 210 210.4 213.6 226.7 256.2 285.6 310.1 326.6 338.8 363.3 379.2 392.8 432.7 454.2 475.2
28.4 38.5 47.9 62.6 76.8 90.8 111 129.5 146 165.2 181.9 200.1 220.5 241.1 261.3 287.4 306.5 317.1 325.3 322.9 311.5 297.2 288.7 283.7 277.4 277.9 281.5 285.3 287.7 296.7 305.8 305.8 303.6 296.2 296 267.6 244 221 197.6 175.9 151 137.9 139.4 99.8 81.6 68 60.8 55.5 43.3 34.3 31.1 31.5 32.7 33 36.7 43.7 55 63.1 93.8 110.3 125.5 152.6 169.7 170.4 188 194.6 189.7 202.2 192.2 216.4 237.6 266.4 290.2 301.9 303.7 337.3 376.6 409.7 427.4 440.6 467.3
27.2 39.2 51.8 65.1 79.5 94.8 116.4 132.4 151.6 170.3 184.8 202.2 222.1 242.4 261.6 282.9 307.5 322 326.5 322.6 315.8 305.5 292.9 290.8 289.7 291.5 294.7 297.8 296.6 303.7 314.3 312.1 308.2 309 310.2 292.8 267 250.2 222.8 188.4 158.5 132.1 122.4 109 85.5 71.8 55.1 47.3 37.6 34.7 30.2 29.3 31.3 35.4 28.5 31.3 40.9 56.3 77.4 90.3 130.5 146.9 146.4 156.9 167.5 170.1 175.6 184.7 189.2 196.6 217.4 242.9 263.4 270.5 310.8 342.6 360.5 402.2 408.9 435.1 447.4
30.1 44.1 55.6 68.7 83.3 99.5 116.3 135.3 154.5 172.2 187.1 205.2 222.3 242.8 267.3 290 306.9 327.1 323.2 319.9 316.5 308.3 302.7 303.8 303.3 306.4 310.2 311.1 312.4 314.6 319.5 315.9 314.1 312.5 308.6 296.7 266.4 244.1 228.5 207.3 175.1 156.9 138.3 113.1 102.3 76.6 63.2 47.7 41.5 32.6 27.7 27.4 29.5 31.6 28.9 27.9 29.8 39.7 57.8 76.5 104.6 124.1 129.7 133.4 141.6 144.1 155.1 171.3 168.9 187.6 204.7 220.3 245.7 267.2 294.5 323.7 344.9 370.3 394 426.2 424.9
35.1 49.3 57.9 74.2 91.8 104.8 120.2 143.8 159.7 176 192.1 208.4 226.4 244.2 267.8 301.6 312.2 322.9 324.4 325.1 323.6 322.4 323.3 322.9 321.4 321.1 321.3 321.7 324.2 327.6 329.4 331.6 333.5 319.5 311.2 304.7 291.8 275.4 253.3 226.6 201.6 165 150.1 129.4 105.5 92.9 72.4 55.6 43.3 36.6 26.9 23.7 22.9 24.2 24 21.6 22.3 24.3 43.6 57.5 79.3 92.7 119.9 123.9 116.5 136.6 144 155.3 165.3 177.8 194.7 208.9 236.8 262.5 281.3 310.9 333.2 363.4 378.3 397.1 415.9
