Assets/StreamingAssets/GeoData/Data/ns/NS20.asc
ncols 200
nrows 200
xllcorner 220000
yllcorner 600000
cellsize 50
[rows 72 to 107 of 200, columns 80 to 159 of 200]
161.2 166.1 171.6 172.6 176.1 175 175.3 175.3 174.5 175.3 175.4 171.4 167.6 165 164.1 162.7 163.3 164.6 165.9 167.3 169.1 169.6 169.3 169.6 168.7 168.8 169.4 170.5 171.5 172.8 173.5 174.3 174.6 174.6 174.2 173.5 172.5 171 169.1 167.1 164.7 159 157.7 156.7 156.2 156.2 156.2 156.2 157.9 159.4 160 160.4 161 163.1 164.4 164.6 163.7 163.8 163.6 163.5 163.5 163.4 163.4 163.7 162.8 161.2 160.4 159.3 158.2 158.1 157.9 157.5 156.9 156.5 155.7 154.2 152.2 152 151.4 151.1
167.9 172.6 177.8 180.5 182 182.1 181.3 180 177.9 175.1 171.6 166.8 164.2 163.7 164.6 165.7 167.1 168.9 170.6 172 173.8 171.2 169.7 169.2 169 169.8 170.8 172.1 173.5 175 176.1 176.6 176.8 176.3 175.6 174.9 173.9 172.8 171.9 170.9 168.5 164 160.5 159.6 159.5 159.4 160.3 161 162.4 162.8 163 163.2 165.4 165.2 165.2 165.2 163.9 163 165 164.8 162.6 163.4 163.2 163.1 162.9 162.6 160.9 160.6 159 159 158.7 159.2 159.3 159.4 159 158.3 156.9 156.2 156 156.3
173.9 179 181.9 182.5 181.9 178.7 177 175.4 174.7 174.7 175.1 167.7 163.9 164.2 165.9 166.9 168.2 169.9 171.6 172.9 174.4 171.7 170.9 170.6 169.4 170.8 173.1 175.2 177 178.6 179.8 181 181 180.6 178.4 176.7 175.3 174.4 174.1 173.3 172.3 169.8 164.6 165.2 164.9 165.1 165.2 165.8 166.2 166.2 166.1 167.1 167.3 166.4 166 165.8 164.3 164.6 165.3 165.3 164.9 164.5 164 163.5 163.2 162.8 162 161.6 160.6 159.6 159.6 160 160.1 160.2 160.3 159.8 159.2 159.1 159 159.4
180.4 181.5 180.6 178.6 175.9 173.7 172.8 172.4 171.6 172.4 171.6 167.1 164.3 164.8 165.7 165.6 166.2 168.5 169.7 172.2 173.5 173 170.1 169.6 170 171.8 174 175.8 177.8 179.9 181.4 182.9 183.6 183.1 179.6 176.7 175.9 175.3 175.5 175.1 174.8 174.2 171.5 172.8 172.7 172.7 172.6 172.4 172.1 170.7 170.5 169.7 168.3 168 167 166.1 166 167 167.6 167.8 167.3 166.2 165.7 165.5 165.4 164 163.8 163.8 163.2 162.3 161.6 161.1 161.9 161.6 161.9 160.9 160.3 160.2 160 160.1
178 176.2 174.1 173.3 173.9 173 172.9 173.3 170.5 169.4 170.1 167.4 165.4 166.9 168.2 168.8 161.9 164.2 165.4 165.4 165.4 166 167.3 169.7 170.6 172.6 174.8 176.5 177.8 179 180 181.1 180 178.6 176.3 175 174.8 175.1 175.5 175.7 175.4 174.4 174.5 175.2 175.1 177 177 177.2 177.7 177.1 175 173.4 171.6 169.6 168.1 166.8 167.6 169.1 169.4 168.8 168.5 167.9 167.4 167.6 167.8 167.7 167.4 167.5 167.2 167.2 166.7 166.2 165.9 165 164.4 163.5 162 162 162 161.7
176.2 176.5 180 178.3 175.2 174.6 171.8 176.5 176.2 175.6 172.4 170.7 166.8 169 163.6 154.6 156.6 158.6 158.5 159.7 161.9 164.2 167.3 169.7 171.8 173.7 175.6 177.2 178.3 179.3 179.6 180 177.6 175.1 173.9 174.4 174.7 175.9 176.3 176.7 176.7 176.9 177.3 177.5 177.7 179 178.8 179.1 179.8 180.2 179.9 178.7 177.8 175.5 172.6 169.6 168 168.1 168.2 168 167.3 166.8 166.1 165.9 166 166.3 167 167.5 167.7 167.8 167.4 167.9 167.6 166.9 165.5 164.1 163 162.6 162.5 162.8
182.3 184.5 184.2 182.5 183.4 168.9 161 159.7 162.2 162 159.6 156.2 147.8 143.7 144 147 149.7 152.7 155.7 158.2 160.8 164.5 167.6 170 172.4 173.9 175.6 177.2 178.2 178.8 179.1 178.3 175.3 172.5 173 174 175.5 176.6 177.4 177.8 178.4 178.8 179.4 179.8 180.7 181.9 182.9 184 185.2 186.1 186.9 187.4 186.6 185 182.4 179 175.7 170.5 168.7 167.3 166.8 166.4 165.8 165.1 164.9 164.8 164.3 164.4 164.7 164.5 164.3 164.4 164.3 163.5 162.5 161.2 160.1 159.5 158.8 156.9
185.5 189.3 186.4 181.1 173.5 161.3 153.7 147.9 146 145 143.7 139.5 136.4 136.9 139.4 142.8 148 152.4 156 159.2 162.1 164.8 167.9 169.8 171.4 173.5 174.4 175.8 176.6 177.1 176.9 175.4 171.9 171.6 172.5 173.9 175.6 177.2 178.2 179.4 180.3 180.8 181.6 182.4 183.7 185 185.9 187.1 188.9 189.5 190.2 190.2 190 189.2 187.6 184.9 181.3 177.8 172.6 167.9 167.2 166.8 166 165.3 164.6 163.9 163.5 162.9 163.1 163 163.2 163.6 163.8 163.1 162.4 162.5 162.1 162 161.8 160.7
172.6 170.8 164.7 161.5 159.4 154 148.9 140.5 137.9 134.4 134.7 134.8 135.4 137.3 139.5 142.9 148.3 152.8 156.5 159.3 162.1 164.4 166.8 168.3 170.5 171.8 173.1 174 174.4 174.3 173.7 171.5 170.3 171.4 172.4 173.9 175.7 177 178.1 179.3 180.4 182 183.1 184.3 185 186.5 187.2 189.5 189.9 190.6 190.9 190.8 190.2 188.3 186.3 184.2 181.3 177.3 174.2 170.8 167.7 167.3 167 167.5 166.4 165.8 164.8 164.8 164.6 165.4 166.7 167.5 167.3 166 166.4 166.4 166.3 166.7 164.8 158.6
165.7 161.6 158.5 154.5 151.1 147.9 141.8 134.4 133.4 133.3 135.2 134.4 135.5 137.4 140.2 143.7 144.5 148.4 151.6 155.5 159.7 162.6 164.5 165.6 168.4 168.9 169.4 169.8 169.8 169.4 169.4 169.6 170.7 171.9 173 174.2 175.5 176.7 177.9 178.9 180 181.2 182.2 183.4 184.8 185 185.9 187.6 188.5 188.5 188.7 188.3 186.9 184.6 183 181.8 179.9 178.7 176.3 169.1 168.5 167.9 170 171.7 172.3 170.2 167.2 165.9 165.2 168.9 171.6 172.6 170 168.1 167.9 167.6 166.6 164.3 159.1 161
161.4 157.9 154 148.8 144.3 140.7 136.8 132 131.4 131.4 131.5 133.1 135.1 138.6 141.7 147.3 150.8 153.9 156.8 158.9 160.8 162.8 164.6 165.4 165.6 166.4 167.3 167.6 168 168.7 169.3 170.6 171.5 172.5 173.7 174.6 175.6 176.6 177.6 178.3 179 179.9 180.9 181.5 182 183.3 184.5 185.2 183.4 184 185.2 185.1 183.2 181.9 181.4 181.6 182.6 182.8 179.6 169.6 175.6 178.1 181 186.4 188.6 190.4 183.5 170 166 166.3 169.7 171.6 173.1 173.6 172.9 170.9 166.5 160.7 161.7 164.3
158.3 154.4 149.3 144.2 140.5 137.3 133.5 131.7 131 131.2 132.4 134.7 136.3 141.3 145.2 148.7 152 154.6 157.6 159.8 161.9 163.7 165.5 166.8 167.7 168.4 169.1 169.1 169.3 169.4 169.8 170.4 171.5 172.5 173.2 174.5 175.2 175.6 176 176.8 177.4 177.7 177.5 177.9 180 182.2 182.5 179.8 180 183 185.1 184 182.6 181.4 180.7 181.9 184.1 185.2 171.7 174.4 184 189.3 191.8 197.4 199.3 197.8 200.1 201.3 189.5 171.5 177.3 178.3 175.5 177.3 180.4 179.3 172.4 167.2 163.7 167.9
153.9 149.8 145 141.1 138.3 135.9 133.3 131.4 131.4 132.9 135.3 138.5 141.7 145.5 148.1 151 153.6 156 158.4 160.7 161.8 163.8 165.5 166.4 167.1 167.4 167.8 167.9 168.9 167.4 167.5 168.8 169.6 170.1 170.5 170.4 171.2 171.8 171.3 172.9 173.4 173.5 173 174.4 175.5 175.4 175.6 176 178.5 181.8 184 184.5 185.4 186.2 186.5 178.6 183.6 181.6 177.4 186.2 194.4 201.1 207 211.9 214.7 213 211.3 212.6 209.9 199.8 191.3 187.2 186.5 179.6 181.6 182.9 180.9 178.7 167.2 174.8
148.7 145 140.8 137.8 135 132.9 132 131.7 134.4 137.1 140.8 144.4 147.2 149.7 152.3 154 155.9 157.5 158.9 159.7 160.9 162.7 162.5 163 163.6 164.1 164.3 164.2 164.2 164.3 164.9 165.9 166.1 166 167 166.8 167.4 167.3 168.2 169.4 170 170.8 172.5 173.6 174.1 174.2 174.8 176.9 180.4 183.3 185.9 188.1 190.2 192 190.4 177.8 179.8 183.1 189.2 198.2 205 211.6 217.9 219.8 219.9 222 216.8 217.6 207.6 203.1 201.8 203.1 195.2 185.5 188.4 190.2 187.1 184.5 179 173.2
144.3 141.2 138.4 135.6 131.4 137.7 137.2 138.1 140.6 143.9 146.7 149.5 151.8 153 154.8 155.9 157.6 157.2 157.3 157.5 158.6 158 158.7 159.3 159.9 160.5 160.7 161.2 161.8 161.9 162.5 162.5 162.9 163.2 164.2 164.1 166.1 167.8 169.1 169.9 170.2 170.7 171.5 172.2 172.8 173.8 175.5 179.1 182.9 186.1 189.6 191.4 194 194.7 180.4 182 188.1 193.3 198.4 203.9 209.8 216.4 221.9 224.3 228.9 227.3 230.6 230.2 230.4 227.6 227.1 223.5 218.4 206.8 196.6 194.4 187.4 183.3 180.3 178.2
156.7 151.2 144.7 139.8 131.1 139.5 142.5 144.6 146.6 149.3 151.5 153.1 154.5 155.1 156.1 157.1 155.5 155 155 155 154.4 154.7 154.9 155.4 155.6 156.1 156.7 158.2 158.9 158.3 159.5 160 162.7 163.3 165.8 166.2 166.4 167.1 167.9 168.9 170.1 171.2 172.6 172.7 174.1 177.1 180.2 183.3 186.4 189.1 190.9 192.8 194.9 182.7 187.5 190.5 195.3 200.3 205.2 211.1 217.5 223.2 229.3 235.1 238.7 243.3 243.9 241.6 240.1 239.2 239.3 235.9 233.8 220.1 208.3 198.6 186.2 193.7 194.6 187.3
157.3 154.6 150.7 141.9 129.5 138.1 142.8 145.8 147.5 148.7 149.9 151.2 151.8 152.2 152.6 152.7 152.7 152.9 152.6 152.5 153 153.3 153.3 152.8 152.9 153.5 154.1 155.1 155.1 160.5 161.8 164.6 166.3 168.2 168.7 168.9 165.8 166.9 168.2 169.8 171.5 172.9 174.2 176.1 179.1 182.4 184.9 187.9 190.6 193.2 194.9 196.9 186.7 189.4 195.7 199.3 204.3 208.6 213.3 218.5 223.9 229.5 235.5 241.5 246.3 247.8 249.9 251.1 246.3 243.9 248.2 247.5 242.5 238.6 225.2 207.8 193.1 188.8 191.7 189.7
156.5 154.4 150.1 137.6 129.1 135.2 139.5 141.5 143.1 144.2 145.5 145.9 146.8 148 147.9 148.9 148.6 149.2 150 150.6 151.7 151.9 151.7 151.1 151.8 152.5 154.5 157.7 158.7 160.8 161.6 164.8 168.2 169.8 169.4 169.7 166.7 167.2 169 170.6 172 174.4 177.6 179.8 182.8 186.6 189.2 191.8 194.6 196.7 199.4 194.7 190.4 197 200 203.7 208.5 212 217.5 223.1 226.9 229.8 234.4 241 244.1 238.7 239.6 240.8 244.3 249.2 251.6 247.3 233.4 224 207.8 190.9 190.3 190.2 190.7 193.9
156 153.6 149.1 138.2 128.9 130 134.8 137.2 138.6 139.9 141.1 142.5 142.9 143.7 144.2 144.6 145.1 146.2 146.9 148.9 148.8 148.9 152 153 153.3 154.5 156.1 157.1 159.2 163 167.2 170.4 170.4 171.1 170.9 168.3 167.4 168.1 170.1 173.7 176.6 178.7 179.3 183.4 186.2 190.1 192.9 195.4 197 199.6 197.8 190.3 195.5 196.9 200.4 204.1 207.7 210.9 213.8 216.3 219 220.1 219.6 223.4 224.7 225.7 228 229.5 228.8 231.2 229.8 221.9 213.7 204.7 193.5 191.3 191.3 192.3 193.4 195.2
156.9 154.3 150.5 140.1 128.1 127.6 132.5 135.1 137.2 135.6 134.5 135.6 138.1 137.9 139.6 141.3 141.6 145.1 144.8 146.6 147.7 151 152.7 154.3 155.3 156.6 159.6 162.8 166.2 169.2 173.5 176.3 175.8 173.6 170 168.5 168.9 169.9 172.7 177.5 180.8 183.3 185.9 187 190 191.4 195.5 197.9 200.4 200.5 192.9 192.2 193.1 195.5 199 202.7 206 208.9 211.9 212.7 213.4 216 217.3 219.6 221.4 223.2 225.5 227.9 228 227.2 222.6 215.7 211.2 204.5 201.5 200 199.2 201.1 196 197.6
157.1 153.2 146.8 141.3 127.5 126.4 130.9 133.6 134.4 134.3 138.3 139.5 141.8 142.8 144.2 145.3 147.1 149 150.8 150.5 152.5 154.4 156.2 158.4 161.4 163.4 167.1 171.4 174.7 176.5 179.8 183.8 180 177.1 172.3 170.3 170.7 173.1 178 182.3 185.9 188.7 191 193.8 194.8 192.5 194.6 195.7 195.7 195.3 194.4 194 195.3 197.3 200.9 204.6 207.9 210.4 212.6 214.5 216.5 219.7 221.7 224.2 226.1 228.4 230.7 232.1 231.9 229.3 225.7 222.1 216.9 215.6 213.6 205.8 207.6 201 198.7 202.4
154.8 149.7 143.3 137.4 126.4 125.5 126.3 128 130.5 135.3 139 141.8 143.9 145.5 146.3 148.1 150.4 152.4 155.6 156.2 158.9 161.2 163 165.1 168.4 171.6 174.1 177 179.8 183.1 186.9 188.6 184.6 181.1 173.9 171.7 174.3 177.2 181.4 185.8 189.4 193.8 196.6 199.5 202.8 197.7 198.1 201 201.9 200.2 197.1 196.3 197.2 200.7 204.1 208.4 211.8 213.7 216.9 220.3 224.1 227.7 230.8 232.7 230.7 231.2 236.8 237.3 236.1 234.4 231.7 231.4 227.4 222.1 213.5 205.7 204.3 204.7 207.4 208
149 144.2 138.6 131.6 125.8 125.5 128.6 131.8 134.7 137.7 140.6 143.8 146 148.3 150.7 152.4 154.3 156.2 158.5 161.2 163.3 166.4 168.2 170.8 174.5 178.4 181.9 184.8 187.7 191 193.1 190.6 188.3 184.7 174.8 176.1 179.1 183.9 187.5 190.9 194.3 197.8 200.4 202.5 203.9 200.7 198.1 200.9 203 204.8 202.7 199.3 202.3 206.9 210.5 213.6 217.6 221 224.6 228.4 234.3 236.4 238.3 238.3 235.9 234.2 238.8 241.5 241.6 240.3 240.7 239.6 232.4 226.9 215.8 212.1 211.7 216.6 220.1 216.5
144.9 141.3 136.4 132.6 124.7 126.5 130.3 134.4 138.3 141.5 143.9 147.5 150.5 153.8 155.5 158.2 160 162.7 164.7 167.5 170.1 173 176 179.3 183.2 187.5 190.2 192.2 196.5 199.3 198.4 194.5 189.2 183.5 179.3 179.8 184.6 188.6 192.8 197.3 201.3 205.3 203.1 205.3 206 205.4 204.3 203.8 202.4 205 206.7 207.5 210.6 213.7 216.8 221.5 225.5 229.5 233 237.7 240.9 241.7 240.1 240.8 238.9 236.2 236.8 236.5 234.1 230.6 233.2 225.5 221.4 220 217.7 220.6 224 225.7 226.3 225.8
138.9 135.3 132 123.3 125.1 129.9 136 140.4 143.9 148.2 151.4 155.5 157.7 160.4 162.4 165.7 167.7 168.9 171.6 174.6 178 181.1 184 186.6 189.9 193.2 195.5 198.7 201.9 204.4 203.3 197.7 191.3 184.5 183.1 184.3 188.9 193.7 198.4 203.2 206.9 208.1 207.9 207.5 208.7 209.9 209.6 208.1 206.7 207.2 209.5 210.6 213.8 218.3 222.2 226 232.2 236.2 241.9 242.4 242.3 241.1 239.7 234.6 232.7 230.9 228.6 227.3 225.6 223.3 221.2 219.2 219.6 219.3 221 223.7 226.5 226.9 227.1 226.5
132.6 127.4 122.8 126.2 132.5 137.4 141.7 147.9 152.7 156.2 159.2 162.2 164.3 166.4 168 170.2 173.1 174.8 177.5 180.5 184.6 187.7 189.5 192.2 195.7 197.6 199.7 202.5 205.7 208.5 201.8 193.4 185.1 186.4 188.7 192 194.1 197.9 203.1 207.3 209.8 210.8 210.9 210.7 211.6 212.6 212.8 212 211.6 209.9 211.4 212.8 214.8 219.4 221.8 225.8 229.2 232.9 234 234.6 236.3 234.2 231.3 229.8 228.7 227.3 226.8 225.7 223.5 222.4 222.1 222.6 222.7 223.4 223.9 223.4 222.8 222.1 221.9 221.3
124.7 121.9 126.2 130.1 135.7 140.4 148.3 153.9 158.5 163.2 166.3 168.8 171.1 172.5 173.7 175.5 177.9 180.1 182.8 184.5 187.7 190.7 193.2 195.1 197.2 200.3 202.4 201.2 202.4 200.8 196.9 190.9 188.8 190.4 193.2 197.1 199.5 204 209 211.6 212.8 213.5 214.7 214.6 215.3 215.9 216 215.2 213.6 212.3 212.5 214.5 215.6 218.2 220.7 224 228.6 232.6 233.1 231.4 230.3 230 230 229.7 228.3 226.9 226.8 226.2 225.9 226 226.2 226 225.8 225.3 225.2 224.3 223.3 221.7 221.1 220.5
120.2 124.4 129.9 136.7 140.2 145.8 153.4 159.2 163.8 167.4 170.2 172.7 175 176.9 178.1 180.4 182.3 184.6 186.5 188 189.6 192 193.7 195.2 197.3 199.5 199.3 200.7 200.7 199.7 199.4 199.5 196.4 197.8 200.2 201.9 206.5 211.6 214.3 215.4 217 218.6 219.5 219.4 219.2 219.6 219.6 218.1 216.4 214.6 214.1 214.7 217 218 219.3 221.1 222.6 223.7 227.8 228.3 230.2 230.4 230.6 230.8 230.1 229.9 229.8 228.9 228.6 228.3 227.6 227.1 226.5 225.8 225 224 223 221.9 221.2 220.7
123.2 128.6 134 139.2 143.5 147.7 153.8 159.4 163.6 167.8 171.1 174.1 176.9 179.3 181.5 183.3 185.4 187.5 188.4 189.8 190.5 192.1 193.7 194.6 195.9 198.1 198.8 201.2 202.6 203.1 203.2 203.8 206.5 207.3 208.1 208.6 211.3 215.8 218.2 219.4 220.7 222.2 223.3 224.1 224.9 224.6 222.5 220.6 218.5 216.5 216.7 216.6 217.7 218.8 219.8 220.8 221.9 223.8 226.2 229.3 230.5 231.7 232.1 232.9 233.7 233.8 233.3 232.4 231.4 230.2 228.7 228 226.9 225.6 224.5 223.7 223 222.7 222.1 221.2
127.3 131.7 136.1 140.9 146.2 150.9 155.9 160 164 168 172.2 176 179.3 182.4 184.7 187.2 188.6 190.3 191.3 191.4 191.7 192.1 192.9 194.1 195.8 197.7 200.1 202.4 204.6 206.4 207.3 208.7 211.6 214.2 214.8 214.8 216.6 219.1 222.3 223.7 225.1 225.9 227.3 227.7 227.2 226.1 223.9 221.7 219.7 218.9 219 218.8 219.7 220.4 221.3 222.4 223 225 226.9 228.7 230.5 232.3 233.6 234.4 235.2 234.9 234.1 232.5 231.5 230.6 229.4 228.3 226.6 225 223.7 222.5 220.9 220.5 219.9 219.9
129.5 134.2 140.2 145.9 150.5 154.6 158.1 161.8 165.5 169.3 173.6 177.7 181.8 185.5 188.8 191.3 192.5 193.5 193.4 192.7 191 191.7 193.3 194.8 196.5 198.7 201.5 204.2 206.9 209.3 211 214.2 217.1 219.9 220.9 220.9 219.6 222.9 225.7 227.5 228.6 229 229.6 229.2 228.3 226.6 224.6 222.4 221 220.6 220.7 221.7 223 224.1 224.8 225.7 226.6 227.6 228.3 229.8 230.8 232.4 232.5 232 231 231.5 231.5 230.3 229 227.7 226.2 224.1 223.1 221.7 220.9 217.5 216 213.3 213.6 213
133.4 138.4 142.5 146.5 150.2 153.4 156.6 159.6 162.9 166.4 170.6 173.8 177.6 181.2 184.8 187.8 189.8 191.2 192 189.9 189.5 191.3 193.3 195.3 197.7 200.3 203.3 206.1 208.7 211.4 214.4 217.6 220.3 222.5 223.3 223.8 223.9 226.1 228.1 229.3 229.8 229.8 229.8 228.8 227.3 225.7 224.5 222.8 222.1 222.6 223.7 224.8 226.1 227.4 229 230.4 231.5 231.1 230.4 229.8 230.4 230.3 227.3 227.7 226.4 226.1 226.4 226.6 226.8 225.4 221.8 218.7 215.2 214.9 214.7 211.9 210.1 208.3 206.8 204.8
135.4 137.7 141.8 144.9 148 150.5 152.8 155.6 158.5 161.5 164.7 167.5 171.2 174.3 176.9 178 181.1 183.9 184.7 186.9 190.2 192.8 194 196.1 199.2 201.8 205 207.9 210.6 213.3 216.8 220.1 222.5 224.3 225.1 226.4 227.3 228.9 229.8 230.7 230.9 230.6 230 229.1 226.5 224.4 224.3 223.7 223.8 225.4 227.7 229.5 231.5 234.1 236.9 238.4 237.1 234 230.3 228.1 227.7 225.8 223.7 223.5 222.3 218.9 218.7 217.8 216.9 216.2 213.7 210.7 209 206.1 206.7 206.4 204.7 202.7 199.8 195.2
133.9 136.9 140 142.2 145 146.3 147.7 150.1 153.1 156.4 159.5 162.6 165.1 167.2 170.6 173.6 176 178.1 181 185.6 189.2 191.8 194 196.6 200.5 203.4 206.5 209.1 211.8 214.5 217.4 221.4 224.1 226.2 228.1 229.8 231.4 232.3 232.5 233.1 232.4 231.3 230.2 228 225.9 226 227.2 225.8 227 229.1 232 234.5 236.3 237 238.1 238.4 237.7 233.6 228.4 225.9 224.3 221.7 219.7 218.2 217.1 211.2 212.1 211.9 209.2 209.7 208.6 205.7 202.6 199.4 199.4 198.1 197.1 195.7 192.8 189.1
139 141.2 143.2 145.8 148.3 151 153.3 155.5 157 157.9 158.9 159.4 160.4 163.5 167.5 170.3 172.9 175.1 178.7 181.9 184.9 187.2 192.4 197 201.7 205.1 207.4 210.8 213.7 217.1 220.5 223.7 226.8 229.4 231.6 234.2 235.5 236.1 236.5 236.6 234.8 232.8 230.9 229.5 228.4 228.4 228.8 229 230.2 231.9 234 236.3 238.1 237.8 237.2 237 236.3 233.4 228.6 225 222.6 218.6 216.1 214.5 210.3 206.4 206.7 205.1 203.5 203.7 204.1 202.3 196.8 194.3 194.6 193.2 190.8 188.5 187 183.3
142.1 145.1 147 149 151.1 153.3 156.6 159.3 162.4 164.6 164.9 165.3 165.5 162.6 164.4 167.4 169.5 172.8 176.1 178.7 182.1 187.3 192.1 196.8 201.7 205.9 209 214.6 217.7 219.8 222.5 226.7 230.2 233.1 235.8 238.3 240.3 241.1 240.1 239 236.7 234.5 233 231.5 230.9 230.8 231.3 232.1 233.7 234.9 235.9 236.5 237.9 236 235.2 234.8 234.5 233 230.2 226.4 219.7 214.5 210.8 209.8 205.5 202.7 201 199 197 195.7 193.1 192.9 192.9 189.6 190.1 187.1 183.5 178.7 177.9 174.5
