Assets/StreamingAssets/GeoData/Data/ns/NS21.asc
ncols 200
nrows 200
xllcorner 220000
yllcorner 610000
cellsize 50
[rows 120 to 159 of 200, columns 90 to 179 of 200]
6.6 12.8 42 48.1 55.7 60.8 67.9 74.2 80 85.9 90.1 96.8 101.5 106.6 110.7 114.8 118.7 122.4 128.8 134.7 142 150.3 159.1 166 172.9 179.3 183.3 190.7 196.5 194.3 191.5 192.6 196.1 199.6 205.1 210.5 210.5 211.1 216.4 223.2 225.6 231.9 237.9 243.7 245.9 247.8 246.1 246.4 248.9 249.5 252.1 250 250.6 249.2 248.4 248.4 251.8 253.9 256.3 259.5 260.1 256.5 253 248 234.1 224.6 217.7 214.7 212 208.9 206.5 204.3 202.5 200.8 199.5 198 196 193.7 190.7 186.6 181.6 177.1 174.5 172.1 168 165 163.3 164.8 164.8 160.8
8.3 20.5 44.6 51.4 57.7 63.6 70.2 76.7 83.7 90.4 94.7 100.2 105.1 109.3 113.4 118.9 122.3 127.5 133.2 140.6 148.6 155.4 161.5 169.2 175.9 182.5 189.8 197.1 198.7 198.4 192.6 192 193.5 198 197.3 201.2 201.3 209.1 217.3 221.7 227 234.4 240.1 241.9 244 244.8 244 245.1 244.6 245.3 246.9 248.3 248.2 248.4 248.4 248.4 251 254.8 251.8 255.2 254.9 250.4 247.2 241.9 230.2 218.7 211 208.6 206.3 204.4 202.1 199.9 198.4 196.7 194.8 193.2 191 188.1 184.4 179.7 176.3 173.7 173.4 171.2 166.6 160.6 156.6 155 151.1 146.4
9.1 14.5 47 52.6 59.4 65.8 72 78.7 84.9 91.3 96.8 103.6 107.5 111.5 116.2 121.4 126.6 132 137.9 144.7 152.2 158.9 165.8 172.2 179 188.7 196.1 199.1 200.3 198 193.3 191.8 189 194.5 192.3 194.2 201.3 210.5 219.2 225.3 229.4 232.9 236.1 238.4 236.5 238.3 239.6 242.5 243.3 243.6 245.5 247.7 249.6 250.8 251.9 252 249.7 250.1 251.3 249.7 249 244.5 240.3 234.8 223.2 213.1 206.2 202.5 201 200 198.5 197.2 195.6 194.1 191.8 187.4 182.8 180.4 177.6 173.1 170.6 169 166.7 163.5 158.7 153.2 149.3 146.8 144.2 142.6
2 11.8 28.7 49.4 60.8 66.8 73.7 80.4 86.1 92.5 99.1 105.9 109.6 114.4 119.9 126.9 131.8 134.8 141.9 150.4 157 163.4 169.8 177.4 186.3 194 198.1 201.2 202.2 203.1 193.5 189.5 189.3 189.8 187.1 187.6 193.8 196.3 205 213.3 220.5 225.3 226.1 223.2 231.4 238.5 239.3 241 242.3 243.6 246.8 249.6 252.4 255.5 255.5 251.7 249.6 246.6 244.3 243.5 243.4 241.4 237.7 229.1 216.8 209.3 204 198.6 196 196 195.5 194.8 193.8 191.6 189.7 184.2 179.4 175.7 171.7 167.6 164.5 161.2 158.4 154.3 150.4 147.8 146.4 145.7 145 146.4
-1 12.2 24.8 40 57.4 67 73.2 80.9 87 94.4 102.6 110.3 115.2 117.5 124.3 129.7 134 139 145.2 153.4 160.3 166.9 174.4 184.1 191.8 198.2 202.1 202.8 202.1 198.5 186.7 180.4 178.9 185.6 190.4 194.7 202.4 205.5 209.1 215 212.6 221.8 231 236.1 240 242.6 244.8 244.4 247.5 245.2 246.6 251.2 255.1 255.5 254.3 252.9 249.1 245.9 243 242.1 240.8 239.3 234.3 224.7 216.6 209.1 202 196.9 191.7 190.9 190.6 189.8 188.3 185.6 182.9 177.9 173.2 168.4 166.1 161.4 158 154.7 151.1 150.1 149.7 149.7 149 148.5 149 149.6
-1 7.2 23.9 38.9 60.2 66.4 73.4 81.4 89 96.9 104.7 110.3 115.1 120.1 125.3 130 136.7 141.2 148.8 156.9 163 171.5 180.9 189.1 195.9 200.5 201.3 202.2 200.3 190.5 178.2 173.4 182.3 187.2 190 195.7 204.1 208.7 213.5 218.2 227.3 231.5 239.5 244.6 245.7 245.9 247.6 252.1 253 254.7 248.6 250.6 254.4 256.4 256.1 252.9 248.8 246 243.8 242.5 240.9 239.7 231.7 224.2 214.5 205.5 197.9 191.5 187.4 184.9 184 182.9 181.3 178.7 173.8 166 160.7 160.2 159.1 157.3 154.8 157.6 156.7 155.6 154.6 154.3 150.6 150.1 149.9 150.5
-1 4.9 20.7 48 62.2 66.7 74.4 82.8 90 97.3 103 108.7 116.4 122.6 126.8 131.1 137.2 146.5 153 159.9 166.8 177.1 185.9 191.8 196.7 199.1 200.5 198.1 190.9 175.4 171 176.7 182.5 187.9 193.4 196.7 205.5 212.7 222.3 228.8 232.9 240.6 245.1 246.8 248.8 249.6 249.2 251.3 255.6 257.2 251.9 252.2 253.6 255.1 254.2 253.4 248.9 246.2 244.7 242.7 240.2 236.4 231.3 220.8 209.8 201.3 194.9 189.3 185.8 186.1 185.7 185.6 185 183.9 182.9 179.1 177 172.7 167.7 161.3 161 161.2 161.9 161.3 160.3 158.4 153.5 151.9 152.1 152.9
-1 2.3 26.4 53.7 62.4 68.2 75.5 82.8 88.9 94.9 102.1 109.7 116.6 121.6 125.5 130.6 139.7 147.1 155 161.5 171 180 186.6 192.1 195.7 197.4 195.1 191.9 179.5 167.2 171.4 179 184.4 188 192.9 198.4 208.3 219.4 225.6 232.1 240.8 244 249.6 250.3 254.9 251.5 253.6 252.7 256.6 256.2 256.2 255.6 256.7 257.7 258.3 256.1 249.4 246.8 244.7 242.6 239.2 235.6 229.6 215.6 205.2 196.4 191.2 188.1 189.3 190.2 191.2 191.5 191.2 189.5 185.8 183 179.1 175.2 170.3 166 164.6 164.2 164.1 163.2 162.3 159.1 157.8 156.5 156.2 155.5
-1 1.5 17.2 47.2 62.6 68.9 75.9 82.2 88.4 93.9 101 107.5 113.3 118.1 123.6 130.2 138.7 147.2 155.6 163.9 173.2 182.2 186.5 190.9 193.1 193.1 188.1 175 167.4 169 176.3 180.4 185.8 190.5 195.4 202.4 211.1 220.1 229.1 238.1 245.7 246.8 249.5 253.7 256.2 258.5 257.2 255.4 261.9 260.5 258.7 259.2 259.8 259.7 258 253 250.4 248 245.2 241.3 237.7 233.2 221.8 211.7 202.7 196.5 190.4 191.3 191.7 193 194 194.2 194.8 193 188.3 183.2 178.9 175.1 170.1 168 167.4 167.4 167.6 167.3 166.7 166 164.6 162.7 160.5 157.8
-1 1.4 17 39 58.9 69.2 76.9 83.1 86.6 92 97.7 103.7 109.6 115.6 122.1 128.5 137.3 147.2 156.6 164.7 173.3 180 184.4 187.9 189.1 184.6 173.3 153.3 163.2 172.1 177.4 182.3 186.9 192.4 200.1 205.4 213.1 223.8 234.3 242.6 251.4 252.3 248.5 254 260.1 260.6 257.9 258.7 258.7 261.4 263.8 265.6 265.8 263.2 258.3 253.2 250.5 248.3 245.2 240.9 237.3 227.7 218.4 210.2 202.5 198.1 194.6 196.4 197 198.2 199.1 199 198.4 196.4 192 186.2 182.4 177 173 171.5 170.6 170.7 170.5 170.4 170.5 169.9 168.1 165.7 163.3 160.8
-1 1.2 16.6 40.6 63.6 69.8 75.5 79.7 84.5 89.8 95 100.6 105.7 111.6 119 127.1 136.4 146.1 155 163.7 171.1 179 183.6 183.1 180.2 166.1 152.3 149.3 162.9 171.4 177.3 184.9 186.3 194.1 201.1 205 214.1 223.1 233.5 241.6 246.7 250.4 248.6 259 258.2 256.6 261.1 268.3 270.9 267.3 270 269.5 269.4 267.1 259.2 253.8 250.8 248 245.2 242.1 236.5 226 215.6 206.6 202.3 198.2 198.9 200.2 200.7 201.5 202.2 202 201.5 199.4 195.1 190 185.6 182.1 178.3 175 173.1 172.5 172 172.3 171.3 170.3 167.9 164.6 161.9 158.6
-1 0.9 9.5 40.4 62.6 69 73.7 78.9 83.1 86.9 90.9 95.1 100.9 108.2 116.3 125.1 133.9 142.1 149.9 157.6 163.6 169.2 174.2 169.2 156.5 136.6 129.6 146.6 163.1 168.5 174.6 180.6 185.5 191.3 197.8 203.8 209.9 218.8 226.1 235.5 238.2 241.8 246.4 256.5 257.6 263.3 269.2 272.1 275.6 273.8 276.8 270.9 269.9 266.9 260.1 255.4 252.3 249.8 247 244.6 237.8 225 214.3 206.4 201.5 201.6 201.9 202.5 203.3 203.5 203.7 203.8 203.5 201.3 195.9 191.5 187.6 184.2 181.6 178.8 175.5 173.2 171.4 170.7 168.6 165.3 161.2 157.9 156.2 154.5
-1 0.9 8.2 23 55.4 62.9 72.1 75.6 78 82.5 84.4 89.8 96.9 104.7 112.7 121 128.2 135.4 143.1 150.1 153.7 149.7 146.8 139 125.3 125.9 141.6 147.5 157.3 164.6 169.6 174.1 178.9 187 193.4 198.7 207.8 214.2 220.6 228.3 236.8 246 250.3 259.6 268 269.8 272.1 273.1 274.2 275 276.3 278.3 270.3 266.6 257 252.7 250.4 248.6 246.6 245.2 239.1 225 213.8 207.2 204.4 204.6 205.1 205.5 205.5 205.2 204.8 204.7 204.4 198.8 193.9 190.6 187.5 184.6 182.2 179.6 174.2 171.4 168.1 165.5 162.6 159.3 156 154 153.2 153.1
-1 1 7.8 21 46.7 65.7 68.4 71 73.3 76.8 80.9 86.4 93.3 100 109.1 117.1 123.6 125.2 130 129.1 128.4 121.6 118.5 114.8 127.1 134.1 139.5 139.5 151.1 155.2 157.8 160.8 167.7 174.4 183.3 193.4 205 209.5 214.5 222.7 232.1 242.2 250.7 260.5 266.7 271.2 274.9 278.3 278.2 275.9 274.7 273 270.8 264.9 253.6 248 246.2 244.8 243.4 242.1 237.7 230.5 212.2 209.2 208.1 207.5 207.5 207.6 207.4 207.2 206.5 205.2 202.4 196.9 193 189.5 186 182.2 178.7 173.2 172.7 168 164.8 161.6 158.4 156 154.3 152.9 151.5 150.4
-1 1 6.8 17.7 50.2 61.3 63.2 66.4 68.5 72 77.2 83.9 90.6 98.3 106.4 112.8 113.5 116.8 117.5 115.2 112.4 105.5 114.7 120.3 125.4 130.5 132.9 136.1 140.5 143.7 147.6 152.2 156.8 168 179.3 186.5 196.8 202.1 207.8 218.1 229.7 243 256.1 265.8 271.8 276.6 278.8 280.6 280.2 277 276.2 273.3 264.1 257 247.4 244.9 243.8 243 242.4 241.3 239.2 235.7 223.4 215.1 211.8 210.4 209.8 209.7 208.7 208 206.3 204.6 200.6 196 193.1 190.3 187.6 184.4 179.8 173.3 169.5 166.5 162.3 159.1 156.4 154.1 152.6 151.6 150.6 150.1
-1 1 7 21.6 53.7 56.7 57.5 60 61.6 68.1 74.4 81.6 89.7 96.2 101.5 102.7 104 105.9 107.3 105.6 105.5 91.4 111.9 116 119.5 123.2 124.9 128.6 132.4 135.6 140.5 145.8 151.1 162.1 168.1 174.5 186.6 199.8 213.1 228.1 234.7 243.5 257.9 267.6 274.6 277 277.8 279 279.4 278.8 277.4 273 260.1 252.8 247.2 244.6 243.5 243.3 242.7 242.7 242.9 240.8 229 218.9 215.2 211.5 210 209.5 208.4 207.1 205.4 203.3 198.3 194.5 192.7 190.9 188.5 184.8 179.5 173.4 167.5 163.4 159.8 157.2 154.7 152.9 151.7 151 150.6 150.7
-1 1.1 6.3 21.5 45.9 49 50.2 58 58.2 65.8 73.4 80.8 87.6 91.5 94 92.6 94 93 93.5 98.9 102 89.6 105.8 110.2 112.6 115.6 118.4 121.6 124.7 128.4 132.3 135.1 146.3 158.5 169.3 180.9 194.1 208.5 224 238.1 239.9 243.1 253.1 266.7 271.9 272.5 274.1 276.4 278 277.8 276.3 261.2 256.4 253.1 249.3 245.1 244.2 244.2 244.7 245.5 246.3 247.2 239.6 223.5 217.4 213 210 208.6 206.8 204.9 202.6 200 196.7 194.1 192.3 190.8 187.4 183 177.3 170.1 164.2 160.9 158 155.6 153.9 152.3 151.6 151.2 150.9 150.7
-0.2 1.2 7.4 34.5 38 41.5 44.6 51.8 60 67.3 73.9 78.7 81.8 84 84.1 84.8 85.1 86 88.3 91.3 95.9 87.4 99.1 103.5 106 110.3 112.3 114.8 117.3 124.3 131.2 138.4 148.6 159.5 171.8 184.7 196.5 211.6 228.2 239.6 243.3 243.7 248.5 258.1 265.2 265.5 266.6 265.8 264.2 258.5 256.7 254.9 254.4 252 248.7 245.8 244.8 245.8 246.7 247.9 249.5 249.7 241.8 224 216.5 212.3 209.2 207.4 205.4 203.9 201.9 199.5 196.8 193.7 191.5 188.9 184.5 179.7 173.6 167.4 162.4 159.4 157.3 155.6 153.4 152.6 152 151.6 151.3 150.9
0.1 1.6 27.2 30.7 36.6 41.9 49 55.4 60.9 64.2 67.6 72.1 74.2 75.9 76.8 78.9 79.8 81 81.9 85.3 83.4 90.8 94.5 97.5 100.4 105.8 104.1 112.8 118.5 123.2 131.8 142.5 151.4 162.8 176 188.4 201 216.3 234.1 243.8 247.5 254 249.9 259.4 263.9 266.3 264.2 260.9 258.8 257 255.7 254.6 250.5 246 244.8 244.7 244.9 245.2 245.4 245.9 246.6 243.1 230.1 220 212.1 209.8 206.5 205.2 203.9 202 200.9 199.1 196.6 192.9 189.9 186.1 180.9 176.1 170.5 165.3 160.7 157.4 156.2 154.3 153.9 153.1 152.5 152.1 151.7 151.2
0.4 7.8 28.4 33.7 39.3 45.5 50.4 53.4 56.2 59.7 63 63.7 67.6 69.2 70.1 73.2 69.4 68.4 71.7 81.5 86.4 89.2 90.8 91.3 93 98.8 105.9 109.4 116.3 123.3 133.3 143.6 153.3 164.8 178.2 193.1 202.2 218 234.8 247.2 258.4 265.5 264 263.3 263.7 266 264.3 260.8 258.1 255.9 251.2 245.8 245.6 245 244.7 244.7 245.1 245.1 245.4 246.3 245.7 239.2 223.1 214.1 208.9 206.4 203.7 203.1 201.7 200.3 199.2 198 195.7 191.7 186.9 182 177.6 173.1 168.1 163.1 158.3 155.9 155.2 155 154.4 153.6 153 152.5 152.1 152.8
1 18.7 29.7 35.6 41.1 44 46 48.1 50.9 53.4 55.4 57.7 58.6 52.9 50.4 61.8 72 76.1 79.1 82 83.6 83.3 85.8 88.5 93.7 100 104 109.7 117.2 125 134.4 145.5 156.3 168.4 181.4 195.1 206.7 219.7 237.2 251.9 260.3 265.2 268.6 262.1 260.4 263.1 264 259.5 256.6 248 245.8 245.3 245.1 244.8 244.6 244.8 245.4 245.5 247.5 248.2 238.3 223.8 212.5 208 205.2 203 201.3 200.1 199.2 198.3 197 195.5 193.1 188.5 184.2 179 174.7 170.2 165.9 158.8 158.9 159.3 158.7 158 157.7 156.1 156.2 156 155.9 155.5
1.5 19.2 30 34.5 37.4 39.9 41.4 43.4 45 46.4 48.5 45.7 51.1 55.8 60.1 65.1 68.4 71.4 73.4 74.4 79 82.2 83.9 88.1 94.4 100.7 104.8 110.9 118.8 127.3 136.8 144.8 154.5 169.1 182.4 195 207.6 223.5 241.1 254.1 261.7 263.6 264.8 262.5 258.3 257.4 256.7 249.4 246.4 245.7 245.4 245.1 244.9 244.7 244.4 244.8 245.5 245.1 242.8 236.6 217.5 210.5 205.7 202.7 201.3 200.2 198.5 196.9 196.1 195 193.9 192.5 190.1 186.6 182.3 177.1 173 163.7 164.4 166.5 166 165.4 165.6 166.2 164.6 163.9 164.2 162.3 161 160
1.7 6.5 20.9 31.9 34.9 36.5 38.2 38.8 38.6 40.2 33.6 42.2 48.6 51.9 51.1 55.1 63.6 58.7 66.5 78.1 81.3 79.2 84.9 89.7 94.5 100.1 105.5 111.6 119.8 129.7 137.5 147.6 159.2 172.4 185.5 198 210.7 226.9 242 254.8 255.4 261.4 265.6 263.2 256.7 255.3 250.9 247.8 245.6 244.8 245.1 245 244.7 244.5 244.5 244.9 244.2 236.7 228.9 215.4 207.4 204.1 201.1 199 197.5 196.1 195 193.8 193.7 191.5 190.8 189.1 187.1 183.5 178.9 174.4 162.8 169.7 170.6 170.8 170.5 170.3 169.7 168.6 167.7 166.4 165.8 165.6 164.8 164.2
1.5 5 8.8 27.6 26.2 24.7 31.6 29.7 25.4 23.2 29.9 38.1 46.5 52.1 55.9 60.7 65.6 70.2 73.5 77.1 80.6 85.1 87.7 92.2 95.8 101.2 107.5 114.9 122.7 130.8 140.8 153.2 165.3 176.8 190 203.5 216.7 228.9 241.8 251.3 254.2 251.8 253.1 262.5 250.7 252.1 249.3 246.8 245.2 244.3 244.9 245 244.7 244.5 244 242.3 238.9 225.5 214 207.6 204.8 202.1 199.6 197.1 195.8 194 192.8 191.6 189.1 187.9 187.3 185.9 183.1 179.7 175.1 169.3 171.8 172.8 173.6 173.6 173.1 172.5 171.8 170.1 168.6 168.5 168.3 168.1 167.6 167.4
1.4 4.7 6.1 13.1 27.9 30.2 27.5 22 33.9 37.7 40.1 42.5 47.7 53.5 59.2 63.9 67.4 70.3 74.7 78.5 82.3 85.5 89.3 94.3 99.1 104.8 109.4 117.4 127.2 136 147.8 159.2 170.8 180.5 191.4 202.9 214.5 227.1 237.9 249.3 252.9 250.8 246.2 244.2 245.9 249.7 252.2 246 243.9 243.8 244.4 245.4 245.3 246.5 247.1 243 232.4 215.4 210.3 206.1 203.4 200.8 197.8 195.9 194.4 192.7 191.2 190 187.8 184.9 182.8 181.2 179.4 177.1 174.5 168.6 173.5 174.1 174.1 173.8 173.3 173.7 173.5 174.2 174.6 175.2 174.9 174.1 172.8 172.3
1.2 4.7 7.2 29.3 32 33.2 33.4 32.8 24.4 36.6 39.5 43.4 48.9 55.1 60.8 65.4 68.6 72 74.6 77.6 81.3 84.6 89.3 95 99.9 105.9 112.4 121 131.7 141.9 152.3 160.5 168.6 178.1 187.1 198.1 207.3 215.4 225.3 235.3 243.8 247.7 246.3 243.3 243.4 245.2 250 246.1 242.9 243.8 244.7 246.7 249.4 251.7 249.4 239 222.7 214.8 209.7 205.3 200.6 198.7 195.9 194.6 192.2 190.6 189.8 188.5 186.9 184.7 180.9 178.7 177 174.7 168.9 173.8 173.9 174.5 174.8 175 175.9 178 179.2 179.9 180.4 180.2 179.8 178.6 177.7 176.8
0.9 2.6 8 26.1 31.8 33.9 35.2 35 26.4 36.8 41.6 47 52.6 57.8 60.9 63.4 64.3 67.7 70 76.1 80.8 85.3 92.4 94.8 101 108.5 116.6 124.8 134.3 142.1 151.4 160.9 170 178.8 188.3 197.6 206 211.8 222.1 233.1 241.8 253.1 248.7 243.6 243.6 242.1 241.9 242.5 242.3 248.4 248.7 249.3 251 249.7 245 233.2 223.1 216.4 210.5 205.2 200.5 195.8 193.9 190.7 188.4 185.6 183.8 182.4 178.9 178.4 176.2 174.9 174 173.3 175.1 175.5 176 177.3 179.3 181.1 182.4 183.4 183.8 184.3 184.2 184.7 183.4 182.1 180.4 178.5
0.7 1.5 7.4 21.6 32 34.2 35.6 36.9 36.8 40.6 46.2 51.1 55.2 57.9 60.2 59.8 64.3 68 73.2 77.3 81.1 88.6 93.4 98.6 105.1 112.5 120.4 127.7 135.6 144.2 152.6 162.6 172.1 181 191 199.4 207.5 215.4 225.4 234.2 241.5 253 254 250.2 249.3 241.8 241.4 242.1 245.8 251.3 250.9 250.7 251.3 251 243 229.1 220.4 213.5 207.5 202.1 198.9 194.6 188.7 186.5 182.4 180.6 179.2 177.3 175.9 175.2 174.3 173.8 175.3 177 178.6 181.4 182.7 184.8 186.3 187.2 186.9 185.9 185.8 186.4 186.6 185.5 185 183.3 181.4 178.4
0.5 1.4 6.3 24.8 34.9 36.8 38.3 37.9 37.4 38 43.7 46.5 46.8 55.4 59.4 63.4 67.1 69.5 75.8 80 85.8 92.4 98.4 103.9 110.5 116.9 122.5 129.4 137 145.1 154.7 164.7 174.6 183.8 193.7 203.6 211.5 220.8 229.8 237.5 240.9 245.9 251.5 254 245.4 241.5 241 241.4 243.4 247.2 249.1 250.6 251 250.6 243.1 230.1 221.4 214 207.3 200.8 197.6 194.7 190 185.1 181.6 177.9 177.1 175.8 175.6 174.8 174.6 175.3 176.9 179.4 181.4 184.5 187.5 188.9 189.5 189.1 187.6 186 186 186.2 185.9 184.8 183.3 181.7 178.4 174.5
0.4 1.3 4.9 26.8 37.6 39.1 39.6 39.1 41.3 44 48.5 52 55.2 58.4 62.3 66.4 69.1 75.9 80.5 85.5 91.3 97 102.9 108.7 114.3 119.1 124.7 131.3 139.6 148.1 159.5 169.5 179.5 189 198.6 208.3 214.9 224.1 233.1 244.7 246.1 243.5 246 246.1 249.2 244.2 241.4 241.1 241.5 244.3 247 249.1 250.7 251.3 248.6 233.2 223.8 215.4 207.6 201.2 197 195.5 188.6 184 181.1 178.3 177.5 176.6 176.4 176.4 176.6 177.5 180 182.1 184.2 186.8 189.4 190.8 190.7 188.8 187.4 186.1 186.2 185.6 183.7 181.6 178.2 175.2 171.6 165.5
0.2 1.1 4.3 33.2 39 39.5 39.3 39.5 42.9 47.1 50.8 54.2 56.5 60.2 64.7 68.9 74.6 79.7 85.2 90.2 96.1 99.9 104.9 110.4 115.4 120.7 127 135.6 144.6 155 165.7 175 184.1 192.7 200.7 208.5 214.9 222.5 231.2 240 246.7 241.3 240.8 241.3 243.5 244.7 242.4 241.4 241.1 242.8 245.4 250 250.1 250.9 251.5 244.2 225.9 217 209.6 202.5 196.1 192.9 190.3 187.5 184.8 181.6 179.5 178.7 178.8 179.6 181.3 182.8 184.7 186.1 188 190.6 193.5 194.7 192 188.1 186.8 188 187.9 186.8 182.4 177.6 172.2 168.5 166 161.5
0 1 5.1 33.2 36.9 37.2 37.7 40.8 44.5 48.2 51.2 54.9 59 63.8 68.2 72.5 76.5 80 85.6 89.8 95 100.1 105.3 110.8 117 123.2 130.9 139.8 149.9 160.3 170 178.4 186.4 194.2 201 208.7 213.8 215.1 219.4 227.9 237.7 240.3 240.9 244.9 239.8 238.4 241.6 242.4 242 239.6 242.6 246.7 252.6 250.6 247.5 244.5 234.3 224 215.8 205.8 199.4 195.6 192.7 190.4 188.6 186 184.4 182.7 183.9 183.8 186.1 187.5 187.4 189.3 190.9 193.7 195.6 197.5 194.6 187.4 186.6 188.2 188.4 185.7 181.2 175.4 166.8 162.8 159.7 158.7
-0.1 0.9 3.6 34.5 33.9 36.3 40 44.9 48.2 51.2 55.2 59 63.9 69.1 72.8 78.5 82.3 85.4 89.3 93 97.7 103.8 108.5 114.1 119.8 126.2 135.5 143.6 153.7 163.1 171.7 179.6 186.4 192.8 199.2 205.3 209.7 212.2 214.2 219.4 227.2 235.4 237.9 242 240.9 235.4 235.4 239.5 240.5 240.5 240.8 241.5 240.5 242.8 241.1 241.2 239.4 233.2 223.5 212.5 203.7 198 194.6 192.2 190 188.8 187.5 185 187.7 188 188.8 188.9 189.4 191 193.2 195.2 197.3 198.4 195.9 187.7 185.6 185.6 186.2 182.7 177.8 170.5 163.6 160.5 158.5 157.2
-0.2 0.8 1.8 28.9 33.5 37.8 42.9 48.1 51.4 54.6 58.8 63.4 68.8 74.5 73.1 83.6 87.2 89.9 92.8 97 100.9 105.7 112 117.7 123.9 130.7 138.1 145.9 155.9 162.8 170.2 177.3 185 190.3 195.7 201.5 205.3 208.3 210.2 212.7 217.5 224.8 230 232.9 237.5 235 238.7 235.5 234.4 231.9 235.3 235.7 236.3 236.4 239.3 242 240.3 236.3 230.6 220.7 210.5 202.8 197.3 194.2 191.6 190.1 188.4 187.2 189.3 189.3 189.6 190.7 191.6 193.6 195.6 196.8 198 197.1 192.8 186.3 183 180.5 179.7 175.3 171.2 166 161 158.5 156.8 155.7
-0.1 0.8 2.1 20.3 32.7 37.9 43.4 48.7 52.8 56.5 60.2 65.3 70.7 76 80.6 86.3 89.6 92.1 95.1 98.8 102.5 104.8 112.5 119 125.9 133.6 141.9 150.5 159.1 167.1 174.3 180.6 186.3 191 195 198.4 202.4 205.5 206.7 209.5 212.8 217.8 222.5 225.2 227.6 230.4 235.8 238.8 237.6 233.7 228.5 233.7 235.3 234.3 234.3 236.1 238.9 239.1 235.7 229 217.8 211.5 203.8 198.7 194.7 192.9 191.3 191.1 192.2 192.5 193.7 194.6 197.7 197.4 199.4 198.7 197.3 195.2 188.7 185.1 181.8 178.2 175 172.4 168.8 164.1 159.1 156.6 154.7 154.2
-0.1 0.8 1.9 12 31.7 36.8 42.2 47.4 51.5 55.4 60.3 65.9 72.1 77.2 81.8 86.4 89.1 91.7 94.3 97.6 100.1 102.9 111.4 118.4 126.9 136.2 144.8 153.3 162.5 170.5 177.2 183.3 188.2 192.2 195 197 198.4 200.3 201.6 204.1 207.1 212.4 216.7 221.5 221.7 227 233.4 237.2 235.7 234.7 231.7 227 230.4 231.4 232.3 233.6 236.2 239.9 238.8 235.6 233.7 228.2 221 214.8 205.3 197.5 195.4 194.6 195.7 197.1 198.4 199.7 200.8 202.6 202.5 200.3 198.3 195.2 191.5 189.6 185.9 180 176.8 173.6 169.6 164.8 157.8 155.3 153.6 152.9
0 0.9 2.4 12.6 30 34.7 39.4 44.1 48.4 53.2 59.4 66.3 72.7 77.8 82.7 86.3 88.2 89.6 90.9 93.3 96.2 102.8 110.5 118 127.4 137.4 146.7 155.2 163.3 170.3 176.9 182.5 187.3 190.8 190.2 193.5 192.9 194.1 195.4 196 200.3 200.6 205.4 211.8 218.6 223.7 230.3 233.7 234.4 233.8 232.3 229.7 225.2 228.1 229 230.2 231.8 232.8 234.5 235 234.6 232.7 230.7 227.4 218.8 206.1 200.2 197.9 198.9 200.3 201.3 201.7 202.6 203.6 202.4 200.5 199.2 197 193.8 191.1 185.6 181.5 178.5 174 168.1 164.9 158.1 154.3 152.8 152.1
0.2 1 4.2 16.4 28.8 32.3 36.8 41.1 46.4 52 58.4 65.3 71.3 74.7 81.3 83.4 86 86.7 87.9 91.2 94.8 102.1 110.2 119.8 128.9 138.2 146.7 155.8 163 168.2 173.5 178.3 181.6 180.6 179.9 186 186.8 189.1 189.8 192.9 195.5 199.4 201.3 205.6 211.6 217.6 223 229.6 229.4 228.1 229.1 227.1 227.4 223.4 226.1 228.6 229.6 231 232.2 233.2 234 234 230.9 229 225.4 210.5 204.9 203.3 204.8 205.5 204.2 203.2 204 203.6 202.6 200.1 199.5 197.7 194.8 191.8 186.8 182.7 177.8 173 168.5 162.2 157.6 154.5 152.9 151.6
0.3 1.2 4.3 24.2 27.2 31 34.5 39.2 45.1 51.5 58.2 65.1 71.3 75.7 80.1 82.4 83.9 84.1 85 88.8 94 101.7 110.3 119.7 129.4 137.4 145.5 153.1 159.2 163.9 168.3 171.4 172.1 171.1 172.9 178 180.1 182 184.3 187.5 190.7 194.7 195.2 200.5 204 209.7 216.2 220.6 225.6 223.7 223.1 225.4 225.5 225.5 221.9 225.9 228 229.7 231 232 232.6 233.2 228.6 227.3 229.2 223.7 208 207.9 208.9 209.2 207.7 206.3 204.5 204.3 203.4 201.1 200.8 198.9 196.2 191.7 186.9 180.8 175.8 170.9 165.3 160.4 159.4 155.3 153.2 152.5
0.5 1.4 5.3 26.8 28.9 31.3 35.6 40.8 47.4 54.4 60.9 67.1 72.3 76.5 79.5 81.1 81.5 81.2 83.2 87.4 95.1 103.3 111.9 119.7 128.7 135.5 143.6 149.5 154.1 158 161.4 164 163.7 163.5 167.5 170.6 172 173.5 178.1 179.9 183.4 186.5 188.3 193.3 196.1 201 205.3 210.6 215.1 217.4 218.9 216.3 219.4 221.5 220 222.3 227.3 231.2 232.6 232.5 232.2 233.3 231 229.1 222.5 220.3 216.9 212.6 212 211.5 209.7 207.8 205.8 205.5 205.7 205.2 202.1 198.8 195.5 190.6 186.4 180.2 174.5 168.4 163.3 158.4 155.4 151.6 149.9 149
