Assets/StreamingAssets/GeoData/Data/ns/NS30.asc
ncols 200
nrows 200
xllcorner 230000
yllcorner 600000
cellsize 50
[rows 36 to 71 of 200, columns 81 to 161 of 200]
70.7 73.1 74.7 75.1 74.4 73.7 73.1 72 69.5 68.4 65.6 61.2 56.4 54.3 54.8 54.7 60.1 61.9 60.3 60 62.7 59.2 61.9 63.6 65.1 75.8 75.6 75.2 69.1 63.3 61.4 70.4 75.1 82.9 87.4 89.3 88 82 80.5 84.7 91 97.4 106.8 111.4 116.4 119.9 123.2 125.5 128.1 133.1 137.5 140.7 141.7 141.8 143.3 145 146.4 146.5 140.8 149.4 158.8 165.3 169.3 171.2 172.7 174.1 175.8 181 185.3 188 190.7 193.4 196.2 198.9 201.4 203 203.5 205 207.5 209.1 210.7
73.3 75 76 75.1 73 72.1 71 70 67.6 63.7 54.6 53.6 51.2 52.4 52.8 53.1 53.4 52.5 56.3 56.6 54.1 57.3 58.3 58.9 59.7 64.1 64.2 60.1 56.5 58.5 63.4 65.7 68.5 73.7 77.3 77.8 76.3 83.5 88.8 96.3 102.5 109 112.6 116.8 120.7 124.9 128.4 129.6 131.5 133.2 134.7 137.6 136.8 135.2 135.6 137 140.3 136.6 139.5 150.6 157.5 162.8 166.5 169 170.2 170.3 175.4 178.9 183.6 187.3 190.5 193.2 195.7 198.3 200.9 201.6 202.5 204.3 207.1 209.7 210.9
74.1 75.1 74.6 72.4 70.5 69.5 66.6 63.4 59.4 53.2 50.9 51.6 52.4 53.3 55.3 54.4 54.5 55.2 56.3 60.7 61.1 58.4 54.8 58.5 59.1 58.3 57 58.9 59.2 58.8 63.3 69.5 74.1 76.6 76.9 81.8 87.6 94.1 99.9 104.7 109.1 113.2 116.4 119.5 122 124.6 129 133.6 138.1 140.3 138.3 133.3 132 131.1 131.8 132.4 134 131.6 137.5 146.1 150.1 152.9 159.3 161.3 168.3 175.1 179.6 182 184.1 186.3 190.7 194 195.5 197.5 199.9 200.4 201.5 203.7 206 209.2 211.3
75.9 75.2 72.2 69 65.9 65 62.1 60.5 51.9 51.7 50.2 51.6 52.2 60.5 73.1 67.7 55.1 58.6 69.8 75.1 74.7 66.4 68.6 70.6 61.1 58.2 58.5 61.2 60.1 58.8 68.1 73.3 78.4 83.7 87.1 92.5 96.6 101 104.9 108.2 110.4 113.1 115.8 118.8 119.4 120.8 124.4 131.3 137.7 141.9 143.7 138.7 132 128.6 128.6 129.6 128.5 139 143.8 149.8 154.6 160.3 163.8 167 171 176.4 182.2 184.5 186.6 187.2 192 194.7 196 197.2 198.8 200.5 201.8 203.2 205.3 208 209.3
75.5 72.7 67.8 62.9 59.9 58.1 55.2 50.3 51.1 51 46.7 52.1 62.6 74.4 76.5 77 72.9 78.1 80.4 79.9 76.6 74.9 74.6 72.8 61.7 62 62.4 61.5 60.4 62.5 74.4 78.1 83.1 87.2 90.5 94.2 98 100.3 102.6 104.4 105 103.9 102.7 109.7 113.9 116.7 119.6 124.7 130.7 134.6 138.3 137.3 132.4 125.4 124 122.2 127.8 136.4 143.6 149.4 154.2 160.6 163.8 167.4 171.8 177.6 184 187.1 189 186.8 194.6 195.7 196.8 198 199.3 200.8 202 202.7 204.7 206.6 207.1
73.3 67.5 61 57.4 56.3 54.3 50.1 50.1 46.3 46.7 51.7 69.7 78.5 77.9 81.3 82.4 83.1 85.4 86.6 85.1 81.8 78.1 75.5 74.5 64.8 62.7 62.5 60.7 62.1 73.9 80.7 85.7 88.2 90.8 93.1 95 96 97.6 96.2 95.7 94.5 96.7 103.8 105.3 104.5 116.1 118.6 121.2 124.9 129.9 130.8 130 126 120.7 120.8 122.5 124.9 129.1 139.1 145.2 152 159.4 162.9 167.5 173 178.8 185.3 189.5 191.1 189 193.9 196.8 197.4 198.9 199.2 201 201.9 201.7 202.4 204.4 205.1
71.4 59.7 58.4 56.5 54.6 51.9 49.7 50.8 53.4 60.7 71.1 76.1 81.1 82 84.4 87.6 89.5 90.9 91.7 91.8 89.9 85.4 81.2 75.7 67.8 63.3 61.3 62.3 73.3 83.4 85.5 89.1 91.8 93.1 94.9 94.9 96.4 94.8 91.1 94.4 96.2 101.2 105.8 108.7 112.2 110.9 111.2 117.5 119.2 121 123.8 123.5 120.7 118.9 119.9 121.1 127.4 133.1 139.1 141 141.9 150.8 157.7 164.6 172 178.4 185.9 190.4 191.3 191.5 195.2 196.3 196.6 196 196.5 198 198.8 198.3 199.1 202.2 203.8
68.7 61.6 57.5 56.2 52.8 45.7 50 50.7 57.7 64.9 69.9 74.8 79.8 83 84.6 87.5 89.9 90.8 91.3 91.7 91.3 89.1 82.5 78.2 66.9 58.6 63.1 66.3 77.7 89.7 89.2 91 91.4 92.3 92.4 93.5 92.3 89.4 85.1 89.9 96.1 100.3 104.2 109.9 114 116.4 116.1 110.8 113.5 115.8 115.5 116.3 116.8 118.1 119.1 126.1 134 137.3 144.2 146.3 150.6 154.7 158 162.6 165 168.9 181.4 189.7 191.1 191.3 194 194.5 193.2 192.5 193.5 196.5 198.6 200.3 201.1 205.1 206.8
66.4 58.2 54.7 55.3 49.3 49.4 50 52.1 66.2 69.1 72.4 75 77.6 79.9 82.6 85.1 85.6 85.8 83.4 83 83.6 82.4 78.7 68.8 61 63.9 65.1 75.9 83.1 91.8 92.1 92.7 91.6 91.5 90.5 91.4 87.3 83.2 80.7 86.3 94.2 98.8 104.6 108.9 114.2 117.6 120.9 122.5 118.9 113.2 114.2 115.5 116.7 118.7 123.8 128.9 134.8 140.8 143.8 147.6 151.4 154.4 159.4 164 170.6 175 176.4 185.9 190.3 190.8 191.1 191.5 193.2 194.4 196.7 198.1 199.4 200.9 201 206.7 208.7
60.7 54.7 51.9 49.3 45.4 49.1 50.2 63.3 69.2 72.4 75.7 77.4 78.2 77.8 76.8 76.1 74.9 74.3 73.8 73 73.2 72.4 69.6 60.5 63.4 65.5 73.4 76.8 78.4 91.1 93.7 97.1 93.3 91.4 90.3 87.3 82.4 78 81.7 88.4 94.2 98.5 104 109.7 114.8 119 122.9 126.6 129 128.4 125.3 124.8 122.5 124.3 128.8 132.8 135.8 141.3 146.2 148 151.4 153.7 156.9 162.3 167.8 172.6 179.5 182.7 183.7 186.2 192 193.4 195.1 197.5 197.9 198.7 200.4 202.9 204.6 206.7 208
55 53 49 48.5 49.1 49.5 54.6 69.3 72.8 75.1 76.7 77.7 77.3 74.3 72.5 71.2 71.8 74.6 74.7 69.3 67.3 67 66.9 63.2 63.8 65.1 65.4 65.8 62.5 71.2 80.3 92.6 93.7 93.4 90 86.2 80.8 80.4 83.1 87.1 93.7 98.5 104.9 110.6 115.8 120.8 125.7 129.8 133.7 137.1 137.9 138.3 137.3 134.1 130.3 136.3 139.6 143.1 146.4 150.4 151.2 152.4 155.3 161.2 165.6 169.8 176.1 183.3 187.4 188.7 190.8 194.6 197 198.3 199.1 200.4 201.9 203.8 205.6 206.2 207
53 51.2 47.7 45.2 48.6 49.3 64.3 72.9 76.2 77.8 77.6 74.8 72.9 71.7 72.1 72.2 74 74.3 74.5 73.1 68.4 67.7 66.6 64.2 63.5 64.5 61.5 68.7 69.5 64.2 72 85.3 90.5 85.5 88.3 86 74.5 79.9 82.3 85.4 92 98.2 105.4 111.4 117.2 123.2 128.5 133.2 136.8 140.1 141.3 142.7 143.7 141.6 138.1 135.4 142.2 147 149.5 151 152.2 153 155.1 160.3 164.1 169.1 175.9 182.2 186.7 189.4 190.7 192.7 195.6 198 199.5 200.7 202.2 203.7 205.3 206.1 206.7
46.9 47.4 47.3 48.5 51.2 65.1 73.6 77.4 79.1 79.5 77.8 74.3 72.8 73 73.7 74.7 75.9 76.2 75.6 75.1 72.8 70.8 68.4 67.5 65.8 66.8 68.9 69.1 70.5 71.6 68.3 74 66.5 66.9 80.7 81.5 84.6 83.5 84.2 86 92.4 96.6 104.7 111.5 117.8 124.2 130.5 135.2 139 141.4 142.4 144.4 145.3 143.1 140.3 136.3 144.3 150.9 153.7 154.9 155.5 153.9 154.3 159.4 164.7 169.8 175.7 180.6 183.4 184.9 186.7 189.3 195.4 197.3 199.2 200.7 202.1 203.5 204.8 205.4 206.2
47 44.6 48.4 60 64.8 73.6 80.2 83.2 84.6 83.7 79.2 73.9 73.2 73.5 74.3 75 76.5 77.5 78 76.7 75.6 74.4 72.1 70.3 69.7 70.4 73.7 75.6 79 83.6 85.2 82.1 84.6 78 76.5 85 85 84.9 85.5 88 95.4 103.9 107.3 113.1 117.2 123.7 129.8 134.5 137.9 140.6 142.5 143.4 143.5 139.9 137.1 140.8 147.5 152.3 155.9 157.9 158.9 158.6 152.3 154.7 162.9 169.8 174.4 179 181.2 182.6 184.9 187.4 192.6 196.8 198.6 200.5 201.7 203.1 203.9 204.7 205.8
51.2 55.6 61 65.7 72.9 79.2 83.4 85.5 86.1 85.6 81.6 76.1 73.1 73.7 74.7 76.2 76.2 77.6 79.5 78.4 77.5 78.2 76.8 74.3 77.8 81.3 84.9 85.6 86.5 89.1 91 90.3 89.1 86.6 68.2 86.1 85.1 85.8 87.8 92.6 99.2 106 110.9 116.8 123 123.7 127.1 131.3 133.6 135.2 136.4 136.7 136.6 139.5 143.3 148 152.3 155.5 157.4 159 160.7 159.2 154.2 149.2 156.7 165.4 172.1 175.5 178.6 181.2 182.7 183.8 189.7 193.8 197.1 201 201.7 200.9 201.5 203.3 204.3
55.8 59.5 65.4 71.6 77.7 82.7 85 85.8 84.8 83.2 79.9 75.8 73.9 74 73.7 74.9 76 78.5 80.2 80.9 78.7 76.2 76.4 78.7 83 85.5 88.1 91.3 92.1 92.7 92.3 92.6 90.9 88.2 74.6 82.3 86.1 88.6 90.9 93.1 100.4 105.7 111.6 117.1 120.8 125.8 128.5 130.4 132.1 133.9 137.4 139.9 142.5 145.5 149.4 152.5 154.3 156 158.7 160.3 160.9 157.8 153 147 150.9 156.3 164.5 168.8 172.8 176 178.5 180.3 185.4 190.8 194.5 197.5 198.8 198.8 199.2 199 200.5
61.4 66.4 71.6 77.2 82.1 85.9 88.2 88.3 86.8 82.6 77.4 74.1 73.1 73 73.2 73.9 75.6 79.1 81.1 81.6 80.1 79.1 81.5 84.6 89.7 91.6 94.3 98.1 99.1 97.9 96.1 95.3 90.1 88.1 79.4 73.3 86.7 89.6 91.6 94.1 100.7 105.2 110.6 113.9 119.8 124.5 127.7 132.2 135.3 136.6 140.8 143.5 146.1 148 149.3 151.9 151 150.2 148.9 150.8 148.8 147 145.5 147 157.9 164.7 166.9 166 165.6 169.7 172.5 177.4 180.8 186.4 191.3 194.7 195.9 195.7 195.5 192.6 195.6
71.7 75.3 79.8 83.4 86.3 88.5 89.7 90 89.1 85.4 78.6 73.3 72.9 73.4 74.4 75.3 76.9 80.7 84.4 85.5 85.6 89.2 92.2 93.8 97 100.9 105 108.4 109.2 108.7 107.1 101.4 97 92.2 85 72.7 85.2 90.9 92.5 95.1 99.8 106.2 110.3 114.8 118 123.7 127.7 132 135.5 137.5 139 140.6 143 143.7 142.4 139.7 138.8 138.9 139.9 140.4 140.5 141.2 145.2 154.7 162 167.8 171.5 173.3 172.8 172.5 171.3 174 177 181.5 186.1 189 189.4 189.6 193.1 196.1 199.4
76.9 80.9 86 90.1 92.3 93.2 92.6 91.2 88 85.3 78.1 73.4 73.6 73.2 73.9 75.9 76.9 79.9 83.7 87.3 90.2 94.5 99.5 101.2 102.9 106.6 110.5 113.8 115.6 115.5 115.1 113.2 108.8 104.3 88.8 74 83.4 91.8 93.1 95.7 100.5 105.9 110.9 116.2 120.9 125.4 128.8 131 133.7 135.5 136.3 136.3 136.1 135.3 133 131.8 132 133.2 135 135.4 138.8 144.2 152.3 158.3 164.1 169.3 172.9 175.6 177.2 177.5 177.1 175.7 174.6 178.2 180.1 185.7 189.4 190.9 192.5 195.3 198.1
77.2 82.6 87.4 92.3 96 96.6 95.9 94.8 91.9 86 78.3 74.4 72.9 73.7 74.2 75.1 77.4 80.2 83.7 87 90.4 94.2 98.6 103.9 105 108.2 111.1 113.7 114.9 116.3 117 117.3 115.5 107.6 91 75.3 80.1 88.7 93.5 96.5 100.7 105 109.1 113.1 118.5 123.3 126.7 129.1 131.3 132.8 133.8 133.2 132 130.6 128.6 130.5 132 134.6 138.2 142.6 147.5 151.9 157.1 161.7 165.3 169.3 172.4 175 177.1 178.3 178.5 178.1 176.7 173.8 176.2 181.5 185.6 188.2 189.6 192.5 196.2
74.9 79.4 84.7 89.3 92.1 93.4 94 92.7 90.7 85 77.3 72.3 72.4 73 73.8 75.1 77.7 80.9 84.5 88.1 91.3 94.3 98.7 102.1 105.7 110 113.3 115.9 116.8 117.5 116.5 115.7 114.8 109.9 99.9 87.9 73.4 82.4 91.1 96.3 101.8 106.9 110.5 113.1 116 118.7 119.9 121.6 124.1 126.3 128 129.8 130.1 126.1 129.7 131.5 133.1 134.5 137.6 141.7 145.3 151.1 157.4 161.8 165.3 168.4 171 173.1 174.8 175.7 176.4 175.3 175.1 175.1 173.9 175.5 177.6 180.7 184.4 190 193.4
72.5 75.7 79 82.1 84.3 86 86.9 85.7 84.7 80.7 75.2 73.2 72.4 73 73.5 75.4 78 81.4 84.9 87.9 91.6 96.1 100.5 105.3 108.3 111.6 114.5 117.1 118.7 119.2 118.9 118 116.7 114.8 111.5 102.5 86.1 73.6 84.5 94.2 98.7 104.5 109.2 111.6 116.1 119.9 121.3 124.2 126.3 126.9 126.7 126.4 125.9 124.4 122.6 124.7 128.6 130.7 132.6 136.4 140.4 144.5 151.4 159.2 162 164.3 168 169.5 170.8 171.5 170.5 169.6 170.5 165.9 173.1 176.6 179.8 183.6 186.7 187.3 190
71.8 73.4 74.8 75.3 76 77.5 77.3 77.6 77.2 75.4 73 72.5 72.4 72.9 73.6 75.2 77.7 82.5 86.3 88.9 92.5 97.6 103.2 106.5 109.7 112.2 114.8 116.6 118.9 119.9 120.3 120.1 119 117.9 115.6 110.7 99.2 84.5 75.2 87 97 101.5 105.1 106.8 111.8 115.8 118.3 123.3 126.5 128.3 129 128.1 126.2 121.6 120.1 119.8 120.3 121.2 125 130.8 135.1 139.3 145 149.3 152.5 155.1 158.5 160.2 160.9 163.2 164.1 166 166.2 164.2 173 176 178.7 183.6 188.7 191.3 193.9
72 71.4 72.2 72.3 72.2 72.3 72.5 72.1 72.5 72.2 72.2 72.3 72.7 73.2 73.8 75.1 77.4 81.2 86.4 90.3 95.1 99.6 104 107.7 110.7 113.6 116.5 118 119.3 120.3 121.1 121.1 120.1 118.7 116.6 111.3 101.6 91.6 85.3 76.2 91.6 103.4 108.1 112.6 115.2 116.3 119.1 120 122.9 125.1 127.3 128.2 126.9 123 119.5 119.5 120.3 121.2 121.9 122.7 126.2 131.6 135 139.3 143.4 144.8 147.6 150.8 154.1 156.6 157.3 163 158.4 166.4 170 171.1 177.5 183 188.9 192.5 194.3
75.3 72.7 71.3 71 71.6 71.7 71.6 71.7 71.8 71.8 72.5 72.6 73.1 73.6 74.1 75.5 77.5 79.1 84.9 89.9 95.9 100.4 104.9 108.6 111.3 114.1 116.8 119.2 120.6 121.9 122.5 122 120.5 118.7 114.9 110.3 103.7 96.3 90.6 80.9 86.4 101.7 107.5 114.1 118.3 120.3 120.7 121.5 121.3 121.6 122 122.3 121.7 120 118.9 119.7 120.3 124.6 126.4 125.9 125.9 125.6 125.2 129.8 128.7 131.1 134.2 137.3 141.5 146.6 150.6 153.2 154.6 159.9 164.9 172.4 177.6 182.5 187 191.2 193.6
76.8 74.3 72.3 71.7 71.7 71.9 71.8 71.6 71.6 71.7 72.5 73.2 73.6 74.1 75.2 77.4 79.3 82.1 88.1 92.2 96.4 100.8 105 108.9 112.7 116 118.2 120 122.2 123.2 123.5 123.2 121.5 119.8 117 112.4 107.4 102 96.1 86.5 82.1 99.2 105 111.6 115.5 119.9 122.6 124.3 124 124.7 122.3 117.6 118.1 117.9 120.2 123 124.1 129 132.3 133.7 135.9 138.2 139.4 139.6 140.3 143.3 146.9 150.3 154.9 158.6 162.3 165.4 167.8 170.6 173.8 176.2 178.4 181.9 185.7 187.6 188.4
75.7 75.3 73.9 73 72.9 72.2 71.9 71.9 72.1 72.2 72.4 73.4 75.6 75.7 77.4 81.2 83.2 86.7 89.9 93.8 97.9 104.3 108.6 114.1 118.1 120 122.9 124.9 126.2 125.5 125.4 124.9 123.8 122.4 120 117.4 112.5 106 97.8 88.8 81.7 96.4 104.3 110.5 114.5 118.3 121.8 124.8 124.1 125.1 123.8 121.3 117.1 118 122.1 125.5 127.4 128.8 131.6 134.3 137.1 140 143.4 146.9 147.8 149.2 152 155.6 159.7 163.6 167.6 170.2 173.3 175.3 177.4 179.4 181.1 182.9 185.5 187.5 188.8
76.3 75.9 76.5 77.5 77.7 77.5 79 77 76.3 74.7 74.8 75.1 77.7 79.8 82.1 85.6 88.2 90.1 92.7 96.5 101.6 108.7 113.8 118 121.7 124.9 127.8 129.4 130.7 131 130.6 129.8 128.5 127 124.6 121 114.1 107.2 99.2 89.2 80.3 96.3 104.3 110.9 115.2 118.7 121.6 123.2 124.7 127.2 127.3 123.9 118.3 117.1 118 122 125.6 127.6 128.8 130.8 133.1 136.6 141.4 145.2 149.6 151.4 153.1 155.9 157.6 160.4 164.4 166.6 169.3 173.4 178 179.7 181.7 183.5 185.6 187.3 189
79 80.9 82.6 83.3 83.5 84 84.1 83.2 82 80.9 79.4 78.8 81.6 81.2 82.7 85.9 88.2 90.8 96.4 103.7 108.8 113.3 117.6 120.7 123.5 125.8 129.1 129.1 131.7 133 133 131.5 130 128.5 126.5 123.8 118.3 110.4 99.9 88.5 80.3 97.5 105.1 110.1 114.6 119.6 120.7 122.9 124.7 125.3 125.4 122.1 117.6 117.5 114.7 118.4 121.2 123.5 125.7 129.8 130.8 132.8 136.3 140.9 144 147 151.5 152.1 153.5 155.9 156.6 160.1 164.1 165.8 170.7 174.2 178.5 180.7 183.8 185.6 186.2
84.1 84.5 85.9 86.5 86.4 86.8 86.5 85.7 83.7 82.3 81.9 82.3 83.6 84.8 87.5 91.7 95.5 98.3 105.8 109.9 113.8 117.4 120.7 123.2 125.4 127.1 128 129.2 130.4 131.3 131.1 130.3 128.8 126.6 124.3 121.5 116.5 111.4 100.1 86.6 83.8 96.9 106.6 111.5 116.6 121.3 122 123.9 124.1 122.8 122.3 120.6 119.5 119.8 119.4 117.6 112.3 118 118.5 122.9 126.4 130.1 134.1 137.8 139.3 141.1 143.8 144.9 147.7 149.1 145.8 150.6 155.3 161 164.7 169.7 173.4 176.3 179.2 181.8 183.3
86 87.9 89.4 90.1 90 89.7 88 86.2 84.5 83.7 84.3 86.2 88.9 92.2 97 102 105.3 108.7 113.2 116.8 119 120.7 123.1 124.8 126.7 128.1 128.5 129.1 129.4 129 127.9 127.4 126 123.2 119.3 114.4 110.9 106.6 95.9 81.8 92.9 100.5 108.3 115.1 118.4 121.9 123.7 123.9 125 124.2 123.9 123.9 123.4 124.8 124.6 122.7 119.7 111.5 109.3 115.6 121.1 126.3 130 133.8 135.9 137.1 139.5 139.5 140.2 140.5 141.9 145.6 149.4 152.6 157.2 161.3 165.2 168.2 171.5 174.8 177.2
82.6 86 89 89.4 90.1 90.2 88.5 87.2 85.5 86.1 89.2 92.8 98.4 103.5 108.2 111.6 114 114.2 116.5 118.8 120.7 121.8 123.5 125.4 126.8 127.7 128 129 127.6 126.4 125.2 123.7 122.1 118.9 115.5 112.1 105.1 98 90 83.3 98.6 103 109.5 114.9 119.6 123.6 124.7 125.7 126.7 126.8 126.7 127.4 127.7 127.4 127 125.9 124 118.6 110.4 104.9 111 116.3 121.4 124.7 131.3 135.4 137.7 138.9 139 142.1 143.8 145.9 146.9 149.3 151.9 154.8 157.8 161 164.3 166.3 168.6
75.4 77.1 79.7 81.3 83.9 82.5 85 87.6 89.7 95 100.3 104.7 109.2 113 115.9 117.9 118.6 118.6 118.1 120 120.4 121.4 121.9 123.6 124.4 125.3 125.9 125.6 124.4 122.6 120.1 118.2 116.2 113.4 111.4 106.9 102.4 94.3 90.3 84.6 98.2 105.5 110 115.6 120.6 124.6 127.1 128.6 129 128.9 128.8 128.8 128.5 127.9 125.5 122 119.3 116.3 111.8 107.1 104.4 110 113.4 120.1 125.5 130.7 134.5 137.1 139.3 142.8 145.6 147.8 149.6 150.1 150.5 152 153.8 155.7 158.4 160.2 161.3
72.9 74.6 76.9 80.7 83.9 87.1 89.9 94.3 99.2 103.9 107.6 110.9 114.4 117.6 119.8 120.1 119.2 118.6 119.2 120.4 120.9 121 121.4 121.8 122.9 123.3 122.9 123 122.5 120.6 117.1 113.8 112.1 109.8 107.9 105.4 100.1 95.9 92.8 84.9 100.2 107.2 110.7 114.6 118.5 122.3 126.7 128.5 129.4 130.1 129.9 129.6 128 124.6 118.6 115.3 111.4 109.2 105.8 102 105.2 110.9 113.2 115.5 119.1 121.9 126.9 131.9 135.5 138.8 142.5 146.6 150 152.3 152.5 152 152 152.7 154.1 155.4 155
75.2 77.2 77.1 79.4 83 87.3 92.4 97 101.7 106 109.9 112.6 115.2 117.7 119.3 120.9 121.5 121.9 122.5 123.1 122.9 123.2 123.6 126.2 127.2 126 124.3 124.5 121.7 120.1 116.9 112.7 111.5 110 108.3 107.3 102.7 98.4 93.1 93.1 101.6 110 111.1 113.9 117 120.2 121.5 123.2 125.6 126 125.2 125.2 123 118.1 112.3 108.4 106.8 102.7 101.1 100.8 106 109 111 113.2 115.2 117.6 119.2 123.9 127.8 131.2 137.3 141.5 145.7 149.5 152.2 153.2 152.6 152.7 152.2 153.3 154.2
81.3 83.5 85 83.7 82 83.4 89.5 94.8 99.4 103.2 107.2 110.1 111.9 115 118.2 120.2 120.8 122.1 123.7 125.2 126.2 126.5 126.7 128.4 129.8 129.5 128.1 126.4 122.9 120.6 117.6 114.2 111.1 109.7 104.7 102.2 100.7 98.6 86.2 99.2 105.3 108.6 111 112.5 113 115 115.1 114.4 114.8 116.5 116 115.1 112.5 108.7 104.5 101.9 100.4 100 100.2 100.1 100.6 102.7 105.6 109 112.2 115.6 116.9 116.8 116.9 122.3 126.7 132.5 137.8 141.3 146.3 149.4 151.5 152 150.7 150.9 150.8
