Assets/StreamingAssets/GeoData/Data/ns/NS37.asc
ncols 200
nrows 200
xllcorner 230000
yllcorner 670000
cellsize 50
[rows 78 to 116 of 200, columns 87 to 173 of 200]
-1.3 -1.3 -1.3 -1.3 -1.3 -1.3 -1.3 -1.3 -1.3 -1.3 -1.3 -1.3 -1.3 -1.3 -1 -0.7 -0.4 -0.1 0.2 0.5 0.6 0.7 0.8 0.9 0.9 1 1 1.1 1.1 1.1 1.1 1.2 1.2 1.1 1.1 1.1 1.2 1.2 1.3 1.4 1.6 1.8 2.8 4.2 6.8 8 8 7.7 6.7 15.8 26.6 37.2 35 34.5 38.9 47.9 53.2 54.1 52 52.5 49.2 46 42.8 38.1 35.7 36 38.4 37.6 36.7 37.9 38.1 39.4 39.6 41.1 44 43.7 44.8 44.8 45.5 45.3 38.9 35.8 32.6 32.2 34.1 38.6 28
-1.3 -1.3 -1.3 -1.3 -1.3 -1.3 -1.3 -1.3 -1.3 -1.3 -1.3 -1.3 -1.3 -1.3 -1 -0.7 -0.4 -0.1 0.2 0.4 0.5 0.6 0.6 0.7 0.8 0.8 0.9 0.9 0.9 1 1 1 1 0.9 0.9 0.9 1 1 1.1 1.2 1.4 1.6 1.8 1.9 2 2 6.5 7 7.9 7.2 9.1 23.3 31.3 31.2 32.1 37.7 42.2 47.1 50.3 47.3 45.8 42.3 36.9 34 31.4 31.6 34.6 35.6 37.9 36.1 34.3 35.8 35.3 36.1 36.2 36.2 35.5 36.1 35.2 34.7 33.7 30.5 30.7 30.5 34.3 41 35.2
-1.3 -1.3 -1.3 -1.3 -1.3 -1.3 -1.3 -1.3 -1.3 -1.3 -1.3 -1.3 -1.3 -1.3 -1 -0.7 -0.4 -0.2 0.1 0.2 0.3 0.4 0.5 0.5 0.6 0.7 0.7 0.7 0.8 0.8 0.8 0.8 0.8 0.7 0.7 0.7 0.8 0.8 0.9 1 1.2 1.4 1.5 1.7 1.8 1.9 2 6 6.6 6.7 9.7 9.2 24 25.7 29.1 31.5 35.6 38.1 39.5 44.2 40 38.9 33.6 31.2 30 31.3 31.3 32.5 33 33.5 34.9 34.5 36.5 36.5 37.7 39.6 38.4 32 30.3 29.3 28.3 28.1 28.2 30.1 32.5 38 42
-1.3 -1.3 -1.3 -1.3 -1.3 -1.3 -1.3 -1.3 -1.3 -1.3 -1.3 -1.3 -1.3 -1.3 -1 -0.8 -0.5 -0.2 0 0.1 0.2 0.2 0.3 0.4 0.4 0.5 0.5 0.6 0.6 0.6 0.6 0.6 0.6 0.6 0.5 0.5 0.5 0.6 0.6 0.8 1 1.2 1.3 1.4 1.6 1.7 1.9 4.2 6 6.3 6.9 7.2 9.8 12.2 17.3 25.9 30.1 31.7 32.6 36.8 37 36.1 32.8 31 31 36.9 39.1 38.7 35.9 32.6 32.9 33.6 35.8 36.4 37 37 35.5 33.3 28.3 27.7 28 27.6 29.4 31.1 33.3 35.1 36.7
-1.3 -1.3 -1.3 -1.3 -1.3 -1.3 -1.3 -1.3 -1.3 -1.3 -1.3 -1.3 -1.3 -1.3 -1.1 -0.8 -0.5 -0.3 -0.2 0 0 0.1 0.1 0.2 0.3 0.3 0.3 0.4 0.4 0.4 0.4 0.4 0.4 0.4 0.3 0.3 0.3 0.4 0.4 0.6 0.8 0.9 1.1 1.2 1.4 1.5 1.7 1.9 5.4 5.5 6.8 6.6 6.9 7.3 10 11.9 20.6 26.8 26.3 28.1 28.4 31 30.8 30.5 37 43.1 44.8 46 45 38.9 35.7 32.4 31.5 32.9 34.3 33 33.9 33.1 28.3 26.9 25.9 26.1 30.8 35.1 32.6 33 33.6
-1.3 -1.3 -1.3 -1.3 -1.3 -1.3 -1.3 -1.3 -1.3 -1.3 -1.3 -1.3 -1.3 -1.3 -1.1 -0.8 -0.5 -0.4 -0.3 -0.2 -0.1 -0.1 0 0 0.1 0.2 0.2 0.2 0.2 0.2 0.2 0.3 0.2 0.2 0.1 0.1 0.1 0.2 0.2 0.4 0.6 0.7 0.8 1 1.1 1.3 1.5 1.7 1.8 2 6.6 6.4 6.8 7.2 8.2 9.1 10.4 18.6 20.4 21.5 26.2 25.6 28.7 28.9 32.6 35.8 38 42.5 45.1 43.4 40.9 37.1 31.9 28.7 26 27.6 27.5 27.7 26.8 25.5 25.2 24.7 24.3 25.8 27.6 26.9 27.5
-1.3 -1.3 -1.3 -1.3 -1.3 -1.3 -1.3 -1.3 -1.3 -1.3 -1.3 -1.3 -1.3 -1.3 -1.1 -0.8 -0.7 -0.5 -0.4 -0.4 -0.3 -0.3 -0.2 -0.1 -0.1 0 0 0 0 0 0 0.1 0 0 -0.1 -0.1 -0.1 -0.1 0 0.2 0.3 0.5 0.6 0.8 0.9 1.1 1.3 1.4 1.6 1.7 1.9 3.9 6.1 6.6 6.3 6.6 7 7.9 8.4 8.8 9.9 10.1 9.1 9.1 14.5 26 30.2 33.9 39.2 42.7 40.2 36.1 33.1 26.1 24.6 22.7 22.9 24 25.2 27.5 28.5 28.8 27 26 26.1 26.6 25.9
-1.3 -1.3 -1.3 -1.3 -1.3 -1.3 -1.3 -1.3 -1.3 -1.3 -1.3 -1.3 -1.3 -1.3 -1.1 -0.9 -0.8 -0.7 -0.6 -0.5 -0.5 -0.4 -0.4 -0.3 -0.2 -0.2 -0.2 -0.1 -0.1 -0.1 -0.1 -0.1 -0.1 -0.2 -0.2 -0.3 -0.3 -0.3 -0.2 0 0.1 0.2 0.4 0.5 0.7 0.9 1 1.2 1.3 1.5 1.7 1.8 1.9 3.5 5.2 6 6.1 6.3 5.7 6.5 6.6 7.4 7.2 6.9 10.2 11.1 13 28.1 30.9 33.7 33.5 33.5 30.2 25.3 23.4 19.5 24.8 27.8 30.3 30.4 30 31.4 32 31.8 29.8 28 27.6
-1.3 -1.3 -1.3 -1.3 -1.3 -1.3 -1.3 -1.3 -1.3 -1.3 -1.3 -1.3 -1.3 -1.3 -1.2 -1 -0.9 -0.8 -0.8 -0.7 -0.6 -0.6 -0.5 -0.5 -0.4 -0.4 -0.3 -0.3 -0.3 -0.3 -0.3 -0.3 -0.3 -0.4 -0.4 -0.5 -0.5 -0.5 -0.4 -0.3 -0.1 0 0.2 0.3 0.5 0.7 0.8 1 1.1 1.3 1.4 1.6 1.7 1.8 1.8 1.9 1.9 3.3 8 6.2 6 6.5 6.6 6.8 7 7.3 7.9 10.1 11 17.6 17.2 18.1 19.6 22.3 19.3 16 10.9 13.3 29.9 31.5 32.5 32.6 33.8 34.8 37.6 36.4 34.2
-1.3 -1.3 -1.3 -1.3 -1.3 -1.3 -1.3 -1.3 -1.3 -1.3 -1.3 -1.3 -1.3 -1.3 -1.3 -1.1 -1.1 -1 -0.9 -0.9 -0.8 -0.8 -0.7 -0.6 -0.6 -0.5 -0.5 -0.5 -0.5 -0.5 -0.5 -0.5 -0.5 -0.6 -0.6 -0.7 -0.8 -0.7 -0.6 -0.5 -0.4 -0.2 -0.1 0.1 0.3 0.4 0.6 0.8 1 1.1 1.2 1.4 1.5 1.5 1.6 1.7 1.7 1.8 1.9 2.4 3.8 8.2 5.5 5.7 7.1 8.2 8.1 8.7 8.8 9 9.2 10.7 10.5 25.4 17.2 18.6 24 26.8 29.1 31.7 33.1 34.1 35.5 37.5 40.7 44.9 43
-1.3 -1.3 -1.3 -1.3 -1.3 -1.3 -1.3 -1.3 -1.3 -1.3 -1.3 -1.3 -1.3 -1.3 -1.3 -1.3 -1.2 -1.2 -1.1 -1 -1 -0.9 -0.9 -0.8 -0.7 -0.7 -0.7 -0.7 -0.7 -0.7 -0.7 -0.7 -0.7 -0.8 -0.8 -0.9 -0.9 -0.9 -0.9 -0.8 -0.6 -0.5 -0.3 -0.1 0 0.2 0.4 0.6 0.8 0.9 1 1.1 1.2 1.3 1.4 1.4 1.5 1.6 1.7 1.8 1.9 2 3 5.3 6.8 7.5 8.1 8.6 8.6 9.6 9.4 8.8 9.6 8.4 17.4 22.3 24.8 27 31.3 33 33.4 34.4 36.7 38.3 39.7 44.6 49.5
-1.3 -1.3 -1.3 -1.3 -1.3 -1.3 -1.3 -1.3 -1.3 -1.3 -1.3 -1.3 -1.3 -1.3 -1.3 -1.3 -1.3 -1.3 -1.3 -1.2 -1.1 -1.1 -1 -1 -0.9 -0.9 -0.9 -0.9 -0.9 -0.9 -0.9 -0.8 -0.9 -0.9 -1 -1.1 -1.1 -1.2 -1.1 -1 -0.8 -0.7 -0.5 -0.3 -0.2 0 0.2 0.4 0.5 0.7 0.8 0.9 1 1.1 1.1 1.2 1.3 1.5 1.5 1.6 1.7 1.9 1.9 4.8 4.8 5.7 6.6 7 8.1 8.5 7.8 8.1 7.6 9.1 11.5 14.8 23.6 31.6 34.1 35.8 35.6 35.1 36.1 39.6 41.9 43.3 46
-1.3 -1.3 -1.3 -1.3 -1.3 -1.3 -1.3 -1.3 -1.3 -1.3 -1.3 -1.3 -1.3 -1.3 -1.3 -1.3 -1.3 -1.3 -1.3 -1.3 -1.3 -1.3 -1.2 -1.1 -1.1 -1.1 -1.1 -1 -1 -1 -1 -1 -1.1 -1.1 -1.2 -1.2 -1.3 -1.3 -1.3 -1.3 -1.1 -0.9 -0.7 -0.6 -0.4 -0.1 0 0.2 0.3 0.5 0.6 0.7 0.8 0.8 0.9 1 1.2 1.3 1.3 1.5 1.6 1.7 1.8 1.9 1.9 2 2.1 5.1 6.7 7.2 6.5 5.9 6.3 10.6 11.1 11.7 17.1 32.7 36.8 38.3 38.5 36.2 36.9 39.3 41.6 42.4 44.5
-1.3 -1.3 -1.3 -1.3 -1.3 -1.3 -1.3 -1.3 -1.3 -1.3 -1.3 -1.3 -1.3 -1.3 -1.3 -1.3 -1.3 -1.3 -1.3 -1.3 -1.3 -1.3 -1.3 -1.3 -1.2 -1.3 -1.2 -1.2 -1.2 -1.2 -1.2 -1.2 -1.3 -1.3 -1.3 -1.3 -1.3 -1.3 -1.3 -1.3 -1.3 -1.1 -0.9 -0.7 -0.5 -0.3 -0.1 0 0.2 0.3 0.4 0.5 0.6 0.6 0.7 0.9 1 1.1 1.2 1.3 1.4 1.5 1.6 1.7 1.7 1.8 1.8 1.9 4.2 5.4 6.7 4.6 7.3 9.6 10.5 11.4 12.4 23.6 37 38.3 38.3 38.6 38.7 39.2 41 42.2 45
-1.3 -1.3 -1.3 -1.3 -1.3 -1.3 -1.3 -1.3 -1.3 -1.3 -1.3 -1.3 -1.3 -1.3 -1.3 -1.3 -1.3 -1.3 -1.3 -1.3 -1.3 -1.3 -1.3 -1.3 -1.3 -1.3 -1.3 -1.3 -1.3 -1.3 -1.3 -1.3 -1.3 -1.3 -1.3 -1.3 -1.3 -1.3 -1.3 -1.3 -1.3 -1.3 -1.1 -0.9 -0.7 -0.5 -0.3 -0.2 -0.1 0.1 0.2 0.3 0.3 0.4 0.6 0.7 0.8 0.9 1 1.1 1.3 1.4 1.4 1.5 1.5 1.6 1.6 1.7 1.8 1.9 4.8 4.5 5.9 9.2 10.2 11.2 11.8 11 32.2 36.9 38 39.9 38.6 40.3 41 42.7 42.8
-1.3 -1.3 -1.3 -1.3 -1.3 -1.3 -1.3 -1.3 -1.3 -1.3 -1.3 -1.3 -1.3 -1.3 -1.3 -1.3 -1.3 -1.3 -1.3 -1.3 -1.3 -1.3 -1.3 -1.3 -1.3 -1.3 -1.3 -1.3 -1.3 -1.3 -1.3 -1.3 -1.3 -1.3 -1.3 -1.3 -1.3 -1.3 -1.3 -1.3 -1.3 -1.3 -1.3 -1.1 -0.9 -0.7 -0.5 -0.4 -0.2 -0.1 0 0 0.1 0.2 0.4 0.6 0.6 0.7 0.9 1 1.1 1.2 1.2 1.3 1.3 1.4 1.4 1.5 1.6 1.8 1.9 1.9 4.2 5 9.1 10.7 11.1 11 10.7 33.7 36.6 38.8 39.7 39.2 39.9 43.7 43.9
-1.3 -1.3 -1.3 -1.3 -1.3 -1.3 -1.3 -1.3 -1.3 -1.3 -1.3 -1.3 -1.3 -1.3 -1.3 -1.3 -1.3 -1.3 -1.3 -1.3 -1.3 -1.3 -1.3 -1.3 -1.3 -1.3 -1.3 -1.3 -1.3 -1.3 -1.3 -1.3 -1.3 -1.3 -1.3 -1.3 -1.3 -1.3 -1.3 -1.3 -1.3 -1.3 -1.3 -1.3 -1 -0.9 -0.7 -0.6 -0.4 -0.3 -0.2 -0.2 -0.1 0.1 0.3 0.4 0.5 0.6 0.7 0.8 0.9 1 1 1.1 1.1 1.2 1.2 1.4 1.5 1.6 1.7 1.8 1.9 3.7 6.4 8.5 10.3 10.4 10.6 26 34.2 37.5 39 41.4 40.4 40.1 41.7
-1.3 -1.3 -1.3 -1.3 -1.3 -1.3 -1.3 -1.3 -1.3 -1.3 -1.3 -1.3 -1.3 -1.3 -1.3 -1.3 -1.3 -1.3 -1.3 -1.3 -1.3 -1.3 -1.3 -1.3 -1.3 -1.3 -1.3 -1.3 -1.3 -1.3 -1.3 -1.3 -1.3 -1.3 -1.3 -1.3 -1.3 -1.3 -1.3 -1.3 -1.3 -1.3 -1.3 -1.3 -1.3 -1.1 -0.9 -0.8 -0.7 -0.6 -0.5 -0.4 -0.2 0 0.1 0.2 0.3 0.4 0.5 0.6 0.7 0.8 0.8 0.9 0.9 1 1.1 1.2 1.3 1.3 1.5 1.6 1.7 1.9 4.1 5.2 8.5 9.3 9.8 10.3 28.5 35.2 37.3 41 43.1 39.9 39.3
-1.3 -1.3 -1.3 -1.3 -1.3 -1.3 -1.3 -1.3 -1.3 -1.3 -1.3 -1.3 -1.3 -1.3 -1.3 -1.3 -1.3 -1.3 -1.3 -1.3 -1.3 -1.3 -1.3 -1.3 -1.3 -1.3 -1.3 -1.3 -1.3 -1.3 -1.3 -1.3 -1.3 -1.3 -1.3 -1.3 -1.3 -1.3 -1.3 -1.3 -1.3 -1.3 -1.3 -1.3 -1.3 -1.3 -1.1 -1 -0.9 -0.8 -0.7 -0.5 -0.4 -0.2 -0.1 0 0.1 0.3 0.4 0.5 0.5 0.6 0.6 0.7 0.7 0.8 0.9 1 1.1 1.1 1.3 1.4 1.5 1.7 1.8 1.9 5.1 7.5 9.9 10.2 9.8 33 36.5 36.8 40.5 39.1 40.1
-1.3 -1.3 -1.3 -1.3 -1.3 -1.3 -1.3 -1.3 -1.3 -1.3 -1.3 -1.3 -1.3 -1.3 -1.3 -1.3 -1.3 -1.3 -1.3 -1.3 -1.3 -1.3 -1.3 -1.3 -1.3 -1.3 -1.3 -1.3 -1.3 -1.3 -1.3 -1.3 -1.3 -1.3 -1.3 -1.3 -1.3 -1.3 -1.3 -1.3 -1.3 -1.3 -1.3 -1.3 -1.3 -1.3 -1.3 -1.2 -1.1 -1 -0.8 -0.7 -0.5 -0.3 -0.2 -0.1 0 0.1 0.2 0.3 0.3 0.4 0.4 0.5 0.5 0.6 0.7 0.8 0.8 0.9 1.1 1.2 1.3 1.5 1.6 1.7 1.8 1.9 8.3 9.6 9.7 11.1 33.2 35.9 37.8 36.9 38.2
-1.3 -1.3 -1.3 -1.3 -1.3 -1.3 -1.3 -1.3 -1.3 -1.3 -1.3 -1.3 -1.3 -1.3 -1.3 -1.3 -1.3 -1.3 -1.3 -1.3 -1.3 -1.3 -1.3 -1.3 -1.3 -1.3 -1.3 -1.3 -1.3 -1.3 -1.3 -1.3 -1.3 -1.3 -1.3 -1.3 -1.3 -1.3 -1.3 -1.3 -1.3 -1.3 -1.3 -1.3 -1.3 -1.3 -1.3 -1.3 -1.3 -1.1 -1 -0.8 -0.7 -0.5 -0.4 -0.3 -0.2 -0.1 0 0.1 0.1 0.2 0.2 0.3 0.3 0.4 0.5 0.6 0.6 0.7 0.9 1 1.1 1.2 1.3 1.4 1.6 1.8 1.9 8.6 9.5 10.3 13.6 28.8 32 31.9 33.8
-1.3 -1.3 -1.3 -1.3 -1.3 -1.3 -1.3 -1.3 -1.3 -1.3 -1.3 -1.3 -1.3 -1.3 -1.3 -1.3 -1.3 -1.3 -1.3 -1.3 -1.3 -1.3 -1.3 -1.3 -1.3 -1.3 -1.3 -1.3 -1.3 -1.3 -1.3 -1.3 -1.3 -1.3 -1.3 -1.3 -1.3 -1.3 -1.3 -1.3 -1.3 -1.3 -1.3 -1.3 -1.3 -1.3 -1.3 -1.3 -1.3 -1.3 -1.1 -1 -0.8 -0.7 -0.6 -0.5 -0.4 -0.3 -0.2 -0.1 -0.1 0 0 0.1 0.1 0.2 0.3 0.4 0.4 0.5 0.7 0.8 0.9 1 1 1.1 1.3 1.5 1.7 4.2 7.4 8.8 9.7 20.6 23.9 25.8 28.7
-1.3 -1.3 -1.3 -1.3 -1.3 -1.3 -1.3 -1.3 -1.3 -1.3 -1.3 -1.3 -1.3 -1.3 -1.3 -1.3 -1.3 -1.3 -1.3 -1.3 -1.3 -1.3 -1.3 -1.3 -1.3 -1.3 -1.3 -1.3 -1.3 -1.3 -1.3 -1.3 -1.3 -1.3 -1.3 -1.3 -1.3 -1.3 -1.3 -1.3 -1.3 -1.3 -1.3 -1.3 -1.3 -1.3 -1.3 -1.3 -1.3 -1.3 -1.3 -1.1 -1 -0.9 -0.7 -0.6 -0.5 -0.5 -0.4 -0.3 -0.3 -0.2 -0.2 -0.1 -0.1 0 0.1 0.1 0.2 0.4 0.5 0.6 0.6 0.7 0.8 0.9 1.1 1.3 1.5 1.8 2.4 7.1 7.9 9 9.6 11.1 19.7
-1.3 -1.3 -1.3 -1.3 -1.3 -1.3 -1.3 -1.3 -1.3 -1.3 -1.3 -1.3 -1.3 -1.3 -1.3 -1.3 -1.3 -1.3 -1.3 -1.3 -1.3 -1.3 -1.3 -1.3 -1.3 -1.3 -1.3 -1.3 -1.3 -1.3 -1.3 -1.3 -1.3 -1.3 -1.3 -1.3 -1.3 -1.3 -1.3 -1.3 -1.3 -1.3 -1.3 -1.3 -1.3 -1.3 -1.3 -1.3 -1.3 -1.3 -1.3 -1.3 -1.1 -1 -0.9 -0.8 -0.7 -0.6 -0.6 -0.5 -0.5 -0.4 -0.4 -0.3 -0.2 -0.2 -0.1 -0.1 0 0.2 0.2 0.3 0.4 0.4 0.5 0.7 0.8 1.1 1.3 1.5 1.7 1.9 6 7.5 8 9 9
-1.3 -1.3 -1.3 -1.3 -1.3 -1.3 -1.3 -1.3 -1.3 -1.3 -1.3 -1.3 -1.3 -1.3 -1.3 -1.3 -1.3 -1.3 -1.3 -1.3 -1.3 -1.3 -1.3 -1.3 -1.3 -1.3 -1.3 -1.3 -1.3 -1.3 -1.3 -1.3 -1.3 -1.3 -1.3 -1.3 -1.3 -1.3 -1.3 -1.3 -1.3 -1.3 -1.3 -1.3 -1.3 -1.3 -1.3 -1.3 -1.3 -1.3 -1.3 -1.3 -1.3 -1.2 -1.1 -1 -0.9 -0.8 -0.8 -0.7 -0.7 -0.6 -0.6 -0.5 -0.4 -0.4 -0.3 -0.3 -0.2 -0.1 0 0.1 0.1 0.2 0.3 0.4 0.6 0.9 1 1.2 1.4 1.7 1.9 2.5 5 6.1 7.8
-1.3 -1.3 -1.3 -1.3 -1.3 -1.3 -1.3 -1.3 -1.3 -1.3 -1.3 -1.3 -1.3 -1.3 -1.3 -1.3 -1.3 -1.3 -1.3 -1.3 -1.3 -1.3 -1.3 -1.3 -1.3 -1.3 -1.3 -1.3 -1.3 -1.3 -1.3 -1.3 -1.3 -1.3 -1.3 -1.3 -1.3 -1.3 -1.3 -1.3 -1.3 -1.3 -1.3 -1.3 -1.3 -1.3 -1.3 -1.3 -1.3 -1.3 -1.3 -1.3 -1.3 -1.3 -1.3 -1.2 -1.1 -1 -1 -0.9 -0.9 -0.8 -0.8 -0.7 -0.7 -0.6 -0.6 -0.5 -0.4 -0.3 -0.2 -0.2 -0.1 -0.1 0 0.2 0.4 0.6 0.8 1 1.2 1.4 1.6 1.7 1.8 1.9 5.8
-1.3 -1.3 -1.3 -1.3 -1.3 -1.3 -1.3 -1.3 -1.3 -1.3 -1.3 -1.3 -1.3 -1.3 -1.3 -1.3 -1.3 -1.3 -1.3 -1.3 -1.3 -1.3 -1.3 -1.3 -1.3 -1.3 -1.3 -1.3 -1.3 -1.3 -1.3 -1.3 -1.3 -1.3 -1.3 -1.3 -1.3 -1.3 -1.3 -1.3 -1.3 -1.3 -1.3 -1.3 -1.3 -1.3 -1.3 -1.3 -1.3 -1.3 -1.3 -1.3 -1.3 -1.3 -1.3 -1.3 -1.3 -1.3 -1.2 -1.1 -1.1 -1 -1 -0.9 -0.9 -0.8 -0.8 -0.7 -0.6 -0.6 -0.5 -0.4 -0.4 -0.4 -0.3 0 0.1 0.3 0.5 0.7 0.9 1.1 1.3 1.4 1.5 1.6 1.8
-1.3 -1.3 -1.3 -1.3 -1.3 -1.3 -1.3 -1.3 -1.3 -1.3 -1.3 -1.3 -1.3 -1.3 -1.3 -1.3 -1.3 -1.3 -1.3 -1.3 -1.3 -1.3 -1.3 -1.3 -1.3 -1.3 -1.3 -1.3 -1.3 -1.3 -1.3 -1.3 -1.3 -1.3 -1.3 -1.3 -1.3 -1.3 -1.3 -1.3 -1.3 -1.3 -1.3 -1.3 -1.3 -1.3 -1.3 -1.3 -1.3 -1.3 -1.3 -1.3 -1.3 -1.3 -1.3 -1.3 -1.3 -1.3 -1.3 -1.3 -1.3 -1.3 -1.2 -1.1 -1.1 -1.1 -1 -0.9 -0.9 -0.8 -0.7 -0.7 -0.7 -0.6 -0.5 -0.3 -0.2 0 0.2 0.4 0.6 0.8 0.9 1 1.2 1.3 1.5
-1.3 -1.3 -1.3 -1.3 -1.3 -1.3 -1.3 -1.3 -1.3 -1.3 -1.3 -1.3 -1.3 -1.3 -1.3 -1.3 -1.3 -1.3 -1.3 -1.3 -1.3 -1.3 -1.3 -1.3 -1.3 -1.3 -1.3 -1.3 -1.3 -1.3 -1.3 -1.3 -1.3 -1.3 -1.3 -1.3 -1.3 -1.3 -1.3 -1.3 -1.3 -1.3 -1.3 -1.3 -1.3 -1.3 -1.3 -1.3 -1.3 -1.3 -1.3 -1.3 -1.3 -1.3 -1.3 -1.3 -1.3 -1.3 -1.3 -1.3 -1.3 -1.3 -1.3 -1.3 -1.3 -1.3 -1.3 -1.2 -1.1 -1.1 -1 -1 -1 -0.9 -0.7 -0.6 -0.4 -0.3 -0.1 0.1 0.3 0.4 0.6 0.7 0.8 1 1.1
-1.3 -1.3 -1.3 -1.3 -1.3 -1.3 -1.3 -1.3 -1.3 -1.3 -1.3 -1.3 -1.3 -1.3 -1.3 -1.3 -1.3 -1.3 -1.3 -1.3 -1.3 -1.3 -1.3 -1.3 -1.3 -1.3 -1.3 -1.3 -1.3 -1.3 -1.3 -1.3 -1.3 -1.3 -1.3 -1.3 -1.3 -1.3 -1.3 -1.3 -1.3 -1.3 -1.3 -1.3 -1.3 -1.3 -1.3 -1.3 -1.3 -1.3 -1.3 -1.3 -1.3 -1.3 -1.3 -1.3 -1.3 -1.3 -1.3 -1.3 -1.3 -1.3 -1.3 -1.3 -1.3 -1.3 -1.3 -1.3 -1.3 -1.3 -1.3 -1.3 -1.3 -1.3 -1 -0.9 -0.7 -0.6 -0.4 -0.2 0 0.1 0.2 0.4 0.5 0.7 0.8
-1.3 -1.3 -1.3 -1.3 -1.3 -1.3 -1.3 -1.3 -1.3 -1.3 -1.3 -1.3 -1.3 -1.3 -1.3 -1.3 -1.3 -1.3 -1.1 -1 -1 -0.9 -0.9 -1 -1 -1.1 -1.1 -1.1 -1.1 -1.3 -1.3 -1.3 -1.3 -1.3 -1.3 -1.3 -1.3 -1.3 -1.3 -1.3 -1.3 -1.3 -1.3 -1.3 -1.3 -1.3 -1.3 -1.3 -1.3 -1.3 -1.3 -1.3 -1.3 -1.3 -1.3 -1.3 -1.3 -1.3 -1.3 -1.3 -1.3 -1.3 -1.3 -1.3 -1.3 -1.3 -1.3 -1.3 -1.3 -1.3 -1.3 -1.3 -1.3 -1.3 -1.3 -1.3 -1 -0.9 -0.7 -0.5 -0.4 -0.2 -0.1 0.1 0.2 0.3 0.5
-1.3 -1.3 -1.3 -1.3 -1.3 -1.3 -1.3 -1.3 -1.3 -1.3 -1.3 -1.3 -1.3 -1.3 -1.1 -1 -0.9 -0.9 -0.8 -0.7 -0.6 -0.6 -0.6 -0.6 -0.7 -0.7 -0.7 -0.7 -0.8 -0.8 -0.8 -0.9 -1 -1.3 -1.3 -1.3 -1.3 -1.3 -1.3 -1.3 -1.3 -1.3 -1.3 -1.3 -1.3 -1.3 -1.3 -1.3 -1.3 -1.3 -1.3 -1.3 -1.3 -1.3 -1.3 -1.3 -1.3 -1.3 -1.3 -1.3 -1.3 -1.3 -1.3 -1.3 -1.3 -1.3 -1.3 -1.3 -1.3 -1.3 -1.3 -1.3 -1.3 -1.3 -1.3 -1.3 -1.3 -1.3 -1 -0.9 -0.7 -0.6 -0.4 -0.3 -0.1 0 0.2
-1.3 -1.3 -1.3 -1.3 -1.3 -1.3 -1.3 -1.3 -1.3 -1.3 -1 -0.9 -0.9 -0.8 -0.7 -0.7 -0.6 -0.5 -0.5 -0.3 -0.3 -0.2 -0.2 -0.2 -0.3 -0.3 -0.3 -0.4 -0.4 -0.4 -0.4 -0.4 -0.5 -0.6 -0.7 -0.9 -1.3 -1.3 -1.3 -1.3 -1.3 -1.3 -1.3 -1.3 -1.3 -1.3 -1.3 -1.3 -1.3 -1.3 -1.3 -1.3 -1.3 -1.3 -1.3 -1.3 -1.3 -1.3 -1.3 -1.3 -1.3 -1.3 -1.3 -1.3 -1.3 -1.3 -1.3 -1.3 -1.3 -1.3 -1.3 -1.3 -1.3 -1.3 -1.3 -1.3 -1.3 -1.3 -1.3 -1.3 -1 -0.9 -0.7 -0.6 -0.5 -0.3 -0.2
-1.3 -1.3 -1.3 -1.3 -1.3 -1.3 -1.3 -0.7 -0.5 -0.4 -0.6 -0.6 -0.5 -0.4 -0.3 -0.3 -0.3 -0.2 -0.2 0 0.1 0.1 0.2 0.1 0.1 0.1 0 0 -0.1 0 0.1 0 -0.1 -0.1 -0.2 -0.3 -0.5 -0.6 -0.8 -1.3 -1.3 -1.3 -1.3 -1.3 -1.3 -1.3 -1.3 -1.3 -1.3 -1.3 -1.3 -1.3 -1.3 -1.3 -1.3 -1.3 -1.3 -1.3 -1.3 -1.3 -1.3 -1.3 -1.3 -1.3 -1.3 -1.3 -1.3 -1.3 -1.3 -1.3 -1.3 -1.3 -1.3 -1.3 -1.3 -1.3 -1.3 -1.3 -1.3 -1.3 -1.3 -1.3 -1.1 -0.9 -0.8 -0.6 -0.5
-1.3 -1.3 -1.3 -0.5 -0.4 0 0.1 0.1 0.3 0.1 -0.1 -0.2 -0.1 0 0.1 0 0.1 0.1 0.1 0.3 0.4 0.5 0.5 0.5 0.5 0.4 0.4 0.4 0.3 0.4 0.5 0.4 0.4 0.4 0.4 0.3 0.2 0 -0.2 -0.4 -0.6 -0.8 -0.9 -1 -1.3 -1.3 -1.3 -1.3 -1.3 -1.3 -1.3 -1.3 -1.3 -1.3 -1.3 -1.3 -1.3 -1.3 -1.3 -1.3 -1.3 -1.3 -1.3 -1.3 -1.3 -1.3 -1.3 -1.3 -1.3 -1.3 -1.3 -1.3 -1.3 -1.3 -1.3 -1.3 -1.3 -1.3 -1.3 -1.3 -1.3 -1.3 -1.3 -1.3 -1.1 -1 -0.9
-1.3 0.4 1 1 1.1 1.4 1.1 1 0.9 0.7 0.4 0.2 0.3 0.4 0.4 0.4 0.4 0.4 0.5 0.6 0.7 0.8 0.9 0.9 0.8 0.8 0.8 0.7 0.7 0.8 0.9 0.9 0.9 0.9 0.9 0.9 0.8 0.7 0.4 0.3 0 -0.3 -0.4 -0.6 -0.7 -0.8 -0.9 -1 -1 -1.3 -1.3 -1.3 -1.3 -1.3 -1.3 -1.3 -1.3 -1.3 -1.3 -1.3 -1.3 -1.3 -1.3 -1.3 -1.3 -1.3 -1.3 -1.3 -1.3 -1.3 -1.3 -1.3 -1.3 -1.3 -1.3 -1.3 -1.3 -1.3 -1.3 -1.3 -1.3 -1.3 -1.3 -1.3 -1.3 -1.3 -1.3
2.2 3.6 4.1 3.8 3.5 4.6 2.2 1.6 1.4 1.2 0.9 0.7 0.7 0.7 0.8 0.7 0.7 0.8 0.8 0.9 1 1.2 1.2 1.2 1.2 1.2 1.1 1.1 1.1 1.2 1.3 1.3 1.4 1.5 1.5 1.5 1.5 1.3 1.1 0.7 0.4 0.2 -0.1 -0.2 -0.4 -0.5 -0.6 -0.6 -0.7 -1.3 -1.3 -1.3 -1.3 -1.2 -1.3 -1.3 -1.3 -1.3 -1.3 -1.3 -1.3 -1.3 -1.3 -1.3 -1.3 -1.3 -1.3 -1.3 -1.3 -1.3 -1.3 -1.3 -1.3 -1.3 -1.3 -1.3 -1.3 -1.3 -1.3 -1.3 -1.3 -1.3 -1.3 -1.3 -1.3 -1.3 -1.3
8.5 8.4 7.2 5.4 4.6 4.7 4.3 1.9 1.9 1.7 1.4 1.2 1 1.1 1.1 1.1 1.1 1.1 1.1 1.2 1.3 1.5 1.6 1.6 1.6 1.6 1.5 1.4 1.5 1.6 1.7 1.8 1.9 1.9 1.9 1.9 1.9 1.9 1.6 1.1 0.9 0.5 0.3 0.1 0 -0.1 -0.2 -0.3 -0.4 -1.3 -1.3 -1.3 -1.3 -0.8 -0.8 -0.8 -0.9 -1 -1.1 -1.1 -1.1 -1.3 -1.3 -1.3 -1.3 -1.3 -1.3 -1.3 -1.3 -1.3 -1.3 -1.3 -1.3 -1.3 -1.3 -1.3 -1.3 -1.3 -1.3 -1.3 -1.3 -1.3 -1.3 -1.3 -1.3 -1.3 -1.3
4.9 5 6.7 6.5 5.8 6 4.5 1.9 1.9 2 2 1.7 1.5 1.5 1.5 1.4 1.4 1.4 1.4 1.5 1.6 1.8 1.9 2.1 2 1.9 1.9 1.8 1.9 1.9 2 1.9 4 3.3 3.7 3.3 3.2 2.3 1.9 1.6 1.2 0.8 0.7 0.5 0.3 0.3 0.2 0.1 -0.4 -1.3 -1.3 -1.3 -1.1 -0.4 -0.4 -0.5 -0.6 -0.7 -0.7 -0.8 -0.8 -0.9 -0.9 -1 -1 -1 -1.1 -1.1 -1.2 -1.3 -1.3 -1.3 -1.3 -1.3 -1.3 -1.3 -1.3 -1.3 -1.3 -1.3 -1.3 -1.3 -1.3 -1.3 -1.3 -1.3 -1.3
