Assets/StreamingAssets/GeoData/Data/ns/NS39.asc
ncols 200
nrows 200
xllcorner 230000
yllcorner 690000
cellsize 50
[rows 120 to 159 of 200, columns 0 to 89 of 200]
335.8 353.2 367.5 389.2 411.4 425.5 434.4 436.5 434.2 434.9 432.7 434.8 434.3 434.6 435.2 431.2 427.1 422.2 420.4 419.9 414.6 407.1 394.9 379.9 364.4 360.4 356.6 341.9 330.7 319.6 316.2 306.8 297.9 287.8 281.3 272.4 261.9 254.7 242.5 234.6 224.9 217.1 204.6 193 182.4 172.4 160.4 154.8 150.6 148.5 141.7 134.1 130 123.2 118.6 115.9 109.1 106.3 100.8 99.8 98.2 90.5 94.7 97.8 93.6 84 87.1 86.5 78.7 86 85.9 88.5 88.1 92.6 96.8 100.6 104.8 107.8 109.7 113.3 118.3 124.8 126.6 135.3 140.8 145.7 149.5 153.1 151.3 163.7
314.2 325.8 343.6 369.4 389.9 403.2 408.6 410.5 411.4 410.6 408.6 410.4 411 408.2 413.1 414 408 405.1 401.7 397.7 393.3 386.6 377.5 363.7 349.6 343.7 335.5 323.8 314.4 303.1 298.2 289.1 282.5 270.8 263.7 256.9 248.9 240.6 230.6 222.8 212.6 204.6 196.6 184.1 174.3 163 153.3 147.9 145.3 139.5 133.6 128.7 126.7 121.1 122.1 119.1 114 100.1 94 98.4 102.5 108.8 110 105.8 102.2 96.1 93.9 91.8 86.2 74.9 70.5 74.6 71 72.8 79 86 90 93.2 97.3 103 102.8 110.9 115.2 115.9 123.7 130 133.4 137.3 142.2 147.9
297.9 311.2 329.1 350.7 369 381.5 390.5 393.8 395.1 393.9 391.7 388.7 386.6 385.6 388 388 385.3 381.2 378.5 372.1 366.7 359.8 351 340.5 328.8 319.5 314.7 304.1 293.8 287.2 281.8 273.9 265.3 253.8 248.6 242.7 236.1 227.6 220.4 211.1 204.4 194.2 185.7 175.3 163.4 154.3 143.6 140.3 134.6 130.1 124.4 123.5 119.5 118.3 109.3 97.8 106.9 108.7 119.1 120.9 119.6 121.9 120.1 115.2 111.3 110.9 103.9 102.5 99.9 93.2 90.7 90 85.5 79.9 73.7 75.7 78.1 79.8 83.4 89.5 90.2 97.1 98.7 101.6 109.7 116.3 120.5 119.7 126.1 133.1
283.7 301.4 315.9 331.6 347.1 359.9 369.1 376.5 379.3 380.3 376.6 372.1 368.9 365.8 364.6 360.2 359.5 355.3 349.2 345.7 341.3 335.3 325.4 319.4 308 298.5 291.3 283.6 279.6 272.9 265 257.7 251 241.9 236.2 229.3 223.4 216.1 209.1 200.7 192.1 184.5 175.7 166.8 158.3 146.6 136.3 130.5 124.9 120.4 115.8 106.1 103.8 100.7 116.5 121.2 124 127.5 129.4 129.8 129.4 130.3 129.9 126 125.2 122.9 119.6 120.5 116.3 113.6 109.2 102.7 98.9 91.6 88 81.6 68.8 66 65.1 71.6 78.3 80.5 88.2 90.1 95 103.6 107.3 109.8 111.3 117.8
270.3 284.7 299.4 311.8 326 339.1 349.4 359 362.8 365.5 360.8 357 351.7 345.6 346.4 343.1 336.3 330.9 326.7 318.8 314.4 308 304 297.3 289.7 280.8 277.4 269.6 261.5 255.7 249.4 243.4 237.6 230.4 224.2 218.8 209 203.3 196.2 189.7 181.7 173.1 166.4 158.4 150.9 139.4 128.5 123.9 118.8 111.6 118.7 125.9 130 131.5 135 130.4 135.8 135.7 140.1 138.1 139.7 138.1 139.6 136.9 138.1 135.5 133.1 131.6 130 127.7 124 120 114.8 106.7 101.1 95.7 87 85.6 76.4 67 61.4 70.8 75.9 78.8 81.9 89.2 94.1 98.1 100.4 105.5
256.1 269.6 283.2 293.7 304.6 316.5 327.9 336.9 343.4 346 343 341.3 339.2 336.4 331.8 327.9 320.2 317.1 311.6 305.9 295.6 293.7 288.5 282.5 276.6 269 261.2 253.3 245.4 240.9 236 230.9 225 218.4 212.4 205.9 197.5 190.6 184.5 177.9 170.2 161.8 155.2 147.7 139.8 130.1 121.9 118 108.6 125.2 128.9 137.6 141.8 144.4 144.2 145.7 146.2 147 148.1 149.2 149.6 146.1 150.2 149.3 149.1 146.9 145.5 142.8 140.6 136.7 135 130.2 125.2 122.7 116 111.4 105.2 97.5 89.1 82 74.2 66.3 64.6 69.1 69.7 72 79.3 83 89.5 93.2
242.8 253 264.8 275.8 284 293.6 303 314.6 320.2 324.9 323.4 324.7 325.3 322.2 318.3 313.4 309 302.2 296.2 289.8 281.7 278.9 275.4 270.7 264.1 254.6 245.8 240.1 231 226 222.2 217.2 215.5 209.8 201.8 194.3 187.6 179.1 174 164.5 156 149.7 140.1 128.4 123.1 114.8 117.9 122.3 130.6 137 145.1 148.3 151.5 155.8 158 158.9 161.1 162.2 162.5 164.1 163.9 159.9 162.4 161.7 160.5 158.8 158 154.6 150.3 147.9 145.9 141 138.3 133.8 128.1 122.5 120.4 113.1 103.9 98.4 90 80.9 68.5 60.9 62.1 54.1 61.5 70.3 77.3 79
230.4 238.6 247.3 259.5 263.6 272 281.3 291.8 299 306.2 306.7 309 314.3 313.4 308.5 300 294.3 283.2 278 273.8 269.3 264.6 261.8 255 245.9 237.7 232.1 227.2 222.4 213.7 208.5 205.7 204.6 200.5 194.2 186.3 177.4 171.6 163 153.8 141.9 131.7 122.3 119.6 116.9 120.8 126 134.7 140.8 147.9 156.5 161.4 164.4 167.1 170.2 173.7 175.7 177.3 178.9 178.9 179.4 175.7 177.1 175.9 173.8 171.9 169.8 166.5 163.2 160.5 158.9 153.7 149.7 143 136.1 131.3 130.6 124.8 119.9 111 102.5 94.7 85.6 77.3 69.8 65.2 51.8 55.3 62.6 66.7
216.5 223.5 231 240.8 245 251.2 263.8 270.6 278.4 284 289.8 294.3 294.6 292.5 284.6 278.1 272.2 267.1 261.7 257.9 254.3 249.7 245.5 240.1 233.3 225.3 219.6 214.7 210 204.3 200.1 193.5 191.4 187.9 185.5 176.6 167.7 160.5 151.3 142.7 131 120.4 120.7 121 124.6 127.4 138.6 142.8 151.7 161.1 168.8 174.6 175.6 179.9 186.4 191.1 196.2 197.4 195.9 195.3 194.7 194.5 194 191.8 189 187.1 186.9 183.8 178 171.4 167 163 157 152 145.9 142 137.9 133.1 128.6 121.9 113.2 104.4 94.8 85.5 76.8 68.3 61.2 51.9 56.7 56.1
205.2 211.4 217.5 224.1 232.5 236.2 243.6 249.6 253.2 260.6 268.3 272.1 272.8 268.2 261.9 254.9 249.5 243.8 243.3 237.6 236.6 232.6 229.9 223.2 219.5 213.5 208 202.2 197.6 193.9 190.2 188.3 186.2 182.9 178 170.4 164.7 155.7 145.7 135.3 122.6 123.8 129.3 129.9 139.5 139.2 153.9 158.6 167.2 175.8 180.7 188.3 191.2 198.2 203.1 206.3 211.5 213.4 211.5 212.8 213.5 209.6 211 212.1 211.5 206.5 203.2 197.2 190.4 184.1 178.8 172.3 166.8 160.1 152.5 149.6 144.5 141.1 135.4 128.7 121.3 112.6 105.8 99.5 91.3 78.6 68.7 63.8 54.8 52.9
195 200.9 205.9 212.5 215.5 218.5 223 229.3 233.5 240.6 243.7 249.2 249.5 244.1 239.7 235.1 227.1 226.5 224 220.3 218.9 213.6 210.4 207.4 202.7 198.8 193.4 190.5 185.9 182.5 179.5 178.5 177.1 174.6 171 164 158.6 148.5 141.2 129.2 120.8 126.8 137.2 149.2 153.9 159.7 169.1 176 182.9 190.3 198.9 205.6 210.5 218.1 221.2 223.8 229 229.9 229.5 230.8 229.6 225.9 235.1 234.5 231.7 226.8 220.2 212.6 204.9 197.2 190 181.9 176.9 167.8 161.8 159 153.2 148.9 142.6 136.6 127.4 120.1 113.5 107.6 100.6 89.1 77.9 71.4 66.5 61.4
189.5 192.1 194.4 198.4 202.3 204.6 207.8 211.3 212.4 214.8 220.9 224.8 227.3 224.6 220.5 209.2 208.6 205.4 203.3 201.2 197.8 195.6 194.2 191.5 188.6 185.7 179 173.6 171 167.4 164.3 164.4 162 163.5 158.3 151 142.6 134.2 129.2 122 131.2 136.9 148 163.4 169.2 177.1 184 190.8 200.3 209.8 216.1 226.3 231.1 238.4 241.9 244.8 247.9 249.5 251.6 252.4 257.2 252.9 261.5 261.6 259.8 249.5 242.1 236.3 224.4 212.8 205.5 195.9 188 177.9 174.7 169.2 163.5 155.7 150.5 143 137.8 127.5 118.5 112.3 105.2 94.1 87.2 78.9 71.4 63.9
185.6 186.8 187.7 189.1 190.3 192.7 194.9 195.2 195.5 197.1 201.6 204.9 204.4 200.7 196.3 191.8 186.3 187.9 187.1 185.1 183.8 183.1 178.7 177.6 175.7 169 164.3 160.3 155.2 151.9 150.5 150.7 147.2 145 139.2 134.3 128.3 126.3 130.1 138 145.7 157.4 164.8 173.4 182.9 192 201.3 208.8 219.5 228.2 234.5 243.8 250.7 257.2 263.8 274.2 275.3 273.3 274 285 287 280.7 290.7 289.5 286 274 263.2 252.9 242.6 229.3 219.1 208.2 200.1 192.9 185.7 178 172 164.4 156 149.5 142.9 133.6 125 116 106.6 94 87.6 81.5 76.2 69.5
174 184.2 184 183.9 183.4 181.6 182.7 182.3 183.1 182 180.8 180.8 179.9 179.8 177.3 175.2 174.8 169.8 169.6 168 166.5 166.2 164.8 162.9 160.1 154.8 151.1 145.4 140.3 137.8 132.6 134.9 133.7 130.9 128.1 132.2 137.7 145 150 154.7 162.8 173.4 183.1 189.9 200.2 209.9 216.3 226.9 234.6 250.5 256.7 267.6 274.4 280.5 291.6 297 298.5 300.4 313.1 319.5 316.2 315.1 310.8 307.7 301.8 289.4 278 266.1 254.7 241.6 229.7 220.3 210.1 200.2 194.5 188.2 177.9 169.8 162 155.9 150.1 143.3 132.4 122.2 112 102.8 91.1 83.3 73.9 68.2
173.2 181.5 180.7 178.6 176.5 177 177.6 178.1 176.1 175.7 172.3 169.2 168.5 169.5 166.2 162.2 163.2 167.1 166.6 160.4 162.2 160.4 159.3 156.3 154.7 150.8 143.3 138.7 134.5 132.6 131.4 135.3 137.2 142.4 147.1 152.1 160.6 167.8 169.7 172.6 183.1 191.3 197 206.6 217.2 227 238 253.2 264.4 268.7 276 285.9 298.5 304.3 313.5 321 330.4 336.8 341.4 339.1 333.1 334.6 331.5 325.5 319.7 306.5 291.5 276.5 264.3 251.9 240.2 232 221.2 211 203.4 196.5 186.4 179.9 170 160.5 153.5 147.5 137.1 126.2 115.9 104.9 93 88.6 81.5 75.3
175.7 172.5 176.8 172.2 161 166.3 174.5 174.1 172.6 170.5 164.8 162.6 163.6 157.7 152.7 148.9 148.3 146.6 143.9 141.1 142.6 155.1 156.6 152.9 146 140.7 137.7 132.8 131.3 131.9 145.2 148.2 153.8 157.8 165.4 171.4 178.7 184.5 190.2 192.4 198.8 209 222.2 226.7 239.4 250.5 261.3 274.3 283.6 287.2 292.8 305.7 318.1 328.6 335.7 347.9 350.3 360.5 364 366.4 362.2 360.7 356.5 346.5 335 322.9 305.2 286.3 273.2 260 251.9 239.9 229.6 220.3 207.2 199.2 192.9 182.7 177.3 167.7 159 151.8 142.2 132 120.6 108.4 102 94.8 84.6 78.3
183.8 177.7 170.8 169.3 165.8 160.2 160.6 169.3 169.8 161.8 152.4 151.1 149.9 148.8 147.1 146.4 145.2 149.1 149.4 144.6 141.5 139.5 139.5 141.1 139.5 138 135.5 135.9 136.8 143.2 153.5 157.3 164.1 170.7 177.4 185.2 192.1 198.8 204.3 210.1 220 234.5 245.7 252.1 267.8 277.2 284.7 294.7 303.5 315.8 322.5 328 340 344.9 355 364.2 378 389.2 394.4 390.6 386.2 383.9 377.2 359.9 345.4 332.7 316.4 297.6 282.7 269.1 259.4 248.9 234.9 224 216.4 208.5 200.4 191.2 182.8 173.2 163.9 155.1 148.5 137.9 127 115.6 107.7 99.8 92.1 82.8
189.5 183 178.4 173.7 170.9 165.3 161.7 157.7 155 155.6 156.9 154.4 149.1 150.8 157.3 153 157 157.2 152.7 149 149.6 147 143.4 145.1 143.2 140.4 140.8 144.8 144.4 153.3 159.9 166.4 175.4 183.2 190.5 200.5 206.4 212.8 223.6 238.2 248.4 256.3 265.2 275.9 286.9 299.4 308.5 318.4 332.6 344 352.1 357.5 357.7 361.7 367.6 377 394.3 409.7 413.9 411.5 406.9 403.5 398.8 376.7 360.9 347.5 332.3 309.8 294.6 282.4 270.5 261.7 249.4 238.4 228.8 218.8 210.1 201.9 191.3 182.4 174.3 166.4 157.5 145.3 134.7 123.9 112 103.3 96.2 87
202.1 193.6 184.7 181.5 176.3 171.9 168.7 166.5 163.6 166.7 162.9 161.1 157.3 163 163.7 162.4 159 155.5 154.3 156.3 155.7 156.1 154.2 154.4 149.3 148.8 153.7 150.1 155.5 166.8 173.6 183.2 191.8 199.5 207.6 217 227.5 235.4 248.1 264.4 270 276.3 289.2 299.6 314.4 328.5 336.8 351 361.6 369.3 373 376.5 376.4 380.7 388.8 399.5 413.5 426 428.8 426.6 421.5 418.8 414.6 402.8 388.2 365.8 344.4 323.7 312 301.4 290.4 283.2 271.9 255 244.5 233.6 224.4 216.2 203.4 193.5 184.9 173.6 165.5 155.2 140.9 129.2 117 105.1 95.5 87.5
215.1 208.8 198.1 191.8 186.6 178.5 173 170.4 167.9 166.4 164.6 162.9 163.2 164.4 165.1 163.7 163.1 161 161.5 162.6 163.7 160.1 158.4 155.2 153.7 160.7 161.2 163.6 175.1 182.6 188.9 197.4 206.5 219.5 226.9 238.5 247.7 260.7 277.4 287.2 291.4 300.8 316.6 330.1 341.7 346.5 362.9 373 384.1 394 397.5 402.9 404.9 408.9 416.1 426.1 432.7 435.5 439.4 438 434.3 431.4 430.3 421.1 407.5 391.7 368.8 348.4 333.9 322.3 312.3 298.5 287.7 272.2 256.5 247 237 227.1 214 203.2 192.6 181.6 169.2 159.2 148.1 136.3 119.9 106 96.2 85
234.3 225.3 215.7 202.7 194.7 187 181.6 175 170.9 169.3 169.1 164.9 166.9 170.9 168.9 167.6 166.9 166.2 168.3 170 168 169.8 173.1 175.6 174.2 176.6 170.5 180.3 191.2 198.1 208.6 221.2 231.2 242.3 248.2 259 272.4 291.5 307.5 312 326.4 333.6 351.6 359.3 362.3 371.2 386.5 395.4 408.6 410.9 412.2 416.6 418.5 425.5 432 437.7 437.8 440.8 446.2 445.6 443.4 443.2 441 431.1 419.2 407.3 390.2 365.3 348.6 336 322.1 308.6 295.5 283.2 271.5 259.6 250.5 239.2 227.9 212.1 201.5 187.2 174.5 160.6 149.5 135.9 121 107.9 97.7 96.1
252.1 239.9 229.9 217 208.2 199.1 189.5 179.9 172.3 173.3 174 168.8 166.7 170.8 170.4 170.1 170.6 171.3 175.1 179.3 190.4 192.4 191.9 189.6 190.1 187.9 191.4 202.8 215.8 223.3 232.3 247.4 257.3 267.7 272 284.4 304.2 318.5 332.8 343.5 358.1 364.9 370.5 377 386.5 394.1 405.3 413.5 421.2 420.6 421.5 422.6 427 431.3 438.4 437.9 436.5 439.8 447.6 447.5 445.7 445.8 447.3 442.1 431.2 414.8 397.6 380.4 369 355.4 340.1 329.8 317.3 299.2 286.6 273.8 264.6 251.7 240.8 226.3 212.8 196.1 179.6 166.7 154.7 137.4 123 113.9 105.6 101.8
266.3 255.8 242.4 231.5 220.3 207.2 189.3 185.1 180.4 178.7 177.9 173 169 174.1 179.3 181.8 178.9 186.1 189.7 200 209.7 212.4 212.8 208.4 208.4 202.6 207 219.1 230.6 249.1 255.9 265.9 276.2 283.5 298.3 317.2 333.1 343.7 357.1 369.4 375.9 380.4 388.9 399.4 406.7 412.5 418.3 425 426.7 424.7 424.7 421.2 424.1 425.6 429.4 427.6 427.5 428.4 440.3 444.9 443 443.2 443.9 441.5 435 421.7 408 394.8 379.9 370.7 360.1 347.3 331.7 317 299.9 287.3 275.4 266.4 249.8 237.2 222.8 206.4 187.2 174.6 160.2 142.4 128.2 117.6 109.4 106.7
278.8 267.9 254.3 242.9 229.6 218.4 207.4 198 185.4 183 179.7 176.2 172.8 179.5 184.6 188.3 190.5 199.2 201.8 212.9 219.5 224.4 225.5 222.6 220 220.8 225.5 227.4 243.7 258.8 269.2 283.5 293.6 308.1 329.4 344.7 355.3 372.7 386.4 396.5 403.7 404.3 411.2 414.5 421.1 422.7 425.4 428.1 425.4 420.8 416.6 410.1 410.3 408.5 405.9 407.6 408.5 409.9 422.5 426.3 428.3 425.3 426.4 428.1 425.8 419.6 410 399.8 388.7 378.4 365.7 351.4 338.2 322.7 307.9 294.4 284.1 274 258.5 242.2 228.4 211.2 193.7 179.2 162.8 146.1 129.2 119 112.1 111.6
294.1 279.5 264.1 250.6 245.5 230.6 218.5 210.6 195.9 184.8 181.6 179.2 177.5 183.8 190.3 198 206.2 210.7 216.5 224.7 232.1 237.6 242.4 238.6 243.3 240.7 238.2 238.7 272.6 283.7 293.2 308.9 326.3 336.9 354.9 370.2 388.2 401.6 411.9 421 422.9 422.2 421.3 426.5 427.3 426.2 425.8 423.2 417.6 408.8 401.3 393.5 391.8 391.6 388.8 387.6 388.5 390.7 395.8 400.3 400.7 401 402.8 405.7 407.5 406.1 403.2 396.2 390.1 383 369.3 355.4 340.2 327.5 312.8 300.4 295.5 281 264 247.2 229.5 212.2 197.7 179.5 163.1 145.6 129 119.3 114.8 115.1
311.5 298.5 282.9 268 254 241.2 227.4 214.8 203 191.2 182.5 182.2 179.7 182.1 192.3 204.8 214.6 222.2 230.3 243.3 253.2 258.8 261.2 264.6 267.3 267.5 254.3 251.8 293.8 309 326.2 334.3 352.9 368.8 383 401.6 420.7 428.5 432.3 434.3 432.5 431.5 429.5 431.5 429.3 422.4 415.5 406.6 400 392.8 386.5 377.2 373.2 371.5 369.8 370.8 370.8 371.1 372.7 375.6 376.6 377.4 379.7 383.5 386.5 390.5 391.6 388.4 383.4 377.5 369.6 357.5 346 340.6 322.6 305.2 290 276 262.9 247.4 229.6 214.8 199.1 181.7 161.1 143.5 128.7 119.7 115.6 116.5
336.4 319.1 304.4 285.8 268.2 252.2 248.1 232.7 218.1 209.6 201.2 195 194.9 185.6 196.2 212.1 227.9 240.8 252.8 266 272.9 277.1 281.7 295.7 300.2 289.1 272.2 258.9 298.8 323.6 339.9 359 379.6 394.2 411.9 432.5 448 450.1 446.5 441.8 437 437.2 432.5 426.7 419.5 412.2 403.6 389.2 383 375.6 369.8 361.7 357.5 354.4 352.3 351.1 351 353.8 352.7 355.6 357.4 359.7 362.9 364 366.4 367.8 370 370.1 368.5 366.3 358.3 349.8 337.4 324.4 310.7 298 284.2 272.2 259 245.5 229.6 213.8 198.5 182.3 161.1 139 126.2 117.8 113.4 111.8
351.2 333.8 315.3 297.5 281 271.6 265.1 252.2 238.1 231.2 220.5 210 202.6 196.7 210.3 221.1 238.9 259.1 272.1 283.8 290.2 296.9 307.3 320.7 317.1 305.4 281.8 270.8 302.6 335.8 364.6 386.5 406.2 419.7 440.2 455 461 460.5 454.5 446.1 441.5 433.8 426.9 418.2 405.2 393.6 384.3 377.3 369.3 364.2 357.7 348.1 343.6 339.5 336.3 335.3 333.9 334.2 333.3 336.8 337.3 340.7 342.5 345.1 347.1 347.8 348.1 349.5 349.1 348.3 339.6 329.9 321 312.1 301.1 289.6 277.4 265.8 254.9 243.1 227.3 211 194.8 175.9 158.7 135.5 120.7 111.7 108.1 101.6
362 342.4 324.9 307.3 296.5 283.4 274.6 263 248.7 241.1 226.4 218.5 204.8 210.5 225.7 238.6 253 272.6 288.5 300 309.7 323.3 331.7 335.9 329.3 313.9 292.3 279.4 314.2 341.2 376.7 410.1 426.7 446.6 463.3 469.8 472 470.8 462.5 450 438.3 427 416.9 406.6 397.5 387.1 378.3 371.5 359.4 352 345 337.2 328 324.6 323 318.6 316.6 315.6 314 313.5 316.3 318.1 319.6 322.4 325.8 328.5 330.3 330.4 329 324.8 319.7 314.1 306 299.8 291.5 282.3 271.2 259.8 250.8 238.3 223 206 190.6 169.6 145.7 137.6 119.7 104.1 97.2 94.7
362.2 351 330.2 316.1 303.3 291 278.8 266.1 252.1 239.1 228.7 216.8 214.8 231.5 244.5 257.5 276.3 292.9 311.6 321.2 336.9 347.2 352.2 354.3 342.8 326.1 307.9 289 322.1 352.8 394.8 421.9 448.3 466.7 473.9 479.2 480.6 473.3 461.9 449.5 433.8 419.2 409.5 400.7 388.8 378.5 368.4 356.9 345.9 336 329.1 320.8 313.6 306.4 304.7 300.5 298.1 296.9 295.7 294.7 295.7 296.4 298.9 300 302 304 309 309.9 308.6 306.9 303.6 298.3 293.2 286.3 281.1 272 264.8 255.1 245.6 233.3 218.8 202.9 184.4 165.4 138.8 122.5 107.7 101.1 107 116.6
354.3 343.5 329.4 316.1 302.9 288.5 273 257.6 242.4 230.8 215.9 219 233.9 248.7 259.1 277.4 304.3 325.4 334.1 348.4 365.6 377.4 378.5 377.9 357 336.3 319.5 296.4 329.9 357.7 395.3 431.3 459.8 476 486.1 485.2 482.6 470.8 456.2 442 425.6 414.9 403.6 392.5 379.2 366.7 355.4 342.7 334.3 323 314.6 304.8 295.8 290.2 280.8 280 277.4 278.2 277.4 277.1 277.4 279.6 279.5 281 281.8 282.7 284.6 286.3 287.3 287.5 286.7 282 276.9 272.4 268.2 264.2 258.2 249.3 237.9 227 213.7 200.5 182.4 170.7 138.7 120.5 102.5 113.6 123 137.7
334.4 328.9 317.9 304.9 290.5 275 259.8 240.3 223.4 233.3 238.4 245.4 254.5 265.1 281.6 304 335.8 351.5 358.5 376 389.5 399.2 401.7 396.4 374.9 351.3 334.9 319.1 340.5 366.8 397.8 434.8 464.5 484 486.6 482.2 472.3 462.9 448.5 430.1 417.2 406.6 394.7 382.3 370.3 357.9 344.9 334.1 323.1 308.2 296 283 282.8 278.3 273.9 266.5 259.6 253.4 253.9 259.1 258.7 259.9 261.6 261 263.6 263.7 264.5 265.2 266.3 266.5 266.9 266 261.7 257.8 256.1 255 251.7 242.2 233.8 217.8 208.2 192.4 178.4 161 137.7 104 107.3 125.3 145 159
316.7 309.7 298.8 289.5 276.4 262.6 247.1 238.7 241.8 251.2 261.1 267.8 280.4 297.6 313.2 335 355.3 370.1 387.1 401.2 417 422.4 420.7 412.3 395 375.7 351.2 336.1 356.5 381.5 416.3 449.6 478.9 483.8 482.3 474.8 459.8 449.5 434.5 424 410.7 397.6 384.4 372.3 360.1 348 336 325.2 304.3 305.1 303.6 301.6 298.9 291.3 284.2 277.3 269.1 260.8 251.6 238.8 243.1 243.4 241.4 241.5 242.5 242.5 243.8 242.9 244.7 244.9 246.8 247.8 243.8 241.1 240.5 238.5 241.5 242 223.5 207.6 187.7 176 157.5 138.3 120.6 117 120.1 145.5 163.5 168.3
298.8 291.7 281.4 270.8 259.6 244.9 246.6 254.6 266.6 270.7 282.4 296.5 310.3 315.3 341.9 362.9 377.8 397.6 416.4 431.5 443 445.7 437.3 425.2 408.3 386.9 372.9 356.8 369.4 398.4 425.2 465.9 477.1 482.5 475.3 464 451.5 438.1 428.2 416.7 402.2 388.8 376.4 363.5 351.8 339.3 324.1 322.6 321.6 320.2 321.8 321.5 314.7 305.4 300.6 291 281.5 270.5 257.9 248.8 241.5 233.1 227.6 221 225.2 224.2 219.8 222.1 218.8 224.4 229.3 229.4 227.7 225 222.1 219.9 217.4 214 200.8 185.9 171.6 155.5 139.2 125.9 118.1 120.3 135 161.8 174.6 182.1
282.5 274.2 264.7 254.8 248.7 254.2 263.7 274.3 288.7 302.3 313.1 327.9 344.4 351.1 346.1 385.5 404.1 428.4 446.5 465 474.1 469.9 460.9 441.3 418.7 412.7 396.7 379.4 383.5 404.5 445.6 470.4 479.8 483.3 475.9 462 448.5 434.9 424.3 410.1 397.8 381.4 369.2 358.3 344.1 328.8 332.4 333.3 335 336.4 338.6 337.2 330.8 323.8 318.7 309.6 298.7 289.8 271.5 261.6 252.3 243.8 237.5 229.6 224.1 217.9 211.6 205.5 198.7 200.6 203.9 209.1 210.6 208.4 204.4 201.9 198.8 193.1 185.3 174.8 160.9 147.1 136 131.7 114.3 131.6 153.6 169.7 184.3 193.8
266.2 259.6 256.3 260.5 261 271.2 288.1 302.7 315.5 329.7 343.9 356.1 375.1 384 384.9 394 426.7 456 475.3 493.7 502.5 501.2 489.4 463.4 446.7 432.5 416.8 405.4 416.2 418.4 454.8 482.2 486.4 484 474.3 456.3 444.9 433.6 420.9 407.3 391.6 377.6 365.7 351.8 336.2 340.7 342.3 344.6 346.5 350.4 350.7 348 344.2 339.3 335.5 328.5 320.9 308 292.3 280.4 271.8 262.3 253 246 237.4 229.8 224 217.6 208.7 200.2 190.9 186.6 189.4 184.8 180.9 181.6 180.6 178 172.8 164.1 152.9 142.7 132.4 119.9 117.5 148.4 166.5 181.3 195.9 203
271.9 270.2 274.1 281.1 283.5 295.8 309.3 327.1 341.3 360.2 375.8 392.5 411.9 424.1 419.1 414.5 446 480.8 503.5 524.2 533.5 526.1 510.9 486 459.8 445.6 429.2 430.1 440 444.1 473.9 488.3 484.4 480.3 466.9 452.2 443 433.1 418.1 405 391.3 376.7 364 342.9 349.4 351.7 354.3 356.5 361.4 363.9 364 362.8 361.4 359.6 359 354.4 342.3 328.9 318 303.4 294.2 284.7 270.9 264.3 256.7 248.2 238.5 229.6 221.2 213.5 205.1 192.1 183.9 179.3 174 160.3 156.9 152.6 147.4 152.2 144.4 136.9 132.7 121.9 144.5 161.5 176.9 191.9 205.6 211.3
288.6 283.2 298.7 301.9 306.2 320.8 334.8 353.2 369.9 393.7 415.7 432.2 453.3 465.8 446.4 444 471.3 501.5 530.1 552.8 563.9 553.8 526.4 501.6 483.4 466.8 468.2 468.2 470.7 481 494.6 493.3 489.9 473.8 459.9 449.8 440.6 430.5 417.1 404.8 389.8 374.5 367.8 357.7 361.5 363.7 365.9 371.2 374.9 377.3 380.4 381.4 381.3 379.4 380.8 375.7 370.5 358.8 353.6 336.8 320.7 308.9 299.1 293.6 281.5 271 258.8 251.5 243.2 237 224.6 215.3 207 199.3 193.4 186.5 179.1 167.8 160.9 150.6 139.7 142.8 141.7 125.8 156.5 170.6 185 199.4 210.9 227.4
315.5 315.8 325.2 328.8 336.9 349.7 366.9 384.3 404.9 432.2 451.4 470.1 490.2 486.3 477 476.7 502 524.4 551.3 580 594.2 589.1 573 538.2 519 501 510.2 512.1 511.8 508.5 503.6 494.7 484.6 469.9 460 450.6 439.2 428.7 416.3 402.6 391.3 381.3 370.3 371.4 373.9 376.4 378.9 383 387.9 392.6 398.2 399.5 398.2 399.1 399 393.8 386.9 383.8 375 368.7 356.1 339.4 329.2 323.5 312.9 296.4 289.9 284.8 278.4 262.7 248.6 238.1 229.6 222.2 213.3 202.3 185.4 175.3 162.8 153.2 144.4 147.8 150.6 153.7 148.8 176.6 190.2 212 231.9 255
334.1 341.6 355 366.1 375.9 388.7 405 421.1 441.6 470.1 490 507.3 518.2 515.8 511.8 512.4 533.3 552.6 574.6 602.9 623.7 624.4 614.6 599.4 566.6 535.7 551 548.9 536.8 523.3 510.9 499.2 485.1 474 464.7 454.3 444.2 431.6 419.2 407.4 396.3 387 385 385.1 386.5 389.5 392.7 398.7 405.6 412 414.2 414.9 414.9 414.6 416.4 412.1 407 403.6 398.5 379.8 368.8 355.9 352.6 348.3 336.3 329.7 317.8 311.6 297.9 279.2 264.2 252.9 241.6 228.1 214.9 200.3 184.9 171.5 156.5 159.5 159.1 165.5 174.4 174.6 166.3 169.3 195.4 219.4 246.7 277.4
