Assets/StreamingAssets/GeoData/Data/ns/NS40.asc
ncols 200
nrows 200
xllcorner 240000
yllcorner 600000
cellsize 50
[rows 70 to 104 of 200, columns 0 to 77 of 200]
242.2 246.8 249.3 252.3 254.7 256.5 257.8 256.9 257.2 258.2 258.3 258.2 258.3 258.9 259.2 258.7 258.2 257.8 258.2 258.8 259.5 260.3 261.4 263 264.3 264.6 265.6 266.9 265.9 265 263.7 262.4 260.2 260.5 259 257.4 255.5 259.7 263.4 265.8 268.7 269.4 271.5 272.5 272.3 271.7 269.6 266.8 266.5 264.3 266.6 264.7 263.4 263 263 262.9 263.2 264.3 263.1 261.6 262.7 259.3 257.5 255.9 255.4 254.8 254 253.4 254.6 254 253.4 252.3 249.9 251.4 255.6 258.5 256.1 253.4
236.9 240.8 244.9 248.5 251.8 253.9 255.4 255.2 256.3 257.1 257.2 256.9 257.7 258.5 258.9 258.4 257.2 256 255.8 256.3 256.8 257.7 259.1 260.2 260.6 260.9 262.9 263.9 264.5 263.8 261.5 260.1 258.9 256.3 254.4 254.6 253.4 258.3 262.9 263.8 265.4 267.6 269.8 272.3 273.2 273.1 272.1 269.3 265 263.6 265.9 265 263.1 262.8 262.4 262 260.2 263.5 262.4 260.1 260.7 260.2 256.8 254.7 253.9 253.5 253.1 252.6 253.3 255.3 252.7 251.1 248.6 252.6 256.2 257.4 258.5 256.2
235.5 237.7 238.8 242.2 246 249 250.3 251.3 251.5 253.6 255.8 255.2 255.8 257.6 256.9 257.7 256.3 253.9 252.2 252.4 252.9 254.6 252.9 254.9 256.6 256.2 258.7 260.1 261 262 260.5 260 258.1 256.4 253.9 251.7 251.7 255.8 260.2 261.9 262.4 263.1 265.8 268.7 271.2 271.7 270.6 267.2 264.3 263.2 264 263.6 262 262.5 262 261.4 261 260.9 261.3 259.6 258.2 258.8 257.2 254.3 253.5 256.5 255 253.3 252.1 252.7 257.8 251.1 250.8 251.7 254.9 256.4 256 255.2
233.2 233.5 233.5 235.6 239.3 242.5 244.9 246.6 248.3 250.1 250.5 249.9 253.5 253.3 255.9 256.5 256.3 252.6 250.1 247.3 247.8 249.7 250.3 249.3 247.5 248.4 248.8 249.1 253.4 256.6 258 257.1 254.4 254.4 252.9 249.2 250.5 255.4 258.2 260 260.5 261.5 262.3 264.4 267 268 267.8 265.6 265.6 265.5 261.8 261 261 260.9 261.4 261 260.2 259.5 259.7 259.6 255.7 255.4 254.3 254.5 255.5 259.9 260.2 256 253.4 251.8 255.5 251 251.4 252.7 254.1 255.5 256.7 256.9
231.7 230.2 229.8 233 234.7 235.8 237.7 241.1 243.8 246.1 249.9 248.4 248.6 250 252.8 253 253.1 251.8 251.1 247.5 244.7 244.1 247 245.5 241.6 238.1 236.3 235.9 245.1 250.5 251.6 251.2 250 251.7 250.9 248.1 248.2 253.6 256.9 257.6 257.6 258.8 259.8 260.9 261 262.3 264.5 267 268.5 268.4 265.7 262.3 260 259.1 259.6 259.7 257.4 257 256.5 255.5 255.3 255.3 255.5 255.6 257.1 266.3 268.9 264 257.2 253.6 251.7 250.7 253.3 255.3 256.6 257.6 257.9 258.5
230.5 229.4 228.4 228.8 230.6 230 231 234.9 235.7 240.5 240.9 241.3 241.5 249.1 250.6 250.7 250.4 251 250.3 247 244.5 239.9 239.1 238 234.6 233.7 234.7 242.9 246.4 241.7 242.6 243.9 245.6 248.1 248.4 246.6 247.6 251.4 254.5 255.7 255.7 255.8 257.1 257.1 256.5 257.4 260 263.7 265.9 267.2 266.6 263.6 260.8 258.8 258 257.9 256.9 255.6 255.8 256.2 257.4 257 255.4 258.1 262.3 268.1 272.4 273.8 268.3 259.1 258 257.6 257.6 258.7 259.6 259.8 259.6 260
229.8 228.5 226.9 227 227.7 227.3 226.8 230.1 230.7 228.8 230.4 231.8 240.9 244 250.8 251.1 251.1 250.9 250.5 249.9 247.4 244 236.3 233.9 233.1 232 233 238.5 243.4 247.9 248 247.1 246.9 245.1 245.5 246.2 246.8 248 250.4 252.3 254.6 255.2 254.3 254.3 255.7 256.3 257.1 258.9 262.2 263.8 264.2 263.9 259.9 258.6 258.4 257.8 258.2 259.4 257.9 257.6 259 262.4 260.3 259.5 264.5 268.8 271.8 274.8 275.5 268.3 263.9 263.4 263.4 262.6 262.5 263 262.3 261.8
230.8 227 225.5 227 226.3 225.9 223.9 224 225 224.6 222.3 230.9 235 237.9 242 246.6 251.1 251.7 252.6 253.1 250.3 246.6 237.5 233.7 230.9 231.4 232.5 233.5 238.5 243.3 246.5 248.7 248.9 249.1 247.3 247.4 248.6 250.7 251.2 249 253 254.2 253.4 253.7 254.7 256 256.4 258.4 259.4 261.1 262.5 263 261.9 261.1 260.7 259.4 259.3 261.6 263 261.2 260.6 261.6 260.4 259.7 263.9 269.1 271.5 272.8 274.3 272.7 271.4 268.3 268.4 268 266.8 266.2 266.2 265.1
229.2 226.2 222.6 225.8 223.8 222.1 221.8 220.6 220.5 219.3 218.4 220.2 221.4 228 234.8 238.9 243.8 248.1 251.1 251.2 249.9 247.1 238.2 233.3 230.7 230.8 231.7 232.7 233.5 237.2 239.4 243.8 249.5 250.7 250.6 251 253 255.1 255.6 253.9 251.8 252 252.8 253.8 255.1 256.8 257.2 257.9 261.1 261.3 263.9 263.7 263.3 263 262.7 261.6 262.3 264.9 266 267.3 267.6 267.1 265.9 261.1 261.5 269.9 271.3 273.1 275.3 276.3 276.6 280.2 277.3 276.9 276.7 275.9 275.4 274.4
229.6 226.2 223.1 219.4 219.3 218.4 218.2 217.3 216.7 217.2 219.2 225.1 232.8 231.5 224.5 228.5 235.2 241.5 244.8 246.4 245.3 243.3 236.8 232.7 228.7 229 231 231.9 233 235.4 239.9 242.5 245.6 250.5 253 256.5 258.6 259.8 259.5 257.4 254.6 253.3 254.2 255.7 257.1 257.6 258 258.3 259.6 262.7 268.1 268.4 271.4 269.8 265.5 265.5 263.8 267 269.3 271.7 272.7 274.1 273.8 271 269.9 269.1 271.4 273.7 275.7 278.1 280.4 283.7 287.6 288.4 287.4 286.2 285.1 282.7
229.3 227.9 222.8 218 217.2 216.8 216.7 216.9 215.8 218.3 223.6 230.2 233.8 238.3 238.5 234 224.9 226.1 236.4 238.4 238.2 235.5 230.5 229.2 229.7 230.6 231.3 232.3 233.3 234.7 240.6 247.2 249.9 253.2 257.6 261.2 262.6 263.6 263.1 261.1 258.3 255.2 256.9 258.3 259.2 259.3 259.4 259.5 260.5 263.1 267.8 274.4 273.9 271.8 269.4 268.7 267.6 267.7 270.4 273.4 274.2 275.6 277.2 273.8 274.3 269.1 274.8 275 276.6 279.9 282.3 285 288.6 291.5 295.3 297 296.2 294.3
229.7 229 226.3 217.3 216.5 216.2 216.8 216.4 214.6 217.7 222.8 229.9 236.8 241.3 242 241.8 235.7 231.1 226.1 229.6 229.1 229 229.2 229.9 230.5 232 232.3 232.5 234 235.7 240.5 249.4 255.8 258.7 262.9 266 267 267.6 266.7 264.8 261.5 259.7 259.9 260.3 260.7 261.1 261.4 262 262.5 263.5 266 271.4 274.7 275.4 274.8 274.2 272.4 270.6 272.2 274.1 275.4 275.8 276.6 274.7 268.8 267.5 279.8 278 277.3 280.1 282.3 286 289.3 292.5 295 299.9 305.1 305.3
227.2 228 225.4 219 216.5 215.7 217.8 214.3 216.3 218.7 223.6 229.4 232.9 238.8 242.9 244.6 242 235.8 231.9 231 231.5 229.8 230.1 230.8 231.9 233.3 233.8 233.9 234.7 238.1 242.2 249.1 259.5 265.6 269.3 273 274.7 273.9 271.6 269.8 267.1 263.8 262.4 263.9 265.5 266.9 266.9 267.2 266.9 267.6 269 271.1 274.7 277.3 278.6 279.7 277.9 276.7 275.8 276.2 277 277.2 275.9 273.6 274.1 273.7 275.1 284.4 279.4 276.4 279.2 286.5 290.1 293.3 296.3 299.5 303.7 310.6
214.2 220 223 220.3 217.9 217 213.6 214.2 216.9 220 223.9 228.9 235.7 241.6 244 246.6 246.2 242.2 239.3 238.9 238.6 233.8 232.7 232.4 233.9 235 235.3 236.9 239.8 244.8 249.2 253.5 257.4 267.6 272.6 278.2 281.2 281.4 279.3 277.3 276.7 274.6 270.4 270.4 275.1 274.8 272.6 271.5 271.1 274.4 276.9 277.5 279.5 279.8 281.8 282.6 283.2 282.1 280.3 279.7 279.3 279.1 277.9 276.8 276.3 277.2 277 270.4 273.3 274.2 277.1 282.8 290.5 294.4 297.8 301.6 303.5 306.9
206.8 210.4 210 210.8 215.5 214.1 212.8 215.2 217 221.3 226.1 227.5 237 239.1 241.7 245 247.9 247.3 246 244.2 242.3 239.6 235.7 236.3 237.4 238.1 237.1 241.3 246.1 252.7 257.3 260.1 264.4 267.8 274.4 281 286 287.9 286.4 285.2 285.4 284.2 283.7 280.9 282.5 283.4 280.1 278.5 280.7 284.3 287 287.9 286.1 284.7 285.6 287.2 287.9 287.5 285.2 285.5 283.4 282.2 281.3 280.8 281.1 280.4 281.7 281.1 273.2 275.3 280.8 284.5 283.3 294.1 297.4 301.3 305.2 307.2
216.9 215.3 218.6 219.2 209.2 213.1 213.4 215.1 217.5 226.2 232.9 233.8 232.7 234.7 242.2 242.5 242.9 246.9 249.4 248.9 248 246.9 240.2 243.4 243.4 246.4 241.9 245.5 252.6 258.1 265.2 268.4 271.5 274.5 278.2 282.9 287.8 291.3 293.4 293.5 292.8 293.1 293.5 291.1 288.3 290.1 288.8 299.1 297.3 296 297.6 294.4 292.1 293 293.6 292.4 292.1 292.5 293.6 294.2 292 290.8 289.5 290 290.9 287.3 285.3 283.5 278.9 277.3 283.9 288.7 292.7 291 293.9 297.2 299.4 302.5
224.2 220.8 219.4 219.7 214.9 211.7 213.8 219.6 226.1 232.4 238.2 243.2 245.2 245.6 243.2 249.6 251 250.7 249 251.1 251.3 252.4 252.8 251.4 251.8 249.8 244.6 247.8 255.5 261.8 269.5 275.5 279.3 282 284.8 285.2 288.2 291.3 295 298.5 299.9 299.7 299.6 295.3 296.7 300.2 305.9 309.1 304.9 304.4 304.2 301.8 303.9 303.6 305.1 301.9 301.5 299.2 300.6 302.6 303.3 305.1 302.4 299 297.2 291 295.2 292.1 281.1 277.9 286.5 291.5 296.1 299 300 296.6 297.9 301
228 226 222.7 215.6 213.1 212.9 215.5 223.6 229.2 235 240.4 245.6 249.6 249.9 249.2 249.9 253.1 255 255.9 256.1 254.8 257.1 255.2 257.1 259.4 256.5 249.9 249.3 253.9 261.5 270.3 277.8 283.2 285.9 288.2 289.1 289.1 290.6 294 297.7 300.6 302.8 302.9 300.6 306.4 316.6 318.7 313.9 314.1 313.6 311.1 310.3 313 313.7 313.7 312.9 311.9 310.5 310.4 310.1 309.8 311.9 313.1 311.1 305.2 298.3 297.5 298.3 289.2 282.8 286.8 293.4 298.2 302.9 304.7 304.1 299.9 303.3
228.4 228.7 225.1 217.9 214.7 213.4 218.6 224 229.2 235.2 240.2 244.6 248.7 251 251.2 250.6 252.4 254.1 256 257.5 258.8 260.3 260.6 256.6 262.8 261.6 257.4 258 261 255.8 268.6 275.5 281.2 286.3 288.3 289.4 289 290.2 293.1 296.5 299.2 301.8 305.2 310.3 318.3 322.1 322.7 322.7 322.2 320.9 318.8 319.2 319.7 320.4 320.9 321.4 320.6 319.9 318.3 319.1 318.6 318.4 319.9 320.2 317 309.3 303.5 301.2 298.6 289.7 284 293.9 298.8 304.4 308.1 309.1 305.8 304.4
223.3 223.6 222.3 219.5 215.2 214.8 218.5 223.5 227.8 232.4 238.2 243.1 247.2 250.8 252.4 253.1 253.2 253.4 255.5 257.2 258.7 260.5 262.1 261.4 264.7 265.1 262.1 262.6 265.3 265.9 265 271.6 277.8 282.2 283.3 285.8 287.1 289.1 290.2 293.3 296.2 300.9 311.7 317.8 321 325.6 328.5 329.1 328.9 327.7 326.4 324.7 325 325.4 326.9 328.2 329.9 330.9 327.7 329.1 330.4 329.6 328.2 326 323.5 317.1 308.2 303.9 301.5 296.6 288.6 292.7 298.7 303.6 309.5 311.5 309.8 305
219.3 220.1 221.2 219.4 217.6 217.2 217.2 220.6 224.2 228.6 235.4 242.2 247.9 252.1 255.1 256.1 256.3 256.4 257 258.2 260.1 262.2 264.4 263.5 265.6 267.9 265.5 269.9 271.9 274.5 274.9 266.3 267.3 270.5 279.5 284.3 281.4 284.8 289 291.7 296.9 304.6 314.2 317.2 322.2 328.1 330.5 333.3 333.4 333.5 333.2 331.4 329 329.9 330.9 331.7 334.4 337.7 338.7 340 340.3 339.5 338.8 336.2 328 321.1 313.8 307.1 305.3 302.8 295.3 289.9 297.7 302.4 307.6 311.4 311.9 307.4
219.3 220.3 221.5 221.4 220.5 219.8 217.7 219.8 222.1 225.5 229.8 237.3 244.6 250.5 254.6 258.4 260 260.6 261.2 262.6 263.9 265.7 267.5 268.6 269.7 270.5 273.2 275 281.3 283.9 285.3 286.1 285.5 279.6 270.7 271.5 280.6 291.9 296.8 298.8 301.9 306.6 309.4 315.9 322.3 325.1 330.6 334.4 334.6 336.6 337.4 336 332.6 332.6 332.9 335.4 336.4 339.8 344.2 348.3 350.5 349.9 348.4 345.3 340.1 324.7 317.3 310 305.8 302.2 299 297.3 296.8 301.3 305.7 309.2 311.1 310.4
221.6 222 226 227.1 225.1 222.7 220.7 220.7 222 224.9 231.6 235.4 240.7 247.7 253.7 258.7 262.3 264.5 266.2 268.3 270 270.6 272.7 275.7 281.8 277.5 283.1 280.7 290.2 295.3 296.3 296.5 299 298.2 293.2 293.2 291.7 298.4 304.1 307.7 306.8 306.8 309.6 314.7 318.4 322.4 327.6 330.8 333.4 336.9 338.4 337.3 334.9 334.2 334.3 335.9 338.9 339.9 344.8 349.3 354.5 354.9 351.7 345.4 334.3 325.1 319 311.8 306.2 303.4 301.3 303 299.3 303.5 307.2 310.3 311.5 312.6
222.9 224.6 227.2 228.5 228.1 227.1 224 224.1 225.4 224.9 232.9 240.6 243.9 246.6 252.2 258.7 262.9 267.3 270.1 272.1 274.9 278.2 283.8 288.6 291.7 292.2 296 294 295.2 298.9 301.3 303.4 305.6 307.1 305.9 304.3 302.4 297.2 302.2 306.4 308 308.5 310.9 314.5 318.9 321.4 324.6 328.7 331.1 335.4 336.6 336.5 335.4 335.1 334.7 336.1 338.3 338.9 342 344.1 346.5 343.1 340.5 336 327.6 322.4 318.6 313.1 309.7 307 305.4 306.3 303.8 304.7 311.5 314.1 314.9 316.5
222 225.2 228.1 229.5 230.5 230.5 229.8 232.3 234.8 236.8 230.9 242.3 247.5 251.3 253.8 259.4 264.2 269 272.4 278 280.9 286.9 291.1 296.6 299 301.5 303.8 302.6 302.1 301.2 306.1 310.3 312.5 315 312.5 309.7 307.5 304.4 303.8 301.9 304.5 306.8 310.9 315.3 318.3 320.8 323.9 327.1 330.7 334.4 335.3 335.2 335 335 335.1 335.1 335.4 336.1 335.7 336.9 336.6 336.5 334.2 331.1 326.7 321.2 316 310.6 313.7 312.8 309.2 307.8 304.4 307.2 312.2 316.4 318 319.9
221.7 224.6 228.9 233.2 237.9 239.2 241 243.8 244.1 245.8 244 233.3 248.9 254.2 257.6 262.1 267.3 272.8 278.7 284 292.7 293.4 299.7 300 304 303.8 307.6 308.5 308.4 309.4 309.3 312.3 315.4 317.2 316.9 314.4 310.8 306.4 305.5 302.6 303.1 304.7 308.1 311.6 314.5 319.6 322.6 326.4 331 335.3 336 335.7 335 334.8 334.6 334.5 334.4 334.2 332.7 331.9 331.5 331.6 331.2 328.5 326.1 323.2 320 318.7 319 317.7 315.5 313.5 310.2 313.6 313.4 316.7 319.9 321.9
226 231.3 238.9 246 248.6 251.4 257.1 256.6 254.6 255.5 253 249.6 247.7 256 261.3 267.5 272.4 276.7 283 291.2 294.2 298.2 303.6 304.6 307.1 307.5 308.9 310.4 310.9 312.1 312.9 313.9 316.6 317.9 318.5 317.6 315.8 311.4 306 303.8 303 304.3 306 307.7 309.6 314.4 319.8 322.6 329.1 334.2 337.1 337 335.4 334.9 334.2 333.8 333.7 333.3 332.3 331.1 330.5 329.7 328.3 326.2 325.3 324.4 323.9 325.4 323.7 322.7 321.2 318.5 313.8 318.3 320 318.8 322.8 326.3
231.4 238.8 249.2 257 262.7 263.2 266.6 263.9 260.4 261.8 261.7 259.4 257.6 256.9 263.8 272.6 276.3 281 286.8 292.9 295.1 300 304.1 305.9 309.2 309.4 308.8 311.1 312.8 313.8 314.2 315.3 316.5 317.4 318 317.6 316.8 315 310.5 306.4 305 305.6 304.6 306 307 308.7 312.3 320.9 320.4 331.3 336.8 338.4 335.2 334.2 333.4 333.5 333 332.3 331.6 330.6 330.5 329.5 327.3 326 325.3 324.6 324.1 325.3 326.6 327 324.4 321.1 317.9 322.6 324.2 324.7 327.3 331.3
239.7 246.4 253.5 258.8 266.3 268.7 269 273.2 272.6 274.4 273.3 268.1 264.2 265 264.2 271.4 278.9 285.5 289.5 292.9 297 299.9 303.4 307.5 309.7 310.8 310.1 311.1 313.3 315.2 316.8 317.4 318 318.2 318.3 317.5 316.5 314 312 309.1 307.4 307.2 305.8 306.9 307.9 307.3 308.9 312.3 316.4 320.6 329.4 334.5 333.6 332.3 332.3 333.6 333.1 332.2 330.6 329.8 330.4 328.1 325.9 325.2 324.4 323.7 323.3 323.6 324.2 324.8 324.9 319.4 319.9 323.8 326.8 328.9 332 336.6
248.4 254.1 257.8 262.5 268.1 275.2 279.5 285.5 286.8 287.9 285.3 283.4 271.8 268 265.5 273.4 280.2 285.9 289.4 293 296.9 302.5 306.2 308.4 310.5 313 312.8 312.7 313 315 318.2 321.8 322.6 323.5 321.2 319.1 317.4 315.5 312.2 309.9 309.8 308.9 308 308.7 309.6 309.7 310 311.4 312.3 314.4 316.4 324.5 327.2 327.5 330.8 333 333.5 332.9 331.2 328.7 327.3 326.1 324.6 323.2 323.2 322.8 322.4 322.8 322.7 323.1 321.6 319.3 321.6 325.3 328.5 332 335.1 338.5
257.2 260.7 263.9 270.3 279.3 285.6 292.2 299.3 302.8 292.9 288.1 286.6 283.7 280 273.3 273 279.6 283.1 287.7 293.6 298.4 303.7 308.1 310.2 312 314.7 315.5 316.4 319.1 319 317.8 320.7 321.9 323.8 323.8 323 320.9 318.7 319 316.3 313.6 311.5 310 310.4 310.6 310.4 311.3 312.9 316.6 317.1 316.4 317.9 320.3 323.6 327.6 329.1 331.9 332.9 332 330.2 327.7 326.5 324.6 322.7 321.8 321.6 321.6 322.4 322.7 322.9 323.4 323.4 323.8 326.7 330 334.5 337.7 342.4
262.2 267.3 274.7 283.5 292 295.9 303.1 306.9 308.1 309.1 306.4 297.5 295.4 288 278.4 281.7 281.3 284.5 288.6 293.4 299.3 304.1 309.2 312.1 314 316.9 319.5 323.3 321.6 322.1 322.2 323.3 323.6 326.7 328.5 330.5 331 328.9 325.2 322.3 323.6 318.9 312.2 311.8 311.4 310.1 311.3 313.6 317.8 322.5 321 317.9 319.4 321.8 323.2 325.1 327.5 329.8 330.6 330.9 330.6 329.1 327.3 325.5 321.8 320.8 320.6 321.1 324.1 326.2 327.5 327.3 327.9 330 332.3 335.9 341.6 347.1
267.3 279.9 291.1 296.9 298.1 301 304.7 310.5 318.1 322 317.5 308.1 306.6 293.6 287.9 287.5 283 282.5 288.5 293 297 303.5 308.4 314 319.2 325.4 326.6 327.5 328.6 327.1 326.5 326.6 325.7 327.4 330 331.9 333.9 334.6 334 330.3 324.7 321.8 315.7 313.1 311.7 310.1 310.9 313.8 317.4 322.2 326.2 323 321.1 321.8 322.9 323.6 324.4 325.2 326.8 328.1 329.6 329.9 328.6 326.8 322.7 320.2 320 320.2 323.9 328.5 330.9 332 333.2 335.2 336.1 338.1 344.4 351.7
281.3 290.2 296 299.9 303.3 306.2 307.9 312.5 316.9 319.1 320.5 311.7 300.6 292.9 291.3 290.1 289.4 290 289.3 289.3 295.1 300.4 306.4 313.1 320.6 323.7 328.2 331.9 332.2 331.9 330.9 329.9 328.6 328.3 330.1 331.7 335.6 337.4 338.1 338.1 333 322.7 321.1 315 312.4 310.7 309.8 311.6 315.4 317.9 321.6 324.8 322.8 322.8 322.8 322.9 323.1 323.8 324.4 325.4 326.8 327.6 327.5 324.7 320.6 319.7 319.6 319.8 323.1 328.9 333.8 336.4 338.4 341.1 342 342.7 346.8 355.3
297 300.4 303.5 306 308.5 310.4 316.3 317.7 321.4 314 314.9 311.5 305.1 293.3 290.3 291.4 292 295 297.2 297.6 293 301.2 304 309.6 317.4 325.2 329.6 331.7 332.8 335.6 334.5 332.2 330.4 330 330.7 331.7 333.3 337 341.9 342.9 336.2 328.4 321.4 318.1 312.9 311.5 308.8 309.7 311.5 314.5 317 320.4 322.1 323.3 323.4 323.1 323 322.6 323.2 323.9 324.2 324.9 323.9 321.7 320 319.3 319.1 319 322 326 332.7 339 343.7 345.8 347.4 348.7 350 355.4
