Assets/StreamingAssets/GeoData/Data/ns/NS41.asc
ncols 200
nrows 200
xllcorner 240000
yllcorner 610000
cellsize 50
[rows 0 to 34 of 200, columns 0 to 77 of 200]
63.6 57.3 55.3 56.3 59.7 64.1 69.1 71.8 75.1 75.9 77.6 78.2 79.8 81.6 78.7 79.4 80.6 82.6 82.7 81.8 78.9 74.9 65.7 61.2 60 60.5 61.4 64 66.7 67.5 68.7 67.8 66.7 66.1 65.7 65.2 65.7 66.6 66.7 68.2 68 70.8 73.8 76.3 77.9 82.1 83.5 83.5 83 81.8 82.9 82.6 82.9 85.2 86.3 87.9 89 89.8 89 90.2 90.9 91.1 90.9 91.4 89.7 87.8 85.1 81.6 77 66.7 66 66.3 75.3 76.8 82.5 84.2 83.5 84
69.2 70.4 69.1 68.2 66.1 63.8 57.5 61.7 70.9 71.2 73.2 74.1 75.1 77.4 77 78.5 79.8 80.7 81.7 80.1 77.3 72.9 64.4 60.9 60.1 60.8 62.4 64.2 65.2 65.9 65.9 65.1 63.8 63.2 63.8 64.7 65.6 68.1 68.9 71 73.7 75 78.5 80.8 82.3 84.9 85.6 86.8 86.9 87.1 87.6 86.8 86.4 89.1 89.4 90 90.9 89.1 87.5 86.8 87.2 86.4 86.5 86.4 85.3 83.4 81.4 71.8 63.7 63.7 63.7 65.2 65.6 67.7 76.9 81.6 80.9 80.4
71.5 74.5 76.1 76.6 76.2 74 70.9 62.1 66.5 69 69.8 71.8 72.2 72.2 75.3 77.3 78.8 79.4 79.1 76.9 75 72.4 67.8 63 61.1 60.7 61.5 61.4 61.6 62.1 62.6 62.3 62.5 63.6 63.9 65.1 67.6 69 70.6 72.9 76.3 78.6 81.8 84.7 86.1 86.8 89.1 91.3 91.5 90.6 90.8 89.7 90.2 91 91.8 91 92.6 89.2 87.5 81 83.5 82.8 81.6 82 81.9 80.2 63.8 67.2 67.2 68.6 70.9 72.1 80.2 82.2 81.2 79.4 71.3 77.3
75.4 77.4 78.2 78.8 79.2 76.8 73.7 66.3 61.7 68.2 68.6 68.4 70.5 71.4 73.7 74.8 76.6 77.5 76 73.3 71.4 70 67.9 65.1 61.9 60.6 61 61 60.8 61.1 61.4 61.9 63.2 64.6 67 67.9 71.2 72.9 74.9 75.4 77.9 79.5 80.9 84.7 87.1 87.6 90.3 91.7 92.6 93.8 93.9 94.3 94.4 94.7 94.2 93.3 93.1 89.9 87.5 83.9 77.4 79.1 79.6 77.7 77.9 76.6 71.4 75.2 76.7 75 79.4 81.4 83.6 83.8 83.4 82.6 80.8 75.7
79.1 80.3 80.5 80.5 80.8 78.7 74.9 68.2 64 65.2 66 66.6 68.8 72 73.7 74 73.4 73.6 73 70.3 68 66.8 65.8 64.9 64.2 62.4 60.5 60.7 60.9 61.6 62.2 62.7 64.4 66.4 70.6 72.4 73.5 76 77.9 80.3 81.3 83.2 83.7 83.9 84.4 84.8 88.3 89.8 93 94.4 95.1 96.2 96.3 95.6 94.7 92.7 89.6 87.6 85.6 82.6 75.7 68.6 67.8 68.5 67.4 67 74.3 76.8 78.6 81.8 85.4 88.9 90.9 90.2 87.7 86.7 85.4 82.5
80.9 81.3 81.1 80 79.5 77.5 74.6 70.1 65.1 62.9 64.5 66 68.3 70.2 72.8 73.6 73 71.2 68.5 67 64.7 63.2 62.7 62.1 62.3 62.1 61.6 61.6 62.4 64.6 65 65.8 67.3 69.5 72.3 76.5 78.3 80.1 83.6 84.3 85.5 85.7 86.3 84.3 83.2 83.8 84.5 87.1 89.9 92.5 94.3 94.8 95.1 94.6 93.2 90.5 87.7 85.4 82.8 80.1 68.5 66.4 66.4 67.2 67.4 67.2 74.9 80.4 83.3 85.6 90.3 95.4 97.1 97.6 97.1 94.6 93.7 89.6
81.6 80.6 79.3 77 75.3 72.6 69.9 66.8 62.7 61 64.2 67.2 68.4 70.7 71.8 72.2 71.8 71.1 67.4 65 63.3 62.6 62.2 62.9 63.3 64 63.7 65.2 66.4 67.9 68.6 70.3 72.4 73.7 77.1 80.9 83.3 84 85.4 88 89.2 88.7 89.4 88.6 84.9 83.5 82.7 83.3 86.5 90.3 92.1 92 92.2 90.1 88.1 86.3 84.1 81.7 71.6 68.1 67.5 67.3 66.4 66.4 64.7 71 78.5 83.7 87.9 90.4 94.1 98.2 103.3 103.6 104.2 102.3 100.3 97.7
81.2 78.8 75.6 72.1 69.1 66.3 64.7 62.8 62.2 62.8 63.5 66.4 68.1 70 71.8 71.6 71.2 70.5 70.4 67.2 66.5 66.7 67.2 66.5 66.5 68.1 66.4 69.2 71.8 71.9 72.1 73.9 77.7 79.4 81.3 83.6 85.5 88.6 89.2 91.4 92.7 93.5 93.2 93 90.4 85.2 81.3 80.9 84.2 87.8 89.4 89.2 89.2 87.2 85.2 83.2 79.4 71.8 68.4 68.3 65.9 67.1 66.4 70.7 75.3 80 83.1 86.9 91.7 94.6 97.6 100.6 104.7 108.1 109.6 109.3 106.6 102.4
77 74.8 69.6 68.7 67.3 66.8 67.5 66.6 66.4 65.2 63.7 66 68.3 72.4 74 73.8 73.3 73 72 71.4 72.6 73.5 73 72.8 72.5 71.8 73.1 74.2 75.2 76.7 76.5 78.2 80 82.1 84.6 86.9 88.8 91 93.2 94.3 95 95.5 95.4 94.5 92.4 88.8 81.4 79.5 83.3 85.7 87.2 87.6 86 85.2 81.3 77.5 70.9 68.8 69.3 68.1 69.9 67.1 72.4 76.4 80 84.4 86.1 90.2 92.4 97.3 100.4 103.1 106 109 111.2 112.7 112.4 108.5
74.1 73.5 72 73.3 71.2 70.2 70 69.8 67.3 65.4 63.4 66.5 68.2 71.5 74.5 75.3 75.6 74.5 74.1 74.7 74.9 75.1 75.5 75.2 74.5 74.6 75.9 75.8 75.8 75.6 78.5 80.4 82.2 84.2 87 89.5 91.7 93.8 95.6 96.3 96.5 96.5 95.9 94.5 92.4 88.7 81.8 77.3 80.1 82.4 83.8 86.2 85.7 83.5 81.1 72.6 71.6 69.3 69.5 70.5 70.9 70.5 77.6 79.3 84.7 87.9 89.9 91.1 97.3 101.6 103.8 106.2 107.5 109 110.6 111.9 112 110.8
70.9 70.2 69.5 68.4 67.6 66.3 65.1 63.9 63.3 63.4 64 65.7 68.7 70.5 71.7 73.2 73.7 74.3 74.7 75.2 74.4 73.1 73.2 73.5 73.6 73.9 76 75.9 75.8 76.3 78.7 80.5 82.3 85.1 88.6 91.6 93.3 95 96.1 96.5 95.9 94.6 93 90.3 87.9 85.1 78.6 74.9 74.6 73 72.8 69.7 69.7 80.8 76.8 71.9 70.8 69.7 67.8 71.2 72 77.6 82.7 84.3 88.8 92.5 91.3 93.4 99.5 104.1 107.5 108.7 109.2 109.8 110.9 109.8 109 107.3
69.8 69 67 66.5 65.6 65.3 64.3 63.6 63.4 63.7 64.4 64.5 67.5 69.4 70.6 70.8 71.5 73.5 73.6 74.7 74.2 74.7 74.2 75 75.6 75.5 76.8 76.7 76.4 77.1 79 80.5 82.5 85.1 87.3 90.8 94.2 95.3 95.1 94.2 92.4 90.4 87.8 85.6 83.2 77.8 74.6 75.8 76 73.7 72.2 69.7 72 71.4 70.8 70.9 70.1 69.8 70.1 79.1 81.2 81.3 83.9 87.2 91.8 94.9 94.8 99.3 102.6 106.3 110.3 111.8 112 111.1 110.8 108 105.8 104.7
72.1 70.6 68.8 68.6 67.3 65.8 65.6 65.1 64.7 65.5 65.2 64.8 65.9 68.1 70 70.7 71.5 72.3 74.3 75.1 75.3 75.3 76 78.1 78.3 79.8 79.3 81.1 80.3 81.2 81.5 83.2 83 86.8 87.8 89.7 92.6 93.9 93.5 92.2 89.5 85.7 82.1 79.2 74.5 74.6 73.2 72.7 73 72.6 72.8 72 72.2 71.6 70.9 69.6 70.3 69.9 74.3 77 81.5 83.4 85 88.5 92.3 96.4 99.2 101.8 105 108 111.9 114.6 116 116.3 105.7 103.2 103.5 104.2
79.6 75 72.2 70.5 71.2 72.8 72.6 72.4 72.3 69.6 67.3 65.3 65.7 68.5 69.5 70.7 71.1 72.8 74.3 75.6 76.9 77.2 79.2 80.9 82.2 84.5 84 84.4 86.6 87 87 87.5 87.1 88 89 90.5 91.5 92.4 91.7 89.7 87.9 83.8 80.1 74.8 75.5 75 73.7 73.5 73.8 71 72.8 72.6 78.2 75.8 71.1 72.9 68 70.5 81.7 82.5 83.9 85.2 87.9 91.2 94.8 99 102.7 105.4 108 109.6 112.1 114.2 116 110.1 106.2 103.7 103.9 105.4
87.2 82.9 78.3 75.5 75.7 76.4 75.7 73.5 73.2 70.5 67.8 65.9 66.1 68.7 70.4 71.1 71.4 71.6 73.6 75.6 77.6 79.2 81.4 82.7 84.6 85.2 88.7 89.8 91.1 91.9 91.9 92 91.1 90.8 90.9 91.4 91.4 90.6 88.9 86.1 84.3 81.6 76.5 75.1 75 74.3 75.4 73.5 73.5 73.6 72.9 74.1 80.5 80.6 80.3 81.6 85.4 86.4 86.7 87.4 87.3 90 91.2 94.5 98.5 102.5 106.5 109.4 110.6 111 111.6 111.5 110.3 107.8 105.5 103.6 104.4 105.2
91.7 88.9 82.8 80.7 78.7 76.2 72.4 70.3 68.7 67.6 66.8 66.5 67.1 67 71.1 71.3 71.7 72 74.4 76.2 78.8 80.6 82.9 84.5 85.7 89 91.3 92.6 93.4 95.1 96.6 96.5 96.6 95.4 94.2 93.2 92.1 90.2 86.6 83.1 81 76.9 76.9 77.6 74.9 74.3 74 74.1 73.7 73.7 72.7 85 86.7 88.1 89.8 89.8 90.3 90.4 90.8 89.8 92.4 93.8 95.8 98.5 102.1 106.3 109.9 112.2 112.9 112.7 112.3 110.3 107.4 105.5 104.1 103.7 103.2 105.1
93.7 92.8 88 83.7 80.5 75.9 71.8 69.4 68.6 68.6 67.4 67.1 68.4 69.9 71.1 72.2 74 75 76.7 78.5 80.4 82.5 84.1 86.1 87.8 89.4 91.3 93.3 95.3 96.5 97.8 99.2 99.4 98.7 97.7 96.2 93.3 89.9 85.2 80.1 76.5 77.1 77.6 78 78.8 75.4 75.2 75 75.7 78.5 84.6 89.3 92.4 95.3 95.6 95.6 95.1 94.8 94.2 94 94.8 96.4 98.3 101.3 104.7 107.8 111.2 112.9 113.3 113.2 112.8 110.5 106.7 102.2 101.7 101.9 102.2 101.6
96.7 95.5 92.6 89.2 89.6 83 77.6 73.8 72.2 71.4 70.1 69.6 69.6 70.9 72.4 73.1 75.6 76.1 78.6 80.9 83.1 85.3 87.3 88.4 89.1 90.5 91.7 93.6 95.5 96.9 98 98.4 98 97.6 96.1 93 90.6 87.8 83.9 78.2 76.9 77.4 77.8 78.1 78.5 78.9 75.8 75.6 75.9 78.8 89.3 92.4 95.7 98.3 100.4 100.9 100.2 99.9 99.9 99.7 98.3 97.2 100 102.2 105.5 106.8 109.1 110.4 109.2 109.4 110.2 108.9 106.3 101.9 100.5 99.7 99.9 101.9
100.1 98.6 95.9 91.4 90.6 88.7 83.1 78.7 76.1 74.2 71.6 70.3 70.2 71.2 71.8 72.6 76.9 78.5 77.9 81.1 84.9 87.5 90.1 91.7 92.1 92.7 93.2 93.9 95.4 96.3 97 96.5 95.4 93.8 92.2 89.7 87.4 84.9 81 76.1 76.8 77.4 77.8 78.2 78.5 79.3 79 77.5 76.2 76.5 89.5 92.3 96.4 98.7 100.9 103.4 105.1 105.5 106.1 104.9 102.2 101.3 102.2 101.6 105.1 105.6 106.3 107 105.6 106.3 105.9 104.9 103.2 99.8 99.6 100.1 101.9 105.2
103.5 101.2 98.8 94.8 90.3 89.4 87.1 83.8 80.4 74.6 70.9 69.6 68.9 69.6 70.3 71.7 75.2 79.1 79.6 81.7 85.4 88.4 90.9 93 94.3 94.8 94.8 95.2 95.4 95.7 95.3 94.6 92.5 89.3 88.7 86.4 84.1 80.9 76.2 76 76.6 77.2 77.8 78.3 78.5 79.6 79.5 78.7 76.9 76.5 80.5 93.1 95.6 98 100.4 102.2 104 105.9 107.5 107.6 106.7 105.1 104.9 104.6 104.5 104.3 102 99.7 101.2 102.1 101.7 100.6 99.6 97.2 98.9 101.1 105.8 108.6
105.1 102.5 99.5 95.4 92 89.5 88.3 87.7 80.9 73 69.8 68.5 70.7 71.3 72.7 74.9 77.1 81.2 81.8 84.1 86.8 89.3 91.5 93.5 94.8 95.6 95.9 95.3 94.7 94.1 93.2 91 88.5 85.8 82.8 80.5 79.2 76.3 76.7 76.9 77.2 77.1 77.7 78.2 79.4 80.1 80.3 74.9 76.7 77.3 84.3 93.3 94.8 96.5 98.6 100.6 102.7 103.9 105.6 107.2 107 107.1 106.7 106.4 105.6 103.6 97.2 93.5 96.5 96.5 96.7 98.4 98 100.1 101.4 103.3 110 112.3
106 103.2 99.9 96.6 93.7 92.3 88.9 84.4 78.6 71.5 69.6 72.1 75.6 76.7 78.5 80.6 83.3 85.8 86.6 90.3 90.7 92.7 94.3 94.9 95.8 95.5 94.9 93.9 92.9 91.9 90.5 88 85.1 80.1 77.8 77.1 76.6 79.5 81.8 80.9 79.8 78.3 77.1 78.2 78.8 79.4 80.7 74.9 74.9 77.5 78 89.6 95.4 96.5 97.5 99 101.7 102.6 104.1 105.8 106 106.4 106.5 105.8 103.8 100.8 94.1 91.5 92.7 97 98.3 99.1 99.6 100.8 102.8 106.5 111.3 115.4
106.4 103.3 99.8 96.6 95 94.1 90 82 75.2 70.8 69.8 74.8 77.7 80 82.5 85.5 88.8 91.5 92.9 94.2 94.7 95.9 97 97.3 96.8 95.4 93.2 91.4 89.7 87.9 85.7 84.3 82 78.4 76.9 78.6 80.3 84.1 86.1 86.8 84.9 82.8 79.4 78.2 78.6 78.9 80.4 77.2 77.5 77.7 78.4 77.9 83.2 89.7 95.3 98.2 100.4 102 103.7 105.1 105.9 106.5 106 104.3 100.7 95.4 88.1 90.5 95.7 98.4 99.9 99.6 100.8 102.6 105.3 108 111.9 116.1
106.7 103 99.3 96.7 96 95 90.8 83.5 74.6 70.7 72.9 76.4 79.1 81.9 85 90 93.6 96.1 97.9 99.4 100 99.4 98.9 98.2 97.3 94.1 91.6 87.7 84.6 82.5 80 78.2 77.3 76.8 76.7 79.3 83.5 85.8 88.2 90 88.1 85.7 82.5 78.7 78.6 78.8 80.6 83.8 80.5 78.9 79 78.9 75.9 79.1 88.3 92.9 95.7 100.6 102.7 104 105.2 105.8 104.7 102.1 97.9 87.9 89.1 92.2 96.5 99.2 100.8 101.5 103.5 106.2 108.3 110.5 113.2 115.6
106.4 101.3 97.1 95 94.2 93.7 92.9 86.5 77.5 72.1 75.3 77.8 80.1 83.4 87.7 92.8 96.4 98.9 101 102.2 103 102.8 100.4 99.4 98.3 95 90.7 87.2 80.8 78.1 76.9 76.8 76.6 76.2 76.5 78.6 82.5 85.1 86.2 87.4 87.8 86.8 84.7 80.6 78.9 79.6 82.5 85.4 86.6 82.8 81.1 80.4 80.9 78.8 79.9 83.5 91.9 94.9 98.9 100.1 100.9 101.7 100.6 98.3 95 86.2 89.9 93.7 96.9 99.7 102 103.8 106.5 108.7 111.1 113.5 115.8 117.8
107.9 102.4 97.8 95.4 93.3 91.3 88.3 85.8 79.3 73.1 77.1 78.6 81.2 84.6 90.6 94.7 98.1 100.6 102.6 103.6 103 101.4 100 98.6 96.1 93.2 89.7 85.1 78.9 77.1 76.8 76.8 76.6 76.3 76.2 77 79.1 82.5 83.7 83.6 83.6 82.7 81.4 79.4 78.9 79.2 81 84.7 86.2 87 83.4 82.7 83 77.8 79.9 81.8 83.1 83 87.5 95.6 96.4 97.5 95.9 93.2 87.9 88.6 91.7 93.8 97 99.5 102 104.7 108.5 111.3 114 117.3 119.8 122.7
107.7 103.3 99.2 96.5 93.5 89.4 84.8 80.2 77.3 73.7 76.8 78.9 81.7 85.2 91.3 95.6 98.9 101.2 102.9 103.7 102.1 99.4 97.8 95.7 93.4 91.5 88.6 84.4 79.5 76.9 76.8 76.7 76.6 76.4 76.3 76.6 77.5 78.8 78.7 79.1 79.4 79.2 79.3 78.9 79.7 80.1 79.4 83.1 83.8 86 85.8 82.9 84.2 85.2 79.3 80.4 81.7 80.9 83 80.9 82.9 84.3 86.5 88.1 86 89.7 92.6 94 97.1 100.1 103.4 106.3 108.9 113.4 117.3 120.6 123 125.7
106.6 104.4 100.8 97.5 94.5 91 84.4 77.7 75.5 74.1 76.6 78.3 80.5 85.3 90.9 96.1 98.7 100.5 101.7 102.1 100.9 98.2 95.6 93.5 92.4 89.1 86 81.5 77.9 77.1 76.9 76.7 76.5 76.4 76.5 76.7 76.9 77.5 77.9 77.9 78.3 78.6 79.1 79.3 80.1 80.5 79.8 80.9 82.2 82.4 82.1 82.7 84.4 88.7 91.2 80.3 81.4 80.9 80.4 81.7 79.6 81.8 82.8 83.4 86.9 89.1 93 95.3 97.8 101.8 105.8 108.7 111.4 113.4 117.8 121.4 125.3 128.1
106 105.4 103.3 99.2 96.3 90.6 83.8 79.3 74.5 76.8 78.3 80 83.8 87.2 91.4 96.3 99.2 100.3 101.5 101.2 100.3 97.2 94.6 92.2 88.9 86.4 83.4 78.7 77.3 77.2 77.1 77 76.8 76.6 76.7 77 77.2 77.6 78.3 78.3 78.3 78.5 79.9 80.2 80 80.6 80.4 80.7 81.2 81.7 82.6 85.1 87.4 89.5 92.9 83.9 81.3 80.3 81.6 82.5 82 82.6 83.6 83.8 85.3 86.9 93.1 97.3 99.2 103.7 107.8 111.2 114.5 115.6 117.6 118.4 123.5 127.1
103.5 102 100.8 98.4 94.1 87.5 85.1 80.9 78.4 80.8 81.6 84.3 87.2 90.8 94.7 97.5 100.4 101.2 101.3 100.8 99.4 97.1 93.1 90.5 86.7 84.4 81.7 77.8 77.5 77.3 77.2 77.2 77.1 76.7 76.8 77.2 77.5 78.3 78.5 78.1 78.2 78.8 81.6 81.5 81.7 81.5 81.9 81.7 83.7 83.6 85.9 87.8 89.5 91.4 93.8 95.8 92.7 90.2 94.7 92.1 83 83.2 83.5 83.7 83.3 86.7 91.1 96.3 101 104.9 108.9 112.7 116.3 119 121.5 123.3 126.1 127.6
100 98.9 96.7 93.8 88.1 84.6 82.3 78.1 80.1 84.8 84.5 86.6 89 92.2 97 100.7 101.9 103 102.6 101.8 99.6 96.8 92.5 90.3 82.6 82 79.8 77.9 77.6 77.4 77.3 77.2 77.2 75.9 77.2 77.6 77.9 77.6 77.5 77.9 78 79.8 80.2 81.1 81.2 81.4 82 82.5 84.5 85.8 87.7 90.4 92.3 93.9 95.5 98 97.8 98.5 98.8 98.6 89.3 82.8 83.6 83.1 84.3 86.4 85.6 95.8 102.8 107 110.7 114.6 117.7 120.5 123 125.2 128.2 130
97 96.2 94.4 87.2 83.3 81.1 78.6 78.5 81.9 81.2 85 88.1 91.5 94.8 98.3 102.8 104.4 104.7 104 102.8 100.9 97.9 93.7 91.1 87.5 81.3 79.1 78.6 77.9 77.5 77.3 77.3 77.3 77 77.4 78.1 77.4 77.5 78.1 81.3 81.3 79.2 80.1 81.8 82 82.3 82.3 84.3 86.5 88.3 88.6 91.5 94 96.4 97.4 100.2 101 101.9 102.5 103 101.2 94.9 89.2 86.3 86.3 87 85.7 86.2 104.2 109.2 112.2 115.4 118.4 121.2 124.1 125.7 127.2 128.4
92.5 91 85.8 84.3 85.7 86.9 86 86.6 86 85.7 88.3 91.6 96.5 98.9 101.3 103.1 104.6 105.7 105.2 104.6 103.2 98.6 94.3 90.3 86.2 82.2 78.6 78.3 77.7 77.9 77.4 77.3 77.1 76.8 77.2 77.9 77.4 77.5 77.6 77.7 77.8 78.9 80.9 81.6 83.3 84 84.2 85.9 88.7 90.9 91.2 93.4 95.4 98 99.2 101.9 102.7 103.5 105.4 106.5 106.5 103.2 98.7 91.8 87.8 86.9 85.5 91.2 107.3 110.4 113 116.1 119.1 120.9 122.6 123.4 122.5 123.8
96.2 94.1 93.7 95.8 96.1 96.1 95.5 94.7 93.6 93.6 93.1 96.2 99.1 101.5 103.7 105.2 106.2 105.8 105.6 103.7 101.4 97.8 93.8 89.3 85.4 81.4 77.9 78 77.5 77.1 77.4 77.2 76.9 76.6 77.1 77.5 77.4 77.6 77.6 77.4 77.6 78.6 80.6 81.4 84.1 86.3 86.6 88.7 90.9 93.6 95.6 96.2 97.8 100 101 102.7 104.2 104.9 105.5 106.7 107.5 106.8 103.5 89.6 88.2 86.3 87.3 101.2 108.5 111.7 113.4 115.5 116.7 118.1 119 118.9 118.9 119
105 104.5 103.6 103.2 102 101.2 100.5 100.4 99.3 97 96.5 97.6 100.8 103.4 105.3 107.1 107.8 108.5 108.1 103.5 98.9 95 91.9 88.1 84.3 79.5 78.1 78 77.6 77.4 77.4 77.4 77.1 77 76.9 77.4 77.5 77.4 77.3 77.2 77.7 79.5 82.2 82.9 85.2 88.4 88.7 92.4 94.2 96.5 99.3 101.6 101.1 103.1 103.8 104.2 104.8 105.4 106.1 105.9 106 103 99.9 89.7 88.4 84.7 96.9 105.8 109.2 112.2 112.6 113.3 114 114 113.8 113 113.4 112.6
