Assets/StreamingAssets/GeoData/Data/ns/NS47.asc
ncols 200
nrows 200
xllcorner 240000
yllcorner 670000
cellsize 50
[rows 36 to 71 of 200, columns 0 to 80 of 200]
39.4 48.4 56.5 59.3 62.8 68.1 71 77.2 80.3 83.9 86.7 87.1 88 88.7 91.5 96.4 104.3 104.4 102 99.7 96.5 93.6 98.5 104.9 109.5 111 107.8 90 67.8 88.6 122.2 132.8 142.8 154.4 162.8 169 174.9 177.8 181.6 186.4 187.7 186.4 187.3 188.2 187.6 187.4 189.1 188.5 187 185.4 184.1 183.6 183.4 179.7 185.1 198.4 210.5 224.8 237.3 248.3 256.7 261.4 266.3 271 273.3 275.3 276 279.4 282.6 285.4 288.6 291.1 292.8 294.8 296.3 297.3 298.9 311.8 321.3 322 320.9
43.1 48.3 54 58.5 62.2 65.3 67.7 71.3 77.2 80.7 83.1 84.3 83.9 84.4 86 89.8 95.9 96.6 98.1 96.9 93.9 89.1 94.3 103.5 106.5 105.2 99.7 75 87.6 113.5 128.7 138.9 147.7 160.2 169.8 177 180.4 181.2 182.8 185 187.9 187.8 187.5 188.3 187.7 186.7 185.6 181.3 178.5 175.9 174.6 172.2 165.9 175.4 188.2 200.6 214.8 228.7 238.6 246.5 252.8 259.3 267.5 269.4 271.2 274.4 277.9 280 283 286.4 289.3 291.9 293.9 295.2 296.5 298.1 298.9 301.2 310.2 316.8 316.5
42.4 47.9 50.9 54.6 59.9 63.6 67.6 69.7 72 76.2 78.2 80.3 80.3 80.3 80.9 84.4 89.2 92.5 96.7 95.4 91.3 84.1 92.5 98.4 99.8 98.2 91.9 66.1 93.3 120 131.3 141.8 153.4 166 173.2 178.1 181 183.1 182 182.9 184.7 185.3 184.3 186 185.5 181.3 176.2 172.3 168.3 164.8 161.4 147 160.5 176.7 179.7 199 211.4 223.2 233.9 244.4 253.5 260.2 265 269.2 271.8 274.8 278.1 281.3 284.2 287.2 289.5 292.2 294.2 295.4 296.7 298.6 302.7 304.3 307.6 310.5 311.8
40.7 46.2 50.6 52 54.7 60 63.9 68.6 68.3 69.5 72.9 75.2 76.8 76.4 76.1 79.4 83.6 87.7 92.2 93.4 90.1 79.2 87.3 89.1 90.8 92.1 70.6 69.5 98.8 124.4 136.4 146.5 159 168 172.5 176.2 179.2 181.4 181.3 181.5 181.5 179.7 180.1 180.8 180.4 173.1 168.5 161.9 157.3 151.8 144.3 150.8 170.2 180.9 192.5 205.7 221.7 229.6 237.3 244.4 250.1 259 263.4 266.6 270.3 274 277.5 282.4 286.5 289.5 291.2 292.8 294.3 297.8 300.7 303.3 305 306.8 308.4 308.9 308.9
37.8 42.9 47.3 50.3 52.5 54.5 59 62.9 67.2 66.2 65.9 69.3 71.8 72.4 73 74.4 78.5 81.5 86.2 89.1 88 78.7 76.3 78.1 75.5 69.2 62.2 87.9 112 128.5 140.6 151.5 161.5 167.7 170.6 173.2 178.2 180 179.6 178.2 178.6 177.1 174.6 174.4 172.7 166.9 159.2 154.5 147.1 137.1 156.2 167.5 171.1 183.5 200.6 214.7 223.5 230.9 238.9 247.4 256.2 262.4 266.9 268.8 271.1 274.1 278.4 283 287.1 290.9 292.6 293.9 300.9 303 304.8 305.4 305.8 306 304.1 307 308.3
34.3 38.9 43.3 46.9 49.8 53.4 55.7 57.6 60.9 63.3 64.1 62.1 66.1 68.4 70.3 70.9 72.2 75.2 78.8 83.1 81.4 68 56 56.3 58.8 59.2 73.1 103.8 119.7 131.3 144.7 155.5 161.6 165.2 167.7 169.7 174.2 177.9 176.2 173.8 173.7 174.8 171.9 169.6 166.3 158.2 152.3 148.6 136.7 143.8 159.7 168.9 178 190.2 203.5 219.1 227.5 234.4 240.6 247.5 253.5 260.1 266.3 271 273.3 275.9 278.1 281.3 286 289.6 292.6 298.5 300.3 302.4 304 304.8 303.9 300.6 303.9 310.3 313.1
30.9 34.5 39.1 42.7 46.6 50.7 54.5 56.1 56.1 57.7 60.3 61.2 55 60.2 62.2 56.5 55.4 54.6 67.2 70.6 62.8 53.3 61.6 83.4 82.6 73.8 92.5 108.6 126.1 138.6 148 154.2 159.4 162.5 165.2 166.5 168.7 172.3 174.1 171 168.5 169.7 168.7 164.7 159.5 151.8 147 134 142.7 153.8 164 170.6 184.2 200.1 215.9 221.6 228.4 235.7 241.5 245.3 250.5 256.8 262 267.5 271.2 272.4 274.7 279.8 284.8 290.8 294.1 297.4 300 301.5 300.9 298.6 297.4 302.3 307.9 310 317.2
28.1 31.7 35.8 38.6 43.5 48 51.4 53.6 54.5 53.6 53.8 46 40.9 43.6 43.4 43 52.1 48.9 50 49.8 53 56.8 72.3 88.9 98.1 104 106.8 119 133.6 142.3 147.5 152.8 155.8 159.7 161.8 163 164.4 166.1 167.6 167.2 164.7 162.5 162.8 159.7 153.8 147.5 141.6 130.9 147.5 158.1 169.7 174.8 182.6 204.2 221 227.6 231 236.3 239.4 242.6 249.3 253.4 255.9 261.4 265.9 271.5 274.4 280.6 286 289.3 292.1 295.2 296.7 296 294 296.8 298.9 305.1 307.9 311.4 316
26.8 29.4 33.3 34.8 39.4 45.4 47.6 49.3 50.9 49.1 44.6 35.2 54.9 45.9 52.2 64.1 71.2 74 67.5 64 69.1 79.3 84.1 92.4 98.5 106.2 116 128.7 137.2 142.4 147.1 150.9 153.7 156.2 158.1 159 159.9 160.7 161 163.1 162.2 158.2 157 154.3 148.2 143.1 128.4 140.5 151.9 163.1 174.3 184.3 197.5 212.3 221.5 228.2 233.6 237.2 238.6 240.8 247.8 250.2 255.8 261 264.9 269.6 272.7 276.9 280.2 284 286.7 288.5 289.8 291.2 287 295.4 297.5 303.9 307.3 310.2 313.5
25.7 27.7 30.2 32.2 36.3 40.4 44.8 45.5 37.3 35.9 34.8 38.8 57.1 59.3 60.7 67.1 71 73.3 75.7 77.9 83.8 84.2 90.3 97.9 103.7 113.6 124 129.5 136.5 140.8 146.4 148.5 150.6 152.7 153.8 153.8 154.7 155.4 156.7 158 159 157.8 151.2 148.5 145.2 134 123.3 148.5 155.9 163.7 175.5 188.2 207.3 220.5 224.8 226.6 232 235.2 237.1 240 244.7 247.9 252.6 257.5 259.2 262.9 266.6 269.3 272 274.6 277.1 279.3 281.3 284 281.4 289.3 292.1 298.4 304.6 307 309.7
25.4 27 28.1 29.7 33.2 37.2 41.2 39.7 26.8 29.2 37.3 48.8 55 59.6 60.4 62 67.5 70.2 73.1 79.9 88.6 93.6 96.7 102.9 114.1 120.1 125.7 129.7 134.7 138.7 142.8 146.4 147 148.8 149.5 150 149.5 150.6 152.3 153.8 155.9 155 149.7 137.2 132.8 121.1 139 154.4 161.9 170.9 182.2 196.3 214.1 221.8 226.2 229.5 230.4 232.8 235 237.2 239.5 242.3 247.8 250.4 252.5 253.2 255.4 252.7 255.2 257.9 256.7 263.4 267.1 267.1 276.9 280.5 285.6 288.7 292.6 296.2 299.5
24.6 25.8 25.6 28.1 29.1 32.5 36 27.4 24.6 40.1 43.4 45.7 49.6 55.4 60.4 60.4 62.5 67.1 73.5 81.3 89.7 95.9 99.5 106.8 114.9 120.3 124.5 128.8 133.1 135.9 138 142.6 144.2 143.5 146.2 146.2 146.3 146.3 147.9 150.8 153.1 148.4 142.2 129.1 118 135.3 148.7 158.1 165.9 175.7 187.6 205.1 216.3 222 225.5 228.8 232.5 234.2 235.8 235.7 233.6 238.3 241.5 243.4 243.2 241.4 231.8 225.8 227.9 225.9 237.4 235.6 243.1 244.3 250 254.2 258.6 265.5 274.5 278.3 283.6
23 23.7 22.2 22.2 23.4 21.5 20.6 27.7 35.9 40.6 42 42.6 45.7 51.1 56.4 57.2 62.9 72.9 78.2 82.9 88.8 95.6 100.2 107.5 114.4 119.9 124.1 127.6 130.9 134.2 136.2 137.3 139.6 139.7 141.9 143 143.1 143.4 143.7 146.7 149.9 143.3 133.4 118.6 134.3 144.1 151.1 161.4 170.7 178.2 191.3 207.6 214.4 219.8 223.7 225.7 229.7 232.7 233.5 231.8 228 230.6 232.8 234 231.1 206.1 209 220.9 231.3 234.4 240.4 242.7 246.6 254.2 253.9 256.8 261.5 253 261.1 264.9 267.7
19.6 19.4 12.8 19 17.8 22.4 32.6 35 38.3 39.5 41.1 41 43.9 48.9 53.1 57.1 66.2 74.3 77.8 82.4 88.2 93.2 99.1 105.5 112.4 118 121.8 124.7 127.8 131.3 134 135 134.8 134.1 137.4 139.5 140.7 140.7 141.2 141.9 143.5 137.6 122.3 126.6 140.1 146.1 155.7 165.2 174.7 182.7 195.4 205.3 211.3 216.5 220 222.6 225.7 227.3 226.5 224.8 220.6 223.8 223.4 223.2 216.5 210.2 217.8 225.2 230.1 238 244.5 248.8 256.2 257.5 260.8 261.5 268.6 263.9 255.8 256.7 257.4
16.1 17.8 15.6 25.4 29.5 30.1 34.3 36.6 37.1 38.2 39.5 40 43.8 51.9 53.2 56.9 65.7 72.1 77.2 80.8 86.7 91.9 97.6 104.2 110.2 115.3 119.9 123.6 125.1 126.8 129 130.6 128.8 130.5 136.6 139.1 137.7 137.4 138.2 138.4 137.9 130.3 114 129.8 138.3 144.1 157 166.8 176 189.3 198.2 203.7 208.5 212.3 215.6 218.3 220.8 219.4 217.8 215.9 208.5 214.1 212.8 214 203.8 209 214.9 224.1 233.4 245.6 247.5 254.2 262.5 268.6 269.2 272.7 277.8 273.8 272.7 272.7 272.8
13.2 16 13.7 27.3 30 31.8 33.4 34.2 32.8 36.1 37.6 40.5 45.3 53.1 56 56.8 63 70.9 76.7 79.2 83.1 90.9 95.7 102.1 107.6 111.7 117 122.9 123.5 124.3 124.1 125.2 123.9 127.7 133.6 137.3 135.2 135.6 135.3 135 132.5 120.1 118.2 134.2 138.4 147.6 160 171.2 179.3 194.1 199 202.1 205.4 207.4 210.2 212.9 212.5 210.9 209.6 207.5 199.9 201.4 191.1 188 193.4 211.5 223.3 234.6 243 247.3 254.5 261.2 267 278 287.6 291.2 286.2 285.9 285.7 284.3 281.4
10.1 14.1 16.3 24 24.3 25.3 26.7 31.9 36.2 37.7 39.9 44.3 51.5 52.7 55.9 56.9 61.9 69.8 77.1 79.7 82.2 86.5 94 99.5 105 109.9 114.9 119.8 123.4 122.3 121.6 120.4 119.9 125.4 129.4 131.5 131.8 134.7 132.4 130.4 125.6 108.2 115.9 136.8 141.2 151.1 161.8 173.1 187.4 194.4 198.1 200.3 201.3 202.4 204.6 206.1 204.3 202.6 201 192.7 181.1 177.7 184.3 201.4 217.4 234.2 243 251.1 251.5 251.3 255.7 268.9 279.2 284.1 286.1 284.7 290 291.7 297.3 292.3 288.7
12.4 13.4 15.9 16.7 18.9 24.4 29.8 34.3 39.3 43.3 44.3 48.1 53.4 54.5 54 55.1 63.2 69.2 75.1 80.9 82.5 85.2 90 96.1 102.3 106.6 111.2 116.2 119.5 120.9 119.7 118.4 117.1 120.2 123.9 125.2 132 131.1 127.1 121.4 113.1 112.1 130.6 136.4 142.2 152.5 163.2 178.8 189.2 193.7 196 197.3 197.7 197.5 198.4 198 196.1 192.3 184.4 168.1 182.4 197.6 207.5 217.5 230.6 239.8 256.3 259.6 257.8 259.7 266.8 275.6 284.6 288.6 288.4 294 299.3 305.4 306.8 298.7 298.6
9.8 13.1 16.2 20.2 22.3 25.2 30.1 34.5 42.7 48.9 50.7 51.5 54.2 55.5 55.5 58.3 63.7 70.5 74 77.8 81.4 83.9 88.9 93 98.6 103.7 107.9 112.7 115.5 115.8 115.9 115.4 114.2 114 115.6 122.7 126.7 126.1 122.6 114.6 104.7 126.2 131.4 137.9 147.3 156.5 170.8 181.9 188.8 192.2 194.4 193.6 192 191.3 190.4 188.3 183.9 178 169.6 191.2 200.6 209.7 211.8 215.5 230.6 249 259.4 264.2 263.3 274.2 274.2 282.5 283.9 293.7 301.1 312.7 320.8 329.7 335 331.4 319.8
11.3 10.9 16.9 19.5 22.1 27.2 32.3 36.5 42.4 50.5 52.4 51.4 53.2 53.6 55 56.4 64.7 67.2 73.2 76.7 79.5 82.9 85.6 90.3 94.6 99.8 104.7 108.9 110.6 110.7 110.8 110.8 110.9 110.4 112.4 115.8 121.3 122.6 121.1 109.1 111.4 126.5 129.8 141.9 151.4 161.5 174.1 182.8 187.3 189.8 190.1 187.3 184.4 183.7 181.7 178.6 171.5 162.4 172.1 190.3 206.7 208 211.5 217.9 229.9 250.9 264.5 264.1 268.9 278.3 280.5 288.3 301.6 320.4 325.3 337.3 338.7 338 337.6 336.4 328.1
10.3 10.1 15.2 18.9 21.9 26.3 31.9 37.2 40.7 45 49.7 50 52.5 54.1 53.5 54.8 62.1 67.7 71.1 74.8 77.2 80.4 83.3 86.8 91.2 95.8 100.5 104.8 105.9 106 106.2 106.8 107.4 108.5 109.7 111.8 116.7 121 119.4 102.4 110.4 122.2 134.1 145.3 153.8 166 175.6 182.7 188.3 186.1 183.7 180.6 177.3 175.5 172.3 169.5 163.4 158.1 175.9 189.1 202.5 209.2 214.4 221.6 228.3 242.7 253.4 262.6 273.7 291.7 307.9 325.6 337.8 340.9 345.1 346.4 345.3 339.8 335.9 334.8 331.6
10.1 10.4 13.2 19.4 21.9 24.7 29.8 34.7 39.9 41.4 44.5 44.3 47.5 52 51.3 52.3 61.3 67.3 71.5 73.1 75 78.6 81.5 84.3 87.9 91.2 95.9 102 102.4 103 103.6 104.3 105.2 106.4 107.6 109.4 113.3 118.1 117.9 102.2 107.3 122.5 135.2 147 156.6 165.1 173.3 181.8 187.1 184.3 178.4 174 170.2 167.5 165 160.7 156.3 164.8 173.6 182.5 197.2 206.6 213.2 222 231.3 243.6 251 249.4 279.4 311.9 327.4 339.9 339.1 341.2 343 342.9 340.6 339.1 337.9 333.6 330.2
10.8 10 11.7 19.4 22.1 26 28.1 31.1 36.3 39.6 39.6 40 43.6 46.1 50.1 50.9 50.9 64.2 70 72.1 72.3 73.9 79.5 81.8 84.8 87.2 91.3 95.7 98.4 100 101.1 101.7 103.2 103.8 105.6 107.3 110.5 115.1 115.1 96.4 109.3 122.9 137.1 150.2 159.5 167 174.2 180.8 184.5 181.6 175.3 168.9 163.3 159.5 157.2 150.6 157.9 168.6 175.9 184 193.7 202.6 206.3 218.3 233.4 245.3 247.8 249.4 278 321.4 335.6 339 339.4 342 343.9 343.3 338.2 337.1 335.1 333.8 329.3
10.4 10 10.1 14.1 22.5 25.8 27 29.2 31.7 34 36.6 44.5 52.1 47.5 48.7 50.4 51 51.9 68.1 70.9 71.2 71.4 73.4 78.4 81.7 84.4 87.6 90.7 93.7 95.9 97.5 100 101.1 101.7 103.6 105.3 107.9 112.3 108.8 96.9 110 121.5 138.5 150.7 158.7 167 173.5 177.7 178.8 177.8 172.1 166 159.4 150.2 146.2 154.9 164.3 172.3 180.4 188.1 195.3 197.8 202.6 223.9 234.7 241.6 245.9 262.2 283.3 325.2 333.9 335.3 340.8 343.2 341.1 339.5 337.9 338.2 340 333.6 339.7
10.6 10.2 11.2 12.9 15.4 22.9 25.1 27.1 29.8 30 37.2 47.5 54.8 53.4 46.7 48 52.5 53.2 59 65.3 68.3 68.7 69.2 71.7 77.5 81.1 83.9 86.4 89.7 93.6 97.4 99.7 99.8 97.8 99 100.8 107.1 108.8 96.3 97 110.9 129.8 144.7 151.3 157.4 163 169.8 173.9 173.6 172 168 162.2 154.4 147.4 158.1 162.8 168.4 175.1 179.7 189 194.5 191.2 202.9 222.7 234.4 243.5 261.3 284.9 321 332.3 333.1 338.5 341 338 336.8 334.9 336.2 337.9 341.6 342.5 338.8
10.3 10.3 10 11.3 10.9 14.4 20.6 24.9 26.9 30.4 38.5 46.4 53.3 55.4 52.4 47.9 50.2 53.1 55.8 59.3 62.6 65.8 66.8 67.7 70.7 76.5 79 84 89.3 94.7 99.3 99.9 98.7 95.8 97 99 102.4 99.3 93.4 108.9 121.5 134.6 142.3 148.9 154.7 160 164.9 169.4 169.7 166.4 162.6 155.5 143.5 155.2 161.7 165.4 171.2 172.9 176.3 183.3 189.9 196.1 206.1 223.2 238.4 247.2 274.9 315.2 327.9 330.7 333.1 336.9 334.3 333.4 333.6 332.3 334.7 335 339.1 341.5 340.4
10.3 9.5 11.4 11 10.7 12.4 15.9 20 25.6 30.2 37.5 46.1 51.1 53.3 52.3 52.6 50.6 54.2 54.6 54.9 57.5 61.1 63.2 64.3 66.1 68.5 76.8 82.3 88.8 95.3 101 101.1 97.9 95.3 90.3 96.3 96 90.3 102.8 115.3 124.1 132.5 138.6 145 151.5 156.7 160.9 164.7 165.3 163.8 159 142.2 148.1 155.9 161 164.5 169.7 171.6 175.2 179.4 188.3 199.7 212.8 227.1 237.4 241.9 273.4 315 325.1 329.4 332.6 330.8 328.5 327.8 328.7 329.4 329.2 336.6 339.7 338.3 337.7
9.2 9.1 10.7 10.6 11 11.3 13.1 18.1 24.9 30 35.2 42.2 49.8 51.7 52.1 52.6 51 50.8 48.7 54 53.1 55.9 58.7 60.2 60 64.2 70.5 78.1 85.7 92.7 99.5 102.6 100.1 95 89.2 93.1 87.6 94.9 110.1 114.9 122.5 128.5 134.3 139 146.2 151.7 155.5 159.4 161.1 160.3 156 137.4 148.3 155.8 160.3 163.5 165.8 172.9 175 179.5 186.7 200.2 216.1 236.7 243.6 236.8 266.6 317.8 326.4 332 333.6 335.3 329.9 325.1 323.9 325.2 333.5 335.8 336.2 337.6 335.2
8.8 9.2 10.3 10.3 11.6 11.4 11.8 15.4 24 30 33.1 40.1 46.3 50.5 49.8 49.8 50.2 48.8 47.6 47.4 48 49.7 50.3 55.8 56.1 59.9 64.5 72 80.5 88.4 95.5 99.6 100.1 95.2 85 84.2 93.1 102.3 107.5 113 118.5 124.7 129.6 134.6 140.8 145.3 148.5 153.2 156.5 156.4 146.1 137 149.2 156 159.2 159.6 162.4 168.7 174 182.9 190.9 204.7 217.1 242 235.8 237.8 264.3 317.8 330.9 331.2 330.5 328.8 326.6 322.5 324.2 325.5 329.9 334.9 335.2 332.3 330.6
7.1 8.7 9.8 10.3 10.8 11 10.8 12 21.4 26 32.7 35.8 43.6 47.9 49 47.5 47.1 44.8 44 44.5 46.4 44 47.4 53.4 52.8 55 61.7 68.4 76.9 85.3 91.7 95.6 96.8 91 82.6 90.9 97.2 101.4 105.5 110.6 114.6 119.4 125 129 133.5 137.1 141.6 146.7 150.6 151.6 140 138.3 146.3 152.6 154.4 156.4 161.7 164.5 172.1 183.4 193.3 207.8 226.8 236.6 233.6 249.9 286.8 318.5 328 326.8 324.1 321.8 320.1 319.2 322.8 324.8 325.6 329.8 331.1 328.4 325
6.8 8.8 9.3 9.7 9.9 10.8 10.8 11.4 17.2 24.6 28.7 31.3 36 43.2 47 45.6 43.2 40.2 40.2 41.1 40.3 40.9 45.1 49 42.1 54 56.9 65.5 76.5 84.3 89.5 92.2 93.5 84.5 81.3 93.5 96.8 99.7 103.1 107.3 111.1 114.3 119.1 124.1 127.6 131.7 136.1 141.9 146.5 148.3 137.7 130.6 144.9 148.7 150.3 155.8 159.6 165.1 170.1 184.2 194.7 211.8 218.1 220 242.7 275.7 302.2 315.4 323.1 320.3 316.5 315.1 315.8 317.3 318.8 320.3 321.4 324.1 324.6 322.7 318.5
5.5 7 6.7 7 8.7 10.6 11.3 10.9 12.1 21.3 26.2 29.2 32.4 35.6 41.6 42.9 41.6 38.2 37 35.4 35.9 37 40.7 43.7 47.6 51.5 55.5 64.2 73.6 82.5 86.9 92.4 89.9 77.7 81.4 92.1 93.3 96.2 100 104.1 108.4 112.3 114.8 116.7 122.3 131.5 128.6 139.1 144.7 144.1 130 135.6 142.1 146.1 148 156.4 161.8 166.1 173.3 182.4 194.6 210.9 210.1 221.6 265.8 294.7 302.6 311.4 316.9 312.9 310 310.7 311.4 310.8 312.7 314.7 315.5 315.9 316.6 314.9 311.8
5.4 5.3 5.4 7.3 7 7.5 10.8 12.2 13.5 16.4 23 29 31.1 32.8 35.4 38.5 39.7 36 31.5 31.3 29.8 33 36.8 36.2 44.1 49.1 55.6 61.7 72.2 80.7 84.9 91.3 89.1 82.8 82.4 89 90.1 92.5 97.1 100.6 104.9 109.1 112.2 122.2 129.3 127.7 127.7 133.3 141.1 141.6 127.4 131.1 139.3 145 147.7 159.8 163.5 167.5 174.4 184.9 196.2 213.3 208.6 227.8 290.4 293.2 298.7 303.6 308.1 306 307.5 308.3 309.4 308.6 307.5 307.2 309.2 309.5 308.4 307 303.9
4.5 5.4 6.1 6.3 7.6 8.4 8.2 11.2 13.4 17.7 20.3 27 30 31.2 33.2 35.7 36.8 33.9 30.7 28 28.1 28.3 31.4 36.3 39.3 46 55.1 63.5 70.3 77.1 83.3 83.5 84 83.3 76.5 83.6 85.2 87.6 93.3 97.9 101.4 104.4 115.1 120.6 126.5 132.6 130 129.1 134 135.7 122.3 124.4 135 141.3 147.3 161.1 161.9 166.3 171.9 188.1 205.8 210.7 213.4 244.7 289.6 291 290.5 301.9 301.9 301.7 305.7 309.5 311.8 310.5 309 305.1 301.4 303 300.8 299 296
5.8 4.6 5.6 5.7 6.5 7.6 9.3 9.9 12.3 14.3 20.3 24.6 33 33.3 33.2 34.4 35.9 32.6 29.2 26.2 26.5 25.5 27.2 31.6 39 44 53.1 62.1 68.8 75.1 80.1 82.8 80.9 78.8 75.1 80.2 81.3 83.3 87.1 94.4 99.7 105 112.7 118.4 123.5 129.4 135.8 130.8 128.4 128 117.1 122.8 131.3 138.5 146.5 159.9 164.2 166.2 171.6 182.3 194.2 213.6 221.7 257.8 283 285.8 285.9 289.8 296.2 304.1 312.2 313.9 314.4 314.3 310.1 306.6 300.1 300.8 294.4 293.2 293.1
4.1 4.3 6 5.7 6.6 7.7 9.4 9.3 10.1 13.2 15.1 19.6 30.1 35 35.9 35.5 35.4 32.1 28.6 26.3 23.7 23.8 24.9 28.8 34.9 42.5 49.2 57.7 65.7 69.5 75.8 78.8 78.4 73.5 73.2 77.4 76.9 74.5 85.7 93.9 98.7 101.4 106.7 113.3 118.6 124.1 132.6 133.9 128.4 116.7 118 126.4 129.8 135.9 144.8 154.3 160.9 163.3 169.5 181.9 188.3 214.1 232.6 270.7 274.3 287.4 292 294.5 296.8 305.5 312.4 311.9 312.5 310.6 308.7 308.3 299.8 299.5 291.7 289.4 288.3
