Assets/StreamingAssets/GeoData/Data/ns/NS59.asc
ncols 200
nrows 200
xllcorner 250000
yllcorner 690000
cellsize 50
[rows 0 to 37 of 200, columns 86 to 171 of 200]
48.2 48.1 48.2 48.7 49.6 50.3 50.3 50.3 50.3 49.6 50.2 48.4 48.3 47.7 48.1 46.9 46.1 44.9 45.5 45.2 46.8 47.6 44.8 40.5 36.5 34 30.9 27.8 26.5 26.2 25.4 24.4 23 21.1 22.4 23.3 23.6 24.4 24.1 22.6 22.4 22.1 21.9 21.5 20 17 16.2 16.2 16.2 16.2 16.2 16.2 16.2 16.2 16.2 16.2 16.2 16.2 16.2 16.2 16.2 16.2 16.2 16.2 16.2 16.2 19.1 17 16.2 16.2 16.2 16.2 16.2 16.2 16.2 16.2 16.2 16.2 16.2 16.2 16.2 16.2 16.2 16.2 16.2 16.2
47.8 47.8 48 48.4 48.8 49.6 49.6 49.6 49.8 49.7 49.4 49.5 47.7 46.8 46 45.7 46.3 44.7 44.2 44.9 47.5 43.7 38.7 37.2 34.6 33 28.8 26.3 25.5 25.6 25.4 24.9 22.3 21 22.2 22.6 22.9 24.3 22.9 22.7 22.3 21.9 21.3 21.3 20.7 20.3 17.6 16.2 16.2 16.2 16.2 16.2 16.2 16.2 16.2 16.2 16.2 16.2 16.2 16.2 16.2 16.2 16.2 16.2 16.2 16.2 18.7 17.1 16.2 16.2 16.2 16.2 16.2 16.2 16.2 16.2 16.2 16.2 16.2 16.2 16.2 16.2 16.2 16.2 16.2 16.2
47.9 47.9 48.3 48.4 48.5 48.6 48.9 48.2 47.7 48 47.4 47.1 46.7 45 44.6 43.9 44 44.6 41.2 46.2 41.1 37.7 35 32.6 30.9 29.6 28.2 26 25.1 25.2 25.1 24.9 23.6 20.7 21.4 21.8 22.5 22.2 22.6 22 21.8 21.2 21.4 21.1 20.4 20.3 20 19.3 19.2 18.4 18.1 18.8 19.2 17.3 16.2 16.2 16.2 16.2 16.2 16.2 16.2 16.2 16.2 16.2 16.7 18.3 20.1 18.4 16.3 16.2 16.2 16.2 16.2 16.2 16.2 16.2 16.2 16.2 16.2 16.2 16.2 16.2 16.2 16.2 16.2 16.2
47.5 48 48.6 48.7 48.8 48.9 47.7 46.6 47.4 47.2 45.2 45.1 43.6 43.8 42.7 42.8 41.7 42.2 39.1 40.1 36.4 34 31.5 28.6 27.2 25.8 24.9 25.3 25.3 25 24.8 24.7 24.4 22.3 20.5 21.1 21 21.6 21.2 20 19.2 20.5 21.5 20.8 20.3 20.2 20 19.6 19.1 18.5 19.3 19.5 19.5 19.4 19.4 18.7 18.1 17.3 17.3 16.2 16.2 16.5 17.1 18.4 19.4 20.2 21.1 20.3 17.5 16.2 16.2 16.2 16.2 16.2 16.2 16.2 16.2 16.2 16.2 16.2 16.2 16.2 16.2 16.2 16.2 16.2
47.7 48.5 48.8 49.1 49.1 47.9 46.5 44.9 45 44 43.8 43.3 42.6 42.3 42.5 41.7 40.7 40.8 39.7 31.5 30.8 29.7 27.2 26 25.3 24 24.1 24.4 23.6 24.4 24.4 24.3 24.3 23.6 22.5 20.5 19.5 19.5 18.2 18.2 17.9 21.1 20.8 20.7 20.3 20.1 20 19.5 18.9 19.7 19.8 19.7 19.7 19.6 19.5 18.9 18.5 17.5 18.1 18.1 18.7 18.3 19 21.2 20.5 19 18.5 19 18.5 16.5 16.2 16.2 16.2 16.2 16.2 16.2 16.2 16.2 16.2 16.2 16.2 16.2 16.2 16.2 16.2 16.2
47.9 48.7 49.2 49.4 48.3 47.9 47.1 45.8 44.7 42.9 42 41.3 41.2 40.7 40 40.6 40.2 38.7 32.7 30.2 28 27.7 25.6 24.6 23.9 23.4 23.5 23.6 22.7 22.5 24 24 23.9 22.7 20.9 18.9 18.5 18.1 18 17.9 19.4 20.7 21.4 22.1 22.7 23.2 21.1 20.8 20.1 20 19.9 19.8 19.7 19.6 19.3 18.8 18.3 17.7 19 19.6 20.5 21.5 22.2 21.5 19.8 19 18.8 18.4 20.9 19.3 18.8 17.9 16.6 16.2 16.2 16.5 16.7 16.2 16.2 16.2 16.2 16.2 16.2 16.2 16.2 16.2
47.8 48.7 49.8 49.2 49.2 49.2 47.9 46.4 44.8 42.6 41.1 40.4 40.3 38.6 38.7 38.5 38.6 34.4 30.3 28.2 26.6 25.7 24.1 23.1 22.2 22.5 22.7 23.1 22.2 21.9 22.6 23.6 23.2 22.8 21.8 18.1 18.8 18.3 18 19.9 20.4 19.9 20.6 21.1 20.9 21.6 22.2 21.3 20.4 20 19.9 19.8 19.7 19.6 19.1 18.6 18.1 18 19.9 21.1 20.3 21.1 22.3 19.7 19.8 19.4 19.4 20.6 21.9 23.3 22.8 22.5 21.3 17.9 19.2 19.2 18.3 17 16.2 16.2 16.2 16.6 16.4 16.2 16.2 16.2
49 49.5 49.8 49.8 51 48.9 47.6 46.3 44.8 42.4 41.8 40.6 38.8 37.9 37 37.1 32.5 29 27.5 24.4 22.6 21.5 21.4 20.4 20.3 21.4 21.3 21.9 22.7 22.5 22.9 23.1 22.7 22.5 20.9 18.9 19.4 17.8 19.9 20.5 20.6 20.4 20 20 20.1 20.8 22 21.7 20.8 20 19.9 19.8 19.7 19.5 18.9 18.4 17.9 18.8 20 21 20.7 20.8 20.8 20.7 21 21.1 21.9 23.9 24.5 23.7 22.5 22.8 22.4 20.9 21.5 20.1 19.3 18.1 20 19.5 19.2 19 17.5 16.6 17.1 16.7
52.8 52.8 51.8 51.4 49.9 48.6 47.3 46 44.4 43.7 42.3 40.5 40.1 39.5 36.3 30.6 27.4 26 23.8 22.3 21.1 21 19.2 18.5 18.6 19.3 20.6 20.5 21.4 22.2 22.5 22.5 19.6 18.9 18.5 18.7 18.2 18.4 19.7 20 20.3 21.7 20.6 20.2 20.3 21.3 21.8 21.6 21.2 20.3 19.9 19.8 19.7 19.3 18.8 18.3 18 20.4 20.9 19.4 21.3 21.2 21.1 21.1 21.6 22.1 23 23.7 24.3 22.6 22 22 21.9 22.7 20.1 19.4 18.7 19.1 21.1 20 18.4 19 18.5 17.9 18.5 18.3
55 55.3 55.1 53.4 50.7 48.9 47.5 46.7 47.4 46.1 44.7 43.5 43.4 39.6 33.5 29 27.5 26 22.7 21.4 20.7 18.8 18.1 17.9 17.8 18.2 18.4 19.2 20.3 21.3 21.9 20.4 17.4 16 17.7 17.2 17.9 16.4 18.8 19.7 21.8 21.7 21.9 20.3 20.4 21.1 21.5 21.6 21.2 20.7 19.9 19.8 19.6 19.1 18.7 18.4 18.6 20.4 21.1 20.1 22 21.8 21.6 21.5 21.8 22.1 22.5 23 23.7 22.8 22.5 22.6 21.9 21.6 20.2 18.7 18.2 19.3 18.9 18.7 18.5 19.1 17.9 18 19.5 20.1
57.5 56.7 55.4 54 52 50.2 49.1 47.4 46.1 45.3 43.5 40.6 39 34.1 30 27.1 25.9 24.3 21.9 21 19.6 18.2 18 17.8 17.4 17.8 17.8 18.1 19.7 20.3 20.6 18.3 17.1 18.9 19.9 20.9 20.9 20.9 20.8 20.1 21.4 20.3 19.9 20.9 20.5 20.8 21.3 21.5 21.1 20.7 20.3 19.7 19.5 19.1 18.8 18.5 18.7 19.8 20.5 20.5 22.2 22.5 22.2 21.8 21.6 22 22.3 22.6 23.1 23 22.9 23.1 22 20.6 20.5 18.2 18.6 18.6 18.2 18.8 18.2 19.2 17.9 17.9 19.6 21
61.2 60 57.1 55.7 54.3 54 51 47.6 45.7 42.8 39.6 36.3 33.4 30.2 26.9 24 22.7 21.4 19.7 18.6 18 17.9 18.4 17.9 17.3 16.8 17.3 17.2 17 18.7 17.6 17 15.9 18.5 20.5 20.9 20.9 20.9 20.9 17.4 19.6 19.1 19.4 20 20.6 20.7 21.1 21.5 21 20.6 20.2 19.8 19.5 19.6 19.8 19.9 19.3 19.6 19.7 19.9 21.8 22.7 22.7 22.4 22 21.8 22.1 22.4 22.8 23.1 22.1 22.1 22.6 21.8 19.9 18.7 19.1 19.2 18.8 19.4 19.5 19.4 17.7 17.7 18.7 20.6
63.6 61.3 58.9 57.9 57.4 54.2 51.7 48.2 44.2 38.2 34.3 33.3 30.5 26.9 23.4 22.1 21.1 20.5 19.4 18.2 17.6 17.9 18.3 17.4 17.2 16.9 16.8 17 17 17.4 16.6 16.6 15.6 18.4 20.9 20.9 20.9 19.6 16.5 17 18 19 20.1 21.2 23.5 22 21.1 21.3 21 20.7 20.6 19.9 19.7 19.7 19.8 19.8 18.8 18.5 18.8 19.3 21.3 22.5 22.6 22.6 22.5 22.1 21.9 22.2 22.6 22.9 22.8 22.7 22.7 22.5 21.3 18.9 18.9 18.8 18.3 18.2 18.4 18.3 18.1 17.9 18 19.1
64.4 61.7 62 59.9 56.9 54 50.5 45.5 39.1 35.2 33.4 30.7 27.5 24 23.2 22.7 21.7 21 21.6 20.9 17.4 17.7 18.3 17.3 16.5 16.2 16.6 16.7 17 16.1 17.5 17 16.6 16.4 16.9 17.6 19.9 16.8 17 17.9 19.5 20.3 21 22.1 23.2 23.5 22.9 22.2 22.2 21.2 20.4 20 19.7 19.6 19.6 19.5 18.6 18.3 18.7 19.3 21.2 22.3 22.6 22.5 22.4 22.4 22.3 22 22.4 22.6 22.6 22.4 22.4 21.2 20.5 20.2 18.6 18.4 18.5 18.5 18.2 18.6 18.4 18.4 17.8 18.4
63 64.8 62.8 59.3 55 51.2 45.8 40.2 35.2 32.8 30 28 25.3 22.7 22.1 22.7 22.1 21.1 21.2 20.6 17.7 17.5 18.2 17.4 16.4 15.6 16.6 16.1 15.9 16.4 18.1 18.4 18.2 18.8 20.9 20.6 18.3 18.1 18.1 18.9 20.9 24.9 25.2 24.5 24.1 24.5 23.9 23.2 21.9 21 20.5 20.1 19.7 19.7 19.6 19.1 18.2 18.7 19.1 19.5 20.9 22.9 22.4 22.4 22.4 22.3 22.2 22.2 22.1 22.3 22.3 22.2 21.5 19.9 20.2 21.5 20 18.6 18.3 19 18 18.8 19 19 18.8 18.1
63.3 64.7 60.9 56.3 51.6 45.2 38.1 33.9 30.1 28.1 25.8 24.6 23.4 22 21.6 21.5 21.4 21 20.7 19.7 18.4 18.4 18 17.4 15.9 15.1 15 15.2 16.5 16.9 19.4 18.5 17.9 18.1 18.7 19 18.3 19 19.6 21.4 24.5 25.8 26.6 25.7 25.2 24.9 24.1 22.9 21.5 21.1 20.6 20.2 19.8 19.7 19.6 18.6 18.6 19.2 19.6 20.7 21.7 22.7 22.4 22.3 22.3 22.2 22.2 22.3 22.3 22 22.1 21.9 20.5 20.1 21.5 21.9 20.5 19.4 18.9 18.3 17.9 18.2 18.4 18.5 18.4 18.4
59.5 59.1 55.2 49.4 42.7 36.6 32.7 30 26 23.6 23 22.6 21.9 20.9 20.9 21.4 21.6 21.7 21.3 19.9 18.4 18.6 17.7 16.4 15.4 14.4 15.1 15.9 16.7 17.2 18.2 18 18 18.2 18.3 18.8 18.4 19.1 20.6 24.2 25.5 26.4 26.2 25.3 24.6 24.2 23.2 22.2 21.6 21.2 20.7 20.3 19.8 19.7 19.2 18.3 18.9 19.5 21.6 23.2 23.4 23.1 22.6 22.3 22.4 22.5 22.6 22.7 22.6 22.2 21.9 21.1 20.1 21.4 22 22.3 21 20.2 19.6 18.7 18.6 18.4 17.9 18 18.2 18.5
55.6 51.2 44.8 38.2 34 29.6 27 25 22.2 22.3 21.4 21.4 21.5 20.5 21.5 21.6 22.4 23.1 22.4 20.1 18.6 18.7 17.4 17 16.6 16 16.1 16.1 16.8 17.4 17.5 18 18.1 18.3 18.8 18.8 19.7 21 23.4 25 26 26.7 25.8 24.9 24.1 23.5 22.5 21.9 21.5 21.2 20.8 20.4 19.9 19.8 18.8 18.5 19.1 19.8 21.7 23.4 23 22.6 22.1 22.2 22.8 22.9 23 23 22.8 22.5 21.8 21 21.3 22.1 22.4 22.7 21.5 20.9 20.2 19.1 18.1 19.3 18.6 18 18.3 18.5
49.9 43.5 36.5 28.8 26.2 25.3 22.3 19.8 19.2 21.1 20.7 20.3 20.4 20.8 22 22 22 23 22.6 20.8 18.7 16.6 16.1 16.3 16.3 16.1 16.3 16.3 17.5 17.5 17.7 19.3 19.6 19.6 19.5 20.3 22.5 23.1 24.7 25.8 27 26.8 25.8 24.6 23.6 23.1 22.8 21.7 21.2 20.9 20.6 20.3 20 19.3 18.5 18.7 18.8 19.4 21.4 22.6 22.4 22 22.7 23.4 23.2 23.2 23.3 23.3 23 22.4 21.7 22 22.2 22.5 22.8 23.1 22.2 21.6 20.6 19.5 18.5 19.1 18.8 17.9 18.3 18.6
42.8 34.1 25.8 22.2 21.7 20.4 18 18 17.3 17.4 18.6 20.4 20.7 20.4 22.3 22.9 22.7 20.9 19.7 17.9 16.7 16.3 14.9 15.1 15.3 16.1 17.1 16.9 18 18.6 18.4 18.7 19.6 19.7 20.2 21.2 23 26.4 27.4 28.8 27.5 27.4 26.1 25.2 24.4 23.6 22.5 21.4 20.9 20.6 20.3 20 19.6 18.9 18.3 18.2 18.2 18.2 18.5 20.5 21.7 22 23.4 22.7 23.1 22.5 22.8 23.6 23.1 22.5 22 22.1 22 22.6 23.2 23.5 23 22 20.9 19.9 19 18.1 18.1 17.9 18.2 19.1
30.6 23.5 19.4 18.3 17.2 17.3 16.4 16.2 15.9 17.3 18.4 19 20.8 20.8 21.4 22 22 19.2 18.2 16.6 15.7 14.9 14.6 15.8 16.7 16.8 18.1 19.3 20.5 18.4 19.2 19.7 20.2 20.9 21.6 23 24.7 26.7 29 29.5 28.7 27.6 25.9 24.6 23.3 22.4 22.2 21.1 20.6 20.3 20 19.6 19 18.5 18.4 18.4 18.3 18.2 18.1 18.3 20.8 22.3 23.6 23.7 23.3 23.1 22.3 23 23.7 23.3 22.6 22.4 22 21.7 22.5 23.5 23.5 22.5 21.5 20.5 19 18.2 18 18 19.2 20.5
21 19 18.5 17.6 16.7 15.7 15.2 15 16 17.3 18.6 18.2 18.7 20.6 21.9 21.5 18.4 16.6 17 15.4 14.9 14.7 15.6 17 18.4 19.8 19.2 21.1 20.3 20.2 21.8 22.7 23.4 22.9 25.7 26.6 27.7 29.3 29.4 29.5 28.1 26.6 25.1 23.7 22.6 22 21.3 20.7 20.3 20 19.6 19 18.8 18.6 18.5 18.7 18.6 18.4 18.3 18.3 18.9 21.7 23.1 23.2 22.5 22.3 23 23.3 23.4 24.2 23.6 23.6 23.5 23.4 22.9 24.4 24.4 23.2 22.1 20.6 19 18.2 18.3 18.3 19.3 20.4
18.3 17.9 17.9 17.2 16.4 15.3 15.1 15.4 16.4 17.4 18.6 17.7 18 18.5 18.2 16.3 16.2 16.3 14.8 14.7 15.9 16.4 17.9 19.9 20.4 23.4 24 22.7 22.1 20.9 23 24.1 25.6 26.9 28.7 30.7 31.1 31.2 30 29.4 27.8 25.6 24.4 23.3 22.5 21.9 21.3 20.7 20.2 19.7 19.3 19.1 18.9 18.7 18.6 18.7 18.8 18.7 18.6 18.7 19.5 21.6 22.2 22.3 23.2 24.2 25.5 25.9 24.8 25.1 24.7 24.8 25.7 26.4 25.8 24 22.8 21.6 21.4 20.3 18.8 18.7 18.7 19 19.2 20.1
17.3 16.9 16.9 16.8 16 14.5 15.5 15.9 17 18 18.8 17.3 18.4 17.8 15.6 15.4 14.6 14.1 14.8 15.8 15.8 18.5 19.9 21.9 22.7 25.9 24.9 24 22.7 22 24.8 26.4 26.3 27.2 28.7 30.4 31.6 31.2 30.7 27.9 26.4 25.4 24.4 23.5 22.9 22.2 21.6 21.1 20.7 20.2 19.5 19.2 19 18.8 18.7 18.8 19.1 19 18.9 19 20.5 21.2 22.2 23.4 25.2 26.6 26.8 28.8 27.1 26 25.7 28.1 28.2 27.8 24.9 22.4 21.8 20.4 20.6 20.1 19 18.8 20.1 19.6 19.4 19.9
16.4 16.1 15.8 15.8 15.6 14.7 15.8 16.5 17.5 18.4 18 16.4 15.9 15.8 14.9 14.6 13.9 14.5 15.2 15.9 16.1 17.5 18.9 21 24 27.1 25.7 24.6 23 24.2 25.8 27.4 28.1 28.1 28.9 29.4 29.3 29.3 28.9 27.1 26.4 25.5 24.7 24 23.4 22.7 22.3 21.8 21.2 20.3 19.8 19.4 19.1 19 18.8 18.9 19.1 19.2 19.2 19.4 21.2 22.2 23.4 24.6 27.1 29.9 31.2 31.5 30.2 29.2 28.7 28.1 28.4 27.4 24.8 22.6 21.8 20.8 20.5 19.7 19.2 18.9 18.9 19.3 20.1 20.2
16.3 15.9 15.8 15.6 15.3 15.1 16 16.4 16.8 17.2 17.9 17.1 16.6 15.3 14 14.5 14.8 15.1 15.7 16.6 17.5 17.4 19.1 20.1 23.3 24.1 25.4 25.8 24.6 24.2 26.9 29.3 29.2 29.3 28.8 29 28.9 27.9 27.3 27.1 27.1 26.2 25.9 25 24.2 23.6 23.2 22.3 21.4 20.5 20.1 19.7 19.4 19.1 18.9 18.9 19.2 19.4 19.4 19.7 21.1 22.8 25 28.2 31.7 32.1 33.1 32.1 30.8 30 29.4 28.9 27.8 26.4 24.6 22.6 22.2 21.7 21.9 22.2 21.8 21.4 22.1 22.6 22.9 22.2
15.8 15.8 15.6 14.8 14.9 15.7 15.9 16.1 16.2 16.1 17.5 15.6 15.4 15.2 14.4 14.9 15.1 15.3 16.7 18.3 19.5 20.4 21.2 21.2 21.4 21.4 22.3 24.3 25 26.5 28.3 30 29.7 29.1 28 28.5 29 28.6 27.4 27.5 27.6 27.3 27 26.2 25.2 24.4 23.6 22.6 21.7 20.8 20.4 20 19.7 19.3 19 19 19.3 19.5 20 22.1 24.7 29.2 33 35.3 36.5 35.1 34.3 33.2 32.1 31.9 30.3 29 27.8 26 27.4 27.7 27.6 26.8 24.7 24.4 24.3 24.1 24.1 25.5 25.5 24.4
15.1 15.5 15.4 14.2 15 15.4 15.5 15.8 16 16.7 16.6 15.6 13.9 14.7 14.7 14.9 15.1 16.3 17.6 19.3 20.9 21.9 22.9 22.7 23.1 22.9 24.9 26.2 27.8 29.3 30.8 29.7 28.9 27.6 27.3 27.8 28.4 28.9 29.7 30.5 32 31.5 31 28.8 27.7 26 25 24.1 22.9 21.8 20.8 20.4 20 19.7 19.3 19.5 20.7 22.4 24 27.5 32.6 36.7 38.9 39.3 38.8 37.7 37.4 36.3 34.8 33.8 31.8 29.4 27.9 30 32.1 32.9 33 31.4 26.1 25.7 25.4 25.3 26 26.8 27.6 27.3
14.4 15.2 15.2 14.2 14.7 15.2 15.3 15.4 15.6 16.6 16.1 15.1 13.8 14.8 15 15.1 16.1 17.2 18.6 20.3 21.5 22.5 23.1 23.8 23.5 25.1 27.8 27.9 29.7 31.1 31 30.3 30.2 27.2 26.2 26.6 27.1 28.5 32.9 33.6 33.6 32.3 31.1 29.4 29.3 27.7 26.6 25.2 23.8 23 22.7 21.2 20.5 20.1 19.7 22.8 26.7 27.7 29.2 35.5 38.4 41.1 41.9 39.8 39.6 39.7 39.9 38.6 37.7 35.1 33.4 32.3 32.2 33.2 33.7 37.1 37.2 35.4 30.1 27.3 27.6 26.2 25.4 25.2 28.2 28.8
14.6 14.5 14.4 14.5 14.4 14.8 15 15.1 15.6 14.4 15.2 13.3 15.6 16.2 15.8 16.1 18.7 18.8 19.2 20.1 21 22.9 23.4 24.3 25.7 26.3 27.9 29 30.3 30.8 31 30.9 29.4 26.5 26 26 26.9 30.3 33.6 33.6 33.6 32.8 30.1 27.9 27 26.8 27.6 26.2 24.8 24.1 24 23.2 21.7 20.8 20.9 25.6 30.7 32.7 33.3 38.1 40.7 42.3 41.5 41.3 41.5 41.4 42.1 41.4 39.5 35.7 34.9 35.2 34.1 36.3 38.6 40.8 40.5 38.6 34.1 30.1 30.9 30.2 29.4 29.2 30.1 31.2
14.8 14.6 14.5 14.6 14.2 14.3 15.2 15.8 16.1 14.1 13.6 14.9 16.3 17.1 17.6 17.9 18.4 19 19.5 20.2 21.8 23 23.7 24.5 26.2 27 28 28.9 30.1 30.6 30.3 30.3 29.1 25.9 25.7 26.6 27.5 28.3 30.8 31.2 31.6 30.5 28.9 27.3 26.7 26.3 26.9 27.1 25.7 25.3 25.3 24.7 23.3 22.4 21.9 26.5 31.6 34.8 36 39.5 40.3 41.9 42.9 42.4 42.5 42.9 42.5 40.2 38.9 37.3 37.3 38 37 40.5 40.3 40 40.3 39 35.9 35.3 35 34.1 33.4 35.2 35.3 36
14.8 14.6 14.6 14.6 14.6 14.7 15 15.4 14.9 13.9 14.8 15.5 16.3 16.3 18.2 18.2 19.6 20.8 20.9 21 20.3 21.4 22.1 22.6 24.2 25.1 25.7 26.8 27.4 28.1 28.7 29 27.5 25.1 25.2 26 25.9 25.7 26.2 27.4 27.8 27.4 25.5 25.4 26 26.7 27.3 27.9 28.3 27.3 26.8 25.8 24.5 23.9 24.2 27.1 30.1 34 37.7 39 41.2 42.9 43.2 42.6 42.5 42.5 42 40.1 40.4 39 39 38.8 40 42.2 40.6 38.7 39.1 38.6 37.9 38.4 37.7 36.8 38.1 39.7 40.6 40.2
14.8 14.7 14.7 14.7 14.7 14.7 14.5 14.8 12.9 14.5 15.2 15.9 16.6 17.3 19.2 22.4 22.4 20.7 22 21.7 20.8 19.9 19.9 20.6 21.8 22.3 22.7 23.3 23.7 23.9 25 24.2 24.5 23.5 24.4 24.1 23.9 24.4 24.5 24.8 24.5 24 24.2 24.6 25.3 26.5 28.7 29 28.5 28.1 27.8 27.3 27 25.9 27.9 29.7 33.1 36.7 38.9 40.5 42.4 43.5 43.3 42.5 42 41.9 41.9 41.7 41.2 40.6 40.7 40.7 41.7 42.6 41.7 40.4 40.2 39.6 39.9 39.6 38.4 38.1 40.4 42.3 42.7 41.8
14.9 14.7 14.7 14.7 14.7 14.8 14.7 14.5 13.9 14.5 15 15.2 17.1 18.1 21.9 23.1 22.7 21.8 21.9 21.7 21.3 20.2 19.6 18.7 19 19.2 19.9 21.4 21.8 20.8 20.5 21 20.6 21.5 22 22.3 22.1 22 23.5 23.7 23.2 23.3 23.6 23.9 24.5 25.6 27.9 27.8 27.9 27.4 27.1 26.8 28.2 30.1 31.9 33.5 36.9 40.3 41.7 42 43.6 43.7 42.3 41.8 41.7 42.9 43.4 44.3 44.1 43 42.1 42.7 42.9 42.6 42.4 41.4 41.3 41.3 41 39.3 38.2 39 41.1 42.5 40 40.8
14.4 14.3 14.8 14.8 14.8 14.9 14.8 14.5 14.5 14.4 14.6 14.8 16.5 18.6 22.5 22.2 19.3 20.2 20.9 21.3 21.4 20.8 17.3 17 17.4 17.6 17.8 19.1 19.5 19 20.1 21 21.4 21.6 22.6 23.2 22.9 21.7 22.5 22.8 23 23.2 23.3 23.4 23.7 24.8 25.8 26 26.9 26.7 26 26.3 29.1 32.4 35.1 37.4 40.6 42.9 44.7 44.8 44.5 43.9 41.3 40.8 40.3 41.1 42.2 42.6 42.3 41.6 40.4 41.3 42 41.4 40.4 40.5 42 41.7 40.7 39.2 39.3 39.2 41.5 42.6 41.5 40.9
14.3 13 11.6 14.8 14.7 15.3 15.2 14.6 14.3 13.9 14.4 14.8 15.2 17.2 22.6 23.8 22 18.6 19.1 19.4 19.8 18.3 17.5 15.1 16.5 17.4 18.3 18.9 19.3 19.3 20.6 21.5 21.3 21.2 23.9 23.9 23.2 21.7 22.3 22.6 22.8 23 23.2 23.3 23.4 23.5 24 24.9 26 25.2 24.9 25.9 28.7 31.5 35.1 38.9 41.2 42.2 42.8 42.7 42.1 41.2 40.6 39.5 38.2 39.7 40.5 40.3 39.4 38.4 38 40 41.4 39.5 39 39.1 40.6 40.1 39.2 39.5 40 39.8 40.1 41.5 43.1 43.7
14.5 10.4 10.6 11.5 13.1 14.2 11.9 12.6 12.6 11.9 10.3 14.4 14.7 16.1 21.3 23.9 22.7 19 19.3 18.6 15.7 16 16.1 17.2 18.7 18.3 19.3 19.7 19.8 20.7 20.9 20.9 21.1 21.6 22.4 21.9 22 21.7 22 22.3 22.6 22.8 23.1 23.2 23.5 23.7 23.7 25.1 25.6 25.7 25.6 26.1 27.8 30.6 34.4 36 37.6 38.8 39.4 39.2 38.6 38.4 37.7 37 36 38.2 39.1 38.3 37.5 36.9 38.1 39.9 40.7 39.6 38 37.3 37.2 37 38.1 39.3 40.4 39.6 39.4 39.7 42.6 45.2
13.8 11.7 12.7 13.5 11.3 11.9 11.9 15.9 15.9 14.5 12.3 13.4 14.1 14.7 17.6 21.5 21.1 19.5 18.3 17.5 16 15.5 15.2 17.7 20 19.1 19.6 20 20.4 20.2 20.2 20.2 20.3 20.3 20.8 19.8 20.2 21 21.2 21.4 21.6 21.9 22.4 22.9 23.3 23.7 24.1 24.3 25.6 26.8 26.9 27 27.7 29.8 31.3 31.9 32.3 33.9 34.6 34.3 33.3 33.2 33.5 33.8 33.4 34.5 35.3 36 35.4 34.6 35.6 36 36.2 35.8 35 35.4 35.7 35.5 36.2 37.3 38.1 38.8 38.6 38.8 40.3 41.6
