Assets/StreamingAssets/GeoData/Data/ns/NS60.asc
ncols 200
nrows 200
xllcorner 260000
yllcorner 600000
cellsize 50
[rows 35 to 69 of 200, columns 0 to 77 of 200]
350.7 337.7 323.4 315.7 309.9 308.7 320.5 328.9 333.3 333.4 330.2 330 326 324.1 321.1 316 322.5 335.9 348.9 360.1 372.3 380.6 386.5 391.9 395.3 396.4 395.2 392.1 388.2 384 377.6 371.8 366.8 359.8 352.1 345.7 337.1 340.2 343.1 348.4 357.7 364 366.1 368.4 371.3 370.2 366 358.4 348.2 333.7 325.1 313.9 304.3 295.7 290.6 287.5 283 279.5 272.2 266 260 255.9 254.4 257 260.5 264.7 269 273.3 279.2 286.7 294.3 302.9 313.7 319.7 325 330.8 335.9 340.2
342.6 331.9 320.9 311.7 310.3 322.1 326.5 333.4 338.2 338.5 337 333.5 332.3 328.6 323.1 319.9 327.6 337.6 352.6 362.3 375.1 384.7 391.1 396.1 399.8 401 398.3 394.5 389.6 384.1 379.6 372.1 367.7 360 352.3 347.4 337 343.6 347.2 355.8 363.8 368 370.4 372.9 374.7 372.3 369.2 360.2 348.8 336.2 328.3 318.2 308.7 298.1 298.5 297.8 292.9 287.6 283.1 272.2 262.1 254.9 254.7 256.8 260.3 264.4 268.3 271.3 275.3 281.4 287.6 300.7 305.6 320.5 330.7 337.6 346 353.4
336.9 329.4 315.7 311.7 324.3 326.4 331.2 337.9 341.9 343.6 342 338.2 336.7 333 328.2 323.8 332.4 341.1 353.3 368.1 379.2 388.8 395.9 400.1 403.9 404.3 400.9 396.4 390.6 385.6 381.7 373.5 367 360.9 352.3 348.7 338.9 347.2 354 362.5 369.7 372.3 374.2 376.3 376.2 373.5 370 361.7 350.7 338.9 331.5 323 313.8 308.9 307.5 306.6 301 294.8 287.7 278 265.6 255.6 255.1 257.3 260.3 263.2 266.1 269.2 272.6 281.3 291.5 302.2 310.3 320.3 332 341 346.8 354.4
333 320.4 313 323.4 327.8 330.5 335.7 342 345.9 348.3 347.5 343.2 339.9 336.4 333.2 326.7 332.7 342.5 356.2 371.5 382.9 392.2 400.4 403.3 406.5 406.4 402.7 396.9 392.8 386.8 381.8 374.4 366.9 360.8 355.2 348.8 341.7 351.4 358.8 365.2 372.6 375 376.9 377.4 376.8 373.9 370 362.3 351.4 342.5 335.2 326.7 316.4 316.3 316.2 314.5 309.1 301.1 291 283.6 271.5 261.9 255.5 256.9 259.6 261.5 264.3 266.1 273.3 281 289.9 297.8 309.6 320.6 333.5 345.5 349.4 357.7
316.7 315.6 323.2 328.2 331.2 334.4 339 346.3 351.8 353.5 352.4 349 344.2 339.3 335.8 330.1 342.2 348.1 357.9 373.4 386.7 395.9 405.1 408.5 411.2 409.4 403.9 398.8 393.2 387.4 382 375.2 368.3 362.2 356.2 350 343.5 355 362.3 370 373.6 376.8 378.2 378.3 377.4 374.9 369.1 362.4 351.7 345.9 338.7 331.2 323.9 323 325 324.8 317.4 308.2 296.7 290 277.5 265.1 257.4 255.3 257.7 260.1 263.3 265.3 269.3 278.5 287.4 294.3 306.6 319.9 335.8 348 355.7 363.5
327.1 327.2 328.5 332.3 336 339.1 342.7 351.4 357.4 358.6 357.7 353.4 348 344.5 341.2 333.2 344.2 350.5 357.9 376.6 389.9 399.4 408.9 413.2 414.8 411.2 406.3 400.1 395.4 389.7 381.8 377.6 369.4 363.2 356.8 347.9 349.5 357.8 365.7 371.9 376.4 379 379.6 378.8 377.3 374.5 368.9 361.2 354.1 349 341.4 329.7 333 331.6 332.8 331.9 327.2 317.7 307.4 297.5 287.5 273.5 258.2 256.6 257.4 260 261.5 261.8 266.6 275.6 285.3 295 305.9 320.5 335 350.8 358.8 368.5
331 330.2 333.4 338.1 341.2 344.6 348.8 356.1 363 364.5 363.2 357.6 352.5 349 344.9 336.6 347.5 350.9 359.5 376.3 394.1 404.1 412.5 417.9 418.4 415.5 410.5 402.5 397 392.3 383.7 377.6 370.1 363.9 358 348.8 354.6 361 368.1 374.7 378.7 380.3 380.4 379.4 377.2 373.5 368.4 360.7 356.4 349.6 340.7 342.1 340.6 340.1 340.3 340 336 330.9 319.6 308.5 296 279.8 264.1 256.7 257.6 257.5 257 261.1 265.1 272.5 282.1 293 306.6 319.8 336.6 354.3 364.3 373.1
333 334.9 338.8 342.8 346.6 350.3 356 363.7 369.1 370.8 369.4 363.6 358.2 353 347.4 341.5 347.3 351.9 360.3 379.1 398.9 408.2 416.8 423.7 423.7 420.2 414.3 406.2 399.8 392.7 385.9 378.5 371 365.1 359.4 352.1 358.2 361.2 370.3 376.2 380.2 381.4 380.5 379 376.2 372.2 366.5 361.8 355.5 350.6 350.7 351.6 351.9 355.3 355.9 354.8 351.6 345.8 337.5 323.9 306 289.2 272 261.7 257.7 257.8 258.1 257.9 262 269.3 282.4 293.6 306.6 319.9 337.1 356.9 367.5 376.8
335.3 339.7 345.1 349.1 352.3 356.6 364.4 371.9 375.9 376.5 375 370.2 363.9 357.6 350 340.2 346 350.4 360.2 378 401.8 411.7 421 428.4 427.6 424.9 418.3 410.3 402.7 395.8 387.4 380 373.6 368.2 362.5 359.2 365.2 368.8 372 378 380.7 381.8 380.8 378.1 373.9 371 367.3 363.9 356.2 356.2 360.5 361.8 364.6 368.6 369.7 368.6 367.7 363.3 358 342.7 322.5 302.1 281 266.3 258.1 258.6 258.7 258.8 259.9 268.1 279.9 293.9 305 319 336.7 355.7 371.4 383.5
344.5 346.6 351.8 355.3 359.1 363 370.9 378.4 383.1 382.8 380.6 377.4 369.7 361.2 353.1 342.5 345.9 350.7 359.6 378.7 400.5 414.7 425.5 431.5 432 429.3 422.9 413.7 406.8 398 387.3 381.4 376.9 371.4 363.8 364.1 369.9 372.2 374.8 378.7 380.9 381.7 380.1 377.7 373 369.8 368.8 364.9 358.1 360.4 369.8 373.6 379.1 384.3 386.3 388.1 386.6 383.7 379.1 364.5 347.4 324.9 301.2 277.8 261.8 259 259.3 259.3 259.3 267 278.1 293.4 301.8 320.2 337.8 356.8 374 388.1
351 351.9 356.8 361.2 366.2 369.8 377.8 384.8 388.6 388.6 386.5 381.9 374.4 365.1 357.2 350.2 345.9 351.9 360.9 375.4 399.4 415.4 428.6 435.2 436.1 433 426 416.4 409.2 399.7 389 383.5 378.6 373.8 367 368.7 374 375.7 378.9 382.4 384.9 384.5 381.2 376.7 373.8 372.8 370.5 367.4 362 364 372.7 384.2 390.4 397.5 404.6 409.8 408.9 405.7 403.5 394.1 374.7 341.8 313.2 282.3 264.1 259.3 259.1 259.3 259.6 265 276.7 287.6 301.6 317.7 337.6 358.2 375.8 385.2
359.6 360.8 363.4 369.6 372.8 377.9 385.3 391 393.5 394.3 392.1 387 378.7 368.6 361.3 355.2 351.4 355.9 361.4 374.9 397.6 416.9 430.9 438.5 440.2 435.9 428.9 420 412.3 403 393.5 385.8 380 376.8 369.7 369.1 375.5 379.6 383.1 387.2 389.4 388.1 385.5 377.9 378.1 375.7 373 370.1 363.7 366.7 371.3 389.5 399.8 410.7 422.5 435.3 437.8 439.2 426.5 408.2 389.6 356.3 323.1 293.2 270.8 261 259.9 259.7 260.1 264.1 274.4 283.9 300 315.3 334.5 358.2 377.1 384.6
367.7 368.8 371 375.6 379.2 384 391.8 397.5 400.5 400.2 398.4 392.5 383 374.4 367.5 361.8 357.2 358 363.2 375 394.6 416.1 431.3 439.4 442 438.7 432.6 423.4 416.1 407.5 396.7 389.2 384.2 379.2 372.1 374 379.9 383.6 386.7 392 394.1 393.2 390.1 383.6 380.8 378.8 376.6 373.7 368 369.6 375.1 392.4 411.3 424 429.7 441.2 444 446.9 438.3 421.6 402.3 365.3 330 300.7 278.6 266 260.5 261.3 261 265.1 271.8 281.7 295.4 311.9 331.4 356.6 375.7 385
376.9 376.7 375.9 380.5 386.1 390.4 398.3 404.5 407.5 406.6 401.3 394.7 386.8 379.3 372.8 366.3 361.9 355.9 364.4 374 392.1 414.4 428.9 438.2 442.3 440.9 435 425.3 418.4 407.5 397.1 390.4 385.3 380.6 372.3 378.5 383.7 386.6 391.6 396.2 398.8 397.4 394.4 388.4 385 383.1 380.4 378.7 373.3 372.8 378.8 393.8 416.5 428.7 432.1 439.6 442.6 443.6 438.2 425 405.6 368.8 335.8 306.9 284.9 272.1 261.6 261.5 261 265.3 271.5 280.2 292.4 308.6 327.9 352.7 372 384.5
384.7 383.7 383.1 385.4 391 396.9 405 412.4 414.7 414.5 407.7 400.4 392.2 381.3 375.4 369.5 363.9 356.7 365 371.6 388.3 410.6 424.7 434.9 441.1 440.9 435.1 428.3 420.6 409 398.5 390.9 386.7 382.2 373.7 381.9 387.7 391.9 395.9 400.3 401.7 401.7 398.2 393 389.6 387 384.1 381.7 379 376.5 386.9 397 408.5 424.6 432.1 433.8 436.3 437 433.8 419.5 397.2 369.2 339.4 311 290.7 274.4 265.4 261.5 262.5 261 269.8 278.4 289.4 304.7 326.6 347.6 366.7 381.7
391.8 391 390 393 396.4 402.9 411.9 419.1 423.5 421.8 415.3 407.8 399.3 386.7 376.3 370.8 365.5 358.3 366.3 373.3 387.8 405.7 422.7 432.6 439.1 439.9 435.9 428 421.9 410.1 401.4 394.1 388.7 382.7 377.7 385.7 391.1 395.3 399.1 401.8 403.3 403.5 400.3 395.9 393.4 390 386.1 382.9 379.8 382 393.9 401.6 409.7 419.4 429.3 433.4 434.8 433.8 427.3 414.9 394 370.9 344.2 316.1 295.5 276.9 268.2 263.1 263 262.4 267.6 276.8 287.7 300.6 321.5 346.5 362.2 378.4
400.5 398 399.1 401.4 402.6 410.3 419.2 427.2 430 428.9 423 414.3 404.7 391.8 378.5 370.5 366.3 361.4 365 373.1 384.6 402.4 418.9 430 436.8 438.8 434.6 428.4 420 410.2 401.2 396.2 390.4 384.4 382.1 388.5 394.1 398.7 402.3 404.8 404.9 404.8 400.5 397.9 395.9 393.1 390.4 383.6 383.1 387.9 399.1 405.4 412.7 420.7 429.6 433 433.7 431.1 423.6 408.7 393.1 374.9 347.6 317.2 296.4 279 269.7 263.2 262.9 262.5 264.9 274.5 283.5 297.6 319.7 340.8 360 379.9
409.2 405.6 404.8 407.4 410.6 417 426.4 436.7 439.1 439 432 421.8 409.5 396.6 383.5 372.7 364.6 360.2 368.8 374.6 385 397.5 415.3 424.9 432 435.4 434 428.3 419.7 410.1 401.8 396.8 392 385.3 386.8 391.8 397 400.8 403.4 405.7 405.2 404.8 401.7 398.2 397.8 396.8 396.1 390.5 387.3 390.6 401.8 408.2 416.1 424.2 430.5 433 433.1 429.4 422.5 407.3 388.5 370.3 346.8 319.2 298.5 280.3 271.1 264 264.2 264 264.9 272.3 283.4 296.9 315.1 338.1 358 383.5
416.1 413.1 411.1 413.5 418 424.9 436.9 443.4 447.4 446 439.9 427.4 414.4 399.9 386.1 376 366.2 364.5 370.1 374.9 387 397.3 412 422.5 432 435.1 432.7 428.3 420.4 410.3 402.7 397.8 393.5 385.4 390.7 394.6 398.6 402 404.1 405.9 405.8 405.3 403 401.4 401.5 402.8 402.8 398.1 392.1 396.3 404.6 413.3 421.4 428.3 433.5 435.1 435.1 434.1 418.4 400.2 383.5 365.7 344.3 321.9 298.9 283.3 272.5 265.5 265.5 265 264.4 269.8 280.8 294 313.6 332.3 359 389.4
425 422.1 420 422.3 427.9 434.3 443.4 450.4 454.1 451.9 445.8 432.6 418.7 403.1 389 378.4 369.8 364.8 371.2 378 388 399.4 410 420.6 429.4 434.3 433.3 428.1 420.5 411.6 405.2 399.4 393.8 387.4 392.5 396.4 398.5 402.2 404.8 405.9 406 405.9 404.9 405.9 408.6 410.8 411.3 408.6 406.2 405.9 408.5 416.5 425.1 432.2 438.6 436.9 435.2 435.4 420.9 403.6 382.5 360.7 344.6 325 307.2 285.5 272.8 265.5 266.2 265.8 265.9 268.2 276.1 291.8 310.9 330.2 362.4 399.9
436.2 432.8 430.8 433 436.5 443 450.9 458 462.9 457.9 450.8 438.8 422.2 405.1 389.9 379.5 373.5 368.5 375.6 381.1 390.9 402.8 412.1 421.7 429.5 434.2 433.8 429.7 421.4 412.5 405.7 399.1 394.9 388.3 390.2 395.1 397.8 400.8 405.4 405.8 405.9 406.2 405.5 411.5 416.9 418.9 418.8 417.2 415.6 414.1 411.4 418.4 426.3 435.2 439.4 438.4 437.3 436.1 424.1 404.1 384.4 362.4 344.3 324.1 304.2 287.7 275.2 267.3 266.5 266.9 267.9 270.7 276.7 290.9 310.8 330.2 359.9 402.3
447.7 443.8 444.3 445 447.1 452.5 458.1 462.3 465.3 461.6 453.9 442.1 423.6 406.9 392.2 382.4 377.1 371.1 378 384.5 392.7 402.4 412.9 421.6 431 435.7 435.3 432 423.6 415.3 407.1 399.6 394.3 392.4 393.5 395.9 398.5 400.6 403.6 405.3 405.9 407.2 409 418 424.6 426.9 426.8 424.3 423.3 420.7 418.1 420.4 426.7 433.5 436.7 435.4 437 435.4 425.2 403.2 384.3 364.3 349.7 327.1 307.4 289.5 278.6 270.8 266.3 266.7 267.7 272.8 280.3 293.1 310.1 330.9 359.8 405.6
458.8 453.7 453.3 452.8 458.2 461.7 465.6 468 467.3 462.3 455.2 442.7 426 409.4 395.3 385 379 373.8 380.2 387.6 396.7 406 415.8 425 432.7 438.1 438.4 434 425.5 418.7 410.6 401.6 395.6 395.1 396 398.3 399.9 401 403.7 405.5 407.7 409.9 413 424.2 431 434.3 433.9 432.1 430.9 427.2 424.7 424.2 428.5 431.5 435 439.5 441.5 435.2 427.2 405.9 383.6 365.6 349.7 327.1 305.3 291.6 281 272.2 267 268 268.7 274.7 282.3 294.3 311.7 332.9 361 405.5
469.6 469.3 468 468.9 470.5 470.4 472.6 471.1 467.4 462.7 451.4 438.6 424.9 408.9 396.6 387.6 380.2 375.8 383.6 389.9 397 406.3 419.6 428.8 436.8 441.5 441.2 434.9 427.4 420.1 411.1 402.3 397.6 396.2 397.9 399.7 401.7 401.9 403 406.3 409.6 413 414.3 428.7 435.2 439.1 438.8 440.1 438.6 433.6 430.5 427 430 434.8 442.3 447.9 448.2 438.4 429.4 413.6 386 362.7 345 326 310.6 293.3 282.4 274.8 267.9 268 269.3 276 283.6 297.7 313.2 335.4 363.9 402.1
477.5 479.2 479.7 478.5 479.1 477.9 476.8 474.6 468.6 460.1 444.1 433.3 422.1 408.8 396.5 387.7 381.7 380.6 386.7 392.2 399 408.3 421.7 431.1 438.1 444.5 445.1 436.5 429.7 421 409.9 402.1 399.5 399.3 400.3 403.7 404.8 405.5 403.2 406 410.4 415.1 417.1 429.2 436.8 441.3 442.9 446.5 446.9 441.2 437.6 434.7 435.7 441.1 445.6 452.7 451.4 439.6 429.3 410.9 389.2 362.9 343.1 326.7 310.3 293.9 282.5 271.9 269.2 269.1 268.8 275.1 285 302 315.9 336.6 369.2 400.8
484.6 485.3 483.8 483.4 483.6 482.5 480.3 478.6 468.7 452.9 441 431.1 419.9 407.1 398.5 388.9 383.7 383.9 389.8 395.1 401.6 411.7 424 434.4 443.1 448 449 440.7 432.8 422.8 411.3 404.6 402.3 402.3 403.8 407.7 408.5 408.2 406.9 410.3 411 417.3 419.8 424.1 437.7 445.1 447.8 453.7 455.7 451 447.3 444.4 441.2 445.7 448.7 454.5 452.4 440.4 431.3 416.3 393.6 367.2 348.8 328.6 307.3 293.4 281.4 273.9 269.6 270.1 270.3 274.7 287 302.9 319.6 338.2 369.7 400.2
489.8 490.2 486.7 486.5 486.3 485.5 484.7 479.4 468.6 449.9 440.5 429 415.6 408.4 399.3 391.7 382.9 387.7 394 399.9 405.5 415.2 428.4 438.9 447 449.5 449.9 443.7 434.7 424.8 412.1 406.3 404.3 405.7 408.5 410.6 411.4 410.9 410.1 413.3 412.7 417.7 421.1 424.7 436.5 444.1 452.7 460.9 464.7 454.3 453.9 451.7 447.9 451.1 454.2 454.1 452.9 441.5 430.2 415.1 396.2 370.6 350.6 329.6 306.9 289.1 280.6 273.3 272 270.7 271.3 274.7 288.7 303.5 321.1 342.5 373.8 405.8
492.2 491.9 489.8 490.1 489.5 488.7 487 478.4 464.9 448.3 436.9 426.7 416.1 407.8 400.2 392.1 386.9 392.5 398.4 405.4 411.4 421.4 433.4 443.4 449.2 450.6 450.2 445.2 436 425.6 415.1 408.6 407.7 411.6 415.1 415.9 416.9 417.8 414.5 417.6 418.2 419.5 421.8 424.6 436.1 445.7 454.8 462.7 469.5 462.2 458.1 456.6 453.5 452.3 455.2 453.8 449.9 439.4 429.7 411.5 397 372.4 350.9 329.9 308.6 288.2 281.6 275.1 274.3 272.4 272.3 275 286.6 303.8 320.6 344.1 381.9 414.9
491.1 493 493 493.4 494 491.6 487.1 476.4 458.2 445.8 434.1 424.8 416.6 408.5 400.9 394.2 390.4 396.8 402.4 410 417.1 427.1 438.7 446.1 451.6 452.2 450.5 445.2 435.2 425.4 419 415.5 412.2 416.8 420.6 422.3 422.3 420.9 419 420.6 421.6 422.7 424 426.1 435.8 446.4 455 462.4 467.1 467.8 460.5 461.2 462.7 456.3 455.4 452.4 446.7 433.6 419.1 402.6 387.9 368.6 348.5 327.8 309.4 289.6 282.3 276.5 275.8 274.8 273.5 273.8 285.6 305.1 321.6 355.3 395.7 418.5
490.8 494.9 496.3 498 499.3 494.8 487.8 475.2 458.7 446.1 436.8 426.9 418.4 409.3 403.5 396.3 393.8 398.8 405.1 413.4 421.6 431.8 443.4 449.6 454.6 454.1 450.9 443.2 434.6 428.2 424.2 422.2 419.3 425 428.8 430.1 430.2 426.3 422.8 420.8 423.3 424.6 425.2 426.3 435.1 444.7 452.8 459.9 464.5 469.6 466.1 469.9 466 460.5 455.4 451.1 443 427.9 409.8 395 380.6 364.8 345.1 322.1 303.8 287.7 283.2 279.4 276.6 275 274.6 274.1 284.2 309.3 326.2 358.1 390.6 418.2
492.2 497.9 500.8 503.4 502.7 498 487.9 474.7 458.9 449 438.8 427.9 417.3 410.3 404.1 397.1 395.5 400.7 407.2 416 425.5 435.5 446.8 454.7 459.7 457.9 450.9 442.1 437.5 433.2 431.6 429.8 429.6 432.7 436.8 439.3 439.2 435.5 428.5 423.9 424.1 425.5 425.9 426.3 431.2 440.5 449.7 457.1 463.7 469.4 471.9 474.3 468.4 463.2 461.7 451.8 441.8 421 400.9 388.1 374.4 356.1 338.4 317.7 300.4 293.4 282.4 279.7 278.7 276.4 275.6 273 286.1 307.1 328.2 352.7 380.4 414.7
491.6 498.8 502.5 506.2 503.2 498.1 488.7 475.7 464.3 454.2 442.5 430 420.7 411.8 405.1 398.7 397.3 401.6 410 418.7 429.4 439.1 450.3 461.3 466.4 463.5 454.7 447 441.6 438.8 438.7 437.4 437.6 442.2 446 448.1 445.8 442.6 436 427.6 424.9 426.7 427.5 429.3 432 435.8 445.5 454.2 461.2 466.3 467 470.4 467.2 465.9 462.6 447 432 413.7 395.1 379.2 366.8 350.6 332.2 314.1 299.1 292 282.1 280.7 278 277.9 277 275.1 287 308.4 327.2 352.7 386.2 414.9
489.8 495.7 499.4 504.3 501.4 497.5 489 480.5 470.6 458.8 446.8 434.3 421.1 413.4 407.5 401.3 398.6 405.5 414.1 422.9 432.6 442.1 455.9 467.1 473.9 471.2 461.3 451.5 446.8 444.7 444.2 443.9 445.5 450.3 454.1 455.7 454 449.7 442.2 435.2 429 430.1 432.3 432.9 435.4 438.7 442.3 449.9 456.4 460.9 459.3 460.4 463 467.6 456.9 436.8 419.8 403.8 390.2 375.4 358.8 343.5 324.8 310.7 300.8 286.4 284 282.7 280.5 279.2 277.7 276.6 288.2 306.5 329.2 355 382.5 416
485.3 491.4 496.9 499.3 499.4 497.1 491.8 484.4 476.5 461.4 451.2 438.3 425.6 417.6 411.2 405 400.4 407.1 415.8 427.5 435.4 445.2 459.1 472.7 477.2 475.3 466.6 457.5 453.4 451.8 451.1 450.5 450.7 455.9 460.3 461.1 459.9 455.3 447.8 441 433.7 436.2 436.5 437.9 438.8 441.1 444.2 447.2 450.3 453 452 452.2 454.5 458.5 445.5 429.9 413.3 398.3 382.8 371.7 359.1 343.1 327.5 311.7 293.4 287.3 284.3 281.9 280.9 279.4 279.1 276.8 286.6 305.9 329.5 356.2 383.3 414.8
477.6 488.2 492.5 494.8 499.1 497.9 493.6 488.5 482.2 470.9 457.3 444.1 431.6 421.8 415.6 409.2 402.9 408.8 418.1 428.4 436.7 446.8 458.9 472.6 478.5 477.1 471.3 464.2 462.6 460.1 459.7 458.7 459.1 460.2 463 464.1 463.2 459.5 453 446.2 440.1 443 443.5 443.1 443.7 443.6 446 447.8 448.4 448.1 447.1 449.1 445.9 443.8 438.6 424.2 408.8 393.6 380.1 368.3 354.3 338.7 323.9 305.2 292.8 286.7 285.1 283.8 282.1 279.8 278.8 278.8 288.2 304 327.4 352.2 382.7 412.5
