Assets/StreamingAssets/GeoData/Data/ns/NS64.asc
ncols 200
nrows 200
xllcorner 260000
yllcorner 640000
cellsize 50
[rows 0 to 34 of 200, columns 78 to 155 of 200]
207.8 207 206.6 205.5 205.9 204.6 201.8 201.1 202.8 205.8 205.4 203.5 205.5 205.4 204.8 203.4 203.4 201.9 201.4 201.3 201.3 201.1 200.7 201.5 202.6 204.1 205.8 206.3 205.3 205.6 206.1 207.4 208.7 212.5 211.3 211.1 211.9 211.2 210.1 209.9 211.4 216 220.3 220.5 220.9 212.5 221.8 224.8 225.2 225.3 228.6 229.7 231.9 233.6 233.9 233.1 233 230.9 232.2 229.4 227.7 230.5 232 234.5 236.8 236.2 234.1 235.2 236.8 239.2 241 243.6 245.6 247.1 248.2 248.9 249.7 249.9
206.7 208 208 207.1 206.6 207.1 206.8 201.5 204.2 208.5 207.2 205.7 207.6 208.5 207.7 207.7 207.6 206.4 203.7 204.2 208.8 207.6 207.1 202 202.8 204.2 206.4 208.1 207.4 206.8 208.6 211.5 213.5 216.4 217.8 215.7 213.7 212.5 212.5 213.8 216.7 221.1 223.3 224.6 224.1 214.1 226.7 228.3 228.2 229 230.8 231.7 232.8 234.5 235.2 235.9 235.8 235.1 233.1 232.6 232 235 237.1 239.1 240.3 238.1 239 240.8 240.8 242 243.8 246 248.6 250.5 251.6 253.2 253.5 253.6
208.5 208.6 208.8 208.7 209.1 209 210.1 203.4 205 210.1 208.6 207.5 208.4 208.9 208.7 208.3 208.5 209.1 208.5 205.5 210.1 212.4 211.5 209.4 203.7 205.1 207.2 209.6 210.7 211.3 211.3 215.4 216.3 216.7 217.5 216.6 215.9 215.5 218.4 220.4 222.9 224.7 225.3 227.2 228.7 222.6 230.7 231 232.3 234 234.9 233.8 234.4 234.5 236.1 238.4 238.4 237.2 236.9 235.5 236.3 238.3 238.8 240.7 240 239 242.6 245.1 246 246.3 248.6 250.1 252.2 253.9 254.9 256.5 257.3 257.5
210.6 210.1 210.6 210.5 211 211.5 211.7 206.3 204.4 210.2 209.9 209.5 209.6 210.1 210.2 209.7 210 210.4 210.7 210.4 210.2 212.5 212.8 211.6 202.8 205.7 209.2 212.4 213.5 213.9 214.4 214.1 215.8 215.9 216.3 217.5 218.2 219.7 225 226.9 226.3 226.9 228.4 231.6 231.5 228.9 233.6 235 235.6 236.2 236.6 235.9 235.2 235.8 236.9 238.5 240 240.1 238.6 236.9 236.2 237.7 238.5 240 240.1 240.4 242.8 245 246.7 247.6 249.5 251.1 253.4 254.6 256.5 257.1 257.9 258.1
212.3 211.2 211.9 214 213.9 213.5 214.2 212.8 204.2 208 212.3 211.9 211.6 212 212.5 212.7 213.3 213.2 213.5 212.6 213.7 213.3 213.8 212.2 207.6 204.1 211.2 215.2 216.4 216.5 215.9 215.5 216.2 217.6 220 223.9 224.5 224.6 226.8 228.5 229.1 232 233.4 234.7 234.5 232.5 233.5 235.5 236.3 236.3 236.5 236.2 235.8 236.1 237 237.9 239.3 240.7 239.2 238 237.5 237.5 238.7 238.8 239.8 241.6 243.4 245.1 247 248 249.7 251.3 254.2 255.9 256.8 257.3 257.4 257.6
212.9 213.6 216.2 215.1 216.5 216.4 215.9 215.2 210 205.6 213 213.1 213.7 214.9 215.9 216.8 217.6 218 218.3 217.2 216.8 216.5 217 217 215.9 207.2 214 218.4 218.8 218.8 218.7 218.2 219.6 221.1 223.6 225.8 228 230.8 232.7 235.5 234.6 234.4 235.2 235.2 235.5 234 231.8 234.8 235.3 235.5 235.6 235.5 235.1 235.5 236.4 237.8 240.6 242 241.8 239.4 238.5 238.5 238.5 238.5 239 240.3 241.7 244 245.4 247.3 249.7 252 254.5 256 257.1 258.2 258.5 258
214 215.8 217 218 217.5 217.1 216.6 215.9 215 206 212.6 214.6 215.8 217.9 219.6 220.5 221.6 221.5 221.9 221.4 220 219.9 221.2 220.5 220.4 215 214.9 220.8 221.8 221 221.9 223.2 224 226.7 230.9 232.7 233.8 235.5 236.8 237.2 237.3 237.2 236.4 234.9 234 232.7 232.5 234.4 235.7 234.5 234.6 234.8 235.9 236.9 239.1 241.8 243.6 243.9 242.3 241.6 240 239.5 239 239 239.6 240.2 242.8 244.7 245.8 247.4 249.8 252.8 255.1 256.2 256.9 257.4 257.3 257.3
216.6 217.7 219.7 220.9 219.3 217.9 217.6 217 215.6 209.8 215.5 217 219 220.6 221.6 223.5 224.7 225 224.7 223.4 223.2 222.6 221.6 222.4 222 219.1 218.3 222.3 223.9 223.1 224.1 226 228.7 232.7 235.9 237.7 238.4 238.4 238.6 238 238.1 237.5 235.8 234.3 233.1 232.9 233.1 233.7 234.6 234.5 234.9 235.7 237.4 241.1 243.6 245.4 245.7 245.2 243 241 239.8 239.3 240.3 239.9 239.7 240.5 242.3 243.9 244.1 246.8 249.1 252.2 254.6 255.9 256.7 256.7 256.9 257.7
219.3 220.3 221.5 221.8 220.7 219.4 218 217 213.5 214.3 217.3 221.3 225.1 225.7 225.4 224.9 225.5 226.1 225.6 224.5 223.8 223.1 223.1 223.6 223.9 223.6 221.2 224.6 225.5 225.4 226.1 227.3 233.4 238 240.7 242 242.3 241.4 239.9 238.4 237.6 236.5 235.2 234 233.5 233.6 234.1 235.2 235.3 235.1 235.7 237 241.7 244.8 245.2 246.2 247.1 245.2 242.4 240.4 240.1 241.6 241.6 240.8 240.5 240.1 240.8 241.2 244.3 246.6 248.6 250.5 253.3 254.8 255.7 255.3 256.2 258.7
221.5 221.5 221 220.4 219.5 218.7 217.8 217.3 212.1 218.5 217.3 222.7 226.7 227.5 227 225.9 225.5 225.6 225.4 224.9 225.1 226.1 226.5 226.4 226.1 225.4 222.8 226.5 227.4 228.3 229.8 231.7 235.8 240.8 243.1 243.5 242.9 241.8 239.7 237.9 236.7 236.5 236 235.4 234.4 234.8 237.1 237.6 237.6 236.5 236.2 238.4 242.5 245.3 246.2 244.6 245.8 243.5 240.8 241.4 242 241.8 241.3 240.9 240.6 240.4 240.5 241.7 243.1 245.6 247.4 249.4 252.1 253.3 254.8 255.7 257.8 259.8
221.9 221.2 220.5 219.6 218.8 218.2 216.9 216.1 219.3 219.9 217.7 221.2 223.8 224.2 225.2 225.3 226.1 226.6 227.1 227.6 228 229.5 229.7 228.9 227.7 225.9 224.1 227.3 229.2 231 234.3 237.6 240.9 242.4 243.3 242 240.5 239.1 238.3 237.3 237.3 237.5 237.6 236.9 236.9 237.1 238.5 239.2 239.2 238.5 237.8 237.8 239.6 242.6 243.5 242.8 241.9 241.2 240.7 241.9 241.5 241 240.9 240.8 240.5 240.4 240.1 240.2 241.1 244.5 246.3 248 250 252 253.9 255.3 257.3 258.5
222 220.9 219.8 218.9 218.1 216.6 217.7 219.4 220 219.2 218.5 221 223.2 224.9 225.8 226.5 227.8 228.2 228.7 228.7 231.9 233.5 232.4 230.8 229.4 224.9 226 226.7 229.6 233.7 237.7 241.2 243.3 243.4 242.4 240.9 239.4 238.7 239 238.3 238.8 238.8 238.5 238.9 238.8 239.1 239.7 239.9 240.1 239.7 239 238.3 238.5 238.4 239.1 239.7 239.9 240.2 240.9 240.9 240.5 240.1 240.1 240.4 240.2 239.9 239.4 239 240 242.4 245 246.5 248.4 250.6 253.4 255.5 255.8 255.9
222.3 221.3 220.8 219.7 218.6 217.5 221.8 222.8 221.4 220.6 220.8 222.1 224.8 228.3 229.5 230.1 230.4 231.1 231.7 231.4 233.7 233.4 231.8 230.7 229.8 225.6 225.5 226.5 230.5 235.7 239.4 241.1 241.4 240.3 240.1 240.2 239.2 238.8 239 239.8 239.7 239.4 239.2 240 240.5 240.5 240.9 240.9 240.6 239.9 239.2 238.7 238.5 238.5 238.7 239.2 239.6 239.8 239.8 239.8 239.7 239.1 239.8 239.8 239.5 239.3 238.5 238.3 239.1 239.8 242.3 244.3 246.1 248.8 252.3 254.5 254.1 254.3
223 221.7 221.7 221 220.1 218.2 219.7 220.5 220.2 221.6 222.2 224.8 227.8 232 234.1 234.6 234.3 234 233.6 234.2 233.7 233.1 231.6 230.9 229.4 227.4 226 226.6 228.8 232.9 235.9 236.2 237.1 236.8 237.3 238.7 238.6 238.2 239.4 240.1 240.1 240 239.8 240.4 240.9 241 241 240.7 240 239.2 238.8 238.5 238.4 238.5 238.6 238.6 238.9 239.1 239 238.9 238.8 238.6 239.4 239.2 238.9 238.6 238 238 238.7 239.3 240.8 241.9 243.8 247 250.2 250.6 250.6 251.4
223.5 222.1 221.1 220.3 219.6 217.2 219.7 220.5 221.3 221.9 224.6 227.4 230.4 234.2 235.7 236.2 236.2 236.6 236.2 236 234.8 233.8 233.1 231.7 230.2 228.5 226.4 227.8 227.5 229.1 230.5 232.2 233.1 235.3 236.1 237.4 237.8 238.1 239.7 239.9 239.6 239.5 239.4 239.6 239.9 240 239.8 239.5 239.1 238.6 238.2 237.8 237.3 237.4 237.6 237.9 238.2 238.3 238.3 238.2 238.1 238.3 238.6 238.2 238 237.8 237.7 238 239.6 239.7 239.6 240 241.7 244 246.6 247.4 248.3 248.7
221.9 220.9 220.6 219.8 220.1 222.4 221.4 222.9 222.9 223.2 225.3 228.4 231.3 233.7 235.1 235.5 236.7 237.5 237.8 237 235.3 234.8 234.4 232.8 231.3 229.7 228.1 231 230.2 229.3 229.9 231 233.1 235.7 237.2 237.3 237.5 238.7 239.2 239.1 238.8 238.7 238.5 238.5 238.6 238.6 238.6 238.2 238 238 237.6 237.1 236.5 236.6 236.7 237 237.4 237.4 237.5 237.7 237.9 237.9 237.5 237.1 236.7 236.5 236.3 236.5 237.7 238 238.2 238.7 239.4 241.4 243.1 244.5 245.6 245.6
221.9 221.4 221 221.3 221.4 223.7 223.2 224.2 225.2 226.5 227.6 229.4 230.8 233.1 234 235.2 236.3 236.9 237.5 237.1 236 235.5 234.9 233.6 232.6 231.3 229.1 231 231.8 229.6 229.6 230.9 233.8 235 236.1 236.9 237.8 238.2 238.1 238 237.9 237.9 237.8 237.7 237.7 237.9 237.6 237.6 237.3 237 236.9 236.7 236.3 236.4 236.6 236.8 236.7 236.8 236.9 236.7 236.5 236.9 236.4 236 235.6 235.4 235.2 235.4 235.9 236.6 236.9 237.7 238.3 239.3 241 243 243.1 243.5
222.1 222 222.5 223.3 223.6 225 224.5 224.9 227 228.4 228.6 230.1 231.4 233 233.5 234.3 235.8 236.4 236.9 236.8 236.3 235.7 235.1 233.8 232.7 231.8 231.2 229.2 231.3 230.4 230.6 231.5 234.5 235.1 235.7 236.5 237.4 237.5 237.4 237.6 237.5 237.4 237.3 237 237 237.1 237.2 237.2 236.9 236.5 236.3 236.1 236.2 236.3 236.5 236.5 236.3 236.2 235.9 235.6 235.2 235.9 235.4 235 234.7 234.7 235.5 235.2 235.6 236.3 237.2 238.3 239.3 239.2 239.6 241.8 242.1 242.9
223.5 223.5 224.3 225 226.6 227.9 227.2 227.9 229.1 229.7 229.7 230.9 233.9 234.2 234.3 235.2 235.3 235.9 236.3 236.1 236.1 235.3 234.6 233.8 233.2 232.6 232.2 231.6 230.7 230.9 230.9 232 234.1 234.8 235.6 236.2 237.1 237.2 237.2 237.3 237.1 237 237 237 237 237 237 236.8 236.4 236.1 235.8 235.7 235.7 236.1 236.5 236.2 235.9 235.4 234.9 234.5 234.2 235.2 234.6 234.1 234.6 235.3 235.3 235.2 235.4 236.9 238.3 239.1 239.4 239.5 239.2 240.1 241.6 241.8
224.7 224.9 225.1 225.8 227.1 228.4 228.6 227.4 230.9 229.7 231.2 231.8 234.6 234.5 235.5 236.9 236.7 236.6 236.8 236.7 236.3 235.6 234.9 234.4 233.8 233.4 232.8 232.1 231.1 231.6 231.8 232.2 233.4 234.5 235.3 236.1 236.8 237.1 237 237 237 237 237 237 237 237 237 236.8 236.4 236.1 235.8 235.4 235.2 235.6 235.9 235.8 235.2 234.6 234.4 234.3 234.9 233.9 233.7 233.2 233.6 234.3 234.4 234.5 235.8 237.5 239 239.2 238.4 238.3 237.8 238.4 239.4 240.5
225.7 225.9 226 226.3 228.9 229.6 230 230 231.3 231.3 232.2 232.7 234.1 234.7 235.6 236.8 236.6 237.2 237.4 237.5 237.1 236.2 235.4 234.9 234.3 233.8 233.3 232.7 232.1 232.1 232.1 232.3 233.4 234.3 235 235.8 236.5 236.9 236.9 237 237 237 237 237.3 237.3 237.2 237.1 236.8 236.4 236.1 235.7 235.3 234.9 234.9 235 235.3 234.9 234.3 234.5 234.2 233.8 233.1 234 234.3 233.2 233.4 233.8 233.9 235.7 237.1 237.4 236.6 235.7 235.7 236.4 236.6 237.3 238.8
226.8 226.8 226.8 227.3 230 231.2 231.5 232.1 232.4 232.6 234 233.8 235.4 235.5 236.7 237.3 237.8 237.5 237.7 237.9 237.9 237.1 236.5 236.2 235.5 234.4 233.9 233.4 232.7 231.4 232.1 232.3 233.3 234.2 234.9 235.6 236 236.6 236.8 237 237.1 237 237.1 237.6 237.6 237.5 237.3 237 236.6 236.2 235.8 235.3 235.1 234.9 234.5 234.8 234.7 233.6 235 235.1 235.5 235.6 235.7 235 233.9 232.5 233 233.3 234.2 234.9 234 234.7 235.9 235 234.8 235.9 236.5 237.4
226.9 228.3 230.7 231.6 232.2 233.2 233.1 233.2 232.4 233.8 235.5 236.3 236.8 236.4 237.3 238.5 238.7 238.7 239.3 239.1 238.3 237.9 237.7 237.6 236.3 235.5 234.5 234.2 233.8 232.9 232.6 233.5 233.7 234.5 235 235.7 236.3 236.8 237.3 237.5 237.6 237.8 237.8 237.9 237.9 237.9 237.7 237.8 237.6 237.3 237 236.5 236.2 235.8 234.6 236 236.6 236.2 236.2 236.2 236.5 236.4 236.4 235.6 234.7 234.3 233.1 232.5 233 233.1 233 234 234.3 234.4 234.6 235.3 235.9 236.5
229.5 232.7 234.7 235.5 234.6 235.3 235 234.5 234 234.6 235.9 237 237.4 237.8 238.6 239.4 239.4 239.4 239.6 239.6 239.5 238.9 239.1 238.6 238.1 236.6 235.1 234.8 235 234 233.9 234.6 234.6 234.9 235.3 236.2 236.9 237.3 237.9 238.3 238.7 239.1 239.2 239 239.2 239.2 239 239.1 239.2 238.9 238.5 238 237.3 236.5 235.5 237.2 237 236.6 236.6 236.8 237.1 237.1 237 236.3 235.5 235.1 234.5 233.5 232.9 231.6 232.5 232.8 233.3 233.3 234.1 234.5 235.3 235.6
234.9 237.2 237.9 238.4 238.1 236.9 236.2 235.7 235.3 235.9 236.7 237.5 238.1 238.5 239.5 240 240.1 239.8 239.8 239.8 239.9 240 240.1 239.4 238.6 236.4 235.7 235.4 234.6 233.4 234.5 235.7 235.8 235.4 235.9 236.9 237.8 238.4 239.1 239.7 240.1 240.4 240.5 240.6 240.9 240.8 240.6 240.3 240 239.6 239.1 238.3 237.5 236.2 236.5 237.5 237.2 237.1 237 237.2 237.5 237.7 237.4 236.5 236.5 236.6 235.9 235.3 233.9 233.3 233.5 232.6 231.5 232.6 233.2 233.9 234.9 235.1
237.3 239.4 240.1 240.4 240.7 240.2 238.2 237.4 236.7 237.3 238.4 238.7 238.8 239.3 239.7 240.6 240.7 240.4 240.5 240.2 239.7 240.5 240.4 239.8 238.8 238 236.3 235.5 234.3 234.7 235.8 236.6 236.5 236.2 236.2 237.1 238.2 239.2 239.8 240 240.6 240.8 241.1 241 241.1 240.8 240.4 240.2 240.3 240 239.6 239 237.5 235.6 237 237.7 237.5 237.3 237.2 237.5 237.8 237.9 237.5 237.3 237.4 237.6 237.6 236.7 235.6 234.3 233.9 234 233.3 232.7 232.6 233.5 234.6 235.3
236.4 239.3 240.5 240.5 241.1 240.5 238.5 238 238 238.3 239.1 239.5 239.7 240 240.6 241.2 241.5 241.7 241.9 241.5 240.9 239.8 239.8 239.5 239.1 238.5 236.9 236.6 234.8 235.5 236.5 236.8 236.6 236.6 236.6 236.9 237.5 237.8 238.7 239.8 240.6 240.8 241.1 241.2 241.3 241.1 240.6 240.1 239.9 240.3 239.3 237.8 235.6 236.9 237.3 237.7 237.6 237.6 237.2 237.8 238.1 238.2 237.7 237.4 237.4 237.3 236.7 236.5 236 235.8 235.3 234.6 234.1 233.1 232.6 233 233.3 234
235.3 237.6 239.4 239.1 239.6 239.4 238.8 238.8 239.2 239.7 240.2 240.4 240.5 240.4 240.8 241.4 241.6 241.6 241.8 241.6 241.1 239.6 239.7 239 238.6 238.3 238 237.3 235.7 236.5 236.7 236.9 236.7 237.1 237 237.1 238.1 238.6 238.8 239 239.7 240.4 241.2 241.3 241.5 241.7 241.4 240.6 239.2 239.1 237.9 236.9 237.2 237.1 237.4 237.7 237.7 237.7 237.7 237.7 238 238.4 238.3 238.1 237 236.7 237.2 237.5 237.5 237.1 235.2 233.4 233.7 232.8 232.6 232.3 232.7 233.5
236.1 238.2 238.8 239.2 239.2 239.4 240 240.2 240.9 241.4 241.4 241.3 241.2 240.8 241.1 240.9 240.9 241.4 241.5 241.2 240.8 239.7 239.1 238.5 238.1 237.6 237.6 237.3 236.9 236.9 237 237 237.8 238.3 239 239.8 239.7 240 240.7 241.5 242 241.5 242.1 242.1 241.7 241.5 241 240.5 239.7 238.3 237.5 237.9 237.9 237.8 237.7 237.4 237.6 237.6 237.4 237.4 237.9 238.3 238.2 237.8 237 236.9 237.5 238.1 237.9 237.1 234.9 234.3 233.9 233.2 232.7 232.8 235 235.1
240.5 239.3 239.1 239.5 240.2 240.5 242 241.8 241.2 241.9 241.8 241.3 242 241.2 240.8 240.6 240.3 240.1 240.4 240.5 239.9 239.2 237.9 237.9 237.7 237 237.3 237.2 237.5 237.4 237.4 237.5 238.2 239.1 239.8 240.9 241.8 242.7 243.3 243.4 243.8 243 241.4 243.3 243.4 242.6 241.7 239.7 239.3 238 238.2 238.4 238.4 238.3 238.2 238.1 237.7 237.5 237.5 237.6 238 238.3 238 237.6 237.3 236.7 236.7 236.6 237 236.6 234.8 234.5 233.2 232.7 233.1 233.6 236.1 236.8
242.4 242.9 242.5 242.7 241.2 242.4 242.8 243.4 242.6 242.2 242.2 242.2 242.5 243.3 242.6 242.2 240.9 239.9 239.8 239.2 238.2 237.9 238.1 237.5 237.9 238 238.3 238.1 238.2 237.9 237.9 238.2 238.7 239.7 240 242 242.6 243.4 243.5 244 243.2 242.2 242 240.5 242.2 242.3 241.5 239.9 238.8 238.5 238.7 239 238.9 238.8 238.8 238.7 238.4 238 237.9 238 238.1 238.5 238.4 237.3 235.7 235.8 236.3 235 234.8 235 233.9 234 232.8 232.6 230.9 233.8 234.2 235.2
239.7 241.1 242.1 241.9 241.5 242.4 242.4 243.1 243.6 243.7 244 244.5 245.7 244.7 243.2 241.6 239.8 239.2 238.8 238.4 239.2 239.6 239 238.1 238.5 238.9 238.8 239 238.9 238.4 238.6 238.9 239.4 240.2 241.3 242.8 243.4 244.3 244.9 243.5 242.2 241.5 240.8 240.3 239.8 239.8 240.1 239.8 239.8 239.6 239.5 239.7 239.5 239.3 239.3 239.4 239.7 239.4 239.1 239.3 239 239 238.8 238.4 236.7 237.1 237 236.6 236.3 236.3 236 234.8 233.5 232.6 232.4 234.1 234.3 235
242.8 242.2 241.8 241.7 241.9 244.2 243.5 243.7 243.4 243.4 243.4 245 245.7 244.7 240.9 240.7 239.9 239.4 238.8 238.8 240 239.9 239.1 238.7 239.1 239.3 239.3 239.7 239.5 239.4 239.9 240.3 241 243.7 243.4 244.1 244.3 243.8 243.7 242.8 242.4 241.7 241.1 240.7 240.9 240.5 240.8 239.6 239.4 239.6 240 239.9 240.4 241.6 243.1 243.9 242.7 242.9 243 242.1 240.2 239.5 239.3 238.8 238.6 237.5 237.4 237.2 236.9 237.3 237.2 237 236.4 234 232.2 234.6 235.3 235.7
243.6 243 242.5 242.7 243.1 243.2 244 243.9 243.6 243.2 243.2 245.4 244.5 244.5 242.2 240.1 239.4 239.6 238.5 239.1 240.4 240.1 239.2 239.7 239.8 240.3 239.9 240.3 240.7 240.9 241.9 241.7 242.4 243.7 243.9 244.1 244.4 244.4 243.9 243.4 243 242.5 242.6 242.4 242.4 242.2 241.7 241.5 241.3 241 241.6 244 247.7 249.6 250.6 250.3 249.4 246.8 245.4 242.9 241.5 240.7 240.4 239.4 239.1 238 237.8 237.8 238 238.1 236.7 236.4 234.4 234 232.5 233.2 234.9 234.6
244 243.6 243.2 243.1 243.2 243.4 244.1 243.9 243.7 243.1 243.7 242.8 241.5 240.7 240.1 241.2 242.8 242.4 239.4 239.9 240.4 240.5 240.3 244.5 241.4 241 241.2 241.4 241.8 241.9 242.6 242.8 244.3 244.7 244.8 244.7 244.3 244.7 245.4 244.9 245.2 244.9 244.2 243.8 243.9 243.6 243.5 243.6 243.6 244 245.3 245.6 249.7 251.8 252 252.2 251.5 250.6 248.8 246.5 244.2 241.5 240.5 240 239.4 239 239.7 239.6 238.7 238.7 238.2 237.6 237 235.1 234.4 231.9 231.9 232.4
