Assets/StreamingAssets/GeoData/Data/ns/NS68.asc
ncols 200
nrows 200
xllcorner 260000
yllcorner 680000
cellsize 50
[rows 0 to 34 of 200, columns 78 to 155 of 200]
427.2 426.7 428 428 426.5 420.2 416.4 413.6 411.6 410.7 408.8 405.4 403.1 400.8 396.4 389.4 383.7 372.5 355.9 348.6 343.8 337.2 330.4 323.9 317.9 313.2 301.9 265.4 276.9 301.4 308.1 314.1 318.5 326.7 327.8 336.6 341.1 346.4 349 350.2 346.3 346.3 353.5 351.4 347.3 342.6 336.4 340.4 343.4 347.3 351.4 357.6 359.7 361 372.3 378.7 383.8 389 391.9 396.4 399.7 401.7 409.7 414.5 414.9 414.7 412.3 411 410.8 410.6 412.8 411.6 408.9 405.5 405.8 403.2 399.2 395.1
425.9 423.6 422.8 422.6 420.6 417.3 417.1 415 410.7 409.1 407.2 404.5 400.8 398.4 394.9 391.6 386.3 377.5 370.4 351.4 345.2 341.1 334.3 330.1 323.7 317.8 313.2 295.7 303 308.5 310.2 314.5 316.7 323 325.7 330.9 335.7 342.5 346.9 347.2 340.6 338.4 339.1 348.2 343.4 336.9 329.9 338.6 340.1 344.3 348.6 353.5 356.7 357.9 370.2 376.7 380.1 385.1 388.3 393.3 395.9 400 407 412 412.3 412 410.5 409.5 409.3 408.5 409.7 409 407.2 405.2 402.3 400.3 397.4 393.5
424.2 422.9 420.1 418.1 415.7 413.8 413.4 412.6 410.4 406.3 404.1 402.3 399.9 396.2 393.2 389.2 384.9 378.5 370.5 357.6 346 341.1 337 331.4 327.6 322.7 316.6 309.3 312.8 314 314.8 315.4 317.6 320.4 324.8 328.6 331.6 333.1 340.9 342.6 338.8 333.9 330.7 343.4 340.7 332.8 333 334.3 335.8 339.1 344 349.8 353.9 355.1 367.6 372.5 376.8 381.2 386.9 390.4 394.7 397 403.1 409.2 408.9 411.7 408.4 407.9 408.3 407.3 407.5 406.3 404.5 402.4 399.9 396.9 393.6 391.2
424.2 421.7 419 415.6 412.5 410.4 409.3 409.6 408.3 404.5 401.8 400 397.8 395.1 392 388.6 383.9 377.2 370.4 361.9 349.2 338.5 337.1 334.2 328.6 323.4 312.7 318.7 319.1 318.3 317.7 316.1 318.4 320.8 323.4 325.4 328.2 330 332.1 334.9 334.3 332 328.9 331.3 335.2 330.3 323.3 327.1 330.6 334.8 339.8 345.8 351.2 352.9 364.1 369.7 376.1 378.9 383.9 387.4 392.8 395.7 397.8 403.5 406.1 408.2 408 406.7 407.1 406.5 405.4 402.9 401.5 399.4 396.8 394.8 391.4 388.1
424.4 422.1 419 416 411.8 409 407.9 406.7 404.5 401.6 400 398.3 396.3 392.6 389.3 386.4 381.3 375 369.1 363.5 353.7 340.5 336.6 334.6 328.1 318.2 323.1 323.7 321.9 319.3 317.9 317.4 318 319.7 321.4 322.9 324 326.1 327.3 329.1 328.3 327.3 325.8 324.6 327.6 326.5 323.8 319.3 325.8 331.5 335.8 341.3 347.5 351 359.6 364.4 372.6 375 380.8 383.7 387.7 390.9 396.9 399.5 403.7 406.4 406.5 406.4 405.7 402.4 402.5 400.5 398 396.1 394.1 391.9 389 386.3
423.4 421.7 418.8 415.3 412 408.6 405 401.9 400.8 398.4 394.9 394.7 393.8 390.9 386.4 382.8 378.7 373.5 369.4 364.5 358 345.2 338.3 331.8 329.8 327.8 326.5 325.3 323.9 320.9 318.5 318.2 318.5 318.7 319.5 320.6 320.8 321.9 323.6 323.5 323.6 322.2 323.3 322.2 321.1 321.8 321.3 316.8 321.7 327.4 331.9 337.5 343.5 348.5 352.3 361.3 367.9 372.9 376.7 380.6 384.4 388.2 391.1 395.2 399.2 404.6 404 403.7 403.3 402 398.9 397.5 395.2 393.7 392 389.4 385.6 383.3
419.6 417.9 416.9 413.8 411.4 407.6 404 403.1 398.4 396.1 394.5 389.4 389.9 387.5 380.7 377.3 365.4 360.1 354.7 362.2 359.3 337.5 332.8 335 332.8 330.7 327.7 326.5 325 321.4 320 319 318.2 318.3 318.4 318.9 319.5 320.5 321.1 320.9 320.3 319.5 319.1 318.7 316.9 316.2 316.5 312.1 318.8 322.2 326.1 332.5 338.7 343.4 346.5 356.6 366.6 372.7 374.5 376.6 379.7 383.3 387.6 392.5 397 400.2 401.7 403.3 401.6 399.4 397.2 395.2 392.5 391.5 389.4 386.6 383.9 380.9
417.9 415.8 413.4 410.2 408.6 408.7 408.4 405.2 400.9 399.9 396.9 393.4 391.7 391.5 388.8 384.5 380.5 375.9 372.4 364.5 350.3 354.4 347.4 341 335.7 333 329.3 326.7 323.7 321.9 320.6 320.1 318.7 319.3 317.2 317.4 317.9 317.8 319.2 318.6 317.2 316.9 316.4 315.1 313.5 313.2 311.3 308.2 313.7 314.9 320.5 327 334.2 339.1 341.8 351.1 361.5 369.3 371.9 373.9 377.8 381.1 386.2 391.1 396.3 399.9 401.3 401.3 399.3 398.5 396.1 393.4 390.8 388.4 387 384.1 382.2 378.8
420.1 417.4 414.4 412.2 411.1 410.8 408.2 405.4 404.9 403.3 401.2 398.7 397.1 395.8 394.1 389.3 384.6 379.7 374.6 370.6 364.5 357.7 351.9 346.6 339 334.9 331.9 328.3 325.1 323.1 321.7 320.2 319.1 318.2 316.4 314.8 314.4 314.2 315.1 315 313.9 313.6 313.1 311.8 312 310.7 308.4 308.6 310.4 312.6 317 322.8 329.8 336.7 337.9 348.2 357.5 363.5 367.4 369.7 374.4 378.6 386.3 391.2 396.7 402.2 404.3 403.2 401.2 395.4 393.9 391.9 389.7 387.3 384.1 381.3 379.6 376.4
420.5 418.2 417.3 416.4 414.4 411.6 408.8 409.3 410.3 410.4 408.4 407.7 407.7 401.3 396.4 392.1 386.7 382.2 377.7 373.2 367.8 364 357.9 352.6 345.7 341 333.3 330.3 327.8 325.5 323.1 321.4 320.1 318.6 316.4 314.4 311.6 310.9 309.8 310.5 310.6 310.5 310 309.6 309.8 309.1 305.5 307.1 309 310.9 313.7 319.4 327.7 331.9 335.7 344.6 353.2 361.1 365.4 369.3 373.8 380.1 386.8 392.5 399.8 406.3 407.7 406.1 401 397.8 394.7 390.4 387.8 384.1 382.2 379.1 375.8 372.8
428.1 424.7 420.7 418.8 417.7 414.2 417.6 418.1 417 414.8 416 415.3 418.3 414.6 407.6 399.4 390.1 384.5 380.9 377.1 372 366.4 362.4 357.1 351.7 347.1 341.7 335.9 330.6 327.2 324.4 322.1 320.5 318.8 316.8 315.2 313.4 311.3 309.4 308.1 307 307.1 307.2 307.4 307.7 307.3 304.6 306.4 307.9 308.8 310.7 315.7 324 329.1 332.9 340.8 347.8 360.3 364.7 368.4 375.7 381.3 386.6 393.7 399.9 406.7 409.5 410.6 404.5 400.8 396.9 395.8 391.6 388.7 385.7 380 377.4 375.3
433.2 428.2 423.8 423.5 419.4 419.9 421.7 421.6 422.1 421.7 422.5 421.9 420.6 418.8 413.6 408.8 403.3 394.9 386 381.7 376 371.6 364.1 359.7 356.2 351.8 347.2 341.7 336.2 332 326.6 323 320.1 318.8 316.9 315.1 314 313.1 310.7 310 308.4 306.7 305 305.1 305.1 303.8 303.4 305.3 305.9 306.2 308.6 312.5 320.5 325.8 327.3 338.4 345.7 357.6 361.2 365.4 373.1 380.9 386 393.6 400.8 406.8 411 411.9 409.3 404.6 399.3 394 391.2 387.4 384.3 383 381.8 377.1
435.4 431.1 427.5 424.3 420.9 424.3 426.4 428.3 427.9 427.8 427.1 425.6 425.9 423.5 419 414.7 409.8 403.6 396.6 388.3 379.9 372.9 369.1 362.5 356.4 352.8 350.3 345.6 339.2 333.8 329.6 327.5 324.5 321 319.5 318.3 315.2 313.7 311.2 309.7 309.1 308.4 309.3 306.9 303.8 302 302.1 303 303.9 305.1 308 310.9 315.8 321.7 327.5 336.3 345.2 353.9 358.6 363.1 370.4 378.8 386.6 392.9 400.1 408.6 411.4 412 408.8 404.8 402.2 396 390.3 386.8 382.3 381.6 381.7 379.2
437.3 434 431.1 425.2 428 430.2 432.7 432 431.7 433.4 430.8 429.3 428.5 426.2 421.9 419.9 414 409.3 402.9 396.3 389.1 382.1 374.2 368.5 361 355.3 350 345.3 339.6 337 334.8 331.1 328.3 324.7 320.5 316.4 314.7 312.8 310.8 310.3 308.7 308.5 308.2 307.3 306 304.9 300.9 302.5 302.2 303.5 306.2 309.8 315.6 320.4 326.7 334.6 342.3 351.1 357.6 362.3 370.2 377 384.6 392.9 398.1 408.3 411.7 413.7 409.2 407.6 403.9 398.9 390.3 384.4 380.6 379.1 379.4 378.1
442.4 439.9 437.3 434.8 435.2 435.5 438.7 438.8 438.3 437.3 435 432.5 432 428.5 425.4 421.5 418.2 412.6 408 402 395.8 389.2 381.8 374.1 367.1 359.8 353.4 348.5 345.1 341 337.7 334.3 331 327.5 324.1 321.1 317.7 315 312 309.1 308 307.2 306.9 307.2 307.1 305.9 301.5 300.3 299.9 302.4 306.8 311.8 318.1 322.1 327.5 333.8 341.4 348.2 355.3 360.7 368.3 374.2 383.8 389.5 396.3 406.2 410.3 411.8 408.9 405.5 399.8 397.8 391.7 384.2 379.3 377.2 375.8 373.9
445.1 444.9 442.1 438.7 438.1 439.7 441.7 441.9 441.4 440.5 438.4 435.1 433.8 431.1 428.1 424.1 420.1 415.3 411.1 406.6 401.2 394.5 386.6 379.8 372.7 359.6 358.6 354.3 349.5 347.9 344.2 339.4 335.5 331.7 328 325.3 321.1 318 315.5 312.6 310 307.8 306.2 305.9 306.6 306 305.2 303.7 299.3 298.7 306.4 311.8 316.3 319.6 326.3 331.5 336.6 345.4 353 359.1 367.2 371.9 381.1 387.8 396.5 403.1 407.7 406.5 403.2 401.7 398.3 395.1 390.4 383.5 377.6 376.2 373.2 370.5
448.2 445.5 443.3 443.7 439.4 442.1 447.2 445.6 441.4 440.7 438.3 436.5 433.7 430.9 429.4 425.6 421.6 414.3 411.2 408.7 403 396.5 390.3 382.5 373.9 369.4 366 358.3 354.2 352.8 348.4 344.2 339.6 336.2 333.4 331 327.6 322.9 319.2 314.3 312.4 310.2 308.3 306 304.8 303.9 304.2 303.3 299.7 298.2 302.8 308.3 311.7 314.7 320.5 326.3 333.7 341.6 348.8 358.1 365.6 371.1 377.7 384 394.8 399.5 403.4 403.1 399.9 396.6 394.6 391.3 386.4 381 375.5 373.5 370.8 367.6
452.6 451.7 450.7 447.4 444.8 442.6 446.9 447 444.1 441.6 438.7 437.9 435.7 431.4 427.4 424.5 420.3 414.9 411.4 408.5 403.4 396.9 389 377.6 380.6 376.6 372.2 367 361.8 358.7 354.2 351.1 345.4 341.8 338 335.1 331.2 327.9 324.1 319.9 315.9 313 310.6 308.7 305.9 304.3 302.3 300.9 299.1 298.3 299.6 302.1 304.9 308.4 313.9 322.1 328.7 337.5 344.3 354.8 363.1 369 375.9 381 390.8 393.8 397.8 399.7 395.5 392.3 391.7 388.4 383.7 377.6 372.8 370.4 366.8 364
455.2 453.2 451.4 449.2 446.4 444.5 447.2 447 445.4 442.3 439.3 436.7 433.6 430.9 426.2 422.8 419.2 415.7 410.6 406.7 402.1 396 392.8 389.5 386.7 381.9 379.7 375.3 373.3 367.6 362 359 355.1 350.3 345.6 342.3 336.4 331.5 329.7 325.6 321.8 317.3 314 311.2 308.7 305.8 304.4 302.7 300.4 297.8 298.3 300.1 301.5 303.9 309.2 316 323 333.8 340 351.9 360.1 367.2 374.6 378.3 383.3 388.7 393.3 391.5 390.7 388.2 386.9 384.7 380.3 376.4 370.6 367.2 362.5 360.4
461.4 463.9 461.1 458.3 454.9 450.2 447.9 448.4 445.5 442.4 440.1 437.2 433.9 431 426 420.9 418.5 416 410.5 406.1 404.6 400.1 397.8 394.2 390.6 390.4 387.6 384.8 381.1 377.4 373.7 368 365.6 362.6 359.2 354.4 346.6 341.1 335.7 330.8 327.7 322.8 317.9 314.5 310.7 307.7 305.8 303.1 301.5 297.7 296.5 298.5 299.5 300.8 303.8 309.7 317.3 326.5 337.1 347.4 355.9 363.3 369.6 374 374.4 380.8 386.8 387.1 384.6 388.3 384.5 381.6 378.3 373 368.5 364.1 360.2 355.4
467.2 464.8 461.7 459.4 456.9 453.4 449.3 447.4 444.8 440.9 440.1 436.8 433 429.2 425 421.4 419.5 416 412.1 411.5 409 407 404.5 401.2 397.5 395.8 393.6 390.9 388.2 385.1 382.8 378.3 374.8 373.3 371.1 366.9 360.3 355.9 347.8 337.5 331.2 326.3 322.2 316.8 313 309.8 306.7 304.4 302.2 299.6 297.3 295.9 297.3 298.2 300.9 306.2 311.7 318.3 327.3 338.1 350.6 355.1 362.3 364.2 368 371 375.3 378.3 379.9 383.5 384.2 382.6 376.6 369.5 364.5 360.6 356.9 352.9
468.3 464 460.1 458.3 455.8 453.5 450.8 447.7 444 439.9 437.4 435.5 431.7 427.6 424.9 423.9 422.6 420.5 417.2 416 414 413.4 411.3 409.2 406.7 403.1 400.4 397.1 393.7 389.9 388.1 385.1 382.9 378.8 375.8 372.2 368.7 364.9 360.2 350.5 339.8 330.9 324.5 322.5 318.4 313.2 308.3 305.5 303.2 300.9 299.6 296.9 294.6 295.3 297.9 303.7 307.5 312.2 317.1 325.9 339.6 345.9 350 355.1 358.6 359.4 363.2 368.8 373.4 377.5 382.1 382.3 375.3 373.4 364 360.3 355.9 350.5
468.9 463.8 460.7 459.8 455.8 453.4 448.9 447 443 438.7 437 434.6 431.6 428.2 426.8 428.3 425.8 423 420.4 417.7 419.5 416.9 416.5 416 414.1 410 406.8 404.9 401.4 396.5 391.9 388.5 386.3 383.3 379.3 376.4 372.5 368.2 363.1 357.5 350.7 337.4 330.2 325.8 321.9 318.3 312.2 306.4 303.6 302.1 299.7 297.5 295.4 294.4 295.2 301.7 305.2 306.2 307.9 313.8 323.3 331.8 338.8 342.3 347.4 349.5 351.4 355.5 362 370.8 373.3 377.2 374.9 372.5 364.2 359.3 355.2 349.8
467.1 464.1 461.4 459.6 455.1 453.5 448.9 445.3 442.6 438.3 436.4 434.6 431.5 430 430.5 429.8 428.2 427.8 424.7 423.1 422.3 422.2 421.5 423 422.2 418.5 414.7 410.9 407.5 402.3 396.8 390.7 388.3 385.3 381.5 377.8 373.8 368.1 363 358 353.7 348.7 338.4 327.6 322.3 318.2 315.7 310.3 302.8 300.2 300.7 298.7 297.6 295.3 293.3 294.4 301.5 300.1 300 303.5 312.3 320.4 328.2 333.3 336.8 340.6 344.3 345.7 350.5 359.4 364.2 366.6 366.2 363.5 360.7 356.8 353.8 348.3
467.3 464.6 460 457.9 454.6 452.7 449.9 445.7 441.5 438.3 437.8 435.1 433.1 431.9 432 431.7 433.3 431.2 429.4 428.7 426 425.3 426 426.6 424.1 421.2 417.4 414 408.4 405.2 400.4 394.4 389.7 385.7 382.8 379.8 376.1 371 365.7 361.7 356.7 349.4 344.9 336.9 323.7 316.3 314.1 310 306.8 306.5 304.4 300.9 299.1 297.6 295.2 292.3 292.2 294.2 294.9 296.8 302.3 311 317.9 323.5 328.4 331.3 335.2 339.9 340.7 344.8 351.3 358.2 357.9 355.8 354.8 352.2 349.1 345.3
467.7 464.3 460.6 458.8 455.2 451.5 449.2 446.8 442.9 440.2 438.3 437 437.2 436.9 435.3 438.5 437 435.4 433.2 431.4 429 426.6 427.3 426.5 424.2 422.1 417.8 414 409.7 406 400.4 396.5 391.9 387.2 384 379.8 376.5 373.5 368.1 363.1 357.6 352 345.4 340.3 324.1 325.9 317.5 313.6 310 308 305.6 303.5 300.3 297.9 296.1 293 291.1 291 291.5 292.9 295.7 301.2 309.4 315.6 320.2 323.2 328.4 331.6 335.8 337.9 338.3 341.8 348.5 349.8 347.6 345.5 343 340.9
468.1 464.2 461.2 458.3 456.3 453.5 451.5 450 445.4 442.1 440.7 440.2 439.3 439.2 440 442.5 440.3 437.6 436.2 434.2 431.4 431.4 430.3 427.9 426.1 423.3 419.1 415.8 412.2 407.6 402.3 398.2 394.7 389.7 385.1 380.9 377.1 373.7 370.3 364 360.6 353.7 346.5 341.2 339.4 334.4 326.8 319 313.1 308.6 305.9 303.6 300.8 297.8 295.1 293.1 291.6 290.8 290.3 290.8 292.3 294.9 300.2 307.6 311.5 315.9 319 323.2 328.3 331.3 333.6 334 335 337.7 340 339.6 337.4 335
468.9 465.5 461.8 459.8 457.4 454.9 453.3 453.1 449.2 444.2 442.8 445.4 445.8 443.4 443.4 444.8 442.8 441.5 439.4 436.5 436.3 433 431.1 430.5 426.5 424.6 419.4 416.9 413.2 408.2 403.2 399.4 396 391.2 386.6 382.1 378.6 375 371.2 366 362.7 356.1 349.1 347.7 345.1 338.8 332.3 326.7 319.7 313.2 307.9 304.3 301.2 299.1 297.1 294 294.1 291.6 290.5 289 290.3 294.7 300.4 303.2 306.3 308.6 312.4 315 319.2 322.9 326.4 328.8 329.7 330 330.8 331.2 331.3 329.4
469.7 467.6 464.3 461.5 458.6 456.8 456.3 456.5 452.1 447.5 445.9 446.8 448.2 447.4 446.2 446 445 446.4 442.9 440 437.2 434.5 432.4 431.7 428.8 425.6 420.7 417.4 414.5 411.4 405.6 402.3 398.9 393.7 388.2 382.2 378.1 375.6 372.9 370.1 365.4 360.2 357.3 353.3 350 345.1 339.5 332.2 327.2 322.4 316.7 312.2 306.9 301.4 297.5 297 295.7 294.5 294 292.5 288.7 293.5 298 301.1 301.7 302.2 305.4 307.3 311.2 314.7 317.7 322 323.9 325.5 325.6 324.8 323.8 323.4
472.8 468.3 465.2 462.5 460.6 461.3 458.6 457.8 455.1 451.9 448.9 449.7 451.7 449.5 448.5 446.6 448.1 449.2 447.1 442.9 439.7 436.6 435.6 432.2 430.9 426.9 423.8 420.9 416.7 413 406.7 404.6 400.7 397.3 392.5 388 383 382.1 381.6 375.4 368.7 369 365.5 362 358.2 351.9 345.6 340.4 333.9 327.9 323.3 318.4 312.4 307.9 301.7 299.1 298 295.8 293.4 294.9 289.9 288 291 296.4 296.8 297.3 300.8 302.3 304.1 307.6 311.6 314.6 316.7 320.5 321.4 322 320.6 318.1
471.4 468.2 466.1 464.2 462.9 460.2 458.3 456.8 454.9 454.9 449.8 452.2 453.1 453.7 451.9 448.2 451 449.7 449 445 439.8 443.1 439.7 435.7 432 429 424.8 421.7 418.7 415.3 411.3 405.6 402.8 398.3 395.6 391.7 389 388.4 384.2 380 379.3 378 376.9 373.9 370.1 363.3 356.1 348.8 341.2 334.9 328.5 322.1 318 312.7 306.8 303.4 300 297.7 297.4 296.5 295.3 291.6 285.9 288.5 293.2 292.6 294.4 296.6 297.3 301.2 304.6 308.1 311.8 313.8 316 318.4 317.1 310.5
470.3 468.9 466.4 464 461.5 459.1 457.8 457.6 455.4 456 451.5 454.7 454.1 454.7 452.7 450.1 450.6 452.2 449.8 444.1 446.1 445.8 441.9 437.3 434.5 431.5 427.6 423.8 421.7 417.6 413.4 410.1 405.6 401.6 398.2 397 393.1 389.7 387.9 387 386 384.8 383.5 384.6 384.5 379.1 367.5 358.2 351.5 342.5 336.5 329.5 323.5 315.1 313 308.6 305.4 301.3 299.8 298.2 297.5 295.2 292 285.7 286.5 286.1 291.5 291 292.8 295.2 298.2 301.9 306.4 308.2 310.3 312.5 310.3 287.6
468.2 467.5 466.8 462.8 460.7 457.5 458.2 456.3 454.9 454.7 451.6 451.6 451.7 452 450.6 449.4 448.2 451.9 448.9 444.9 449.5 447.8 443.9 439.3 435.7 433.4 429.5 426.2 423.3 419.9 416.7 414.2 410.2 405.9 402.8 399.6 395.1 394.1 392.1 395.1 394.1 392.3 391.3 393.3 389.4 385.9 379.9 368.6 360.9 353.6 344.7 339.6 331.2 324.9 320.4 316.9 313.2 309.6 306.6 302.9 300.3 298.1 296.5 292.2 286.2 282.1 282.2 285.7 287 289.4 291.3 295.9 300.9 304.9 306.6 306.9 292.2 305.9
465.7 466.1 466.8 463.4 458.6 456.1 456.3 455 455 454 450.9 448.4 450 449.2 449.6 448.7 446.6 447 447.4 446.2 449.4 448.9 446 442.5 439.9 437.3 432 429 427.4 424.2 419.1 416.5 414.8 410.7 405.5 402.7 399.8 397.6 397.3 399.8 399 396.9 395.1 396.8 393.6 389.1 384.6 375.7 369.1 363.3 356.4 349.7 342.3 335.4 327.6 323.9 319.5 317.3 313.2 309.2 304.8 302.5 299.7 298 296.2 296.4 289.2 280.4 280.6 281.6 285.5 289.1 293.5 298.3 298.5 292.3 292.6 306.6
463 462.8 464.3 462.4 458.2 454.8 453.1 454.1 453.4 454.2 451.1 447.1 445.6 448.4 447.4 446.8 445.3 443.8 444.7 445.6 450.1 449.8 447.4 445.1 442 438.6 434 431.5 429.1 426.2 423 419.4 416 412.6 408.7 406.8 404.7 401.2 401.7 403.7 402.8 401.4 402 401.1 399.3 397.2 392.4 387.2 379.4 371.3 364.2 359 352.2 346.1 339 333.5 327.5 325.1 320.6 316.1 313.3 309.8 306.9 305.5 301.4 298 294.8 292.4 288.6 281.4 277.1 281.6 285.5 291.2 280.4 290.9 297.8 304.6
