Assets/StreamingAssets/GeoData/Data/ns/NS72.asc
ncols 200
nrows 200
xllcorner 270000
yllcorner 620000
cellsize 50
[rows 35 to 69 of 200, columns 78 to 155 of 200]
252.6 254.1 257.1 256.4 257.7 258 258.9 260 261.2 260.3 264.3 266.6 268.4 271.1 274.3 276.6 277.7 280.7 284.2 287.7 291.5 294.6 300.2 306.9 314 319.5 325.7 330 332 332.9 332.2 330.3 328.2 324.3 319.3 310.9 300.6 294.6 288.6 281.9 273.1 255.2 253.3 253.3 253.9 251.4 250.3 251.8 250.9 250.3 249.2 249 248.4 249.2 251.3 258.6 271.1 279.1 283.3 288.2 293.2 298.2 301.2 304.9 308.8 310.4 309 307 303.5 299.4 294.4 294.2 294 294.1 292.7 290.8 287.6 284
260 261.1 260.5 261.7 262.2 262.8 262.9 264.5 263.3 261.3 267.2 269.5 271.9 275.7 280.4 285 287.2 289.2 292.7 297.1 302.5 306.6 313.3 321.3 327.2 333 339.4 342.8 344.6 343.9 341.8 340.4 338 334.5 328.6 320.7 312.5 305.3 298.7 292 280.9 268.1 253.3 253.3 253.3 250.1 249.8 251.4 248.4 250.3 249.6 248.7 247.9 247.8 248 247.8 255.2 266.3 272.1 275.8 279.8 284.5 289.5 293.8 296.2 297.8 298.5 296.7 294.8 293 288.3 288.7 286.9 286.5 285.3 283.3 279.2 276.1
264.4 265.2 267.7 267.4 267 267.8 267.4 267.2 267.7 267.3 270.1 273.1 278 282.4 286.5 291.5 294.8 297.5 302 304.1 312.1 316.9 323.5 332.1 337 345.3 351.2 354.6 354.4 351.2 347.2 345.4 343.9 339.8 334.2 326.4 321.8 314.6 308.1 300.8 292.2 281.4 263.9 253.3 253 251.3 251.8 252.3 250.3 250.2 250.3 249.1 247.9 247.4 246.8 246.1 245.8 245.9 253.1 262.7 270.9 276.1 281 283.4 285.3 286.7 286.5 287.7 286.4 283.7 281.4 280.1 279.2 278.6 277 274 270.7 268.4
270.4 273.3 273.1 271.2 273 272.3 272 271.2 271.9 271 272.5 277 282.1 288.1 293 298.2 302.2 305.7 310.8 315.1 318.6 325.2 332 338 343.9 351.9 356.9 359.9 356.1 352.7 349.1 347.6 344.3 340.3 335.9 333.4 329.3 324.4 316.8 309.6 301 290.6 278.7 271 266.2 263.1 255.6 252.7 252.3 250.5 250.5 248.3 249.8 247.9 249.2 246.6 246.1 245.3 245.4 247.6 258.7 264.5 267.5 270.4 271.7 273.6 275.1 277 274.9 273 270.7 270.1 270 270.2 266.4 264.3 261.5 260
277.3 278.4 276.9 277.7 278.8 279.3 277.1 277.6 279.1 279 282.3 285.9 289.8 295.3 300.5 306 311.1 316.2 319.6 323.4 325.7 328.5 332.9 339.2 346.5 353.4 356.6 356.6 353.2 350.3 348 346.8 344.4 340.4 337.7 335 333 326.8 322.6 314.3 306.5 298.4 289.6 279.6 272.5 265.3 252.4 256.5 256.6 259.6 259.4 261.4 260 256.7 249.1 248.8 246.9 247.3 246.7 245.4 244.4 244 250.1 257.2 261.8 259.1 263.3 264.1 265.5 265.1 264 263.3 263.3 260.8 259 259.5 256 255.6
282.5 282.5 282.3 283.1 284.1 283.7 285.8 286 285.4 289.8 292.4 296.2 302.8 310.2 315.5 322.1 327.5 331.5 335.6 338.1 340.2 338.2 336 340 347.2 353.3 355.6 352.7 349.3 345.6 343.2 342.9 342.2 341 338.5 335.2 329.5 321.1 318.5 312.9 308.8 300.1 288.6 279.6 274.1 268.7 268.2 270.2 272.1 272.4 270.3 272.5 271.6 269.2 266.6 263.2 252.7 246.7 244.9 245.3 244.5 245.4 243.7 243.6 243 242.4 243.1 246.4 253.1 255.6 255 254.4 253.4 249.4 247.5 248.7 247.4 243.7
285.3 283.6 287.8 289.5 290.9 290.2 291.4 292.9 294 300 303.5 309.3 317.2 325.4 330.4 336.5 341.7 345.5 348.1 349.1 348.9 346.5 341.5 340.2 344 350.6 352.3 350.3 345.3 341.4 337.4 335.1 334.6 333.6 330.6 325.3 316.1 312.3 311.1 306.8 299.5 290.4 284.7 272.3 265 260.4 276.2 284.8 284 283.5 279.7 280.7 279.2 278.1 276 273.9 260.8 259.4 255.8 246 243.9 244 243.5 242.8 242.4 242.8 241.7 241.1 241.3 243.1 245.7 245 243.3 240.3 238.3 238.1 238.2 238.2
285.2 285.4 290.3 293 294.9 296 296.3 301.5 305.8 310.9 317.4 326.1 334.9 342 351.1 356.3 358.5 359.8 358.9 357.9 355.8 352.2 347.2 342 341.3 343.5 345.6 344 339.2 334 328.2 324.6 319.5 315.5 310.7 306.7 299.7 295.5 290.8 286.6 280.5 272.5 265.9 266.9 270.9 274.7 289.6 293.2 294.1 295.2 294.7 293 291.1 288.1 285.7 281.3 264.1 276.6 272.2 263.1 254.6 245.7 244.1 243.5 243 242.8 242.3 242.5 240.9 240.5 240.3 239.8 238.5 238.2 237.9 238.4 237.9 237.8
284 287.3 291.4 294.4 297.8 300.2 302.5 308.9 314 321.4 330.4 340.9 349.6 358.3 365.5 369.9 371.8 371.2 368.5 365.8 361.8 356.3 350.7 344.9 339.3 336.5 335.5 331.8 327.3 321.7 313.7 308.4 302.5 297.3 291.8 289.2 281.8 280.4 274.2 269.4 271.2 265.9 275.1 269.4 288.4 285.6 297 301.3 304.8 305.9 305.2 302.9 301.8 298.8 294.9 287.8 284.4 285.5 282.3 279.1 273.1 265.3 261.8 260.8 257 252.7 246.4 244.5 240.9 240.9 240 239.4 239.4 238.8 238.7 238.7 237.8 240.8
284.2 287.5 293.3 297 301.5 305.9 311.3 318.7 325.2 334.2 345.2 355 362.3 370.2 375.6 377.8 379 377.3 374.2 371 365.5 358.5 352 344 336.8 330.6 325.1 320.3 313.7 305.2 298.8 293.4 286.2 277.4 276.7 281.5 280.8 285.2 285.6 284.6 282.7 286.4 290.5 284.1 286.6 299.3 304.4 309.9 312.3 313.5 315.2 316.6 313.4 306.7 298.2 296.7 295.5 295.2 293.3 290.3 285.8 280 277.2 272.5 267.4 263.6 257.1 252.7 250.2 247.5 245.5 244.7 245.5 244.5 246.4 247.8 254 256.5
285.3 288.6 295.7 300.6 306.8 312.5 318.3 325.4 337.2 348.4 358.6 367 372.9 379.2 383.2 383.6 382.3 381.2 376.2 370.1 363.7 356 347.9 340 330.7 323.5 318.1 312.9 305.9 288.9 285 282.4 294.4 297.7 299.9 295.9 295.8 296.8 292.4 296.3 295.3 297.3 297.6 299.5 279.9 305.2 310.5 315.8 318.7 320.6 321.5 319.6 315.2 307.1 304.9 307 308 307.1 306 302.6 297.6 294.4 290.3 284.4 277.5 271.7 266.5 262.1 261.5 260.2 257 259.2 260.6 262 262.8 267.5 267.1 270.5
288.7 291 295.9 303.1 309.5 317.2 326.9 335 349.3 360.7 370.8 378.9 382.4 385.7 388.6 387.5 383.9 381.8 376.1 368.5 361.2 353.1 344.3 334.7 325.8 318.7 312.3 308.7 296.2 294.3 286.1 297.3 306.6 307.3 306.4 305.1 303.9 304.9 300.3 304.2 302.4 304.9 305.9 306 288 304.8 316.4 319.5 322.3 324.2 322.2 318.8 313.1 311.3 313.1 315.2 316.5 316.8 316.3 315.4 313.3 309.6 304.3 296 286.8 280.9 275.9 273.7 273.7 274.4 274 274.9 274 274.2 275.7 277.2 278.9 281.9
292.9 296 299.5 304.7 314.6 322.5 332.2 343.2 357.7 368.1 377.5 384.6 389.4 392 392.5 389.3 384 379.7 373 366 358.1 348.9 337 328.1 321.5 316.6 311.4 305.9 291.1 301.2 306.6 309.4 312 311.6 311.1 310.2 311.4 309.8 311 312.2 310.6 311.1 311.8 311.3 302 314.1 319.3 322.1 323.8 322.2 320.1 314.9 309.5 317.3 319.9 322.6 325.3 327.1 327 327.5 326.5 323.8 317.5 309.5 299.7 290.8 285.4 286.9 288.4 288.2 287.5 287.4 287 286.7 286.8 288.4 291.5 294.9
299.4 300.9 302.5 307.1 318.5 327.8 338.1 349.5 361 372 380.4 387.4 393.1 396 394.2 390.2 383.9 377.3 370 361.6 352.1 342.3 331.5 324.7 320.4 315.9 310.4 296.8 290.7 298.4 312 314.5 315.7 315.9 315.7 315.8 316.8 315.9 318.5 319.4 319.1 319.3 318.7 317.8 311.5 316.3 321.2 323.9 323.9 322 321 320.6 320.9 322.9 327.7 330.6 334.7 336.3 338.4 341.1 342.5 342.1 336.5 327.4 316.3 305.5 301.4 303.7 304.4 302.7 303.5 303.9 302.8 302.3 303.7 304.4 304.5 305.4
303.6 303.9 305.3 313.4 322.3 331.5 341.6 353.6 365.1 375.5 384.3 391.4 396.8 398.3 396.4 389.6 383.3 376.1 366.2 355.7 345.1 336.4 330.8 324.9 320.3 315.7 310 296 290.6 309.8 316.3 318.1 320.2 319.9 320.6 321.2 321.9 323 324.4 325.8 326.6 326.9 326.9 325 318 316.1 323.1 325.9 326.3 325.2 326.5 327.1 327.4 321.7 333.1 336.9 342.4 346.9 352 359.4 361.7 361.9 354.4 343.7 334.7 322 318.1 321.8 322.3 322.2 323 324.2 323.4 321.2 317.4 317.7 317.9 314
305.5 305.6 308.1 316.6 325.2 334.1 344 355.1 366.2 375.8 384 391.5 396.8 397.9 393.7 387.7 380.2 373.8 363.5 352.5 341.4 334 329.5 325 319.5 313.2 296.3 296.6 299.3 318.1 320.3 323.1 325.3 326.1 326.2 327.4 329.1 332.3 332.7 333.3 334.1 334.5 334.4 332.8 326.2 313.6 326 328.7 330.2 332 333.5 333.9 334.5 327.9 337.1 342.5 348.7 355.8 361.7 370.5 376.6 374.5 369.6 362.7 351.6 345 343.2 342.6 342.5 342.6 341.5 340 335.9 332.2 329.3 329.4 326.8 325.9
301.6 305.9 312.3 319.8 327.9 336.9 347.1 355.5 366.9 376.2 384.1 390.1 394.8 392.9 389.7 385.1 378.6 372.1 360.3 349.4 340.2 333.9 329.1 323.4 317.6 310.3 312.4 296.1 317.3 322.6 327.4 329.7 331.5 332.4 333 334.9 337.9 340.3 340.9 342.5 343.1 342.9 340.9 338.6 331.8 321.1 328.6 333.3 335.9 337.8 339.1 339.9 340.3 339.8 335.6 346.7 352.3 359.2 367.8 377.2 382.6 384.1 383.3 380.3 370.5 368.3 367.6 365.4 365.2 364.5 362.3 355.9 349.9 344.3 341.5 339.1 337.1 336.2
301.8 306.5 312.9 321.7 330.6 340.4 349.3 360.6 371.6 380.8 388.8 394.7 397.4 395.2 390.7 384.5 375.6 365.2 355.1 346.7 338.6 332.3 325.6 324.7 318.8 318 316.4 297.5 317.1 326.9 332.9 335.5 337.1 339 341.3 343.1 346.8 348.7 350.6 351.8 351.1 349.5 347.2 342.3 333.1 320.7 333.9 337.5 342.2 343.5 344.7 345.6 346.7 347.2 345.2 349.7 355 360.9 368.5 381.6 392.3 396.1 399.5 401.4 398.6 388.4 386.5 385.7 387 386.2 383.2 372.4 364 357.3 352.6 350.4 348.2 344.6
305.4 310.7 317.7 325.8 335.7 344.6 355.1 365.7 375.6 385.3 392.2 399 401.8 398.4 392.9 383.7 371.3 360.9 351.6 344.8 339 334 330.9 327.3 325.6 324.2 317.1 303.9 319.8 330 338.8 342 344 346 347.7 350.4 353.1 355.1 357.2 357.6 356.4 354.1 350.4 345 337.2 325.4 340.4 344.1 347.7 350.2 351.7 353 354 353.6 349.1 354.5 359.2 364.3 370.3 385.1 399.7 411.1 417.9 419.2 414 402.7 401.2 403.7 406.2 408.2 402.9 389.1 378.8 370.1 366.2 363.6 361 356.2
309.4 315.6 323 330.3 337.6 346.2 357.9 366.7 376.3 386.5 391.7 397.6 401.5 397.5 389.6 380.3 372.2 361.8 351.5 344.5 340.8 336.7 333.8 331.8 330.3 327.2 310.2 315.1 326.2 338.1 346.4 350.9 352.4 353.5 355 357.1 360.2 362.3 363.7 363.3 362 359.9 355.1 349.1 342.1 328.1 345.5 350 354.3 357.2 360.8 361.2 359.9 355.9 350.5 358.2 363.3 368.8 376.8 390.8 405.1 417.4 424.4 425.8 419.5 410.5 407.7 413 415.8 417.5 414.5 400.1 390.9 382.2 379.8 377.4 370.7 363.5
314 319.3 320 331.1 338 344.6 355.2 362.3 372.6 380.5 387.4 393.3 395.6 394.2 390.6 385.5 376.3 363 353 347.8 344.9 341.6 338.8 335.5 333.5 330.5 321.1 315.3 331.8 343.1 353.1 358.1 360.7 361.9 363.1 364.9 367.6 369.2 369.7 371.4 371 368.8 362 353.9 345.4 337.2 349.2 354.6 359.8 362.4 365.1 366.8 366.7 362.6 354.6 360.7 366.1 371.6 381.4 392.9 405 414.9 420.7 423.5 420.2 413.2 408.7 408.9 409.2 413.1 418.2 410.3 403.2 398.5 394.9 386.7 379.3 370.5
322 325.6 330.8 335.1 338.5 343.7 351.3 358.8 370.1 379.6 387.6 394.5 397.5 398.3 396.9 391.1 378.3 366.6 358.3 353.4 349.1 345.2 341.4 337.7 335.9 332.8 321.5 313.7 334.2 343.9 357.3 363.6 366 368.2 370.9 372.8 373.4 374.6 376.2 380.6 380.8 374.3 365.9 357.6 350.8 339.6 352.5 359.9 364.6 366.8 368.9 370.8 371.1 367.4 359.8 361.3 369.1 375.3 384.8 394.4 403.5 411.8 418.6 421.6 417.7 412.6 405.8 401.2 401.6 403.6 409 417.5 416.8 413.5 407.1 397.9 387.1 376.2
330.3 335.5 338.2 340.7 336.8 343.1 349.6 357.4 368.8 378.6 387.3 394.6 398.9 400.9 399 394.2 385.5 374.5 362.7 357 351 347.2 343.4 337.6 335.4 331.7 310.4 321.8 338.7 347.2 358 365.4 368.8 372.1 374.2 376.1 377.9 380.3 382.2 384.7 382.5 376.8 369.3 361.2 352.6 350.7 357.7 364.4 369.4 371.3 372.8 374.3 374.1 370.4 366.9 361.7 371.9 377.5 385.4 393.6 401.5 409.5 415.1 417.8 415.6 409.1 397.6 393.2 393.5 396.1 400.4 404.3 406.9 409.3 408.8 404.3 394.6 380.8
342.3 343.9 343.3 343.3 343.3 344.7 348.4 356.4 365.7 376.2 384.5 393 399.1 402 402.1 398.3 387.9 378.9 368.8 361.9 351.2 348.2 344.6 338.1 330.7 315.1 320.3 324.8 339.4 350.7 356.7 364.7 368.5 372.4 374.9 377.5 380.4 383.1 384.7 385.2 383.8 377.3 370.7 364 362.6 358.7 361.6 369.8 374.2 375.8 377.2 378.4 379.4 376.4 371.9 368.4 372.4 377.8 384 391.5 399.3 407.1 411.5 413 409.9 402.7 391.1 384.9 385.1 387.2 389.6 391.7 394.4 395.9 394.9 390.1 384.2 376.7
350.2 349.9 349.7 349.6 350.2 350.9 353.2 357.1 365.4 375.4 384.9 392.2 397.8 400 400.9 398.8 389.1 381.5 373.3 362.8 350.7 345.7 341.2 335.1 311.6 321.4 321.5 338.6 346.4 352.1 359.1 362.7 366.2 370.2 373.7 376.9 379.9 383 384.3 384.7 383.5 378.7 374.4 372.1 370.9 368.1 358.9 372.7 377.4 379.8 382 384.3 384.7 381.4 375.9 370.5 372 376.9 381.8 388.4 395.8 401.8 405.3 405.2 400.7 393.3 384.7 379.7 379.4 378.4 379 379.8 381 382 379.3 374.3 369.4 361.8
359 358.8 360.2 361.9 361.2 362.1 361.5 363.5 368 376.8 384 390.2 395.1 397.7 397.8 395.1 390.3 384.5 371 358.5 349.3 342.2 337.1 329.7 312.5 334 337.8 335.7 344.6 353.1 356.6 360 362.2 366.8 371.1 374.7 378 381.9 383.7 384.4 383.5 383.1 380.2 380.8 379.7 377.3 370.8 370.1 378.1 381.8 384.8 387 387.2 384.4 379.3 373.8 374 377.7 382.2 386.7 391.7 395.8 398.3 398.1 395.4 388.5 381.5 377 373.2 370.7 370.8 370.1 368.8 366.4 363.9 358.5 351.7 347.8
368.8 370.2 372 373 372.8 372.7 372.5 373.1 373.9 379.3 385.8 391.9 396 398.7 396.7 390.9 382.8 373.3 364.1 353.9 346.2 339.4 331 318.2 329.3 341.7 345.5 347.7 349.2 348.6 356.1 360 365.3 369.7 372.7 376.4 376.9 382.2 384.7 386.7 387.2 386.9 388.6 390.8 390.3 386 379.2 375.7 377.6 382.2 384.9 387.7 389.1 387.2 382.7 378 378 379 383.7 387.3 390.9 394 395.8 396.3 392.8 386.3 380.4 372.9 367.7 362.8 361.9 361.4 356.6 355.6 352.4 347.1 341.8 336.5
374.9 378.2 380.3 381.4 382.1 382.8 382.7 383.2 382.3 384.1 388.1 390.9 392.4 390.9 385.4 377.8 369.5 362 354.4 349.4 343.2 335.3 326.4 327.8 340.5 345.2 348.4 351.4 354.3 356.3 356.4 362.3 366.9 370.8 375.2 379.2 382.8 386 389.1 390.6 392.5 394.7 396.9 398.2 396.4 393.8 386.3 381.9 383.3 384.9 387.1 389.5 391 390.6 388.5 384.6 383.3 382.1 385.2 386.8 389.4 392.3 393 391.7 388.6 384.3 378.3 369.7 361.3 354.3 353.9 352.2 350.2 346.8 342.8 337.5 332.1 327.6
379.7 383.6 386.6 387.8 388.6 388.5 388.5 388.2 389.5 388.9 387.9 385.9 380.3 376.1 371.6 367.1 360.1 355.1 350.9 345.9 339.6 326.2 322 333.5 340.8 347.1 350.8 354.4 358 361.2 362.5 363 369.1 373.3 377.7 382.3 386.1 390.2 394 396.6 399.8 401.1 403.9 404.5 403.6 400.8 394.2 390.9 389.1 389.5 391 392.6 393.8 393.5 392.7 391 390.6 388.4 387.7 387.8 387.2 387.3 385.4 386.6 382.7 378.6 372.8 365.8 356.8 350.4 347.7 344.7 343.2 336.5 333.6 328.9 323.4 317.9
382.4 387.4 390.7 393.3 394.3 394.1 394 393.7 395.4 393.4 391.2 388 380.4 373.2 368.3 362.7 356.9 352.8 347 340.5 325.4 335.7 323.8 340 344.5 347 352.4 356.8 361.2 363.8 367 369.1 371.9 377.3 381.8 385.7 389.7 395 399.8 403.5 406.4 408 410.2 411.5 410.3 406.6 402.3 401.3 398.3 397.1 396.3 397.1 398.1 397.7 397.1 397.2 395.9 393 390.9 389.7 387.7 384.1 375.9 374.8 371.9 367.4 366.1 361.4 353.5 348.5 339.9 340.3 334.7 331.5 322.6 318.5 314.9 309.3
384 388.1 392.8 395.9 397.4 397.6 397.2 398.6 398 396.3 391.8 386.3 380.6 373.4 366.4 357.1 350.3 347 340.9 326 336.2 338.2 332.5 343.7 348 351.4 354 359.4 363.5 366.6 370.1 373.1 375.5 379.8 383.8 387.9 392.1 398.6 404.4 410.3 414.8 418.4 420.2 419.5 417.1 414 411.1 410.5 408.9 407 404.8 404.3 404.7 404.9 404.9 403.9 402.1 398.2 394.2 392.6 390.8 386.2 378 369.3 363.6 361 359.8 354.9 350 344.7 340.6 333.3 324.7 320.8 315.7 310.5 305.1 300.8
384.7 389.8 394.2 396.5 396.7 397.9 398.2 399.4 401.2 400.9 395.9 387.2 378.8 372.3 361.6 353.8 347.5 341.2 328.3 337.7 340.7 342.1 332.3 343.2 350 353.8 357.9 361.6 364.7 368.3 371.8 375.3 378.7 382.2 385.9 389.5 394.9 401.2 408.2 415.7 421.4 425.5 427.8 427.7 425.8 423 422.2 421.6 421.3 417.2 414.3 414 413.4 412.1 411.4 410.7 408.3 405.4 401.2 396.9 394.8 388.9 380.6 371.8 364.5 359 352.7 347.2 343.4 340.6 336.5 331.7 325.2 308.8 306 302.7 299.2 294.1
384.3 389.2 393.9 395.3 397.1 399 399.4 400 401.1 400.5 395.4 387.5 378.5 367.5 357.6 349.1 343.7 334.7 344.4 343.5 343.3 345.4 346.5 337 349.5 354.4 358.9 363.2 366.9 369.3 373.1 376.3 380.1 384 387.5 391.4 396.6 403.3 410.6 417.9 424.1 428.7 432.6 434.4 433.8 433.4 432.7 431.5 429.7 426.3 421.7 422.5 421.6 419.4 416.9 414.6 412.4 410.5 407.4 403.4 398.5 392.2 382 370.6 362.4 357.3 351.8 347.2 341.7 337.6 333.3 326.2 317.8 307.7 301.4 298.1 298.5 296.9
381.4 387.4 392.7 395.3 398.2 400.1 400 400.6 400.8 398.3 390.8 384.5 375.5 363.5 353.9 346 335.8 346.6 347.9 347.7 346.9 349.2 350.5 348.7 346.6 355.4 359.8 363.9 367.9 371.5 374.8 377.6 380.8 385.1 388.9 392.7 397.3 403.8 410.9 418 425.4 431.2 435.9 438.8 441.6 441.8 441.1 438.9 435.7 432.2 429.6 428 426.7 424.4 421.3 419.4 418 415.2 412.2 407.7 402.3 393.4 384.2 372.1 362.6 356 349.7 344.3 339.9 335.5 327.1 321.6 311.7 307.4 301.8 304.2 302.9 301.2
380.7 386.6 391.4 394.9 397.8 399.6 400.2 400 398.4 391.7 386.7 380 369.4 359.2 350.8 342.9 338.4 349.4 351 351.6 352.9 354.2 354.5 354.3 348.4 355.3 359.5 363.5 368.2 372.7 376.6 380.4 383.6 386.2 390.7 393.2 397.5 403.9 410.4 417.8 425 430.7 436 441.5 446.8 448.8 446.5 442.7 439 435.8 433.1 432.3 431.2 429 426.4 424.2 422.4 418.7 415 409.7 402.3 392.9 383.3 372.8 362.8 355.2 349.2 342.6 336.6 329.7 324.2 317.2 312 305.3 308.9 307.2 305.7 304.8
