Assets/StreamingAssets/GeoData/Data/ns/NS73.asc
ncols 200
nrows 200
xllcorner 270000
yllcorner 630000
cellsize 50
[rows 0 to 34 of 200, columns 78 to 155 of 200]
259.9 259.7 256.1 258.3 256.1 253.1 250.4 246.5 241.6 239.4 238.8 245.6 253 255.6 258.7 261.2 264.2 265.4 266.2 266.7 267.3 268 268.6 268.7 268.4 269.2 269.9 269.2 268.1 269.8 269.9 270.6 273.6 275.7 276.9 278.1 278.9 280.1 280.9 280.9 281 281.2 281.4 281.1 280.8 280.1 279.9 280.4 280.9 282.8 285.5 287.9 289.5 290.6 290.7 290.7 290.7 290.6 289.8 288.4 286.6 285 282.9 280.9 279.7 280.2 280.4 280.4 281 280.6 280.6 280.6 280.6 280.7 280.6 280.4 280.1 279.7
263.3 254 251.4 252.8 252.5 250.2 247.8 242.4 242.2 243.2 249.7 254.2 257.8 260.7 263.7 265.6 267.8 268.5 268.9 269.4 269.9 270.6 271.2 270.8 271 271.1 271.6 271.4 270.1 273.1 273.4 273.7 272.8 274.4 275.6 276.3 277.9 280.2 280.4 280.6 281 281 281.2 281.2 280.8 280.1 279.9 280.2 280.8 283.8 287.5 290.7 292.3 292.2 293.2 294.4 295.1 294.6 292.6 290.4 288.7 287.5 285.1 282.8 281.8 282.5 282.4 282.3 282.5 281.8 281.7 281.5 281.1 280.9 280.8 280.9 280.2 279.8
265.2 262.1 257.9 254.8 246.2 248.5 245.9 242.9 247.4 252.2 255.6 258.1 261.2 264.2 267.3 269.2 270.5 271.1 271.6 272.1 272.6 273.1 273.7 272.8 272.3 272.5 273.7 273.2 270.9 274.1 274.5 274.9 274.5 275.1 274.8 275.8 277.6 279.5 280 280.5 281 280.7 280.9 281.1 280.8 280.2 279.1 279.4 280.5 283.8 288.2 292 294.7 295.2 296 297 297.9 297.4 295.7 293.7 291.7 289.8 287.6 285.8 284.8 284.6 284.4 284.2 283.9 283.2 282.8 282.5 281.4 281 281.3 282.5 281.6 280.5
265 262.1 258.8 255.1 245.7 244.7 244.3 243.1 252.7 257 259.4 261.7 264.7 268.4 271 272.2 273.1 273.9 274.2 274.7 275.2 275.8 275.9 275 274.3 273.7 274.2 273.3 272.9 274.7 275.1 275.7 276.3 275 274.9 276.9 278.5 279.8 280.6 280.4 280.9 280.8 280.6 280.9 280.6 279.2 278 278.3 280.1 284.1 288.6 292.3 295.7 297 297.9 298.4 298.8 298.6 297.8 296.6 295.3 293.2 291.1 290.1 289.2 288.1 286.6 286.1 285.4 284.7 284 282.9 282 281.6 282.7 282.8 282.5 280.4
265.1 261.7 258.4 254.8 245.6 245.5 244.6 253.7 256.9 260.9 263.2 266.1 269.1 272.4 274.4 275.3 276.2 276.6 276.3 276.8 277.4 277.9 277.7 277.2 276.3 275.2 274.6 274.5 275.5 276.9 277.2 277.6 278.2 277.1 276 277.4 278.8 279.6 280.5 281.6 280.9 280.8 280.6 280.4 279.6 278.3 277.2 277.1 279.3 283.8 288 292.2 295.3 297.5 298.7 299 299.8 299.9 299.6 298.8 298 297 295.5 294.3 293.1 291.9 290.2 288.5 287.2 286.4 285.4 283.8 282.8 282.6 282.9 283.1 282.5 280.5
266 262.2 258.3 246.8 246.6 246.8 249.3 257.4 261.1 264.2 267.4 270.4 273.1 275 276.5 277.6 278.3 278.8 278.5 278.7 279.3 279.8 279.3 278.3 277.3 276.2 276 277.3 277.5 278.1 278.7 279.3 279.7 279.1 277.7 277 279.1 280.4 281.5 282.4 282.3 281.7 281.2 280.3 279.5 278.4 277.2 275.2 277.4 280.4 286.1 290.4 292.7 297.1 298.7 299.3 301 301.8 302.4 301.7 300.8 299.8 298.8 297.4 296 294.2 292.7 291.2 289.6 288.2 286.6 284.7 283.3 282.5 281.9 282.8 281.5 279.7
265.5 262.4 257.4 247 247.5 248.9 253.2 260.2 265 268.3 271.5 274.2 276.6 277.6 278.3 279.5 280.3 281 280.7 280.7 281.2 280.5 279.3 278.7 278 277.2 277.3 279.3 279.9 280.3 280.5 280.6 280.9 281 280 279.7 280.5 281.7 282.6 283.7 284.5 284.5 284.1 283 281.5 279 278.1 275.2 274.4 273.6 281.1 286.5 290.8 294.2 297.4 299.6 301.5 303.9 305.2 304.5 303.6 302.8 302 300.5 298.5 296.6 295 292.9 291.2 289.6 287.6 285.6 283.5 282.5 281.5 281.2 279.7 279.1
265 261.4 256.9 249.2 248.3 250.6 256.2 263.7 269 272.8 275.4 277.8 279.5 280.2 280.7 281.7 282.8 283.5 283.4 282.7 282.2 281.6 280.3 279.4 279.3 278.9 280.1 281 281.8 282.3 282.4 282.5 282.5 282.5 282.7 283.5 283.5 284.5 285.9 287.4 287.7 287.9 287.5 286 284.3 280 278.9 276.5 274.8 273.2 274.7 280.5 286.7 291.9 295.7 299 301.6 305.2 306.8 306.6 306.7 305.7 304.8 303.1 301.1 298.8 296.7 294.6 293.1 290.9 288.8 286.5 283.9 282.6 281.4 280.2 279.6 279.3
264.8 260.8 255.6 249.4 249.8 255.3 261.6 268.3 272.7 276.5 278.7 280.7 281.5 282.1 283 284.6 285.4 285.6 285.1 284 282.8 281.2 281 280.9 280.8 280.7 281.8 282.7 283.4 283.9 284.2 284.5 285 285.1 285.7 286.8 287.7 288.4 290.4 291.9 292.3 292.1 291.3 290.2 287.9 285.8 282.9 278.9 275.4 272.5 271.4 276.3 281.2 288.8 293.7 296.6 300.3 304.7 306.7 307.5 308.2 307.5 306.4 305.1 303.5 301.2 299 296.5 294.7 292.5 290.2 287.2 284.3 282.7 281.3 280.2 279.2 278.8
264.9 259.9 256.7 250.8 251.3 259.4 266.1 272.5 276.8 280 281.8 282.8 283.5 284.5 285.3 286.5 286.9 287 286.4 285.8 284.9 282.9 282.4 282.6 282.6 282.5 283.3 284.6 285.4 286.1 287.1 287.5 288.2 289 289.7 290.6 291.3 292.2 295.1 296.4 297 296.8 295.7 294.3 291.9 289.1 285.2 280.6 275.8 273.3 270.5 273.2 277.3 282.4 288.9 293.1 298.2 302.8 306 307.1 308.5 308.2 306.9 306.1 305.1 302.9 300.8 298.2 295.9 294.3 292 288.5 285.7 283 281.8 280.6 279.1 277.8
264.6 260.2 261.2 255 252.8 260.9 272.4 276.4 279.9 283.2 284.6 285.1 286.5 287.7 288.2 288.9 288.6 288.8 287.5 286.7 285.2 283.7 284.1 284.2 284.2 284.3 285.2 286.6 288.4 289.3 290.3 291.8 292.8 293.2 293.9 295.1 296.2 297.7 300.2 301.7 302.3 301.4 299.9 297.8 295 291.2 286.2 280.7 276.5 272.7 270.5 270.6 274.1 278 284.2 290.2 295.3 299.9 303.3 305.9 307.2 307.2 307 306.1 305.2 304.1 301.9 299.8 298.1 296.1 293.6 290 286.8 284 282.8 281.5 279.6 277.5
265.3 262.6 262.2 252.8 253.2 264.8 273.9 279.5 282.8 285.5 286.6 287.9 290.4 290.2 290.3 291 291.2 290.6 289.6 288.5 287.4 285.9 286.1 285.9 286.3 287.3 288.3 290.2 292 293.5 293.9 296.2 297.2 297.5 298.5 299.5 300.9 303.2 305.6 308.2 307.9 306.4 304.5 301.2 296.6 291.3 286.1 280.9 276.2 271.5 269.9 269.8 271.4 275.7 281.3 286.7 291.1 296.1 300.1 303.1 304.8 305.4 305.5 305 304.3 303.6 302.7 301.2 299.3 297.4 294.7 291.6 288.3 285.1 283.9 281.7 279.7 277.6
266.7 264.6 263.8 253.2 256.4 273.1 277.9 281.8 285 287 287.9 289.6 291.4 293.3 295 295.1 294.8 292.8 291.3 290.4 288.5 287 288.2 288.1 289.2 290.7 291.9 293.4 295.4 297.3 298.2 299.9 301 302 303 304 306.1 308.6 311.9 314.3 313.7 311.8 309.2 304.7 298.1 292 285.7 280.6 275 270.7 269.2 269.2 269.5 273.5 277.8 283.5 288.1 292.7 296.1 299.6 301.3 302.3 303.2 302.9 302.6 302.3 302 301.4 300.5 298.5 295.6 292.7 289.5 286.4 284.7 282.8 280.3 277.5
269.4 266.1 262.8 255.4 258 274 279.6 283.3 287 289.1 290.2 292.4 295.3 296.4 296.7 296.8 296 294.8 294 292.5 289.6 289.9 290.6 291.1 292 293.2 295 296.8 298.6 300.6 302.7 303.9 304.9 306.7 307.5 308.8 310.8 314.5 317.3 318.2 317.3 314.6 312.1 306.7 298.7 290.9 286.1 279.9 274.3 270.5 269.1 268.3 267.8 270.6 275.1 280.3 285.8 289.2 292.5 295.4 298.2 299.4 300.4 300.8 300.5 300.5 300.6 300.2 299.9 299.4 296.6 293.7 290.6 288.2 285.3 283.2 281 278
270.4 269.3 264.3 254 265.2 276.2 281.4 285 288.8 290.8 292.4 295.2 297.1 298.2 298.3 298.1 297.6 296.2 295.7 294.2 290.3 292.8 293.6 294.3 295.5 297 298.4 300.1 302.2 304 306 308.8 309.8 310.5 311.8 313.8 316.6 320 321.9 322 320.4 317.6 314.6 307.9 300.7 292.5 286.8 280.3 274.1 270.4 267.5 266.6 267.2 269.7 273 278.1 284.1 287.1 289.9 292.7 294.8 296.6 297.4 298.4 298.8 298.8 298.9 298.9 299.5 299.4 297.6 294.8 291.9 288.1 285.3 283.4 280.9 277.9
271.5 269.8 261.5 258.5 271.7 279.4 283 286 290.1 293.3 296.4 298.3 299.4 300 300.8 299.6 298.9 297.8 297.6 295.3 294.4 295.9 296.5 297.7 299.2 300.7 301.7 303.5 306.3 308.3 310.5 312.2 314.2 315 316.1 318.3 322.2 325.5 326.7 326.1 323.7 320.1 315 307.8 301.4 293.3 287.3 280.3 273.8 270 266.6 265.3 266.3 268.3 271.3 276 281.7 285.9 288.7 291.1 293.1 294.1 295.1 296.2 296.4 296.8 296.5 297 298.3 298.1 297.1 295.3 292 288.7 285.3 282.8 280.3 277.4
272.4 268.8 258.5 260.6 275.6 280.6 284.1 287.4 292.1 296.1 298.6 299.6 300.6 301.4 301.4 301.3 300.4 299.2 298.2 296.4 297.3 298.5 299.7 301.2 302.9 304.4 305.7 307.1 310.6 314.4 316.3 316.6 317.7 319.6 321 323 327.2 330.3 330.5 329.6 326.1 321.6 316.2 309.1 299.6 293.6 286.8 280.4 274.4 270.6 267.2 265.1 264.9 267 270.3 275.1 280.2 284.3 287.3 290.1 292.4 293 293.7 294 294.3 294.5 293.9 295.1 296.2 295.6 295.4 294.9 292 288.8 284.8 282.2 279.1 275.4
267.4 262.6 261 266.5 279.3 282.4 285.4 289.6 293.8 297.8 300.4 301.5 302.5 302.5 302.4 302.4 301.8 300.6 299.7 298.7 299.7 300.8 302.3 304.1 305.9 307.6 309.2 311 315.1 320 320.3 321 322.2 323.1 324.9 328.2 332 334.3 333.8 332.5 328.3 323.4 317.1 309.9 301 293.1 287.4 281.5 275.8 271.8 269 267.2 264.9 265 269.1 274.8 279.7 283.5 286.7 289.4 291.4 292.3 293.4 293.4 293.4 293 292.5 292.9 294.5 293.6 292.7 292.3 290.7 288.3 284.8 281.5 277.4 273.1
271.4 263.8 260.6 272 280.5 284.7 287.7 290.8 294.8 298.9 301.3 302.5 302.8 303.2 303.1 302.8 301.9 301.6 301.1 300.4 301.6 302.7 304.5 306.3 308 309.8 311.8 314 319.3 323.5 323.8 324.7 326.2 327.6 329.5 333.4 336.7 336.8 336.7 334.9 330.5 324.6 318 310.4 302.3 295.1 286.7 281.4 277.2 273.2 271.1 269.7 268.5 264.5 266.9 274.7 279.6 283.4 286.3 289 291.1 292.7 293.7 293.4 292.8 292.1 291.7 291.8 292.5 291.5 290.5 289.6 288.4 286.5 283.6 280.3 276 269.1
278 259.7 265.3 273.2 280.4 285.8 288.3 291.3 295.2 298.9 300.9 301.8 302.5 303.1 302.4 302.1 302.3 301.9 301.5 301.7 303.6 304.9 307.1 308.5 310.1 311.9 313.8 317 322.2 324.6 326.2 328.7 330.6 332.2 334 337.4 339.6 339.5 339.2 336.5 331.3 325.5 319.3 311.5 303.2 295.3 287.3 281.9 278.5 274.6 272.8 271.3 269.6 266.3 264.9 274.8 279.3 283.1 286.9 289.7 291.7 293 293.9 292.8 291.9 291.4 290.8 290.2 290.3 288.9 287.9 287 286 284.7 282.4 278.9 273.9 266.9
281.2 261.2 273.7 280.1 281.8 286.4 289.1 292.1 295.3 298.1 299.6 300.4 301 301.6 301.6 301.2 301.3 301.7 302.1 302.7 304.1 306.8 309.2 311.3 312.1 313.9 315.9 318.5 321.3 325.6 327.9 331.4 333.5 335.9 338.1 340.8 341.5 341.7 340.4 337.3 332.1 327 320.1 312.5 304.4 296.8 288.2 283.7 279.6 276.2 274.3 272.7 270.8 268.5 265.3 274.8 279 283.5 287.7 290.4 291.2 292.5 294.1 293.8 291.8 290.4 289.5 288.7 288.2 287.4 285.9 284.3 283.5 282.6 280.4 276.2 270.6 266
280.8 264 280.2 284.5 285.1 286.8 289.7 292 294.4 296.7 297.5 298.1 299.1 299.8 300 300.8 301.5 302.4 302.6 304.2 306.5 308.2 310 312.2 313.4 315.3 319 320.7 324.2 326.6 329.5 333.3 335.1 337.7 341.2 342.6 343.2 343.6 341.6 338.5 333.1 328.4 321.5 313.5 306 297.7 290.2 284.7 281.1 278.7 275.9 273.6 272.7 269.2 261.4 273.1 278.1 283.1 287.2 290.3 290.3 292.6 293.9 292.9 291 289.8 288.6 287.2 286.5 284.9 282.9 281.4 280.4 279.4 276.7 272.9 268.5 266.6
277.1 265.3 278.1 285.9 287.2 288.4 290.6 291.9 293.8 295.2 295.9 297.2 298.4 299.2 299.8 300.7 301.5 302.6 303.5 305.3 307.7 310 312 314.4 316.4 318.2 320.9 323.2 326.3 329.3 332.2 334.8 337.3 340.4 343.3 344.1 344.5 344.5 342.6 338.9 334.1 329.2 322 314.5 307 299.6 292.4 286.8 283.5 281.4 277.7 274.7 273.3 271.4 261.7 264.8 272.9 280.1 285.3 288.7 290.5 292.2 292.6 291.4 289.7 288.2 287.1 285.8 284.3 282.4 280.3 278.2 277.2 275.8 272.9 269.7 268.3 267.4
274.3 268 281.1 287.7 288.7 289.4 291 292 293 294.4 294.9 296.2 297.3 298.5 299.7 300.5 301.4 303.1 304.8 306.7 309.5 312.1 314.3 317 319.1 321.2 322.9 326 328.6 331.6 334.6 338.4 339.8 343.8 345.2 345 345.4 344.4 341.6 337.8 333.1 329 321.7 314.9 307.6 300.5 294.7 290.2 287.2 284 281.3 277.5 274.9 273.7 269.5 260.8 267 274 279.4 286.8 288.8 290.7 290.8 289.5 287.6 285.8 284.7 283.6 281.8 279.8 277.8 275.4 272.9 271.6 269.8 269.1 268.4 268.4
268.6 271.4 286.1 289 290 290.8 291.1 291.3 292.7 293.3 294.8 296.2 297.5 298.9 299.8 300.9 302.2 304.4 306.1 307.9 311 313.7 316.2 319.4 321.6 323.7 327.4 328.3 330.5 334.1 337.3 340.8 343.9 345.8 346.2 345.8 344.4 342.3 340 336.7 333.3 325.7 321.2 315 308.4 303.1 296.8 292.8 289.7 287 284.4 281.3 278 275.3 273.8 265.9 261.5 267.9 270.9 281 285.6 287.8 288.2 286.8 284.6 282.3 281.1 280.5 279.7 277.4 275 272.4 269.9 268.6 269.2 268.8 268.9 269.1
270.6 279.8 288 289.5 290.2 291 291.4 291.6 293 294.2 295.6 296.6 297.9 299.4 300.6 301.7 302.9 304.6 306.3 309.2 312.4 315.1 318 320.9 323.6 326.7 329.5 330.9 333.6 335.5 340 343.5 345.3 346.5 346.2 344.6 342.7 340.2 339.4 332.1 326.6 324.3 319 314.6 308.4 303.4 298.8 295.3 292.7 289.9 287.3 284.5 280.8 278.4 275.1 272.7 266.7 258.5 263.1 275.3 280.9 283.8 284.6 283.5 281.3 279.1 278 277.3 276.8 275.5 272.8 270 268.3 267.7 268.7 268.8 269.2 269.6
272.8 285.2 288.7 289.7 290.1 290.5 291 291.8 292.9 294.3 295.6 297 298.4 299.1 301.1 302 303.6 305.3 307.1 310.4 313.2 316.2 319.7 323 326.8 328.5 331.5 333.4 335.9 338.4 341.3 345.6 346.6 345.7 344 342.9 341 338.1 335.5 331.2 326.2 319.6 316.1 312.9 309.4 304.3 301.3 298.8 296.4 293.3 289.2 287 283.4 278.7 275.7 271.4 268.8 263.8 257.8 269.9 275.7 278.7 280.3 280.1 277.6 276.1 275.5 275.2 274.6 273.8 271.1 267.9 266.6 267.1 268.3 268.7 269.6 270.6
274.6 283.8 288.4 288.8 287.7 290.1 291.5 292.5 293.5 294.6 296 297.3 299.2 299.9 301.3 302.3 304.3 306.1 308.5 311.1 313.8 317.3 321 326.5 329 330.8 333.2 335.2 337.1 339.5 342.6 345.3 345.3 344.3 342.1 339.1 336.7 334.1 329.9 328.2 324 320.6 314.1 313.8 309.3 306.4 304.1 301.7 299.3 296.7 294.3 289.3 286.3 281.8 277.3 272.4 266.8 263.1 257.2 263.8 269.7 273.3 274.5 275 274.2 273.3 272.5 272.4 272.4 271.7 268.3 266.3 265.6 267 268.5 270.4 271.7 272.8
285 282.9 285 286.1 287.7 290.2 292.3 293.4 294.4 295.1 296.4 297.6 298.6 299 301.1 303.1 305.1 307.9 310.8 312.5 314.8 318.3 323 329.1 332.7 332.6 334.7 335.9 337.1 339.5 342.3 344.2 343.1 341.6 338.9 336.8 334.1 331.9 329.5 325.2 322.7 319.7 318.6 317.4 312.6 309.9 308 306.4 304.5 301.2 297.2 292.8 288 284 279 273.3 267 261.7 256.7 257.3 262.2 266.2 268.5 269.2 269.4 269.5 269.5 269.2 269.1 269.2 265.2 264.6 266.8 268.4 270.6 272 273.5 275.6
287.5 286 285.3 289.6 290.4 291 292.6 294.2 294 295.7 296.5 297.3 298.2 298.9 301 304.1 306.5 309.9 312.1 314.3 316.1 319 323.4 332 333.6 335.9 337 337.2 338.2 339.2 340.1 340.2 339.7 337.2 334.5 333.6 331.6 329.2 326.9 324.7 322 319.9 318.4 316.3 314.6 313.2 312.1 311.4 308.9 305.1 301.2 295.2 290.3 284.7 279.5 273.1 267.4 262.5 256.3 256.2 256.7 258.3 261.7 264.8 265.4 265.4 265.1 264.9 265.3 263.9 263.7 266.4 269.1 270.2 271.7 272.8 274.1 275.7
285.4 285.5 288.8 290.7 292.4 293.3 294.3 294.9 295 296.3 296.6 296.9 297.7 299.8 302.5 305 308.1 310.7 312.5 315.1 317.2 319.7 323.3 330.7 334.7 337.2 337.4 337.8 335.2 337.7 336.8 336.1 334.9 333.4 331 329.7 327.5 325.4 322.8 321.8 319.1 317.2 317 317.4 316.6 314.9 313.1 313.2 312.3 308.1 303.8 298.3 292.9 285.5 279.2 273.9 268.3 263.7 259.9 256.9 255.3 254.9 255 259.1 260.7 260.3 259.9 258.8 258 263.3 267.3 270.5 272.2 271.9 272 273.9 275.6 276.5
287.1 286.4 289 291.1 292.9 294.7 295 294.8 296.3 296.5 296.8 297.2 297.6 297.9 301.3 306.3 309.3 312.1 314 315.1 317.2 319.8 322.6 328.6 334.1 336.7 338.2 337.1 335.1 334.8 333.3 332.1 331.1 329.3 327.6 325.2 323.5 321.4 320.6 316.7 315 313.8 315.2 316.4 317.5 316 314.2 314.4 313.3 309.6 305.7 299.7 294.8 287.2 278.3 273 267.7 264.3 261.5 259.9 257.2 254.9 254 253.4 255.2 255.7 255.5 257.9 261.2 267.2 270.8 272.8 273.6 273.1 273.2 275.3 276.8 277.7
289.1 287.8 289.2 291.4 293.3 294.9 295.9 295.8 296.7 296.7 297 297.3 297.5 297.8 300.7 302.7 306.6 309.2 313.2 314.7 317.6 318.3 320.8 323.8 331.2 334.7 336.3 335.4 333 330.9 329 328 327.2 325.4 324 321.5 318.2 317.3 314.8 312.7 311.5 311.1 312.2 313.8 316.2 317.1 316 315.7 314.7 310.6 306 301.3 295.6 288.1 277.2 271.3 267.8 266.6 264.1 262 260.1 257 254.4 252.6 253.1 255 255.8 259.7 264.9 269.1 271.5 273.6 274.5 274.2 274.7 276.1 277.2 278.4
289.5 289.9 290.5 291.1 293.2 294.8 296.2 297.1 296.9 296.9 296.8 296.8 296.8 297.1 298.8 300.3 303.6 305.9 309.8 312.9 314.9 314.7 316.9 319.4 322.8 328 331.2 329.6 329.3 327.4 326.1 324.7 323.6 321.4 319.4 317.8 314.6 312.8 311.2 309.3 306.6 306.7 308 310.5 311.9 313.8 316.1 317 315.2 311.4 306.2 300.8 293.2 287.5 280.4 274.4 269.7 268.8 267.2 264.1 261.6 260.3 256.9 253.5 251.8 252.3 255.4 262 266.2 268.8 270.8 272.9 274.6 275.7 276.2 277.3 277.7 278.4
291.9 292.3 292.5 293.1 294 295.6 296.9 298 297.4 297 296.6 295.9 294.1 294.7 294.8 296.9 299 301.3 302.8 306.9 307.8 310.2 311.1 314 316.7 319.4 320.7 322.6 323.3 323.2 322.3 321.1 320.1 318.6 315.2 312.2 310.8 307.8 305.9 303.7 301.7 301.7 302.6 305.3 308.2 309.1 310.7 312.9 310.6 309.7 304.2 298.5 292.4 286.5 280.3 274.5 270.5 269.3 267.9 265.4 262.1 261.7 258.3 254.3 251.8 251.4 254.6 263.2 267.4 269.6 270.8 273.7 275.8 276.8 277.5 277.9 278.4 279.2
