Assets/StreamingAssets/GeoData/Data/ns/NS78.asc
ncols 200
nrows 200
xllcorner 270000
yllcorner 680000
cellsize 50
[rows 105 to 139 of 200, columns 78 to 155 of 200]
323.1 318.4 313.6 308.9 303.1 298.5 292.8 287.4 282.5 277.1 270.7 268 264.8 261 255.6 249.3 242.9 235.9 230.1 223.5 220.1 215 212.1 208.4 205.1 201.8 199.7 196.7 194 191.5 189.3 185.9 183.1 179.3 176.9 172.9 170.5 170.4 168.4 167 164.3 163.7 162.2 159.9 156 153.4 151.5 140 139.6 137.5 137.4 137.6 145.4 148.2 141.8 141.5 136.5 131.6 131.9 138.9 153.8 159.5 157.9 157.2 154.8 161 160.3 159.6 155.6 157.1 163.9 167.3 168.6 168.7 170.5 168.6 172.4 181.8
325.7 321.2 316.5 311.8 306 301.5 295.6 289.4 283 276.9 270.1 262.6 257.5 252.7 246.8 242.6 239.4 234.7 230.7 227.9 222.9 216.8 210.8 204.4 200.9 196.4 194.2 191.2 188.8 187.5 185.9 182.8 180.2 171.1 164.5 159.8 159 161.8 150.9 149 149.3 158 159.9 151.1 146.2 140.5 142.9 148.4 155.4 155.3 154.2 154.1 154.6 153.8 151.7 142.3 138.9 136.8 134.5 130.2 133.8 139.1 145.9 142.9 148.1 159 160.2 160.1 158.5 147.2 158.9 165 164.6 164.7 165.7 167 170.7 182
326.8 322.8 317.6 312.8 307.4 302.8 297.3 290.7 284.6 278.1 271.7 263.2 255.6 251.2 248 245.9 241.5 237.9 235.2 231.4 225.3 220.1 213 207.6 201.5 195.7 191.2 189 186.4 183.9 180.9 178.7 175.8 174.6 177.3 174.3 165.9 151.5 151.7 150.6 146 147.4 144.8 146.4 158.3 161.4 163.4 164.4 163.8 162.7 160.9 159.6 157.8 155.9 155.1 152.9 148.1 137.7 135.7 133.5 131.2 128.3 127.8 129.1 130.8 143.4 156.8 159 159 148.3 154 158.8 161.5 162.6 162.7 164.9 167 176
324.4 321.1 315.5 312.2 307 301.5 296.2 291 284.9 278.6 272.4 265.3 258 253.8 250 245.7 242 239.6 235.9 232.3 226.6 221.2 213.8 208.4 202.7 197.8 193.2 188.1 187.8 188.6 186.7 185.5 183.9 182.6 180.9 177.5 172.6 151.4 166.6 167.3 166.5 157.3 158 165.7 169.4 169.9 169.3 168.5 168.8 168.9 168.3 166.2 162.7 159.1 155.8 155.1 152.7 144.4 134.7 133.9 133.1 134.3 131.9 129.1 126.3 125.8 127.8 151.8 150.5 136.6 150.4 155.9 157.8 159.9 162.8 164.4 167.3 173.2
325.4 319.5 314.8 310.5 305.1 299.3 293.3 287.9 282.9 278 272.1 266.1 260.5 255.2 249.8 244.8 240.6 238.3 234 228.4 224.9 220.1 214.6 209.1 203.3 198.9 195.6 193.4 193.5 193.7 191.8 190.7 188.8 186.1 185 182.3 175.4 151 176.9 176 175.7 176.3 177.4 177.3 177.2 176.8 176.8 175.8 174.9 174.3 172.8 170 168.5 167.6 163.1 157.6 154.5 150.6 148.4 146.7 143.4 142 139.1 135.3 131.3 127.1 125.1 126.2 130.8 126.3 142 154.7 158.3 160.8 163.8 167.1 170.5 173.4
325.7 320.6 314.3 308.1 302.3 297 291 285.3 279.3 273.8 267.9 263.2 258.1 253.2 249 244.8 241.2 238 232.7 227.1 222.4 219.1 213.3 207.6 201.9 198.5 197.6 197.9 198.3 198.5 196.4 195.1 193.8 191.7 187.5 182.3 159.2 167.6 181.6 180.1 181 182.3 184.9 184.6 181.5 181.8 180.3 178.8 179.4 178.9 177.6 175.2 171.6 168.6 165.4 166.3 162.8 155.9 151.8 148.9 147.6 146.3 142.7 139.7 136.7 132.2 132.7 130.6 125.3 122.7 131.7 145.9 152.9 157.4 161.1 165.7 170.2 172.8
323.3 317.8 311.5 305.3 300.2 294.7 289.3 284.1 278.6 272.8 268.2 261.7 256.1 251 246.3 242.7 237.8 233.5 229.1 224.5 221.2 217.6 211.5 206.4 202.1 200.1 200.9 202.3 202.5 202.1 200.1 197.3 195.6 191 178.1 154.1 163.1 181.6 184.5 184.8 185.7 186.8 188.1 189.2 187.6 186.8 184.3 181.4 181.1 180.5 178.9 178.1 174.4 170.7 168.4 166.9 165.2 161.1 160.8 155.1 153.8 151.8 147.7 144 145 141.4 137.6 135 127.2 122.8 120 127.6 136 142.2 148.7 159.3 166.4 170.1
317.6 312.9 306.3 301.5 295.3 289.1 283.8 278.8 273.7 268.2 263 258.1 253.9 249.8 246.1 240.6 237.2 233.5 229.3 223.9 219.5 213.5 207.7 203.9 201.4 201.2 201.4 203.3 204.4 204.7 201.7 196 188.6 180.9 167.4 187.7 190.2 191.6 195.2 196.4 196 194.1 194.2 195.4 196.1 191.9 188.3 185.6 183.2 181.8 181.3 179.9 177.5 172.9 171.1 169.7 168.3 165.6 164 160.4 160 157.6 154.8 152.4 150.9 148.6 147.6 140.6 137.3 131.4 128.7 123.9 120.6 122.2 131.2 146.2 156.1 162.6
311.9 307.7 302.2 296.8 289.2 285.3 279.5 273.4 267.9 262.3 257.8 252.5 248.4 247.1 244.2 239.7 235.5 231.3 227.5 222.6 216.8 211 206.6 202.5 199.2 198.5 199.6 201.2 201.6 200.8 191.7 184.6 176.4 183.8 193 197.2 198.3 201.3 205.5 207.7 204.7 200.5 199.4 199.3 197.7 195 193.8 192.1 192 190.3 185.4 182.6 180 176 174.1 172.9 171.1 167.3 164.5 168.6 169.6 168.6 166.6 163 158 152.4 152 151.1 150 147.1 141 133.6 125.6 120.1 118.8 128.7 148.8 155.7
305.1 300.1 294.4 289.6 284.7 279.5 274 268.1 262.2 256.4 253.6 250 246.7 244.1 240.9 237.6 232.8 228 222.9 217.6 211.8 206 202.4 198.5 195.6 194.1 195.2 187.3 180.5 191.7 179.5 184.5 189.4 199.1 201.2 205.3 208.7 212.4 213.5 211.9 208.4 203.6 201.6 199.9 200.5 199.5 198.5 196.7 194.5 192.7 188 185.7 182.3 177.9 177.4 176.4 173.8 169.6 167.2 172.3 175.3 174.9 173.8 170.7 166 164.7 166.1 161.6 155.8 153 150.1 144 130.1 121.6 116.8 129.3 145.9 148.6
298.2 294.3 289.7 284.1 273.8 272.7 267.6 262.5 256.5 251.4 245.8 243.2 238.3 235 231.2 228.3 225.4 222.3 216.2 211.3 205.7 201.5 197.7 194.8 190 188.3 186.9 182.8 190.1 189.3 196.4 196.4 200.5 207.6 209.1 211.9 216.7 220.2 217.6 214 208 203 202.1 203.4 204.7 203.3 200 197.4 195.9 191.7 188 186.8 183.9 180.1 179.9 179 174.3 172.5 169.2 171.5 174 175.3 173.2 172.3 171.7 169.2 167.6 164 159.4 155.7 154 151.3 141.9 126.6 119.6 119.7 126.7 133.8
288 283.8 279.6 274.9 269.2 265.4 261.2 256.8 252.3 248.2 244 238.7 235.1 234.4 229.3 225.3 222.8 218.6 214.1 207.4 201.9 198.7 196.2 190.6 187.7 187.4 182.2 189.6 196.7 199 203.7 205.9 210.3 213.8 213.1 213.5 215.9 216.5 214.8 211.4 208 206 207.3 206.3 204.8 201.4 198.7 196.5 194.3 190.6 188.2 187.5 185.3 182.3 181 178.8 175.4 175.5 172.2 169.6 170 173.3 172 170.4 170 170.2 168.9 167.2 165.3 162.7 160.4 156.6 153.7 140.3 129.9 117.8 115.5 121.1
279 274.5 270.8 266.5 261.3 257.6 254.2 250.4 247 243.2 239.9 236.5 233.5 229.5 225.5 222.3 220.1 216 211.8 205.1 199.5 197.1 194.1 187.8 187 186.2 184.6 197.4 200.4 203.6 210.8 215.4 216.5 218.2 217.6 215.9 215.4 220 218.8 214.8 218.5 214 211.2 208.7 205.9 202.7 198.6 195.6 192.4 189.8 188.4 185.3 184.5 182.1 180.5 178 176.9 174.2 172.8 174.8 169.9 169.3 168.1 167.5 167.3 166.9 168.1 167.5 166 165.1 163.3 161.5 159 154.6 145.9 129.5 113.3 115.9
271.6 266.9 263.5 257.8 253.2 250.2 246.7 244.3 241.2 237.8 234 230.8 228 224.8 222.3 218.7 216.1 212.9 209.3 204.3 198.3 194.6 190.3 188 186.9 183 192.1 199.9 205 211.4 217.1 220.7 221.5 220.5 217.9 221.1 226.7 228.5 224.9 223.2 220.2 214.9 210.9 208.8 206.1 203.3 200.4 197.3 194.7 191.8 187.3 184.4 183.4 181.8 179.4 178.6 177.5 174.7 174.7 175 170.2 170.2 169.4 167.9 166.1 165.4 165.4 165.7 165.7 165.6 163.3 162.7 160.9 158.6 155.3 141.6 119.6 110.2
262.6 258.6 255.2 250.5 245.2 241.9 237.9 234.6 230.7 227.8 224.1 222.4 221 218.3 215.6 213.4 211.5 208.3 204.8 201 196.3 190.7 188.6 184.5 184.2 191.5 199.5 206.4 212.1 220.8 224.8 225.9 226 224.8 225.9 229.5 231.7 232.4 229.1 225.8 223 219.9 214.2 210.1 207.9 204.6 201.9 199.6 196.5 192.9 189.4 188.4 187.7 184.6 181.8 180.7 178.9 176.3 174.8 174.3 172.5 171.6 170.4 168.6 166.7 166.4 165.8 166.4 165.8 163.1 162.5 161.8 161 158.5 156 139.9 125.4 118.7
258.7 253.9 250.5 245.6 240.4 236 230.9 228 224.2 220.8 217.2 214.7 213.7 211.8 209 206.7 206 202.5 199.9 197.9 192.6 188.3 185.3 184.9 190.8 199 204.2 211.4 220.7 225.4 230.4 231.1 230.4 231 233.3 235.6 237.6 238.1 235.5 230.6 227.2 223.3 219.3 213.2 210.5 205.8 201.9 199.3 197.2 194.9 192.8 191.1 189.2 185.9 183.8 182.2 180.4 178 175.6 175.4 174.5 171.9 170.3 169.7 169.1 167 165.8 165.9 163.7 162.2 161.9 159.2 156.8 149.9 147.1 139.6 132.8 124.3
252.9 248.9 245.8 240.2 237.2 230.8 226.2 220.5 218.8 216.3 212.3 209.1 206.8 205.2 202.7 201.3 200.5 199 197.1 188.8 187.5 184.3 186.1 193.3 200.5 205.8 211.3 217.5 221.3 225.3 229.5 234.8 237.8 239.2 240.1 245.1 244.3 244.6 241.6 236.3 232 227 222.5 216.9 212.7 207.1 202.7 200.1 197.3 195.6 193.7 191.4 189.2 186.7 185.5 183 180.2 179.9 177.3 176.1 175.9 173.7 171.7 171.1 169.3 167.4 165.2 164.6 163.2 162.5 161.6 159.8 158.1 155.7 156.4 143.8 139.6 132.4
244 243.1 238.5 233.3 230.2 226.4 223.3 216.6 214.2 212.1 208.7 205.4 202.6 200.9 196.4 187.8 191.8 195.1 189.7 186.1 186 191.1 199.2 204.2 208.9 213.6 218.5 224 228.7 233.9 241 243.6 245 245.6 248.9 249.8 248.4 246.2 242.9 238.8 234.1 230.2 225 221.2 217 211.7 206.8 202.7 199 196.8 194.1 192 189.8 188.2 187.6 188.6 182.7 181 179.9 179.3 178 175.5 173.7 172 171 170 168.1 165.9 164.2 164.2 162.3 161.9 158.8 158.1 156.3 154.9 150.2 151.1
235.3 235.3 228.3 222.3 220.2 217.8 211.5 209.9 208.1 208.6 206.8 202.9 193.7 189.1 188.9 189.1 188.9 185.8 184.8 192.2 196.9 205.5 209.1 213.3 217.3 222.2 226.2 231 236.7 243.1 248.4 250.5 254.4 256.3 258 256.9 253.2 250 245.5 241 235.9 231.9 226.7 223 218.9 214.8 211.9 207.2 202.6 199.4 196.5 193.7 190.5 189.1 188.9 184.9 184.7 182.5 181.5 180.2 178.3 175.8 173.7 172.7 171.7 170.4 168.3 167.4 167.5 165.1 163.5 163.7 162.9 159.8 158.5 156.9 155.6 154.4
220.5 219.7 220.1 216.5 213.1 210.3 206.9 203.2 201.6 199.9 193.4 190.6 190.1 189.2 190.6 192.7 192.9 190 195.7 200.9 208.1 214 216.6 221.1 225.9 231.5 236.6 241.8 248.3 254.3 259.2 262.2 266.8 267.7 269 271.7 272.3 271.1 265.4 259 253.1 248.7 242.3 234.9 227.7 222.7 217.5 212.1 207.9 203.9 201.9 199.3 194.2 193.5 191.1 190.3 187.9 186.2 184.3 180.2 177.4 175.9 174.7 174.2 172.7 170.4 169.4 167.6 166.5 165 165.3 164.3 162.6 161.3 159.6 158.1 157.2 155.9
208.2 208.2 207.7 204.6 202.7 200 197.5 196.3 192.3 190.2 190.5 190.7 189.9 190.8 193 199.5 200.2 200.5 203 209.6 214.3 219.7 226.1 231.8 238.1 243.3 249.8 254.7 260.2 264.7 267.5 270.5 274.8 279.4 283.5 286.8 285.4 278.7 271.7 267.5 262.5 257.8 254.2 248.4 241.5 237.2 229.4 223.2 216.4 210.5 208 204.7 199.8 201.4 195.8 195.2 195.4 191.8 187.4 183.1 179.8 176.8 176.1 175.7 174.4 171.9 169.5 168.5 166.1 164.2 162.9 162.4 161.5 161.2 160.5 159.6 157.3 157.3
197.4 197.5 196.5 195.9 195.8 194.9 194.6 193 191.1 191.3 191 189.9 191 193.8 202.1 206.2 208.3 210.1 211.6 217.2 221.6 228 234.7 240.9 248.1 253.5 258.4 262.9 266.9 270.7 272.5 275.1 279.8 287.7 290.9 290.5 284.6 277.4 270.7 265 260.6 257.2 254.3 249 243.6 239.6 235.4 230.9 225.7 222.9 218.2 213.2 208.1 202.1 201.4 198.1 198.4 195.8 190.6 188 185.4 180.7 177.8 178.1 176.1 172.9 170.3 168 166.2 164.8 163.5 161.9 161.6 161.1 160.9 159.8 158.3 157.9
196.9 196.8 196.5 195.8 195.5 195.1 192.9 193.1 191.8 192.6 195.5 198.6 198.3 206.4 209.6 213.4 216.4 219.4 221.8 222.8 227.8 233.9 239.3 245.2 252.5 257.1 262 267.5 271.3 273.6 275.2 277.7 283.8 295.4 291.9 286.4 280 273.9 268.8 262.4 255.7 252.1 248.2 244.8 241.6 238.5 235.3 231.7 228.5 226.5 222.8 219.1 215.6 210.8 204.1 201.5 199.2 197.9 194.6 191.2 188.3 185.3 184.3 181.8 178.9 178.1 172.9 171.3 169.9 167.2 163.4 160.9 158.2 155.8 154.9 154.1 154.1 152.9
194.6 195.4 196.5 195.7 194.8 194 192.8 192.1 196.1 198.4 204.1 205.5 205.1 209.5 214.2 218.2 221.6 224 227.4 231.5 233.3 238.1 242.5 248.2 254.2 258.9 263.7 268.9 273.2 275.7 278 280.2 289.2 293.3 288.9 284.5 278.3 269.3 263.2 256.8 252 248.7 245 243 239.4 235.9 232.7 230.6 227 225.5 223.6 221.7 218.7 215.8 211.3 205.5 202.3 200.9 198 191.7 188.9 187 185.2 183.1 179.6 178.1 177.2 174.9 171.4 168.3 163.5 159 156.2 153.2 151 149.9 150.3 150.4
204.9 200.3 194.6 194.5 194.3 193.7 193.3 193.3 196.6 204.7 206.8 208.2 209.5 212.2 216.7 221.3 224 228 232 235.9 238.1 241.2 245.6 251 256.4 260.7 265.4 269.9 275.4 278.6 281 283.4 286.8 287.4 283.4 278.1 272.3 267.3 265.5 269.2 272.2 268.9 264.8 256.3 247.1 239.9 235.8 231.3 227 224 220.5 220.5 218.6 216.3 210.6 209.5 206.4 202 199 195 193 189.8 185.9 181.4 178.5 175.9 173.2 170.5 165.3 165 161.6 157.2 156.7 153.4 147.8 147.7 144.3 147.3
206.9 204.3 204.9 202.5 202.8 204.6 194.7 197.5 205.1 207.3 210.4 212.3 212.9 214.2 220.7 225.3 227.3 231.4 234.8 239.2 243.1 245.7 249.7 254.3 259.6 264.1 268 272.1 279 282.3 284.7 286.6 286.4 283.6 281.6 278.3 275.7 283.5 291.7 291.2 286.7 281.8 275.4 269.1 263.2 255.3 245.6 237.5 230.9 225.5 218.7 218.1 213.8 211.4 208.6 206.8 203.9 201.5 198.7 196.3 195.4 189.6 188.6 187 182.9 180.6 177.4 173.9 170.4 168.2 166.9 163.5 159.9 157.5 154.4 150.9 148.2 143.3
210.6 208.3 207.1 205.7 206.9 206.5 206.9 200.3 209.4 212.5 213.2 216.3 217.7 221.7 226.9 230.2 231.6 234.7 238.3 242.2 246.4 251 255.3 258.8 265.1 268.1 271 276.5 283.4 285.6 287.1 287.4 286.1 284.5 283.7 284.7 295 300 297.4 293.9 289.4 284.7 279.7 273.4 267 260.3 253 245.2 238.4 231 225.8 223.2 215.2 212.3 209.1 204.2 203.3 199.9 200 197.5 196.3 193.8 197.5 191.4 186.2 184.6 181.4 179 174.8 173.6 171.2 167.8 164.6 161.1 156.4 151.3 147.8 145.2
210.9 210 208.6 207.4 208.8 207.6 205.5 204.2 214.1 216.4 219 221.5 225.1 227.9 230.5 233.1 235.9 240 243.7 246.7 252.4 255.4 259.7 266.3 268.9 270.8 273.6 282.3 284.9 288.8 291.2 289.5 290.9 292.6 297 307.5 307.4 303.6 302.4 297.7 292.5 286.3 280.4 274.7 269.1 262.8 255.8 249.1 241.3 233.8 227.6 221.6 216 212.2 209.3 207.1 205.7 203.7 201.3 198.1 198 197.6 193.8 191.3 188.2 186.6 183.1 179.8 178.8 177 173.5 170.2 167.6 162.9 158.1 153.3 148.6 145.1
215.9 216.3 212.4 208.3 210 207.8 204.7 209.8 215.2 218.8 222.8 226 230.6 233.4 236.9 239.6 242 246.6 250.3 254.1 258.8 264.1 268.5 272.4 274.4 276.7 282.2 287.1 292.5 294.3 296.8 304.7 305 302.6 309.7 313.2 313 310 306 300.9 295.5 288.7 282.7 276.5 270.9 264 258 251.7 242.9 235.1 229.3 222 217.8 213.8 211 207.4 206.3 203.7 202.9 201.6 199.5 197.4 197.7 192.4 189.6 188.1 185.4 183.3 181.5 179.3 174.7 171.8 167.8 162.5 158.5 154.6 150.2 146.2
217.5 214.5 214.2 210.6 213.8 210.4 208.4 214.5 216.3 219.7 226.9 230.9 232.9 236.7 241.4 246.1 248.4 253 257.7 262 266.1 271.4 276.2 279.4 281 282.9 286.2 293.4 296.1 300 309.6 320.9 317.5 316.8 322.7 319.4 315.7 311.6 306.7 301.6 296.5 290.6 285.1 278.6 273.4 266.9 260.5 254.1 245.9 237.4 232.7 226 221.1 216.7 214.1 209.8 206.1 203.1 204.2 205.1 204.3 200.4 196.9 193.7 193.4 188 186.4 183.8 181 180 177 172.9 168.2 162.7 158.9 155.1 151.3 147.1
219 217.1 217.2 213.2 216.5 209.3 208.9 215 218.6 225.7 230.7 234.4 234.9 238.9 244.8 249.1 254.7 258.8 263.6 267.2 271.3 276.8 282 283.7 284.8 286.2 291.3 296.4 299.6 309.1 320.3 322.1 322.1 324.4 324.2 322.4 317.8 312.3 306.6 301.3 296.3 290.8 285.4 279.5 274.5 269.2 262.5 256.6 249.1 242.8 236.6 229.7 224.7 220.5 216.7 211.6 205.6 204.9 206.3 205.5 204.7 203.4 197 194.7 192.3 188.8 187.4 184.6 180.7 179.4 175 171.8 166.9 161.8 158.4 154.6 151.3 147.1
218.6 216.9 214.9 216 216.9 212.6 214.2 222.4 227.4 232.4 236.2 237.1 237.2 242.5 247.5 252 255.9 262.9 267.1 270.6 275 279.9 283.5 286.1 287 289 292.2 297.6 304.1 320.7 324.8 326.2 327.8 327.3 326.9 322.9 317.4 312.8 307.2 302.1 296.7 291.1 285.9 280.8 275.6 271.8 265.1 259.8 253.1 246.7 240.9 234.7 229.8 225.2 219.9 211.9 207.4 203.4 202.3 200.3 199.5 201.5 196.6 194.7 192.8 189.1 187.9 185.5 182.7 179.2 174.8 170.2 166.5 162.5 158.6 154.7 149.9 146.3
219 217.3 221.8 221.5 219.4 213.1 217 227.2 232.2 236.7 239.8 241.4 241.2 248.3 252.1 255.3 258.6 262.2 265.6 271.1 276.7 282.1 286.7 288.9 291.2 292.5 293.2 298.4 310.6 323 327.9 330.4 331.7 329.3 326.3 320.8 316.8 312.6 309.5 303.6 298 292.5 288 284.1 278.9 274.8 269.7 263.4 257.3 251 246.4 240.3 235 229.9 224.1 218 212.4 209 205 201.3 199.9 201.7 195.2 192.2 190.6 187.8 186 182.8 180.5 176.5 173.2 170.5 167.5 164.2 159.6 154.9 150.4 147.2
220 223 225.2 222.2 223.8 217.4 216.7 229.9 234 237.4 242.7 245.2 246.5 251.3 256.2 259.3 263 265.1 268.4 274.7 282.3 287.7 291.8 293.2 294.8 297.5 296.8 302.5 315.9 329 334.4 338.7 339.3 336.8 333.5 326.3 321.6 315.7 313.6 308.6 304.4 299.4 294.3 288.8 284.4 279 272.9 266.8 261.2 254.6 248 242.3 237.4 232.6 227.5 222.3 218.5 214.6 210.6 206.5 201.2 198.3 195.4 191 188.3 186.9 183.7 180.5 177.3 174.6 171.4 169 166.6 164.2 160.3 155.3 150.5 146.6
223.8 228.7 226.1 222.2 222.2 222.2 222.2 230.1 234.6 237.4 242.3 246.1 249.6 254.9 260.1 263.6 267.3 270.2 274.5 282.6 287.3 292.9 296 297.1 302.3 303.6 302.4 310.5 321.7 334.7 340.1 345 345.2 341.8 337.1 330.9 324.7 319.6 316.8 311.9 306.8 301.9 298 292.2 287.5 282.4 276.1 269.6 263.8 258.3 252.4 245.8 241.7 237.4 231.8 227.6 222.8 218.6 214.5 209.2 205 202.7 196.9 192.5 188.8 186.7 183.1 179 176.4 173.8 170.2 166.9 165.2 161.5 159.9 155.4 152 147.9
