Assets/StreamingAssets/GeoData/Data/ns/NS80.asc
ncols 200
nrows 200
xllcorner 280000
yllcorner 600000
cellsize 50
[rows 140 to 174 of 200, columns 0 to 77 of 200]
363 359.7 352.6 340 322.7 327.5 328.4 322.6 316.5 311.3 304.7 296.5 291.7 288.7 281.1 279.1 282 277.6 270.8 275.1 281.2 289.4 306.7 324.3 338.9 344.5 351.5 356.7 359.5 362.1 359.2 353.4 347.8 344.2 340.9 338.1 334 328.3 325.4 322 315.5 310.4 305.2 302.6 300.6 295.1 290.4 280.9 273.1 268.6 271 268.6 267.3 264.6 263.6 263.6 261.1 261.3 262.5 264.6 264.8 260.1 256.8 253.8 250.1 245.9 238.1 226.2 215.2 200.2 188.7 181.4 175 174.3 174.6 175.2 171.3 165.2
355.5 352.3 343.5 330.9 340.4 344.1 343.2 336.1 328.7 321.2 313 304.4 294.9 289.8 285.8 281.7 275.1 276.4 268 269.3 275.4 280.9 297 314.3 328.6 339.7 343.1 348.6 352.1 357.3 355.6 354 350.3 343.5 340.8 338 335.2 330.8 326.6 324.1 320.6 315.2 308.1 305.7 303.7 301.1 295.8 287.5 278.2 271.1 255.9 263.4 260.8 258.6 257.1 254.4 251.6 251 250.7 252.6 253.6 251.7 247.8 245 243.4 239.9 234.3 224.9 214.8 203.9 194.5 186.7 176.5 170.9 171 171.4 167.8 163.3
355.2 345.2 343.8 348.2 355.8 359.6 356.6 350.1 340.6 330.6 321.1 313.1 303.5 295 289.7 285.6 279.2 272.5 267.8 265.2 269.7 272.5 286.7 301.9 314.7 324.8 333.8 340.3 343.7 346 346.8 349.8 347.5 343.2 340.8 338 334.3 330.9 327.7 326.2 323.7 318.7 312.3 307 304.4 304.2 300.1 292.4 283.8 274.4 261.1 249.1 253.5 252.4 250.5 246.1 241.8 241.5 239 239.1 239.7 241 239.6 236 235.5 234 230.3 223.2 213 208 197.6 186.4 174.8 169.7 167.8 168.4 166.4 161.8
354.2 351.8 353.5 362.9 367.7 368.9 369.5 365.4 354.1 343.1 329.8 322 313 301.1 292.2 285.5 280.9 272.3 268.5 265.4 263.4 270.5 277.6 289.5 302.3 313.5 326.9 332 333.8 337.9 340.3 341.7 342.5 341.3 339.6 335.7 332.2 327.7 326 324.7 326.2 321 316.5 308.1 303.1 301.7 298.6 294.9 286.2 278.1 266.9 255.8 244.5 243.2 238.8 236.3 234.2 227.4 226.4 226.9 225.7 228.3 228 226.8 225.4 225.8 222.4 219.7 213.2 209.9 198.1 186.4 174.2 171.3 166.4 165.1 163.8 162.5
356.6 357 362.7 368.7 374.8 378.8 380.3 377.2 370.2 358.9 346.2 333.8 324.2 312.3 299.8 289.2 282.5 277.4 270 265.1 261.8 265.9 272.7 278.6 293.4 305.1 316.1 323 328.1 331.3 335.5 336.6 337.9 336.7 333 331.7 327.6 323.8 321.7 320.3 318.9 318.2 312.3 306.6 300 298.3 294.5 289.8 284.4 277 271.2 258 245.6 225.7 229.9 229 225.2 215.1 214.1 212.3 213.7 213.6 215.3 213.4 213 214.6 214 212.5 209.9 204.5 197.1 187.3 177.3 171.3 166.4 164.1 163.1 161.7
363.4 362.7 366.3 371.6 379.3 386.1 388.8 390 384.4 376.1 365.9 354.2 340.7 326.8 309.1 293.8 285.1 278.9 272.5 266.5 262.1 261.5 266.5 276.1 282.6 298.4 309.2 317.6 323.6 327.4 332.2 333.8 333.5 333 329.8 325.5 323.7 319 315.1 311.7 308.4 306.3 302.6 296.8 291.9 286.3 284.3 280.7 277.1 269 262.2 251.8 243 232.7 216.4 216.4 210.3 208.5 205.5 202.3 203.5 203.4 205 204.9 203.7 203.3 206.9 206.3 204 200 195.2 187.6 177.3 171 165.7 162.7 162 160.6
364.6 366.1 369.4 373.2 381.9 390.7 396.5 399.4 397.6 391 382.4 374.7 357.8 339.9 318.6 302.1 288.8 282.7 275 267.8 263.2 260.8 260.2 269.2 277 288.1 299.9 312.2 318.6 323.9 330.5 331.8 329.4 328.3 323.5 322.2 318.8 315.8 310.8 305.7 301.3 296.2 291.5 289.5 286.1 280.3 272.9 271.6 266 252.7 245.3 240.6 234.3 236.7 226.1 223.1 214.9 210 206 198.9 194.4 194.7 195.6 194.6 197.1 196 196.4 197.5 197.9 195.5 192.3 187.1 179.5 172.7 165.9 164.5 161.6 159.6
363.4 366.1 368.6 373.1 381.9 393.7 403.6 409.9 410.4 406.9 399.6 389.7 373.4 351.3 327.1 310.8 296.1 286.2 274.5 270.2 263 260.4 259 262 267.9 278 295.3 307 313.7 321.6 327 328.3 327.4 323.7 321.6 318.7 313.8 309.8 307.4 303.7 301.4 299.1 296.2 291.9 287.5 284.4 281.7 278.6 274.5 267.1 260.2 253.9 248.8 245.5 236 233 222 221.4 219.1 211.5 202.5 197.5 195.4 187.4 184.9 186.3 188.1 187.1 190.9 190.3 188.6 184.1 179.4 172.3 166.1 166.5 159.4 158.3
359.6 363 365.8 371.7 383.5 398.5 409.3 417.1 420.5 418.9 410.3 394.8 381.2 361 341.1 321.8 304.4 287.7 281.3 272.8 265.3 261.4 259 257 264.7 275.3 289.1 302.1 312.7 321.7 325 326.2 325.9 324 322.2 320.1 318.7 316.2 313.1 308.5 307.3 304.8 303 301.6 298.2 293.1 289 283.5 281.7 277 267.3 259.7 253.9 250.8 247.2 242.1 234.3 234.6 232.6 224.5 216.8 211.8 205.4 197.5 193.8 185.8 180.1 178.1 182.3 184.6 183.4 180.4 178 172.5 166.5 166.4 161.6 158.1
352.8 357 359.1 369.7 383.5 399.8 412.1 419.5 425.2 423.2 411.5 396 381.6 368.2 348.8 329.7 308.4 294.3 284.2 274 266.3 260.3 258.1 257.1 259.2 274 284.2 296.7 308.8 317.3 321.3 324.4 324.9 324.5 324.8 325.1 325 323.2 320.6 315.8 315 316.7 317.2 316 311.5 307 301.9 296.8 290.7 285.2 278.7 268.3 261.2 256.4 253.3 252.2 250.4 249.5 246.3 238 232.2 224.7 215.1 205.9 202.1 195.2 186.4 178.6 169.5 176.4 176.8 175.9 174.5 170.2 165.6 165.2 163.7 157.9
343.8 347 350.4 365.7 380.3 396 410.2 420.7 425.7 421.7 409.6 395.1 379.7 364.9 349.2 330.4 313 298.5 285.4 277.7 269.3 262.9 258.2 256.1 256.3 270.8 281.7 292.4 304.8 312.8 316.4 321.9 324 326.9 328.7 331.3 331.7 330 327 326.4 327.9 328.1 327 326.9 324.1 317.4 312.4 309.1 303.4 297.4 289 281.4 272.3 265 261.4 259.2 260.5 259.9 257.2 253 245.6 235 224.8 214.8 209.9 205.6 194.7 183.6 174.5 164.4 172 170.9 172.2 170.9 168.5 166.4 162.2 162.3
333.3 337 342.6 355.7 371.9 389.4 404.2 415.6 417.7 415.5 403.8 386.7 372 356.6 343.3 327.2 316.5 302.7 288.8 277.8 268.2 263.5 258 256.3 254.8 266.9 276.4 287.4 300.3 305.5 311.7 318.3 324.7 328.5 331.3 336.1 337 335.3 332.8 334.1 335.5 335.8 335.2 336.5 333.1 326.7 322.9 319.2 315.9 304.4 297.4 291.7 284.1 276.9 268.2 262.8 264.5 266.8 268.1 259.3 250.4 240 228.9 219.7 212.7 206.3 196.9 182.9 172.8 166.5 162.5 168.1 168 168.8 166.6 161.5 155.1 156.2
319.1 326.9 333 342.6 359.6 378.6 395.2 403.3 404.2 403 390.1 376.4 363.1 351.5 338.2 325.6 312.9 299.8 288.3 278.2 269 263.3 257.6 256.1 254.3 267.1 274.5 284.3 290.9 300.4 310.9 317.3 323.5 328.2 331.8 336.7 339.3 338.5 337.9 340.1 341 341.8 344.5 341.4 337.9 332.7 328.2 325.4 317.6 310.2 303.4 297.5 293 291.8 282.4 270.6 266.2 272.1 268.6 262.2 255 248.3 234.2 223.2 216 209 199.6 187.2 176.6 167.2 161.1 158.4 161.6 164.6 155.3 153 152.9 153
319.6 313.5 323.2 331.5 345.1 363.1 379.3 383.6 385 382.5 374.4 364.7 355.4 346.2 335.3 323.2 309.2 298.1 289 279.2 272.2 265.1 259.9 255.4 253.5 264.7 273.3 280.6 286.4 298.3 307.9 314.2 322.2 327 331.5 336.1 338.9 340.1 341.1 343.9 347.2 347.5 347.1 344.8 338.6 333.7 330.2 326.3 320.8 311.8 302.9 299.6 298.8 294.9 287 282.1 273.3 269.3 268.4 263 256.1 248.3 237.9 225.3 215.5 208.8 197.9 187.9 177.9 169.2 160.7 158.2 157.4 154.7 155.3 153.3 153.3 153.3
319.2 311.4 311.8 321.4 330.8 344.8 355.6 363.5 365.3 363.4 360 353.8 345.1 337.7 329.5 314.4 304.5 295.7 286.3 277.4 274.4 268.4 262.5 255.7 253 263.2 273.1 277.2 285.3 294.8 304.5 311.5 319.4 326.4 330.9 335.5 338.7 341.3 342.9 346.7 351.9 346.9 343.2 341.9 339.3 332.8 327.7 326.5 320.1 311.1 301.4 298.6 302.4 297.5 290.1 281.8 276.3 267.1 263.5 259.7 253.2 244.3 237.2 226.2 215.1 204.7 195.9 191.1 178.7 167.9 161.1 156.5 156.5 155.9 153.8 155.2 154.5 159.7
320.7 311 300.7 307.2 318 327.5 333.2 337.8 342.1 343.7 342.5 337.6 332.3 326 316 305.6 301.2 290.4 280.4 278.2 270 266.4 261.1 254.4 252.7 258.7 268 275.2 280.9 293 301.3 309.8 318.5 325.9 331.4 336.1 339.6 344.4 347.1 347.4 345.8 344 337.1 336 332.6 329.9 324 321.7 316.3 308.6 296.6 295 300.9 296.8 288.7 281.9 274.4 268.7 257.3 254.1 250.6 241.4 235.6 226.9 215.8 204.5 197.1 192.7 179.3 168.5 160.5 156.3 154.5 153.6 153.5 152 156.2 159.5
320.8 311.1 302.6 299.1 303.8 309.8 314.5 316.4 321.2 324.3 322.1 320.3 314.4 309.9 302.3 297.9 290 283.3 276.4 274.2 269.5 265.2 260.3 253.6 250.5 263.6 272.6 279.9 287.3 294.6 302.5 312.1 318.1 325.3 331.5 338.3 345.2 350.2 351.2 348.7 341.9 335.5 332.8 326.6 324.8 322.3 318.6 314.7 310.6 303.6 295.3 289.5 293.2 291.7 286.9 279.2 271.9 264.4 257.7 248.9 245.1 239 233.7 224.4 213 203.1 195.7 188.8 178.9 168.5 161 155.8 153.4 152.7 151.8 151.4 153.6 155.7
322.9 312 304.3 297.9 292.2 294.7 300.4 302.7 307.6 306.8 304.2 303.7 299.2 295.5 291.3 286.1 282.7 278.8 273.1 269.9 266.4 263.2 257.5 251.5 249.4 270.2 278.6 285.4 292.5 300.9 308.9 317.2 323.6 330.3 337.6 344.1 351.3 356.1 356.8 351.3 340.7 330.7 327.3 319.5 315.9 314.5 308.8 306.6 303.8 297.5 292.9 283.3 282.6 286.6 279.9 275.5 268.5 261.4 253.9 246.9 238 233.4 230 222.5 214 205.6 196.9 189.4 181.7 170.1 160.7 154.7 152.3 151.5 151.3 150.1 151.1 152.6
325.4 316.1 306.8 299 293.5 284.7 287.1 291.4 295.3 295.7 291.8 290.6 286.7 285.5 282.8 276 275.4 271.7 267.2 263.5 261.6 258.3 253.5 250.6 267.5 272.1 283 291.7 301.5 312.1 318.7 325.7 332 338.5 347.2 351.3 357.5 361.9 359.2 352.4 340.7 331.2 321.2 314 307.2 302.8 300.5 296.7 294.8 291.4 286.4 278.8 273.9 276.5 273.4 268.4 261.9 254.5 249.5 242 236.4 230.6 226.4 220 212.2 204.9 194.5 187.9 180.2 171 160.4 154.1 151.1 150.4 150 150 149.7 150.9
326.2 316.8 309.4 301.6 293.7 288.7 279.4 283.1 285 287.7 284.7 283.1 280.7 278.6 277.3 273.7 269.8 266.4 262.3 260.2 257.3 254.2 249.4 254.9 267 276.9 287.4 298.4 312.5 322.3 330 337.9 344.8 348.3 352.8 355.6 363.1 367.8 363.2 353.6 340 328.7 320.9 308.3 301.4 295.2 292.5 287.4 285.1 282.1 277.5 274.6 268.2 266 264.6 260.3 255.9 251.4 245.3 239.3 231.5 225.4 220.8 216.7 210.6 203.3 195 187.1 179.3 172.8 162 158.6 151.6 149.9 149.7 148.6 149.6 151.8
329.3 318.6 311.5 305 298 291.1 284.3 275.3 277.4 278.5 278 277.5 276 274.8 272.9 270.7 266.7 263.8 260.6 258 254.7 251 246.3 257.5 267.3 278.5 292.6 306.7 320.9 332.4 342.7 350.9 355.9 356.1 358.3 360.4 368.5 372 366 351.2 338.6 329.7 319.3 313.6 301.6 293 282.5 277 277.8 275.2 269.8 266 261.5 257.7 256.8 254.6 249.9 245.7 239.3 233.9 227.5 222.3 217 213.2 207.4 201.4 195.3 187.3 178.7 173.4 167.3 160.4 153.2 149.2 149.5 149.1 151.1 154.2
334.8 324.8 317.3 310.5 303.4 293.6 287.9 281.2 273.3 273.1 268.1 271.5 271.3 269.5 268.6 266.3 264.1 261.6 258 255 252.6 249.2 244.9 257.8 270.4 282.9 299.6 315.2 329.9 341.6 351.8 359.1 360.9 361.2 362.7 364 370.5 371.2 364 353.4 341.5 327 317.7 313.4 302.6 291.9 284.4 276.2 267.8 265.1 261.3 259.5 256.2 252.4 248.8 246.8 245.4 240.5 234.8 228.8 223 218 213 206.3 204 198.5 193.1 186.3 180.1 172.9 167.8 162.8 156.4 148.7 148.7 148.1 154.1 156.1
346.4 334.9 324.8 316.2 305.4 298.6 291 284.9 280.2 275.2 271.5 265 264.4 266.4 264.6 263 260.9 257.8 256 253.7 250.4 247.7 243.8 255.7 270.8 290.9 307.9 325.1 339.4 348.7 362.1 365.2 364.7 364.8 366.1 368.1 370.8 367.2 358 348.7 336.3 326.8 313.8 310.1 301.5 292.4 284.8 277.1 264.5 258.3 255.1 252.4 250 245.3 240.9 239.6 239 234.4 229.5 225.5 217.4 212.7 208.5 202.9 198.2 196.2 190.6 185.4 179.3 172.7 169.5 164.1 157.2 148.4 148.1 147.5 154.3 159.4
359.9 349.6 336.1 325.3 315.5 306 297.3 291.3 285.2 279.7 274.5 271.4 268.1 260.4 259.6 260 257.9 255.3 252.6 250.5 248.6 244.6 244.3 256 275 296.8 315.9 334.7 345.6 351.5 361.6 364.6 364.4 364.9 366.4 373 369.7 357.7 349.9 342.8 332.2 325.3 309.9 300.9 295 289.6 281.4 274.9 264.3 257.1 247.9 245.5 242.2 239 235.3 231.8 228.9 228.2 225.5 219.2 210.4 206.5 202.4 199.3 194.4 191.7 187.1 183 178 172.5 169.2 164.1 156 148.1 146.9 147.7 156 161
378.7 366.2 353.4 340.6 330.8 321.7 312.4 302.9 294.8 288.5 282.3 277.9 270.7 266.5 261.7 256.5 256.7 256.6 254 249.1 247.1 243.1 245.5 258.9 284 302.3 322.1 336.9 347.8 353.3 355.2 358.2 361.1 362.1 368.4 374.3 368.3 355.7 345 333.6 326.4 317.4 306.4 294.5 289.3 283.6 273.7 270.3 263.1 255.1 247.7 241.6 237.4 233.8 229.6 226.4 223.3 219.8 216.8 210.6 205.1 201.3 198.3 194.5 190.1 184 183.3 180 175.2 170.8 167.4 163.8 157.5 148.6 146.5 149.9 158 161.3
389.4 379.7 371.3 363 356.1 345.4 334.1 325.5 313.3 306.1 299 288.7 275.6 270.7 265.7 260.8 255.7 253.4 250.8 247.8 246.6 242.5 246.3 262.2 284.4 304.3 319.8 332.2 340.2 347 347.1 347.6 352.9 358.6 363.6 367 362.6 354.9 340.6 326.8 319.3 308.3 298.4 289.8 282.5 277.6 273 263.8 261.4 255.1 245.2 239 228.6 227.4 223.4 219.9 217.4 213.6 209.5 204.1 199.1 195.1 192 188.9 184.8 180.8 176.7 174.7 171.6 166.8 164 161.9 158.3 149.4 146.6 154 159.6 161.8
392 385.3 382.9 383.6 380.6 371.6 360.3 349.4 336.3 324.3 315.6 303 287.7 273.3 267.6 262.2 258.7 251.9 248.1 248.1 244.2 241.5 248.8 264.8 286.2 303.2 311.4 317.7 327.5 333.4 337.6 342.8 346.5 350.5 354.4 361.5 365.3 356.6 338 324.2 310.7 301.6 294.8 287.6 281.3 274.5 271.4 265.6 259.8 249.7 245.3 233.2 223.4 215.3 212.1 209.4 207.3 204.4 201.5 199.4 193.9 188.5 184.7 182 179.2 175.3 167.7 168.2 166.1 161.8 159.9 159.4 157.3 149.4 145.1 156.9 159.2 164.3
389.5 388 388.6 391.3 390.1 383.8 375.5 368 358.5 340.5 332.8 315.9 299.5 280.8 272.4 264.7 260.4 254.3 249.3 242.8 242.3 240.2 250 263.9 284.6 297 302.1 307.9 319.8 323.4 332.2 337.6 341.4 346.2 352.2 358.2 362.3 357.3 344 326.1 312.5 305.1 296.4 288.8 283.4 277.1 270.7 265.3 260.3 257.1 249.2 239.1 230.5 224.6 217.8 206.1 192.9 188.8 189.3 188.3 187.1 182 175.3 173.1 173 170.5 165.1 159.2 158 156.1 154.5 155.5 153.7 148.8 145 155.9 159.8 164.3
384.1 384.9 388.3 392 390.1 383.5 376 367.8 359.2 347.4 332.1 321 304.4 286.7 272.4 265 259.4 254.8 250.1 247.9 240.4 239.8 253.2 263.9 276.4 286.8 295.4 308.9 317.9 322 328.9 333.6 338 345.2 352.3 358.9 360 356.8 349.1 336.9 323.6 312.1 301.5 294.2 287.9 282.4 278.9 271.9 269.1 262.1 251.7 242.5 237 228.3 218.3 210.3 203.4 200.5 193.2 178.6 174.9 174.1 172.9 169 166.6 167.2 160.1 155.2 153.6 151.5 150.2 149.2 149.7 144.8 144.1 152.9 157.4 163.3
374.9 379.2 383.7 385.4 383.2 378.6 373 365.2 354.2 344.1 331.5 317.6 305.3 289.3 272.4 261.2 256.6 254 251.8 255.6 243.8 238.4 255.4 267.3 285.9 293 304.4 313.5 315 321.7 327.5 332.8 337.7 345.3 354.9 362.2 364.4 362.3 358.1 351.3 338.1 325.3 314.8 305.6 298.3 293.2 286.5 277.5 273.7 265.9 257.7 252 243.5 233.8 223 212.7 202.9 194.2 192.7 189.6 182.3 174.9 167.7 163.1 164.1 159.5 157.5 155.3 153.3 151 149.2 147.9 147.5 144.6 146.3 152.3 157.9 163.8
365.7 370.8 375.6 378.6 377.1 373.9 366 356.8 347.4 337.8 324.6 313.2 301.9 290 277 264.8 259.8 256.9 255.8 263.8 247.2 238.5 254.4 275.5 290.2 300.2 311.2 318.7 324.6 324.4 329.8 333.5 340.6 347.8 355.8 364.3 367.1 368 366.6 361.2 351.2 340.3 330.1 320.9 312 305.3 296.8 286.7 276.3 269.8 263.2 255.8 248.9 239.8 231.9 220.8 213 207.9 200.4 194.2 185.9 181.2 174.2 173.1 169.1 163.5 157.2 154.3 152.6 150 148.1 146.6 145.6 144.6 145 147.8 152.6 163.2
356.1 361.7 368.5 370.2 371 368.6 358.5 348.4 338.4 329.3 318.4 308.2 298.3 289.5 277.2 267.2 259.5 256.5 252.9 253 236.4 248 262 280.7 291.5 304.5 316.1 324.9 334.6 336.9 338.3 339.1 344.6 352.4 359.3 367.5 369.2 372.6 372.8 369.4 360.3 349.9 339.6 330.3 321.2 311.9 304.1 293.3 280.9 274.1 267.9 260 251.6 243.5 238.4 230 226.1 216.5 208.1 202.7 195.8 191.4 183.3 176.7 171.7 162.9 158.6 155.6 152.4 148.8 147.3 145.9 144.7 143.5 142.9 143.6 147.6 161.1
347.2 352.8 360 363.3 364.9 360.9 352.2 340.5 330.1 320.8 312 302.1 293.4 284.9 274.4 265.9 257.1 251.8 249.1 247.6 234.4 258.8 270.4 282.7 296.4 311 323.6 335.8 343 346.8 345.7 344.1 348.4 354.6 361.3 366.9 367.3 372.3 375.5 372 364.9 353.7 345.6 337.1 326.1 317.1 309 299.6 287.4 278.5 270.6 263 255.2 248.5 244.2 238 230.1 222 217 209.6 203.2 196.6 188.7 178 173.8 166.8 165.7 157.5 153.6 148.1 146.4 145.2 144 142.7 142.1 142.4 143 154.4
336.5 345.4 352.7 355.7 355.1 350.4 343.8 334.9 325 313.7 303.4 294 286.3 279.4 272.2 264.4 254.8 248.9 244.8 238.5 236 252.6 270.1 284.4 297 317.6 329.5 338.3 345.3 353 349.7 350 352 356.7 361.3 361.5 362.6 368.5 372.1 370.2 362.4 355.4 347.9 338.9 330.5 322.2 312.6 303.5 291.9 281.2 273 264.9 258.3 250.8 248 240.8 235.7 228.5 222.3 215.9 208.3 202.5 192 184.2 173.7 171 169.2 161.6 155.5 150.4 150.6 144.3 143.1 142.8 141.2 141.8 142.7 155.4
326.6 336.3 343.1 345.1 345 341.6 335.9 328.5 320.6 312.5 302.3 289.8 284.7 276 272.1 264 254.1 247.4 239.5 229.7 237.2 249.5 268.4 283.5 302.4 321.1 330 339.2 350.2 352.8 356.2 350.9 351.7 357.5 358 355.1 357.7 361.5 365.1 363.5 358.1 352.3 346 339.4 331.9 324.2 315 305 294 283.1 275.4 268.2 262.4 259 251.2 245.1 238 233.1 228.1 221.6 213.1 206.7 193.8 185.9 175.9 176.3 169.7 162.3 157.6 153.1 150 143.6 142.5 141.7 141 142.2 150.1 164.4
