Assets/StreamingAssets/GeoData/Data/ns/NS81.asc
ncols 200
nrows 200
xllcorner 280000
yllcorner 610000
cellsize 50
[rows 105 to 139 of 200, columns 0 to 77 of 200]
265.8 257.7 241.9 223.6 201.5 197.6 196.9 213.6 234.9 247.1 256.7 265 270.5 275 279.2 284.6 291 299.4 308.5 318.2 328.1 333.7 333.1 329.3 322.1 313.9 305.2 297 297.2 294.9 293.5 290.6 286.7 279.7 254.3 233.9 237.2 238 238.9 244.1 243.4 246.7 251.4 264.6 272.9 279.9 287.2 292.9 296.3 300.5 290.5 275.1 283.7 311.9 337.9 345.3 360.8 371.9 380.5 392.2 402 411 418.1 420.9 420.9 420 418.8 416.1 410.9 403.1 391.7 367.9 353.4 372.9 387.9 400.5 412 419.9
264.5 252.6 235.5 217 198.8 197.2 196.1 201.4 221.5 236.7 253.3 264.5 271.2 277.9 282.9 287.2 292.7 302.7 313.8 324.4 331.9 337.7 336.3 331.2 323.9 315.4 307 308.2 306.8 303.1 298.2 294.4 289.6 273.5 241 247 253.7 258.7 261.8 264.5 264.7 274.2 282.1 291.7 302 309.4 316.4 321.1 324.6 322.6 314.2 294.9 286.5 299.3 323.2 339.1 347.9 351 371.5 385.1 397.6 405.6 413.6 418.4 420.2 419.9 419.1 416.7 413.1 407 393.2 372.1 355.4 374.2 392.4 408 418.5 425.2
264.2 251.3 233.2 209.8 196.6 196.6 197.4 227.5 232.9 221.2 233.5 254.2 270.2 279 286.1 289.4 296.9 307.3 319.9 328.8 335.7 340.1 338.5 334.3 327.4 320.2 317.6 319.4 318.2 312.7 303.9 298.3 292.8 275.6 239.4 257.3 259.6 261.7 265.4 273.7 284 294.4 304.3 312.9 323 334.1 343.6 348.5 346.1 342 327.9 308.2 295.2 297.7 311.4 325.2 330.3 348.9 366 380 390.8 398.8 404.7 408.8 411.1 411 411.5 409.9 406 401 388.9 365.2 358 379.9 399.5 412.7 422.5 427.5
262.1 250.4 231.7 209.3 196 194.1 214.4 230.7 244.3 252.8 250.7 244 249.9 275.8 285.2 291.6 302.2 313.1 323.2 330.2 337.6 342.2 341.9 337.8 332.3 327.3 327.3 329.5 328.8 323.3 313.3 304.3 297.1 270.7 236.1 261.5 263.6 264.8 272.7 291.5 309.1 320 327.8 334.9 345 357.9 363.5 364.1 360.7 352.7 339.2 320.4 304.6 289.2 302.5 316.2 333.5 350.3 365.2 378.1 386.6 392.2 396.5 399.9 400.2 399.7 398.1 396.8 394.6 390.8 374.7 355.9 366.4 388 405.8 415.1 421.3 425.4
258.7 243.7 226.3 207 193.7 212.3 222.7 236.2 252.2 260.7 264.9 269.5 271 267.1 282.9 293.9 304.2 315.5 324.6 332.1 341.7 346.2 346.2 343.4 338.6 337.1 339.2 341.3 340 334.4 325.9 315.5 305.4 279.6 244.1 263.4 266.2 270.1 281.4 307.6 325.2 335.6 345.7 354.3 362.1 369.2 372.5 373.2 370 361.5 347.3 329.3 316.8 299.4 305.7 321.6 331.6 349.2 365.1 375.6 381.8 385.5 389.3 391.3 390.3 387.3 384.7 383.7 382.4 379.9 362.9 361.6 375.2 391.4 403.3 411.6 417.7 422.3
251.6 235 217.8 202.5 192.4 208.6 223.8 241.7 257.4 264.5 270.3 277.9 283.7 286.5 287.3 298.6 310 318.7 326.3 335.7 345.8 350.8 352.6 350.8 348.5 348.6 351.4 353 350.4 345.5 336.2 326.3 312.8 289.6 256.5 260.9 268.4 276.4 291.1 315.1 330.5 340.3 349.8 360.1 369.2 375.7 379.7 380.5 377 367.5 352.2 334.8 323.5 311.1 296.4 324.2 336.1 344.3 358.3 369.8 376 378.7 381 381.5 377.2 374.5 372 371 369.7 363.2 355.5 360.9 375.4 387.5 397 404.9 410.1 414.3
241.5 223.6 210.5 198.5 192.2 199.1 224.3 246.1 258.2 267.1 276 285.9 294.9 297.1 291.9 305 313.1 321.4 330 339.4 350.4 356.6 359.5 358.8 359.3 361.5 363.4 362.6 360.8 355.1 345.1 332.7 318.6 296 264.5 258.4 272.7 278.4 289.2 312 328.8 339.4 351 361.1 370.9 378.8 384.1 386.5 383.5 373.2 356.6 341.9 328.4 318.3 303.6 318 335.2 340.8 350.8 361.2 369.3 370.9 370.5 367.4 363.4 360 356.2 349.5 349.5 349.1 352.6 357.9 366.7 379.8 389.2 395.6 400.2 403.9
227 214.1 203 196.5 192 201.8 227.5 248.2 261.5 272.1 283 296 303.7 305.7 304.7 305.4 316.1 324.2 332.4 343.3 354.5 361.3 364.4 367.8 371.2 373.7 374.4 372.8 369.9 364.2 353.3 338.8 320 296.6 267.7 255 272.1 280.7 295.8 315.5 328.7 339.8 349.3 361.7 371.9 380.4 386.6 389.6 387.7 377.4 363.2 346.8 332.8 324.9 308.4 314.5 334 343.5 348.3 354.1 360.3 361.8 359.1 354.7 349.1 344.4 343 349 354 356.7 361.5 365.5 361.8 368.9 377.9 384.1 388.9 392.6
212.9 207.1 197.1 195.9 194.1 212.2 237.1 253.2 265.6 280.7 293.4 305.8 311.6 314.6 313.2 312.1 317.8 326.7 335.3 346.8 357.5 365.5 369.9 375.9 379.9 383.2 384 382.3 376.6 369.4 358.6 342.4 320.3 298.1 277.1 249 271.2 280.2 296.8 314 327.6 339.9 349.8 362.5 372.6 380.2 387 391.2 390.1 382.3 370.4 353.8 339.7 332 321.7 307.7 327.2 336.3 344.1 348.8 352.2 350.9 345.8 341.6 335.7 342.8 349.3 355.8 363 369.3 372.1 375.3 375.5 369.6 378.3 382.5 392.1 402.3
197.5 196 195.8 192.8 206.1 227.1 247.5 259.8 274.6 289.8 304.4 313.8 320 321.4 320 318.6 317.6 327.9 337.2 347.2 357.9 368 375.7 383.1 388 391 390.8 388.4 381.6 372.5 362.2 346.3 324.1 312.3 295.1 265.3 260.3 279.9 290.4 305.4 320.9 334.4 347.3 358.4 370 378.5 386.4 392.6 393.7 389.1 377.1 361.2 347.4 338.3 333.7 319.3 308.6 326.2 332.1 336.6 336.3 336.3 331.9 336.8 344.2 350.6 357.8 367.7 374.4 379.2 386.1 386.3 386.5 382.3 384.3 391.6 406 416
195 195 190.9 210.3 226.1 241.1 255.7 267.7 283 299.4 311.4 321.3 328.2 330.4 328.3 326 325.2 328.6 338.6 346.1 356.2 366.3 379 387.6 392.7 396.7 396.5 393.1 387.4 378 366.8 352.8 333.4 322.4 307 285.5 263.9 268.2 285.2 300.4 316.3 328.4 341.7 354.8 365.8 376.2 384.5 391.4 396.2 392.5 383.7 370.3 358.6 346.5 340.6 332.8 322.5 316.3 324.5 322.4 321.9 331 338.2 344.8 353 359.9 370.1 376.4 382.4 391.6 397.9 399.5 400.5 397.5 389.5 399.1 414.1 422.3
189.7 198.8 214.3 226.8 240.6 255.1 263.4 277 292.7 306.1 318.7 329.6 335.8 338.6 339.3 336.7 333.8 335.6 343.3 350.7 360.2 373.6 382.6 390.6 396.2 400.2 401.7 398.7 393.5 385.2 375.2 361 340.2 327.5 312.1 298.6 282.5 252.6 269.3 283.9 295 308.8 330.4 347.1 359.3 369.9 379.8 389.4 395.2 394.4 389.2 379.2 368.2 353.1 346.6 339.9 333.6 326.7 328.1 331.2 338.5 342.7 350.3 358.8 362.9 370.7 380 384.7 393.2 405.5 411.2 412.5 413.6 410.5 400 403.4 417.1 426.3
202.5 211.3 228.6 240.7 254.1 263 271.4 283.2 299.1 311.4 325 336 343.7 347.9 350.2 347 343.8 344.2 344.2 356.1 363.3 374.4 384.7 394.4 401.6 406.4 407.8 404.9 399.3 392.3 382.7 367.7 347.3 331.7 315.7 300.6 281.8 266.1 258.6 266.9 279.2 298.4 317.4 334.2 349.1 362.5 374.6 383.8 390.5 393.6 391.6 387.4 377.1 358.8 351.5 345.6 339.5 338.8 340.3 343.4 348.8 353.5 365.1 370.4 377.1 379.7 390.3 399.8 410.3 419 423.3 426 425.7 422.4 414.1 406 420.9 429.5
215.5 228.8 240.3 250.8 261 269.1 277.9 287.1 303.8 316.7 330.3 342.8 351.7 358.1 360.5 357.5 354.2 354.1 354.2 362.1 368.3 377.1 388.4 398 406.8 411.4 412 409.4 404.4 397.1 385.7 370.6 352.4 336.3 315.7 299.5 276 289.1 277.6 259.9 265.9 281.2 299.9 320 336.8 351.8 363.6 374.5 382.7 386.9 390 389.1 381 362.9 356.9 350.8 344.4 348.4 354.9 356 359.8 364.1 374.7 384.1 387.9 391 399.8 412.5 422.7 430.6 434.5 436 434.9 431.5 422.3 416.9 430.4 435.7
234.5 238.2 248.6 257.3 266.6 273.8 281.1 294.2 310 324.7 339.2 352.6 362.8 369 369.7 367.6 365.6 365.3 366 369 373.6 382.4 393.4 403.9 411.9 416.1 416.1 413.1 406.9 398.8 387.3 372.3 351 332.1 312.4 298.8 299.2 297.6 295.5 282 268.8 264.8 282.2 300 318.5 333.6 348.5 360.8 372.2 377.4 381.6 382.5 377.8 361.6 363 355.6 351.6 357.5 365.4 367.9 373.2 377.8 385.8 394.7 397.7 405 402.8 421.8 431.9 438.5 441.8 442.6 441.1 437.3 429.8 428.5 437 440.8
241.5 248.5 255.1 264.2 271.1 278.5 288.4 302.5 316.9 329.8 347.3 360.2 373.5 377.3 378.9 377.5 377.8 378.1 379.3 380.8 380.5 392.1 400.6 410.5 416.7 420.4 418.8 414.6 408.1 399.5 388.1 368.8 340.7 330.7 323.9 312.4 311.4 308.2 306.1 300.5 290.8 274.4 264 280.5 293.9 308.9 323 336.5 348.7 355 356.1 367.1 367.8 368 367.6 361.3 358.9 366.9 372.2 377 382.1 388.5 395.3 403.1 409.7 416.2 419.4 425.6 437.7 442.8 446.4 447.1 444.8 441.4 438.3 438.8 443.7 446.5
249.5 254.6 263.2 268.9 275.7 284.4 295.5 310.4 326.3 339.4 353.4 370.2 379.7 385 387.2 389.4 389.6 390.2 392 393 395 400.6 407.6 415.4 421 423.9 421.4 416.5 409.2 400.6 387.4 370.1 358.3 345.1 334.8 323.7 326.9 323.3 319.9 313.9 303.1 293.5 271.1 263.8 264.9 282.3 294.5 307.8 319.6 325.4 333.1 351.7 363.9 371.2 370.8 368.1 364.5 371.6 380.2 385.5 389.2 396.8 403.2 408.7 416.9 422.3 425.8 428.5 437.7 443.6 446.5 448.3 447.9 444.7 444.5 444.8 447.5 450
255.4 261.7 267.8 272.8 279.6 290.4 303.4 318.7 337.3 354.4 367.9 377.6 387.2 392.5 397.8 399.6 400.7 403 403.6 402.5 403 406.5 411.5 418.1 422.2 424.6 423.1 418 409.7 400.1 391.4 379.5 365.4 358 345.6 338.6 337.3 338.7 334.6 327.9 315.8 305.2 293.4 282.4 269.4 270.9 266.1 281.9 293.8 304.7 321.6 334.8 351.8 366 371.5 371.7 371.5 375.2 384.4 392.7 394.5 403.6 409.1 414.2 420.4 424.9 428.4 432 435.1 439.3 442.5 444.5 445 444 444.9 447 449.4 451.8
260.7 265.9 272.6 276.1 286.1 299.7 312.5 327.8 344.6 357.6 374.1 385 392.2 400 403.8 407.5 408.9 409.5 410 407.2 407 409.7 414.1 418.4 421.8 423.3 423.1 418.6 410.1 403.9 397.7 385.6 380.7 370.9 356.3 358.7 355.2 354.5 347.6 340.1 330.2 316.1 306.4 297.7 279.3 289.9 287 271.9 271.6 277.3 297.5 316.3 332.6 351 362.6 371.3 377.5 381.9 388.3 395.4 399.7 405.8 412.6 417 421.1 424.8 426.7 428.6 430.4 432.5 435.6 437.9 438.8 440.4 442.3 444.9 447.9 451
264.9 271.7 278.4 282 292.8 307.2 321.9 337.8 348.3 365.4 381.3 391.6 398 404.1 408.3 410.9 411.5 411.2 409.4 407.1 407.7 410.1 413 417 420.2 421.2 421.1 417.3 412.2 408.1 402.5 397.1 390.1 381.7 375.7 374.4 372.7 366.5 360.3 350.8 338.1 324.3 314.1 297.8 293.4 301.5 303.4 296.2 279.2 271.5 272.4 289.6 311.1 329.4 349.5 365.6 374 384.3 390.5 395.7 403.1 406.8 411.9 416.9 419.6 421.7 422.9 422.6 422.6 425.4 427.2 430.6 433.3 434.9 437.1 440.2 443.7 446.7
269 276.7 285 288.9 298.5 311.5 327.7 342.5 365.6 378.2 387.5 395.4 400.7 402.8 405.5 407.4 407.5 406.3 404.6 401.4 402.6 405 408 411.2 414.9 417.6 417.3 414.5 413.9 411.5 406.2 403.4 397.9 392.4 389.7 386.7 381.7 374.4 367.8 357.6 341.7 328.9 314.3 292.1 307.2 312 314 310.3 301 289.6 274.7 278.4 291.6 314.1 337.9 355.7 366.6 378.5 389.5 395.2 401.2 408.1 410.9 413.8 415.4 416.6 415.9 414.6 414.6 415.6 418.4 422.4 425 427.1 430.6 434.3 437.3 439.9
273.6 283.5 289.5 294.8 304.2 318.5 330.8 355.2 373.1 384.9 390.7 393.8 395 395.6 397.4 399.4 398.4 395.8 391.9 389.2 390.3 395.5 400.1 402.8 406.2 408.4 411.2 412.1 414.3 413.3 412.6 410.7 407.4 407.4 402.9 396.8 388.3 378.8 371 358.7 344 325.8 302.5 303.9 320.4 322.4 322.6 320.2 316.7 310.5 306.7 287.1 276.5 301.2 320.6 337.8 358.4 371.4 382.3 392.4 399 405.3 408.2 410.7 409.7 409.1 408.1 407.3 406.4 407.7 410.4 413.2 416.3 419 422.2 425.6 427 430.6
275.9 282 290.3 297 304.4 317.7 335.7 357.1 372.9 379.9 385.2 387.4 387.4 387.3 389.3 388.7 385.2 380.2 375.8 375.7 380 385.2 388.8 393.9 395.6 398.8 402.2 405.7 411.6 414.3 417.5 418.3 418.5 416.5 409.9 402.4 391.5 382 371.2 356.2 336.5 315.1 309 325.2 333.4 335.1 335.7 333.9 328.6 324.3 319 303.1 278.6 280.9 300.4 317.6 346.1 364.3 377 387.9 396.6 402.2 404.6 403.7 403.4 402.9 401.1 400 398.5 399.8 402.7 406.6 408.9 411.1 412.8 415.5 417.3 420.8
277.8 283.5 289.9 296 305 316.3 334.3 352.9 363.3 372.5 378.8 379.5 380 378.6 377.3 374.1 371.7 368 365.7 367.2 370.1 373.6 376.8 380.7 383.8 388.8 394.4 402.2 410 416.9 421.4 424.6 427.2 423.1 413.7 404.5 392.2 378.6 363.2 345.2 325.9 314.1 328.8 341 344.6 349 349.8 347.8 343.3 336 326.3 316.9 302.8 277.2 292.6 309.4 333.3 358.7 373.3 383.5 393.5 398.1 399.9 399.4 399.1 396.9 394.4 391.8 390.2 393.1 396.4 399.8 401.5 402.5 403.4 404.2 406.2 408.9
278.8 283.1 289.6 295.3 303.8 317.3 332.8 345.1 354 365.6 372.9 372.4 370.5 367.6 364.1 360.3 359.1 357.4 355.7 356.7 359.6 361 363.6 368.5 373.5 379 388.3 399.5 411.5 421 426.7 432 432.6 425.8 414.5 400.6 387.8 372 357.8 341.1 324.3 334.7 346.4 353.2 359.4 365.2 367.6 363.5 355.9 346.5 337 327.5 312.8 286.7 289.1 305 323.9 348.5 368.7 380.8 389.8 394.1 396.8 397.5 395.7 391.3 386.7 383.1 378.5 386.1 389 392 393.1 393.5 393.8 393.8 394.9 397.7
279.3 284.8 290 295 302.9 315.1 328.1 337.5 350.4 360.9 368 365.7 362 356.6 351.7 347.2 345.4 344.5 344 343.8 345.1 350 356.7 362.9 368.4 376.5 388.2 403.3 416.2 425.6 432.7 437.4 435.5 427 412.5 397 383.6 366.8 349.2 331.6 344.2 353.1 360.2 368.1 375.3 381.7 381.5 376.7 369.4 357.9 345.7 333.2 319.8 298.5 283.1 303.9 318.5 342.1 362.5 377.4 386.8 394.1 396.3 396.3 393.1 387 380 373.8 370.3 378.1 379.8 380.7 382.2 381.9 382.1 382.6 384.3 388.2
278.9 284 290 295.5 302.1 310.1 320.9 333.1 344.8 356.3 360.9 357.4 350.3 344.2 338.8 335.3 332.6 331.8 340.1 348.1 353.8 359 364.3 368.2 372.9 382.5 395.8 409.9 422.2 430.8 437.1 439.8 435.9 424.7 409.1 393.6 376.8 358.3 351.2 359.9 361.7 367.2 375.4 382.9 392.3 397 395.8 391.2 381.4 368.7 354.2 340.5 323.7 302.3 283.8 303.2 316.3 339.2 359.4 373.6 383.6 390.1 393.9 392.8 388.4 381.2 374.8 366.5 361.5 368.3 371.7 372 372.9 371.4 369.7 370.1 372.7 380
279.7 284 289.2 294.8 300.3 311.1 323.6 333.8 344.5 355.7 355 348 341 335.8 332.2 325.3 330.8 339.7 348.7 356.8 363.9 370.4 376 379.9 380 390.3 404.8 417.8 429.3 438.5 444.5 443.9 437.4 428.2 408.8 390.6 370.6 368.7 370.4 374 380.6 386 394.3 404 408.7 411.5 409 403.3 393.7 380.2 364.4 346.3 326.8 305.4 282.2 303 313.6 329.1 355.4 371 379.6 385 387.1 386.2 382 375.4 368.1 359.1 347.6 357.3 360.8 359.5 356.6 357.1 356.9 353.3 361.8 370.2
278.9 283.3 287.4 293.5 298.1 306.7 318.6 330.1 338.4 345.8 344 337.9 333.4 329.1 320.6 323.8 334.2 345.2 355.5 365.4 375 382.1 388.4 394 398.6 391.6 414.3 426.3 436.5 445.2 449 447.9 442.6 431.3 409.8 389.5 383.2 385.7 387.4 394.2 400.2 404.5 411.8 417.9 422.9 422.3 419.1 412.7 403.7 390.5 373.5 353.3 330.6 307 285.6 302.5 314.3 322.4 343.2 359.6 372.5 379.8 381.1 379.5 374.5 366.7 359.7 351.1 337 344.8 348.7 344.8 338 338.8 339.8 337.5 350.4 356.2
277.8 281.8 286.2 290.4 293.9 300.9 310.4 320 328.7 334.2 334.2 329.4 324.9 321.1 316.4 325.7 337 350.1 363.4 375.1 387.2 393.9 400.6 408.4 413.5 415.9 424.7 435.2 443.6 450.3 453.5 452.7 447 434.6 414.8 397.9 401.8 405.1 407.5 412.7 420.5 425.5 430.4 434.2 435.8 433.3 427.4 419.7 410.8 396.4 379.8 356.6 330.9 304.5 284.7 301.5 313.3 324.5 331.2 342.1 352.2 361.4 363.4 366.2 362.2 354.3 347.6 340.2 333.4 331 327.5 318.7 315.4 316.1 320.3 319.4 320 328.8
276.6 279.6 283 287 290.5 296.1 304.5 311.1 319.7 324.2 324.2 322.5 318.7 312.6 316 327.6 339.5 353.6 366.9 382.6 397.1 407.3 415.9 422.9 426 430.5 437.9 444.6 451.5 456 459.2 458.8 453 441.8 420.7 413.9 422.8 427.9 430.9 434.3 439.8 444.7 445.9 444.6 443.3 438.1 431.6 424.1 413.3 399.8 379.9 356.7 335 307.5 289.4 300.6 309.6 320.2 327.1 331.4 336.3 344.3 349.6 349.7 346 339.8 330.8 325.8 318.8 312.3 313.3 321.9 326.1 331.2 332.7 333.8 331.9 328.5
276.5 279.2 281.6 284 287.7 291.3 297.3 304.6 310.4 315.4 316.6 316 312.8 305.9 317.7 328.5 341 355.3 369 385.9 402.2 415.9 427.5 434.7 440.3 443.6 447.7 453 459 463.3 466.5 465.9 461.2 453.9 446.5 441.9 445.2 448.9 452.5 454.9 455.1 454.8 454.2 450.4 445.3 438.5 429.2 422.6 410.1 393.2 375.3 354.4 334.7 314.5 291.6 300.9 309.6 316.6 323.5 325 327.5 331.5 332.7 331.2 326.8 319.6 308.7 309.1 314.9 323.8 331.5 336.4 339.9 341.1 342.3 343.8 343 341
279 279.8 281.3 282.7 284.3 286.7 291.4 297.2 303.1 307 309.2 308.7 307.3 306.7 317.5 329.2 342.4 357.1 371.8 388.4 405.2 419.8 432.7 443 449.6 452.5 455.4 459.8 465.2 469.9 473.5 473.2 470.3 466.4 462.1 458.3 458 460.9 464 465.9 466.1 463.2 458.5 450.9 444.1 436 425.7 416.2 402.8 386.4 366.8 350 332.8 319.2 297.3 292.9 310.8 314.7 318.5 320.5 321.3 320.6 319.7 317.6 307.8 307.3 317.6 323.1 329.6 335.3 338.8 341.8 344 345.4 347.6 348.1 347.8 345.8
282.8 281.3 282.4 283.8 284.1 285.1 285.7 290.4 295 298.9 302.9 303.7 296.6 307.5 317.8 329.9 342.7 356.8 371 388.1 402.9 417.9 431.5 443.2 451.1 455.3 459.9 464.7 469.3 474 478.5 479.4 478.5 475.3 471.8 469 469.6 469.6 471.9 472.2 470.2 465.9 458.5 450.7 440.2 429.7 418.9 407.9 395.1 378.9 361.5 345.8 331.6 316.7 301.4 296.6 291.6 302.8 316 318.4 318.6 315.1 309.9 301.9 314.5 319.3 323.7 329.3 334.1 339.5 345 348.2 349.2 351.3 353.1 353.6 351.9 348
288.8 285.1 282.9 284 284.5 284.7 285.1 286 289.5 293.5 296.8 297.2 297.8 306.3 317.2 329.6 342.9 355.7 369.3 381.8 395.1 409.7 424.1 436.2 445.3 451.4 457.2 463.2 469.9 475.5 480.7 483 483.7 480.5 478.4 476.7 476.9 476.6 477.1 476.3 473.2 465.5 456.6 447.7 434.9 422.6 412.1 400.5 387.7 371.7 356 342.2 328.2 314.1 298.9 304.3 296.1 296.6 296.1 297.9 300.3 300.9 301 306.5 317.9 323.6 328.2 332.4 337.3 342.5 347.3 350.9 356.3 360.1 358.1 358.1 357.3 349.8
