Assets/StreamingAssets/GeoData/Data/ns/NS84.asc
ncols 200
nrows 200
xllcorner 280000
yllcorner 640000
cellsize 50
[rows 140 to 174 of 200, columns 79 to 157 of 200]
194.9 192.8 197 201.6 204.5 207.2 209.8 211.8 212.3 211 208.5 205.7 201.5 196.5 191.8 186.3 183.2 181.3 172 176.8 178.9 176.4 177.8 182.2 186.4 188.2 189 189.5 189.5 191.1 191.4 191.5 191 190.4 188 186.7 184.8 189 189.3 183.9 178.7 179.2 178.8 174 180.2 185.2 189.1 193.3 196.3 196.1 197.4 199 199.9 199.3 198 195.5 193.1 191.7 186.7 179.5 172.2 163.7 156.6 154.2 149.4 140.2 127.8 97 107.7 124.9 131.5 137.3 140.7 146 151.5 166.8 174.2 169.9 165.3
196 193.4 198.1 204.3 206.3 210.1 212.8 214.3 214.6 213 210.2 207.2 203.4 199.2 194.6 189.9 189.3 188.6 177.8 179.2 183.6 182 183.6 188 191.7 193.5 194.5 195.6 198.5 199.3 199.9 200.7 200.8 198.9 197.1 195 192.3 192.4 193.2 188.3 185.5 186.6 187 183.8 182.8 185.6 190.1 195.1 198.7 200 200.6 201.6 203.1 202.8 201.2 198.7 197.4 195.7 192.5 187.8 179.1 169.7 162.7 158.4 151.3 141.2 123.7 97.3 107.6 122.6 130.9 137.1 141.6 145.5 150.2 157.4 166.1 172 174.4
197.3 194.2 200.4 207.3 209.6 213 214.4 214.9 215.4 214.3 212.1 209.2 206.4 202.5 197.5 193.2 191.2 189.6 185.7 181 186.2 186.8 189.1 194 197.5 199.5 201.2 202.6 204.8 206.7 208.1 209.6 210.1 209.1 207.7 205.8 203.2 201.8 200.1 194.9 191.7 193.9 195 193.5 191.9 187.3 192.5 197.8 202.9 205.8 204.8 205.4 206.1 206 203.8 201.1 199.7 198.2 195.6 193.1 187.1 177.9 170.5 160 149.9 141 126.4 98.5 104.9 118.2 128.1 133.4 136.7 135.6 137.8 147.2 155.5 164.6 169.7
199.8 194.8 200.5 209.2 212.8 216.4 217.3 216.8 216.8 215.4 213.6 211.4 208.7 205.8 200.8 196.7 193.6 190.9 184.4 188.3 190.8 194.5 199 202.7 204.9 207.1 208.9 209.9 210.3 212.7 214 215.6 216.7 216.4 215.8 215 214.2 211.1 208.8 204.6 198.7 197.8 198.9 197.9 197.1 192.4 195.9 201.8 205 206.5 207.3 208.6 209.4 207.6 204.7 203.3 200.6 199.2 197.3 194.3 190.3 181 167.9 159.8 152.1 144.8 133.7 99.5 102.4 111.8 118.6 118.9 111.2 102.3 107.4 126.7 142.7 152 161.4
201 197.4 201.3 210.1 214.9 219.3 220.6 221 219.8 217.3 214.8 212.8 211 209.1 206.3 201.8 197.2 192.6 193 196.3 199.9 204.4 208 210.1 212.3 213.9 215.1 215.9 215.4 217.9 219.4 220.8 221.7 221.6 221.6 221.2 220.7 219 216 211.7 206.1 204.5 204.1 201.6 198.7 194.7 197.7 203.6 205.7 207.3 210.4 211.4 210.8 208.7 206.5 205.5 202.4 199.5 196.4 193.8 189.3 181.5 171.5 168.8 158.2 148.6 141 124.6 98.5 104.6 101.9 99.4 102 108.2 101.3 109.9 125.8 137.8 147
204.4 201.3 201.7 210.1 217 220.7 223.5 224.6 223 219.9 216.9 214.5 213.4 212 210.2 206.4 202.6 195.8 200.1 203.5 206.5 210.1 214.6 216.8 218.6 220.1 221 220.5 220 222.2 224.1 225.6 226.7 227.4 227.1 226.7 225.4 223.8 220.7 216.6 212.2 211.1 209.4 205.8 202.4 199.4 198.7 204.7 206.8 208.6 211.3 211.4 210.4 208.7 207.9 206 203.6 199.8 196.1 193.1 190.5 186.9 181 178.4 157.7 150.5 144.4 141.2 128.4 111.2 116.6 116.7 116.8 120.6 114 102.7 111.9 123 131.1
207.4 203.9 200.5 210.6 217.7 222 225 227 225.6 222.5 219.2 217 215.4 214.5 213.1 209.6 205.6 199 206.5 208.2 211.3 216.4 220.5 222.8 224.6 226 226 224.8 224.6 226.5 228.6 230.4 230.9 232 231.6 230.7 229.3 227.7 224.9 221.4 217.7 214.7 212.1 209.7 207.4 205.2 202.6 204.9 208.4 210.7 211.9 210.9 209.9 209.1 207.8 205.7 202.7 199 195.3 192.8 191.9 191.9 184.7 176.1 163.2 152.4 152.5 149.1 142.5 134.9 131.6 128.9 127.4 126.4 119.2 105.3 102.7 107.6 118.1
209.3 206.3 201 210.8 216.4 222 226 227.6 226.2 223.9 220.8 218.9 217.5 216.8 215.2 211.6 208.6 205.4 211 213.3 216.9 222.5 226.3 228.2 230 230.6 229.9 229.2 229.8 232 234.3 235.2 235.5 235.8 235.5 234.6 233.6 231.3 228.5 225.4 222.4 219.2 216 213.1 211.1 208.9 204 208.4 211.7 212.7 211.1 210.2 209.6 209.8 208.5 206.3 202.2 197.9 194.4 191.9 190.3 187.8 181.3 170.3 161.7 166.4 166.8 161.5 153.1 145.9 140.7 136.9 135 133 126.2 118.1 111.3 104.5 102.7
211.5 208.9 205.8 208.2 215.6 220.4 225.1 227.1 226.8 224.8 222 220.3 219.6 219.1 216.9 213.8 210.6 210.6 214.6 217.2 221.3 227.7 231.2 233.5 234.8 234.3 233.8 234 235.7 237.8 238.7 239.6 239.7 240 239.5 238.6 237.4 234.7 231.4 228.2 225 221.7 218.6 215.4 212.8 208.3 203.8 211.8 214.2 214 211.4 210.4 210.7 210.4 208.8 206.9 203.6 199.2 194.5 191.1 187.7 182.8 174.4 168.8 170.6 181.8 180.9 172.6 162.8 165.3 153.2 150.6 146.7 142.6 133.6 130.5 121.6 114.8 106.8
214.2 211.9 209.5 205.2 214.3 218.6 223.5 226 226.5 225.2 223.3 221.9 221.3 220.6 218.5 215.5 212.2 212.8 217.7 221.3 226.4 232.8 236.2 238.1 238.6 238.5 238 239.7 241.7 242.5 243.3 244.1 244.3 244.3 243.3 242.5 240.6 237.4 234.1 230.5 227.3 224.1 220.9 217.3 213.5 209.4 207.8 213.4 214.7 213.5 211.5 211.2 212.3 211.8 210.5 208.8 205.8 201.3 196.6 192.9 188.3 182.3 175.4 176.8 184.7 186.1 185 179.1 173.2 170.4 167.1 163.8 156.6 156 142.8 134.4 130.4 125.4 114.7
218.6 215.4 213.1 211.8 211.5 215.3 220.4 223.8 225 225.8 224.4 223.3 223.1 222.1 219.9 216.7 214.4 216.9 221.5 225.3 231.8 237.2 240.5 241.7 242.3 242.5 243.1 244.8 246.4 247.5 248.4 248.9 248.7 248.4 247 245.7 242.8 239.5 235.8 232.2 228.9 226 222 218.2 213.7 209.1 210.9 213.8 214.7 213.5 212.6 213.3 214.5 213.3 212.2 210.8 207.6 203.4 199.2 194.5 189.5 183.8 179.6 186.8 192.4 190.2 188.7 184.6 179.2 177.5 175.6 172.3 166.3 164.6 157.4 144.2 135.9 130.5 119.2
224.2 220.9 218.4 216.9 216.6 216.1 217.8 217.1 222.5 224.9 225.3 225 224.8 223.8 220.9 218.4 217.4 220.5 225.1 230.8 236.5 241.3 244.3 245.7 246.1 246.4 247.5 249.2 250.9 252.5 253.6 253.8 253.6 252.6 251.1 248.5 245.3 241.4 237.5 233.8 230.6 226.8 222.3 218.1 213.1 209.2 210.4 213.8 213.8 214 214.7 216.5 216.8 215.6 214 211.9 209.3 206 201.6 196.4 190.9 185.1 181.3 185.2 195.1 193.1 191.3 189.4 185.7 183 183.4 181.9 173.8 167.1 161.1 151.5 143.9 136.3 125.2
230 227.1 224.5 222.6 221.6 221.1 221.8 222.7 223.6 224.9 226.5 226.4 225.9 224.5 222.4 221.8 221.5 224 229.7 235.3 240.9 245.3 247.6 248.8 249.9 250.5 251.8 253.4 255 256.5 257.7 258.5 258.4 256.8 254.2 251.3 247.6 243.9 239.8 235.7 231.5 227.3 222.7 217.7 212.7 210.1 210.2 211.8 213.2 214.1 216.2 217.8 218.3 217.5 216 213.4 210.8 207.6 203.1 197.7 192.4 187.6 184.3 190 196.5 194.6 193.8 194 192.4 189.9 187.5 184.2 177.7 170.6 163.7 157.6 152 147 138.3
235.1 232.5 230.4 228 226.7 225.1 225.2 224.5 225 226.5 228.1 227.9 226.5 224.8 224 223.9 223.9 228.8 234.1 239.4 244.8 248.1 250.9 252.5 253.6 254.8 256 257.5 259 260.5 261.7 262.4 262.3 260.4 257.4 253.4 249.6 245 240.2 236 231.4 226.9 221.8 216.6 212.1 210.3 209.9 211.6 212.5 213.4 215.7 218.7 219.5 219.3 217.4 214.7 212 208.5 204.2 199.2 193.9 189.9 187.3 186.4 196 192.3 193.6 196.9 196.6 194.8 190.8 185.5 178.2 172.1 167.7 165.1 161.7 157.8 148.7
240 237.3 234.5 232 230.3 229 227.2 226.1 227.1 227.1 228.5 228.2 226.9 226.2 226 225.7 226.6 232.4 237.6 242.8 247.4 251.6 254.2 256.2 257.5 258.9 260.1 261.1 262.7 264.2 265.4 265.8 265.3 263.2 259.4 255.4 250.8 246.1 241.1 236.1 231.3 226.4 221.2 216.2 212.3 209.4 209.8 211 212.2 212.7 214.7 217.2 219.2 219.9 218.1 215.2 212.2 208.8 204.9 201.3 196.6 193.8 192.3 187.4 186.5 187.5 189.6 193.4 194.9 196.9 193.3 185.9 178 173.7 178.2 177 172 165.5 156.8
245.1 241.5 238.7 235.9 234.3 232.5 230.1 228 228.2 227.5 227.3 227.8 228.1 227.8 227.7 228.2 230.6 236.2 241.3 246.4 252.3 256.3 258.5 260.1 261.9 263.1 263.9 264.7 265.6 266.8 268.2 268.4 267.5 264.9 260.5 256 251.3 246.3 241.1 235.7 230.8 225.9 220.8 216.1 212.9 211.7 210.6 211.3 211.4 211.9 213.3 215.4 217.3 218.6 217.4 215.3 212.3 209.3 206.1 202.9 199.2 196 193 189.9 186.9 187 186.9 188.5 190.6 195.2 191.7 186 181.6 179.2 185.5 179.3 172.2 168.3 161.5
249.1 245.8 242.9 239.7 237.2 235.7 232.9 230.1 228.9 228.2 228.1 228.2 229.4 229.3 229.4 229.7 234 239.1 244.6 250.8 256.5 260.4 262.6 264.2 266 266.6 267 267.7 268.7 269.7 270.8 270.1 268.9 265.3 261.2 256.5 251.3 245.9 240.4 235.2 230.5 225.5 220.9 216.2 213.3 212.9 212.7 213.9 213.5 212.7 212.9 213.8 215.9 216.9 215.7 214.7 212.2 209.7 207.5 204.6 201.1 196.5 193 189.7 188.1 187.7 187.1 187 189.1 191.8 190.1 185.9 181.9 178.5 178.7 172.9 167.9 164.3 161
252.6 249.4 246.1 243 240.8 238.5 235.7 232.6 231 230 229.7 228.6 230.3 230.5 230.9 231.7 237.2 242.1 247.3 256.5 261.1 264.1 266.4 268.4 269.5 269.6 270.1 270.7 271.9 273.1 274 273.3 270.5 265.5 261.2 255.9 250.5 245.2 239.8 234.7 230.1 225.6 221 217.3 214.5 214 213.7 215 214.3 214.1 213.8 214.2 215.4 215.8 215 214.1 212.5 210.4 208.2 206 203.1 198.2 193.1 190.1 187.9 187.1 186.7 186.7 188.9 190 189.4 186.3 182.6 178.6 170 165.6 162.8 160.7 158.1
255.8 252.3 248.8 245.1 242.7 240.6 237.7 234.8 232.7 231.4 230.7 229.5 230.9 231.6 232.4 234.7 240.5 245.6 251.3 259.4 264.6 267.6 270.3 272.1 272.5 272.6 273.2 273.7 274.7 276 277.1 276 272.2 266.4 261 255.7 249.7 244.7 239.3 234.9 230.4 225.9 221.6 218.6 215.8 215.5 215.6 216.1 215.9 215.8 215.5 215.8 216.3 216.2 215.2 214 212.4 210.6 209.2 207.3 205.6 202.1 196.1 191.9 189.7 188.4 188.4 188.6 187.3 189.7 190.6 188.2 184.5 174.7 165.5 163 162.8 160.7 157.9
259 255.2 251.2 247.4 244.8 241.6 238.7 236.1 234.1 232.8 232.1 231.2 231.3 232.5 234.1 239 244 248.4 254.1 263.8 268.5 272 273.8 275.1 275.2 275.2 275.5 276 277.2 278.6 279.7 277.6 272.9 266.6 260.2 254.3 249 244.2 239.5 235 230.6 226.2 222.6 219.5 216.3 217.4 218.2 217.8 217.4 217.3 217.2 217.3 217.5 216.8 215.8 214.4 212.5 210.6 208.9 206.9 205.1 203.5 201 199.5 194.8 193 192.6 191.3 188.3 190 191.9 192.3 191.5 176.2 165.3 163.6 164.1 163.4 160.4
262.1 258 253.5 249.3 245.8 242 238.7 236.2 234.4 233.6 233.3 232.9 232.8 234.1 237.2 242.7 246.6 251.2 260.9 268.4 273.1 275.3 277.2 277.4 277.1 277.3 277.6 278.3 279.4 280.6 280.3 277.4 272 265.3 258.5 252.6 248.3 243.7 239.5 235.1 230.6 226.7 223.4 220 218.4 220.1 220.8 219.5 218.8 218.7 218.6 218.7 218.6 218 217 215.5 213.6 211.6 209.5 207.5 205.7 203.9 200.5 196.9 194.3 193.2 192.5 192 189.4 190 191.4 192.2 190.7 180.6 171.1 166.1 166.7 167.2 162.8
264.8 260.1 255.6 250.9 246.5 242.2 238.9 236.7 234.6 234 233.4 233.5 233.8 235.6 241 245.9 249.8 254.5 266.8 273.1 277.1 278.8 279.9 279.4 278.7 279.1 279.5 280.3 281.2 281.6 280.3 276.2 270.4 263.6 256.7 250.8 246.9 243.3 239.5 234.9 231 227.7 224.5 219.9 221.7 222.8 222.4 221.1 220.1 220 219.9 220 219.7 219.1 217.9 216.3 214.2 212.2 210.2 208.5 207.2 205.4 202.5 198.4 195 193.2 192.7 192.2 191.5 192 193.5 193.3 191.3 186.8 181.5 176.9 176.9 177.1 165.7
266.2 261.6 256.6 251.7 247.1 242.4 239 236.7 235 234 233.4 234.1 234.9 238.3 244.6 249.3 253.2 259.3 270.8 277.3 280 281.4 281.5 280.7 280.3 280.9 281.4 282.1 282.6 282.6 279.7 274.6 268.4 262 254.7 249.1 245.6 242.1 238.5 235.1 231.5 228.2 224.4 222 224.6 224.6 223.6 222.4 221.6 221.4 221.2 220.7 220.4 219.4 217.9 216.3 214.7 212.8 211 209.3 208.1 206.6 204.1 201 197.5 196 195.2 195.5 194.6 195.2 196.4 194.7 191.5 189 186.3 185 187.8 182.6 169.8
267.8 262.4 257.4 252.3 247.4 242.6 239.1 236.7 235 234.2 234.2 235 237 242.6 248.5 253.2 257.8 263.6 274.3 281 283.2 283.7 282.8 282 281.8 282.4 282.8 283.5 284 282.7 279.1 273.5 267.1 260 252.4 247.1 242.9 239.6 236.9 234.1 230.9 228.3 221.5 226.3 227.4 226.2 224.9 223.8 223.1 222.8 222.5 222 221.2 219.8 218.3 216.8 215.1 213.3 211.7 210.1 209 207.3 205.3 202.1 200 198.8 198.6 198 197.1 198.9 198.2 195.4 192.2 190.5 189.7 189 188.9 184.8 174.9
269.2 263.4 257.7 252.5 247.5 242.8 239.3 236.7 235.3 234.5 235.2 237 240.9 247 252.6 257.6 262.1 268.1 278.5 284.1 285.7 285 283.9 283.1 282.6 282.9 283.2 283.8 283.4 281.5 277.2 271.3 265.3 257.8 250.2 245.2 240.7 237.9 235.4 233 230.2 225 228.3 229 229 227.7 226.2 225.2 224.6 224.3 223.7 223.1 222.1 220.7 219.1 217.5 215.7 213.9 212.2 210.3 209.2 207.6 205.4 202.1 202.2 201.6 200.8 199.8 199.6 201.3 199.9 197.3 194.3 191.1 188.9 188.6 187.8 182.2 174.5
270.2 264.3 258.5 252.8 247.7 243.2 239.6 237.2 236 235.8 238 241.2 246.8 251.8 256.9 262 266.2 272.6 280.7 287.1 287.6 286.4 285 284.2 283.6 283.5 283.3 282.6 281.7 279.2 274.4 268.6 262.4 254.9 248.4 243.4 239.6 236.8 234.5 231.6 228.4 230.1 232.1 231.6 230.2 229 227.6 226.6 226.1 225.7 224.8 224.1 222.9 221.7 220 218.1 216.3 214.4 212.4 210.3 208.9 207.4 204.7 202.5 202.9 203.9 203 202 201.2 201.8 200.8 198.6 196.3 193.9 189.6 186.8 185.6 179.5 173.1
270.8 264.8 259.1 253 248 244 240.2 237.9 237.2 238.4 241.5 246.3 252.9 257.7 262.7 266.9 270.9 276 282.1 288 289 287.8 286.4 285.1 284.2 283.1 282.1 280.3 278.6 275.7 271 265.1 259.1 252.6 246.1 241.7 238.1 235.9 233.7 231 230.9 233.7 235.4 234.4 232.3 230.3 228.9 228.3 227.7 226.9 226 224.9 223.7 222.5 220.8 218.5 216.4 214.2 212.2 210.4 208.8 206.3 203.8 202.6 203.4 205.3 205.1 203.4 202 202 201 199.3 197.6 196 191.9 186.3 183.1 178.8 173.3
270.7 265.1 259.4 253.4 248.8 245.1 241.6 239.9 239.8 242.1 247.1 252.9 259.1 263.2 267 271.4 275.5 279.7 284.4 287.8 289.5 289.1 287.4 285.9 284.7 282.6 280.1 278 275 271.6 267.1 261.7 255.8 250.1 243.7 239.8 237 234.8 233.5 230.5 233.9 235.8 236.1 235 233.4 231.7 230.6 230.2 229.4 228.1 226.9 225.7 224.5 223.3 220.9 218.5 215.9 213.7 211.2 208.9 207.5 204.1 202 202.3 203.4 205.2 205.6 205 203.8 203 201.5 199.8 198.5 196.5 191.9 186 182.4 178.9 174
270.2 265.1 259.4 254.3 250.1 246.3 243.6 242.5 243 247.8 253.7 259.9 266.2 270.1 272.5 276 279.3 283.3 287.7 290.3 290.9 289.6 288.2 286.8 284.3 281.8 278.5 275.5 271.9 267.5 263.2 258 252.6 247 241.7 238.5 235.9 234.9 234.1 233.9 235.8 237 236.5 235.7 234.3 232.8 232.3 232 230.7 229.4 228.1 226.8 225.3 223.7 221.2 218.2 215.1 212.1 209.5 206.8 206 203.3 201.3 202.4 203.5 204.9 205.1 204.6 204 203.6 202.1 200.3 198.7 196.3 191.6 186.6 182.7 179.3 175.4
269.8 264.6 259.7 255.6 251.5 249 247.1 246.6 248.7 254.7 260.8 266.8 272.7 276.1 277.6 279.5 282.8 287 291.4 292.8 291.4 289.4 288.2 285.9 283.4 280.2 276.9 273.2 269 263.6 259.5 254.4 249.6 244.6 240.1 237 235.8 235.3 235.3 236.8 239 240.1 239.1 237.8 236.4 234.8 233.9 233 231.8 230.6 229.3 228 226.2 224.1 221 217.4 214.2 210.7 207 204.2 204 202.7 201.2 203.3 203.8 204 204.4 204.2 203.7 203.3 202.4 200.5 197.5 195.4 190 186.6 183.2 180.6 177.6
270.6 265.5 261.3 257.7 254.3 252.3 251 252.2 255.5 261.6 267.9 273.6 278.6 280 281.7 283.4 286.8 290.8 294.5 295.6 293.9 290.6 288.4 285.8 282.1 278.7 274.5 270.7 265.7 261.4 257.2 252.7 247.9 243 239.5 236.8 236.1 235.7 236.5 239.1 241.3 241.6 240.4 239.1 237.7 236.4 235.3 234.6 233.5 232.1 230.5 229 227 224.7 220.9 216.6 213.2 209.3 205.2 202.2 201 199.7 200.1 203.4 203.7 203 203.3 204.4 203.6 202.6 201 198.1 195 191.5 189.1 186.3 183.7 181.3 179.5
273.3 268.3 264.3 260.5 257.5 255.5 255.3 257.6 263.8 270 276.3 280.5 283.1 284.3 285.7 288.3 291.6 294.8 296.9 297.8 296.5 292.6 288.6 284.7 281 276.5 272.3 267.7 262.8 259.3 255.5 251.1 246.9 243 239.8 237.5 236.5 237 238.3 241.5 243 242.5 241.4 240.6 239.3 238.1 237 236.5 235.4 233.5 231.8 229.8 227.2 224.4 219.8 215.1 211.2 207.8 204 201 198.6 197.6 198.5 200.6 202.6 201.8 201.4 203.9 205 203.3 200.8 198.1 193.5 189.5 187.6 185.5 183 181.2 179.7
276.2 271.7 267.8 263.8 260.8 259 260.4 263.9 270.9 276.4 282.8 285.6 287.2 288.1 290.7 293.6 295.2 297.2 298.5 298.7 297.6 293.8 289 284.5 279.6 274.6 269.6 264.9 260.7 257.2 253.8 249.8 247.3 244 241.5 239.1 237.5 237.9 240.3 243.3 243.9 243.7 242.8 242 241.1 239.9 239.4 238.7 237.5 235 232.6 229.8 227 222.7 218.1 213.6 209.4 205.3 201.6 198.6 197 196.7 197 198.2 199.1 198.7 199.5 202.3 206.5 204.5 201.3 198.2 193.1 189.6 186.8 184.3 182.2 181.1 179.8
279.3 274.9 271.1 267.1 264 264 266.8 272.1 277.5 282.1 287.9 290.2 291.4 292.8 296.4 297.9 299 299.6 299.3 298.2 297 293.3 288.5 283.6 278.4 272.8 267.3 262.6 258.9 255.3 252 249.3 246.9 244.9 242.4 240.1 239.3 239.9 242.1 244.9 245.6 245.7 244.8 243.9 242.9 241.7 241 240.3 238.6 235.6 232.7 229.9 225.7 221.2 216.5 212.1 207.6 203.5 200 197.5 196.3 196.3 196.5 196.7 197.1 197.5 199.1 201.9 205.5 204.3 200.4 196.1 193 190 186.2 184.2 184.4 183.7 182.1
281.8 277.9 274.6 270.5 268.4 269.1 273.8 278.7 283.4 289 293.2 294.5 295.4 298.2 300.2 301.7 302.1 301.4 300 297.2 294.9 291.6 287.3 282.3 276.6 270.9 265.6 261.1 257.1 253.9 251.2 249.1 246.7 244.9 242.7 240.4 240.6 241.4 243.8 246.3 247.5 247.8 247 246.1 244.8 243.5 242.3 240.9 238.6 235.9 233 229.9 225.7 220.6 215.4 210.6 206.1 202.6 199.9 197.4 196.6 196.1 196.2 196.3 196.5 197.2 198.8 201.3 205.3 203.6 198 193.7 191.1 188.9 186.5 186.9 187.6 187 185.1
