Assets/StreamingAssets/GeoData/Data/ns/NS90.asc
ncols 200
nrows 200
xllcorner 290000
yllcorner 600000
cellsize 50
[rows 140 to 174 of 200, columns 0 to 77 of 200]
185.6 200.5 215.1 229 244.9 271 293.8 314.4 326.7 335.2 342.2 344 343.5 337.9 331.3 321.5 308 334.4 347.2 358.4 371.7 388 400.6 413.5 423.6 435 449.6 464 479.3 494.5 508.4 521.1 533.1 544.9 555.8 565.1 575.3 584.2 590.9 595.2 597.8 597.1 596.1 593 587.6 587.8 590.6 593.3 592.8 588.7 583.1 576.5 568.1 558.4 548.5 540.1 534.4 530.1 529.3 532.3 534.9 537.9 545.4 552.2 556 561.6 573.5 586.9 595.6 601.5 606.4 611.3 613.4 614.5 614.6 614.3 612.2 612.3
182.6 184.7 197.2 216.9 230.2 250.8 273.8 294.8 308 318.3 326.4 330 322.6 311.4 301.6 294.5 306.7 315.2 320.7 337.7 347.4 364.4 384.6 399.3 409.5 419.3 433.8 451.2 470.5 489.2 504.6 518 530.5 542.4 553.7 564.2 575.3 583.4 588.9 591 591 589.9 588 582.8 582.1 584.3 589 592.3 592.6 589.1 582.1 575 567.5 558.3 548 537.3 532 528.4 529.2 531.9 533.4 538.2 546.5 552.8 557.3 562 572.2 586.7 597.8 605.1 611.6 615.9 618 618.7 617.8 617.3 616.9 618.6
201.4 186.4 188 197.7 215.4 231.9 252.4 272.7 288.8 301 309.7 305.5 292.3 280.7 274.8 273.2 281 282.2 296 314.1 322.9 337.1 360.4 372.7 383.6 394.5 410.9 429.1 453 478.1 497.3 513.1 526 539 550.9 561.7 569 577.2 581.8 583.1 580.8 579.6 577.7 577.5 580.3 586.6 589.3 590.6 590.1 588.2 582.1 573.8 565.5 558.2 547.1 537 531.8 524.5 527.1 532 534.8 538.4 546.5 555.5 561.2 563.8 571.4 583.2 594.7 607.9 616.4 621 622.4 622.5 622.1 622.3 623.6 625.9
220.6 212.8 199.4 192 200.3 215.9 232.2 250.7 269.5 282.7 284.9 273.6 261.9 251.5 257.9 277.3 292.2 310.3 330 345.5 357.6 358.4 359.5 366.6 370 379.2 387 413.3 435.6 460.9 487.9 506 519.7 532.4 543.9 553.2 560.4 565.9 568.6 569.7 570.6 569 567.6 573.1 581.6 587.9 590.8 592.1 590.8 587.2 579.1 572.2 565.9 557.6 547.2 538.5 529.1 522.5 526.6 532.3 538.1 541.6 547.9 557.4 565.4 568.5 573.1 584.7 598.1 610.2 620.3 624.7 627 628.1 628.5 629.7 632.6 635.9
238.6 237.7 226.4 207.5 196.2 205.2 217.6 229.6 244.5 254.6 250.3 241.6 243.5 265.8 286.1 303.6 318.1 330.5 346.7 364 376.6 385 390.6 397.5 404.4 414.6 413.2 406.1 422.7 446.8 472.1 494.7 510.4 522.2 532.6 542 548.4 550.8 553.4 553.5 556.1 555.9 565.1 574.3 583.4 590.1 592.7 593.6 592.1 588.1 581.3 572.7 564.2 556.7 548.4 538.4 526.8 519.8 523.7 531.7 542.2 549.7 553.3 560.5 569.3 575 578.5 591.4 600.5 611 622.1 628.8 631.5 633.5 635.2 638.2 641.6 645
252.1 257.7 250.4 235 215.6 199.5 204.3 209 213.6 219.1 222.9 248.5 270.7 289.8 309.2 324.5 334.2 347.9 362.1 375.2 388.7 399.2 409.1 420.3 429.1 438.2 441.7 434.1 424.4 432.5 457.1 479 499.1 511.8 520.4 525.8 527.6 530.2 532.2 529.4 540.1 557.7 568.5 575.9 583.9 591.8 594.6 595 592.9 589.6 582.7 570.9 562.2 555.8 549.5 539.1 522 520 522.7 532.4 542.1 551.2 559.1 565.2 571.9 577.6 584.5 595 605 615.6 626.3 633.6 636.7 639.4 643.3 647.6 650.6 653.5
261.2 270.2 271.9 258.8 238.5 215.6 212.6 206.8 210.1 225.3 245 267.5 286 301.3 316.6 330 342.7 356.8 366.4 376.8 389.4 402.2 411.5 425.3 435.9 446.6 457.4 462.4 452.8 437.1 438.1 462.3 486.7 496.7 503.4 504 505 512.7 524.3 538.3 553.8 565.1 572.2 578.3 588.6 593.7 595.7 595.9 593.3 590.5 583.4 569.2 560.5 555.6 549.7 540.1 522.8 516.6 520.2 533.1 545.3 552.8 562.9 572.2 576.8 580.5 588.3 595.6 606.1 617.1 629.3 636.5 640.5 648 651.8 654.2 657.5 661.3
270.1 278.4 284.6 275.8 248.3 222.5 237.7 236 224.4 214 227.4 252.2 276.9 296.1 310.9 324.1 338.7 351.3 362.6 371.3 385.1 397.4 407.3 423.3 437.8 450.7 462.3 469.8 472.6 467.8 461.1 464.1 466.8 483.2 492.2 502.5 512.1 523.3 536.4 547.4 559.1 570.8 579.3 586.5 591.1 595.5 597 596.8 594.9 591.1 582.8 572.4 564.3 558.6 551.5 538.9 521.4 506.5 515.7 531 546.6 554.9 563.4 575.5 581.2 584.4 590.8 597.9 607.6 618.6 629.3 637.9 643.9 651.8 656.6 658.8 663.2 667.7
277.1 285.8 289.1 285.4 265.5 243.4 249.1 258.3 252 234.6 219.5 251.5 261.5 274.2 294.4 310 324.8 336 349.1 360.5 374.1 388.2 402.7 421 437.1 450.2 461.6 471.6 478 482.1 484 488.2 491.8 498.4 505.1 514 525.4 537.1 547.9 557.6 568.1 576.4 584.7 590.1 595.1 597.8 598.7 597.9 595.7 591.7 584.3 576.7 566.6 559.1 546.7 533.5 515.6 496.8 511 527.7 545.5 555.4 566.4 577.3 586 590.5 595.5 601.1 608.6 617.2 624 634.2 644.6 653.6 657.9 660.4 668.8 671.2
281.2 287.8 293.3 296.6 286.2 265.6 252.4 267.9 273 254.4 222.1 240.1 252.4 260 270.7 284.6 298.8 310.6 322.5 339.2 357 376.5 396.7 413.4 426.9 441.1 455.5 467.4 475.5 482.9 488.6 494.5 499 504.2 512.3 522.3 532.5 543 553.7 564 572.7 580.4 588.8 594.9 600.5 601.6 602.1 600.4 597.3 592.5 585.4 575.2 567.5 554.7 543.4 525.6 507.1 486.8 500.3 515.6 540.7 559.3 572.2 581.7 588.9 593.8 598.8 603.8 609.9 615.4 621.6 630.7 641.8 649.4 656.5 664.4 670.9 672.3
287.9 294.1 302.5 307.6 307.3 291.6 273 271.8 285.5 274.2 245.9 230.3 234.1 240.8 247.4 262 276.2 287.8 303.6 320.7 338.7 358.4 381.2 401.3 416.7 432.2 446.5 459.5 471 480.2 488.5 494.6 499.2 506.1 513.3 524.1 534.8 546.7 556.2 566.8 576 586.1 594.2 601.7 605.2 607.3 605.9 602.8 597.9 593.6 584.7 574.2 562.8 551.8 538.4 517.3 494.4 475.7 490.2 507.5 535.7 554.4 568.7 581 587.8 592.8 597.8 602.7 609 613.8 620.7 630.4 639 647.7 656.4 665.6 671.2 671.7
295.4 304.6 312.4 319.4 322.7 314.5 297.2 286.9 292.7 296.6 273 256.4 241.7 260.9 277.1 274.7 263.8 277.5 295.2 312.2 325.8 340.4 358.2 383.8 406.3 424.4 439.9 454.4 467.4 478.6 485 491.3 496.5 502.7 512.5 523.1 533.4 546.6 557.8 568.7 579.6 591.3 598.5 606.5 609.8 610 608.8 605.1 600.2 594.9 585.1 573.8 559.3 551.6 535.5 506.4 482 466.6 481.5 501.3 529.7 547.3 568.3 576.3 583.7 587.8 591.2 599 607 612.9 620.1 630.2 639.2 648.6 657.3 664.7 669.5 670
303.4 315.9 325.1 330.9 335.4 334.9 321.8 309.9 315.8 320.4 302.8 284 251.1 276.2 298 304.8 302.1 292.7 282.1 306.1 313.9 328.8 342.4 364.8 391.2 412.9 432.5 448.6 463.8 476.1 481.6 486.6 492.7 499.6 509.4 520.8 533.6 545.5 554.9 569.6 582.5 593.1 601.7 608.7 611.3 611.2 608.2 605.1 600.4 595.9 586.3 575.3 557 545.2 529.3 502.6 476 459.4 475.9 497.5 520.8 542.1 561.1 569.9 577.6 583.5 588.8 596.5 604.9 613.2 619.5 629 639.5 649.8 658 662.6 664.8 666.7
307.7 325.8 335.7 340.8 346.5 350.8 345.9 338.6 339.5 339 328.6 293.8 269.3 287.3 309.7 326 327.1 320.4 302.8 287.8 298.1 312.9 329.7 354 374.9 397 421.4 439 457.3 468.6 476.5 481.2 487.7 496.1 503.9 517.8 531.4 543.1 554.6 566.9 580.5 591 600.2 606.4 608.8 609.2 606.7 603.7 599.6 593.6 585.9 569.8 549.9 535.4 515.5 491.4 465.5 449.4 472.2 500.2 521.4 540.6 554 565.1 573.8 578.9 585 592.5 602.3 609.3 617.6 627.7 638 647.4 653.2 656.8 661.6 666.2
313.6 328.4 339.3 347 353.5 360.2 362.6 361.3 359.3 354.1 340.4 307.6 286.3 306 326.8 342.4 347.4 341.8 327 314.9 306 305.6 321.6 346.1 366 384.7 405.5 424.5 440.4 456.2 466.2 475.4 482.6 492.6 502.9 513.7 525.3 539.9 551.7 563.3 575.2 583.8 592.2 599.9 604 604.1 604.2 602 596.4 589.4 580 562.2 539.7 523.5 498.3 470.9 449.4 448.6 473.7 507.3 532.2 545.7 556.3 565.3 571.3 576.4 582.6 589.4 597.2 606.2 614.6 624.1 634.5 640.8 644.6 652.2 661.4 664.6
316 328.4 339.4 347.8 356.4 365.1 371.8 375 374.6 368.5 342.5 310.9 302.1 325.6 347.5 361.5 363 360.7 349 339.3 330.6 312.3 319.2 343 360.9 380.1 396.5 409 422.2 439.3 453.4 466.1 478.4 483.8 499.3 509.4 521.6 535.6 548.7 559.4 568.5 575.7 584.1 592.9 597.3 600.2 599.1 596.8 590.2 580.2 570.3 552.5 528.5 500.2 472.7 448.9 434.9 446.6 477 513 539.7 555.4 565.1 570.7 574 577.6 582.5 586.2 593.8 602 609.5 616.8 625.1 628.6 641.3 650.7 654.1 656.4
310.8 320.3 332.8 345.4 356.3 368 378.9 383.3 384.1 376.9 346.1 318.7 332.6 343.3 363.9 376.3 378.8 378.3 373.2 364 352.6 332.8 318.3 339 357.8 374.8 388.8 398.5 409.5 425.7 441.5 455.4 468.5 475.3 491.5 504 518 530.6 542.8 553.4 562.8 570.4 578.9 586.4 592.3 593.2 592.2 587.6 578.4 569.5 555.5 532.3 508.2 477.3 451.9 432.2 421.9 450.5 483.7 523.1 551.3 565.2 571.1 574.3 575.8 576 579.1 583.2 587.1 596 601.8 608.1 612.2 623.9 633 641.3 642.7 642.4
290.6 301.4 317.3 337.6 355.5 369.8 379.4 387.4 388.8 384.9 353 347.5 360.7 364.6 376 381.2 386.5 389.1 388.7 383.1 373.3 350.6 322.5 331.7 348.3 366.3 379.9 391.7 401.6 417.4 435 450.8 462.1 470.9 487.1 500.6 513.6 525.7 538.4 548.1 558.9 567.7 575.5 581.2 583.9 584.1 581.2 575.4 566.1 555.3 537.2 512 479.3 453.2 428.1 411.9 426.2 456.9 490.3 532.3 562.5 569.9 572.8 573.9 572.7 570.8 573.4 578.3 581.5 585.7 593.1 598.3 605.6 615.4 623.6 628.7 630 628.2
276.5 296.3 316.3 338.5 355.5 368.8 380 386.3 390.6 388.1 374.3 381.2 383.6 379.6 382.5 384.2 387.7 390.1 389.8 387.8 379.1 353.2 324.9 333.7 349 363.7 376.1 386.7 394.8 407.8 423.7 443 455.9 467.5 485.2 496.6 508.5 521.7 533.8 543.1 552.7 561.6 567.3 570.5 572.1 570 564.9 559 550.1 536.7 517.1 482.7 455 430.9 409.2 406.3 435.3 468.4 502.7 544.6 566.7 570 570.3 569.8 567.5 565.5 566.1 574.4 577.6 580.7 585 589.1 596 602.8 609.4 616.6 619.9 618.7
291.9 312.6 330.3 345.2 357.7 369.1 378.6 381.2 382.9 382.1 381.8 386.5 385.3 380.7 382.7 381.6 385.8 390 388 384.8 376.2 348.8 325.5 330.6 345 358.7 369.2 379.9 388.4 398.8 412.7 432.3 453.4 466.4 482.2 493.9 503.4 517 528.8 537.9 546.7 551.8 556.3 558.5 559.2 554.7 549 543.5 533.5 519.1 485.2 457 432 408 396.9 411.5 442.8 477.7 513.9 556.8 566.1 566 564.1 564 563.1 559.6 562.8 566.5 570.7 574.6 574.9 579.7 586.7 592.9 596.3 602.2 608.3 609.2
303.9 318.3 330.6 346.8 359.5 370.3 374.9 374.2 373.3 378.1 383.6 388.2 387.5 380.1 377 375.3 379.1 380.8 383.5 377.4 369.4 342.9 324.9 332.4 341.5 352.8 362.5 373.3 381.8 393.1 404.6 418.4 440.6 456.7 473 489.4 500.3 511 522.4 530.5 537 542.3 544.4 545.5 545 539.7 534.6 531 521.3 492.7 460.7 434.8 412.6 394.8 394.2 417.6 450.3 486.1 528.3 559.4 561.9 558.8 557.1 556.5 556 552.2 552.8 558 563 563.2 565.9 571 575.1 580.9 586 591.8 600.4 601.8
318.2 328 339.2 348.1 355 368.2 365.2 358.7 365.8 375.9 385.8 391.2 391 385.5 377 367.9 367.8 372.8 373 369.3 357.2 332.8 324.4 333.7 340 349.3 359.3 368 375.9 385.8 396 405.6 425.7 444.3 462.8 480.6 493.1 504.9 513.7 519.4 526 529.7 531.8 532.1 529.6 527.3 526.5 521.7 501 467.9 439.2 417.3 395.7 387.5 397.6 425.9 458.7 494.5 538.2 555.6 555.8 552.3 548.3 546.3 545.7 539.3 544.1 550.8 552.6 550.1 552.3 557 564.4 571.2 579.9 588.9 594.7 596
320 335.8 347.5 354.2 354.1 354.1 345.8 338.7 361.8 375.5 384.8 394.3 396.2 389.7 379.5 366.7 357.9 363.1 363.2 361.3 342.8 321.2 330.3 335.6 340.1 346.4 356.8 364.2 372.2 380.4 387.4 395.7 411.7 429.9 448.9 467.4 481.3 493.9 500.9 504.4 511.8 516.2 519.1 518.5 519.3 520.2 518.2 502.4 473.2 447.4 420 397 382.5 383.1 404.7 436.5 468.7 503.8 540.3 551.1 549 543.5 538.9 536 533.2 519.8 533 538.8 539.4 537.4 539.7 544.8 555.9 567 578.1 586.1 586.7 588
310.7 334.1 348.1 354.8 352.9 344.2 326.3 337.3 358.4 372.1 383.3 390.8 393.7 390.5 381.9 365.2 350.8 351.3 354.3 347.6 328.3 321.5 329.8 334.7 337.5 346.3 355.1 362 369.1 374.2 380 387.1 399.7 418.7 434.4 450.8 464.8 475.3 484.4 488.3 496.2 504 506.3 508.4 508.1 506.1 494.6 472.5 445.3 422.4 398.6 382.5 379.9 384.8 414.9 447.3 479.3 509.5 539.8 545.3 539 532.5 527.4 523.3 519.6 511 518 524.4 522.9 523.9 528.7 540.6 552.2 564.5 574.7 581.2 580.8 573
299.8 323.9 342.4 350.3 349.4 344.5 320.7 321.6 339.8 360.9 378.5 387.9 390.4 391.3 384 366 347.1 336.7 342.4 334 319.2 320 330.8 333.8 340.3 343.7 352.3 359.1 365.3 370.4 378.3 381 391.5 406.8 419.5 434.6 446.6 458.9 467.6 475.3 483.4 492.7 496.1 496.2 491.6 478.2 461.7 440.3 417.1 397.7 381.8 374.9 375.7 395.4 423.9 457.7 489.6 514.8 540.3 537.2 530 520.8 513.5 505.8 502.1 499.2 504.7 506 507.2 513.3 521.5 534.4 547.7 560.1 571.1 574.5 565.2 565.3
288.4 309 328.7 339.6 350.6 350.2 328.7 304.4 317.9 338.6 361.2 378.8 385 386.6 381.2 366.4 347.8 327.6 330.4 322.6 314.3 322.9 330.4 333.5 340.2 343.3 347 356 361.6 366.9 371.8 375 383.2 394 404.2 416.5 429.1 442.2 453.1 461.4 471.8 480.6 481.8 477 462 446.1 430.8 412.2 391 378.6 371.1 371.4 384.7 409.1 438.7 469.6 496.1 524.5 533.2 527.8 517.1 506.2 495.1 484.8 478.1 478.8 487.3 491.7 497.1 507.3 517 528.4 541.4 550.5 555.7 550.8 553.6 555.1
291.7 294.7 314 327.9 339.5 348.3 337.4 310.2 299.5 315.9 338.9 363.7 372.4 374.2 369.7 358.4 343.1 323.1 316.5 316.3 308.5 324.4 328.7 337.1 335.7 341.1 343.5 352.1 357.7 363 366.8 370.6 374.7 383.4 391.9 401.1 413.3 428.1 438.7 449.4 460.3 463.6 461.6 449.3 431.6 415.8 401 384.9 373.6 367.8 367.6 379.3 398.9 428 457 483.9 506.7 523.3 523.9 515.9 502.4 487.9 473.3 461.2 458.3 463.1 471.3 482.5 493.1 502.7 511.6 524 530.9 534.6 538.1 540.5 540.1 540.7
315.9 301.2 301.1 316.5 333.6 345.1 343 319.9 293.4 292.7 316.5 340.5 347.5 350.4 344.7 336.5 325.8 314.2 306.4 302.4 309.1 321.1 325.3 326.9 332.4 336 339.9 347.7 353.3 357.4 361.3 364.9 367.1 373.2 379.7 389.5 400.5 414.1 425.9 437.3 445.2 444.3 436.7 422.1 405 389.4 376.8 366.6 364.2 363.6 374.9 394.6 419.7 447.1 474.8 497.4 514.2 518.5 514.7 502.7 487.6 468.4 452 441.7 443.5 450.8 458.9 470.1 481.3 488.2 496.7 504.3 510.1 521.1 523.8 525.8 530.4 543
329.7 314.9 301.9 316.7 331.2 337.7 338.4 325.7 296 272.1 294.6 305.1 311.4 315 312.6 304.5 298.9 296.2 289.2 293.1 305.1 315.3 321.8 326.1 329.7 328.1 333.7 342.9 348.2 352.2 356.7 360 362.2 365.9 371.2 379.3 389 400.8 413.2 425.6 428.7 425.7 414.9 396.9 381.8 369.7 359.7 358.8 363.2 376.7 396.6 418.7 441.3 463.4 489.4 512.7 512.6 509.6 499.5 486.7 468.5 448.2 431.7 447.1 461.2 473.3 483.7 489.9 495.2 495.8 492.1 496.9 504.1 512.9 516.4 528.4 542.6 554.1
333 315.7 302.7 317.9 327.8 333.2 330 309.8 283.9 253.9 270.1 274.9 279.9 282.3 281 274.1 262 267.4 277.5 292.5 290.8 297.9 319.1 320.5 323.1 324.8 327.1 335.1 342.8 348.3 352.5 356.3 358.7 361.7 365.6 371 381 390.8 398.6 408.8 412.3 409.9 393.5 375.7 365.1 356.9 355 363.8 380.1 399.2 419.9 440.9 462.9 482.1 500.5 506 503.6 497 484.7 468.6 449.3 427 437.6 455.7 471.9 490.9 502.3 510.7 518.8 521.3 521.1 522.5 518 521.3 537.1 548.5 555.6 560.8
318.3 298.2 297.1 324.8 334.9 322.1 304.2 285.4 265.3 249.2 247 249 248 249.8 253.5 265.9 283 295.9 309.1 318.3 322.3 311.7 315.2 316.6 321.2 323 321.2 326.8 338.9 346.2 349.8 351.9 354.2 356.6 359.8 363.9 371.5 380.8 387.2 394.4 395 388.2 372 360.1 352.6 355 364.2 383.4 403.6 423.4 440.9 459 479.1 488.8 493.9 493.9 486.4 480.3 465.8 447.5 425.4 425.2 444.1 463.7 483.4 500.3 511.7 520.1 527.4 534 537.4 537.6 537.3 541.2 550.4 557.9 561.6 565.2
298.3 285.1 289.7 309.2 300.7 290.4 276.7 260.8 244.9 241.4 248.2 257 262 270.2 282.6 294.2 309.8 322.4 328.9 332.7 331.5 320.3 306.3 313.7 320.3 318.8 318.8 323.6 334.9 342.5 346.8 348.5 349.5 351.8 355.5 357.7 360.8 370.1 374.5 381.4 381.5 368.5 356.4 345.5 353.3 364.2 384 405.6 426 443.5 458.2 472.7 478.5 480 480.4 474.8 464.1 452.7 439.1 422.7 416.3 434.9 452 470.1 492.7 504.6 514.8 524.2 531.9 538.2 540.4 540.7 542.3 547.7 552.9 558.6 563.8 566.9
280.6 271.8 271.2 277.1 269 260.1 247.7 236.7 236.7 246.9 266.2 278.9 289.7 298.4 309.3 318.6 329.7 335 337.9 337.6 334.9 328.1 324.7 312 316.3 317.9 318.5 319.2 325.6 334.8 342.8 343.8 346.5 348.9 350.8 352.6 355.4 358.2 362.4 367 364 352.2 344 348.2 362.8 380.7 403.5 424.3 443.7 460.9 472 470.9 469 469.6 466.5 453.3 439.7 424.7 414.5 409.6 425.6 443.2 461.3 480.4 496.2 507.4 517.3 525.7 533.3 539.2 541.7 542.9 543.2 547 553.2 559.4 564 566
263.3 254.9 253.1 249.2 242.9 233.3 233.8 237.6 243.4 262.2 281.6 295.2 306.9 316.4 327.2 335.9 337.4 340.5 341.6 340 335.6 333.8 328.9 320.5 313.7 316.5 316.8 317.9 320.4 323.1 336.1 341.3 342.9 345.7 346.9 347.8 348.4 349.6 351.8 353.4 348.1 342.3 338.5 357.9 374.3 395.5 416 435 453.8 465.8 470.2 469.5 464 456.2 445 429.3 414.6 401.3 411.8 426.5 441.2 456 473.3 487.6 498.9 508.9 518 525.6 531.8 537.4 540.6 541.5 542.5 545.9 552.5 557.6 561.2 564.6
244.4 236.1 231.7 229.4 230 232.8 238.3 243.6 252.1 277.6 296.7 308.2 320.4 328.4 334.8 339.9 342 342.4 342.6 340.3 338.4 332.5 329.4 323 318 316.7 317.8 320.1 319.2 320.1 326.8 335.8 339.8 342.2 342.2 342.6 342.6 342.4 343.1 343.5 340.4 334.4 345.6 365.3 384.4 402.6 419.9 435 450.8 460 463.9 462.1 456.6 441 421.2 405.7 396.3 412.2 429.4 443.4 456.5 470.8 483.3 493.4 501.9 508 514.6 524 528.7 531.8 536.4 539.3 539.9 543.9 550.1 554.1 557.5 562.7
