Assets/StreamingAssets/GeoData/Data/ns/NS92.asc
ncols 200
nrows 200
xllcorner 290000
yllcorner 620000
cellsize 50
[rows 0 to 34 of 200, columns 78 to 155 of 200]
336 345.8 355.7 364.3 370.8 381.7 398.8 410.5 421.4 430.1 438.4 445.6 449.6 448.6 440.4 430.4 418.6 407.7 395.3 384.9 371 356.1 341.3 324.1 310.5 298.3 289 280.6 274.9 269.4 264.6 260.1 255.8 251 246.4 241.1 236.1 235.7 235 233.6 231.2 228.6 225.6 222.3 220.5 220.4 220.6 220.2 219.8 217 215.9 213.6 211.4 211.9 212 212.2 212.2 211.6 210.9 215.1 216.3 220.9 230.8 239.2 250.1 258.4 269.2 278.6 282 284.7 285 289.8 297 307.9 315.6 321.2 328.2 334.7
329.3 337.4 346.5 353.4 361.3 377.2 391.7 404.3 417.6 430.4 441 450.4 457.7 454 440.5 428 416 403.8 391.1 378.8 363.7 349.6 335.2 319.4 306.1 297.1 286.6 278.8 273.2 267.9 263.2 258.4 253.8 249.3 245.6 241.3 237.5 234.3 230.7 230.7 228.4 225.7 222.6 221 220.5 217.9 212.3 211.5 211.3 211.7 211.7 211.6 212 212.2 212 212.7 210.2 209.9 216.6 219.1 224.6 232.6 238.3 248.4 262.5 275.2 282.7 288.8 293 296.8 294.9 300.3 307.3 315.9 325.6 333.1 342.5 349.8
324.6 330.8 337.3 349 359.1 371.9 386.2 402.3 417.7 430.6 442.2 452.5 457.8 452.4 436.5 424.2 411.9 399.5 389.1 371.1 353.8 339.8 326.3 312.7 303.5 294.2 285.2 278.1 272.3 266.6 261.9 256.4 251.3 247.9 244.6 240.8 236.5 233.4 227.7 225.5 225.8 223.3 221.7 219.5 212.1 213 212.3 212.3 212 212.2 212.3 212.4 212.4 212.5 211.4 210.2 213.7 217.3 220.7 224.2 231.8 239.9 249.4 263.1 276.4 289.3 297.9 305.5 306.5 308.5 309.6 311.8 319.7 328.8 338.7 346.8 357.7 364.9
316.7 327.3 334.8 345.1 355.2 367.7 384.2 400.8 415.8 428.4 440.7 451.7 454.2 443.4 430.1 418.7 406.9 394.8 381.5 363.9 345.7 329 316.8 308.2 297.9 290.8 284.2 277.5 271.4 265.6 259.7 253.6 250.5 247 243.2 239 235.5 232.1 228.9 226.3 220.5 220.6 215.9 214.4 213 212.9 212.7 212.1 212 212.7 212.6 213.7 210.6 210.6 212.6 212.3 218.9 220.4 225.4 231.1 239.8 249.2 263.1 279.4 292.9 301.6 310.6 318.4 323.8 325.3 328.1 328 334.4 343.6 355.5 364 373.1 378.6
316.2 324.2 331.9 341.6 350.6 362.1 381.3 398.5 413.8 425.3 436.5 446.6 441.8 432 421.1 410 399.1 388.9 372.4 354.6 337.2 320.8 310.8 301 293.2 287 281.2 275.6 270 263.1 256.9 251 247.9 245.6 241.5 237.6 234.5 230.4 226.5 223.6 222.5 217.2 215.7 213.8 213.2 212.8 212.4 212.6 212.9 210.6 210.6 211.8 212.1 212.1 212.4 213.6 220.4 224.6 231.4 239.4 251.3 262.9 280.1 293.9 305 316 325.3 335.5 339 339.6 346.2 350.8 351.9 362.5 372.9 380.5 388.5 394.9
312.1 319.8 327.7 337.5 347.8 360.1 378.8 396.4 411 422.2 433.2 439.2 431.7 421.5 410.8 400.4 390.6 377.5 360.6 344.4 327 314.4 304 294.5 287.6 282.3 277 271.5 266 259.4 253.7 248.2 245.2 242.4 238.3 234.9 230.4 221.4 222 224.4 215 215 215 213.8 213.3 212.4 212.7 210.9 210.6 212.1 212.5 212.5 212.7 213.7 213.6 217.8 223.2 230 237.6 247.1 262.2 280.1 292.4 308.7 320.6 334.9 344.1 350.8 355.3 358.1 364.1 371.7 379.1 385.1 389.6 395.5 401.7 406.4
306.9 315.5 324.4 333.7 344.9 358.9 377.5 394 407.8 419.3 428.3 431 422.2 411.1 400.3 392.7 379.4 364.3 348 333.6 318.5 305.9 295.7 288.4 281.7 276.5 272 266.2 260.1 254.4 250.2 246.6 242.6 238.8 235 229.6 222.2 221.3 221.7 213.2 213.3 213.4 213.7 213.8 213.1 214.1 210.6 211 212.6 212.3 212.8 212.7 215.7 213.6 215 221.8 225.4 233.3 242.5 255.7 272.8 291.9 302.3 323.5 336.9 351.2 360.2 366.3 372.3 380.9 388.5 393.5 397.3 401.7 405.2 410.3 414.5 415.9
303.2 311.1 319.9 329.9 341.4 357.2 374.9 391.3 404.7 415.2 422.8 422.8 413 401.6 394 382.6 365.3 351 336.1 322.2 308.4 296.7 287.8 280.3 275.8 270.7 265.5 260.5 255.6 250.9 247.7 243.8 240.3 235.2 231.4 222.9 222.4 221.4 212.9 213.1 213.3 213.3 213.5 213.3 213.4 210.6 212.6 212.9 212.9 212.8 213.7 214.1 217.2 215.9 215.9 218.3 223.8 233 247.7 262.2 275.5 291.6 311.1 331 347.5 362.5 374.6 384.4 393.1 401.1 406.7 410.9 416.8 419 419.6 422.4 425.8 425.2
298.7 306.9 315.5 325.8 338.3 354.7 371.5 387.7 400.8 410.7 416 414.3 404.5 394.5 386.3 369 350.2 336.3 323.7 309.8 299.1 290.5 283.1 274.5 269.6 264.6 260.4 255.6 251.9 249 244.7 240.6 237.4 234.8 224.7 222.4 217.9 212.9 213.2 213.4 213.2 213.6 213.5 211.5 210.7 212.6 212.8 212.8 213 216.9 216.4 218 218.4 221 220.6 222.5 220.4 223.3 239.8 256.4 273.4 293.6 312.1 332.4 350.3 368.5 385.1 397.6 410.3 416.6 424.2 425.6 429.3 431.7 428.2 432.3 434.3 430.1
294.8 303.1 311.8 322.1 335 350.7 367.9 384.3 396.6 405.8 409.6 405.4 396.6 389.5 372.4 355 337.5 324.1 312.6 302.2 289.9 284 275.8 269.7 263.9 259.1 255.2 250.9 247.5 245 241.7 238.1 236.1 228.9 221.4 213.2 213.6 213.4 213.8 213.5 213.6 213.6 210.6 213.1 213.1 213 212.8 213.9 215.4 216.8 220 220.4 218.9 223 226.5 226.4 233.8 228.9 222.8 233 254.9 283.9 306.6 326.6 346.9 371 387.3 398.4 408.4 415.5 420.1 424.9 429.1 430.1 430.6 434.4 432.7 427.5
291.2 299 308 317.9 330.7 346.7 363.6 380 393.3 403 402.7 397.2 391.3 378.7 360 341.6 326 313.6 303.7 294.5 285.8 277.2 271 264 259.2 254.1 250.9 246.3 240.8 238.6 237 233.4 227.9 220.8 213.4 213.5 213.9 213.9 213.9 213.2 213.3 213.1 213.2 213.3 213.3 213.2 217.6 217.6 216.4 220.3 224.8 224.5 221 228.9 232.8 236 238.3 238.9 233.9 227.9 244 272.3 293.8 316.2 339 360.7 375.6 385.9 395.7 402.1 408.6 413.9 418.9 422.1 425.3 426.2 422.8 418.3
288 295.2 304.5 313.6 325.8 341.9 358.7 373.5 386.6 393 398.5 389.8 379.5 366.3 348.1 330.5 316.6 305.1 296.3 288.1 280.6 273.1 265.7 258.5 253.1 247.2 242.1 239.9 234.1 231.1 227.4 223.6 219.2 214 213.7 213.9 214.2 214.2 213.7 212.9 213.4 210.7 213.3 213.3 214.7 217.7 217.4 216.8 222.5 225.6 226.8 227.6 225.8 233.5 240.3 243 244.2 238.5 241.8 236.1 234.9 257.5 284.5 305.5 327.2 344.9 359.7 370.8 379 385.8 393.1 399.3 405.4 410.3 413.3 412.4 410.3 406.7
283.2 290.7 299.3 309.4 320.9 336.4 352.7 367.1 380.2 387.8 387.6 382.9 369.3 353.5 337 321.6 307.9 297.3 290.2 282.2 275.4 268.5 260.8 255.8 252 249.2 241.4 235.1 228.8 225.6 223.1 218.6 214.6 213.8 213.9 214.2 214.5 214.1 213.3 212.5 210.8 213.4 213.7 218.6 218 217.5 218.1 223.7 230.8 232.1 231.6 231.6 228.4 237.5 246.4 248.1 248.3 245.4 245 245.9 231.6 253.8 279.8 294.6 312.6 330.5 345 355 362.4 368.3 375.1 382.2 389.8 395.8 398.8 399.3 399 396.2
278.7 287 295 304.7 315.5 330 345.6 359.6 372.1 378.4 377.4 369.1 356.7 342.1 328 313.1 299.3 290.4 283.1 277.1 270.1 262.3 255 250.5 248.8 241.8 238.2 236.8 228.2 222.9 218.7 215.6 214.2 214.2 214.2 214.5 214.4 213.9 213.1 210.8 214.6 215.7 219.3 218.7 218.4 222 229.3 232.8 237.4 238.9 238.9 237.8 233.2 243.2 253.4 257.1 259.6 258.7 254.6 249.3 241.9 246 268.3 286.7 303.9 319.9 330.4 339.7 345.6 350.7 356.4 364.5 373.6 382.1 386.6 389.3 390.7 389.6
274.6 281.3 290.1 299.3 309.9 322.8 337.8 351.5 362.1 366.3 363.3 355.4 344.5 331.5 317.2 303.4 292.3 285 277.3 271.2 264.3 258.8 253.1 246.7 239.7 238.9 238.2 230.7 221.7 219.7 215.9 215.3 214.6 214.4 214.5 214.6 214.3 212.6 210.8 217.3 220 221.2 220.7 221 224.8 230.5 238.4 243.2 245.7 246.5 245.9 243.9 241.5 250.7 261.8 267.2 269.1 267.8 265.1 258 253.7 235.3 254.4 279.4 298.8 311.1 320.4 323.9 327.2 332.2 339.4 347.6 361.5 371.8 378.3 383.4 387 387.4
269.5 276.8 284.8 292.9 304.3 316.5 329.6 342.3 350.5 352.2 348.9 342.1 330.9 318.9 306.9 294.7 285.4 278.9 272.7 265.4 260.9 256.9 248.3 241.8 235.6 234.5 231.1 222.6 219.2 216.1 214.9 215.2 214.9 214.6 214.7 214.5 212.4 210.9 216.5 222.8 223.2 223.6 224.4 229.6 236.9 242.3 247.5 251.7 255.5 252.9 251.3 249.4 242.1 259.9 267.1 273.5 279.6 278.9 275.2 266.6 261.7 250.6 244.3 269 287.4 300.6 309.5 312.7 311.1 313.7 322.1 336.4 351.8 365.3 373.8 381.8 385 384.7
265.3 270.7 278.4 286.7 297.9 308.7 320.6 330.6 336.2 337.9 335.7 328.5 317.7 307.2 296.1 287.1 279.3 273.1 266.5 261.7 255.8 252.3 246 239.2 231.9 227.3 224.1 220.5 217.1 215.4 215.3 215.1 214.9 214.7 213.9 212.1 216.9 220.6 224 225 225.2 227.7 232.9 240.3 249.6 257.1 259.9 264 264.3 260.1 258.8 248.9 258.1 265.2 273.6 281.3 284.9 284.5 279.7 271.6 272 264.3 251.6 252.4 272.4 288.4 297.3 300.2 297.3 318.7 333.1 344.8 355.3 365.5 373.3 379.1 381.6 383
252.3 259.7 270.8 279.5 290.6 301.5 310.2 317.5 321 323.2 321.4 314.5 306.8 296.5 287.2 277.9 272.2 268.3 264.7 260.4 253.8 247 243.1 237 228.5 225.1 222.1 218.9 216.1 215.2 215 214.7 215 213.1 212.1 217.9 222.4 225.3 228.6 233 232.8 233 243.6 253 261.4 268.1 273.3 275.4 274.6 271 265.9 259.4 265.7 272.4 282.4 290.2 295.4 292.3 289.3 285.4 278.3 273.7 268 258.9 254.8 272.7 285 281 306.2 323.4 334.6 345.9 356.1 366 374 380 382.9 383.7
242 245.8 257.5 271.2 281.3 292.3 299.2 304.4 307.6 309.3 308.6 302.7 295.4 287.8 279 270.2 267.2 266.2 264.2 259.3 253.1 247.9 242.8 229.9 224.6 222.2 219.6 216.5 215.5 215.5 214.6 214.1 214 212.4 223.7 225.6 227.2 231.7 235.2 240.1 242.8 246.6 256 268.5 277 279.8 285.9 287.9 286 282.6 274.2 271.2 270.2 278 290.7 297.7 303.6 301.6 299.5 293.4 287.1 284.4 279.5 274.3 262.6 255.3 267 287.5 307.4 321.9 334.1 344.7 354.6 364.1 372.6 380.1 384.9 385.9
235.7 238.1 247.2 261.7 271 280.4 287.6 292.5 295.9 298.1 298.2 293.3 286.3 278.2 271.3 264.7 264.3 264.2 261.5 254.3 251.1 242.9 231.7 226.7 221.9 219.5 216.7 215.6 214.8 215.6 214.9 214.6 212.1 226.6 226.6 226.9 234.6 243.2 245.5 250.4 256.2 267.1 276.5 282.8 292.2 296.1 300.7 299.6 298.8 293.3 280.6 275 275.7 282.9 296.7 303.9 306.5 307.7 306.7 302.3 297.2 291.6 286.4 283.3 277.1 266.8 266.2 279.1 296.8 315.3 331.4 341.9 351.7 360.6 369.1 376.5 381.5 382.2
233.6 232 240.1 248.8 257.9 268 275.4 281.9 286.6 288.4 287.9 282.7 274.4 265.6 258.7 257.3 258.1 258.9 254.3 246.9 243 232.6 227.2 223.9 220.8 216.5 213.3 213.3 213.2 214.3 212.2 212.3 225.6 227.3 231.8 236.8 242.1 249.2 254.9 266.3 276.9 285.7 292.8 300.3 305.6 308.2 313.8 313.1 308.8 298.6 292.2 284.3 279.9 289.4 299.2 309.6 311.8 313.2 312.5 306.3 305.8 299.8 291.7 288.5 284.3 279.1 271.2 264.1 289.4 307.8 326.9 337.9 347.3 354.7 362.5 368.6 372.8 372.3
232.8 232.2 231.1 242 247 254.7 265.1 272.7 276.7 278.6 276.8 271.1 262.2 256.1 250.9 248.8 249 247 244.1 239.6 234.2 228.4 225.5 220.8 213.3 213.6 215.5 215.6 215.5 212.9 212.9 217.5 228.5 235.5 245.5 249.5 255.7 267.3 276.4 285 293 302.5 312 317.2 322 323.4 323.5 322.6 318.9 312.2 298.2 290.1 281.9 294.4 303.4 308.1 315.5 317.1 312.7 313.5 313.7 309.1 300.2 293.9 289.5 282.6 276.9 268 283.4 303.3 320.4 331.4 339.4 346.6 353.8 359.5 362.2 359.8
233.8 232 231.2 238.9 244.1 245.9 256 265 267.4 268.2 266.2 260.3 255.1 249.8 244.4 240.5 241.2 238.6 235.4 232.5 227.6 224.8 221.1 213.3 214.8 217.5 218.3 216.8 215.3 214.8 215.9 229.3 235.1 247 250 259.6 272.6 283.3 293.6 303.6 311.6 319.5 324.4 332.1 336.9 340.1 340.7 340 330.2 322.1 306.3 293.6 288.6 295 304.6 311.7 315.7 316.3 320.4 320.1 318.8 313.2 308 301.3 300.4 291.6 283.1 277.5 277.3 295.7 309.5 321.2 331.5 337.7 344.5 348.2 349.9 342.1
239.2 235.4 230.1 229.7 239.1 238.1 248.6 256.1 259.9 257.2 252.3 251 247.6 241.7 236.2 233.8 233 230.6 229.3 227.8 225.7 223.2 218 214.4 217.7 220.6 222.9 220 217.2 214.7 227.5 237.1 245.1 256.6 268.6 279.6 292.9 300.7 310.6 317.6 323.4 335.3 344.4 348.9 352.9 356.8 355.5 351.6 344.3 332.5 316.9 306 297.2 290.8 303.6 311.7 317.6 319 326.3 327.5 324.6 322.6 317.7 313.3 307 296.1 290.2 282.5 271.2 283.5 300.2 311 320.1 328.8 334.2 336.6 336.8 335.9
244.3 236.2 235.2 233.2 229.8 231.9 231.1 234.6 241.9 237.5 237.2 236.8 235.7 234.4 231.5 227.3 228.2 228.3 226.9 227.3 225.2 222 215 217.1 218.3 216.9 220.5 221.1 216.9 219.8 229.4 244.1 254 267.9 280.9 297.6 306 314 326.9 334.8 343.4 353.2 360.4 363.3 367.2 371.4 367 360.9 352.7 339.9 325.1 314.4 305.9 294.6 302.6 312.1 317.7 326.4 334.3 337 334.1 330.8 327 322.6 316.5 305.8 295.5 286.5 278.4 279 290.5 301.7 310.1 318 325.2 331.5 339.1 348.9
246 239.2 239.4 235.4 233.7 227.5 241.1 240.3 230.4 226.2 226.3 228.9 232.9 232.9 229.8 221.9 220.6 220 222.5 225.2 224.2 221.1 216.9 213.3 214.2 214 217.9 217.8 223.3 225.9 234.9 248.7 264.6 279.3 291.8 312.7 317.8 330 338.2 348.3 356.9 365 370.6 373.7 380.1 381.6 377.3 367.8 358.7 348.4 334.3 320.3 312.3 298.6 306.4 312.8 321.3 333 342.7 346.3 345.6 339.8 336.1 329.9 321.2 311.1 301.5 291.6 282.3 275.5 284.4 295.6 307.2 317.9 327.9 338.7 349.3 360.9
242.4 241.8 242.3 236.8 237.5 229.7 228.4 233 228.5 229.6 226.8 224.1 224.8 222.7 229.3 219.1 219.2 219.3 218.5 219.3 221.1 219.2 216.2 215 216.8 214.4 223.5 224.4 222.8 232 243.6 257.9 274 293.1 307.9 316.8 335.1 341.5 351.6 360.3 367.6 374.1 378.6 384.9 388.8 390.2 380.3 373.6 364.2 352.7 337.4 319.7 306.5 317.5 311.4 316.7 324.9 337.2 346.5 353.1 354.2 349 342.1 332.5 323.4 315.1 306.7 297.3 287.8 277.7 286.3 296.6 313.2 325.5 337 347.6 357.6 368.6
241.1 248.8 244.2 240.3 241.7 239.2 234.6 229.7 225.6 228.6 225.6 223.5 222.8 222.5 229.8 220.9 219.9 223 221.5 217 216.4 215.9 216.4 216.7 216.8 214.9 219.7 222.9 229.1 238.2 251.5 265.3 284.1 301.3 312.2 324.9 337.6 350 361.1 367.9 374.6 378.3 380.6 387.1 387.5 385.6 380.3 374.8 365.7 353.8 327.2 318.3 332.2 329.1 325.5 326.2 334.2 344.5 353 358.7 358.1 353.6 345.5 338.6 331.2 319.7 308.8 300.2 290.9 281.8 284 296.4 312.5 328.2 341.1 352.9 363.1 373.4
252.9 251.9 243.8 241.7 243.1 241.8 240.5 239.4 237.8 234.8 235.1 235.3 233.2 231.6 231 229.8 227.4 224.9 222.1 217.2 216.8 216.7 216.9 217.2 214.6 218.5 226.8 230.4 240.8 254.3 270.4 277.6 293.2 308 317 332.4 344.6 355 364.2 370.2 374.4 375 376.9 379.9 381.6 381.1 377.4 372.6 362.9 355.4 345.7 341.5 341.6 339.3 343 342 342.8 344.1 353.8 359.8 360.1 357.1 351.7 346.2 336.2 323.3 311.6 302.7 294.1 285.3 283.8 294.5 311.1 328.1 342.7 355.8 366.6 377.7
253.3 252.1 240.9 241.5 244.2 243.1 241.5 241.9 241.8 241 240.2 238.8 235.2 233 231.7 231 229.1 225.9 222.4 217.7 217.2 216.9 217 217.3 214.9 224.9 231.6 236 254.6 270.3 281.1 290.3 305.4 321.3 330.8 340.9 349.5 355.1 361.4 362.9 363.8 366.3 370.1 371.7 373.6 374.6 371.9 369 363.7 354.3 351.7 349.4 355.4 353.7 354.8 353.3 350.5 353.1 356.5 361.3 364.2 362.8 357.3 349 339.8 327.2 314.1 305.5 295.9 289.7 284.7 295 308.8 327 341.5 355 369 380.8
254.6 250.8 238.9 244.1 244.1 243.3 240.7 241.3 241.9 242.2 241.5 237.6 234.3 232.7 231.7 231.1 230 227.4 222.6 218 217.2 217.2 217.1 214.8 219.3 232.2 238.2 248.8 259.3 274.9 287.9 306.5 318.2 326 333.5 337.6 342.2 344.6 348 349.9 352.7 356.1 359.2 361.3 363.2 365.3 364.8 362.8 354.2 354.8 362.1 368 369.3 365.2 361 358.1 359.6 361.2 360.1 363.9 366.5 366.5 362.6 355.5 344.5 329.8 315.7 307 302.1 293.5 285.7 295.9 306.4 325.1 339.6 354.7 368.7 380.6
256.4 251 241.6 242.5 241.8 239.7 237 236.1 237.9 239.4 237.8 235.6 232.4 232 231.5 230.7 230 226.9 222.4 218 217.2 217.4 217.2 216.5 224.7 235.2 249.2 260.3 273.6 291.9 299.3 311.2 317.7 323.7 326.2 328.7 330.8 333.3 335.6 337.7 341.2 345.4 348.2 351 353.3 350.5 350.8 355.3 360.1 371.1 376.5 377.9 378 371.4 367.8 365.7 367.8 367 365.2 369.8 371.2 370 366 359.2 349.2 336.2 322.5 312.6 304 297.1 292.1 293.5 308.3 323.3 337.8 352.3 366.1 378.2
255.3 249.1 242.6 241.6 237.9 235.1 233.9 233.7 232.4 231.2 231.5 229.7 229.5 231.1 230.4 229.4 229.9 227.3 221.2 217.5 217.4 217.4 214.8 224.6 234.3 247.7 257.7 271.6 288.2 306.4 307.1 312 311.6 315.7 316.1 318 319.4 320.9 323 325 329.3 333.7 338.3 340.6 342.1 343.2 347.7 357 366.7 371.6 376.4 379.1 376.1 376.7 375.5 373.9 373.8 373 373 374.9 375.4 373.9 370.6 364.5 356.1 343 330.4 317.2 309 304.4 298 293.4 307.6 321.5 335.6 349.8 364 377.5
252.1 244.3 242.2 237.8 234 232.6 231.7 229 228.9 230.1 226.2 225.6 225 224.3 228.7 228.1 229 225.6 218 217.6 217.6 217.2 215.9 225.5 235.9 251.2 269.1 281.9 293.1 304.8 304 304.8 306 307.1 308.6 308.6 308.8 308.2 309.5 313.1 318.5 324.1 329 332.1 333.9 337.9 346.3 354.1 359.8 365.1 368.4 370.3 374.2 377.2 376.5 380.6 379.7 378 379.3 380 379.1 377.3 373.8 370 362.7 350.6 338.8 323.2 317 310.7 303.8 293.6 308.1 320 333.8 349 363.5 377.9
243.7 239.2 237.2 234.1 233.2 232.2 231.8 232 231.8 231.1 230 230.4 229.3 224.3 220.6 225.2 223.5 218.7 217.8 218 217.8 215.3 224.1 234.3 244.6 256.1 267.9 281.5 289.6 293.2 295.7 297.4 296.6 299.3 298 296.3 294.2 294.7 298.2 303.4 308.9 314.4 320 322.9 328.3 333.4 339.8 346.1 352 357 361 365.2 369.6 373.5 378.6 382.3 381.8 384.8 383.9 383.1 382.6 381.8 380.6 376.5 370.2 362.5 353 337.5 325 316.9 310 294.7 306.8 319.8 333.8 349.5 362.9 377.3
