Assets/StreamingAssets/GeoData/Data/ns/NS93.asc
ncols 200
nrows 200
xllcorner 290000
yllcorner 630000
cellsize 50
[rows 0 to 34 of 200, columns 78 to 155 of 200]
212.1 212.2 214.8 215.9 217.7 219.1 221.8 228.1 233.9 237.8 239.1 239.5 241.4 244.3 247 249.9 253.8 255.9 258.3 263 265.3 265.5 264.1 264.5 264.8 261.9 269.2 273.6 278.5 284.7 287.9 288.8 290.1 293.5 294.3 294.2 292.6 289.8 286.1 282 276.9 272.7 267.9 262.8 259.3 254.2 249.9 245.9 243.7 242.2 239.3 235.9 234.3 233.1 233.6 233.8 233.5 232.4 230.6 226 219.2 215.7 217.9 215.5 211.6 209.5 209.3 209.7 211.6 213.8 216.2 218.1 219.4 220.9 221.4 221.7 222.1 222.1
212.4 212.3 214.3 215.5 216.4 218.4 221 224.4 230.8 232.9 234.6 235.5 237 239.1 241.8 243.6 246.3 249.3 251.7 254.6 257.2 257.5 256.6 257.7 262.7 269.7 274.4 278.8 283.7 288.4 290.2 290.3 289.6 291.1 291.2 290.5 288.2 285.4 281.9 278.7 274.1 268.2 264 260.8 257.2 252.6 249.1 245.9 243.1 241.4 237.8 235.4 233.6 233.2 233 232.9 232.3 230.5 228.1 224.1 217.9 215.1 215.6 214.4 211.4 209 209.4 210 211.5 213.2 216 216.9 217.8 218.4 218.3 218.7 220.3 220.1
212.1 213.2 213.5 215.1 216.6 217.5 219.6 222.2 226.6 228.9 230.7 232.2 233 234.9 238 239.6 241.6 243.4 246.6 248.9 250.2 249.9 253.9 262.7 269.3 275.3 280.1 284.3 288.9 291.6 293 292.7 291.2 286.9 287.5 286.7 284.3 281.3 277.5 273.3 268.9 264.5 261.1 257.8 253.5 250.8 247.6 243.9 242.4 240.5 238 235.2 233.6 232.9 232.7 231.7 230.4 228.3 225.9 221.8 217 215.8 214.5 212.8 211 208.9 209.6 210.3 211.3 213.2 214.3 216.4 216.8 216.2 216.6 217.5 217.7 216.7
213.1 214.9 215.1 217.3 219.1 221.5 220.4 220.1 223.2 225 227.6 230 231.1 231.5 234 237.6 238.9 239.2 240.5 243.8 243.2 249.2 256.8 264.3 272.1 279.7 285 289.7 292.9 295.5 295.9 293.8 291.1 288.4 282.9 281.6 280.6 277.3 273.6 268.2 264 260.7 257.8 252.6 250.5 247.3 245.3 243.5 242.5 240.2 237.3 235 233.6 232.5 231.3 230.4 228.6 226.4 223.6 220.1 216.7 215.7 214 211.1 209.2 208.9 209.9 210.4 211.1 212.8 213.9 214.6 215.4 214.6 214.8 216 214.9 213.8
219.1 218.3 217.4 218.6 221.7 223.8 222.1 220.2 223 224.5 228.2 229.8 230.5 230.4 231.6 233.8 236.6 237.2 237 239.1 244.5 251.1 258.2 265.7 274.7 282.9 289.4 294.3 297.7 299.1 298 295.2 291.4 287.6 283.6 280.4 275.5 273.1 270.9 265 259.7 255.6 252.5 250.2 248.3 245.2 244.5 243.3 242 239.4 236.3 234.9 233.6 232.2 230.4 228.5 226.7 224.5 221.1 217.9 215.4 214.7 212.4 211.5 209.1 209 210.2 210.7 210.9 212.4 213.6 214.2 213.1 213.1 213.7 213.9 212.3 211.4
222.4 220.6 219.1 220.2 224.5 225.4 225 223.2 221.6 223.9 224.8 227 229.2 229.4 230.4 231.7 232.7 233.3 235.5 239.8 244.7 251.6 259.7 268.3 277.3 286.3 293.7 298.8 302.2 302.5 300.4 296.5 291.5 285.9 281.7 278.6 272.9 269.8 265.8 261.6 256.8 252.3 249.2 246.5 244.8 244.2 243.2 242.5 241.5 238.6 236.3 234.8 233 231.1 229.4 227.9 225.6 222.4 218.9 215.6 213.4 211.2 210.1 210.9 209.5 209 210.5 210.7 211.4 212.3 213.4 212.8 211.8 211.6 211.5 210.2 209.4 209.4
226.4 223.7 221.7 222.6 226.2 227.4 226.2 223.8 221.4 223.6 222.7 224.7 226 227.3 229 229.8 230.4 231.8 234.4 239.3 243.5 251.3 260.8 271.2 280.9 290.6 297.7 302.9 305.3 305.5 302.5 296.3 290.1 284.1 280.4 276.9 272.8 268.5 263 257.1 253.1 249.5 246.1 243.5 242.5 243.1 243.7 242.4 239.5 237.1 235.8 234.7 232.8 229.9 227.8 226.1 223.8 219.4 216.2 213.5 213.2 211.5 210.3 208.9 208.8 209.6 210.6 210.6 211.2 212.5 211.8 211.6 209.6 210.1 209.4 208.5 208.2 207.9
231.6 227.4 224.9 225.2 227.6 229.2 228 225.5 223.2 220.5 222.6 223 224.8 226.2 227.5 228.2 228.5 229.5 231.5 237.6 243.8 250.8 260.5 272.8 283.2 293.6 300.3 305.5 308.2 308.2 303 296.3 288.2 282.8 278.4 274.4 269.9 265.2 259.7 254.9 250.6 246.9 243.7 241.7 241.7 242.2 242.8 241.9 239.3 236.5 234.6 233.1 231 228.4 226.1 223.3 220 216.4 215 212.7 211.8 210.5 209.4 209.8 209.1 209.3 210.3 211.2 212.4 212.2 211 209.5 208.6 209.2 208.2 207.7 207.5 207.2
237.8 233 228.3 229.9 231.6 232.5 230.6 228.1 224.7 221 220 221.7 223.4 224.9 225.8 226.2 226.7 227.6 229.5 235.3 241 249.1 259.4 272.2 284.7 295.5 302.1 306.8 308.9 308.8 301.9 293.8 286.2 280.4 275.4 271.5 267.4 262.2 256.8 251.9 248 244.5 243 241.1 241 241.2 241.4 240.8 238.6 236.3 233.8 231.5 229.5 225.5 224.2 220.6 217.7 215.6 215.3 211.8 211.1 209.4 209.2 209.3 209.2 209.2 210 210.8 212.2 211.4 210.6 208.9 208.2 208.4 207.7 207.4 206.9 206.5
244.1 240.6 236.1 234.4 235.7 236.2 235 231.1 225.3 221 219.6 220.1 220.9 223.3 223.9 224.4 226 226.1 227.3 233.1 239.3 247.5 257 267.9 281 293.2 301.3 306.5 307.6 305.5 298.3 290.4 282.9 277.5 272.7 268.5 263.8 259.2 253.9 249 245.1 241.5 241.4 240.5 239.6 240.1 240.1 239.2 237.1 234.3 231.5 228 225.9 223.7 220.3 218 216.6 214.5 213.1 211.5 210.2 209.4 208.9 209 208.9 209.1 209.6 210.1 211.3 210.9 210.5 208.9 208.2 208.9 208.6 208 206.9 205.5
248.6 246.4 243.9 239.8 239.5 239.1 237.7 234.1 229.2 222.3 219.4 219.3 220.1 221.9 222.5 222.9 224.2 225.1 225.4 230.2 237.2 244.4 255.1 263.9 274.1 285.8 295.6 302.5 303.5 300.9 293.1 285.3 278.6 273.6 269.1 264.2 258.3 254.3 250.4 245 240.7 239.6 239.5 238.9 238.5 238.6 237.7 236.6 234.6 231.3 227.7 224.9 223.1 221.5 217.5 216 215.3 214.8 213.7 211.5 210.2 209.6 209.7 208.5 208.7 208.9 209.2 209.6 209.1 209.2 210.2 209.3 208.4 209.6 208.3 207.6 206.7 206.6
251.9 249 246.8 244 244.3 242.7 241 238.8 231.8 224.5 219.6 218.9 219.8 220.9 221.1 221.5 222.1 222.7 223.5 228.2 235.1 243.1 252 261.2 269.5 279.3 288.1 293.4 294.3 291.2 285.5 279.8 274.3 269.6 264.8 258.7 253.5 250.3 247.4 241.3 238.4 237.5 237.3 236.2 235 235.6 235.1 232.4 230.5 227.1 225.3 223.8 221.5 218.8 216.7 215.3 215.3 214.1 212.7 208.6 208.8 208.7 209.9 209 208.6 208.7 209.2 209.8 209.8 209.9 209.9 209 208.4 209.6 208.4 207.8 207.6 207.5
253.7 250.5 248.6 246.7 247.5 247.2 247.3 242.7 235 225.7 219 218.8 219.4 220 220.5 220.9 221.2 221.5 222.2 226.9 233.5 240.7 247.6 256.1 265.4 273.2 280.6 285.8 285.7 282.5 278.6 273.9 269.1 265.1 261.1 254.3 250.6 248.1 244.6 240 236.2 234.6 233.9 233.3 231.3 231.5 231.3 229.3 227.1 224.2 223.3 222.1 219.9 216.6 215.1 213.5 213.6 212.3 210.1 208.2 208.2 208.3 209.7 208.6 208.2 208.3 209 209.1 209.8 209.8 209.6 208.8 208.6 209.5 209.4 208 209 209.6
254.2 252.6 251.4 249.5 250.4 251.8 252.5 247 238.3 228.9 221.9 218.7 218.6 219.4 219.8 220.7 221.2 223.8 221.9 224.5 231.5 237.9 244.5 252.7 261 267.5 273.8 277.2 277.4 275.1 272 267.7 263.6 259.9 256.1 251.7 247.3 244.6 241.5 237.9 234.5 230.9 230.4 229.2 228.6 227.4 226.6 225 223.2 222.1 220.6 218.8 216.7 215.1 212.1 211.4 211.4 209.7 208.2 208.2 208.1 208.3 209.7 208.9 208.4 209.2 209.3 208.8 209.2 209.5 209.4 209.1 209 209 209.5 209.3 211.2 211
253.9 253.2 252.9 252 254 258.7 258.8 254.1 243.6 230.8 221.3 218.7 218.4 218.7 218.6 219.3 221 223.9 222.1 223.3 227.4 233.2 240.5 249 256.5 263.1 267.5 270.1 269.6 268.3 264.7 260.9 257.1 254.6 251.1 247.3 244.1 241.8 238 234.4 231.6 229.7 227.1 225.2 224.6 223 221.7 220.9 220.8 220.3 218.3 216.1 214.2 211.7 211.1 210.7 210.5 209.2 207.8 209.1 208.4 208.9 209.4 208.8 209.4 210 209.9 210.1 209.6 210 211.1 209.4 209.5 208.7 210.1 211.9 213 212.4
253.1 252.8 253.1 253.5 258.1 265.3 266.7 259.8 246.4 231.2 221.7 219.2 219.1 218.3 218.3 218.4 220.7 221.3 222 223.9 227.3 231.5 236.5 244.4 251.9 258.2 261.6 263 261.4 260.1 257.2 254 251.5 248.7 246.8 243.4 240 238 234.2 229.7 227.1 225.3 222.8 222.1 221.6 219.9 219.2 219.8 219.5 217.1 215.5 214 211.7 210.4 209.9 209.5 209.9 208.1 208 207.8 207.4 207.6 209 209.2 210.6 210.6 210.4 211 211.3 211 211.3 210.4 209.9 210 212 211.9 211.4 210.8
250 249.7 251.9 255.3 262.7 271 270.2 257.2 244.8 231.6 221.6 219.6 218.8 217 217.1 218.5 219.6 220.9 221.1 223.9 225.7 232.1 233.7 238.7 245.4 250.4 253.1 254.9 253.8 253 250.3 247.7 245.5 243.7 241.7 238.2 234.6 232.6 229.2 225.6 223.8 222.1 219.8 219 218.6 217.4 217.5 217.3 216.2 214.7 214.3 212.9 210.3 209.5 208.5 208.3 207.5 207.4 206.9 206.9 206.9 206.7 209.1 210.2 211.3 210.8 210.7 211.1 211.9 211.9 211.9 211.7 210.8 211.2 211.7 211.2 210.7 210.3
246.5 246.3 248.5 254.9 261.7 264.9 259.8 251.7 241.2 229.9 221.9 218.7 217.8 216.5 216.7 219 220 221.5 221.4 221.4 224.7 230.7 232.5 234.8 239.9 243.4 245.5 246.3 247.5 246.4 244.4 242.9 240.2 238.3 235.7 233 230.2 228.6 225.1 221 220.8 220.3 217.8 216.9 216.2 214.9 215 214 212.7 212.7 212.3 210.3 209.5 208.8 207.8 208.3 209.1 207 206.6 206.3 205.9 206.7 208.8 211.6 212.2 211.9 211.5 211.4 211.8 211.6 212.3 212.1 211.4 211.7 211.5 211.6 211 210.1
241.5 241.1 243 248.2 252.2 251.2 248.5 242.9 236.9 227 219.3 216.8 216 215.5 216.7 219.1 221.1 221.9 221.4 219.8 224.7 229.7 230.7 231.2 235.4 238.8 240 240.4 239.7 239.6 238.6 236.8 235.1 233.4 229.4 226.7 224.9 222.7 219.1 218.2 218.1 217.9 217.7 214.3 212.9 212.6 212.4 211.1 210.2 209.9 209.4 208.8 208.3 207.8 207.8 209.5 207.9 205.9 205.9 205.3 205.5 206.9 208.7 212.1 213 212.6 212.5 212.5 212.1 211.7 212.7 212.5 212.2 211.9 211.7 211.5 210.5 209
236.8 235.6 236.1 239.4 241.3 239.9 238.8 236 229.4 221.5 215.8 215.4 215 215.4 217.4 219.2 220.2 221.2 220 219.5 222.8 226.5 229 228.8 229.2 231.4 232 229.4 231.3 231.9 232.3 231.6 229.6 223.9 218.9 216.3 216 216 216.7 216 216.2 215.9 214.7 213 211.2 210.6 209.8 209.3 208.4 208.4 207.8 207.1 206.6 206.8 208 208.6 207.6 206.3 204.8 204.3 205.5 207.7 208.4 212.5 213.1 212.7 212.8 212.7 213 212.3 213.1 213 212.7 212.4 211.9 211.2 209.8 208.7
230.4 229.2 229.2 228.7 229.7 228.2 226.1 222.9 219.8 216 214.3 214.4 214.6 215.8 217.4 218.4 218.8 218.9 218.9 217.4 219.2 223 227.5 227.1 226.8 225.5 221 220.5 222.5 223.9 222.1 225.1 222.5 220.3 218.6 213.8 213.2 212.9 213.5 214 214.9 213.7 212.3 211.2 210.2 209 208.4 207.9 207.3 207.1 206.6 206.5 206.4 206.6 208.6 208.6 206.8 205.2 205.1 205 206.2 208.4 209.3 212.8 213 212.6 213 213 212.6 213.1 213.7 213.5 213.1 212.2 211.5 211.3 210.6 207.5
223.7 222.7 219.5 218.8 217.3 217 216.3 215.6 215.1 214.3 213.9 214.2 214.1 214.6 215.5 216.7 218 218.8 218.4 216.5 216 217.7 219.8 221.5 223.4 226.1 220.6 216.8 215.2 215.9 215.7 214.2 212.7 212.6 211.9 211.7 211.5 212.4 212.4 211.7 211.8 211 210.5 209.6 208.5 208.3 207.7 207.1 206.7 206.5 206.6 207.3 207.6 206.2 206.4 206.2 205.4 204.8 205.2 204.9 204.9 207.9 210.7 212.8 212.9 212.1 212.6 213.2 213.1 212.8 213.2 213.2 212.1 211.2 210.2 210.7 209.3 205.9
219.3 215.9 215.7 214 214 214 213.7 213.7 213.6 213.6 213.6 213.8 213.1 214.1 215.4 216.8 216.9 218.6 218.7 217.2 214.8 214.3 214.9 216.8 217.9 218.5 217.4 215.1 212 212.4 211.6 211.8 210.9 211.7 211.9 212.3 211.7 211.2 210.6 210 209 208.3 208.4 208.8 207.9 207.6 207.3 206.9 206.5 206.3 206.2 207.1 206.5 206 205.6 205.5 205 205.7 206.7 205.5 203.6 207.5 210 211.8 211.9 211.8 212.1 212.7 212.7 212.9 211.5 210.5 210.5 210 209.1 207.8 207 205
214.6 214.4 214.1 213.9 213.8 213.7 213.4 213.5 213.4 213.4 213.4 213.5 214.7 215.4 213.8 212.8 214.9 219.7 219 217.8 214.1 212.1 211.7 212.9 211.2 211 210.8 210.4 210 210 210.4 210.7 209.9 210.6 211.6 211.5 210.5 209.3 208.5 208 207.7 207.5 207.6 207.9 207.3 207.1 206.9 206.6 206.4 206.1 206 205.9 205.7 205.7 205.5 205.5 206.8 208 206.7 205.3 202.9 207 208.9 211.2 211.1 211.1 211.5 211.8 212 211.3 209.2 209.1 209.6 207.9 207.7 206.5 205.9 204.4
214.4 213.7 213.6 213.8 213.7 213.8 213.3 213.3 213.1 214 213.3 213.1 212.8 213.4 213.9 213.9 213.2 212.2 213.3 213.6 212.8 211.4 211.4 211.4 211.5 211.1 210.6 210.3 210.2 210 209.9 209.7 209.3 209.3 209.2 209.4 208.5 208.1 208 207.8 207.4 207.3 207.3 206.1 206.7 206.7 206.5 206.6 206.1 205.9 205.7 205.7 205.5 205.4 205.2 206 207.8 207.9 206.6 204.6 202 206.6 208.9 210.2 209.8 210 209.9 209.9 210.2 208.8 206.2 207.7 207.6 205.6 205.9 205.8 205.1 203.8
214.2 213.3 213.3 214.6 215.1 215.7 216.3 214.5 214.1 215.4 217.5 216.1 215.9 216.1 216.8 216.9 215.8 214.8 214.5 213.6 212.7 212.5 212 211.8 211.6 211.5 211.2 210.6 210.4 210.3 210 209.8 209.5 209.4 209.1 208.8 209 209 209.5 209.8 208.9 208.1 208.6 208.3 207.9 207.7 208 207.4 207.4 206.3 206.1 205.5 205.4 205.3 205.3 207 208.3 207.7 206.1 205.4 202 205.7 206.5 209.4 208.3 207.8 207.5 207.7 208 206 203.9 204.9 204 203.4 203.9 204.3 204.7 203.2
216.1 217.1 218.8 220.4 221 220 218.8 217.4 216.7 218.7 222 221.1 219.9 218.7 218.9 217.8 216.7 216.7 215.4 214.2 213.5 213.5 212.8 212.3 212.1 211.9 211.8 211.5 211 210.7 210.2 209.9 210 210 209.5 209.4 209.6 210.1 210.1 209.9 209.6 209.1 209.5 209.5 209.6 209 209 208 207 205.6 205.8 205.5 205.6 205.7 206 207.4 207.8 206.6 206.1 205.6 203.9 201.7 204.7 206.6 203.9 203.9 204.6 203.9 202.9 202.2 200.6 200 199 199.3 200.6 199.8 203.2 200.1
222.7 225.5 228.5 227.2 227.6 225.2 224.4 223.1 221.2 223.9 226.3 226 224.3 222.8 221.7 219.9 219.8 219.1 217.1 217 215.5 214.2 213.1 212.6 212.5 212.4 212.2 211.6 211 210.8 210.7 210.3 210.3 210.4 211 210.9 210.8 210.7 210.9 210.3 210.5 210 210.1 209.7 209.6 210.1 209.7 208.9 208.4 206.6 206.8 205.8 204.9 206.5 207.2 207.6 206.6 206.2 206.3 205.2 203.7 201.1 198.9 205.9 198.4 197.8 201.5 202 198.1 197.5 194.4 195.3 195.2 195.1 194.9 197.2 198.8 194.4
230.2 233.7 237.6 237.2 234.7 233.6 233.9 232.6 232.8 232.4 231.4 230 227.4 225 223.4 221 220.8 220.1 218.1 217.2 216.6 214.8 213.1 212.8 212.7 212.7 212.6 212.1 211.5 210.6 210.9 210.7 210.7 211.3 211.7 212 212.1 212 211.8 211.3 211.2 211.1 210.7 210.3 210 210 209.6 208.9 208.1 206.5 206.2 205.5 206.5 207.7 208.5 208.1 207.6 205.9 205.6 204.2 202.7 200 198.8 199.7 198.2 198.1 198 201.1 196.8 196.7 195.7 195.4 195.4 195 194.7 194.8 195.1 195.3
236.6 239 243.5 244.8 243.7 242.5 242.7 241.9 240.6 238.9 237.6 233.3 230.2 227.2 225.3 223.6 221.3 219.8 219.3 217.7 216.5 214.7 213.9 213.4 213 213 212.9 212.6 212.1 211 210.9 211 211.4 211.9 212.3 212.5 212.6 212.6 212.6 212.3 211.9 212.2 211.3 211.1 210.9 210.3 209.5 208.9 208.2 207 206 205.4 204.6 208 208 207.7 207.1 204.9 203.3 199.9 200.5 199.3 197.5 197.9 197.3 196.3 196.8 196.5 196.5 196.7 196.8 196.2 195.5 195.2 194.8 194.8 194.4 194.6
242.8 246.1 249.9 252.3 251 249.4 249.4 248.3 246.8 244.5 241.3 237 233.2 229.9 227.4 224.2 221.1 219.6 218.5 217.7 216.9 214.7 214.4 214.1 213.6 213.3 213.2 212.9 212.5 211.5 211.5 211.4 211.4 212.1 212.8 212.6 213 213.1 213.1 213.1 212.4 212.4 211.7 211.5 211.2 210.8 210.3 209.8 209.3 207.4 207.2 205.1 204.5 203.5 204.7 206.5 203.8 201.7 200.8 200.9 204.4 201.6 199.2 198.7 202 198.2 198.7 197.6 198 197.9 197.7 196.2 195.4 196.7 198.5 198.9 194.7 194.6
248.7 253.7 257.2 259.4 259.1 258.3 256.2 255.3 253.2 250.1 245.4 240.4 236.4 232.9 228.4 224.4 221.7 219.5 218.8 217.3 216.5 214.5 214.8 214.2 214 213.8 213.5 213.2 213 212 212 212 212 212.4 213.1 212.9 213.1 213.5 213.6 213.6 213.3 212.9 212.1 211.8 211.5 211.1 210.7 210.1 209.3 208.5 207.8 206.3 206 207.2 207.3 207.1 205.6 202.6 202.5 203.3 204.6 203.3 201.5 200.5 206.6 200.8 200.2 199.4 199.2 200.8 200.4 199.7 198.9 199.6 200.6 201.1 199.6 196.8
254.9 261.4 265.7 267.4 267.7 266.1 263.4 261.8 257.9 253.9 248.7 242.4 238.6 234.3 228.8 223.9 221 218.6 218.3 216.5 216.1 215.7 215.2 214.7 214.8 214.7 214.7 214.2 213.8 213.2 212.8 212.6 212.7 212.8 213.3 213 212.9 213.7 213.8 213.8 213.8 213.1 212.4 212.1 211.8 211.4 211.1 210.5 209.6 209.6 209.2 207.8 207.4 206.5 206.8 205.5 204.6 202.8 204 205.8 205.6 205 203.5 201.4 200.8 200.4 200.8 201.9 202 202 202.5 201.5 200.8 200.9 201.8 202.2 201.7 200.4
263.6 268.8 273.5 274.2 274.1 272.3 268.8 264.5 260.7 255.8 250.1 243.2 237 232.3 228.2 223 220.5 218.6 217.7 217.9 217 215.8 216 216.5 215.9 216 216.7 215.6 214.7 214.2 213.8 213.4 213.5 213.5 213.6 214.2 213.4 214.1 214 213.7 213.4 213.2 212.9 212.4 212.1 212 211.5 210.9 210.4 210.1 209.8 209 209.2 209.4 207.3 206.6 205.6 204.5 205.7 207.4 207.6 207.2 204.8 202.9 202.3 202.2 202.7 203.3 203.5 203.6 204.8 203.9 202.8 201.7 202 202.8 202.9 201.3
271.6 276.5 279.4 279.5 277.9 274.8 270.1 265.1 260.1 254.1 246.5 239.3 235 230.7 226.8 223.6 221.1 219.1 217.7 219 217.7 216.1 216.5 216.3 218 219.2 218.8 218.5 217.3 215.2 214.6 214.2 214.3 215.7 214.7 215.2 214.8 214.5 214.3 214 213.9 213.8 213.5 213 212.5 212.7 212.9 212.1 211.5 211.7 210.7 209.8 210.1 210.1 208.5 208.2 208 205.1 207.3 208.6 209.2 209.6 208 205.8 204.4 206.8 204.7 204.8 204.5 205.3 205.5 205 203.7 202.3 202.4 202.6 202.7 201.1
