Assets/StreamingAssets/GeoData/Data/ns/NS94.asc
ncols 200
nrows 200
xllcorner 290000
yllcorner 640000
cellsize 50
[rows 0 to 34 of 200, columns 0 to 77 of 200]
264.9 265.5 266.2 267 267.6 268.3 269.7 271.3 273.8 275.8 276.8 276.5 275.3 274 271.3 268.5 266.1 263.4 261.5 259.2 257 255.7 254.8 253.8 252.7 252.8 252.3 250.6 248.4 248.8 248 247.4 248.4 246.4 244.8 243.5 242.5 242.6 242.8 242.8 242.8 242.8 244.3 244.6 244.5 244.8 246.4 247.4 246.1 244.5 242.6 240.4 236.7 232.5 228.9 225.9 224.7 223.7 223.2 222.3 221.5 219.9 217.5 217 215.8 214.7 214.1 214 213.4 212.9 213 213.1 213.6 214.1 214.6 215.7 220.2 227.9
266.9 267.5 268.1 269 269.8 271.4 273 274.6 276.9 279 279.5 279.2 277.8 275.5 272.7 269.7 266.4 263 260.8 258.5 256.3 255.2 254.2 253.2 252.9 252.6 251.3 249.4 247.5 247.2 247.2 248 247.4 245.3 243.7 242.6 242.2 242.3 242.4 242.1 241.9 242.6 244.3 244.6 244.5 245.2 246.8 246.9 245.4 244.2 242.9 240.8 236.8 232.7 230.3 227.7 225.4 224.8 224.9 223.5 222.4 220.2 218 216.7 216.3 216 214.8 214.6 214 213.4 212.8 212.9 213.4 213.9 214.5 215.4 219 226.2
268.7 269.3 270.2 271.2 272.9 274.9 276.5 278 279.9 281.9 282 281.1 278.9 276.3 273.5 269.9 265.8 262.1 260 257.9 256 254.7 253.6 253.4 253 251.7 249.9 248 246.8 246.1 246.7 246.7 246 244.2 242.7 241.5 241 241.7 241.5 240.9 241.3 242.3 243.5 244 244.4 245.6 246.1 246.1 245.1 244 242.8 240.8 236.9 233.6 231.1 228.5 227 226.8 226 224.4 221.7 219.5 217.8 216.6 217.1 217.9 217.1 215.9 215.4 214.8 213.7 212.7 213.1 213.7 214.3 215.3 217.9 224.5
271 271.9 272.9 274.4 276.3 278.3 279.9 281.4 282.9 284.3 284.4 282.6 279.8 276.7 273.8 269.5 265.2 261.6 259 256.9 255.2 254.2 252.9 252.4 251.5 249.9 248.5 247.2 246.3 245.5 244.8 244.5 244.4 243.5 242.2 240.7 240.6 240.8 240.2 239.8 240.5 241.4 242.1 242.8 244.2 245 245.2 245.1 244.4 243.5 242.1 239.6 237 233.7 231.2 229.4 228.5 227.6 226.6 224.7 221.8 220 218.2 217.8 217.9 218.9 218.6 217.5 216.7 216.1 215.5 214 212.9 213.4 214.5 215.5 217.3 222.4
274.5 275.4 276.3 277.7 279.8 281.8 283.2 284.7 285.9 286.8 285.9 284.1 280.8 277.4 273.4 268.9 264.6 260.6 257.9 256.1 254.5 253.3 252.4 251.4 250.2 248.7 247.3 246.5 245.6 244.7 243.1 242.2 240.6 240.7 240.5 239.9 239.5 239.1 238.8 239 239.7 240.4 240.7 241.4 242.7 243.8 244.4 244.1 243.3 242.6 241.9 240.2 237.5 234.2 231.8 230.4 229.2 228 226.9 224.1 221.6 219.8 218.5 218.5 218.4 219.8 219 218.1 217.3 216.6 216 215 213.1 213.6 215.1 216.1 217.1 220
277.5 278.5 279.3 281.1 283.2 285.3 286.7 288.2 289.3 288.7 287.2 284.5 281.1 277 272.5 267.9 263.5 259.6 256.8 255.1 253.7 252.3 251.2 250.1 249 247.8 246.8 245.9 245.6 244.7 245.1 245.2 244.3 243.2 241.3 240.1 239.4 237.5 237.9 238.6 238.9 239.4 239.3 239.4 240.7 242.1 242.8 242.8 242.1 241.2 241.3 240.9 237.7 234.4 232.5 231.1 229.6 228 226.4 223.6 221 218.5 217.6 217.2 218 218.9 218.3 217.7 216.9 216.4 215.8 215.1 212.8 212.9 215.1 216.7 217.4 218.6
279.8 281 282.2 284.5 286.6 288.7 290.3 291.9 292 290.7 288.2 284.2 280.5 276 271.4 266.9 262.4 258.5 255.8 254.4 253 251.6 250.3 249.1 248.1 247.2 246.4 246.1 245.7 245.4 245.7 245.7 244.6 243.7 242.4 241.4 240.1 237.4 237.9 238.3 238.3 238.5 238 237.6 238.7 240.1 240.6 240.5 240.6 239.7 239.8 239.6 237.2 234.7 232.6 231.4 229.9 228.2 226.2 223.3 221 218.4 217.2 216.6 216.7 217.2 217.5 217.2 216.6 216.2 214.9 213.1 213.4 212.7 214.3 216.6 217.7 218.1
281.9 283 285.5 287.8 290.1 292.3 293.9 295.5 294.8 291.9 288.3 284 279.5 274.8 269.8 265.2 261.3 257.7 255.1 253.7 252.3 250.8 249.4 248.4 247.6 246.8 246.3 246.6 246.6 246.4 246 245.7 245 244.2 243.3 241.9 239.4 236.7 238.1 238.3 237.9 236.9 236.1 235.6 236.7 238.1 238.2 238.6 238.8 238.3 238 237.6 236.8 234.7 232.6 231.1 229.7 227.9 226 223 220.6 218.3 217 216.2 215.1 214.9 215.2 215.4 216.1 214.4 213.5 214.8 214.9 213.9 213.6 215.9 217.5 217.6
284.1 286.2 288.9 291.7 294 296.3 297 298.3 296.2 292.7 288.2 283.3 278.6 273.1 268.2 263.7 260.1 256.7 254.4 253 251.6 250.2 249 248 247.1 247 247.3 247.3 247.3 246.9 246.5 246 245.5 244.7 243.4 240.9 238.3 236 236.7 236.9 236.6 235.8 234.8 234.1 234.9 235.8 236.1 237.3 237.2 236.8 236.3 236.1 235.7 234.6 232.4 230.9 229.5 227.6 225.4 222.8 220.1 217.8 216.3 215.6 215.2 215.3 214.6 213.1 213.7 213.8 214.9 215.8 215.8 210.6 213.3 215.6 217 217.2
287.6 289.4 292.3 295.2 298 300.3 301 300.1 296.9 292.8 288 282.3 277.1 271.6 266.6 262.4 258.8 255.7 253.8 252.3 250.8 249.3 248.4 247.5 247.4 247.8 248.2 248.3 247.9 247.5 246.9 246.4 245.9 245.1 243 240.4 237.9 236.8 235.8 234.3 234.3 234.3 233.7 233.2 233.5 233.7 234.8 235.7 235.4 235.3 234.2 234.1 234.4 233 231.6 230.5 229.3 227.2 224.7 222.2 219.7 217.3 216 216.9 217.7 216.9 216.5 216.1 215.4 215.7 216.1 216 216 215.7 212.4 214.3 216 216.6
290 292.6 295.7 298.6 302 304 303.7 301.1 297.4 292.5 286.9 280.7 274.9 269.6 265.2 261.4 258 255.5 253.2 251.5 249.9 248.9 247.1 247.8 248.4 248.8 249.3 248.9 248.5 247.9 247.4 246.8 246.2 245 242.7 240.5 238.4 238.8 238.1 236.1 232.3 232 232.5 232.7 232.7 232.6 233.2 233.8 233.7 233.7 232.6 232.7 232.4 231.3 230.2 229.2 228 226.1 223.5 221.4 219.3 216.6 217.2 219 218.9 217.9 217.6 217.3 216.7 217.1 216.7 216.3 216.1 215.7 213.5 212.9 215.3 216
293.2 296 299.6 303.1 306.1 306.9 305.1 301.6 297.1 291.3 285.1 278.4 272.9 268.3 263.9 260.3 257.4 254.8 252.5 250.8 249.7 249 248.3 248.8 249.4 250 250.1 249.6 249.2 248.5 247.6 246.8 246.2 244.5 242.6 240.5 239.3 239.1 238 235.6 231.8 231.8 231.9 231.7 231.6 231.5 232 232.3 232.2 232.2 231.2 231.3 230.4 229.4 228.8 228 226.8 225.1 222.3 220.1 217.8 217.5 218.8 219.2 219.4 218.8 218.5 218.2 218 217.7 217.3 216.5 216.1 215.6 214 209.5 214.2 215.6
296.2 299.4 303.8 307.9 310.4 309 305.5 300.8 295.7 289.7 283.2 276.7 271.6 267.1 262.5 259.4 256.4 253.7 251.9 250.5 249.7 249.2 249.4 250 250.7 250.9 250.9 250.4 249.9 249.2 248.2 247.4 245.7 243.9 242.4 241.1 240.3 239.5 237 233.8 229.4 230.6 230.8 230.6 230.4 230.5 230.8 231 230.9 230.9 230.8 229.7 228.2 227.2 227.6 226.9 225.1 223.3 221.3 219.1 217.6 219.6 220.5 220.3 220 219.7 219.4 219 218.8 218.3 217.6 216.8 216 215.7 214.6 212.5 213 214.3
299.6 304.1 309.5 312.9 312.8 310.2 305.4 299.5 294.1 288.2 281.8 275.8 270.2 265.7 261.3 258.3 255.4 253 251.2 249.9 247.9 249.7 250.4 251.4 251.6 251.8 251.7 251.1 250.7 250 248.6 247.1 245.7 244.1 243 241.9 240.4 238.8 235.5 232.2 226.9 229.7 230 229.7 229.5 229.5 229.7 229.7 229.6 229.5 228.7 227.7 226 225.7 226.2 226.2 224 222.6 220.7 218.2 218 220.2 221.2 221.4 221 219.6 219.2 219.7 219.7 218.4 217.4 216.7 216 215.6 215.2 213.2 212 213.6
304 310 314.4 314.9 313.6 309.9 303.8 297.2 291.1 285.8 280.8 274.7 269 264.6 260.2 256.9 254.2 252.3 250.6 249.3 249.7 250.4 251.3 252.3 252.5 252.8 252.9 251.8 251.1 250 248.7 247.4 245.8 244.5 243.4 242.1 240.3 238.1 233.9 230.5 227.7 229.2 229.8 229.3 228.8 228.6 228.2 228.2 228.2 227.2 226.3 225.4 224.2 223.7 224.8 224.7 222.6 221.7 220.1 218.2 218.3 219.6 220.9 221.8 221.2 219.9 219.7 220.1 220.1 219.1 217.5 216.5 215.9 215.5 215.4 213.6 211.9 213.4
309.8 315.9 316.6 315.7 313 307.3 300.7 294.7 288.6 283.3 278.3 273 268 263.7 259.4 255.7 253.2 251.1 249.5 249.9 250.9 251.7 252.4 253.2 253.8 254 253.2 252.2 251.1 249.9 248.8 247.6 246.2 244.9 243.4 242 239.7 236.6 232.5 229.5 226.9 228 228.9 228.7 228.5 228.5 227.4 226.3 226 225 224 223.1 222.2 222.6 223.1 222.3 221.7 221.1 219.6 218.1 218.8 219.6 220.2 221 221.1 220.6 220.3 220.5 220.2 219 217.4 216.5 215.9 215.6 215.5 214.6 211.1 212.4
315.1 317.8 317.2 315.3 310.6 303.9 298 292.6 286.7 280.6 275.8 270.9 266.3 262.1 258.2 254.7 252.3 250.1 249.8 251.1 252.1 253.1 253.8 254.4 255.2 254.9 253.3 252 251 250.1 249 247.8 246.4 245 243.5 241.9 238.9 235.2 231.5 228.8 226.6 226.8 227.6 227.3 227.7 228 227.2 225.5 224 223 222 221.3 221.2 221.8 221.6 221.1 221.2 220.7 218.8 218.6 219.6 220.4 220.9 221.2 221.2 221.2 221 220.8 219.6 218.4 217.2 216.7 216.1 215.8 215.8 215.5 214.2 208.8
317.9 317.8 315.9 312.7 306.7 300 294.9 289.8 283.9 278 273.2 268.7 264.6 260.5 256.9 253.7 251.6 250.5 251.6 252.5 253.5 254.4 255.1 255.8 256 254.5 253 251.8 251.1 250.2 249.3 247.9 246.5 245 243.6 241.1 238 234 230.7 228.5 226.7 225.7 226.7 227.2 228.3 228.5 225.7 224 222.4 221.3 220.2 220.1 220 219.9 220.1 220.5 220.6 219.5 218.5 219.6 220.5 220.9 221.4 221.4 221.3 221.7 221.2 220.6 219.3 218 217.4 216.7 216.5 216.4 216.6 216.6 216 214
317.8 316.3 313.4 308.7 303.1 297.5 292.3 286.5 280.5 275.1 270.6 266.3 262.4 258.8 255.3 252.9 251.3 252.4 253.3 254.1 254.9 255.7 256.3 256.6 256.1 254.2 253.1 252.2 251.3 250.4 249.4 247.9 246.5 245 242.6 239.8 237 233.2 230.2 227.9 226.2 225.2 227.3 227.6 228.6 227 224.5 221.9 220.9 220.4 219.9 219.3 219.2 218.7 218.7 219.7 219.3 218.5 219.5 220.5 221.2 221.5 221.8 221.7 221.5 222.2 221.1 220.1 218.9 218.1 217.6 217.2 217.2 217.6 217.9 218.3 217.7 216.3
315.8 313.1 309.7 304.9 299.6 294.4 288.9 282.8 277.3 272.2 267.9 264.2 260.4 257.6 254.4 252 253 254.1 254.9 255.8 256.3 257.1 257.1 257 255.6 254.5 253.9 252.8 251.7 250.7 249.4 247.9 246.4 245 242.1 239.3 236.1 232.6 229.8 227.4 225.2 224.9 227.6 226.7 225 223.7 221.6 220.9 220.5 220.1 219.8 219.3 219 218.9 218.9 217.4 219.3 219.9 220.6 221.6 222.1 222.5 222.4 222 221.5 221.8 220.7 219.6 218.6 218.5 218 217.9 217.9 218.2 218.9 219.4 219.1 218.2
312.8 309.9 305.9 300.9 295.6 290.4 285 279.2 273.8 269.4 265.4 261.9 258.4 255.9 252.1 254.4 255.1 255.9 256.6 257.4 257.9 258.1 257.6 257 255.7 254.8 254.5 253.3 252.2 250.9 249.5 247.9 246.3 244.3 241.4 238.8 235.3 232 229.1 227 225.4 225 224 224.7 223.1 221.6 221.2 220.6 220.2 219.9 219.7 219.5 219.6 220.5 220.6 220.9 220.9 221.3 221.8 222.1 222.2 223.1 222.8 222.4 221.9 221.1 220.4 219.5 218.8 218.8 217.9 218.3 218.6 218.9 219.8 220.1 219.8 219.5
309.8 305.9 301.8 296.6 291.3 286.2 280.8 275.9 270.9 266.7 263.5 260.4 257 254.5 255.1 256.4 257 257.6 258.4 258.6 258.9 258.6 257.9 256.9 256 255.8 255.2 253.9 252.8 251 249.5 248 246.1 243.7 241 238 234.7 231.7 228.7 227.1 227.8 227.9 226.4 226.6 224.1 221.7 220.9 220.2 220.1 219.9 219.7 220.4 222.3 222.7 222.8 222.7 222.4 222.1 222.2 222.2 222.2 223 222.8 222.6 222.1 221.2 220.5 219.7 218.7 218.5 219.1 218.9 219 219.5 220.3 220.2 220.1 220
305.6 301.6 297.4 292.3 286.8 281.8 277 272.4 268 264.6 261.6 258.5 255.5 255.7 257.1 258.3 258.8 259.4 259.9 259.8 259.7 259.2 258.5 257.8 256.9 256.6 255.5 254.4 253.1 251.2 249.6 248.1 246 243.6 240.7 237.5 234.5 231.8 229.3 229.9 230.3 228.6 226.9 225.2 222.9 221.3 220.9 220.5 220.2 220.1 220.3 222.4 223.4 223.7 223.7 223.7 223.5 223 222.4 222.4 222.4 222.8 222.7 222.6 222.3 221.4 220.7 220 219.4 218.1 219.9 220 219.6 220.2 220.4 220.3 220.2 220.1
301.4 297.3 293 287.7 282.4 277.6 273.1 269.2 265.8 263 259.9 256.4 256.6 258.4 259.5 260 260.4 260.8 260.9 260.6 260.3 259.7 259 258.5 257.8 257 255.8 254.6 252.9 251.2 249.6 247.9 246.1 243.6 240.4 237.2 234.3 232.2 231 232.1 230.4 227.7 225.8 224 222.1 221 220.3 220.5 220.1 218.5 221.8 223.5 224.5 224.6 224.6 224.6 224.5 223.5 222.7 222.7 222.6 222.6 222.6 222.7 222.5 221.9 221.1 220.5 219.9 219.2 220.1 220.3 220.1 220.2 220.5 220.4 220.4 220.2
296.6 292.3 287.7 282.9 278 273.5 270.3 266.6 264.2 261.5 258.9 258.4 259.3 260.7 261.4 261.5 261.7 261.9 261.7 261.4 260.8 260.1 259.6 259.1 258.4 257.4 256.2 254.6 252.9 251.3 250 248.2 246.1 243.3 240.1 237 234.1 232.8 232.4 232.7 230.2 227.2 225.2 223.5 221.6 220.8 220.7 220.7 220.2 221.5 223.5 224.3 224.8 224.9 225 225.1 224.9 224.2 222.9 223 222.9 222.8 222.7 222.7 222.6 222.1 221.4 220.8 220.1 219.3 219.9 220.3 220.2 220.3 220.4 220.6 220.5 220
291 286.8 282.5 278.5 274 270.4 267.3 265.1 262.6 260.2 260.2 261.1 261.9 262.6 262.9 262.8 262.9 262.8 262.3 261.9 261.3 260.6 260.1 259.7 259 257.7 256.3 254.6 253 251.5 250.3 248.5 245.7 243 240.2 236.8 234.7 233 232.3 232.7 231.7 228.2 224.8 223.1 221.6 220.9 220.7 220.3 221.3 222.9 224.1 224.7 225.1 225.2 225.4 225.5 225.3 224.6 223.3 223.4 223.3 222.9 222.7 222.6 222.4 222.1 221.7 221.1 220.4 219.2 220.2 220.4 220.4 220.4 220.5 220.6 220.4 219.2
285.7 281.5 277 273.2 270.5 267.8 266 264.1 260.8 262.1 262.7 263.6 264.4 264.4 264.3 264 263.9 263.6 263.1 262.7 262.4 261.8 260.9 260.3 259.1 257.9 256.5 254.8 253.2 252.2 250.7 248.6 246.2 243.4 240.6 237.9 235.5 234 232.9 233.3 233.8 228.9 225.1 223 221.8 220.9 220.6 221 222.5 223.5 224.4 225 225.2 225.4 225.6 225.8 225.6 224.9 223.7 223.9 223.7 222.6 221.9 221.9 222 221.8 221.4 220.8 220.5 219.6 220.3 220.4 220.6 220.6 220.7 220.5 220.2 219
280.3 276.5 272.7 270.6 268.5 266.3 265.1 263.2 263.6 264.3 265.1 265.8 265.9 265.9 265.7 265.5 265.2 264.4 263.9 263.6 263.5 263 262.1 260.5 259.2 258 256.8 255.2 253.8 252.7 250.9 248.7 246.3 243.9 241.2 238.6 236.3 234.7 233.5 233.7 232.5 227.4 224.7 223.1 221.9 221 220.9 221.6 223 223.9 224.8 225.2 225.5 225.7 225.9 226 225.9 225.5 224.2 224 223 221.7 221.1 221.3 221.4 221.5 221 220.6 220.3 220 220.3 220.4 220.6 220.7 220.5 220.4 219.8 218.4
276.4 272.7 270.6 268.9 267.2 265.6 264.8 264.8 265.4 266.1 267.1 267.3 267.5 267.5 267.3 267 266.5 265.8 265.5 264.9 264.8 263.9 262.6 260.7 259.3 258.1 256.9 255.7 254.4 253.1 251.4 249.2 246.9 244.1 241.4 238.8 236.9 235.2 233.6 232.8 228.9 226 224.5 223.2 221.9 221.4 221.2 221.9 223.3 224.3 225 225.6 225.9 226 226.2 226.2 226.1 226 225 224.1 222.6 220.6 220.2 220.4 220.6 220.8 220.5 220.1 220.3 220.5 220.4 220.4 220.3 220.1 220.5 220.3 219.4 218.3
273.3 271.1 269.6 267.9 266.1 265.5 266.2 266.3 266.9 267.7 268.8 269.4 269.6 269.6 268.9 268.4 267.9 267.5 267.5 267 265.6 264.7 262.9 261 259.6 258.6 257.5 256.4 254.9 253.3 251.7 249.6 247 244.2 241.5 239.2 237.6 235.9 233.4 230.6 227.3 225.7 224.5 223.2 222.1 221.5 221.4 222.2 223.5 224.6 225.3 226 226.2 226.3 226.5 226.5 226.4 226 224.7 223.5 221.4 219.2 219.3 219.6 219.8 220.1 219.9 219.8 220 220.8 221 220.2 219.4 219.2 219.9 219.8 219.5 218.7
272.4 270.6 269.1 266.9 266.2 266.1 267.1 267.9 268.4 269.4 270.5 271.5 271.7 271.7 270.7 269.7 269.4 269.9 269.5 267.8 266.2 265.2 263.3 261.4 260.3 259.2 258.2 257.1 255.4 253.7 252 249.9 247.1 244.4 241.7 240.1 238.4 235.9 233.2 229.4 226.4 225.3 224.3 223.4 222.4 221.5 221.6 222.5 223.7 224.9 225.6 226.4 226.5 226.6 226.7 226.5 226.2 225.3 223.7 222.2 220.6 218.2 218.3 218.7 219 219.4 219.5 219.7 220.6 221.4 221.5 219.5 218.6 218.4 218.7 219 219 218.5
271.9 270.5 269.1 267 267 267.8 268.6 269.3 271 272.1 272.8 273.6 273.7 273.6 272.4 270.9 270.8 271.6 269.9 268.1 266.2 265.5 264.1 262.3 261.2 260 259 257.8 256 253.9 252 249.7 246.8 243.9 242.1 240.8 238.9 235.8 231.7 228 225.9 225 224.1 223.1 222.2 221.5 222 222.6 223.6 225.3 226.2 226.6 226.7 226.6 226.2 225.8 224.9 223.9 222.3 220.8 219.4 218.2 217.4 217.9 218.2 218.7 219.3 219.8 220.9 221.6 220.5 218.6 217.5 217.6 217.7 218.5 218.4 217.7
272 270.6 269 268.1 268.7 269.9 270.8 272.3 273.6 275.2 275.1 275.8 275.3 274.3 273.2 272.1 272.1 272.5 270.5 268.4 266.3 265.5 264.7 263.4 262.3 261.1 260 258.5 256.6 254.3 252.1 249.1 245.9 243.9 242.6 241.1 238.5 234.6 230.4 227.7 226 224.8 223.8 222.9 222 222 222.4 223 223.6 225.6 226.6 226.8 226.7 226.3 225.5 224.6 223.8 223 221.4 219.9 218.4 217.2 216.8 217 217.5 218.2 218.9 220.2 220.9 220.8 218.8 216.9 216.4 216.3 216.3 217.4 217.2 216.5
272.5 270.8 269.4 269.4 270.8 272.4 273.2 275 277.1 277.8 276.8 277.6 277.3 275.8 273.9 273.3 273.5 272.6 270.8 268.9 266.8 265.8 265.7 264.5 263.4 262.2 260.8 259.2 256.9 254.4 251.4 248.3 246.1 244.2 242.5 240.5 237.5 233.9 229.7 227.3 225.7 224.6 223.5 222.6 222.1 222.3 222.8 223.4 224.2 225.9 226.7 226.5 226.3 225.5 224.1 223.3 222.5 221.5 220 218.5 217.3 216.6 216.5 216.1 216.4 217.2 218.3 219.7 220.3 218.5 216.5 215.5 215.2 214.9 215 215.3 215.5 215.3
272.1 269.7 269.8 271.3 272.7 273.7 276.3 278.2 279.8 279.4 278.8 279.3 278.9 277 274.7 274.1 273.5 272.6 270.5 268.7 267.3 265.8 265.8 265.2 264.3 262.9 261.3 259.3 256.5 253.5 250.5 248.1 246.1 244 241.9 239.9 236.5 233 229.5 227.2 225.6 224.4 223.4 222.9 222.6 223 223.6 224.1 224.7 226.1 226.6 226.2 225.3 224.1 222.8 221.6 220.9 219.9 218.3 217 216.4 216.3 216.1 215.8 215.4 216.1 216.8 218.4 217.1 215.6 214.8 214.1 213.8 213.9 214.2 214.5 214.6 214.7
