Game/Highland_Data/StreamingAssets/GeoData/Data/nr/NR24.asc
ncols 200
nrows 200
xllcorner 120000
yllcorner 640000
cellsize 50
[rows 116 to 173 of 200, columns 96 to 191 of 200]
0 0 0 0 0 0 0 0 0 0 0 0 0 0 0 0 0 0 0 0 0 0 0 0 0 0 0 0 0 0 0 0 0 0 0 0 0 0 0 0 0 0 0 0 0 0 0 0 0 0 0 0 24.1 34.7 61.5 61.4 45.8 55.4 64.2 68.6 72.2 73.7 75 74.6 73.7 72.9 73.8 74.5 76.1 80.6 81 84.7 87.4 90.4 93.6 96.6 99 101.5 104 107.2 109.6 111.8 117.5 119.2 118 115.6 116.8 121.4 123.3 124.5 127.8 124.8 124.4 126 125.5 127.5
0 0 0 0 0 0 0 0 0 0 0 0 0 0 0 0 0 0 0 0 0 0 0 0 0 0 0 0 0 0 0 0 0 0 0 0 0 0 0 0 0 0 0 0 0 0.5 0 0 0 0 0 0 1.1 22.4 32.4 36.2 44.3 54 62.6 67.6 71 74.5 75.7 75.2 75.9 75.3 74.8 75.4 76.1 83.2 84 83 85.5 88.6 92.5 95.9 97.1 100.2 102.1 105.9 109.4 109.8 110.7 110.4 112.4 112.8 115.7 118.7 123.2 119.7 123.1 122.8 119.4 120.5 123.4 125.7
0 0 0 0 0 0 0 0 0 0 0 0 0 0 0 0 0 0 0 0 0 0 0 0 0 0 0 0 0 0 0 0 0 0 0 0 0 0 0 0 0 0 0 0 0 0 0 0 0 0 0 0 1.8 30.7 41 40.6 46.2 55.5 62.8 66.2 69.5 72.1 74.6 75.8 76.9 77.3 77.3 76.9 76.2 78.6 80.9 81.5 83.9 87.5 92.4 94.3 94.8 96.1 99 100.3 102.6 104.7 107.7 111.6 111.8 113.7 114.3 116.5 117.3 115.3 115.4 115 115.2 118.4 124.2 128.7
0 0 0 0 0 0 0 0 0 0 0 0 0 0 0 0 0 0 0 0 0 0 0 0 0 0 0 0 0 0 0 0 0 0 0 0 0 0 0 0 0 0 0 0 0 0 0 0 0 0 0 0 33.2 48.1 51.9 42.3 47.3 57.5 65.3 67.2 70.1 72.5 75 76 77 77.7 78.1 77.6 76.8 77.4 77.6 80.1 84.2 85.9 89.8 91.6 91.9 93.7 95 97.3 100.6 106 108 110.8 109.4 110.4 113.2 114.5 114 117.3 113.4 108.3 112.3 116.5 118.2 121.1
0 0 0 0 0 0 0 0 0 0 0 0 0 0 0 0 0 0 0 0 0 0 0 0 0 0 0 0 0 0 0 0 0 0 0 0 0 0 0 0 0 0 0 0 0 0 0 0 0 0 0 28.1 49.4 52.1 40.6 39 44.7 56.8 66.6 68.7 71 73.7 73.8 75.4 77 77.8 78.1 77.6 77.9 77.8 78.1 78.8 80.2 83.9 85.8 87.5 90.2 91 92.3 96.2 99.7 103.4 105.5 107.8 110.2 110.8 111.3 110.4 110.3 113 111.7 105.8 106.6 113.5 115.9 119.2
0 0 0 0 0 0 0 0 0 0 0 0 0 0 0 0 0 0 0 0 0 0 0 0 0 0 0 0 0 0 0 0 0 0 0 0 0 0 0 0 0 0 0 0 0 0 0 0 0 0 0.8 25 62.2 40.4 36.3 35.8 40.5 53.1 62.4 69.7 67.2 69.5 72.1 74.1 75.6 76.7 77.4 77.6 77.7 77.5 77.8 79.3 80.1 81.6 83.7 84.5 85.2 87.6 90.2 94 101.1 102.8 101.9 104.8 109.3 111.9 111.5 108 104.7 103.7 102.6 99.3 100.8 105.3 115.4 112.9
0 0 0 0 0 0 0 0 0 0 0 0 0 0 0 0 0 0 0 0 0 0 0 0 0 0 0 0 0 0 0 0 0 0 0 0 0 0 0 0 0 0 0 0 0 0 0 0 0 0 0 40.6 48 25.3 25 31.8 39.2 48.5 61.5 61 64 67.2 69 71.5 73.4 75.5 76.1 76.6 77.3 77.5 77.8 78.1 79.5 82 83.4 86.8 88.6 90.9 92.7 93.3 93.3 97.8 99.7 101.9 103.9 103.7 104.2 100.8 100.4 100.3 94.5 94 94.7 95.6 101.7 105.7
0 0 0 0 0 0 0 0 0 0 0 0 0 0 0 0 0 0 0 0 0 0 0 0 0 0 0 0 0 0 0 0 0 0 0 0 0 0 0 0 0 0 0 0 0 0 0 0 0 0 0 19.9 22.7 6.7 7.4 10.4 31.7 41 44.8 51.3 62.5 64.9 66.1 68.7 71.4 73.5 74.8 75.4 76.5 77.3 77.7 77.9 78.4 79.9 82.8 85.1 85.1 87.7 90.3 92.9 95.6 96.9 96.6 99.5 100 99.4 96 94.7 93.7 93.9 89.7 87.8 88.8 88.4 89.8 90.1
0 0 0 0 0 0 0 0 0 0 0 0 0 0 0 0 0 0 0 0 0 0 0 0 0 0 0 0 0 0 0 0 0 0 0 0 0 0 0 0 0 0 0 0 0 0 0 0 0 0 0 0 1.6 0.6 2.3 8.2 33.8 46.4 51.7 59.1 63.5 68.2 71.8 71.6 69.9 71.5 73.5 74.1 75.7 76.7 77.4 77.2 77.8 78.5 79.7 81.3 83.1 84 85.9 89.2 93 95 98.5 101.2 94.9 92.7 92.3 91.2 90.2 87.5 85.6 83.2 84.2 85 83.8 83.7
0 0 0 0 0 0 0 0 0 0 0 0 0 0 0 0 0 0 0 0 0 0 0 0 0 0 0 0 0 0 0 0 0 0 0 0 0 0 0 0 0 0 0 0 0 0 0 0 0 0 0 0 0 0 0.8 7.8 24.1 37.9 54.4 59.8 62.6 66 71.4 72.7 71.5 71.9 72.2 73.8 74.6 76.1 76.5 76.9 77.4 77.9 79.3 80.3 81.3 81.4 82.1 83.4 86.8 88.9 94.3 98.8 95.8 91.5 89.2 87.9 85.6 83.2 80.4 77.7 81 79.5 78.7 80.2
0 0 0 0 0 0 0 0 0 0 0 0 0 0 0 0 0 0 0 0 0 0 0 0 0 0 0 0 0 0 0 0 0 0 0 0 0 0 0 0 0 0 0 0 0 0 0 0 0 0 0 0 0 0 2.6 10.4 30 48.6 55 61.6 61.7 64.2 69.6 72.5 72.7 73 73.7 73.9 74.9 75.6 76.2 76.8 77.6 78.2 78.1 78.6 79.6 79.7 79.5 80.7 82.4 84.4 86.5 91.3 89.2 89.6 85.8 84.5 82.7 79.5 76.8 74.5 74.3 74.7 76.1 78.4
0 0 0 0 0 0 0 0 0 0 0 0 0 0 0 0 0 0 0 0 0 0 0 0 0 0 0 0 0 0 0 0 0 0 0 0 0 0 0 0 0 0 0 0 0 0 0 0 0 0 0 0 0 0 2.8 10.4 33.4 41.7 47.1 57.1 59.1 61.1 65.4 70.1 73.9 75.1 74.7 74.4 73.6 73.8 74.8 76.4 76.3 77 77.3 77.3 77.1 78 78.4 79.7 80.8 80.9 82.5 83.7 84.1 83.4 83 81.2 79.5 76.1 72.4 72.6 73.1 77.4 80 80.9
0 0 0 0 0 0 0 0 0 0 0 0 0 0 0 0 0 0 0 0 0 0 0 0 0 0 0 0 0 0 0 0 0 0 0 0 0 0 0 0 0 0 0 0 0 0 0 0 0 0 0 0 0 0 3.3 25.2 23.4 30.9 36.1 45 50.7 55.1 60.6 61.5 67.1 72.4 72.6 74 73.4 72.7 71.7 72.4 74.1 75.2 75.2 75.1 76.3 76.9 77.8 78.5 78.3 78.5 79.3 79.9 79.6 79.6 78.8 78.1 76.3 73.1 71.9 71.9 75 78.6 82.1 84.4
0 0 0 0 0 0 0 0 0 0 0 0 0 0 0 0 0 0 0 0 0 0 0 0 0 0 0 0 0 0 0 0 0 0 0 0 0 0 0 0 0 0 0 0 0 0 0 0 0 0 0 0 0 0.6 5 29.4 31.2 29.4 27.9 32.6 37.9 44.4 48.6 51.2 52.4 59.9 64.2 67.5 70 68.8 64.4 67.2 68.9 69.8 71 73.3 74.3 75.2 76.1 76 75.8 76.2 76.3 76.7 77.9 77.2 73.1 72.2 71.5 70.9 70 71 74 77.3 81.2 84.3
0 0 0 0 0 0 0 0 0 0 0 0 0 0 0 0 0 0 0 0 0 0 0 0 0 0 0 0 0 0 0 0 0 0 0 0 0 0 0 0 0 0 0 0 0 0 0 0 0 0 0 0 0 5.3 6.1 10.1 24.5 36.6 37.6 37.4 34.7 32.9 33 38.3 43.8 50.6 55.5 59 60.6 56.8 55.1 57.6 62.1 62.6 66 69.2 69.5 71.2 70.9 71.6 74.3 76.5 76.5 71 70.3 64.8 65 66.1 67.7 68.8 69.7 72.9 71.4 75.2 78.3 82.7
0 0 0 0 0 0 0 0 0 0 0 0 0 0 0 0 0 0 0 0 0 0 0 0 0 0 0 0 0 0 0 0 0 0 0 0 0 0 0 0 0 0 0 0 0 0 0 0 0 0 0 0 0.8 22.3 31.1 25.5 28.9 37.6 39.4 42.3 43.7 42.6 41.7 40.5 36.8 41.4 46.1 48.8 48 47.1 48 46.5 51.5 53.6 56.2 59.3 56.5 59.6 61.9 64.6 67.6 69.4 62.7 73.6 68.1 68.4 70.4 69.4 68.6 70.4 71.8 73.8 77.4 73.2 75.6 80.6
0 0 0 0 0 0 0 0 0 0 0 0 0 0 0 0 0 0 0 0 0 0 0 0 0 0 0 0 0 0 0 0 0 0 0 0 0 0 0 0 0 0 0 0 0 0 0 0 0 0 0.7 3.2 8.1 20.8 32.6 35 37.8 40.2 43.2 44.7 45.9 47.6 48 48.4 44.9 41.2 38.3 40.1 40.5 41.7 41.2 43 44.4 46.9 47.4 46.2 49.5 49.2 49.4 51.1 53.3 68.9 70.9 71.8 72 71.8 71.1 71.1 68.4 70.5 71 71.7 72.7 74.3 74.4 78.9
0 0 0 0 0 0 0 0 0 0 0 0 0 0 0 0 0 0 0 0 0 0 0 0 0 0 0 0 0 0 0 0 0 0 0 0 0 0 0 0 0 0 0 0 0 0 0 0 0 0 13.6 18.8 27.1 29.6 36.8 39.3 41.4 44.2 48 49.9 51.5 54.5 54.5 52.2 53 50.3 49.4 46.2 45.5 45.5 47.5 47.9 49.2 47.6 48.4 53.1 56.2 59.2 66.4 67.5 66.3 64.6 68.9 73.4 74.6 75 74 71.8 69.6 69.8 70.7 71.8 73.1 74.4 74.3 78.3
0 0 0 0 0 0 0 0 0 0 0 0 0 0 0 0 0 0 0 0 0 0 0 0 0 0 0 0 0 0 0 0 0 0 0 0 0 0 0 0 0 0 0 0 0 0 0 0 19.1 3.4 22.9 28.1 31.2 35.8 40.9 44.8 47.5 51.3 54.3 57.8 61.5 62.2 62.6 63.1 62.6 61.7 57.1 53.7 52 51.1 50.6 54.5 57.7 60.1 61.7 64.7 63.6 64.2 71.2 74.1 72.8 74.1 72 70.1 71.8 73.3 74.4 74 72.2 70.9 70.7 72.1 74.3 75.1 75.1 77.7
0 0 0 0 0 0 0 0 0 0 0 0 0 0 0 0 0 0 0 0 0 0 0 0 0 0 0 0 0 0 0 0 0 0 0 0 0 0 0 0 0 0 0 0 0 0 0 8.8 8.5 9 24.1 29.7 32.5 37 42.1 47.3 53 58.3 61.8 68.8 69 70.1 70.8 70.9 70.6 69.6 68 65.2 59.2 59.3 55.6 54.1 58 62.1 66.2 70.7 71 69.1 68 70.9 72.5 74.4 74.1 72.8 72.8 73 74.5 74.4 73.4 71.8 71.2 72.6 73.8 75.3 75.8 78.2
0 0 0 0 0 0 0 0 0 0 0 0 0 0 0 0 0 0 0 0 0 0 0 0 0 0 0 0 0 0 0 0 0 0 0 0 0 0 0 0 0 0 0 0 0 0 0 0.8 3.6 17.4 29.6 22 33.2 37.9 43.4 49.2 56.7 61.7 65.3 72.9 75.4 74.9 75.6 76.8 77.1 75.6 73.9 71 67.7 64.3 62.9 58.7 58.2 61.7 65.8 70.5 75.9 76.3 73.9 71.6 72.8 74.9 74.7 74.4 73.9 74.3 74.7 75.4 74.3 72.9 71.9 71.8 73.3 75.5 77.1 78.1
0 0 0 0 0 0 0 0 0 0 0 0 0 0 0 0 0 0 0 0 0 0 0 0 0 0 0 0 0 0 0 0 0 0 0 0 0 0 0 0 0 0 0 0 0 0 0 0 16.9 3.1 25 36.2 36.2 31.5 44.3 51.4 59.8 63.7 67.1 73.1 77.3 79.4 79.9 80.6 81.1 80.2 78.8 78.2 76.2 73.6 72 64.8 60.8 62.6 67 69.7 73.3 74.4 75.6 75.4 75.3 76.1 75.8 75.2 75 75.4 75.9 76.5 75.5 75.2 74.8 73.7 72.8 74.6 79.9 83
0 0 0 0 0 0 0 0 0 0 0 0 0 0 0 0 0 0 0 0 0 0 0 0 0 0 0 0 0 0 0 0 0 0 0 0 0 0 0 0 0 0 0 0 0 0 0 0 0 21.8 54.9 55.3 52.6 47.7 37.6 48.8 60.9 65 66.8 72.2 77.6 81.2 82.2 82.5 84.6 84.4 83.3 82.6 81.6 79.5 77.2 72 68.2 63.9 67.7 71.5 74.3 76.3 76.4 77 77.6 77.6 77.1 76.7 75.9 76.3 76.6 77 77.2 77.2 77.3 76.1 74.4 73.6 76.7 81.2
0 0 0 0 0 0 0 0 0 0 0 0 0 0 0 0 0 0 0 0 0 0 0 0 0 0 0 0 0 0 0 0 0 0 0 0 0 0 0 0 0 0 0 0 0 0 0 0 0 19 55 56.1 57.5 58.3 60.8 49.9 56.6 68.9 69.2 71.7 78.8 82 83.1 83.4 86.7 87 86.7 86.3 85.2 83.4 83.5 82.8 83.3 79.9 67.7 72.5 75.9 78 78.5 78.8 79.2 79.5 79.6 78.8 78.1 77.5 77 77.3 77.5 77.7 78.4 78.5 77.2 74.6 74.7 76.9
0 0 0 0 0 0 0 0 0 0 0 0 0 0 0 0 0 0 0 0 0 0 0 0 0 0 0 0 0 0 0 0 0 0 0 0 0 0 0 0 0 0 0 0 0 0 0 0 5.3 4.6 22.1 44.4 55.7 61.9 61.2 59.2 58.2 60.8 66 70.6 78.2 81 82.2 83.8 87.7 88.8 89.1 88.6 88.9 88.1 87.3 87.1 88.6 87.4 80.5 75.6 78.8 79.1 81.7 82 81.8 81.4 81.6 81.8 81.5 80.6 79.6 78.9 78.7 79.3 79.5 79.6 79.9 77.9 77 78.6
0 0 0 0 0 0 0 0 0 0 0 0 0 0 0 0 0 0 0 0 0 0 0 0 0 0 0 0 0 0 0 0 0 0 0 0 0 0 0 0 0 0 0 0 0 0 0 0 0 0 19.7 37.4 51 53 57.2 62.6 66 67.9 62.3 62.1 72.6 77.6 79.7 84.3 87.2 88.6 89.5 89.7 90.2 91 90.4 90.7 91.3 90.6 84.6 82 82.3 82.5 83 84.7 84.6 84 84 83.9 84.3 83.5 82.2 81.9 81.3 81 80.7 80.3 80.6 77.5 80.6 80.2
0 0 0 0 0 0 0 0 0 0 0 0 0 0 0 0 0 0 0 0 0 0 0 0 0 0 0 0 0 0 0 0 0 0 0 0 0 0 0 0 0 0 0 0 0 0 0 0 0 0 5 45 64.9 64.6 61.9 65.7 69.4 73.8 75.2 75.3 68.3 73.5 76.6 80.3 85.8 87 87.8 90.2 90.4 91.4 93.5 94.5 95.1 94.8 90.3 88.6 87.3 87.4 86.5 85.7 86.9 86.5 86.1 87.2 86.6 86.4 86.9 85.7 84.5 84.2 83.3 82.3 80.8 78.2 82 83.6
0 0 0 0 0 0 0 0 0 0 0 0 0 0 0 0 0 0 0 0 0 0 0 0 0 0 0 0 0 0 0 0 0 0 0 0 0 0 0 0 0 0 0 0 0 0 0 0 0 1.1 23.3 73.9 76.1 70.8 69.1 70 72.4 74.9 77.3 80.9 75.5 71.9 75.1 78.8 81.7 85.3 87.4 88.5 90.9 92.9 95.5 96.3 95.9 95.9 94.9 93.3 93.2 93.4 93.2 90 89.8 89.8 90 90.2 89.5 89 90.3 89.4 87.9 86.4 85.1 83.9 80.5 80.2 83.4 85.6
0 0 0 0 0 0 0 0 0 0 0 0 0 0 0 0 0 0 0 0 0 0 0 0 0 0 0 0 0 0 0 0 0 0 0 0 0 0 0 0 0 0 0 0 0 0 0 0 0.7 14.7 64.7 75.5 78.3 73.8 77.2 77.9 76.2 77.5 81.2 82.5 80 75.5 78.3 81.1 82.4 84.7 86.6 88.5 91 93.8 94 95.6 96.3 97.7 98.4 98.7 99.2 99.5 101.8 101.1 97.8 96.2 95.7 94.8 93.7 92.4 93.4 91.4 91.6 90.5 88.7 86.3 82.4 78.8 84.1 86.6
0 0 0 0 0 0 0 0 0 0 0 0 0 0 0 0 0 0 0 0 0 0 0 0 0 0 0 0 0 0 0 0 0 0 0 0 0 0 0 0 0 0 0 0 0 0 0 0 31.6 62.9 75 76.7 75 79 80.5 78.1 79.8 79.7 81.4 81.7 79.8 77.1 79.7 82.8 86.1 87.8 86.8 88.7 91.8 92.8 94.9 95.2 95.7 96.6 99.3 101.1 102.6 104.5 105.9 105.8 105.9 102.4 101.1 100.2 98.4 96.6 95.5 94.3 93.2 92.7 92.3 89.7 86.9 81.8 79.9 85.7
0 0 0 0 0 0 0 0 0 0 0 0 0 0 0 0 0 0 0 0 0 0 0 0 0 0 0 0 0 0 0 0 0 0 0 0 0 0 0 0 0 0 0 0 0 0 0 0 0.7 21.9 76.5 79.5 78.9 78.6 80.5 79.8 79.6 81.3 81.1 81.8 78.3 78.4 79.5 84.6 87 89.7 89.6 88.4 91.9 94.4 93.9 93.8 95.3 96.2 98.8 102.2 105.1 108.3 109.6 110 108.8 107.2 104.5 104.5 103.6 103.3 101 98.7 97.7 96.9 95.9 95.1 90.1 87.1 83.2 81.5
0 0 0 0 0 0 0 0 0 0 0 0 0 0 0 0 0 0 0 0 0 0 0 0 0 0 0 0 0 0 0 0 0 0 0 0 0 0 0 0 0 0 0 0 0 0 0 0 14.3 46.1 79.8 81.4 83.2 85.1 82.5 80.8 80.2 80.9 81.8 80.6 80.8 81.6 81.8 83.4 85.2 86.5 86.8 87.2 87.8 89.8 92 92.9 94.9 96.2 98.5 101.8 105.6 109.4 113.1 114.7 112.2 111.3 108.8 108.5 106.7 105.6 104.2 101.5 100.8 99.7 99 97.4 93.5 90.9 88 81.7
0 0 0 0 0 0 0 0 0 0 0 0 0 0 0 0 0 0 0 0 0 0 0 0 0 0 0 0 0 0 0 0 0 0 0 0 0 0 0 0 0 0 0 0 0 0 0 0 23.7 74.1 78.2 81.7 85.5 84.7 84.3 83.1 82.1 81.4 81.8 81.6 81 82.2 83.8 85.2 85.1 86.4 87.4 88.5 89.1 90.6 92.3 94 95.7 97.2 99.4 100.9 104 108 111.3 113.5 115.1 113.6 112.2 110.9 110.2 109.4 106.7 104.9 103.3 101.8 99.9 97.6 96.4 93.7 90.3 86.1
0 0 0 0 0 0 0 0 0 0 0 0 0 0 0 0 0 0 0 0 0 0 0 0 0 0 0 0 0 0 0 0 0 0 0 0 0 0 0 0 0 0 0 0 0 0 0 11.6 78 79.5 78.6 80.3 83.3 84.7 84.7 84.2 83.6 83.4 82.1 81.6 81.5 81.8 86.1 87.7 87.2 88.1 89.4 91.2 93.7 94.5 94.9 96 99.4 99.4 100.8 104.3 103.6 106.8 112.9 113.7 115.7 116.5 116.4 116.3 113.7 112.4 112.1 110.4 109.3 106.5 103.8 100.8 98.6 95.6 92 88.2
0 0 0 0 0 0 0 0 0 0 0 0 0 0 0 0 0 0 0 0 0 0 0 0 0 0 0 0 0 0 0 0 0 0 0 0 0 0 0 0 0 0 0 0 0 0 11 76.7 80.4 84.6 84.1 83.6 84.9 87.1 85.3 85.1 85.3 85.7 86.1 83.4 83.3 82.9 84.7 90.1 89.7 90.1 91.6 93.2 96.2 98 99.5 100.5 100.6 100.8 102.1 104.3 104 104.8 108.1 113.1 116 117.4 117.6 118.4 117.9 116.3 114.9 114.2 113 110.8 108.6 105.1 102 97.9 92.9 89.3
0 0 0 0 0 0 0 0 0 0 0 0 0 0 0 0 0 0 0 0 0 0 0 0 0 0 0 0 0 0 0 0 0 0 0 0 0 0 0 0 0 0 0 0 0 0 77.1 78.9 81.7 85.4 85.6 85 85.2 85.4 85.5 85.3 86.9 89.4 90.9 91.3 86.2 84 84.6 88.6 91.4 93.5 93.9 95.1 97.2 100.8 102.1 104.1 105.8 106.8 104.4 104.8 106.2 105.5 106 108.8 114.4 116.5 118.9 119 119.3 120 118.1 116 115.5 113.8 111.7 106.5 101.6 99.3 94.2 89.1
0 0 0 0 0 0 0 0 0 0 0 0 0 0 0 0 0 0 0 0 0 0 0 0 0 0 0 0 0 0 0 0 0 0 0 0 0 0 0 0 0 0 0 0 0 0 53.5 67.2 78.2 82.3 84.5 84.5 85.1 85.5 85.9 86.2 86 87.8 91.3 92 90 84.5 85.2 91.3 94.7 97 97.6 96.5 97.8 100.4 103.9 106.7 107.3 109.8 110.8 105.7 105.8 105.8 105.7 107.3 112.7 115.9 117.8 119.4 121.3 122 120.6 118.6 117.1 116.2 112.2 108.5 103.1 98.8 94.2 89.5
0 0 0 0 0 0 0 0 0 0 0 0 0 0 0 0 0 0 0 0 0 0 0 0 0 0 0 0 0 0 0 0 0 0 0 0 0 0 0 0 0 0 0 0 0 0 10 41.8 74.2 80.1 85.9 87.6 85.9 86 86.4 86.6 87.7 86.2 89.1 87.8 84.2 83.7 83.9 93.1 96.2 98.1 97.5 97.8 98.8 100 103 105.5 108.6 108.1 108 104.9 103.6 103.5 104.5 106.9 110.3 114.6 118.2 120.3 120.1 119 120.1 118.5 117.2 117.7 115.3 112.4 103.8 98.3 91.5 88
0 0 0 0 0 0 0 0 0 0 0 0 0 0 0 0 0 0 0 0 0 0 0 0 0 0 0 0 0 0 0 0 0 0 0 0 0 0 0 0 0 0 0 0 0 0 0 3.1 19.4 49.9 85 91.1 89.6 86.4 86.5 87.7 89 86.7 86.7 86.8 84.8 84 84.2 85.8 91.2 96.6 99.4 101.4 103.3 104.1 103.1 104.3 106 107.4 108.7 104.8 103.1 102.8 104.1 106 108.7 112.9 114.7 118.8 117.2 115.4 115.7 114.1 114 114.9 113.3 107.6 99.2 94.8 90 87.3
0 0 0 0 0 0 0 0 0 0 0 0 0 0 0 0 0 0 0 0 0 0 0 0 0 0 0 0 0 0 0 0 0 0 0 0 0 0 0 0 0 0 0 0 0 0 0 0 27.8 58.7 86.3 94.9 91.1 88.6 87.4 87.5 88.4 89.2 90.3 91.2 87.1 85.1 85 86.3 90.3 94.5 99.5 103.1 106 108.1 108.2 104.8 104.3 105.1 104.7 102.7 101.1 101.7 104.9 105.8 106.5 111.2 111.8 112.5 110.3 109.1 107 105.1 105.8 104.8 101.3 94.5 87.7 86 86.2 85.3
0 0 0 0 0 0 0 0 0 0 0 0 0 0 0 0 0 0 0 0 0 0 0 0 0 0 0 0 0 0 0 0 0 0 0 0 0 0 0 0 0 0 0 0 0 0 0 5.9 30.9 64.7 88.3 94.9 93 93 91 90.5 90.5 90.8 90.7 92.5 91.1 85.9 85.8 87.3 92.3 95.8 99.5 103 105.9 107.7 108.4 105.5 105.9 103.4 102.3 101.2 99.6 98.1 98.6 101.9 102.3 106.7 105.6 104.2 103.8 103.7 102.4 100.1 97.3 93.6 87.8 84.2 83.6 83.6 83.7 85.3
0 0 0 0 0 0 0 0 0 0 0 0 0 0 0 0 0 0 0 0 0 0 0 0 0 0 0 0 0 0 0 0 0 0 0 0 0 0 0 0 0 0 0 0 0 0 0 13.2 41.8 64.5 95.3 95.4 97 96.3 95.9 95.3 93.8 94.4 95.3 93.9 90.6 87.5 87.2 88.7 93 97.8 101.9 105.7 106 106.9 106 106.1 106.2 103.6 102.8 102.1 100.7 99.4 97.8 95.7 96.6 99.4 99.6 99.4 99.4 100.2 99.7 96.3 91.7 87.4 84.4 82.8 82.6 82 81.8 83.4
0 0 0 0 0 0 0 0 0 0 0 0 0 0 0 0 0 0 0 0 0 0 0 0 0 0 0 0 0 0 0 0 0 0 0 0 0 0 0 0 0 0 0 0 0 0 15.4 32.4 55.8 89.7 99.2 101.1 101.4 101.9 102.7 102.2 103.8 100.3 98.9 96.2 92.8 90.6 90 89.9 90.8 95.8 101 106.2 107.3 108.4 105.8 105.1 104.4 104.1 103.3 102 101.2 99.8 98.3 95.4 93.1 94.1 95.1 94.9 94.9 94.3 92.5 90.2 87.6 84.4 84.2 84 82.5 82.4 82.9 81.5
0 0 0 0 0 0 0 0 0 0 0 0 0 0 0 0 0 0 0 0 0 0 0 0 0 0 0 0 0 0 0 0 0 0 0 0 0 0 0 0 0 0 0 0 31.1 60.7 71.6 73.7 78.5 95.4 101 104.4 105.3 105.8 108.2 111.3 109.1 105.2 101.9 100.2 97.3 96.4 96.3 96.4 95.7 92.1 95.5 103.2 106.2 107.1 106.3 105.7 106 105.6 105.4 104.5 101.5 102 100.1 97.3 95.8 92.8 92 91.4 90.3 89.4 88.1 86.5 85.4 87.3 86.7 86.9 85.4 86.1 85 85
0 0 0 0 0 0 0 0 0 0 0 0 0 0 0 0 0 0 0 0 0 0 0 0 0 0 0 0 0 0 0 0 0 0 0 0 0 0 0 0 0 0 0 0 40.1 47.6 76.4 80.6 85.4 96.1 100.5 103.1 106.8 110.4 112.8 115.5 115.4 114.3 110.2 106.3 104.3 102.3 100.9 101.6 99.1 97.9 93.4 97.1 104.8 105.2 104.6 106.7 108.4 111.3 112.2 112.7 112 109 105.6 104.5 102.8 96.3 93.3 91.7 92.4 91.1 89.1 89.5 88.6 89.5 89 89 88.6 89.2 89.7 89
0 0 0 0 0 0 0 0 0 0 0 0 0 0 0 0 0 0 0 0 0 0 0 0 0 0 0 0 0 0 0 0 0 0 0 0 0 0 0 0 0 0 0 0 0 50.6 67.7 76.5 90.6 93.1 96.5 100.8 106.3 112.9 115.8 117.5 119.6 118.6 114.7 111.3 108.6 105.7 103 100.2 98.8 98.1 93.4 90.6 96.7 97.6 100.3 105.1 108.7 112.4 114.8 115.2 114.7 112.7 109.8 107.3 106.2 99.1 95.4 93.7 93.3 91.6 90.4 90.3 89.8 90.3 91.1 91.1 91.8 92.8 93.3 92.9
0 0 0 0 0 0 0 0 0 0 0 0 0 0 0 0 0 0 0 0 0 0 0 0 0 0 0 0 0 0 0 0 0 0 0 0 0 0 0 0 0 0 0 0 2.7 25.9 53 95 99.7 101 101.9 105.9 108.1 111 113.8 116.6 117.9 119.8 118 116.3 113.5 108.9 107.1 103.2 97.3 98 89.5 85.1 86.4 90.3 95.3 102.7 107 111 113.2 114.2 114.3 113.1 110.1 107.9 103.4 100.9 97.1 95.1 94.4 92.9 91.7 90.8 90.9 91 91.1 92 93.3 94.3 95.7 96.6
0 0 0 0 0 0 0 0 0 0 0 0 0 0 0 0 0 0 0 0 0 0 0 0 0 0 0 0 0 0 0 0 0 0 0 0 0 0 0 0 0 0 0 0 18.1 56.8 84.4 100.9 102.5 103.6 105.1 107.3 109.1 112.2 115.3 117.8 118.3 120.3 121.3 120.4 118.8 114.5 110.1 104.5 99.1 94.1 88 81.2 77.9 80.2 90.8 99.3 107.2 111.8 114.1 112.9 113.7 112.7 108.3 105.8 102.8 99.9 97.5 96.1 95.3 94.2 93 91.7 91.7 91.6 91.5 92.2 93.5 94.3 95 96.5
0 0 0 0 0 0 0 0 0 0 0 0 0 0 0 0 0 0 0 0 0 0 0 0 0 0 0 0 0 0 0 0 0 0 0 0 0 0 0 0 0 0 0 29 68.9 101.7 104.9 106.3 107 108.9 108.8 109.4 111.1 113.5 116 119.2 120.8 122.1 122.1 121.6 119.9 117.8 112.9 109.7 103.5 98.3 89 80.5 74.9 75.8 86.4 95.1 105.7 110.6 112.1 110.6 109 106.5 102.8 101.8 98.7 98.5 97 95.9 95.5 94.5 93.5 92.9 92.6 92.5 92.4 92.2 92.7 93.4 94.2 95.9
0 0 0 0 0 0 0 0 0 0 0 0 0 0 0 0 0 0 0 0 0 0 0 0 0 0 0 0 0 0 0 0 0 0 0 0 0 0 0 0 0 25.3 45.7 91.1 107.9 110.2 112 112.1 113.8 113.1 114.2 112.8 113.8 117.2 119 121.3 123.1 123.3 123.4 122.9 121.6 121.4 117 111.9 104.2 97.9 88.6 78.6 72.7 72.4 80.6 88.3 97.7 105.1 107.6 106.5 106.2 102.5 97.4 95.9 96 96.3 97.1 96 95.5 95.3 94.9 94.1 93.9 94 93.9 93.3 93.2 93.8 94.4 95
0 0 0 0 0 0 0 0 0 0 0 0 0 0 0 0 0 0 0 0 0 0 0 0 0 0 0 0 0 0 0 0 0 0 0 0 0 0 0 0 13.1 72.4 98.6 112.1 114 116.6 118.3 120.3 118.7 118.6 117.1 116.2 116.7 118 120.8 124.1 125.1 124.8 124.3 123.7 122.6 121.1 116.7 110.8 104.4 97.4 89.2 83.3 69.5 66.6 74.5 82.3 89.3 95 100 105.2 98.2 90.2 89.8 90.7 92.3 95 97 97.3 97.2 95.6 94.7 94 94.4 95.1 95 94.5 93.9 94.3 95.6 97.5
0 0 0 0 0 0 0 0 0 0 0 0 0 0 0 0 0 0 0 0 0 0 0 0 0 0 0 0 0 0 0 0 0 0 0 0 0 0 0 13.1 53.1 36.8 86.9 117.1 118.7 121.7 120.6 121.2 121.5 123.6 123.1 121.6 120.7 121.1 122.4 125 125.9 126.1 125.6 124.1 123.1 120.8 116.9 110.9 104 96.4 88.4 80.5 71.6 61.8 69.3 76.9 83.9 90.3 94.4 99.5 87.8 84.1 84.9 89.5 93.2 95.4 96.9 95.5 94.4 93.8 91.8 91.7 93.1 94.5 95.5 95.4 94.9 95.8 98.4 102.4
0 0 0 0 0 0 0 0 0 0 0 0 0 0 0 0 0 0 0 0 0 0 0 0 0 0 0 0 0 0 0 0 0 0 0 0 0 0 0 0 0 5.5 70.6 119.1 125.1 129.1 121 101.3 102.9 111.3 121.4 122.9 123 122.7 123.4 124.4 125.2 125.1 125.4 124.6 123.1 119.5 113.9 111.7 105.3 93.3 86.2 75.9 68.8 59.6 64.1 68.2 76.3 79.6 86.3 81.3 81.8 78.9 82 86.8 90.3 94.7 96.9 94.2 90.8 88.3 86.4 88.8 92.9 93.7 96 96.1 96.8 98.6 101.8 106.1
0 0 0 0 0 0 0 0 0 0 0 0 0 0 0 0 0 0 0 0 0 0 0 0 0 0 0 0 0 0 0 0 0 0 0 0 0 0 0 0 0 28.5 90.4 116 129.2 121.3 76.5 63.4 60.9 77.5 121.2 123.8 124.1 123.8 123.6 123.7 124.2 123.5 123.2 120.3 115.6 113.5 110.8 107.3 100.6 87.7 82 74.6 65.6 55.3 55 62.2 67.4 66.2 72.4 74.8 76.4 74.7 77.7 81.7 86.5 89.2 91.6 91.1 86.2 78.5 78.8 84.6 90.4 93.4 96 98.5 99.9 103.1 107.6 112.4
0 0 0 0 0 0 0 0 0 0 0 0 0 0 0 0 0 0 0 0 0 0 0 0 0 0 0 0 0 0 0 0 0 0 0 0 0 0 0 0 24 62.4 96 65 32.6 70.9 41.6 28.1 27.6 49.7 111.4 123.6 124.1 120.4 118.2 120.7 122.2 121.3 117.5 114.3 112.2 108.7 105.1 95.8 85 80.1 76.8 71 63.7 56.6 38.4 42.3 51.5 57.3 63.4 67.9 69.7 72.1 74.2 77.5 81.2 81.5 81.3 88.7 87 76.3 74.1 81.6 91.1 93.6 97.8 103.3 107.6 112.6 115 118.6
0 0 0 0 0 0 0 0 0 0 0 0 0 0 0 0 0 0 0 0 0 0 0 0 0 0 0 0 0 0 0 0 0 0 0 0 0 0 0 0 0 42.4 17.5 0 0 0 0 0 4 18.1 58.2 121.1 117.9 111.1 103.7 116.3 117.7 115.9 114.4 111.3 108.5 105.2 88.5 81.4 72.6 69.9 61.2 63.8 52.8 44.8 31.4 23.7 35.6 50 54.9 58.9 63.5 69.2 71 72.8 74.1 73.9 73.9 74.3 73 70 71.1 76.4 86.2 96.7 100 104.7 112.3 122.9 126.7 128.4
0 0 0 0 0 0 0 0 0 0 0 0 0 0 0 0 0 0 0 0 0 0 0 0 0 0 0 0 0 0 0 0 0 0 0 0 0 0 0 0 0 0.5 0 0 0 0 0 0 0 2.3 29.1 64 83.6 83.1 82 97.7 92.2 87.7 102.2 92.4 75.7 82 61 53.5 44.2 36.3 25.1 52.6 33.4 10.5 9.8 11.6 20.7 25.7 49 56.5 58.7 62.9 64.4 66.7 69 68.8 68.9 68.1 68.1 68.2 69.6 74.6 83.5 93.4 99.3 104.6 112.9 119.7 132.2 140.3
0 0 0 0 0 0 0 0 0 0 0 0 0 0 0 0 0 0 0 0 0 0 0 0 0 0 0 0 0 0 0 0 0 0 0 0 0 0 0 0 0 0 0 0 0 0 0 0 0 0 3.1 22.9 44 35.1 47 52.5 39.2 41.2 68.7 70.1 51.3 27 8 10.1 22.8 5.9 6.2 42.2 7.5 5.6 6.2 7.3 11.3 41.5 57.9 58.4 58.1 61.8 63.7 65.2 66.6 66.5 66.9 67.3 67.6 68.2 69.4 75.5 84.4 93.9 107.8 114.7 118.5 122.7 125.9 136.9
