Game/Highland_Data/StreamingAssets/GeoData/Data/nr/NR47.asc
ncols 200
nrows 200
xllcorner 140000
yllcorner 670000
cellsize 50
[rows 108 to 143 of 200, columns 82 to 163 of 200]
-0.6 -0.6 -0.6 -0.6 -0.6 -0.6 -0.6 -0.6 5.9 20.8 24.4 24.7 26 25.9 25.5 23.3 21.8 22.8 24.1 26.8 28.5 32.3 34.7 37.9 43.5 53.5 58.1 61.5 63 65.3 60.2 56.6 53.9 58 63.5 71.2 77.6 87.5 95.6 101.4 105.1 114.6 131.7 141 144.1 148 149.8 151.4 154.3 157.3 160.7 160.9 160.4 155.5 152.7 152.7 155.4 157.6 165 170.9 177.2 180.1 187.3 191.8 195.3 199.7 205.7 209.3 213.3 216.6 222.8 228 231.1 234.4 240.3 242.1 244.6 248.4 247.5 250.7 252.9 261.5
-0.6 -0.6 -0.6 -0.6 -0.6 -0.6 -0.6 -0.6 1 17.4 24.2 26.1 26.1 25.6 25.3 24.9 23.5 22.9 23.6 26 29.9 32.4 34.4 38 44.2 53.4 62 62.9 64.3 66.4 61.8 58.3 55.1 58.9 62.5 71.1 79.5 87.8 97.6 104.6 109.3 117.5 135.9 141.5 145.3 148.7 152.2 155.5 157.6 162 164.6 164.3 163.6 159.5 154.7 155.3 155.8 156 164 172.3 181 180.6 175 178.2 183.6 188.5 200.7 208.6 210.8 212.8 216.6 220.3 224 228.8 234.8 237.5 239.6 240.6 242 242.7 247.7 257.3
-0.6 -0.6 -0.6 -0.6 -0.6 -0.6 -0.6 -0.6 3.7 16.4 25.4 27.2 26.7 25.9 25.5 25.2 23.2 20.7 23.5 27.6 30.8 33.2 35.9 39.8 48.7 58.8 66.2 66.9 66.7 68 64.3 58.9 56.4 59.8 62.3 68.2 80 89 98 106.5 111.8 117.5 130.1 138.1 142.5 148.6 153 157.8 160.5 166.1 168.1 168.1 167.6 163.7 158.7 158.6 158.8 156.8 163.4 172.9 182.3 185.3 187.9 191.1 194 199.6 201.1 201.6 203 204 207.8 211.7 216.3 224.2 228.7 232.5 234.4 234.7 235.9 238.1 241.7 251.4
-0.6 -0.6 -0.6 -0.6 -0.6 -0.6 -0.6 4.2 9.9 21.7 25 27.6 27.2 26.7 25.9 25.6 23 21.6 22.8 27.7 31.7 34.3 37 44 49.7 58.8 68.9 70.1 69.5 70.2 66.1 60.8 58.1 60.7 65.7 68.7 77.3 90.9 99.5 107.5 113.3 118 125.6 134.6 140.9 147.1 154.2 158.6 161.9 167.4 171.4 171.5 171.4 168.2 162.9 162.6 162.7 159.1 166.7 176.7 183.8 187.8 190.1 192.9 195.5 200.5 204.6 209.8 208.6 208.4 212.5 216.2 220 223.4 228.5 224.8 227.9 233.4 235.5 236.5 241.3 245.5
-0.6 -0.6 -0.6 -0.6 -0.6 -0.6 0.8 16.6 21.7 24.3 25.3 27.7 27.5 27.1 26.6 25.5 22.1 20.9 21.8 26.9 34.1 36.2 39.4 46.2 52.1 61.3 71.2 71.7 72.3 72.3 70.5 62.8 60.4 62.3 69.4 72.5 77.6 92 97.5 110.6 114 119.1 124.8 130.7 138.4 145.3 153.1 158.9 164.9 170.5 175.8 175 174.9 171.8 168.2 166.7 165.9 162 168.7 176.7 186.4 191.2 194.4 196.8 198.6 201.2 208.4 209.6 213 214.6 218.4 222.9 227.1 230.1 231.1 232.4 232 229.9 235.1 236.7 238.5 241.6
-0.6 -0.6 -0.6 -0.6 -0.6 0.9 15.4 20.3 23.7 25.7 26.6 27.5 27.9 27.3 26.7 25.1 21.8 20.1 21.2 26.6 33.7 37.3 39.4 46.8 55.5 63.1 70 73.3 74.7 74.1 72.9 65.3 60.5 63.5 70.6 74.4 84 93.1 102.7 112.2 115.2 119.9 124.5 131.1 136 144.6 151.8 160.9 170.2 173.6 175.6 180.6 182.4 179.5 174.2 170.2 169.3 166.3 171.3 177.2 187 193.7 196 198 201.6 205.3 207.1 213.6 215 216.9 221.8 226.8 231.9 234.6 235.9 235 233.5 233.2 233 236 238.4 240
-0.6 -0.6 -0.6 -0.6 0.6 15.2 19.1 22.5 25.2 26.1 27.2 28.1 27.8 27.3 26.6 24.1 22 19.9 21.4 26.1 31.2 36.2 38.3 45.9 55.5 64.3 72.4 75.2 77.1 75.5 73.8 68.1 61.9 65 68.6 79 85.8 93.9 104 113.4 117.4 119.6 123.9 128.7 133.4 143.8 150.5 162 168.3 173.4 177 184.2 188.8 182.6 176.5 175.2 173.4 170.7 174.3 179.6 186.9 194.2 197.3 199.4 203.3 207.4 208.5 214 216.8 219.9 223.9 227.7 233.4 236.6 239.1 238.2 237.8 237.3 237.1 237.4 238.1 239.8
-0.6 -0.6 -0.6 -0.6 4.4 20.4 21.5 23.1 25.6 26.1 27.2 28.3 27.7 27.1 24.8 23.1 21 19.8 22.2 25.5 29.7 33.5 38.4 46.2 58.7 65.4 73 77 78.3 77.4 76.9 72.6 64.7 67.5 74.5 78.3 84.9 95.1 105 111.8 117.8 120.3 123.9 127.3 131.3 141.6 149.8 159.4 164 174.1 179.1 187.7 194.2 185.7 180.2 178.8 177 175.8 175.2 180.1 186.2 193.3 198.9 201.1 203.3 207.1 207.7 211 218.9 224.8 227 231.1 233.9 237.4 239.7 239.9 240.3 242 243.1 242.4 239.9 239.5
-0.6 -0.6 0.4 1 16.8 20.7 21.9 23.1 25.6 26.5 27.7 28.1 27.8 26.8 24.5 22 19.8 20.8 23.4 25.6 29.2 33.2 38.8 46.7 58.2 67.6 72.5 75.3 78.1 79 79.7 76.2 69.9 68.1 75.1 78.4 88.2 96.9 105.3 111.9 118 121.3 124.2 129.7 132.9 136.4 146.8 156.1 161.6 171.7 181.3 191.3 196.2 188.2 181.7 181.3 182.2 180.4 178.1 180.5 186.2 195.4 200.1 202.6 204.7 210.4 210.4 209.5 220.5 226.9 230.9 234 236.1 238.5 239.3 240.3 243 245.2 248 249.2 247.7 245.4
-0.6 -0.6 1.4 8.4 17.2 20.3 21.7 23.3 24.6 26.6 27.5 27.8 28.1 28.2 24.4 20.6 18.4 19.8 24.1 26.2 29.2 33.4 40.4 49.6 60.3 67.3 71.5 74.5 78.6 79.8 81 78.6 73.2 68.6 71.6 78 86 95.5 105.2 113.2 117.8 121.2 124.6 128.9 132.6 135.2 141 152.1 161.3 170.7 181.1 188.8 192.5 187.9 183.5 183.2 185.4 185.2 182.9 186.1 189.6 196.2 200.2 202.8 206.5 209.5 211.5 212.1 221.2 229 234.7 237.3 240 242.4 242.4 242.5 245.6 249 252.7 254 255.5 253.3
-0.6 -0.6 6.9 16.5 18.3 21.5 22.3 23.9 24.6 26.3 26.9 27.2 27.4 26.6 23.1 20 16.9 18.6 22.8 27 29.4 34.4 40 49.3 60.8 67.8 72 74.4 79.1 80.8 81.8 80.1 73.7 70.4 74.4 79.9 88.8 98.3 101.3 113.5 118.3 121.3 123.8 126.3 131 133.2 136.5 147.6 160.3 167.9 177 181.6 188.9 186.9 185 185 186.7 187.2 187 186.8 192.2 195.9 199.7 204.9 209.6 211.7 214.4 213.9 219.6 229.2 236.2 241 245.9 247.2 245.4 247.1 249.7 253 257.4 259.7 261 259.3
-0.6 0.6 16.1 18.4 20.5 23.1 23.1 24.3 23.5 24.5 25.8 26.3 26.9 26.8 24.9 19.9 15.6 17.2 20.9 25.5 28.6 31.6 36 53.1 62.3 68.4 72.3 74.4 79.5 81.8 82.3 80.4 74.2 69.9 74.7 81.7 90.1 98.4 108.4 111.7 118.1 120.3 121.9 125.4 127.2 130.4 136.9 145.7 157.6 166.3 172.7 176.3 183 185.5 186.2 186.6 185.8 186.8 187.1 189 191.5 195.2 201.6 205.2 208.9 212.7 216.7 217.6 222 229.3 239.9 244.4 249.4 249 249.9 252.1 256.8 258.9 262.5 266.4 266.9 264.9
-0.6 2.1 9 20.4 21 22 22.6 22.1 23.2 23 23.4 24.6 24.7 23.3 21.8 18.5 14.6 15.4 17.6 23.4 27.6 29.8 36 56.2 63.7 69.1 72.6 74.8 79.8 81.9 81.6 79.7 75.7 72.9 76.1 84 90.9 97.9 109.2 115.9 117.6 117.7 119 121.3 125.8 130.5 136.6 142.4 151.9 161.9 167.4 171.7 176.4 182.4 184.3 185.8 185.8 185.8 187.1 187 190 195.5 201.5 204.4 208.4 212.9 216.7 221.2 225 228.6 235.9 242.4 246.3 252.2 256.5 259.7 262.2 267.2 270.7 274.8 277.7 278.5
-0.6 -0.6 16.8 20.4 19.8 20.4 19.9 19.3 19 20.2 20.6 20.7 20.1 17 15.3 15.2 13.2 13 16.2 20.9 26.4 29.4 39.6 56.8 64.1 70.1 72.4 74.6 79.3 82.3 81.9 80.2 73.4 74.7 76.6 85.8 90.1 96.8 108.1 117.7 119.9 120.8 122 122.1 126 131.9 135.7 140.4 149.4 158.4 163.4 167.6 171.2 177.8 182.1 185.5 185.8 185.8 185.8 189.4 188.2 194.6 200.9 205.9 210.2 215.4 220.1 223 226.3 232.1 239.2 242.8 246.3 250.1 259.5 266.9 271.3 276.9 281.4 285.6 288.6 293.1
-0.6 -0.6 10.8 19 19.4 19.9 18.6 16 15.7 15.6 15 13.4 12.3 10.7 10.7 10.7 10.7 10.7 14.2 18.7 25.3 31.1 38.7 51.5 64.5 70.6 72 73.5 77.2 81.6 83.3 79.7 75.7 76.6 79.4 84.5 91.4 95.1 107.1 118.1 120 121.8 121.9 122.9 125.7 130.4 132.9 138.3 145 154.5 159 165.3 168.4 174 178.9 183.9 184.7 185.8 186.5 188.3 188.7 193.5 201.1 207.2 211 216.8 219.4 223 227.8 232.4 238.5 243.4 246.4 253 262.8 273.1 281.6 288.5 293.1 298.8 304.2 312.7
-0.6 0.5 16.9 18.5 19.1 17 14.2 10.7 10.7 10.7 10.7 10.7 10.7 10.7 10.7 10.7 10.7 10.7 12.9 20.6 25.8 33.4 43.2 55.4 61.6 70.9 73 74.9 76.8 80.8 82.7 80.7 77.5 77.3 80.2 85.4 91.1 96.3 103.3 116.6 119.2 120.9 124.6 123.9 127.1 130.1 131.5 139.9 142.7 147.3 155 160.9 166.6 171.2 176.6 182.3 183.4 184.4 187 188.1 188.4 194.4 201.8 207.5 211.9 215.2 217.5 223.4 230.5 231.2 236.9 240.9 246.6 255.1 265.8 276.4 286.9 297.4 305.1 311 316.4 327.1
-0.6 1 11.7 17.9 18.1 15.7 10.7 10.7 10.7 10.7 10.7 10.7 10.7 10.7 10.7 10.7 10.7 10.7 14 22.8 27.9 38.9 46.9 57.9 63.8 72.1 73.3 75.4 77.4 81.5 83.4 82.4 79.2 78.8 80.5 88.1 92.7 97.8 103 111.8 116.1 119.6 124.8 126.1 127 129.8 131.3 141.6 147.9 148.4 149.6 154.9 161.8 167.4 173.4 180.9 181.9 183.1 185.1 188.9 189.9 194.4 197.8 205.9 212.7 215.8 218.4 225.1 231.9 231.3 236.9 243.2 250.9 259.2 269.9 280.6 296.5 308.6 315.7 322.1 330.5 339.4
-0.6 0.8 10.2 18.3 17.6 14.2 10.7 10.7 10.7 10.7 10.7 10.7 10.7 10.7 10.7 10.7 10.7 10.7 16.8 24.7 29.9 40.2 50.6 61 69.1 74.2 75.9 76.9 79.6 82.5 84.4 82.7 80.4 81.9 86.4 89.9 96.3 99.4 104.3 110.5 116 117.5 121.8 128.1 126.8 129.9 131 138.8 146.6 150.9 154.8 153.9 157.3 162.4 167.8 177.3 180.8 181.8 183 187 189.2 193.3 196.9 200.3 207.8 212.2 219.6 227.8 230.6 233.1 236.9 245 253.1 262.9 272.4 287.5 304.3 318 325.7 335.2 344.5 351.9
-0.6 1 9.5 19.4 17.9 12.4 10.7 10.7 10.7 10.7 10.7 10.7 10.7 10.7 10.7 10.7 10.7 10.7 19.7 26.2 35.2 43.3 52.6 63.3 72.6 76.5 77.6 78.8 80.7 84.2 87.3 84.8 81.8 82.3 87.9 91 94.2 94.7 100.6 109.9 114.6 117.5 119.6 126 128.3 130 131.9 136.1 145 150.4 157 160.3 160.7 163.7 168.4 174.1 180.2 182 183.7 185.3 188.6 191.6 198.2 198.9 208.7 214.9 222.6 230.8 235.4 237.6 239 245.5 253.4 263.6 277.4 293.9 308.6 323.8 335.1 344.2 353 362.4
-0.6 0.8 8 19.2 16.9 10.7 10.7 10.7 10.7 10.7 10.7 10.7 10.7 10.7 10.7 10.7 10.7 16.5 23.3 28.3 39.9 46 54.4 65.6 74.2 78.4 79.5 80.6 82.1 85.8 87.6 85.6 84 84.1 87.4 93 91.7 98 108.2 113.9 113.4 115.1 119.1 122.7 128 129.9 132.2 136.4 144 150.4 157.1 161.9 160.7 162.8 167.7 173.2 179 180.9 182 185.2 188.3 192.6 195.4 200.6 205.2 212.9 224.2 231 235.9 236.1 238 247.3 257.3 267.5 282.7 299.4 313.5 328.6 340.9 352.2 363.2 372.8
-0.6 -0.6 7.1 19.4 15.9 10.7 10.7 10.7 10.7 10.7 10.7 10.7 10.7 10.7 10.7 10.7 12.8 21.3 26 32.2 43.7 49.9 55.2 66.9 76.4 80.9 81.5 82.1 83.8 86.9 88.9 86 83.7 86.3 90.5 94.1 96.5 99.9 108.8 116.2 119.4 112 117.4 121.6 126.9 130.6 131.5 137 141.2 150.4 157.6 160.5 161 162.6 167.8 170.7 175.6 178.3 183.8 187.5 189.2 191.8 194.4 201.1 206.1 215.7 223.2 229.3 236.5 237.9 240.3 248.5 262.2 270.9 283.6 301.3 317.1 333.4 347.2 360.3 372.4 382.9
-0.6 -0.6 14.1 20.3 16.1 10.7 10.7 10.7 10.7 10.7 10.7 10.7 10.7 10.7 10.7 12.6 18.9 24.8 28.8 34.1 47.3 52.5 55.1 67.9 76 81.1 84.7 84.6 84.9 87.9 89 85.5 84.1 86.8 92.9 97.6 98.3 99.5 108.4 116 122 121.3 114.7 122.3 126.3 128.5 132.1 135.8 140.2 151.8 156.8 159.3 160.3 162.6 166.5 169.8 174.9 178.8 183.8 186.9 189.5 192.8 194.7 198.5 206.3 216.4 221.8 228 236.8 238.3 241.3 251.3 263.2 275.6 286.8 303.2 322.1 340.7 354.1 366.8 379.8 391.1
-0.6 0.8 14.2 20.5 17.2 10.7 10.7 10.7 10.7 10.7 10.7 10.7 10.7 10.7 11.9 16.3 22.3 25.9 28 38.1 46.7 54.8 57.2 68.5 77.3 79.8 83.6 86.2 85.8 87.3 87.5 85.5 85 87.2 94 98.7 98.9 102.2 107.2 115.3 121.4 124.3 124.1 120.5 126.7 130.3 130.8 134.9 141.5 151.8 159.2 157.6 160.2 163.8 165.2 167.5 173.1 177.9 182.6 185.7 188.5 191.8 195.5 197.1 208.2 214.4 222.5 229.4 235.6 240.1 240.9 252 267.6 280.9 293.1 305.2 323.2 343.8 358.9 372.4 385.2 396.1
-0.6 1.1 20.4 20.9 17.6 10.8 10.7 10.7 10.7 10.7 10.7 10.7 10.7 10.7 13.2 14 16.7 19.8 24.3 40.1 41.6 52.9 57.9 68.3 78.1 81.4 83.2 86.3 87.6 88 87.4 86.3 85.6 86.9 93.4 97.5 100.6 102.9 105.1 112.1 121.1 126.8 127.8 126.9 125 129.5 131.2 134.9 138.3 151.2 159.9 158.1 158 161 163.9 167.6 173.1 176.2 180.5 185.4 187.3 192 196.5 198.4 207.5 214.4 220.1 229.3 233.9 239.6 243.5 254.3 272 287 302 311.1 326 345.2 363.2 376.1 388.2 398.4
-0.6 2.8 20.6 21.1 18.8 12.4 10.7 10.7 10.7 10.7 10.7 10.9 10.8 11.3 13.6 15.4 17.2 24.9 32.6 40.6 39.8 50.2 58.3 66.7 78.6 80.9 82 82.7 85.3 87.8 90.2 88 86.1 86.7 92.1 96.6 100.3 102.8 104.8 111.5 119.9 128 130 129.8 128.9 128.6 131.8 134.8 141.5 148.9 160 157.9 158.4 163 163.6 166.9 170.6 174.1 178.8 184.3 187.1 194.2 200.2 200.8 207.5 214.3 219.1 227.1 231.9 236.8 242.7 257.3 273.9 295.3 305.9 317.7 334.3 350.9 368.1 380 390 399.6
-0.6 11.2 20 21.3 19.1 12.9 10.7 10.7 10.7 11 11.3 11.8 12.5 14.1 16.5 19.9 23.1 25.7 34.5 43 43.5 47.9 56.1 65 77 79.7 81.2 81.5 82 87.1 90.7 87.7 86.5 86.2 89.9 97.3 100.9 102.4 103.4 110 119.4 128.2 132.1 132 131.7 131.2 132.9 137 143.1 148.5 155.5 155.4 158.6 162 163.4 165.3 168.2 173.2 174.6 184.8 192.5 197.5 202.7 204.1 207.4 217.9 222.1 226.8 232.8 238.7 246.4 262.8 276 295.3 310.7 322.4 337.4 355.7 373.5 383 394.4 401.6
-0.6 18.7 20.4 21.5 21 14.6 10.7 11.2 11.7 12.2 12.3 12.5 12.9 14.1 18.8 22.7 26.1 27.2 36 46 47 45 52.7 61.9 72.5 77.7 80.2 80.8 81.5 85.9 89.7 88.1 86.4 87 87.7 94.3 100.6 100.8 101.8 110.6 120.8 128.2 131.9 132.5 132.6 133.1 133 134.8 139.1 146.8 153.6 158.7 160.6 162.1 163 164.8 167.8 168.3 172.1 187.9 196.6 199.1 202.8 204.5 208.9 218.1 223.6 226.4 234.3 240.2 250.4 265.3 281.8 303.4 315.6 329 341.7 358.3 379.2 390.9 400.2 407.7
2.2 21.3 20.8 21.2 21.2 16.3 11.1 12 12.6 13.1 13.5 12.1 13.3 15.9 21.8 25.5 27.5 28.4 35.7 47.3 50.8 47 49.8 56.5 66.3 74.9 78.9 80.2 81.1 84.2 87.1 86.1 86 87 87.8 90.3 95.5 98.5 100.6 107.8 117 124.1 128.2 133.5 133.6 134.3 136.1 137.6 139.6 147.3 152.1 157.1 158.3 159.5 162.8 163.3 165.1 168.3 176.3 187.2 198.8 201.2 202.8 203.7 209.5 217.6 221.4 225.5 233.9 242.1 255.5 267.8 290.2 307.3 320.8 334.6 349.6 365 389.4 406.6 414.2 422.5
20.6 21.7 22.1 21.6 21.2 16.2 11.2 12.3 12.8 13.1 12.9 13.5 13.6 18.1 22.8 27.2 27.8 29.7 36.3 44.6 52.2 51.5 50.4 51.3 61.7 69.4 76.5 79.7 80.8 83 84.6 85.3 85.4 87 88 89.6 94.7 97.8 100.1 107.5 115.9 121.7 124.8 129.8 132.4 134.5 135.9 137.8 141.4 152.7 156.3 160.1 160.7 162 162.9 163.3 167.5 170.8 175.5 184.7 196.1 200.9 203.3 203.2 207.3 214.7 220 225.1 236.4 243.6 255 274 292.7 309.8 325.7 338.7 358 373.3 401.1 430.8 440 439
20.4 21.3 22.8 22.7 22.7 17.2 12 12 12.4 12.9 13.4 13.5 14.4 15.7 16.4 21.3 33.2 30.4 35 45.7 51.3 54.3 52.7 58 57.9 63.5 72.6 77.5 80.4 83.8 83.6 83.7 84.5 85.6 87.9 89.2 92.7 96 100 108.1 114.8 119.4 123.3 126.4 130.5 134.5 136 138.6 142.6 152.1 161.2 165.9 166 166.2 164.5 169 171.2 172.6 174.7 183.9 192.7 196.7 199.3 200.9 206.7 213.3 218.8 224.5 237.6 245.1 254.8 279.3 296.2 314.6 332.5 347.4 368.6 384.8 412.9 448.8 462.2 469
18.1 22.8 22.9 23.3 22.1 16.8 11.2 11.9 12.4 13 13.8 14.2 14.8 15.2 16.6 17.5 19.9 31.2 43.7 50.6 54.8 55.9 56.4 61.4 65.2 65.4 66.3 71.6 80 82 82.2 82.9 83.8 84.7 87 89.1 92.6 95.3 98.8 107.7 113.7 119.1 122.8 125.3 128.1 132.1 136.3 140.5 145.1 150.6 161.9 167.4 167.5 167.8 168.9 169.5 172.7 174.4 178.2 185.6 195 194.7 195.1 196.3 203.1 211.4 216.4 224.5 236.4 246.6 258.9 283.1 301.8 320.7 337.8 356.2 377.8 398 415.7 456.2 475.4 492.6
3 21.4 22.3 23 20.6 18.6 12.1 11.7 12.4 13.2 14 14.8 15.4 16.4 17.3 19.4 19.9 21.5 32.8 46.9 56.1 59 61.1 63.4 66.1 67.6 72.4 74.6 75.4 82.5 82.9 83.7 84.6 85.4 86.9 90 92.8 95.7 96.8 106.2 113.1 119.7 122.2 124.6 127.4 130.3 135.2 142.1 147.3 152.7 158.8 166 167.6 169.2 171.2 170.7 171.5 175.3 178.5 186.2 196.6 194.4 192.9 194 198.4 207.7 214.7 223.2 234.4 244.2 261.8 287.9 305.2 322 341.7 361.1 384.9 406.7 418.9 454.7 470.8 491.6
2.8 21 22.7 23.5 21.4 18.9 13.4 11 12.5 13.4 14.2 15 15.7 16.9 18.6 23.2 26.6 31 27.3 39.2 48.5 60.6 66.4 68.3 69.8 69.8 73.3 75.5 78.4 83.3 84.7 84.6 84 84.6 86.8 90.3 93.6 95.1 96.2 100.2 111.3 119.3 121.5 124.5 127.7 130.9 133.4 139.5 146.4 151.1 159.3 164 166.4 168.4 171.9 174.3 174.7 175.3 177.8 186.1 193.8 192.8 192.1 193.1 195.6 202.7 214.3 224.7 231.7 243.5 265.7 291 308.9 322 341.3 363.1 390 414.8 428.5 445 468.5 491.2
-0.6 19.5 21.3 22.2 22.5 19.7 16 11 11.5 12.5 13.1 13.8 14.6 16.4 20.5 23.8 27.4 36.6 35.5 31.6 39.4 45.3 58.1 66.8 71.6 72.4 74.5 77.8 79.6 82.8 85.9 85.6 85.3 85.2 86 89.2 92 94.2 96.3 98.6 107.1 117.2 121.2 124.8 128 131.2 133.8 139.8 145.9 151.2 157.1 161.7 165.1 168.1 172.4 176.4 177.3 176.2 178 182.9 192.7 190.8 191.1 192.1 198.1 204.7 215.2 227.4 233 243.4 266.6 294 309.9 321.9 338.5 361.8 386.3 410.6 431.2 444.7 465.8 482.8
-0.6 1.4 20.8 22.7 23.5 20.9 16.8 11.3 11.4 12.1 12.6 12.8 13.8 14.9 19.9 24.7 27.8 37.5 39.4 28.9 34.4 41.5 49.1 60.3 66.4 71.6 75.1 79 80.3 83.1 86.2 87 86.8 86.6 87 88 92.7 94.1 96.8 101.1 105 113.8 119.1 122.9 127.4 131.1 134 137.4 144.9 151.9 158.4 162.2 165.1 167.6 172.3 177.7 179.2 177.8 178.5 183.6 188.8 190.2 190.5 192.4 198 205.7 216.8 226.4 235.4 245.5 268.4 291 307.3 318.6 332.1 350.8 376.1 403 420.9 436 455.9 471.3
-0.6 1.6 19.8 22.9 24 21.1 16.5 11 10.6 11.7 12.5 13 13.8 14.3 15.9 23 28.4 35.5 40.2 37.9 26.1 40.9 45.7 53.4 62.5 69.2 73.6 77 80.7 82.1 84.6 88.6 88.3 87.8 88.5 88.9 91.7 94.9 99.5 104.2 107.8 111.7 117.7 122.4 127.7 131.2 133.5 137.9 144.7 154 159.7 163.6 165 167 173 180.2 182.8 180 180.5 184.7 190.2 190.5 191.9 193.7 197.7 204.8 214.4 227.8 236.1 243.5 268.4 286.7 301.1 310.8 325.6 339.6 364 392.8 412.3 423.9 435.2 451.1
