Game/Highland_Data/StreamingAssets/GeoData/Data/nr/NR49.asc
ncols 200
nrows 200
xllcorner 140000
yllcorner 690000
cellsize 50
[rows 0 to 37 of 200, columns 0 to 83 of 200]
-1.4 -1.4 -1.4 -1.4 -1.4 -1.4 -1.4 -1.4 -1.4 -1.4 -1.4 -1.4 -1.4 -1.4 -1.4 -1.4 -1.4 -1.4 -1.4 5 17.7 30.1 34.3 36.4 42.4 44.4 50.5 67.3 52.9 52.1 69.8 64.9 68 67.1 50.8 53.4 45.5 43.8 49.6 48.3 46.5 45.4 43.4 38.1 43.3 39.7 29.2 24 19.1 16 15.8 13.3 17.8 14 11.9 7.5 1.6 0.3 -1.4 -1.4 -1.4 -1.4 -1.4 -1.4 -1.4 -1.4 -1.4 -1.4 -1.4 -1.4 -1.4 -1.4 -1.4 -1.4 -1.4 -1.4 -1.4 -1.4 -1.4 -1.4 -1.4 -1.4 -1.4 -1.4
-1.4 -1.4 -1.4 -1.4 -1.4 -1.4 -1.4 -1.4 -1.4 -1.4 -1.4 -1.4 -1.4 -1.4 -1.4 -1.4 -1.4 -1.4 -1.4 1.8 14.4 21.4 28.5 33.4 32.1 47.7 46.7 55.1 52.8 46.7 61.1 53.4 59 54.1 45.1 45 43.4 42.2 44.7 45.7 44.1 42.9 38.5 29.2 34.7 30.6 26.8 25.2 22.2 20.8 19.7 17.5 15.8 12.2 7.5 8 3.6 1.9 -1.4 -1.4 -1.4 -1.4 -1.4 -1.4 -1.4 -1.4 -1.4 -1.4 -1.4 -1.4 -1.4 -1.4 -1.4 -1.4 -1.4 -1.4 -1.4 -1.4 -1.4 -1.4 -1.4 -1.4 -1.4 -1.4
-1.4 -1.4 -1.4 -1.4 -1.4 -1.4 -1.4 -1.4 -1.4 -1.4 0.1 -1.4 0.6 0.5 -1.4 -1.4 -1.4 -1.4 -1.4 0.1 6.1 9.3 19.7 23.1 31.8 37.1 38.1 43.2 41.6 44.2 52.6 45.3 46.8 39.6 41.9 41.3 41 41.2 39.9 37.2 39.2 34.2 28.1 24.5 26.2 26.2 29.2 27 24.2 24.1 21.6 19.1 21.5 17.4 19.4 18.1 17.7 15.9 11.2 3.4 2.7 9.4 3.8 5.8 -1.4 -1.4 -1.4 -1.4 -1.4 -1.4 -1.4 -1.4 -1.4 -1.4 -1.4 -1.4 -1.4 -1.4 -1.4 -1.4 -1.4 -1.4 -1.4 -1.4
-1.4 -1.4 -1.4 -1.4 -1.4 -1.4 -1.4 -1.4 -1.4 -1.4 16 19 27.1 28.3 -1.4 -1.4 -1.4 -1.4 -1.4 0.3 1.9 7.5 10.6 19.3 23.9 28.2 31.1 34.1 32 33 37.5 40.3 38.7 35.2 43.9 38.4 35.7 38.9 42.5 33.8 33.4 28.9 21.4 19.6 21.9 21.9 23.4 23.3 24.3 26.6 29.5 27.6 25.2 34.6 35 31.7 30.5 25 22.1 23.7 25.3 19.5 10.4 -1.4 -1.4 -1.4 -1.4 -1.4 -1.4 -1.4 -1.4 -1.4 -1.4 -1.4 -1.4 -1.4 -1.4 -1.4 -1.4 -1.4 -1.4 -1.4 -1.4 -1.4
-1.4 -1.4 -1.4 -1.4 -1.4 -1.4 -1.4 -1.4 -1.4 18.4 29.1 35.5 35.5 37.1 20.6 -1.4 -1.4 -1.4 0.5 1.3 1.9 5.2 13.5 17.7 20.2 22.8 25 24.1 26.4 22.1 26.3 29.3 40.6 30.7 35.3 41.2 34.5 39.8 36.6 31.4 25.9 15.6 15.2 16.5 18.3 21.2 22.2 25.4 37.4 41.7 36.7 39.1 36.1 42.4 40.7 41.6 38.4 39.1 30.7 31.5 23.9 14.4 2.4 -1.4 -1.4 -1.4 -1.4 -1.4 -1.4 -1.4 -1.4 -1.4 -1.4 -1.4 -1.4 -1.4 -1.4 -1.4 -1.4 -1.4 -1.4 -1.4 -1.4 -1.4
-1.4 -1.4 -1.4 -1.4 -1.4 -1.4 -1.4 -1.4 7.5 18.7 33.4 40.8 42.8 40.2 31.8 7.6 0.5 -1.4 2 4.1 3 2.3 8.3 14 13.8 17.5 15.1 15.5 14.3 16 21.8 24.1 21.9 17.1 21.4 31.2 29.7 33.8 32 24.1 15 13.7 14.2 18.2 31.3 28.5 28.6 39.9 40.6 41.6 43.9 44.2 42.5 43.4 43.8 40 44.8 42.5 34.3 31.2 35 27.5 15.2 -1.4 -1.4 -1.4 -1.4 -1.4 -1.4 -1.4 -1.4 -1.4 -1.4 -1.4 -1.4 -1.4 -1.4 -1.4 -1.4 -1.4 -1.4 -1.4 -1.4 -1.4
-1.4 -1.4 -1.4 -1.4 -1.4 -1.4 -1.4 2 13.5 13.8 34 36.3 42 41.4 38.8 26.6 15.1 3.9 11 14.1 6.7 3.2 2.9 4.7 4.9 12.6 9.1 8.1 8.2 10.1 14.3 10.9 10.2 10.7 12.3 12.4 13.1 22.2 24.9 16.5 13 14.9 22.5 25.2 32.8 38.7 36.3 46 42.1 41.1 39.3 40.4 39.3 43.2 54.1 48.1 46.4 41.4 31.2 25.6 24.5 18.9 7.8 -1.4 -1.4 -1.4 -1.4 -1.4 -1.4 -1.4 -1.4 -1.4 -1.4 -1.4 -1.4 -1.4 -1.4 -1.4 -1.4 -1.4 -1.4 -1.4 -1.4 -1.4
-1.4 -1.4 -1.4 -1.4 -1.4 -1.4 -1.4 -1.4 3.7 18.6 22.7 33.5 37.6 39.5 35 26.3 19.5 17.2 8.9 10.8 5.9 3.3 3.7 4 4.4 5.7 5.9 6.1 6.9 7.5 8.2 8.9 9.9 9.2 9.6 10.3 11.2 11.7 18.2 12.8 13.2 26.4 25.2 23.7 36.5 38.9 37.4 44.6 50.2 45.5 39.1 39.3 39.3 49.5 52.6 48.6 44.8 37 21.6 9.7 6.1 -1.4 -1.4 -1.4 -1.4 -1.4 -1.4 -1.4 -1.4 -1.4 -1.4 -1.4 -1.4 -1.4 -1.4 -1.4 -1.4 -1.4 -1.4 -1.4 -1.4 -1.4 -1.4 -1.4
-1.4 -1.4 -1.4 -1.4 -1.4 0.3 -1.4 11.1 14.2 17.7 22.8 23.5 36.2 34.2 29.5 25.6 18.8 15.5 8 6.9 5 3.8 4.2 4.5 4.8 5.1 5.8 7.4 8.1 8.6 9.1 9.9 10.1 10 11.1 11.7 11.9 13 13.2 13.8 23.1 28.5 26.3 29.7 39.3 42.4 37.5 43.1 38 38.6 38.6 42.3 39.7 39.6 41.7 43.1 35.8 28.8 14.8 -1.4 -1.4 -1.4 -1.4 -1.4 -1.4 -1.4 -1.4 -1.4 -1.4 -1.4 -1.4 -1.4 -1.4 -1.4 -1.4 -1.4 -1.4 -1.4 -1.4 -1.4 -1.4 -1.4 -1.4 -1.4
-1.4 -1.4 -1.4 -1.4 -1.4 2 19 14.6 12.2 15.2 16.2 19.8 24 24.3 24.9 22.9 18.2 12.2 7.4 4.8 3.6 4.3 4.6 4.9 5.2 5.2 6.5 8.1 8.9 9.4 9.8 10.4 10.6 11 11.6 15.3 15 16.8 20.7 21.4 31.5 29.9 28.7 43.3 42.7 39.5 37.3 36.8 37.9 39.6 40.6 35.6 41.8 38.8 31.5 25.9 19.4 5.7 -1.4 -1.4 -1.4 -1.4 -1.4 -1.4 -1.4 -1.4 -1.4 -1.4 -1.4 -1.4 -1.4 -1.4 -1.4 -1.4 -1.4 -1.4 -1.4 -1.4 -1.4 -1.4 -1.4 -1.4 -1.4 -1.4
-1.4 -1.4 -1.4 -1.4 -1.4 2.5 14.3 13.7 16.1 16.5 14.1 16.9 19.2 21.2 24.3 21.5 14.9 9.3 5.7 4.6 3.9 4.6 5 5.4 4.7 5.3 6.8 8.9 9.4 9.9 10.4 10.6 10.7 16.8 22.8 20.1 27.1 30.7 36.5 41.6 45.1 32.3 26.4 42.9 43.1 44.9 37.6 40.1 44 36.2 33.7 31.3 36.2 41.3 30.8 20.9 17.4 11.4 -1.4 -1.4 -1.4 -1.4 -1.4 -1.4 -1.4 -1.4 -1.4 -1.4 -1.4 -1.4 -1.4 -1.4 -1.4 -1.4 -1.4 -1.4 -1.4 -1.4 -1.4 -1.4 -1.4 -1.4 -1.4 -1.4
-1.4 -1.4 -1.4 -1.4 5 26.6 26.3 20.5 16.3 15.5 11.1 12.1 12.7 17.5 20.2 19.6 15.8 9.1 6.2 5.3 4.7 4.6 4.4 4.3 4.7 6.3 8 10 11.9 15.6 14.2 11.3 16.9 35.2 33.7 30.9 27.4 27.3 40.7 53.9 43.4 28.2 26.6 46.7 40.4 41 39.1 45.9 38.6 41.8 41.4 39.2 38.4 42.5 41.4 28.6 23.5 11.9 -1.4 -1.4 -1.4 -1.4 -1.4 -1.4 -1.4 -1.4 -1.4 -1.4 -1.4 -1.4 -1.4 -1.4 -1.4 -1.4 -1.4 -1.4 -1.4 -1.4 -1.4 -1.4 -1.4 -1.4 -1.4 -1.4
-1.4 -1.4 -1.4 1.1 2.1 22.8 36.2 25.9 17.5 11.1 7.1 8.3 11 12 16 18.9 17.4 13 7.4 4.9 4.5 5.3 5 5.8 6.1 8.8 10.8 14.8 22.3 28.7 44.1 44 39.9 38.5 37.4 26.9 28.1 47.7 57.8 53.6 41.6 27.2 29 31 30.5 34.3 31.4 38.2 41.1 37.9 34.7 32.8 39.1 40.4 23.9 15.6 11.5 -1.4 -1.4 -1.4 -1.4 -1.4 -1.4 -1.4 -1.4 -1.4 -1.4 -1.4 -1.4 -1.4 -1.4 -1.4 -1.4 -1.4 -1.4 -1.4 -1.4 -1.4 -1.4 -1.4 -1.4 -1.4 -1.4 -1.4
-1.4 -1.4 -1.4 0.5 26.1 26.6 25.3 19 13.2 3.6 4.4 6.5 9.3 10.8 12.8 16 17.5 15.1 13.8 9.2 5.6 5.2 5.2 6.3 8.4 10.9 14 30.8 41.8 46.1 53.9 52.1 47 42.2 29.8 28.1 44.4 53.3 51.7 44.3 34.7 26.1 27 38 28.8 30.9 37.6 42.2 39.9 32 31.9 35.1 28.1 23.6 17.8 8.7 -1.4 -1.4 -1.4 -1.4 -1.4 -1.4 -1.4 -1.4 -1.4 -1.4 -1.4 -1.4 -1.4 -1.4 -1.4 -1.4 -1.4 -1.4 -1.4 -1.4 -1.4 -1.4 -1.4 -1.4 -1.4 -1.4 -1.4 -1.4
-1.4 -1.4 -1.4 -1.4 13.8 19.1 15.8 5 -1.4 2 1.9 5 7.9 10.2 11.3 14 15.4 17.1 14.9 14.4 9.1 6.6 6.5 8.8 10 12.8 18.3 35.7 44 58.8 63.5 51.4 41.3 35.9 37.1 41.4 50.2 57.9 52 45.2 31 26.9 26.7 27.5 26.9 29.7 34 34.7 32.4 32.3 41.5 37.3 29.1 16.3 7.2 1.7 -1.4 -1.4 -1.4 -1.4 -1.4 -1.4 -1.4 -1.4 -1.4 -1.4 -1.4 -1.4 -1.4 -1.4 -1.4 -1.4 -1.4 -1.4 -1.4 -1.4 -1.4 -1.4 -1.4 -1.4 -1.4 -1.4 -1.4 -1.4
-1.4 1.1 -1.4 -1.4 -0.4 1.9 -0.3 -1.4 0 1.9 11.1 7.8 9.1 10 10.4 12 13.5 14.3 16.7 23.8 18.9 9.6 9.4 10.1 9.7 15 21.7 40.6 48.4 53 56.1 41.9 38.7 37 42.3 38.8 44.9 52.2 48.6 42.1 28.1 26.9 26.8 32.8 35.8 34.2 31.3 31.5 40 35 40.9 42.2 33.3 23.5 6.9 -1.4 -1.4 -1.4 -1.4 -1.4 -1.4 -1.4 -1.4 -1.4 -1.4 -1.4 -1.4 -1.4 -1.4 -1.4 -1.4 -1.4 -1.4 -1.4 -1.4 -1.4 -1.4 -1.4 -1.4 -1.4 -1.4 -1.4 -1.4 -1.4
-1.4 -1.4 -1.4 -1.4 -1.4 -1.4 -1.4 -1.4 15.9 15.2 18 11.5 10.6 10.1 10.5 10.6 11.8 12.8 14.5 24.7 25.4 13.4 9.4 9.7 11.7 17 22 39 46.2 42.8 42 41.8 34.4 33.8 34.6 44.8 41.4 47.1 40.6 31.9 28.2 27.5 27.1 27.7 28.5 31.9 39.6 42.3 44.6 44.9 41.7 33.4 29 13.1 -1.4 -1.4 -1.4 -1.4 -1.4 -1.4 -1.4 -1.4 -1.4 -1.4 -1.4 -1.4 -1.4 -1.4 -1.4 -1.4 -1.4 -1.4 -1.4 -1.4 -1.4 -1.4 -1.4 -1.4 -1.4 -1.4 -1.4 -1.4 -1.4 -1.4
-1.4 -1.4 -1.4 -1.4 -1.4 -1.4 -1.4 11.3 23.8 33.7 24.3 13.6 12.5 14.3 10.7 11.6 10.9 11.9 13.7 22.2 29.2 36.1 15.7 11.4 12.7 17.8 21.2 31.2 37.3 41.5 39.4 39.7 30.8 27.2 33.6 38.1 36.3 38.2 44.4 42.2 29.4 39.7 37 39 41.1 41.1 53.8 57.9 58.1 49.4 38.7 25.5 14.8 -1.4 -1.4 -1.4 -1.4 -1.4 -1.4 -1.4 -1.4 -1.4 -1.4 -1.4 -1.4 -1.4 -1.4 -1.4 -1.4 -1.4 -1.4 -1.4 -1.4 -1.4 -1.4 -1.4 -1.4 -1.4 -1.4 -1.4 -1.4 -1.4 -1.4 -1.4
-1.4 -1.4 -1.4 -1.4 -1.4 -1.4 0 2 21 28.1 36.7 26.3 19.9 25.8 16.3 13.1 12.1 11.7 15.8 16.9 24.2 29 22.7 17.1 14.8 22.2 27 33.6 35 36.9 36.3 30 26.5 31.6 30.6 33.3 47 43.6 39.6 39 33.4 35.4 37.6 44.8 54.5 59.2 58.2 46.9 41.6 41.9 28.7 18.6 8 -1.4 -1.4 -1.4 -1.4 -1.4 -1.4 -1.4 -1.4 -1.4 -1.4 -1.4 -1.4 -1.4 -1.4 -1.4 -1.4 -1.4 -1.4 -1.4 -1.4 -1.4 -1.4 -1.4 -1.4 -1.4 -1.4 -1.4 -1.4 -1.4 -1.4 -1.4
-1.4 -1.4 -1.4 -1.4 -1.4 -1.4 1.9 1.9 13.3 20.3 28.7 31.8 25.9 34.1 36.2 20.1 12.4 12.2 13.1 19.7 24.3 30.9 22.6 24.9 29.8 26.6 33.2 31.2 30.9 32.9 31 26.5 26.9 28 28.6 37.9 50.2 39.8 37.6 31.8 32.3 38 49.5 61.7 59.2 62.5 53 44.4 40.1 31.5 22.1 15.1 -1.4 -1.4 -1.4 -1.4 -1.4 -1.4 -1.4 -1.4 -1.4 -1.4 -1.4 -1.4 -1.4 -1.4 -1.4 -1.4 -1.4 -1.4 -1.4 -1.4 -1.4 -1.4 -1.4 -1.4 -1.4 -1.4 -1.4 -1.4 -1.4 -1.4 -1.4 -1.4
-1.4 -1.4 -1.4 -1.4 1.5 17.7 6.7 38.2 27.5 24.8 26.9 31.2 40 41.7 41.6 32 25.4 13.5 14.3 20.5 26.5 28.1 23.8 23.4 26.1 26.7 30.1 31.4 27.6 32.8 26.3 26.7 33 33.4 43.8 39.6 42.5 35.7 36.7 35.5 41.1 54.7 65.4 65.7 62.2 60.1 54.5 42 36 25.7 11.7 5.5 -1.4 -1.4 -1.4 -1.4 -1.4 -1.4 -1.4 -1.4 -1.4 -1.4 -1.4 -1.4 -1.4 -1.4 -1.4 -1.4 -1.4 -1.4 -1.4 -1.4 -1.4 -1.4 -1.4 -1.4 -1.4 -1.4 -1.4 -1.4 -1.4 -1.4 -1.4 -1.4
-1.4 -1.4 -1.4 -1.4 2 1 35.3 30.5 26.8 32.3 39.3 35 40.6 42 47.5 42.6 25 17.5 20.8 28.9 40.6 38.1 30.7 28.6 24.7 24.5 26 28.7 26.1 26 28 55.3 73.4 47.5 46.9 38.1 37.9 48.7 45.6 56.7 54 71.7 73.4 76.8 76.3 63.7 45.5 38.9 41.2 28.1 17.9 2.1 -1.4 -1.4 -1.4 -1.4 -1.4 -1.4 -1.4 -1.4 -1.4 -1.4 -1.4 -1.4 -1.4 -1.4 -1.4 -1.4 -1.4 -1.4 -1.4 -1.4 -1.4 -1.4 -1.4 -1.4 -1.4 -1.4 -1.4 -1.4 -1.4 -1.4 -1.4 -1.4
-1.4 -1.4 -1.4 -1.4 -1.4 5.4 2 30.4 33.8 39.5 38.2 33.7 37.6 41.8 44.9 39.3 26.7 28.8 33.2 39 38.1 37.6 39.5 43.3 30.1 32.2 36.1 30.2 48.3 44.1 58.8 80.5 69.6 54.1 45.2 39 53.5 53.1 62 66.3 63.5 71.8 73.5 72.2 72.3 67.9 54.5 47.8 36 25.6 13.4 9.6 -1.4 -1.4 -1.4 -1.4 -1.4 -1.4 -1.4 -1.4 -1.4 -1.4 -1.4 -1.4 -1.4 -1.4 -1.4 -1.4 -1.4 -1.4 -1.4 -1.4 -1.4 -1.4 -1.4 -1.4 -1.4 -1.4 -1.4 -1.4 -1.4 -1.4 -1.4 -1.4
-1.4 -1.4 -1.4 -1.4 -1.4 -1.4 1.9 11 29.8 29.7 32.1 39 41.7 42.2 40.1 38.7 33.4 39.6 37.9 40.9 41.7 45.7 64.7 85.1 42.9 43.4 40.2 53.5 87.5 68.9 87.9 75 58.6 48.4 47.5 44.3 56.5 56.5 61.4 66.6 68.1 79.4 79.4 82.8 84.4 67.9 46.3 32.2 30.2 24.7 17.6 11.4 -1.4 -1.4 -1.4 -1.4 -1.4 -1.4 -1.4 -1.4 -1.4 -1.4 -1.4 -1.4 -1.4 -1.4 -1.4 -1.4 -1.4 -1.4 -1.4 -1.4 -1.4 -1.4 -1.4 -1.4 -1.4 -1.4 -1.4 -1.4 -1.4 -1.4 -1.4 -1.4
-1.4 -1.4 -1.4 -1.4 -1.4 -1.4 1.4 30.1 44.3 55.9 41.9 60.6 52.9 56 44.8 41.1 38.6 51.9 54.5 45.2 50.8 61.9 101.1 90 52.6 54.5 81.5 111.6 116.2 108.6 98.7 83.9 75.7 70.7 58.9 49.8 59.7 61.9 72.8 73.3 65.6 81.2 79.2 80.3 73.5 45.3 35.1 32.1 23 16 -1.4 -1.4 -1.4 -1.4 -1.4 -1.4 -1.4 -1.4 -1.4 -1.4 -1.4 -1.4 -1.4 -1.4 -1.4 -1.4 -1.4 -1.4 -1.4 -1.4 -1.4 -1.4 -1.4 -1.4 -1.4 -1.4 -1.4 -1.4 -1.4 -1.4 -1.4 -1.4 -1.4 -1.4
-1.4 -1.4 -1.4 -1.4 -1.4 19.2 39 45.4 43.5 52.1 56.6 70.2 67.3 68.1 58.2 50.9 41.4 70.7 77.9 68.9 91.5 87.2 104.3 83.1 67.4 88.2 117.7 113.3 114.9 111.8 112.9 92.3 72.9 70.6 65 54.1 60.1 62.9 66 73.5 64.4 72.6 72.3 74.3 59.4 40.2 32.6 17.3 11.4 -1.4 -1.4 -1.4 -1.4 -1.4 -1.4 -1.4 -1.4 -1.4 -1.4 -1.4 -1.4 -1.4 -1.4 -1.4 -1.4 -1.4 -1.4 -1.4 -1.4 -1.4 -1.4 -1.4 -1.4 -1.4 -1.4 -1.4 -1.4 -1.4 -1.4 -1.4 -1.4 -1.4 -1.4 -1.4
-1.4 -1.4 -1.4 -1.4 -1.4 6 24.6 31.1 44.1 45.8 53.4 69.7 79 85.4 83.9 73 52.1 78.6 94 92.3 103.8 114.1 120.6 108.1 115.1 109 110.8 107.2 104.6 121.4 108.6 89 77.8 73.4 65.1 53.9 65.3 59.4 59 60.6 61.9 72.6 67 56.2 46.5 32.7 24.8 5.6 3.4 -1.4 -1.4 -1.4 -1.4 -1.4 -1.4 -1.4 -1.4 -1.4 -1.4 -1.4 -1.4 -1.4 -1.4 -1.4 -1.4 -1.4 -1.4 -1.4 -1.4 -1.4 -1.4 -1.4 -1.4 -1.4 -1.4 -1.4 -1.4 -1.4 -1.4 -1.4 -1.4 -1.4 -1.4 -1.4
-1.4 -1.4 -1.4 -1.4 -1.4 1.7 17.2 27 30.6 35.7 48.5 71.1 90.3 107 105.2 78.7 63.8 91 91.6 94.1 102.8 125.4 128.6 113.6 113 108.1 97.4 94.7 100.7 112.2 102.1 87.7 85.5 74.9 67.7 57.6 61.3 57.8 58.4 61.1 62 62.7 58.7 50.5 37.8 30.1 18.8 14.1 2.2 -1.4 -1.4 -1.4 -1.4 -1.4 -1.4 -1.4 -1.4 -1.4 -1.4 -1.4 -1.4 -1.4 -1.4 -1.4 -1.4 -1.4 -1.4 -1.4 -1.4 -1.4 -1.4 -1.4 -1.4 -1.4 -1.4 -1.4 -1.4 -1.4 -1.4 -1.4 -1.4 -1.4 -1.4 -1.4
-1.4 -1.4 -1.4 -1.4 -1.4 3.2 2 17.1 30.7 40.6 45 57.9 78.1 96.3 100.4 73.8 87.3 113.5 105.4 102.6 116.8 130.7 122.6 109.8 101 96 87.8 87.8 98.2 105.8 102.2 87.5 83.3 78.9 66.7 58 57.9 61.1 55.7 55.3 60.1 56.9 44.6 39.1 33 34.6 27.2 23.2 14.6 4.8 -1.4 -1.4 -1.4 -1.4 -1.4 -1.4 -1.4 -1.4 -1.4 -1.4 -1.4 -1.4 -1.4 -1.4 -1.4 -1.4 -1.4 -1.4 -1.4 -1.4 -1.4 -1.4 -1.4 -1.4 -1.4 -1.4 -1.4 -1.4 -1.4 -1.4 -1.4 -1.4 -1.4 -1.4
-1.4 -1.4 -1.4 -1.4 -1.4 -1.4 -1.4 1.2 9.3 32 48.9 50.5 71.1 85.5 80.6 68.3 92.2 122.1 135.9 121.7 128.1 126.3 112.2 100.5 83.8 86.4 86.5 88 99.4 101.3 92.6 84 86.4 77.2 68.8 57.4 56.6 58.9 56.9 55 55.1 51.5 38.8 34.5 31.4 27.6 25.7 17.1 10.9 4.2 -1.4 -1.4 -1.4 -1.4 -1.4 -1.4 -1.4 -1.4 -1.4 -1.4 -1.4 -1.4 -1.4 -1.4 -1.4 -1.4 -1.4 -1.4 -1.4 -1.4 -1.4 -1.4 -1.4 -1.4 -1.4 -1.4 -1.4 -1.4 -1.4 -1.4 -1.4 -1.4 -1.4 -1.4
-1.4 -1.4 -1.4 0.5 1 -1.4 -1.4 -1.4 1.4 13.7 34.6 45.1 50.7 68.3 59.9 63.4 105.5 129.4 140.9 121.8 117.9 114.5 107.4 91.3 79.1 86 86.8 91.1 93.7 91.9 92.3 80.3 81.7 74.3 66.7 56.2 55.4 56.3 58.8 59.7 52.2 54 64.8 40.1 33.6 27.5 23.3 16 1.3 -1.4 -1.4 -1.4 -1.4 -1.4 -1.4 -1.4 -1.4 -1.4 -1.4 -1.4 -1.4 -1.4 -1.4 -1.4 -1.4 -1.4 -1.4 -1.4 -1.4 -1.4 -1.4 -1.4 -1.4 -1.4 -1.4 -1.4 -1.4 -1.4 -1.4 -1.4 -1.4 -1.4 -1.4 -1.4
-1.4 -1.4 -1.4 -1.4 -1.4 -1.4 -1.4 -1.4 1 6.2 12.7 32.4 41.4 49.4 48.2 54.3 87.5 124.1 129.2 119.4 113.8 101.8 94.6 78.4 78.8 79.1 82 93.7 99 91.3 85 74.9 73.2 69.4 61.3 57.1 57.3 60.7 68.4 73.6 83 83 52.9 47.7 38 31.4 14.5 7.3 1.9 -1.4 -1.4 -1.4 -1.4 -1.4 -1.4 -1.4 -1.4 -1.4 -1.4 -1.4 -1.4 -1.4 -1.4 -1.4 -1.4 -1.4 -1.4 -1.4 -1.4 -1.4 -1.4 -1.4 -1.4 -1.4 -1.4 -1.4 -1.4 -1.4 -1.4 -1.4 -1.4 -1.4 -1.4 -1.4
-1.4 -1.4 -1.4 -1.4 -1.4 -1.4 1.4 7.1 8.1 7.5 11.2 10.9 31.5 50.4 39.4 48.8 84.8 101.5 111.4 90.7 95.8 95.8 80.6 72.9 73.2 83 92.6 96.7 87.8 82.6 74.4 73.4 74.6 73 78.3 71.9 70.9 83.3 91.7 83.5 76.4 70.7 50.6 45.5 44.3 35.1 27.8 10.3 -1.4 -1.4 -1.4 -1.4 -1.4 -1.4 -1.4 -1.4 -1.4 -1.4 -1.4 -1.4 -1.4 -1.4 -1.4 -1.4 -1.4 -1.4 -1.4 -1.4 -1.4 -1.4 -1.4 -1.4 -1.4 -1.4 -1.4 -1.4 -1.4 -1.4 -1.4 -1.4 -1.4 -1.4 -1.4 -1.4
-1.4 -1.4 -1.4 -1.4 -1.4 -1.4 1.9 2 1.9 2 12.4 14.6 12.5 29.6 30 58.5 56.4 79.9 89.1 66.2 77.3 76.2 73.1 72.2 74.1 82.5 83.9 87.1 80 73.4 73.2 74.2 86.7 91.6 96.3 87.4 85.6 92.1 85.1 71.7 54.2 49.7 43.1 42.3 32.2 22.2 12.7 -1.4 -1.4 -1.4 -1.4 -1.4 -1.4 -1.4 -1.4 -1.4 -1.4 -1.4 -1.4 -1.4 -1.4 -1.4 -1.4 -1.4 -1.4 -1.4 -1.4 -1.4 -1.4 -1.4 -1.4 -1.4 -1.4 -1.4 -1.4 -1.4 -1.4 -1.4 -1.4 -1.4 -1.4 -1.4 -1.4 -1.4
-1.4 -1.4 -1.4 -1.4 -1.4 1.3 2 2 2 8.2 7.5 10.4 11.7 13.7 31 40.6 44.7 56.1 69.3 53.6 57.1 67.7 69.3 70.4 70.9 73.3 77.9 82.5 72.8 73 78 94.8 95.9 93.8 88.8 90.8 82.9 72.9 61.8 44.8 43 43.7 42.7 36.2 24.9 19.2 11.8 -1.4 -1.4 -1.4 -1.4 -1.4 -1.4 -1.4 -1.4 -1.4 -1.4 -1.4 -1.4 -1.4 -1.4 -1.4 -1.4 -1.4 -1.4 -1.4 -1.4 -1.4 -1.4 -1.4 -1.4 -1.4 -1.4 -1.4 -1.4 -1.4 -1.4 -1.4 -1.4 -1.4 -1.4 -1.4 -1.4 -1.4
-1.4 -1.4 -1.4 -1.4 -1.4 0.7 2 2 5.8 19.6 21.2 15.3 7.9 10.3 11.3 20.7 26 32.9 40.4 47.4 53.7 62.1 69.8 75.2 73.2 74.1 70.6 73.2 73.5 77.8 80.1 86.8 92.7 91.7 90 85.9 61 54.6 45.4 37.3 39 34.1 24.5 26.3 20.7 14.1 1.9 -1.4 -1.4 -1.4 -1.4 -1.4 -1.4 -1.4 -1.4 -1.4 -1.4 -1.4 -1.4 -1.4 -1.4 -1.4 -1.4 -1.4 -1.4 -1.4 -1.4 -1.4 -1.4 -1.4 -1.4 -1.4 -1.4 -1.4 -1.4 -1.4 -1.4 -1.4 -1.4 -1.4 -1.4 -1.4 -1.4 -1.4
-1.4 -1.4 -1.4 -1.4 -0.3 0.8 1.9 2 16.8 21.1 22.7 24 15.8 12.3 12.4 12.8 17.9 21 42 45.9 64.7 67.1 72.9 68.7 62.1 60.6 59.6 66.5 74.1 80.7 86.7 94.8 94.1 92.7 87.6 70.7 47.2 49.2 40.5 31.9 25.7 16.5 14 15.7 13.1 -1.4 -1.4 -1.4 -1.4 -1.4 -1.4 -1.4 -1.4 -1.4 -1.4 -1.4 -1.4 -1.4 -1.4 -1.4 -1.4 -1.4 -1.4 -1.4 -1.4 -1.4 -1.4 -1.4 -1.4 -1.4 -1.4 -1.4 -1.4 -1.4 -1.4 -1.4 -1.4 -1.4 -1.4 -1.4 -1.4 -1.4 -1.4 -1.4
-1.4 -1.4 -1.4 -0.6 0.2 1 2 8.4 19.3 24.6 24.1 23.3 23.3 16.8 16.5 19.1 22.4 28.4 42.8 51.5 72.8 78.2 81.4 70 60.8 59.1 54.4 60.1 59.5 58 67.6 77.1 86.6 81.7 76.7 47.3 43.3 43.5 27.2 21.7 9.4 -1.4 -1.4 -1.4 -1.4 -1.4 -1.4 -1.4 -1.4 -1.4 -1.4 -1.4 -1.4 -1.4 -1.4 -1.4 -1.4 -1.4 -1.4 -1.4 -1.4 -1.4 -1.4 -1.4 -1.4 -1.4 -1.4 -1.4 -1.4 -1.4 -1.4 -1.4 -1.4 -1.4 -1.4 -1.4 -1.4 -1.4 -1.4 -1.4 -1.4 -1.4 -1.4 -1.4
