Game/Highland_Data/StreamingAssets/GeoData/Data/nr/NR63.asc
ncols 200
nrows 200
xllcorner 160000
yllcorner 630000
cellsize 50
[rows 74 to 110 of 200, columns 83 to 165 of 200]
-0.2 -0.2 -0.2 -0.2 -0.2 -0.2 -0.2 -0.2 -0.2 -0.2 -0.2 -0.2 -0.2 -0.2 -0.2 -0.2 -0.2 -0.2 -0.2 -0.2 -0.2 -0.2 -0.2 -0.2 -0.2 -0.2 -0.2 -0.2 -0.2 -0.2 -0.2 -0.2 -0.2 -0.2 -0.2 -0.2 -0.2 1.1 5.2 5.9 8 10.6 23.2 35.4 45.7 47.7 50.5 53.1 52.4 53.8 49.4 28.2 20.7 22.1 21.7 23.1 23.3 24.4 23.8 32.6 31.7 47.9 47.6 45.6 43.6 43.2 44.1 46.6 47.9 50.2 53.4 55.8 56.9 63.9 64.5 65.5 66.1 69.8 70.2 69.4 71 72.4 75.4
-0.2 -0.2 -0.2 -0.2 -0.2 -0.2 -0.2 -0.2 -0.2 -0.2 -0.2 -0.2 -0.2 -0.2 -0.2 -0.2 -0.2 -0.2 -0.2 -0.2 -0.2 -0.2 -0.2 -0.2 -0.2 -0.2 -0.2 -0.2 -0.2 -0.2 -0.2 -0.2 -0.2 -0.2 -0.2 -0.2 -0.2 1.1 5.6 6.1 7.4 9.8 16.6 29.9 42.4 46.9 48.7 50 51.8 50.2 39.6 19.8 22.5 22.7 23.1 25.8 30.2 35.3 40.2 52.9 50.9 50.8 50 49.5 49 48.3 51.1 54.1 53.5 53.5 54.6 57 59.9 61 63.4 64.2 68.9 72.8 72 72.1 73.4 75 76.3
-0.2 -0.2 -0.2 -0.2 -0.2 -0.2 -0.2 -0.2 -0.2 -0.2 -0.2 -0.2 -0.2 -0.2 -0.2 -0.2 -0.2 -0.2 -0.2 -0.2 -0.2 -0.2 -0.2 -0.2 -0.2 -0.2 -0.2 -0.2 -0.2 -0.2 -0.2 -0.2 -0.2 -0.2 -0.2 -0.2 -0.2 0.8 5.3 6.1 7.5 10.1 21.4 37.2 41.9 45.7 45.7 48.4 49.6 48.2 30.4 20.9 22.6 26.2 33 43 49.5 53 54.8 54.1 52.3 51 50.6 51.1 52.4 53.4 53.4 58 57.5 56.9 57.6 59.2 66.4 68.6 65.5 66.5 70.1 72.6 73.7 75.3 77.5 80.3 82
-0.2 -0.2 -0.2 -0.2 -0.2 -0.2 -0.2 -0.2 -0.2 -0.2 -0.2 -0.2 -0.2 -0.2 -0.2 -0.2 -0.2 -0.2 -0.2 -0.2 -0.2 -0.2 -0.2 -0.2 -0.2 -0.2 -0.2 -0.2 -0.2 -0.2 -0.2 -0.2 -0.2 -0.2 -0.2 -0.2 -0.2 -0.2 3.9 7.5 9.3 14.8 25.4 36.6 41.7 44.9 45.6 47.4 45.9 22.3 19.8 22.7 27.1 34.4 42.9 49.5 53.3 54.7 53.8 53.5 51.8 50.7 50.6 51.8 53.5 56 57 56.4 57.6 57.7 58.6 61.7 65.2 69 71.6 69.5 72.5 77.6 79.8 81 82.7 86.5 88.5
-0.2 -0.2 -0.2 -0.2 -0.2 -0.2 -0.2 -0.2 -0.2 -0.2 -0.2 -0.2 -0.2 -0.2 -0.2 -0.2 -0.2 -0.2 -0.2 -0.2 -0.2 -0.2 -0.2 -0.2 -0.2 -0.2 -0.2 -0.2 -0.2 -0.2 -0.2 -0.2 -0.2 -0.2 -0.2 -0.2 -0.2 -0.2 4.2 6.2 16.5 31.9 32.9 37.7 41.6 40.4 43.9 43.3 40.5 17.1 25.8 29.8 33.2 38 46 49.6 52.6 53.2 51.4 52.1 51.5 50.9 52.5 55.1 55.8 57.3 58.4 55.8 56.2 56.6 59.2 63.5 66.5 70.3 75.4 70.8 75.1 81.1 82.4 85.6 88.1 90.6 93.8
-0.2 -0.2 -0.2 -0.2 -0.2 -0.2 -0.2 -0.2 -0.2 -0.2 -0.2 -0.2 -0.2 -0.2 -0.2 -0.2 -0.2 -0.2 -0.2 -0.2 -0.2 -0.2 -0.2 -0.2 -0.2 -0.2 -0.2 -0.2 -0.2 -0.2 -0.2 -0.2 -0.2 -0.2 -0.2 -0.2 0.5 1.9 6.2 7.3 17.6 31.9 34.3 39.2 35.7 40.1 39.3 38.3 33.8 16.1 30.7 35 38.8 42.9 47.1 49.6 51 50.7 51.4 50.1 49.9 51.1 52.2 54.4 53.8 55.6 55.8 56 56.3 56.7 59.2 64.2 69.1 72.3 72 71.8 76.6 82.4 86.5 88.9 92.1 95.8 100.2
-0.2 -0.2 -0.2 -0.2 -0.2 -0.2 -0.2 -0.2 -0.2 -0.2 -0.2 -0.2 -0.2 -0.2 -0.2 -0.2 -0.2 -0.2 -0.2 -0.2 -0.2 -0.2 -0.2 -0.2 -0.2 -0.2 -0.2 -0.2 -0.2 -0.2 -0.2 -0.2 -0.2 -0.2 -0.2 -0.2 0.6 3.2 6.5 12.6 22.6 31.4 33.4 36.1 34.3 34.1 32.3 27.3 20.4 27 33.1 36.2 41.3 43.9 46.5 48.3 49.4 49.5 50.1 49.5 49.5 52.3 55.6 57 57 58.6 58.1 56.1 57.4 58.2 60.5 63.6 67.2 70.1 69.6 75.9 81.4 87 91.9 93.7 96.8 102.3 107
-0.2 -0.2 -0.2 -0.2 -0.2 -0.2 -0.2 -0.2 -0.2 -0.2 -0.2 -0.2 -0.2 -0.2 -0.2 -0.2 -0.2 -0.2 -0.2 -0.2 -0.2 -0.2 -0.2 -0.2 -0.2 -0.2 -0.2 -0.2 -0.2 -0.2 -0.2 -0.2 -0.2 -0.2 -0.2 -0.2 -0.2 1.3 7 12 22.7 31.2 23.8 27.4 24.8 23.6 9.8 23 27.1 32.4 35.9 38.2 41.2 42.1 43.6 46.4 48.9 48.1 48.8 49.8 51.7 54.1 56.8 57.5 58.8 61.4 63 59 59.6 61.5 62.5 64 65.7 69.5 76.3 82 85.7 90.4 95.2 98.3 104.1 107.8 111.1
-0.2 -0.2 -0.2 -0.2 -0.2 -0.2 -0.2 -0.2 -0.2 -0.2 -0.2 -0.2 -0.2 -0.2 -0.2 -0.2 -0.2 -0.2 -0.2 -0.2 -0.2 -0.2 -0.2 -0.2 -0.2 -0.2 -0.2 -0.2 -0.2 -0.2 -0.2 -0.2 -0.2 -0.2 -0.2 -0.2 -0.2 1.4 5.8 11.2 11.9 16.2 9.9 23.5 16.6 14.4 25.2 29.2 34.8 37.7 38.6 41.3 42.3 43.9 44.6 47.2 47.7 48.6 48.7 51.4 53 54.4 55.6 56.3 57.4 57.8 59.8 63.1 65.2 67.9 69.7 71.8 70.2 77.8 80.8 85.9 90.5 94.1 98.5 103.4 107.3 110.9 114.4
-0.2 -0.2 -0.2 -0.2 -0.2 -0.2 -0.2 -0.2 -0.2 -0.2 -0.2 -0.2 -0.2 -0.2 -0.2 -0.2 -0.2 -0.2 -0.2 -0.2 -0.2 -0.2 -0.2 -0.2 -0.2 -0.2 -0.2 -0.2 -0.2 -0.2 -0.2 -0.2 -0.2 -0.2 -0.2 -0.2 -0.2 -0.2 3 6.5 7.1 6.6 12.9 22.1 23 27.2 30.3 34.7 36.4 38.3 40.2 41.2 43.9 45.9 46.2 46.6 47.5 48.8 50.1 51.5 52 53 54.3 55.1 58.7 61.4 64.1 67.9 71.6 73.6 77 77.1 77.2 82 86.2 89.5 93.8 98.3 102.4 106.3 111.8 115.3 117.3
-0.2 -0.2 -0.2 -0.2 -0.2 -0.2 -0.2 -0.2 -0.2 -0.2 -0.2 -0.2 -0.2 -0.2 -0.2 -0.2 -0.2 -0.2 -0.2 -0.2 -0.2 -0.2 -0.2 -0.2 -0.2 -0.2 -0.2 -0.2 -0.2 -0.2 -0.2 -0.2 -0.2 -0.2 -0.2 -0.2 -0.2 -0.2 -0.2 1.4 6.3 10.2 20.2 24.9 28.9 31.8 33.9 34.4 35 36.6 39.5 44.1 47.4 50.3 49.1 47.9 48.7 48.6 49.4 49.7 50.8 53.8 55.9 59.4 62.9 66.4 69.3 72 77 78.8 82.1 78.3 75.6 86.6 91.8 93.8 96.9 101.2 103.7 107.1 110.2 113 115.7
-0.2 -0.2 -0.2 -0.2 -0.2 -0.2 -0.2 -0.2 -0.2 -0.2 -0.2 -0.2 -0.2 -0.2 -0.2 -0.2 -0.2 -0.2 -0.2 -0.2 -0.2 -0.2 -0.2 -0.2 -0.2 -0.2 -0.2 -0.2 -0.2 -0.2 -0.2 -0.2 -0.2 -0.2 -0.2 -0.2 -0.2 -0.2 -0.2 6.5 7.8 12.2 21.8 29.6 32.7 33.6 34.3 34.9 35.8 39.8 43.7 46.7 48.5 48.4 48.9 48.1 48.3 47.2 47.7 51.4 54.4 57.1 59.8 62.2 65.5 68.9 69.2 70.4 73.8 76.5 78 74.9 78.7 90.3 95.9 98.2 99.1 102.4 103.7 107.6 110.1 112.5 113.7
-0.2 -0.2 -0.2 -0.2 -0.2 -0.2 -0.2 -0.2 -0.2 -0.2 -0.2 -0.2 -0.2 -0.2 -0.2 -0.2 -0.2 -0.2 -0.2 -0.2 -0.2 -0.2 -0.2 -0.2 -0.2 -0.2 -0.2 -0.2 -0.2 -0.2 -0.2 -0.2 -0.2 -0.2 -0.2 -0.2 -0.2 -0.2 0.7 6.9 8 9.3 14.7 32.3 41.1 43 43.8 42.5 38 38.6 43 44.9 46.2 45.3 46.1 47.1 46 47.4 50.6 52.6 54.9 56.6 59.1 62.2 65.2 66.2 65.4 67.5 71.2 71.3 69.8 69.9 81 87.6 91.3 94 96.6 100.1 102.8 106.6 110.6 111.3 110.9
-0.2 -0.2 -0.2 -0.2 -0.2 -0.2 -0.2 -0.2 -0.2 -0.2 -0.2 -0.2 -0.2 -0.2 -0.2 -0.2 -0.2 -0.2 -0.2 -0.2 -0.2 -0.2 -0.2 -0.2 -0.2 -0.2 -0.2 -0.2 -0.2 -0.2 -0.2 -0.2 -0.2 -0.2 -0.2 -0.2 -0.2 -0.2 -0.2 5.7 7.3 9.4 12.7 33.7 49.5 49.8 49.7 46.8 40.8 39.3 41.6 42.4 43.6 42.5 42.8 43.8 45.6 47.6 51.3 53.3 54.7 55.4 55.6 56.5 58.7 59.9 61 64.8 65.4 65.2 68.9 75.9 81.4 85.1 88.5 93.3 97 102.4 101.8 104.3 107.5 108.9 107.3
-0.2 -0.2 -0.2 -0.2 -0.2 -0.2 -0.2 -0.2 -0.2 -0.2 -0.2 -0.2 -0.2 -0.2 -0.2 -0.2 -0.2 -0.2 -0.2 -0.2 -0.2 -0.2 -0.2 -0.2 -0.2 -0.2 -0.2 -0.2 -0.2 -0.2 -0.2 -0.2 -0.2 -0.2 -0.2 -0.2 -0.2 -0.2 -0.2 1.2 6.5 8.8 11.9 28.4 55.8 55.2 53.5 50.5 45.4 41.6 41.3 40.4 41.4 43.9 44.4 45.5 47.4 50.2 52.4 55.2 55.5 54.2 51.4 50.9 53 54.8 58 58 58.9 65.8 72.1 75.8 79.6 83.6 89.2 92.5 94.8 96.7 97.1 98 95.9 100.8 101.7
-0.2 -0.2 -0.2 -0.2 -0.2 -0.2 -0.2 -0.2 -0.2 -0.2 -0.2 -0.2 -0.2 -0.2 -0.2 -0.2 -0.2 -0.2 -0.2 -0.2 -0.2 -0.2 -0.2 -0.2 -0.2 -0.2 -0.2 -0.2 -0.2 -0.2 -0.2 -0.2 -0.2 -0.2 -0.2 -0.2 -0.2 -0.2 -0.2 0.8 6.2 7.3 8.3 16.7 34.7 56.2 54.1 49.4 45.3 41 39.2 40 42.5 43.8 45.5 47 50.7 52.1 53.6 54 52.8 48.9 48.4 49.1 50 51.2 52.9 57.3 60.2 66.3 72.1 75.6 79.7 84.1 87 87.9 88.1 90 91.4 92.5 99.8 104 107.5
-0.2 -0.2 -0.2 -0.2 -0.2 -0.2 -0.2 -0.2 -0.2 -0.2 -0.2 -0.2 -0.2 -0.2 -0.2 -0.2 -0.2 -0.2 -0.2 -0.2 -0.2 -0.2 -0.2 -0.2 -0.2 -0.2 -0.2 -0.2 -0.2 -0.2 -0.2 -0.2 -0.2 -0.2 -0.2 -0.2 -0.2 -0.2 -0.2 -0.2 5.8 7.4 9.1 10.9 21.8 52.8 49.7 44.7 41.2 38.1 39.5 41.1 42.8 45.5 47.3 49.3 51.7 51.4 51.2 48 46 51.7 54.7 53.4 53.2 51.8 53.8 57.7 61.7 66.7 71.8 74.9 76.9 78.1 79.9 79.1 87.2 89.5 92.9 98.1 102 106.1 110.5
-0.2 -0.2 -0.2 -0.2 -0.2 -0.2 -0.2 -0.2 -0.2 -0.2 -0.2 -0.2 -0.2 -0.2 -0.2 -0.2 -0.2 -0.2 -0.2 -0.2 -0.2 -0.2 -0.2 -0.2 -0.2 -0.2 -0.2 -0.2 -0.2 -0.2 -0.2 -0.2 -0.2 -0.2 -0.2 -0.2 -0.2 -0.2 -0.2 -0.2 1.5 6.8 8.3 9.5 13.4 38.2 42.7 39.8 37 37.9 40.6 43 45.2 47 48.9 50.9 50.5 45.2 44.2 47 53.4 55.9 56.8 56 55.9 53.5 53.3 57.8 62 65.3 67.3 68.9 72.4 77.1 81.1 83.4 88.2 92 95.8 100.4 106.1 110.3 117.9
-0.2 -0.2 -0.2 -0.2 -0.2 -0.2 -0.2 -0.2 -0.2 -0.2 -0.2 -0.2 -0.2 -0.2 -0.2 -0.2 -0.2 -0.2 -0.2 -0.2 -0.2 -0.2 -0.2 -0.2 -0.2 -0.2 -0.2 -0.2 -0.2 -0.2 -0.2 -0.2 -0.2 -0.2 -0.2 -0.2 -0.2 -0.2 -0.2 -0.2 1.2 7.3 7.9 8.8 11.3 30.8 36.8 35.3 36.7 38.9 40.7 43.2 45.5 48.9 47.2 45.2 39.5 50 51.8 52.2 52.1 53.3 55.5 57.2 57.8 57.1 57.3 57.6 59.7 63 69.5 73 76.2 80.1 82.9 85.8 88.7 93.1 98.3 105.8 111.6 117.1 124
-0.2 -0.2 -0.2 -0.2 -0.2 -0.2 -0.2 -0.2 -0.2 -0.2 -0.2 -0.2 -0.2 -0.2 -0.2 -0.2 -0.2 -0.2 -0.2 -0.2 -0.2 -0.2 -0.2 -0.2 -0.2 -0.2 -0.2 -0.2 -0.2 -0.2 -0.2 -0.2 -0.2 -0.2 -0.2 -0.2 -0.2 -0.2 -0.2 -0.2 0.9 6 7.4 8.6 11.2 22.3 35.7 36.1 33.7 35.8 35.6 38.1 36.6 37.4 36.2 44.3 48.8 49.5 53.2 54.9 56.6 57.3 57.8 60.5 60.2 60 62.4 65.7 65.3 67.6 70.5 75 78.9 81.9 85.8 88.2 91.8 98.3 101 110 118.4 124.5 130.3
-0.2 -0.2 -0.2 -0.2 -0.2 -0.2 -0.2 -0.2 -0.2 -0.2 -0.2 -0.2 -0.2 -0.2 -0.2 -0.2 -0.2 -0.2 -0.2 -0.2 -0.2 -0.2 -0.2 -0.2 -0.2 -0.2 -0.2 -0.2 -0.2 -0.2 -0.2 -0.2 -0.2 -0.2 -0.2 -0.2 -0.2 -0.2 -0.2 -0.2 -0.2 2 7.2 8.2 10 17.4 33.3 20 21.4 26.8 26.4 38.4 40.9 39.8 48.2 51.6 54.4 54.9 54.5 56.3 58.1 59.8 61.2 63.2 61.1 62.6 63.5 67 67.5 69.9 71 76.2 81.6 84.1 86.9 92.2 99.3 104.5 109.4 116.2 122.6 128.9 134.3
-0.2 -0.2 -0.2 -0.2 -0.2 -0.2 -0.2 -0.2 -0.2 -0.2 -0.2 -0.2 -0.2 -0.2 -0.2 -0.2 -0.2 -0.2 -0.2 -0.2 -0.2 -0.2 -0.2 -0.2 -0.2 -0.2 -0.2 -0.2 -0.2 -0.2 -0.2 -0.2 -0.2 -0.2 -0.2 -0.2 -0.2 -0.2 -0.2 -0.2 -0.2 -0.2 5.8 7.2 8.4 11.6 13.1 22.7 35.5 37.2 42.1 45.5 47.4 50.7 53.9 55.8 55.3 54 56 57.9 59.3 60.3 62.2 59.9 61.3 66.1 66.8 67.8 70.4 71 75.2 81.1 84.9 88.9 94.2 101.5 108 110.1 114.1 119.3 125 131.8 137.2
-0.2 -0.2 -0.2 -0.2 -0.2 -0.2 -0.2 -0.2 -0.2 -0.2 -0.2 -0.2 -0.2 -0.2 -0.2 -0.2 -0.2 -0.2 -0.2 -0.2 -0.2 -0.2 -0.2 -0.2 -0.2 -0.2 -0.2 -0.2 -0.2 -0.2 -0.2 -0.2 -0.2 -0.2 -0.2 -0.2 -0.2 -0.2 -0.2 -0.2 -0.2 -0.2 4.8 6 7 7.5 26.1 35.9 39 43.2 49.5 52.5 54.4 54.3 55.7 54.4 52.5 55.1 56.8 58.6 59.8 61.1 61.4 61.4 64.8 67.5 70 71.4 71.6 77 80.7 85.3 90.7 95.8 102.1 106.9 111.5 112.3 116.1 121.2 127.3 134.7 140
-0.2 -0.2 -0.2 -0.2 -0.2 -0.2 -0.2 -0.2 -0.2 -0.2 -0.2 -0.2 -0.2 -0.2 -0.2 -0.2 -0.2 -0.2 -0.2 -0.2 -0.2 -0.2 -0.2 -0.2 -0.2 -0.2 -0.2 -0.2 -0.2 -0.2 -0.2 -0.2 -0.2 -0.2 -0.2 -0.2 -0.2 -0.2 -0.2 -0.2 -0.2 -0.2 2 5.4 5.9 10.1 29.1 35.5 40.4 45.3 50.6 53.2 53.8 53 52.7 53.5 54.6 56.1 57.7 59.3 58.7 57 58.5 64.1 67.2 69.8 72.6 76.3 79.5 81 84.1 91 95.3 102.2 107.3 111.8 112.6 113.2 118.3 123.9 130.6 137.3 143
-0.2 -0.2 -0.2 -0.2 -0.2 -0.2 -0.2 -0.2 -0.2 -0.2 -0.2 -0.2 -0.2 -0.2 -0.2 -0.2 -0.2 -0.2 -0.2 -0.2 -0.2 -0.2 -0.2 -0.2 -0.2 -0.2 -0.2 -0.2 -0.2 -0.2 -0.2 -0.2 -0.2 -0.2 -0.2 -0.2 -0.2 -0.2 -0.2 -0.2 -0.2 -0.2 1.3 5.3 4 9.7 22.7 34.2 38.6 44.2 48.3 50.3 50.7 52.3 53.9 55.4 55.8 57 57.7 57.2 53.9 58.9 64 66 69.5 72 76.6 81.1 85.6 87.5 91.2 95.8 99.5 104.7 108.5 111.9 110.8 115 120.9 127.4 134.1 141.4 148.2
-0.2 -0.2 -0.2 -0.2 -0.2 -0.2 -0.2 -0.2 -0.2 -0.2 -0.2 -0.2 -0.2 -0.2 -0.2 -0.2 -0.2 -0.2 -0.2 -0.2 -0.2 -0.2 -0.2 -0.2 -0.2 -0.2 -0.2 -0.2 -0.2 -0.2 -0.2 -0.2 -0.2 -0.2 -0.2 -0.2 -0.2 -0.2 -0.2 -0.2 -0.2 -0.2 -0.2 3.7 6.8 10.6 21.8 34 38.5 41.7 45.4 50.1 54 54.8 56.2 56.4 56.4 55.8 50.1 54.2 59.3 64.3 67.1 68.1 70.9 75.4 80.9 85.4 88.2 92.4 96.9 98.4 102.5 105.6 109 108.9 109.5 118.2 125.2 131.2 138.6 147.3 155.8
-0.2 -0.2 -0.2 -0.2 -0.2 -0.2 -0.2 -0.2 -0.2 -0.2 -0.2 -0.2 -0.2 -0.2 -0.2 -0.2 -0.2 -0.2 -0.2 -0.2 -0.2 -0.2 -0.2 -0.2 -0.2 -0.2 -0.2 -0.2 -0.2 -0.2 -0.2 -0.2 -0.2 -0.2 -0.2 -0.2 -0.2 -0.2 -0.2 -0.2 -0.2 -0.2 -0.2 4.1 6.6 9.6 19.4 34.1 39.7 46.1 51.9 56.5 59.6 59.7 58.9 56.8 53.8 52.2 51.6 59.3 62.6 65.5 68.2 70.6 74.6 79.7 84.5 88.2 91.1 94.4 97.4 97.7 100.5 103.7 106 107.5 114.2 122.6 129.8 137 146.2 154.4 162.2
-0.2 -0.2 -0.2 -0.2 -0.2 -0.2 -0.2 -0.2 -0.2 -0.2 -0.2 -0.2 -0.2 -0.2 -0.2 -0.2 -0.2 -0.2 -0.2 -0.2 -0.2 -0.2 -0.2 -0.2 -0.2 -0.2 -0.2 -0.2 -0.2 -0.2 -0.2 -0.2 -0.2 -0.2 -0.2 -0.2 -0.2 -0.2 -0.2 -0.2 -0.2 -0.2 -0.2 4.9 7.7 10.2 20.9 38.5 45.7 54.5 60.8 64.7 65.1 62.9 57.3 52.5 51 49.3 55.1 61.2 61.3 63.8 67.2 70.4 77 81 84.5 87.8 90.7 91.9 92.4 91.8 93.3 97.7 104.5 112.9 121.4 127.8 135.7 143.7 151.9 159.2 166.7
-0.2 -0.2 -0.2 -0.2 -0.2 -0.2 -0.2 -0.2 -0.2 -0.2 -0.2 -0.2 -0.2 -0.2 -0.2 -0.2 -0.2 -0.2 -0.2 -0.2 -0.2 -0.2 -0.2 -0.2 -0.2 -0.2 -0.2 -0.2 -0.2 -0.2 -0.2 -0.2 -0.2 -0.2 -0.2 -0.2 -0.2 -0.2 -0.2 -0.2 -0.2 -0.2 -0.2 6.4 7.4 8.8 22.3 42.1 56.5 62.3 67.3 69.7 68.4 64 56.9 48.7 47.7 48.4 57 60.9 60.1 63.1 66.8 70 75.3 78.8 80.8 84.5 86.1 86.7 87 96.5 104.2 108 113.2 121 127.8 132 140.1 148.1 154.6 161.5 169.1
-0.2 -0.2 -0.2 -0.2 -0.2 -0.2 -0.2 -0.2 -0.2 -0.2 -0.2 -0.2 -0.2 -0.2 -0.2 -0.2 -0.2 -0.2 -0.2 -0.2 -0.2 -0.2 -0.2 -0.2 -0.2 -0.2 -0.2 -0.2 -0.2 -0.2 -0.2 -0.2 -0.2 -0.2 -0.2 -0.2 -0.2 -0.2 -0.2 -0.2 -0.2 -0.2 1.3 6.9 6.7 10.7 21.1 47.5 64.9 68.1 71.5 72.2 69.7 64.1 55.7 46.7 45.2 51 56.9 57.7 57.2 59.5 63.3 66.8 70.2 72.1 77.7 82.1 84.1 87.1 93 103.6 111.8 118.2 124.5 129.5 133.2 136.6 143.5 148 154.7 161.2 167.3
-0.2 -0.2 -0.2 -0.2 -0.2 -0.2 -0.2 -0.2 -0.2 -0.2 -0.2 -0.2 -0.2 -0.2 -0.2 -0.2 -0.2 -0.2 -0.2 -0.2 -0.2 -0.2 -0.2 -0.2 -0.2 -0.2 -0.2 -0.2 -0.2 -0.2 -0.2 -0.2 -0.2 -0.2 -0.2 -0.2 -0.2 -0.2 -0.2 -0.2 -0.2 -0.2 1.4 7.9 7.1 12 20.7 43.8 69.5 71.7 73 71.6 67.9 61.3 53.4 44.5 44.9 50.3 52.1 53.7 53.9 56.8 61.9 67.3 72.4 78.7 84.9 89.8 88.7 93.2 104.4 111.2 118.3 125.7 131.6 135.4 135.8 138.9 144.8 148.9 153.6 158.4 162
-0.2 -0.2 -0.2 -0.2 -0.2 -0.2 -0.2 -0.2 -0.2 -0.2 -0.2 -0.2 -0.2 -0.2 -0.2 -0.2 -0.2 -0.2 -0.2 -0.2 -0.2 -0.2 -0.2 -0.2 -0.2 -0.2 -0.2 -0.2 -0.2 -0.2 -0.2 -0.2 -0.2 -0.2 -0.2 -0.2 -0.2 -0.2 -0.2 -0.2 -0.2 -0.2 1 8 8.2 11 25.2 47.7 70.6 71.6 70.9 68.3 62.9 56.8 48.9 42.7 44.4 46.9 49.2 51.9 55.4 59.6 64.5 71.3 78.6 85.5 91.4 95.6 92.1 100.9 109.9 118.6 125.6 129.5 134.8 133.1 132.6 136.5 140 142.9 146.2 153.7 160.3
-0.2 -0.2 -0.2 -0.2 -0.2 -0.2 -0.2 -0.2 -0.2 -0.2 -0.2 -0.2 -0.2 -0.2 -0.2 -0.2 -0.2 -0.2 -0.2 -0.2 -0.2 -0.2 -0.2 -0.2 -0.2 -0.2 -0.2 -0.2 -0.2 -0.2 -0.2 -0.2 -0.2 -0.2 -0.2 -0.2 -0.2 -0.2 -0.2 -0.2 -0.2 -0.2 0.8 7.2 7.9 10.6 22.3 44.2 67 65.9 64.1 60.9 56.4 50.2 43.2 41.6 42.7 44.7 48.6 54.8 59.8 64.7 70.2 78.3 85.3 91 95.8 96 94.6 106.8 115.2 124 128.7 131.9 133.1 128.8 131.6 129.7 137.3 147.3 156.2 162.6 167
-0.2 -0.2 -0.2 -0.2 -0.2 -0.2 -0.2 -0.2 -0.2 -0.2 -0.2 -0.2 -0.2 -0.2 -0.2 -0.2 -0.2 -0.2 -0.2 -0.2 -0.2 -0.2 -0.2 -0.2 -0.2 -0.2 -0.2 -0.2 -0.2 -0.2 -0.2 -0.2 -0.2 -0.2 -0.2 -0.2 -0.2 -0.2 -0.2 -0.2 -0.2 -0.2 -0.2 5.7 7.3 8.9 17 34.8 58.9 57.1 55 53.2 48.9 43.2 40.1 41.2 43.1 47.6 55 61.5 67.1 73 78.6 84.6 90.6 96.5 96.4 93.4 98.3 111.4 120 126.1 128.1 130.5 126.5 128.8 125.1 132.7 145.7 152.9 157.9 163.8 170
-0.2 -0.2 -0.2 -0.2 -0.2 -0.2 -0.2 -0.2 -0.2 -0.2 -0.2 -0.2 -0.2 -0.2 -0.2 -0.2 -0.2 -0.2 -0.2 -0.2 -0.2 -0.2 -0.2 -0.2 -0.2 -0.2 -0.2 -0.2 -0.2 -0.2 -0.2 -0.2 -0.2 -0.2 -0.2 -0.2 -0.2 -0.2 -0.2 -0.2 -0.2 -0.2 -0.2 -0.2 5.7 7.5 16 34.3 48.4 48 46.1 44.3 41.8 38.8 40 43 47.6 53.9 60.5 66.7 73.2 78.5 83.6 89.3 95.1 95 89.5 91.3 104.9 115.3 121.5 125 125.1 123.1 120.3 125.7 122.9 139.1 147.6 153.9 158.9 164.9 171.2
-0.2 -0.2 -0.2 -0.2 -0.2 -0.2 -0.2 -0.2 -0.2 -0.2 -0.2 -0.2 -0.2 -0.2 -0.2 -0.2 -0.2 -0.2 -0.2 -0.2 -0.2 -0.2 -0.2 -0.2 -0.2 -0.2 -0.2 -0.2 -0.2 -0.2 -0.2 -0.2 -0.2 -0.2 -0.2 -0.2 -0.2 -0.2 -0.2 -0.2 -0.2 -0.2 -0.2 -0.2 5.6 7.2 12.1 34.9 39 39.1 39.2 38.3 36.8 38.7 41.6 46.7 52.1 58.9 65.1 71.2 76.5 81.2 87.9 91.7 97 91.3 84.7 97.7 108.7 116.4 119 121.5 121.5 116.7 113.4 118.4 129.8 142.5 150 155.5 161.2 166.7 173.2
-0.2 -0.2 -0.2 -0.2 -0.2 -0.2 -0.2 -0.2 -0.2 -0.2 -0.2 -0.2 -0.2 -0.2 -0.2 -0.2 -0.2 -0.2 -0.2 -0.2 -0.2 -0.2 -0.2 -0.2 -0.2 -0.2 -0.2 -0.2 -0.2 -0.2 -0.2 -0.2 -0.2 -0.2 -0.2 -0.2 -0.2 -0.2 -0.2 -0.2 -0.2 -0.2 -0.2 -0.2 4.3 7.3 10.4 30.5 30.3 32.2 32.9 31.3 37 38.7 45 50.1 56.9 62.8 67.7 72 77.7 82.8 87.4 92.7 97.3 86.9 85.6 98.7 109.4 113.5 117.1 120.2 117.8 109.9 117.9 126.2 137.1 146.1 151.4 157.6 163.9 169.1 175.7
