Game/Highland_Data/StreamingAssets/GeoData/Data/nr/NR75.asc
ncols 200
nrows 200
xllcorner 170000
yllcorner 650000
cellsize 50
[rows 0 to 40 of 200, columns 93 to 185 of 200]
5.2 5.8 5.5 6.3 7 7.3 7.3 7.1 8.9 13.8 19 22.7 25.8 27.3 30.9 34.7 30.2 22.5 11.1 6.9 6.6 5.3 5.4 2.9 2.8 2.8 2.5 2.2 2.9 2.6 0 3.2 3 3.1 3.2 3.4 4.2 4.6 5.1 8.1 13 16 14.9 18.9 19.6 20.1 16 14.2 13.9 12 9.1 5.3 0 0 0 0 0 0 0 0 0 0 0 0 0 0 0 0 0 0 0 0 0 0 0 0 0 0 0 0 0 0 0 0 0 0 0 0 0.2 0.7 1.9 9.4 16.6
8.2 5.1 5.5 6.5 7.3 11.7 8 7.1 8.1 15.1 21.3 23.2 23.9 25.1 28.9 29.5 24.6 19.4 15.8 10.2 7.3 5.6 3.2 2.7 2.6 2.4 2.9 2.6 2.8 0 0 2.8 2.6 2.8 3 3.2 3.7 4.5 5.3 6.6 8.3 9.4 10.7 12.6 15.4 13.1 12.8 11.1 10.3 7.2 5.9 1.7 0 0 0 0 0 0 0 0 0 0 0 0 0 0 0 0 0 0 0 0 0 0 0 0 0 0 0 0 0 0 0 0 0 0 0 0 4.9 1.4 5.2 16.3 10.9
4.7 4.8 5.7 8.7 10.4 9 12.5 10.5 8.6 12.5 22.5 22.1 22.1 23.8 24.8 21.8 18 13.5 12.9 10.2 5.7 4 2.7 2.2 2.2 2 2.7 2.3 0 0 2.5 3 3.1 3.1 3.2 3.2 3.4 4.6 6.9 7.5 8.6 10.5 11.9 15.1 13.7 11.4 12 9.4 8.1 4.8 0 0 0 0 0 0 0 0 0 0 0 0 0 0 0 0 0 0 0 0 0 0 0 0 0 0 0 0 0 0 0 0 0 0 0 0 0 6.8 10.5 9.2 18.4 26.5 12.6
5 7.3 8 8.4 10.6 10.1 13.9 13.2 15 9.9 11 15.2 17.7 19.5 19.1 15.2 13.8 11.9 9.3 8.5 4.9 3.7 2.3 1 0.8 0.8 0 0 0 0.7 2.8 2.9 3.1 3.2 3.1 3.1 4.2 10.8 16 15 16 17.1 20.3 19.2 14.6 12.1 10.7 10 7.1 2.5 0 0 0 0 0 0 0 0 0 0 0 0 0 0 0 0 0 0 0 0 0 0 0 0 0 0 0 0 0 0 0 0 0 0 0 0 6.5 16.9 19.7 20.4 27 27.1 12.9
5.8 8.2 7.7 7.8 7.8 9.3 13.7 16.3 12.2 13 12.3 10.8 11.1 13.5 14.5 11.9 12.2 12.5 9.3 5.8 2.7 1 0.9 0.7 0.5 0.2 0 0.2 0.4 0.7 2.4 2.9 3.1 3.2 3.2 5.2 6.5 11.6 15.6 20.6 24.3 27 25.9 20.3 12.3 8.8 8.5 8.2 0 0 0 0 0 0 0 0 0 0 0 0 0 0 0 0 0 0 0 0 0 0 0 0 0 0 0 0 0 0 0 0 0 0 0 0 0 6.8 12.9 27.1 28.3 35 38 20.2 13
5.6 12.1 9.6 10.8 12 8.2 12.8 10 17.1 11.1 13.5 11.2 10 9.2 8.4 11.5 15.6 10.4 2.4 1.1 1 0.9 0.7 0.6 0.3 0 0 0.3 0.6 0.8 1 2.9 3.1 3.1 3.2 6 7.2 11.4 16.4 25.5 34.8 32.9 18.1 12.6 4.1 0 0 0 0 0 0 0 0 0 0 0 0 0 0 0 0 0 0 0 0 0 0 0 0 0 0 0 0 0 0 0 0 0 0 0 0 0 0 0 8.5 14.2 17.7 25.1 32.7 42.7 27 13.7 18.5
6.8 9 10.7 10.6 12 8.9 6.7 8.8 8.9 8.8 11.6 11.1 10.8 10.2 9.7 13.9 9.5 6.5 2.5 1.4 0.9 0.7 0.5 0.4 0.2 0 0.1 0.3 0.6 0.8 1 2.5 3.1 3.4 3.7 5.3 9.8 14.5 20.8 23.3 21.7 17.6 6.2 0 0 0 0 0 0 0 0 0 0 0 0 0 0 0 0 0 0 0 0 0 0 0 0 0 0 0 0 0 0 0 0 0 0 0 0 0 0 0 0 2.1 6.4 11.9 18.2 26.5 28.1 20.3 16.9 15.2 23.3
12.2 14.6 12 9.7 8.5 8 7.7 8.2 7.9 10.6 10.9 10.8 10.5 10.9 10.9 14 16.9 14 3 1.1 0.9 0.7 0.5 0.3 0.1 0 0.2 0.4 0.6 0.9 1 2.9 3.2 3.3 3.4 5.3 11.9 17.1 17.9 13.2 8 3.9 0 0 0 0 0 0 0 0 0 0 0 0 0 0 0 0 0 0 0 0 0 0 0 0 0 0 0 0 0 0 0 0 0 0 0 0 0 0 0 2 1.5 2.5 7.4 11.6 17.6 21.4 22.1 19 18.1 23.2 24.8
14.3 10.6 9.7 8.9 8.5 8 9.5 8.4 12.7 13 11.2 10.8 12.5 11.1 10.7 16.7 19.2 7.7 2.5 2.5 0.9 0.6 0.4 0.2 0 0 0.4 0.6 0.7 0.9 1.7 3.6 3.5 3.6 5.1 5.7 8 13.3 10.1 3.9 0 0 0 0 0 0 0 0 0 0 0 0 0 0 0 0 0 0 0 0 0 0 0 0 0 0 0 0 0 0 0 0 0 0 0 0 0 0 0 0 1.1 2.7 6.2 12.5 13.4 17 22.2 24.2 24 22.9 24.4 30.9 30
12 10.7 10 8.9 8.8 9.5 10.2 9.2 9.6 10.5 10.4 11.9 18.9 14 16.2 17.2 9.1 4.6 3.2 1.1 0.8 0.5 0.3 0 0 0.3 0.6 0.8 0.9 1.6 3.2 4.9 4.1 5 5.1 3.5 3.8 0 0 0 0 0 0 0 0 0 0 0 0 0 0 0 0 0 0 0 0 0 0 0 0 0 0 0 0 0 0 0 0 0 0 0 0 0 0 0 0 0 0 0.9 5.6 14.4 19.2 24.4 25.5 29.2 35.8 36.3 30.4 31.8 36.4 39.8 32.4
15.2 12.6 10.2 9.7 10.3 10.3 12 11.7 10.9 10.1 10.4 13.6 17.4 15.8 12.8 15 9.3 4.4 2.3 1 0.7 0.4 0.2 0 0.2 0.6 0.9 3.7 3.7 5.3 5.1 6.4 4.6 4.5 5.7 1 0 0 0 0 0 0 0 0 0 0 0 0 0 0 0 0 0 0 0 0 0 0 0 0 0 0 0 0 0 0 0 0 0 0 0 0 0 0 0 0 0 0 0 3.3 13.2 22 28 32.3 39.3 47.2 52.2 46.4 39.3 47.6 48.1 44 41
21.2 19.1 15.4 12 10.8 11.1 11.1 13.1 11.9 10.3 11.6 13 16.6 18.5 13.3 9.8 6.2 1.5 3 0.9 0.6 0.4 0 0 0.4 0.9 6 11.7 10.4 7.9 9 8.6 5 4.3 1 0 0 0 0 0 0 0 0 0 0 0 0 0 0 0 0 0 0 0 0 0 0 0 0 0 0 0 0 0 0 0 0 0 0 0 0 0 0 0 0 0 0 1.7 5.2 9.5 24 30.3 33 45.5 54.1 58.2 61.5 51 53.6 62.8 57.6 53.7 49.2
27.2 28.7 21.2 15.6 11.1 11.9 11.8 13.1 13.9 11.3 11.6 14.9 15.2 22.4 12.4 5.9 4.4 1.5 1 0.7 0.4 0.2 0 0 0.8 3.5 5.7 9.3 8 6.4 6.1 5.3 0 0 0 0 0 0 0 0 0 0 0 0 0 0 0 0 0 0 0 0 0 0 0 0 0 0 0 0 0 0 0 0 0 0 0 0 0 0 0 0 0 0 0 0 1 2.6 9 22.1 28.3 33.9 46 57.1 64.9 65.8 61.9 55.7 67.9 67.3 61.9 57.5 55.1
33.4 30.2 26.5 24.2 13.8 14.6 13.4 12.4 13.6 12.4 17.3 16.5 17.3 16.7 7.6 6.9 4.1 1.8 0.8 0.4 0 0 0 0 3.3 3.2 5.2 7.6 4.4 0 0 0 0 0 0 0 0 0 0 0 0 0 0 0 0 0 0 0 0 0 0 0 0 0 0 0 0 0 0 0 0 0 0 0 0 0 0 0 0 0 0 0 0 0 0 1.1 2.1 4.6 16.9 27.1 30.1 34.9 49.9 63.2 73.1 68.1 64.8 65.4 70.5 65.6 63.7 60.2 60.8
29 28 26.7 22.5 21.1 18.9 22.5 22.9 18.7 17 16.3 18 17.6 12 7.8 5.1 3 1 0.7 0.3 0 0 0 0 0 1.6 1.4 0 0 0 0 0 0 0 0 0 0 0 0 0 0 0 0 0 0 0 0 0 0 0 0 0 0 0 0 0 0 0 0 0 0 0 0 0 0 0 0 0 0 0 0 0 0 1.5 2.8 10.7 19.3 27.2 30.3 32.2 39 51.9 56.1 52.3 63 59.6 59.7 65.3 66.7 65.4 63.1 62.2 63.7
27 27.9 25.5 32 32.2 31.6 36.4 29.1 26.7 25.8 24.2 22.2 19.4 16.1 6.6 4.8 2.5 1.4 0.6 0.2 0 0 0 0 0 0 0 0 0 0 0 0 0 0 0 0 0 0 0 0 0 0 0 0 0 0 0 0 0 0 0 0 0 0 0 0 0 0 0 0 0 0 0 0 0 0 0 0 0 0 0.8 2.2 6.3 18.7 24.2 30.3 39.2 39.2 47.5 52.6 57.7 67.2 72.5 73.1 63.9 62.4 64.1 67.4 68 66.6 66.3 67.7 70
29.1 28.4 29.1 35.9 40.5 43.7 38.8 37.9 36.3 33.7 30.9 27.9 24.3 20.7 6.8 4.2 2.2 0.9 0.5 0.2 0 0 0 0 0 0 0 0 0 0 0 0 0 0 0 0 0 0 0 0 0 0 0 0 0 0 0 0 0 0 0 0 0 0 0 0 0 0 0 0 0 0 0 0 0 0 0 0 0 3.6 6.1 16.2 30.5 36.5 46.5 55.2 53.5 56.8 64.1 71 77.4 81.1 84.7 84.8 79 82.8 76.8 71.4 70.2 70.2 72 74.8 75.7
30.2 29.1 28.6 39.7 41.8 44.3 45.9 47.4 47.4 43.7 38 29.3 18 9.6 5.9 3.2 0.8 0.5 0.4 0.1 0 0 0 0 0 0 0 0 0 0 0 0 0 0 0 0 0 0 0 0 0 0 0 0 0 0 0 0 0 0 0 0 0 0 0 0 0 0 0 0 0 0 0 0 0 0 0.7 2.2 5.7 13 23.3 35 43.7 52.9 65.6 71.1 66.4 72.4 81 88.5 94.7 96.7 98 91.6 88.7 84.2 77.7 75.1 73.3 77 79 80.3 79.1
31.4 29.8 29.3 34.9 41.5 50.1 54.1 54.9 54.4 51.5 42.5 29.7 10.8 5.9 3.5 0.9 0 0 0 0 0 0 0 0 0 0 0 0 0 0 0 0 0 0 0 0 0 0 0 0 0 0 0 0 0 0 0 0 0 0 0 0 0 0 0 0 0 0 0 0 0 0 0 0 0 0.9 5.2 11.8 17.5 28.1 39.5 50.5 64.3 72.9 75.4 80.7 81.4 85.7 97.6 106.8 108.4 111.4 105.9 93.2 90 86.6 83.8 79.3 79.6 83.2 84.9 85.1 85.6
36.2 30.9 31.5 37.2 48.1 56.4 59.4 59.4 58.6 51.2 43.5 28.5 9.5 4.6 0.8 0 0 0 0 0 0 0 0 0 0 0 0 0 0 0 0 0 0 0 0 0 0 0 0 0 0 0 0 0 0 0 0 0 0 0 0 0 0 0 0 0 0 0 0 0 0 0 0 0 2.3 5.5 10.9 20.7 27.9 40.8 54.7 68 78.8 86.3 89 91.4 93.2 96.6 105.2 113.1 116.6 117.2 106 93.4 91.6 90.5 88.3 86.8 88.3 88.9 89.6 89 87.7
37 30.3 33.3 40.7 49.1 58.2 61.8 65.2 57.3 49.2 40.2 22.3 7.6 3 0 0 0 0 0 0 0 0 0 0 0 0 0 0 0 0 0 0 0 0 0 0 0 0 0 0 0 0 0 0 0 0 0 0 0 0 0 0 0 0 0 0 0 0 0 0 0 0 0 1.7 11.9 23.6 23.2 28.7 37.1 52.1 68 79.4 87.6 94.6 98.1 101.3 104.2 108.1 112.4 116.5 118.2 114 99.6 94.1 93.4 92.1 90.6 90.6 91.4 92.3 92.6 91.3 89.1
32.4 28.9 35.3 44.5 49.3 51.4 52.4 50.7 45.7 37.7 27 12.9 1.8 0 0 0 0 0 0 0 0 0 0 0 0 0 0 0 0 0 0 0 0 0 0 0 0 0 0 0 0 0 0 0 0 0 0 0 0 0 0 0 0 0 0 0 0 0 0 0 0 0 1 5.6 19.9 26.2 28.3 35.1 48.1 61.6 76.7 85.7 93.9 102 107 111.1 116.7 120.6 120.9 118.7 116.3 107.3 96.6 96.6 95.9 94.2 92.3 93.8 94.5 94.7 94.1 92.4 91.7
28.1 29.1 40.4 54.9 56.2 52.9 48.2 43.3 33.5 23.4 15.4 3.6 0 0 0 0 0 0 0 0 0 0 0 0 0 0 0 0 0 0 0 0 0 0 0 0 0 0 0 0 0 0 0 0 0 0 0 0 0 0 0 0 0 0 0 0 0 0 0 0 0 0 4.4 12.2 23.5 28.1 31.8 44.8 57.4 69.4 80.7 91.1 101 108.8 115.2 121.9 128.8 134.1 129.8 121.7 113.6 105.5 99.3 100.2 98 95.3 95.7 96.2 96.4 96.5 95.5 93.8 97.6
26.5 34.5 43.6 55.1 56.6 53.2 40.4 35.1 24.1 7.8 4.2 0 0 0 0 0 0 0 0 0 0 0 0 0 0 0 0 0 0 0 0 0 0 0 0 0 0 0 0 0 0 0 0 0 0 0 0 0 0 0 0 0 0 0 0 0 0 0 0 0 0 3.5 11.6 24 26 29.3 35.5 51 61.1 72.7 85.5 96.2 107 117.5 126.1 132 139.7 139.1 133 119.6 112.2 104.4 104.3 99.9 97.7 96.3 97.5 97.4 97.1 96.9 96.5 97.1 100.7
30.5 36.7 44.1 50.7 45.6 34.3 21.1 18.3 7.7 4.6 0 0 0 0 0 0 0 0 0 0 0 0 0 0 0 0 0 0 0 0 0 0 0 0 0 0 0 0 0 0 0 0 0 0 0 0 0 0 0 0 0 0 0 0 0 0 0 0 0 0 4.7 12 20.2 27.4 28.7 30.7 40 53.4 65.2 75.8 89.5 101.1 112 125.5 135.5 139.3 142.6 141 131.7 117.8 109.4 107.1 103.8 99.6 97.2 96.2 96.6 96.6 96.9 97.1 96.8 99.9 103.7
34.8 38.1 42.1 39.3 31.6 20.4 10.8 5.6 2.4 0 0 0 0 0 0 0 0 0 0 0 0 0 0 0 0 0 0 0 0 0 0 0 0 0 0 0 0 0 0 0 0 0 0 0 0 0 0 0 0 0 0 0 0 0 0 0 0 0 0 7.1 14.5 19.8 24.9 30.4 31.4 36.4 36.9 51.1 62 73.9 89.7 103.8 116.4 131.2 140.2 143.5 142.5 136.3 123.8 112.8 104.9 101.6 99.3 98.4 96.5 95.7 95.7 95.6 95.8 96.1 97.1 101.1 103.9
29.5 34.9 30.7 25 15.9 7.3 4.2 3.3 0.5 0 0 0 0 0 0 0 0 0 0 0 0 0 0 0 0 0 0 0 0 0 0 0 0 0 0 0 0 0 0 0 0 0 0 0 0 0 0 0 0 0 0 0 0 0 0 0 0 0 2.7 15.2 17.2 20.1 24.5 31.1 34.5 35.9 38.6 45.2 58.4 71.2 89.8 104.3 118.2 135.9 143.1 144.4 140.8 130.2 116.4 108.5 99.5 96.1 96 95.6 95.1 94.9 94.8 94.7 94.6 95.2 98.1 100.6 99.5
15.3 19.5 16.3 11 6.7 4.6 0.9 0 0 0 0 0 0 0 0 0 0 0 0 0 0 0 0 0 0 0 0 0 0 0 0 0 0 0 0 0 0 0 0 0 0 0 0 0 0 0 0 0 0 0 0 0 0 0 0 0 0 2.6 4.5 14.2 21.4 25.6 28.4 33.3 35.8 38.8 42.9 50.4 59.7 73.7 91.6 105.6 120.9 137.4 143.9 145.8 138.6 124.1 112.8 103.7 94.6 94.7 94.6 94.5 94.4 94.3 94.2 94 94.6 94.3 95.2 97.2 96.1
5.1 4 4.4 4.2 5.1 1.2 0 0 0 0 0 0 0 0 0 0 0 0 0 0 0 0 0 0 0 0 0 0 0 0 0 0 0 0 0 0 0 0 0 0 0 0 0 0 0 0 0 0 0 0 0 0 0 0 0 0 2 3.4 8 17.5 26.1 30.7 34 36.2 43.1 50 54.6 57.9 64.5 78.6 93.1 108.5 124 138.9 145.2 144.3 131.5 118.2 109.3 98.6 94.7 94.5 94.2 94 94 93.9 93.9 94.7 95.6 95.5 95.4 95.2 95.4
4.2 3.3 2.4 2.9 3.9 0 0 0 0 0 0 0 0 0 0 0 0 0 0 0 0 0 0 0 0 0 0 0 0 0 0 0 0 0.4 0.5 0.5 0 0 0 0 0 0 0 0 0 0 0 0 0 0 0 0 0 0 0.9 3.8 3 4.8 10.9 24.4 32.3 35.9 39.9 43.4 50.1 56 60.2 64.2 67.4 79.6 92.4 110.1 125.9 138.4 144.9 138.6 125.6 114.7 101.8 95.7 95.1 95 94.8 94.3 94 93.9 94 96.5 96.5 96.4 96.3 96.3 97
3.1 2.4 0.5 0 1 0 0 0 0 0 0 0 0 0 0 0 0 0 0 0 0 0 0 0 0 0 0 0 0 0 0.3 0.5 0.7 0.8 1.7 1.3 1.3 0.6 0.4 0.3 0 0 0 0 0 0 0 0 0 0 0.3 0.4 0.6 0.9 3.7 2.8 3.5 7.7 16.8 34.7 40.9 44 47.1 52.1 56.6 61 63.9 67.7 72.4 81.8 96.5 110.7 126.8 139.1 137.7 131.7 121.2 109.8 97.5 95.7 95.6 95.5 95.3 95.1 94.9 94.7 96.2 97.4 97.4 97.3 97.3 97.3 99
0.9 0.7 0 0 0 0 0 0 0 0 0 0 0 0 0 0 0 0 0 0 0 0 0 0 0 0 0 0 0.3 0.5 0.7 0.9 3 2.1 1.9 2.4 1.8 1 0.8 0.6 0.4 0.3 0.2 0.2 0.3 0.3 0.4 0.5 0.5 0.5 0.6 0.7 0.9 1.6 2.7 3.5 6.1 12.6 28.8 41.5 48.4 51.6 55.6 59.7 61.8 62.9 66.2 74.6 83.7 93.4 103.8 115.6 123.4 130.1 130.2 125.6 115.7 102.8 96.7 96.2 96.5 97.1 97.4 97 97.3 96.7 98.1 98.4 98.3 98.2 98.3 100.1 102.9
0.6 0.4 0 0 0 0 0 0 0 0 0 0 0 0 0 0 0 0 0 0 0 0 0 0 0 0 0 0.2 0.5 0.8 2.6 3.8 3.5 2.4 3 3 2.5 2 1.9 0.9 0.7 0.6 0.5 0.6 0.6 0.7 0.8 0.9 0.9 0.8 0.9 1.8 2.7 2.5 2.4 4.3 10.6 23 43.1 47.4 52 58.6 61.7 62.7 65.7 70.1 77.5 84.7 94.9 103.7 111.7 118.7 122.7 125.7 125 120.4 111 100.9 97.5 97.3 100.4 102.1 102.1 103.1 102.9 102.4 101.1 100.1 100 100.2 101.2 103.5 107.2
0.3 0 0 0 0 0 0 0 0 0 0 0 0 0 0 0 0 0 0 0 0 0 0 0 0 0 0 0.4 0.8 1.5 3.5 2.9 2.4 2.3 2.7 2.4 2 2 2.1 1.3 1 0.9 0.8 0.9 0.9 1.7 2.4 2.6 2.6 2.6 2.1 3 3.4 3.8 5 13.7 20.5 37.4 46.7 51.5 56.2 57.4 58.6 62 68.5 78 86.3 93.1 104.2 113.5 120.5 124.5 126.3 126.2 122.4 117 111.5 102.1 99.5 105.1 107.4 109.5 110 109.9 108.4 104.9 102.7 101.9 103 102.6 104.3 106.8 111.9
0.1 0 0 0 0 0 0 0 0 0 0 0 0 0 0 0 0 0 0 0 0 0 0 0 0 0 0.1 0.5 0.8 2.1 3.9 3.6 2.9 2.9 2.7 2.6 2.3 2.5 2.8 2.7 1.9 1.8 3.4 2.7 3 3.7 3.8 3.2 3.1 3.3 2.7 3.8 4.3 6.1 12.1 25.5 32.6 40 44.5 48.8 50.8 52.9 57 62.4 73.4 84.1 93.5 103.1 115.3 126.3 130.7 133.4 134.5 131 122.8 118.7 111.6 109.9 108.4 111.4 113 112.6 112 109.7 108.8 106 107.2 105.4 107.8 111.7 114.4 116.4 120.4
0 0 0 0 0 0 0 0 0 0 0 0 0 0 0 0 0 0 0 0 0 0 0 0 0 0 0.2 0.6 0.9 3.3 3.3 3.5 3.4 3.7 4.2 3.7 5.3 6.4 6.4 7.2 4.8 3.2 3.6 3.9 4.5 5.4 4.9 4.9 4.1 3.6 3.8 4 4.9 7.2 17.1 26.6 32.9 37.1 40.3 42.3 47.2 54.2 59.5 69 81.7 93 103.7 115.4 128.7 140.2 147.1 149.7 141.8 133.9 128.9 123 121.5 116.8 115.2 115.1 115.2 115.3 113.1 110.4 109.3 109.9 112.4 115 117.4 119.4 122.1 125.3 129.2
0.6 1 0 0 0 0 0 0 0 0 0 0 0 0 0 0 0 0 0 0 0 0 0 0 0 0 0.3 0.7 1.7 2.9 3.2 1.5 2.9 3.6 4.8 6.7 10.8 11 10.8 9.3 6.8 7 7.7 9.5 6.5 6.2 6.1 5.4 5.1 4.1 3.7 4.4 6.9 9.1 15.7 25.6 31 34.1 36.3 41.9 51.9 58 66.4 79.5 92 102.6 115 127.5 139.7 149.7 158.1 155.3 146.9 139.4 134 128 126 121.2 118.4 115.9 116.5 117.1 113.1 109.5 110.6 114 120.8 124.8 125.2 127.1 129.1 132.8 136.9
0.8 1.4 0 0 0 0 0 0 0 0 0 0 0 0 0 0 0 0 0 0 0 0 0 0 0 0 0.5 0.8 3.4 3.9 4 2.3 2.1 4.7 6.5 8.6 12.5 13.5 14.1 13.8 9.5 9.8 11.4 12.6 7.8 7 6.2 5.1 4.7 4.3 4.7 6.7 9.8 13.7 20.5 26.8 33.3 36.8 36.7 45.3 55.3 61.5 74.2 88.1 101.1 112.3 124.5 137 148.9 159 164.4 156.9 147.5 139.5 136.6 128 125.5 121 118.6 116.3 115.6 113.7 111.6 110.8 113.2 118.4 125.9 129.3 130.5 134.2 136.8 140 142.1
1.5 1.2 0.7 0 0 0 0 0 0 0 0 0 0 0 0 0 0 0 0 0 0 0 0 0 0 0.4 0.8 1 4.1 4.4 4.9 6.6 4.6 6.5 8.2 13 16.2 16.4 20.1 22.2 22.3 20.5 19.2 16.3 9.1 6.9 6.4 6 5.1 6.4 10 13.8 19.6 25 30.6 34.2 40.1 47.6 48.9 56.2 61.4 66.2 81.9 96.4 110.1 122 134.2 146.4 157.4 165.7 160.1 152.8 140.6 135.5 130.8 128.3 122.7 120.7 118.4 116.6 114.2 111.5 109 111.2 114 119.1 123.8 127.8 131.3 135.1 138.8 142.3 145
2.1 1 0.5 0.1 0 0 0 0 0 0 0 0 0 0 0 0 0 0 0 0 0 0 0 0 0 0.7 3.5 4.2 6.5 7.7 6.9 8 8 11.2 14 15.8 18.8 23 26.7 27.2 26.4 25.3 23.3 20.5 17.2 13.2 9.7 9 9.7 12.1 15.9 22.6 28.8 33.6 39.1 44.8 52.9 59.1 63.6 65.6 69.6 75.5 91.5 102.8 116.5 128.1 140.5 152.9 161.9 162.4 153.7 146.1 137.7 132.1 128.7 125.2 121.8 120 118.3 117.3 113.5 109.6 105.5 109.2 113.6 118.6 123.3 126.2 131 135.7 139.8 139.9 140.3
2.5 0.8 0 0 0 0 0 0 0 0 0 0 0 0 0 0 0 0 0 0 0 0 0 0 0.8 3.1 6.5 11 16 19.6 18.6 16.7 11.7 19.4 23.2 23.4 29 36.9 31.2 30.8 30.4 29.2 27.6 24.8 23.1 20.5 18.4 18.6 18.6 22.1 27.2 32.6 38.9 45.5 51.9 58.2 63.9 69.4 74.1 76.7 82.2 90.6 101.6 111.2 122.8 134.2 144.4 155.2 162.5 154.6 146.7 140.3 132.6 128.7 125.7 121.4 119.2 118.1 116.9 116.5 113 109.3 104.7 105.5 110.2 117.5 122.2 124.7 128.4 132.8 132.7 131.6 133
