Game/Highland_Data/StreamingAssets/GeoData/Data/nr/NR77.asc
ncols 200
nrows 200
xllcorner 170000
yllcorner 670000
cellsize 50
[rows 37 to 73 of 200, columns 0 to 81 of 200]
5.1 -0.2 -0.2 -0.2 -0.2 -0.2 -0.2 -0.2 -0.2 -0.2 -0.2 -0.2 -0.2 -0.2 -0.2 -0.2 -0.2 -0.2 2.9 7.8 13.7 17.7 21.9 29 39.7 69.3 84.1 91 99 93.4 84.7 90.2 103.2 130.2 150.4 165.6 182.9 189.6 194.9 202.9 204.3 226 225.5 228.5 226.5 227 238.1 241.6 243.1 243.5 246.8 256.5 257.7 259 272.4 279.4 265.1 265 254.7 257.7 253.3 263.8 271.9 276 261.4 268.4 270.7 267.3 247.8 230.8 221.9 222.9 223.1 223.5 223.9 224.5 225.2 227 231.8 237.3 248.3 259.3
-0.2 -0.2 -0.2 -0.2 -0.2 -0.2 -0.2 -0.2 -0.2 -0.2 -0.2 -0.2 -0.2 -0.2 -0.2 -0.2 -0.2 -0.2 3.5 8.5 13.4 18 23.7 32.7 60.3 83.2 88.3 98.9 103.5 89.2 86.8 97.6 115.5 141.1 155 178.3 187.8 199.2 203.1 204.4 224.5 228.2 232.9 227.4 232.3 231.6 239.7 245.5 240.6 245.6 255.9 258.7 255.1 259.5 277.5 264.7 263.1 260.9 254.4 253 251.5 262.1 265.7 264.8 256.4 267.7 268.5 247.8 235.3 223.1 221.8 223.4 223.8 224.2 224.6 225 225.8 229.3 235 243.9 257.6 258.2
-0.2 -0.2 -0.2 -0.2 -0.2 -0.2 -0.2 -0.2 -0.2 -0.2 -0.2 -0.2 -0.2 -0.2 -0.2 -0.2 -0.2 1.9 4.2 7.2 13.9 20.2 29.6 45.6 77.2 85.9 95.7 99 106 90.1 91.5 103.4 132.7 146.7 172.6 186.6 196.9 208.8 206.3 206.6 226.6 227.1 231.9 229.7 234.3 231.7 239.8 237.7 248.2 254 272.7 258 253.1 267.7 259.9 266.2 260.5 252.8 254.1 246 250 253.6 257.1 253.4 259.6 265 244.5 232.1 223.3 222 223.1 223.8 224.5 224.9 225.3 225.8 228 233.2 241.3 252 257.5 254.6
-0.2 -0.2 -0.2 -0.2 -0.2 -0.2 -0.2 -0.2 -0.2 -0.2 -0.2 -0.2 -0.2 -0.2 -0.2 -0.2 -0.2 2.4 3.4 6.4 14 22.4 29.8 64.6 79.5 83 97.9 118.8 95.4 93.7 97.4 111.9 135.7 159.5 190.9 196.4 204.4 207.9 205.9 222.5 226.8 228.3 220.2 231.9 235.9 229 233.1 244.6 255.5 272.4 272.4 253.4 251.4 251.3 263.6 252.7 247 249.5 246.7 241.6 245.5 247.6 248.9 247.6 259.7 243.2 235 224.5 223.2 222.5 224.6 224.8 225.8 226.4 227.1 229 232.9 238.6 246.8 250 249.3 252.4
-0.2 -0.2 -0.2 -0.2 -0.2 -0.2 -0.2 -0.2 -0.2 -0.2 -0.2 -0.2 -0.2 -0.2 -0.2 -0.2 0.8 2 3.4 7.8 18.9 25.7 39.9 66 74.7 92.9 109.7 113.6 93.1 94.3 101 122.9 143.7 173.3 192 197 203.9 203.5 214.2 231.1 225.1 221.7 218.7 238.1 225.6 225.8 237.1 254.9 272.4 272.7 256.1 248.3 257.8 255.7 248.7 241.9 243.6 243.8 235.1 235.9 241.1 241 240.4 248.7 239.8 236.2 224.8 224 221.9 223.9 225.8 226.3 229.7 229.9 231.4 233.5 237.3 245.9 250.3 249.9 244.4 239.7
-0.2 -0.2 -0.2 -0.2 -0.2 -0.2 -0.2 -0.2 -0.2 -0.2 -0.2 -0.2 -0.2 -0.2 -0.2 -0.2 1.3 2 4 8.2 21.3 30.7 44.1 63.7 79.5 95.5 111 92 93.6 95.9 106.3 124.7 145.3 172.6 187.2 198.7 195.5 205.1 228 225.2 222.2 209.8 225.1 219.4 219.2 225.4 253.7 260.4 268.9 271.4 246.9 249.2 239.7 249 246.9 237.7 237.5 230.4 229.6 231.5 233.2 234.6 241.2 237.8 229.1 224 222.7 222.5 223.2 225.5 227.1 230.7 233.4 233.2 235 237.7 246.7 253.3 251.9 250.2 239.6 233.9
-0.2 -0.2 -0.2 -0.2 -0.2 -0.2 -0.2 -0.2 -0.2 -0.2 -0.2 -0.2 -0.2 -0.2 -0.2 -0.2 1.1 2.4 5.7 13.6 26.7 37.2 48.8 58.2 77.9 95.9 96.3 93.9 98.9 105.6 118.4 130.5 146.9 166.4 178.3 181.9 192.7 209.3 218.7 206.7 205 206.9 210.9 211.6 220.8 239.8 255.1 267 271 254.8 244.1 237.9 247.8 247.5 243.9 234.7 230.9 225.8 224.3 225.7 230.3 234.6 239 226.8 224.5 221.4 221.6 223 225.5 226.9 230.2 235 236.1 238.4 239.8 241.9 249 252.2 249.5 244.6 233.2 229.7
-0.2 -0.2 -0.2 -0.2 -0.2 -0.2 -0.2 -0.2 -0.2 -0.2 -0.2 -0.2 -0.2 -0.2 -0.2 0.4 1.3 2.6 7.4 19.8 29.3 40.4 50.4 59.4 77.9 88.5 83 100.3 103.8 115.9 124.6 142.4 151.6 160.6 168.8 177.3 192.9 205.3 201.8 198.7 199.8 204.8 205.9 214.8 223.2 243.6 257.6 262.7 261.9 245.3 240.3 236.6 246.6 249.4 238 233.3 233.2 224.4 220.9 226.1 228.9 231.3 222.9 221.8 220.1 222.3 223.5 224.8 226.9 228.5 234.9 237.8 239.8 242 244.1 248.1 247.7 243.1 237.8 233.8 225.1 230
-0.2 -0.2 -0.2 -0.2 -0.2 -0.2 -0.2 -0.2 -0.2 -0.2 -0.2 -0.2 -0.2 -0.2 -0.2 0.5 1.6 4.8 10.6 23.2 31.8 42.1 52.5 63.4 72 78.5 92.4 102 110.8 119.9 138.8 150.3 151.9 159.1 165.6 182.4 194.9 205.9 192.9 194.6 196.8 201 211.7 219.4 228 245.7 252.5 253.5 251.4 237.6 226.9 239.7 237.9 240.8 233.6 237.4 225.1 221.1 220.1 224.4 222.9 221.9 221.2 220.2 219.7 224.3 224.6 226.1 228.5 231.1 236.8 242.5 246.8 249.3 251.9 253.2 250.9 245.8 237.3 229.2 235.7 238
-0.2 -0.2 -0.2 -0.2 -0.2 -0.2 -0.2 -0.2 -0.2 -0.2 -0.2 -0.2 -0.2 -0.2 -0.2 -0.2 2 6.3 13.2 25.8 34.2 42.6 53.7 62.9 70.7 80.1 92.2 109.6 116.7 129.9 147.7 149.5 149.8 156.6 170.1 184.3 192.8 191.4 192.7 194 196.2 206.7 214.9 220.4 231.5 244.5 240.5 235.5 234.8 222.5 230.3 234.4 223.5 222.3 221.6 221.6 226 218.6 219.6 220.6 220.9 219.6 217.2 219.7 223.2 225.2 224.8 226.4 230.2 234.4 241.8 246.9 249.6 250.5 252.3 249.8 247.5 240.7 232.8 215.5 236.1 228.5
-0.2 -0.2 -0.2 -0.2 -0.2 -0.2 -0.2 -0.2 -0.2 -0.2 -0.2 -0.2 -0.2 -0.2 -0.2 -0.2 4 10.3 23.8 30.1 35.4 45.7 54.3 60.6 72.1 89.5 115.3 118.8 125.8 141.8 144.2 141.4 147.8 160.2 170.9 182.2 194.2 190.7 192.6 193.3 200.9 210.7 217.3 236.1 229.7 232.2 231.2 229.4 220.3 223.3 228.2 217.9 217.1 215.8 216.3 223.4 221 216.7 217.6 221.9 218.6 213.5 217.9 220.9 223 225.2 226.6 227.7 231.4 237.7 243.3 246.6 249.6 250.7 246.7 243.4 244.2 237.9 216.4 224.1 223.3 224.1
-0.2 -0.2 -0.2 -0.2 -0.2 -0.2 -0.2 -0.2 -0.2 -0.2 -0.2 -0.2 -0.2 -0.2 -0.2 1.2 4.6 12.1 24.7 30.9 38.8 46.8 54.1 60.5 86 108.3 115.9 120.9 138.1 136.2 136.5 144.8 155.3 161.9 179.2 191.1 191 190.8 191.5 194.5 204.7 216.2 227.5 227.1 229 226.1 229.3 221.2 219.9 220.5 213 211 211.5 212.5 214.2 217.5 216.1 215 219.3 217.2 211.9 215.3 219.8 221.4 223.4 225.5 227.5 229.7 232.2 236.9 241 243.2 245.4 246.1 240.8 238.4 233 226.7 223.3 212.7 214.8 219.7
-0.2 -0.2 -0.2 -0.2 -0.2 -0.2 -0.2 -0.2 -0.2 -0.2 -0.2 -0.2 -0.2 -0.2 -0.2 2.7 8.2 19.3 27.2 33 41.2 46.8 52.5 79.5 95.7 104.1 122.4 133.4 131.3 131.3 142.5 165 163.8 178 192.3 190.6 190.4 191.4 191.5 201.2 213.8 219.9 224.2 227.4 228.4 223.3 224.6 216.6 216.6 210.2 209.9 209.6 209 214.2 209.5 214.3 215 218.1 211.1 210.1 213 218.3 221.2 223.2 224 225.2 227.6 231.1 231.3 232.8 237.9 242.3 240.9 239.8 239.9 237.4 232.9 223.4 216.1 211.6 212.2 212.5
-0.2 -0.2 -0.2 -0.2 -0.2 -0.2 -0.2 -0.2 -0.2 -0.2 -0.2 -0.2 -0.2 -0.2 1.3 7.8 14.9 23.1 30 33.8 41.7 47.5 64.4 83.3 98.1 120.1 134 129.1 126 135 163.7 165 179.1 191.1 202.1 191.7 192.1 191.6 194.9 207.9 214.8 218.4 225.1 230.9 223.3 220.5 217.3 215.8 213.7 208.1 208 206.5 207.3 206.2 207.9 212.6 209.2 209.5 206.6 210 213.6 219.7 222.9 223.5 224.7 226.8 232.4 231 226.7 231.6 238.4 237.7 235.3 236.2 236.2 230.4 223.1 225.6 212.9 212.3 214.7 210
-0.2 -0.2 -0.2 -0.2 -0.2 -0.2 -0.2 -0.2 -0.2 -0.2 -0.2 -0.2 -0.2 1 4.5 11.3 20.5 26 31.5 35.8 44 51.3 70.7 90.7 110.3 125.6 123.4 124.1 127.4 160.7 165.6 171.6 192.6 204.8 194.9 199.2 193 202 199.8 211.9 216.1 223.4 225.7 222.8 223.9 219.5 218.6 218.7 210.3 206.7 207 205.1 204.6 204.7 205.5 204.3 205.2 203.4 204.6 210.2 214.3 216.7 220.6 223.8 225.2 232.3 230 224.5 225 234.9 234.2 230.7 230.7 230.6 219.7 219.5 222.9 214.8 212.9 215.8 224.9 224
-0.2 -0.2 -0.2 -0.2 -0.2 -0.2 -0.2 -0.2 -0.2 -0.2 -0.2 -0.2 0.7 2.7 7.8 14.8 23.6 27.2 33.2 40.4 46.1 55.6 80.1 104.3 113.3 117.7 118.3 122.8 147.8 160.1 167.3 189.7 200.7 194.7 200.8 195.7 206.7 206.4 204.6 211.9 228.3 221.2 221.7 224.9 221.3 220 221.6 211.7 209.3 209.3 205 203.8 203.2 203.2 206.3 203.3 199.8 204.1 208.1 212.2 215.8 220.2 223.6 225.1 229 234 224.9 221.8 225.2 227.7 220.5 221.3 218.1 216.3 214.4 223.6 215 211 213.7 221.4 227.7 222
-0.2 -0.2 -0.2 -0.2 -0.2 -0.2 -0.2 -0.2 -0.2 -0.2 -0.2 -0.2 1 4.8 10.8 20.5 26.3 29.6 34.7 39.7 48.8 63.9 91.7 106.2 111.4 111 116.6 138.1 150.3 163.2 180.1 201.1 192.4 191.7 194.9 208.7 205 204 205.5 222.5 219.8 220 223.6 224.4 219.1 217.8 215.3 212.9 218.6 210.6 205.7 204.6 204.2 202.3 200.6 198.5 201.6 205.4 211.5 221.8 225.5 226.9 225.7 227.2 234.5 229.2 225.1 218.3 225.5 222.6 213.4 210.1 207 205.8 213.2 211.1 206 220.7 215.4 219.8 224.4 217.3
-0.2 -0.2 -0.2 -0.2 -0.2 -0.2 -0.2 -0.2 -0.2 -0.2 -0.2 -0.2 3.1 8.9 20.9 23.9 26.4 29.6 34.7 42.2 54.3 74.1 95.8 103.6 106.4 108.6 129 143.6 152.4 169.5 189.2 189.7 187.6 190.8 206.8 204.1 203 204.2 212.9 218.2 219.1 220.5 224.3 220.4 219.4 219.2 215.8 217.8 226 209.1 206.7 205.5 204.3 197.9 197 203.1 204.5 216.4 229.9 227.1 227.4 228.8 229.8 230.5 228.8 225.3 224 214.4 221 215.5 208.8 208.6 208.3 203.7 205.4 204.2 210.4 208.6 218.5 222.5 225.3 209
-0.2 -0.2 -0.2 -0.2 -0.2 -0.2 -0.2 -0.2 -0.2 -0.2 -0.2 -0.2 5.2 13.7 27.6 27.9 27.7 30.1 35 46.3 63.4 81.5 94.9 99 102.5 117.3 135.1 145.3 161.3 185.2 184.1 188.6 189.5 192.8 191.9 197.4 202.5 209.9 217.4 218.9 220.1 223.2 221.4 220.3 219.7 219.9 218.4 226 217.2 210.1 207.5 204.5 199.2 195.1 200.8 204 214.6 227.5 230.4 230.9 229.6 231.7 230.6 229.6 226.8 224.4 220.4 211.4 212 207.1 207.7 208.6 206.2 201.7 201.8 204.8 212 209.2 213.9 211.7 202.7 193.8
-0.2 -0.2 -0.2 -0.2 -0.2 -0.2 -0.2 -0.2 -0.2 -0.2 -0.2 3.3 8.8 20.7 27.9 29 30 32.5 39.6 55.6 67.9 83.5 93.7 99.1 105 126.2 139.8 155.7 181.1 179.4 189 188.5 184.8 190 202.1 201.3 211.5 216.6 225 230.7 235.2 226.5 220.9 220.5 220.2 219.8 225.2 230.8 216.5 208.9 204.4 197.7 193.8 198.1 200.7 208.2 223.3 227.6 232.3 234.1 232.7 231.1 230.2 230.3 224.4 222.4 214.5 207.4 204 206.3 207.3 205.9 200.3 200.8 201 201.7 203.2 205.5 205.8 207.2 206.9 194.9
-0.2 -0.2 -0.2 -0.2 -0.2 -0.2 -0.2 -0.2 -0.2 -0.2 -0.2 6.7 18.9 24.4 25.8 28.8 32.3 36.1 44.9 59.9 73.4 86.7 100.7 100.2 113.2 129.8 144.9 176.4 177.7 180.3 188.7 180.2 185.3 205.9 202 215.9 222.4 234 233.5 236.3 225.9 221.5 221.2 220.7 221.5 221.8 225 219.4 213 200.9 195.1 191.4 194.2 195.5 202.7 217.5 225 236.1 234.5 233.4 231.9 230.8 229.8 226.6 225.3 221.7 211.8 201.5 202.5 207.1 210.7 199.2 200 210.3 203.4 203.6 203.7 204.2 214.4 213 207.1 194.7
-0.2 -0.2 -0.2 -0.2 -0.2 -0.2 -0.2 -0.2 -0.2 -0.2 3.3 15.5 22.4 25.4 26.7 28.4 31.5 37.9 55.4 62.8 77.4 91.6 98.1 101.8 119.5 137.1 164.8 171 181.8 187.2 177 179.2 197.7 199.3 213.3 221.2 226 231.8 237.3 224.5 221.7 220.8 221 222.3 226.2 222.5 220.7 215 206.3 196.5 190.8 187.1 188.7 195.5 210.5 221 233.3 234.2 232.7 232.3 232.3 231.2 230.8 231.8 220.8 217.1 200 199.1 204.2 209 196.8 199.2 201.3 208.5 206.1 207.4 203.6 205.4 209.9 203.5 202.9 195.7
-0.2 -0.2 -0.2 -0.2 -0.2 -0.2 -0.2 -0.2 -0.2 1.1 16 22.7 24.6 25.8 27.1 28.6 35 46.2 55.3 65.7 81.4 92.5 99.4 110.5 127.2 154.6 164.2 177.9 179.6 173.2 173.8 188.4 195.8 211.1 219.1 218.9 226.1 232.2 224.5 223.9 220.3 221.1 224.3 229.3 232.5 224.2 216.5 209.5 200.9 191.5 187.4 181.4 191.2 205.9 219.9 232 229.6 232 231.6 231.4 231.1 230.3 225.4 225.2 210.3 209.5 188.7 197.4 201.9 194.4 198.3 201.8 215.4 208.1 209.6 203.2 202.3 202.3 204.7 204.1 214 192.9
-0.2 -0.2 -0.2 -0.2 -0.2 -0.2 -0.2 -0.2 -0.2 10.4 29.7 25 24.9 25.7 27.1 29.9 36.5 47.3 56.4 70.9 84.2 94.7 102.7 120.9 140.1 156.6 165.6 172.7 166.7 170.7 177.3 190.3 204.8 213.7 214.3 213.8 224.4 231.2 225.2 219.7 219.5 227.9 230.4 240.3 229.4 219.2 211.2 203.4 194.6 186.4 180.4 183.9 200 215.6 232.7 239.1 238.6 235.9 230 229.8 230.9 226.3 225.3 204.5 205.6 190.2 183.7 187.2 187.9 197.2 203.1 207.6 211.1 208.5 206.8 202 199.3 198.7 198.4 211.6 213.3 183.4
-0.2 -0.2 -0.2 -0.2 -0.2 -0.2 -0.2 -0.2 7.5 35.1 28.1 26 26 26.3 29.3 33.5 41.1 53.2 61.2 71.7 87.2 99.4 115 131.8 145.5 161.2 165 161 164.1 165.2 182.8 201.5 207.7 209.3 204.9 217.6 234.4 223.5 221.4 218.4 225.3 232.2 241.9 234.1 224.1 211.4 204.9 196.1 187 180.2 176.7 190 207.5 232.1 243.2 242.2 241.1 233.8 228.9 228.3 230 221.6 222.3 201 201 183.3 181.8 181.3 206.5 213 216.2 213.1 210.3 211.2 201 201.9 196.4 193.6 203.8 211.6 196.1 172.4
-0.2 -0.2 -0.2 -0.2 -0.2 -0.2 -0.2 -0.2 23.1 37.9 26.7 27.2 27.4 28.9 32.6 37.3 48.8 58.7 66.6 78.4 96.2 110.9 124.6 139.8 150.4 162 158.8 154.4 157.1 167.9 189 198.2 198.8 204.4 202 225.7 233.8 218.9 216.4 225 229.4 239.8 237.9 226.8 214.5 203.2 195.8 187.1 178.8 171.2 181.7 196.8 222.6 241.6 243.3 237.6 238.2 227.7 221 219.5 217.6 213.5 211.1 201.1 194.2 182.2 179.1 193.7 212.3 216.2 218.2 222.9 208.3 197.9 204 199.7 194.3 191.6 200.7 197.1 186.1 162.7
-0.2 -0.2 -0.2 -0.2 -0.2 -0.2 -0.2 6.8 37 28.4 25.8 27.7 29.3 31.4 35.7 45.1 53.6 62.9 72.4 84.9 104.3 121.8 136.5 145.2 155.3 156.1 150.3 151.7 155.9 183.3 188.7 193.1 193.9 190.6 219 239.7 220.8 214.6 219.3 227.3 238.1 238.8 232 218.1 204.6 195.1 186.3 177.6 171.6 172.5 191.3 208 235.3 242.3 231.5 230.1 222.2 212.1 216.6 210.3 210 212.5 199.6 196 185.5 177.4 184.9 204.5 210 216 227.2 215.8 203 195 205.9 196.4 188.7 189.4 198.5 194 170.7 151.8
-0.2 -0.2 -0.2 -0.2 -0.2 -0.2 3.9 28.2 28.9 25.6 25.5 26.7 29 33.5 40.9 50 59.4 69 78.3 90.6 115.8 129.4 143.7 150.5 151.3 150.2 148.4 150.7 167.7 176.5 183.4 186.1 187.1 200.8 230.4 229.7 211.4 215.8 221.3 228.8 238.3 236.4 221.5 207.3 192.8 185.3 175.9 167.6 167.5 178.6 194.5 221.5 236.3 230.6 221.3 217.4 212.1 206.2 205.2 207.2 207.9 203.3 185.6 181.4 177.2 172.3 200.6 206 211.3 222.8 217 213.1 184.9 187.2 197.6 188.7 187 189.9 198.6 186.1 159.6 144
-0.2 -0.2 -0.2 -0.2 -0.2 -0.2 11.6 24.8 25.1 24.7 25.5 27.4 29.5 36.1 47.4 57.3 65.5 76.8 86.4 109.4 128.8 145 151.1 152 151.2 148.5 139.5 147.2 163.5 170.8 175.5 179.2 178 212.8 229 207.2 208.6 218.7 225.1 236.4 237.3 222.8 207.8 196.5 183.9 175.4 166.4 158.7 172.3 185.2 203.2 221.1 221.9 209.8 202.1 204.7 207.2 203.4 202.6 200.3 202 188.5 172.7 178.1 167.8 179.2 198.1 206.3 209.9 214.9 206.4 189.5 176.4 183.9 191.7 185.3 188 193.4 191.6 172.6 148.3 136.5
-0.2 -0.2 -0.2 -0.2 -0.2 5.3 19.5 23.2 25.1 24.8 25.9 28.4 33.1 43.4 53.6 63.8 75.1 84.9 94.2 111.5 129.1 145.7 151.4 148.2 149.4 139.7 134.8 144.4 160.1 163.8 163.4 167.2 185.7 214 201.2 205.5 214.6 218.3 225.6 230.5 225.7 208.6 199.8 182.3 173.9 163.1 155.7 166.6 176.7 195.1 207.9 208.3 198.9 198.5 214.7 210.8 200.1 199.9 196.8 199.4 193.6 172.3 161.8 164.8 162.6 179.5 195.7 202.2 207.5 202.9 190.7 170.8 169.5 187 190 186.8 190.5 186.1 180.9 154.3 132.2 128.5
-0.2 -0.2 -0.2 -0.2 -0.2 6.1 15.3 19.8 24 25.7 27.7 30.1 38.1 50.8 61.1 72.9 82.1 90.8 101.2 118.6 136 144.1 142.1 146.2 134.8 129.3 132.2 149.7 154.9 151.5 158.1 166.9 187.7 191.7 197.3 204.7 211.7 218.8 223.2 224.3 213.6 200 186.5 170.5 164.6 155.2 153.1 167.2 182.5 200.9 203.9 189.4 191.2 209.7 207.2 203.4 188.8 186 186.1 186.6 185.9 158.6 153.6 158.5 163.1 182 191.4 198.1 193.9 184 171.4 159.1 169.9 183 181.9 186 181.9 175.5 165.5 145.4 117.2 118.9
-0.2 -0.2 -0.2 -0.2 5.8 10.2 16.5 23.2 25 26.7 29 34.6 46.8 58 69.9 81.5 90.5 98.2 113.8 129.2 137.1 137.2 140 132.6 124 123.9 138.1 148.2 146.8 147.8 154.7 170.4 180.9 189.3 201.5 205.9 208.6 210.1 212.8 210.4 202.1 187.5 170.6 162.8 156.2 150.1 156.5 172.1 187 190.2 184.9 182.4 201.7 200.7 200.8 182 173 177.5 178.9 185.6 168.5 145.3 141.3 149.7 166.1 179.5 184.6 185.3 183.5 171.4 157 154.6 169.4 177.4 182.2 178.1 169.6 163.1 144.3 124.1 101 107.2
-0.2 -0.2 -0.2 -0.2 9.1 15.2 19 23.4 25.6 27.3 32.1 41.9 55.7 67.8 79.1 89 97.4 111.7 123.1 127.9 130.9 134.4 126.8 119.8 116.5 121.9 136.3 140.1 137.6 145.2 150.4 168.5 182.5 197.3 207.3 209.2 211 220.8 209.4 203 189.9 175.8 160.4 154.3 150 142.7 163.8 171.9 177.1 177.8 173.1 189.6 192.7 191.7 177.3 167.8 162.4 171.4 179.7 177.6 149.5 133 127.5 146.2 160 169.7 174.3 176.6 172.4 146.3 147.7 157.6 168.2 175.9 168.9 169.9 158.8 147.2 131.4 105.1 95.3 84.8
-0.2 -0.2 -0.2 6.8 8.5 14.9 19.1 23.3 26.3 30.6 39.8 51.6 64.1 76.3 86.2 96 112.1 120.2 127.5 128.8 126.6 122.2 113.6 109.6 111.5 118.8 129.4 131.1 135.1 142.5 152.6 169.6 185.7 199.2 208 213.2 216 217.2 208.4 198.8 184.3 161.6 152.2 146.7 145.8 149.5 159 160.1 163.3 165.6 172.7 181.9 180.2 167.3 159.6 154.3 156.5 175.6 173.4 164.6 135.4 124.5 126 140 153.2 164.8 168.3 162.9 144 139.4 142.5 156.1 167.1 166.9 162.4 158.8 143 127.5 102.6 96.6 77.7 58.1
-0.2 -0.2 1.8 4.4 6.6 11 20.3 24.7 28.7 36.2 48.5 60.5 70.7 80.1 93.4 107.5 117.3 124.1 126.9 128.2 116.9 110.2 108.9 103 108.6 114.6 120.1 126.8 135.2 143.4 155 172.9 187.7 201.2 212.5 216.1 223.2 216.9 201.2 185.5 170.3 150.3 144.4 138.6 143.3 158.3 156.8 147.2 149 159.8 165.8 162.5 152.8 150.6 148.8 149.1 164.6 173 159.5 139.7 124.8 120.9 124.8 133.1 150.9 152.8 151 141.8 130.7 134.8 145 157.7 161.7 167.3 157.1 143.8 126.1 102.1 90.8 84.5 57.8 36
-0.2 -0.2 -0.2 2.8 5 9.1 21.4 26.3 33.2 44.3 57.2 65.7 74 90.6 104.6 116.1 120 126 129 121 106.9 105.1 100.7 98.7 105.7 109.9 118.2 126.9 135.3 143.4 160.8 174.1 193.8 207.9 212.7 217.6 220.6 205.7 192.8 177.5 158.1 143.8 134.4 132.2 151.3 153.6 137.8 138.7 136.9 148.5 143.5 140.2 136.7 136.2 136.9 143.1 162.2 157.1 140.7 134.1 120.4 120.5 124.3 135.3 146.3 142.1 133 127.1 131.1 136.9 143 148.8 154 145.9 140.6 125 114.1 87.1 82.2 62.1 33.5 21.8
-0.2 -0.2 -0.2 1.3 4.7 9.7 25.8 30.9 42 54 64.2 72.3 88.8 102.6 114.8 121.9 122.3 122.7 120.1 106.2 101.5 97.2 94.7 99.5 102.9 108.4 118.3 126.9 135.6 145.1 164.4 179.6 198.8 203.9 210.4 212 208.4 192.3 182.9 165.4 156.2 141 124.5 139.7 147.6 133.4 131.4 132.2 125 133.5 134.2 136.5 133 133.8 140.9 141.6 135.8 127.7 121.8 120.8 119.9 119.5 120.3 130.4 134 131.3 127.6 129.6 133.9 138.7 153.6 149 147.1 135.7 117.9 108.7 88.8 77.7 70.1 43.2 21.7 20.8
