Game/Highland_Data/StreamingAssets/GeoData/Data/nr/NR85.asc
ncols 200
nrows 200
xllcorner 180000
yllcorner 650000
cellsize 50
[rows 72 to 107 of 200, columns 82 to 163 of 200]
156.7 156.2 160.2 163.7 162.4 164.4 168.4 168.7 170.3 170.9 171.1 172.1 173.9 177.1 178.1 170.7 162.1 155.4 151.1 139.9 132.2 128.4 120.1 112.7 110.9 114.5 117.9 123 128 134.3 136.4 139 138.9 136.6 143.3 144 142 138.7 132.6 125.1 124.1 123.1 121.1 118 118.2 116.1 114.6 111.6 105.2 98.1 93.6 84.3 75.2 65.2 53.7 39.2 24.4 20.3 9.5 5.8 5.8 4.6 6.5 14.3 28.4 39.1 43.8 48.1 51.6 52.7 52.5 51.5 48.8 44 32.6 24.3 15.1 5.8 5.8 1.6 0.9 -1.2
158.4 160.3 165.8 165.5 165.9 168.9 170.8 172.3 172.4 172.8 172 170.8 171 172.6 172.6 167.3 168.9 156.6 145.3 138.8 130.7 125.4 118.3 109.9 110.2 115.6 117.5 119.8 126.5 130.5 132.5 133.3 132.2 134.1 137.7 138.3 136.2 132.7 125.8 124.9 124.3 122.9 122 125.4 122.8 119.1 116.3 112.8 106.6 100.2 93 84.6 76.8 68.3 56.6 40.5 25.4 13.8 7.6 5.2 5.1 3.8 6.5 12 22.7 27.3 38.1 38.5 40 42.9 43.5 41.7 37.2 20.3 15.9 12.2 8.8 5.2 2.9 -1.2 -1.2 -1.2
162.6 166.9 168.1 168.8 172 172.5 172.7 175.2 176.5 175.1 173 172.3 170.2 167.7 164.1 165.1 163.3 153 142.6 136.1 131.5 124 115.8 108.7 112 115.7 116.2 121.2 125.1 127.4 127.8 127.1 126.6 130.6 132.5 130.6 130.4 128.5 126 125.1 124.7 126 128.1 127.1 123.3 119.8 114.5 109.4 101.8 97.3 90.1 83.6 76.4 68.2 55.7 41.4 26.1 14.4 5.8 4.8 3.9 3.7 10.8 11.6 12.1 12.9 26.2 26.8 29.6 31.5 31.9 27 13.3 6.9 6.1 6.9 5.2 2.3 -1.2 -1.2 -1.2 -1.2
169.5 171.2 172.8 176.4 175.2 174.9 174.6 175.9 176.2 175.9 175 173.9 171.5 167.5 165.8 157.7 153.3 146.8 140.5 133.8 126.3 120.8 116.6 107.8 108.8 113.4 114.7 121.1 123.7 124.7 123.1 122.1 122.7 125.3 125.4 127 127.9 127.1 126 125.7 126.3 127.3 125.8 124.1 121 116.8 109.8 103.3 94 94 87.4 80.6 72.9 63.7 53.4 39 30.6 12.7 5.1 3.6 3.2 1.9 4.5 10.2 10.2 11.5 20.4 21.4 22.9 24.3 18.6 6.9 5.5 5.1 4.4 4.8 -1.2 -1.2 -1.2 -1.2 -1.2 -1.2
171.1 177 182.5 183.5 181.2 180.3 183.1 180.5 177.5 176.6 175.9 177.9 176 169.1 163.7 159.8 155 144.8 133.9 128.7 122 120.4 112.5 106.9 107 110.2 111.4 117.8 119.1 118.9 118 117.8 118.2 119.5 121.7 125.4 126.9 126.7 125.4 125.6 127 126.8 127 123 116.7 111.5 103.8 94.4 88.3 87.6 83.8 76.3 67.7 58.3 45.3 36.4 31.2 13.4 6.3 -1.2 2.8 3.9 3.7 8.1 8 9.6 11.9 16.6 16.2 12.2 7.1 4.9 4.5 -1.2 -1.2 -1.2 -1.2 -1.2 -1.2 -1.2 -1.2 -1.2
175.1 186.1 189.3 186.5 186.2 188.5 189.3 186.1 180.1 177.8 178.1 178.7 175.3 170.7 165.5 163.9 157.3 147 136.4 127.3 118.9 114.4 111.6 110 105.2 107 109.3 114.7 116.9 116 115.4 115.2 116.1 117.5 118.7 121.9 124.5 123.9 125.4 126.7 127.6 131.7 128.1 121.8 112.1 104.1 95.8 83.7 82.6 82.2 77.3 68.8 62 49.8 41.8 35 24.4 12.7 6.3 -1.2 2.8 3.5 3 3 3.2 5.9 7.4 7.3 7.3 5.7 5.3 1.1 -1.2 -1.2 -1.2 -1.2 -1.2 -1.2 -1.2 -1.2 -1.2 -1.2
181.8 186.9 188.4 188.2 190.2 194.2 193.5 188.5 181.3 180.6 180.6 179.7 177.8 177.4 172.8 163.1 156.3 147.6 141.1 130.4 120.5 115.3 112.3 108.3 106.5 104.8 110.3 114.3 114.2 113.2 112.7 112.8 114.4 115.7 117.3 121 120.1 123.5 125 126 124.9 131.7 125.9 118.9 110.5 98.5 88.3 79.8 79 76.7 70.4 63.3 51.2 44.7 40.2 31.2 20.4 8.7 4.4 -1.2 4.4 5.2 5.2 4.5 5.4 5.7 5.3 5.6 5.1 2.5 -1.2 -1.2 -1.2 -1.2 -1.2 -1.2 -1.2 -1.2 -1.2 -1.2 -1.2 -1.2
186.8 191.1 189.8 191.8 192.2 193.3 190.9 184.4 182.5 183.3 182.8 181.8 180.6 182.6 177.8 168 155 149.7 141.8 129.9 120.5 115.9 112.2 109.7 105.4 103.8 109.2 113.3 111.8 110.1 110.3 110.5 112.5 114 115.3 114.6 118 122.1 118.3 118.4 121.5 123.1 118.8 112.8 102.3 93.6 84.2 76.1 73.6 69.9 63.5 53 47.7 45 38.4 31.1 21.7 10.1 3.9 -1.2 1.3 -1.2 -1.2 -1.2 -1.2 -1.2 -1.2 -1.2 -1.2 -1.2 -1.2 -1.2 -1.2 -1.2 -1.2 -1.2 -1.2 -1.2 -1.2 -1.2 -1.2 -1.2
189.6 192.6 201.8 198.8 199.5 194.4 187.9 185 185.1 185 184.8 183.9 181.5 179.2 175.7 167.1 156.4 149.1 141.4 128.1 123.9 115.9 111.2 107.8 106 105.9 105.6 107.1 107.5 108.1 108.3 108.3 109.5 110.6 109.6 115.6 122 120.3 114.6 111.1 113.4 113.5 110.3 102.2 94.7 86.9 76.5 73 68.6 63.4 54.6 48.9 46.9 45.1 38 29.4 20.1 12.4 -1.2 -1.2 -1.2 -1.2 -1.2 -1.2 -1.2 -1.2 -1.2 -1.2 -1.2 -1.2 -1.2 -1.2 -1.2 -1.2 -1.2 -1.2 -1.2 -1.2 -1.2 -1.2 -1.2 -1.2
191.1 192.8 200.6 202.9 201.1 196.4 191.2 188.1 188.1 187.3 187.3 186.2 182.3 176.6 173.7 166.1 159.3 153.8 140.3 129.5 126.8 116.7 115.4 110.8 107.1 107.1 103.6 104.2 106.1 106.6 106.3 106.1 105.9 106.9 111.1 118.6 118.1 112.4 109.6 102 104.2 103.7 98.7 95.2 89 79.4 70.2 67.8 62.4 54.2 48.6 46.5 45.2 45.1 35.1 27.4 12.3 4 -1.2 -1.2 -1.2 -1.2 -1.2 -1.2 -1.2 -1.2 -1.2 -1.2 -1.2 -1.2 -1.2 -1.2 -1.2 -1.2 -1.2 -1.2 -1.2 -1.2 -1.2 -1.2 -1.2 -1.2
191.6 195 198 200 198.6 194.7 192.8 193.2 192.6 192.5 192.5 189.5 182.5 177.5 172 168.3 163.8 157 142.1 130.7 125.9 122.9 120.7 114.7 108.2 108.4 101.8 103 104.7 105.2 103.9 104 103.4 104.3 112.1 112.5 110.9 104.9 100.3 95.2 95.3 92.4 88.6 86.3 80.2 72.1 66 59.3 53.4 47.8 46 41.3 39.6 33.2 29.8 20.6 6 0.9 -1.2 -1.2 -1.2 -1.2 -1.2 -1.2 -1.2 -1.2 -1.2 -1.2 -1.2 -1.2 -1.2 -1.2 -1.2 -1.2 -1.2 -1.2 -1.2 -1.2 -1.2 -1.2 -1.2 -1.2
194.1 198.7 197.8 197.5 197.2 196.8 194.7 197 197 198.1 200 196 188.8 181.4 172.1 169.5 167.6 158.3 140.6 133.7 130.2 125.4 122.9 116.6 108.6 106.8 102.6 102.8 104.4 103.8 101.5 101.5 101.8 105.1 107.6 106.9 101 97 91.7 88.1 87.3 84.5 80.7 78.1 71.9 64 58.3 48.4 46.8 43.4 39.3 35.2 29.1 22.7 7.9 6 4.4 -1.2 -1.2 -1.2 -1.2 -1.2 -1.2 -1.2 -1.2 -1.2 -1.2 -1.2 -1.2 -1.2 -1.2 -1.2 -1.2 -1.2 -1.2 -1.2 -1.2 -1.2 -1.2 -1.2 -1.2 -1.2
196 198.2 197.8 197.5 197.4 197.4 197.4 198.4 199.2 200.1 201.5 197.8 194.4 182.5 175.3 172.1 166.4 154 141.3 140.2 136.2 130.6 124.7 116.2 108.9 110.6 103.1 103.3 104.6 103.1 98.9 99.3 100.9 102.4 101.1 98.7 94.2 88.6 83.1 81 78.4 76.9 74.4 70.4 62.8 54.7 45.7 44.1 40.9 36.7 31.4 25.8 19.9 7.4 6.1 3.9 -1.2 -1.2 -1.2 -1.2 -1.2 -1.2 -1.2 -1.2 -1.2 -1.2 -1.2 -1.2 -1.2 -1.2 -1.2 -1.2 -1.2 -1.2 -1.2 -1.2 -1.2 -1.2 -1.2 -1.2 -1.2 -1.2
196 197.9 197.8 197.6 197.5 197.5 197.8 199 199.2 199.5 197.7 197.6 194.5 187.8 180.6 175.6 167.3 152.3 150 141.4 137 134 126.7 115.1 109.8 109.3 102.5 102.4 101.3 97.9 97 97 97.8 97 95.8 91.3 84.2 81.3 74.3 73.4 71.5 69.5 67.4 63.3 55.7 44.4 40.2 38.1 34.1 28.8 23.6 18 9 5.9 2.1 -1.2 -1.2 -1.2 -1.2 -1.2 -1.2 -1.2 -1.2 -1.2 -1.2 -1.2 -1.2 -1.2 -1.2 -1.2 -1.2 -1.2 -1.2 -1.2 -1.2 -1.2 -1.2 -1.2 -1.2 -1.2 -1.2 -1.2
197.9 199.3 199.2 197.8 197.6 197.4 197.7 198.1 196.6 195.1 194.9 194.8 190.7 187.9 185 174.4 163.6 163.4 153 143.7 139.2 130.9 125 118.3 109.6 108.2 103.9 98 98.3 97.9 96.4 94.4 93 92.2 86 81.6 77.3 73.9 67.7 66 64.7 62.5 59.4 54.9 46.9 37.8 35.7 31.5 27.3 21.1 13.7 7.7 4.8 -1.2 -1.2 -1.2 -1.2 -1.2 -1.2 -1.2 -1.2 -1.2 -1.2 -1.2 -1.2 -1.2 -1.2 -1.2 -1.2 -1.2 -1.2 -1.2 -1.2 -1.2 -1.2 -1.2 -1.2 -1.2 -1.2 -1.2 -1.2 -1.2
199.9 199.7 199.6 196.4 195.6 197.7 197.8 195.9 194.8 193.1 192.5 190.4 189.6 188.4 182.6 174 167.8 164.2 153.6 144.8 136.2 130.2 126 117.7 108.9 108.7 106 99.9 96.6 98.9 95.9 92 89.5 83.2 79.9 75.2 70.5 65.1 63.2 62.1 60.4 56.6 51.1 43.6 34.3 32.7 28.4 24.6 19.9 7.7 4.5 -1.2 -1.2 -1.2 -1.2 -1.2 -1.2 -1.2 -1.2 -1.2 -1.2 -1.2 -1.2 -1.2 -1.2 -1.2 -1.2 -1.2 -1.2 -1.2 -1.2 -1.2 -1.2 -1.2 -1.2 -1.2 -1.2 -1.2 -1.2 -1.2 -1.2 -1.2
206.6 198.3 194.9 191 193.4 195.6 194.3 194.5 193.2 191.5 190.5 189.3 187.5 185.2 177.3 172.4 171.6 162.6 156.4 148.2 137.2 132.2 125.1 112.9 108.2 107.2 105.4 101.9 97.4 97.9 92.9 89.9 82.2 75.9 74.3 72.8 66.5 62.1 60.4 58.5 54.5 48.4 40.1 35.4 31.5 28 20.9 17 6.3 4.3 -1.2 -1.2 -1.2 -1.2 -1.2 -1.2 -1.2 -1.2 -1.2 -1.2 -1.2 -1.2 -1.2 -1.2 -1.2 -1.2 -1.2 -1.2 -1.2 -1.2 -1.2 -1.2 -1.2 -1.2 -1.2 -1.2 -1.2 -1.2 -1.2 -1.2 -1.2 -1.2
210.8 207.1 187.2 185.1 187.2 188 189.4 190 189.7 190.2 190.5 188.9 183.8 179 175.5 175 170.1 163.9 154.3 147.4 137.6 132.2 124.7 114.2 107.2 106.5 105.6 103 97.9 90.8 88.9 83.4 75.1 66.9 70 67.2 60.8 60 57.4 54.7 47.8 40.8 35.8 32.4 29.2 25.9 21.8 7.2 4.2 -1.2 -1.2 -1.2 -1.2 -1.2 -1.2 -1.2 -1.2 -1.2 -1.2 -1.2 -1.2 -1.2 -1.2 -1.2 -1.2 -1.2 -1.2 -1.2 -1.2 -1.2 -1.2 -1.2 -1.2 -1.2 -1.2 -1.2 -1.2 -1.2 -1.2 -1.2 -1.2 -1.2
204.4 199.5 186.5 181 183.6 181.4 182.5 182.1 185.1 189.2 188.7 183.2 180.6 177.7 176.2 174.2 170 163.5 155.4 148.1 135.5 127.3 119.7 113.2 108.1 107.1 106.4 105.5 103.6 93.9 87.1 79 78.8 73.3 67.6 58.9 58.7 57.6 54.1 49.8 44.1 36.7 33.5 29.8 26.1 19.8 16.9 4.8 -1.2 -1.2 -1.2 -1.2 -1.2 -1.2 -1.2 -1.2 -1.2 -1.2 -1.2 -1.2 -1.2 -1.2 -1.2 -1.2 -1.2 -1.2 -1.2 -1.2 -1.2 -1.2 -1.2 -1.2 -1.2 -1.2 -1.2 -1.2 -1.2 -1.2 -1.2 -1.2 -1.2 -1.2
194.9 190.4 182.8 177 176.9 179 177.7 176.6 184.1 181.2 181.7 181.5 179.3 178 176.5 172 165.6 160.5 152.9 147.8 131.4 119.9 113.6 113.3 107.7 105.9 107.4 110.6 104.1 92 85.9 82 79.2 76.6 71.3 61 57 54.8 51.3 45.3 40 36.1 30.6 25.1 19.7 6.9 5.3 1.6 -1.2 -1.2 -1.2 -1.2 -1.2 -1.2 -1.2 -1.2 -1.2 -1.2 -1.2 -1.2 -1.2 -1.2 -1.2 -1.2 -1.2 -1.2 -1.2 -1.2 -1.2 -1.2 -1.2 -1.2 -1.2 -1.2 -1.2 -1.2 -1.2 -1.2 -1.2 -1.2 -1.2 -1.2
189.4 180.4 176.7 171.8 164.9 168.7 166 173.4 175.2 178.2 181.4 176.8 177 181.4 179 169.3 164.4 157.1 150.3 141.6 130.3 113.8 109.6 112 106.3 105.2 110.5 112.7 110.4 88.9 84.8 80.5 77.8 74.8 69.2 62.1 58.5 52 42.8 40.2 36.9 31.6 26.8 20.6 14.6 6.5 3 -1.2 -1.2 -1.2 -1.2 -1.2 -1.2 -1.2 -1.2 -1.2 -1.2 -1.2 -1.2 -1.2 -1.2 -1.2 -1.2 -1.2 -1.2 -1.2 -1.2 -1.2 -1.2 -1.2 -1.2 -1.2 -1.2 -1.2 -1.2 -1.2 -1.2 -1.2 -1.2 -1.2 -1.2 -1.2
175.2 169 170 167.9 158.2 155.2 161.7 167.1 169.6 178.3 175.9 170.8 176.4 177.1 171 168.5 163.8 156.5 146.3 137.7 123.4 110.3 106.7 108.5 105.4 104.3 109.1 111.9 105.4 90.8 83.6 80.4 77.7 74.7 67.3 59.6 53.3 46.3 39.1 25.2 31.3 27 22.4 17 8.3 5.2 0.8 -1.2 -1.2 -1.2 -1.2 -1.2 -1.2 -1.2 -1.2 -1.2 -1.2 -1.2 -1.2 -1.2 -1.2 -1.2 -1.2 -1.2 -1.2 -1.2 -1.2 -1.2 -1.2 -1.2 -1.2 -1.2 -1.2 -1.2 -1.2 -1.2 -1.2 -1.2 -1.2 -1.2 -1.2 -1.2
168.5 160.4 162.4 155.5 150.9 151.7 158.5 163.4 163.5 169.2 165.8 165 168 166.5 167 164.2 162 155.6 139.8 132.4 120.5 109.6 103.9 105 102.6 102.2 106.2 105.8 99.8 87.7 83.2 82.1 80.5 73.4 67 58.2 51.7 43 38.6 32.3 14.5 22.5 18 6.2 5.5 1.3 -1.2 -1.2 -1.2 -1.2 -1.2 -1.2 -1.2 -1.2 -1.2 -1.2 -1.2 -1.2 -1.2 -1.2 -1.2 -1.2 -1.2 -1.2 -1.2 -1.2 -1.2 -1.2 -1.2 -1.2 -1.2 -1.2 -1.2 -1.2 -1.2 -1.2 -1.2 -1.2 -1.2 -1.2 -1.2 -1.2
161.1 157.8 155 150.4 146.3 146.8 151.3 154.4 159.7 158.7 155.5 161.5 160.7 160.1 159.7 159.1 156.3 146.4 136.8 125.5 116.9 105.1 102.3 102.4 99.5 98.9 100 98.3 93.4 84.5 82.1 80.8 77.3 72.8 66.2 58.2 51.6 42.1 33.1 28.5 19.9 6.3 6.6 5.8 2.8 -1.2 -1.2 -1.2 -1.2 -1.2 -1.2 -1.2 -1.2 -1.2 -1.2 -1.2 -1.2 -1.2 -1.2 -1.2 -1.2 -1.2 -1.2 -1.2 -1.2 -1.2 -1.2 -1.2 -1.2 -1.2 -1.2 -1.2 -1.2 -1.2 -1.2 -1.2 -1.2 -1.2 -1.2 -1.2 -1.2 -1.2
163.3 159 154.4 149.8 146.6 141.4 141.9 146.7 148.8 149.4 151.5 154.6 153.1 155 154.1 153.1 147.2 137.7 131.5 119.7 111.6 100 102.5 99.3 96.1 93.9 93.3 91.1 86.8 82.2 79.7 76.9 74.8 69.6 63 55.4 50.5 42.5 32.8 23 7 5.3 3.1 -1.2 -1.2 -1.2 -1.2 -1.2 -1.2 -1.2 -1.2 -1.2 -1.2 -1.2 -1.2 -1.2 -1.2 -1.2 -1.2 -1.2 -1.2 -1.2 -1.2 -1.2 -1.2 -1.2 -1.2 -1.2 -1.2 -1.2 -1.2 -1.2 -1.2 -1.2 -1.2 -1.2 -1.2 -1.2 -1.2 -1.2 -1.2 -1.2
164.2 160.4 155.6 150 145.6 141.9 137.1 138.3 140.1 141 148.7 151.4 148.6 147.1 151.1 143.9 136.3 130.2 121 115.8 107 96.4 96.4 93.9 91.2 87.5 86.8 84.8 80.3 78.1 75.8 73.8 70.9 65.5 57.9 52.6 47.9 41.8 31 20.5 5.8 3.5 -1.2 -1.2 -1.2 -1.2 -1.2 -1.2 -1.2 -1.2 -1.2 -1.2 -1.2 -1.2 -1.2 -1.2 -1.2 -1.2 -1.2 -1.2 -1.2 -1.2 -1.2 -1.2 -1.2 -1.2 -1.2 -1.2 -1.2 -1.2 -1.2 -1.2 -1.2 -1.2 -1.2 -1.2 -1.2 -1.2 -1.2 -1.2 -1.2 -1.2
169.3 165.6 159.8 153.6 147.2 139.5 134.6 133.2 134 136.9 140.2 142 140.1 138.9 140.3 132.8 127.3 120.8 115.9 111 101.6 89.9 91.6 89.2 85.4 80.7 79 77.4 74.7 73.6 71.5 69.8 66.1 59.1 54.6 50.7 45.4 39.3 29.9 13.5 6.1 2.1 -1.2 -1.2 -1.2 -1.2 -1.2 -1.2 -1.2 -1.2 -1.2 -1.2 -1.2 -1.2 -1.2 -1.2 -1.2 -1.2 -1.2 -1.2 -1.2 -1.2 -1.2 -1.2 -1.2 -1.2 -1.2 -1.2 -1.2 -1.2 -1.2 -1.2 -1.2 -1.2 -1.2 -1.2 -1.2 -1.2 -1.2 -1.2 -1.2 -1.2
172 169.2 164.1 157.2 147.7 138.5 131.2 126.7 124.9 129.2 131.6 133 131.4 131.8 128.3 123.3 117.2 113.4 109.2 102.4 95.6 80.9 87.4 84.9 79.3 74.4 71.9 71.2 71.8 68.5 66.6 63.7 59.6 55.3 53.2 49.4 43.1 37.2 26.3 11.8 5.1 1.2 -1.2 -1.2 -1.2 -1.2 -1.2 -1.2 -1.2 -1.2 -1.2 -1.2 -1.2 -1.2 -1.2 -1.2 -1.2 -1.2 -1.2 -1.2 -1.2 -1.2 -1.2 -1.2 -1.2 -1.2 -1.2 -1.2 -1.2 -1.2 -1.2 -1.2 -1.2 -1.2 -1.2 -1.2 -1.2 -1.2 -1.2 -1.2 -1.2 -1.2
172.1 170.7 165.4 157.7 151.4 138.5 132.1 126 115.1 122.7 123.7 123.8 124.1 123.5 119.7 115.2 109.4 108.2 102.5 95.8 88.1 78.4 83.2 79.6 73.6 67.6 66.5 67.8 67.2 64.1 62.1 60 57 54.4 51.7 47.3 40.7 32.7 24.3 7 3.6 -1.2 -1.2 -1.2 -1.2 -1.2 -1.2 -1.2 -1.2 -1.2 -1.2 -1.2 -1.2 -1.2 -1.2 -1.2 -1.2 -1.2 -1.2 -1.2 -1.2 -1.2 -1.2 -1.2 -1.2 -1.2 -1.2 -1.2 -1.2 -1.2 -1.2 -1.2 -1.2 -1.2 -1.2 -1.2 -1.2 -1.2 -1.2 -1.2 -1.2 -1.2
170.3 169.1 163.3 159.3 149.7 139.1 133.7 128.7 121.1 108.3 114.9 116.2 116.7 114.7 111.1 108.7 106.4 103 93.8 88.2 78.9 78.2 78.8 74.6 67.8 63.5 62.1 64.3 62.6 60 58.8 57.2 56 52.8 48.8 42.8 36.5 28.5 20.8 6.2 1.6 -1.2 -1.2 -1.2 -1.2 -1.2 -1.2 -1.2 -1.2 -1.2 -1.2 -1.2 -1.2 -1.2 -1.2 -1.2 -1.2 -1.2 -1.2 -1.2 -1.2 -1.2 -1.2 -1.2 -1.2 -1.2 -1.2 -1.2 -1.2 -1.2 -1.2 -1.2 -1.2 -1.2 -1.2 -1.2 -1.2 -1.2 -1.2 -1.2 -1.2 -1.2
166 164.3 160.8 155.3 148.6 138.3 133.1 127.9 122.7 114.2 103.6 107.4 104.2 103.4 102.6 98.9 100.4 94 87.2 78.5 72.8 76.4 73.4 69 62.1 61.9 59.4 60.2 58 56.8 55.8 56.4 55.5 53.3 46.9 41.7 35.5 27 19.7 9.9 -1.2 -1.2 -1.2 -1.2 -1.2 -1.2 -1.2 -1.2 -1.2 -1.2 -1.2 -1.2 -1.2 -1.2 -1.2 -1.2 -1.2 -1.2 -1.2 -1.2 -1.2 -1.2 -1.2 -1.2 -1.2 -1.2 -1.2 -1.2 -1.2 -1.2 -1.2 -1.2 -1.2 -1.2 -1.2 -1.2 -1.2 -1.2 -1.2 -1.2 -1.2 -1.2
163.3 160.2 155.9 154.7 145.5 138 132.2 126.7 121.6 114.6 98.5 94.6 97.6 92.2 91.2 91.4 90.7 86.2 78.6 66.7 69.2 71 68.4 64.9 57.1 58.6 55.9 56 55.4 54 54.7 54.6 54 49.6 44 40.5 32.6 24 17.9 7.1 -1.2 -1.2 -1.2 -1.2 -1.2 -1.2 -1.2 -1.2 -1.2 -1.2 -1.2 -1.2 -1.2 -1.2 -1.2 -1.2 -1.2 -1.2 -1.2 -1.2 -1.2 -1.2 -1.2 -1.2 -1.2 -1.2 -1.2 -1.2 -1.2 -1.2 -1.2 -1.2 -1.2 -1.2 -1.2 -1.2 -1.2 -1.2 -1.2 -1.2 -1.2 -1.2
160.5 156.7 152.2 148.8 141.1 136.7 131.4 125.1 119.9 112.5 98.8 92.3 94 87 78.2 80.4 77.6 70.5 63.4 60 62.7 64.3 62.1 60.6 54.3 55.1 52 53.7 52.9 53.3 52.2 52 50.2 48 42.7 35.1 27.5 19.1 10 5.7 -1.2 -1.2 -1.2 -1.2 -1.2 -1.2 -1.2 -1.2 -1.2 -1.2 -1.2 -1.2 -1.2 -1.2 -1.2 -1.2 -1.2 -1.2 -1.2 -1.2 -1.2 -1.2 -1.2 -1.2 -1.2 -1.2 -1.2 -1.2 -1.2 -1.2 -1.2 -1.2 -1.2 -1.2 -1.2 -1.2 -1.2 -1.2 -1.2 -1.2 -1.2 -1.2
161.7 157.4 151.6 145.1 138.4 135.1 129.4 121.1 116.5 110.9 100.8 87.6 90.1 86.6 77 69.7 66.7 62.8 59.5 55.2 56.9 59.3 58.8 56.5 51.8 51.5 47.9 51.7 50.3 49.8 49.5 49.2 48.5 45.8 37.2 29.4 22.1 15.7 5.6 -1.2 -1.2 -1.2 -1.2 -1.2 -1.2 -1.2 -1.2 -1.2 -1.2 -1.2 -1.2 -1.2 -1.2 -1.2 -1.2 -1.2 -1.2 -1.2 -1.2 -1.2 -1.2 -1.2 -1.2 -1.2 -1.2 -1.2 -1.2 -1.2 -1.2 -1.2 -1.2 -1.2 -1.2 -1.2 -1.2 -1.2 -1.2 -1.2 -1.2 -1.2 -1.2 -1.2
162.6 157.2 151.8 145.2 140.5 135.7 130.4 126.4 121.3 115.3 107.8 95.3 81.8 74.1 73.1 66.2 59.1 56.2 54.5 52.6 52.3 53.8 55 53.2 48.2 47.9 46.1 48.1 48 47.3 46.2 46.2 47.7 43.2 34 25.6 19.6 9.6 2.6 -1.2 -1.2 -1.2 -1.2 -1.2 -1.2 -1.2 -1.2 -1.2 -1.2 -1.2 -1.2 -1.2 -1.2 -1.2 -1.2 -1.2 -1.2 -1.2 -1.2 -1.2 -1.2 -1.2 -1.2 -1.2 -1.2 -1.2 -1.2 -1.2 -1.2 -1.2 -1.2 -1.2 -1.2 -1.2 -1.2 -1.2 -1.2 -1.2 -1.2 -1.2 -1.2 -1.2
162.7 156.7 152 146 142.2 137.2 132.4 128 123.7 117.8 108.9 101.7 88.6 74.9 60.7 59.4 51.1 49 48.4 49.2 47.8 46.7 50.7 51.1 47.5 42.7 43.6 45.7 45.7 44.2 42.5 43.5 43 39.1 29.9 23.4 13.2 5.5 -1.2 -1.2 -1.2 -1.2 -1.2 -1.2 -1.2 -1.2 -1.2 -1.2 -1.2 -1.2 -1.2 -1.2 -1.2 -1.2 -1.2 -1.2 -1.2 -1.2 -1.2 -1.2 -1.2 -1.2 -1.2 -1.2 -1.2 -1.2 -1.2 -1.2 -1.2 -1.2 -1.2 -1.2 -1.2 -1.2 -1.2 -1.2 -1.2 -1.2 -1.2 -1.2 -1.2 -1.2
