Game/Highland_Data/StreamingAssets/GeoData/Data/nr/NR86.asc
ncols 200
nrows 200
xllcorner 180000
yllcorner 660000
cellsize 50
[rows 108 to 143 of 200, columns 0 to 81 of 200]
128.2 124.5 121.1 112.2 118.4 114.4 111.7 107.7 111.1 114.8 116 115 109.1 98 84.4 70.7 64.1 62.7 63.1 64.5 58.8 49.4 46 41.3 36.1 28.5 17.8 18.8 20.3 23 28.6 46 59.1 63.7 58.5 56.8 55.1 44 28.5 18.7 16.2 8.6 -0.5 -0.5 -0.5 -0.5 -0.5 -0.5 -0.5 -0.5 -0.5 -0.5 -0.5 -0.5 -0.5 -0.5 -0.5 -0.5 -0.5 -0.5 4 7.6 9.3 11.7 10.6 9.2 16.7 18.2 20.2 24.4 24.3 27.6 37.3 37.7 33.7 29.6 30 32.1 37.5 48.9 54.8 58.5
127.6 123.4 117.5 113.1 106.1 109.9 107.5 106.8 110.8 114.3 116.1 115 108.3 96.6 82.5 67.8 59.4 57.3 55 56.7 48 45.4 43.4 38.6 35.6 30 26 14 15.6 21.3 34.1 55.6 64.9 56.4 54.5 53.5 49.8 34.9 18.6 15.4 11.2 -0.5 -0.5 -0.5 -0.5 -0.5 -0.5 -0.5 -0.5 -0.5 -0.5 -0.5 -0.5 -0.5 -0.5 -0.5 -0.5 -0.5 -0.5 -0.5 5.7 7.5 7.9 9.8 9.4 9.5 17.2 20.2 24.2 26.3 28.5 30.5 38.5 33.8 31.3 30.2 34.9 43.3 51.3 62.7 67.5 72
129.4 125.5 119.2 113.7 108 100.9 101 105.7 112 117 121.9 117.5 110 98.7 82.8 65.7 55 51.1 50.5 47.2 44.7 44.2 40.5 34.8 30.8 26.7 21.4 13.7 12.6 18.3 37 51.9 61.8 53 50.9 50.5 34.8 23.3 17.4 13.9 7 -0.5 -0.5 -0.5 -0.5 -0.5 -0.5 -0.5 -0.5 -0.5 -0.5 -0.5 -0.5 -0.5 -0.5 -0.5 -0.5 -0.5 -0.5 1.8 5.6 6.8 9 10.4 9.2 10.5 18.6 23.2 26.7 27.7 30.1 31.7 34.6 29.4 29 33.1 41.4 51.1 61.1 70.3 75.8 81.4
130.8 127.1 121.5 115.9 109.3 103.4 93.5 101.5 113 122.9 131.7 121.5 113.9 97.2 78.7 60.8 53.3 49.8 47 44.1 41.7 40.9 36.3 30.7 26.5 20.8 14.5 10.8 11.1 17 37.1 44.9 48.4 48.3 47.5 37.7 23.4 18.7 16.5 10 -0.5 -0.5 -0.5 -0.5 -0.5 -0.5 -0.5 -0.5 -0.5 -0.5 -0.5 -0.5 -0.5 -0.5 -0.5 -0.5 -0.5 -0.5 2.8 4 6.1 7.4 8.1 9.3 9.2 14.1 22.6 25.9 26.8 28.3 30.6 31.3 28.1 24.7 33 43.5 51 59.2 66.5 73.6 84.3 87.6
133.8 130.1 124.7 120.1 111.4 102.7 93.3 98.1 114.4 130.5 134.1 125.4 113.9 93.9 73.6 56.8 51.4 49.2 49.5 44.1 41.4 38.5 33 27 21.1 13.5 12.5 9.7 9.1 18.4 34.5 40.3 42.5 42.8 41.2 26.7 16 20.2 17 9.7 -0.5 -0.5 -0.5 -0.5 -0.5 -0.5 -0.5 -0.5 -0.5 -0.5 -0.5 -0.5 -0.5 -0.5 -0.5 -0.5 -0.5 2.4 4.4 5.8 8.2 7.1 7 8.7 8.5 15.2 22 25.8 24.7 25.4 27.2 26.4 22.7 30.2 42.1 51.8 59.8 67.4 68.9 77.3 82.4 88.5
133.9 132.8 129 121.9 112.6 98 94.1 96.1 112.9 127.6 128.7 118.7 105.2 86.1 65.1 53.2 47.4 48.2 50.1 49.9 40.9 38.4 30.6 23 14.7 12.8 10.3 8.8 8.5 20.8 32.1 33.9 34.3 35.5 31.9 16.9 13.2 18.6 15.1 9.2 -0.5 -0.5 -0.5 -0.5 -0.5 -0.5 -0.5 -0.5 -0.5 -0.5 -0.5 -0.5 -0.5 -0.5 -0.5 -0.5 -0.5 4.4 5.8 6.5 6.3 7.1 7.2 6.8 14.9 17.6 20.8 23 23 23.7 25.1 23.5 28.7 35.5 45.8 56.3 66.6 75 72.1 72.6 79.8 84.6
130.3 126.8 123.5 120.1 110.2 92.3 95.1 98.2 99.7 109.5 110.2 105.2 93.8 75.6 59.8 48.9 43.9 45.2 46.3 48.7 41.6 33.8 29 20.9 12.7 10.4 9.5 7.9 9.5 15.6 23.1 27 28.4 30 20.1 9.9 9.1 13.8 13.9 -0.5 -0.5 -0.5 -0.5 -0.5 -0.5 -0.5 -0.5 -0.5 -0.5 -0.5 -0.5 -0.5 -0.5 -0.5 -0.5 -0.5 2.9 5.2 6.6 6.9 6.3 6.3 7 7.9 14.6 17.5 19.3 20.7 21.4 21.5 25 34.1 38.1 46.7 56 61.6 72.8 79.2 70.6 69 78 71.5
126.8 117.9 118.2 111.9 96.3 91.5 97.2 94.1 98.9 99.1 99.4 94.3 84.3 69.3 56.2 45.3 41.9 42.7 43 41 33.4 26 19.6 13.2 10.7 6.8 7.5 7.9 10.3 13.9 17.9 20.1 21.2 18.2 10.8 5.6 6.7 9.8 -0.5 -0.5 -0.5 -0.5 -0.5 -0.5 -0.5 -0.5 -0.5 -0.5 -0.5 -0.5 -0.5 -0.5 -0.5 -0.5 -0.5 1.5 4 5.3 6.3 6.1 6 6.1 6.7 11.7 11.6 13.6 19.6 18.4 18 20.7 29.3 41 44.7 51.3 61.8 65.8 75 70.7 65.1 69.3 67.2 73.9
122.4 111.8 110.1 101.7 88.4 86.5 88.2 95.7 103.2 100.8 93.7 87.2 74.2 61.8 50.9 43.8 40.8 40.6 37.3 33.9 26.8 15.5 11.4 9.6 7.8 2.5 4.6 5.9 8.5 11.6 11.9 11 10.8 5.5 4.8 1.9 2.1 4.9 -0.5 -0.5 -0.5 -0.5 -0.5 -0.5 -0.5 -0.5 -0.5 -0.5 -0.5 -0.5 -0.5 -0.5 -0.5 -0.5 1.6 2.7 4.6 4.6 4.9 4.7 5.4 6 6 8.5 7.2 10.3 12.7 13.8 17 27.4 36.1 42.8 46.3 54.1 61.5 68.5 64.7 60.9 61.7 62.3 69.4 74.5
118.3 102.4 99 91 84.3 81.5 86.6 98.6 111.3 107.8 97 83.5 70.1 57.7 47.1 42 38.9 37 33.9 30.4 20.4 8.5 6.2 7.6 4.3 2.4 2.8 3.3 6.5 9 8.6 6.6 5.3 3.2 1.4 1.2 -0.5 -0.5 -0.5 -0.5 -0.5 -0.5 -0.5 -0.5 -0.5 -0.5 -0.5 -0.5 -0.5 -0.5 -0.5 -0.5 -0.5 -0.5 3.3 3 3.1 3.5 4.1 5 5.3 6.3 7.3 7.2 7.1 8.2 9.2 12.6 24.2 34.3 42.3 46.7 46.9 53 63.8 63.2 56 57.2 59.8 65.8 70.9 76.1
115.1 93.5 88.2 86.4 82.2 80.2 89.7 103.4 128 113.4 94.5 79.3 66.6 55.3 47.1 41.2 36.9 34.1 30.2 24.3 10.8 7.3 6.4 4.2 2.6 2.3 3.4 6.9 10.9 10.4 8.7 5.4 2.9 1.8 1.3 2.2 -0.5 -0.5 -0.5 -0.5 -0.5 -0.5 -0.5 -0.5 -0.5 -0.5 -0.5 -0.5 -0.5 -0.5 -0.5 -0.5 -0.5 -0.5 3.1 2.4 2.6 2.5 4.5 4.4 5.7 6.4 8.3 8.9 10.3 10.8 10.7 12.4 28.2 39 42.3 44.6 42.7 51.1 54.7 53.3 54.9 57.8 63.1 68.3 72.8 80.3
95.1 86.5 85.8 85 80.7 82.6 93.3 106.3 116.7 103 88.6 75.5 63.4 56.2 49.2 42.6 36.7 31.4 25.1 13.2 7.7 6.6 4.1 3 2.3 1.9 4.9 10.3 14.2 10 7.5 4.2 2.2 1.6 1.3 1.8 -0.5 -0.5 -0.5 -0.5 -0.5 -0.5 -0.5 -0.5 -0.5 -0.5 -0.5 -0.5 -0.5 -0.5 -0.5 -0.5 -0.5 -0.5 3 2.4 2.3 2.7 3 2.5 5 8 11.6 12.5 14.7 11.9 12.7 17.1 30.6 32.7 39.6 44.2 49.9 51.3 51.7 53.7 56.5 60.2 65.3 70.1 74.4 87.5
88 85.5 84.7 82.5 78.8 84.4 94.3 104.7 107.6 97.2 84.3 72.9 61.6 57.9 51.7 43.5 36 28.6 18.7 8.8 7.3 6.4 3.2 2.3 1.8 1.4 4.6 10.8 12.3 8 4.9 3.8 1.5 -0.5 -0.5 -0.5 -0.5 -0.5 -0.5 -0.5 -0.5 -0.5 -0.5 -0.5 -0.5 -0.5 -0.5 -0.5 -0.5 -0.5 -0.5 -0.5 -0.5 3.3 2.1 2.1 1.9 2.1 1.8 4.1 5.4 7.9 12.7 13.6 13.9 14.5 14.9 23.5 30.5 37 42.7 48.7 50.9 51.2 52.9 55.9 59.1 63 68.5 73 83.3 90.1
87.2 85.3 83.2 79.2 75 85.1 94.3 101.6 98.4 91.7 82.7 72.2 65.5 63.6 53 43.4 34.6 24.4 14.6 7.4 5.7 3.5 2.3 1.4 1.2 1.2 3.9 7.2 6.5 4.5 4 4.9 -0.5 -0.5 -0.5 -0.5 -0.5 -0.5 -0.5 -0.5 -0.5 -0.5 -0.5 -0.5 -0.5 -0.5 -0.5 -0.5 -0.5 -0.5 -0.5 -0.5 4.1 1.3 1.3 1.6 1.6 2.8 3.3 3.5 4.5 8.2 12 13.2 15.6 19.5 20.1 24.9 32.9 42.5 52.1 53.3 53.1 53.9 55.7 59 61.7 66.8 71.9 78.2 86 95.3
86.3 83.9 79.4 74.3 72.3 83.2 94.2 95.4 94.1 89 82.5 73.9 72.3 64.5 53.4 41 31.6 21.2 10.6 5.5 1.9 1.4 1.3 1.5 1.3 -0.5 2.4 6.3 5.5 3 3.2 -0.5 -0.5 -0.5 -0.5 -0.5 -0.5 -0.5 -0.5 -0.5 -0.5 -0.5 -0.5 -0.5 -0.5 -0.5 -0.5 -0.5 -0.5 -0.5 -0.5 -0.5 1.8 0.9 0.8 0.5 -0.5 1.6 2.4 3.7 4.4 7.4 11.6 16.4 22.9 25.4 22.5 27.1 36 47.5 58.7 51.3 51.7 53.9 58.6 62.1 64.3 71.2 77 85.9 89.8 106.4
84.7 80.3 75.8 70.6 68.3 76.2 87.1 91.1 89.4 88 83.5 80.5 77.6 64.3 50 38.7 29 18.5 7.2 5.6 1.2 1.3 1.7 2.4 2.7 -0.5 2.3 6.2 1.7 2.2 -0.5 -0.5 -0.5 -0.5 -0.5 -0.5 -0.5 -0.5 -0.5 -0.5 -0.5 -0.5 -0.5 -0.5 -0.5 -0.5 -0.5 -0.5 -0.5 -0.5 -0.5 -0.5 -0.5 -0.5 0.2 -0.5 -0.5 0.9 2.7 4.3 4.3 5.9 12.9 24.8 28.6 27.4 27.5 32.8 37.6 49.6 47.9 48.6 54.8 59 60.5 64.7 68.8 77 83.7 93.2 103.4 113.7
81.6 76.8 72.2 68.6 66.4 74.4 83.1 90.6 91.2 91.2 88.7 86.3 77.6 60.9 44.3 32.5 22.6 11.5 6.4 1.3 1.3 1.2 1.9 2.7 -0.5 -0.5 4 -0.5 -0.5 -0.5 -0.5 -0.5 -0.5 -0.5 -0.5 -0.5 -0.5 -0.5 -0.5 -0.5 -0.5 -0.5 -0.5 -0.5 -0.5 -0.5 -0.5 -0.5 -0.5 -0.5 -0.5 -0.5 -0.5 -0.5 -0.5 -0.5 -0.5 1 3.1 4.3 4.1 8.8 19.5 26.9 30.6 32.7 32.3 34.3 38.5 41.4 46.5 54.7 60.2 65.9 67.1 69 74.3 83.7 91.3 101.2 112.8 118.9
77 72.7 68.5 64.7 67 79.3 87.4 93.2 93.5 92.7 91.7 91.1 75.7 56.1 39.3 24.8 15.3 8.2 3.7 1.4 0.3 0.3 0.5 0.4 -0.5 -0.5 -0.5 -0.5 -0.5 -0.5 -0.5 -0.5 -0.5 -0.5 -0.5 -0.5 -0.5 -0.5 -0.5 -0.5 -0.5 -0.5 -0.5 -0.5 -0.5 -0.5 -0.5 -0.5 -0.5 -0.5 -0.5 -0.5 -0.5 -0.5 -0.5 -0.3 0.2 0.9 3.3 4.4 8.2 15.9 22.3 29.3 32.6 34.6 34.3 34.5 39.8 44.5 49.1 55.5 61.3 67.5 69.7 76.8 86.6 89.8 98.7 110 122.9 122
71.4 67.9 63.2 62.8 68.2 81.2 92.8 95.8 94.4 93 92 87.3 73.9 54 34.1 21 11.2 5 2 -0.5 -0.5 -0.5 -0.5 -0.5 -0.5 -0.5 -0.5 -0.5 -0.5 -0.5 -0.5 -0.5 -0.5 -0.5 -0.5 -0.5 -0.5 -0.5 -0.5 -0.5 -0.5 -0.5 -0.5 -0.5 -0.5 -0.5 -0.5 -0.5 4.4 -0.5 -0.5 -0.5 -0.5 -0.5 -0.5 0 0.7 1.5 3.2 5.2 15.8 22.5 26.2 30.9 33 36 34.7 36.7 41.5 45.1 49.4 56.9 62.9 70.4 75.9 81.9 93.1 98.8 103.4 117.7 120.5 126.1
72.8 66.9 58.2 62.4 70 84.4 97.5 98.5 93.6 91.4 87.3 82.4 72 46.3 27.5 14.4 5.4 1.2 -0.5 -0.5 -0.5 -0.5 -0.5 -0.5 -0.5 -0.5 -0.5 -0.5 -0.5 -0.5 -0.5 -0.5 -0.5 -0.5 -0.5 -0.5 -0.5 -0.5 -0.5 -0.5 -0.5 -0.5 -0.5 -0.5 -0.5 -0.5 -0.5 -0.5 -0.5 -0.5 -0.5 -0.5 -0.5 -0.5 -0.5 0.4 1.2 2.4 6.2 13.4 20.1 25 27.6 29.9 32 33.6 34.2 38.2 43.4 46.8 51.7 59.5 70.2 78.4 83.3 84.3 94.4 103.3 115.2 118.7 124.8 130.2
77 68.9 56.8 60.7 67.8 86.6 102.5 100.5 93.8 83.3 78.7 72.2 55.1 35.1 20 8.7 4.2 1.7 -0.5 -0.5 -0.5 -0.5 -0.5 -0.5 -0.5 -0.5 -0.5 -0.5 -0.5 -0.5 -0.5 -0.5 -0.5 -0.5 -0.5 -0.5 -0.5 -0.5 -0.5 -0.5 -0.5 -0.5 -0.5 -0.5 -0.5 -0.5 -0.5 -0.5 -0.5 -0.5 -0.5 -0.5 -0.5 -0.5 -0.5 0.6 2.5 5.7 8.3 14.8 23.5 27.3 29.7 30.4 32.2 33.6 35 47.3 47.2 50 56.9 64.6 75.8 84.4 88.9 90 97.1 106.8 117.3 122.7 132.6 134.3
74.3 62.6 52.2 57.9 68.3 80 93.2 99.1 91.5 75.9 67.2 55.4 38.4 28.1 15.4 8.9 2.3 -0.5 -0.5 -0.5 -0.5 -0.5 -0.5 -0.5 -0.5 -0.5 -0.5 -0.5 -0.5 -0.5 -0.5 -0.5 -0.5 -0.5 -0.5 -0.5 -0.5 -0.5 -0.5 -0.5 -0.5 -0.5 -0.5 -0.5 -0.5 -0.5 -0.5 -0.5 -0.5 -0.5 -0.5 -0.5 -0.5 -0.5 -0.5 1.3 4.3 7.3 9.7 15.9 26.8 29.5 29.2 28.3 31.5 31.8 41.2 50.3 49.8 54.9 55.8 70.4 77.1 84.7 92.7 95.4 100.4 110.4 117.8 128.6 129.9 140.8
67.6 56.3 50.7 57.9 68.4 80.4 83.9 90.5 87.6 67.6 59.3 44.7 28.6 17.6 10 3.5 -0.5 -0.5 -0.5 -0.5 -0.5 -0.5 -0.5 -0.5 -0.5 -0.5 -0.5 -0.5 -0.5 -0.5 -0.5 -0.5 -0.5 -0.5 -0.5 -0.5 -0.5 -0.5 -0.5 -0.5 -0.5 -0.5 -0.5 -0.5 -0.5 -0.5 -0.5 -0.5 -0.5 -0.5 -0.5 -0.5 -0.5 -0.5 -0.5 1.4 4.6 7.7 12.8 18.6 25.5 26.3 25.7 28.1 28.9 32.4 38.3 44.6 49.4 52.1 65.7 75.5 79.7 87.2 92.5 97.5 102.6 117.1 118.3 128.1 140.3 150
59.3 49.4 50 60.9 67.7 79 80.7 78.6 70.4 60.3 51.9 35.6 19.3 8.9 5.5 -0.5 -0.5 -0.5 -0.5 -0.5 -0.5 -0.5 -0.5 -0.5 -0.5 -0.5 -0.5 -0.5 -0.5 -0.5 -0.5 -0.5 -0.5 -0.5 -0.5 -0.5 -0.5 -0.5 -0.5 -0.5 -0.5 -0.5 -0.5 -0.5 -0.5 -0.5 -0.5 -0.5 -0.5 -0.5 -0.5 -0.5 -0.5 -0.5 0.8 1.5 4.5 8.4 16.3 17.5 21.5 21.9 22.5 26.8 32.1 34.2 39 45 50 61.4 73.3 80.6 86.4 93.2 96.6 100.8 106.3 114 124.9 141.8 155.6 157.1
57.3 45.4 51.6 66 72.6 77.9 74.2 66.5 64.5 54.5 38.2 24.4 12.5 4.1 -0.5 -0.5 -0.5 -0.5 -0.5 -0.5 -0.5 -0.5 -0.5 -0.5 -0.5 -0.5 -0.5 -0.5 -0.5 -0.5 -0.5 -0.5 -0.5 -0.5 -0.5 -0.5 -0.5 -0.5 -0.5 -0.5 -0.5 -0.5 -0.5 -0.5 -0.5 -0.5 -0.5 -0.5 -0.5 -0.5 -0.5 -0.5 -0.5 -0.5 0.9 6.1 7 6.4 9.3 13.9 16.8 18.4 22.7 29 33 35.6 41.4 46.6 55.8 66.2 77.4 84.1 88.6 98 100.5 104.9 115.6 122.3 134.1 149.4 157.4 162.1
51.6 40.4 54 69.6 73.5 75.7 68 63.9 61.9 44.6 27.3 14.6 5.2 -0.5 -0.5 -0.5 -0.5 -0.5 -0.5 -0.5 -0.5 -0.5 -0.5 -0.5 -0.5 -0.5 -0.5 -0.5 -0.5 -0.5 -0.5 -0.5 -0.5 -0.5 -0.5 -0.5 -0.5 -0.5 -0.5 -0.5 -0.5 -0.5 -0.5 -0.5 -0.5 -0.5 -0.5 -0.5 -0.5 -0.5 -0.5 -0.5 -0.5 -0.5 6.9 14.6 8.8 9.2 14.6 9.8 13.6 19.9 25.2 30 33.9 35.7 42.5 50.8 61.7 70.5 78.9 88 94.6 100.9 105.6 110.5 118.1 136.4 148.9 150.6 157.7 165
46.4 39.3 53.1 69.9 70.2 66.4 61 63.1 46 25.7 12.5 6.1 -0.5 -0.5 -0.5 -0.5 -0.5 -0.5 -0.5 -0.5 -0.5 -0.5 -0.5 -0.5 -0.5 -0.5 -0.5 -0.5 -0.5 -0.5 -0.5 -0.5 -0.5 -0.5 -0.5 -0.5 -0.5 -0.5 -0.5 -0.5 -0.5 -0.5 -0.5 -0.5 -0.5 -0.5 -0.5 -0.5 -0.5 -0.5 -0.5 -0.5 -0.5 -0.5 10.6 14.9 9.4 15 17.8 14.6 14.8 25.9 28.6 33.3 35.3 38 45.1 55.7 67.3 74.7 81.2 90.8 100 106.1 108.7 111.9 120.9 142.5 156.4 157.7 161.5 168.9
38.7 38 51.3 63.5 63 55.8 51.4 48.8 33 12 3.8 -0.5 -0.5 -0.5 -0.5 -0.5 -0.5 -0.5 -0.5 -0.5 -0.5 -0.5 -0.5 -0.5 -0.5 -0.5 -0.5 -0.5 -0.5 -0.5 -0.5 -0.5 -0.5 -0.5 -0.5 -0.5 -0.5 -0.5 -0.5 -0.5 -0.5 -0.5 -0.5 -0.5 -0.5 -0.5 -0.5 -0.5 -0.5 -0.5 -0.5 -0.5 -0.5 3.1 7.5 9.7 12.9 15.6 18.5 13.7 20.2 27.2 30.9 34.9 37.8 40.5 49.5 60.9 73.3 79.8 88.2 93.8 99.8 104.6 109.5 118.8 124.4 140 156.3 160.3 168.4 177.5
29.6 34.4 43.3 50.5 49.4 42.3 36.7 29.7 15.9 5 -0.5 -0.5 -0.5 -0.5 -0.5 -0.5 -0.5 -0.5 -0.5 -0.5 -0.5 -0.5 -0.5 -0.5 -0.5 -0.5 -0.5 -0.5 -0.5 -0.5 -0.5 -0.5 -0.5 -0.5 -0.5 -0.5 -0.5 -0.5 -0.5 -0.5 -0.5 -0.5 -0.5 -0.5 -0.5 -0.5 -0.5 -0.5 -0.5 -0.5 -0.5 -0.5 2.8 4.7 7.2 11.2 16.5 19.4 19.4 17.3 30.5 31 33.5 37.7 40.4 43.9 55.3 70.9 78.6 88.3 96 100.1 107.4 109.3 115.3 123.5 132.1 136.3 156.3 166.6 178.4 183.1
22 30.3 31.8 31.4 31.9 26.6 20.2 13.3 3.9 2.1 -0.5 -0.5 -0.5 -0.5 -0.5 -0.5 -0.5 -0.5 -0.5 -0.5 -0.5 -0.5 -0.5 -0.5 -0.5 -0.5 -0.5 -0.5 -0.5 -0.5 -0.5 -0.5 -0.5 -0.5 -0.5 -0.5 -0.5 -0.5 -0.5 -0.5 -0.5 -0.5 -0.5 -0.5 -0.5 -0.5 -0.5 -0.5 -0.5 -0.5 2.9 9 6.2 7 8.3 13.1 19.1 25.8 29 21.7 34.5 37 38.2 42 48.2 56.5 62.1 74.9 83.6 95.9 98.6 108.5 110.4 114.4 120.4 136.6 150.4 153.9 156.9 174.1 177.4 180.2
16.9 25.8 26.1 26.6 26.7 20.7 14 8.1 4.4 -0.5 -0.5 -0.5 -0.5 -0.5 -0.5 -0.5 -0.5 -0.5 -0.5 -0.5 -0.5 -0.5 -0.5 -0.5 -0.5 -0.5 -0.5 -0.5 -0.5 -0.5 -0.5 -0.5 -0.5 -0.5 -0.5 -0.5 -0.5 -0.5 -0.5 -0.5 -0.5 -0.5 -0.5 -0.5 -0.5 -0.5 -0.5 -0.5 -0.5 1.5 5.8 9.2 9 8.1 10.6 15.9 21.6 30.8 38.4 25.2 39.4 40.6 42.5 49.8 60.6 65.5 68.9 81.4 92.7 102.7 110.7 110.3 114 122.8 133 151.6 168.7 171.5 168.6 174.1 176.3 180.4
15.2 21.3 23.5 24.2 21.8 15.2 10.4 5.7 1.4 -0.5 -0.5 -0.5 -0.5 -0.5 -0.5 -0.5 -0.5 -0.5 -0.5 -0.5 -0.5 -0.5 -0.5 -0.5 -0.5 -0.5 -0.5 -0.5 -0.5 -0.5 -0.5 -0.5 -0.5 -0.5 -0.5 -0.5 -0.5 -0.5 -0.5 -0.5 -0.5 -0.5 -0.5 -0.5 -0.5 -0.5 2.9 4.5 2.8 8.8 10.4 9.2 9.3 9.5 13.5 18.1 25.8 35.8 44.6 36.6 43.1 42.4 46 58.4 67.5 74.8 73.7 88.1 99.1 105.2 111 112.8 124.3 137.3 148.7 162.7 170.2 173.6 170 176 177.6 181.4
14.8 19.9 20.1 19.6 14.5 9.1 5.5 -0.5 -0.5 -0.5 -0.5 -0.5 -0.5 -0.5 -0.5 -0.5 -0.5 -0.5 -0.5 -0.5 -0.5 -0.5 -0.5 -0.5 -0.5 -0.5 -0.5 -0.5 -0.5 -0.5 -0.5 -0.5 -0.5 -0.5 -0.5 -0.5 -0.5 -0.5 -0.5 -0.5 -0.5 -0.5 -0.5 -0.5 -0.5 -0.5 7.2 8.8 14.8 16.1 15.5 11.5 11 12.8 16.8 20.3 28.9 37.7 45.5 40.4 46.8 44.3 52.2 62 71.5 78 78.1 91.7 101.2 110.4 112.9 119.1 134.6 148.5 157.9 169.3 171.8 171.9 172.1 178.3 180.7 188.4
15.1 19.1 18.1 14.6 11.1 7 2.2 -0.5 -0.5 -0.5 -0.5 -0.5 -0.5 -0.5 -0.5 -0.5 -0.5 -0.5 -0.5 -0.5 -0.5 -0.5 -0.5 -0.5 -0.5 -0.5 -0.5 -0.5 -0.5 -0.5 -0.5 -0.5 -0.5 -0.5 -0.5 -0.5 -0.5 -0.5 -0.5 -0.5 -0.5 -0.5 -0.5 -0.5 -0.5 2.5 5.2 14.5 16.3 17 14.8 17.5 14 16.6 20.6 25.2 31.7 39.9 47.5 43.2 49 49.5 59.5 69.8 73.7 78.3 86 94.6 106.2 113.7 116.6 131.6 140.2 154 159.3 166.8 170.5 176.5 182.3 180.7 185.1 198.5
13.7 16.7 16.8 12.6 8.9 5.7 -0.5 -0.5 -0.5 -0.5 -0.5 -0.5 -0.5 -0.5 -0.5 -0.5 -0.5 -0.5 -0.5 -0.5 -0.5 -0.5 -0.5 -0.5 -0.5 -0.5 -0.5 -0.5 -0.5 -0.5 -0.5 -0.5 -0.5 -0.5 -0.5 -0.5 -0.5 -0.5 -0.5 -0.5 -0.5 -0.5 -0.5 -0.5 2.8 5.2 11.8 15.6 17.1 15.6 14.6 15.4 19.9 25.3 30.1 32.7 36.5 42.4 48.8 45.5 47.7 55 61 67.4 74.2 80 88.8 102.9 110.6 116.6 122.4 137.7 147.7 151.2 159.4 164.5 174.9 186.8 192.8 184.7 192.8 204.7
13.4 15.8 15.2 12.2 8.5 3.9 -0.5 -0.5 -0.5 -0.5 -0.5 -0.5 -0.5 -0.5 -0.5 -0.5 -0.5 -0.5 -0.5 -0.5 -0.5 -0.5 -0.5 -0.5 -0.5 -0.5 -0.5 -0.5 -0.5 -0.5 -0.5 -0.5 -0.5 -0.5 -0.5 -0.5 -0.5 -0.5 -0.5 -0.5 -0.5 -0.5 -0.5 1.2 2 7.5 13.4 15.2 16.2 13.8 14.9 19.3 28.3 32.7 36.5 39.3 43 47.5 48.9 44.7 54 59.8 65.4 68 74.5 83.2 93.8 101.8 112.8 118.9 132 141.8 149.6 154.3 162.1 170.7 180.9 189.1 192.5 184.1 195.3 203.7
