Game/Highland_Data/StreamingAssets/GeoData/Data/nr/NR89.asc
ncols 200
nrows 200
xllcorner 180000
yllcorner 690000
cellsize 50
[rows 0 to 38 of 200, columns 0 to 86 of 200]
70.5 85.8 108.7 116.6 140.8 168.9 168.2 170.4 152.1 147.4 140.2 130.2 120.8 120.4 110.7 105.7 145.6 170.9 175.7 174.2 185.3 209 216.2 201.9 190.7 176.1 170.5 163.9 169.9 162 162.2 169.8 182.8 190.9 203 205.1 222.3 210.2 194.8 188.7 184.8 175.7 164.4 160.2 165.5 167.9 173.7 174.6 168.3 164.4 153 138.6 124.2 116.8 105.2 93.2 80.9 67.2 68.9 68.6 75.7 78.6 72 62.5 67.3 55.6 45.6 45.2 45.7 47.5 46.3 45.9 38.7 33.2 31.5 29.7 25.7 33.1 48 76.2 100.5 109.8 108.3 108.9 130.1 153.6 163.7
70.8 88.1 115 128.9 154.9 169 180.5 162.4 158.7 152.5 139.1 134.2 131.6 122.7 110.1 119.8 156.4 181 188 181 189.5 204.7 209.1 199.6 191.2 180.6 175.4 170.1 167.1 160.5 165.5 169.2 187.1 215.3 206.9 229.2 220.2 206.1 197.3 194.7 189.3 179.9 176.8 177.9 176.6 175.5 179.1 180.6 165.8 157.1 146.4 136.8 125.4 112.3 94.4 84.3 74 66.3 64.7 67.2 73.9 73.3 55.9 54.9 56 46.8 43.5 44.1 44.7 45.4 45.8 41.2 34.5 31.5 35.6 29 24.4 36.4 56.5 89.4 99.8 97.7 114.5 113.9 126.5 148.3 163.2
72.1 89.4 120.9 135.1 160.1 178.6 172.8 158.1 160.4 148.7 141.6 132.4 133.2 124 115.4 133.4 168 185.9 188.6 190.8 191.7 205.2 207.7 193.7 187.2 177.2 177.7 170.7 164.3 160.8 165.3 175.4 206.7 217 213.9 229.4 215.5 203.7 199.5 196.8 190 196.1 191.1 192.5 190.8 181.3 181.3 177 162.3 152 141.2 135.4 120.3 106 102.1 92 78.2 68.1 61.3 65 64.8 64.3 51.6 48.9 47.7 44.3 44.2 44.6 44.9 45.5 45.7 36.2 32.2 34.9 39.3 24.7 26 45.6 62.2 77.1 89.9 120 134.4 123.6 134 141 154.1
73.5 101.4 130.5 150.2 169.5 177.3 159.7 155.3 158.6 145.2 144.1 140.5 134.3 121.1 131.7 144.9 174.5 188.5 184.7 196.4 193.1 203.4 199 188 177.1 171.8 177.4 175 162 165.8 166.2 184.3 215.4 210.1 220.3 218 207.4 203.9 204.2 201.5 191.3 205.4 201.9 201.5 200.9 192.4 182.5 173.1 162.8 150.4 137 130.2 122 113.5 99.5 89.7 77.4 74.6 61.9 61.4 60.3 57.2 46.9 46.6 45.6 43.4 44.3 45 45 45.4 46 37.5 35 43.8 27.8 24.1 38.4 58.9 62.5 78.6 117.4 139.3 148.7 137.1 144.9 153.9 155.1
88 119.6 153 171.7 177.9 172.7 156.5 154.1 148.8 145.8 143.1 148.5 129.2 127.5 140.5 164.6 180.7 189.4 188.8 196.2 194.1 201.2 197.5 190.6 172.5 168 166 162.9 158.1 166.6 172.3 198.6 215.1 198.4 204.4 209.4 209.5 210.4 208.6 200.6 198.7 202.5 203.7 199.1 198.8 192.1 186.6 180 166.4 155.5 146.1 133.1 122.5 112.3 101.6 85.8 75.1 71.1 60.1 59.3 57.2 47.9 45.6 44.9 43.5 43.5 44.3 44.9 45.1 45.4 42.8 36.7 40.9 41.2 24.9 32.1 52.5 58.1 77.6 103 134.4 139.3 158.8 152.3 151.9 157 165.9
116.3 152.6 164.2 174.8 191 164.9 160.7 151.9 147.3 149.6 147.3 142.7 129.8 139.4 150.3 185.5 188 191.5 193 197.4 205 203.6 195.6 189.3 172.7 164.4 162.5 157.5 156.6 169.1 173.1 193.3 202.2 199.9 208 212.4 216.6 215.9 210.1 198.8 205 201 201.6 203.5 203.4 194.2 191.6 183.3 174.3 161.5 149.3 135.6 122.2 113.8 101 84.4 76.8 68.5 58.6 56.7 52.8 44.7 38.2 34.1 42.3 43.2 44.2 43.8 45.1 45.5 39.7 36.3 42.6 25.9 26.6 46.2 50.4 69.3 105.2 114.1 117.7 147.6 163.9 157.6 161.2 162.8 162.3
158.8 160.6 175.7 185.9 178.4 167 161.6 149.3 148.6 148.1 147.6 140.1 130.4 147.9 169.4 189.1 189.2 192.3 191.2 195 214.6 218.2 199.4 186.6 177.5 163.5 160.1 155.4 161.3 171.6 173.1 187.4 189.9 201.8 209.5 212.8 214.8 213.9 204.1 195.4 203.1 201.4 204.6 200.6 197 193.1 194.6 189.6 176.5 161.5 149.5 133.2 122.6 112.2 96.7 87.3 84.9 73.8 61.9 58.4 49 40.4 33.8 36.6 42.6 43.5 43.5 44.6 45.2 44.6 39.3 34 36.8 24 35.4 49.7 57.4 94.2 99.2 118.9 129.6 144.2 159.4 167.3 174.8 165.5 156.3
157.7 172.3 172.9 188.7 167.8 165.9 161.2 148.9 151.8 154.2 144.3 134.3 134.2 147.7 177 183.9 188.7 191 198.7 206.9 218.9 219 197.5 185.5 184.4 167 158.3 154.5 167.1 168.5 175.4 187.7 198.8 203.8 209.3 210.4 214.1 207.6 197.9 190.7 194 200.2 200.4 191.3 190.3 192.3 191.7 188.1 175.1 162.3 148.4 131.3 122.7 107.5 98.5 91.1 80.8 77.7 68.8 58.7 50.5 39.5 33.7 38.4 33.4 35.9 44.7 44.8 44.7 42.6 38.2 35.7 24.6 25 44.1 47 82.5 81.2 109.8 124.8 148.5 151.5 156.1 171.8 182.1 174.9 153.5
151.3 158.3 179.7 169.6 167.4 164.7 149.9 155.8 153 148.7 141.3 135.7 151.5 159 179.3 188 189.1 191.4 202.9 212.4 220.1 213.9 199.9 189 174.8 159.5 155.2 154 166.7 167.1 182.3 199.2 200.6 210.7 210 219.4 210.7 205.9 193.9 188.3 194.8 198.9 192.2 187.1 191 186.7 185.8 183.8 173.5 164.5 148.2 128.4 119.6 100.9 95.8 85.4 77.9 75.3 71.6 59.4 48.3 37.9 37.8 34.6 33.4 33.4 33.4 36.8 44.2 44.4 33.6 32.8 23.8 34.2 44.5 62.7 73.1 99.3 119.8 136.4 152.4 159.8 156.1 174.1 176 167.5 157.8
169.8 164.8 172.1 157.4 160.1 160.7 148.2 151.6 155.9 149.1 142.4 157.1 162.2 183.5 185.6 193.2 189.4 202.2 208.8 210.9 215.6 212.2 197.3 186.3 174.6 154.8 153.4 156.1 161.5 163.8 188.9 202.7 202.9 206.1 204 211.7 208.6 193.4 186.6 186.1 188.6 188.2 182.4 188.4 191.5 182.3 181.8 180.1 174.5 161.2 141.9 129.6 111.3 101.6 90.7 80.6 79 79.4 80.4 69 51 37.7 37.9 37.3 33.3 33.6 33.9 35.8 44.8 34.5 34.9 24.3 23.8 37.4 47.6 73.8 73.1 99.7 117.3 140.4 157.7 159 152.3 168.1 174.7 160.1 145
161.4 170.3 165.5 154.3 156.9 148 151.8 150.5 150.1 148.7 144.1 166.9 175.7 195.2 185.7 194.8 197.5 209.4 200.4 197.7 207.2 198.9 191.4 175.6 165.9 154.1 152.5 153.5 157 165.6 196.8 197.7 204.4 203.8 202.3 208.9 203.5 187.3 185.2 184.7 184.6 182.8 181.9 184.1 188 174.2 179.1 185.5 170.9 154.5 139.4 125.4 102.2 97.6 87.4 86.2 88.6 91.1 90.9 74.3 55.4 35 36.3 34.6 34.4 33 34.4 39.6 44.1 31.2 26.4 24.5 27.4 37.3 69.7 65.4 78.6 102.5 131.1 150.3 163.9 156.4 149.3 171.3 161.3 144.5 134.5
152.4 164.7 150.3 153.7 155.9 147.4 149.5 148.7 147.4 146.6 160.1 167.3 200 198 187.6 193.9 197.4 209.4 195.7 186.7 202.3 187.9 185 168.6 160.9 152.4 152.4 153.6 155 180.3 200.4 193 198 200.4 205.5 198.9 193.8 184.3 183.7 185.1 184.9 181.4 181.1 180 176.8 171.7 175.3 183.1 166.2 147.8 132.6 118.5 95.8 88.9 89.6 90.7 92.6 90.6 84 72.9 54.3 34.2 33.5 32.6 33.2 34.6 35.6 41.4 28.5 25.3 24.5 24.5 28.2 52.3 62.5 67.2 85.2 104.5 135.3 164.8 167 156.7 146.8 161.5 150.8 131.7 124.3
151.4 151.2 149.4 151.1 148.1 147.3 149.4 149.4 152.4 153 166.9 188.3 200 197.3 186.9 185.5 202.7 195.7 189.2 184.9 194.2 179.2 179.1 166 155.4 152 153.3 159.2 157.2 190.4 194.9 193.6 192.9 198.1 198.4 188.8 183.3 182.9 182.6 186.4 186.7 181.6 179.6 174.6 165.8 169.6 172 179.1 160.6 138.7 127.5 109.1 91.2 88.4 90.8 89.5 86.7 83.7 82.6 72.6 52.3 33.6 31 33.2 34.5 36.5 41.1 29 25.3 24.6 24.2 24.6 31.9 64.8 61.8 74.4 91.5 112.9 152.7 170.1 166.5 152 142.6 146.2 130.7 121.5 114.6
152 149.4 148.5 147.8 147.4 147.1 150.6 155.4 152.9 165.6 175.7 207.7 202.5 194.1 181.1 185.4 197.1 187.8 178.8 187.9 190.4 176.9 171.3 161.7 152 154.1 156.6 157.9 170.3 199.2 188.2 183.2 181 192.1 189.2 182.6 171.5 176.2 183.7 185.9 186.7 185.3 184 170.7 162.2 164.9 169 173.6 153.8 137.5 123.8 102.2 89.9 89.9 91 89 86.3 80.8 75.1 64.7 47 35.9 30.5 34.9 37.2 40.7 26.6 25.2 24.7 24.2 24.2 26.6 49.4 56.9 64.9 81.5 91.8 133.2 163.2 165.5 161.8 138.8 138.3 130.8 116.7 113.5 108.8
163.6 158.1 148.4 147.3 147 148.8 152.3 155.4 162.6 175.7 198.9 205.6 197.9 189.7 176.9 183.6 183.3 182.3 172 183.6 183.1 171.3 158.4 153 150.9 156.6 159.1 159.1 176 193.6 190.3 172.2 170.1 181.9 177 168.6 160.9 176.9 181.6 181.6 185.3 187.1 178 163.6 160.9 162.1 178.1 167.6 144.5 130.9 117.7 98.6 89.8 91.9 88.7 87.8 88.7 83.2 74.5 60.8 48.7 41.1 28.5 39.5 36.3 25.2 24.2 24.3 24.2 23.4 25.3 30.3 54.7 55.5 74.4 89.4 106.7 149.9 158.8 160.8 149.3 135.2 126.8 112.7 106.3 109.1 106.2
169.6 159.6 158.4 147 147.6 147.8 151.9 150.6 170.2 179.1 205.2 196 190.4 183.1 173.2 176.8 178.1 176.4 170.2 180.1 173.1 165.3 151.8 150.5 153.4 160 158.9 162.5 184.1 190.6 184 169.1 165.4 173.6 168.2 156.8 153.8 175 178.5 179.7 186.2 189.7 179.1 162.9 156.1 157.5 167.1 151.2 139.4 126 114.4 94.6 91.5 92.2 89.3 87.8 86.6 80.2 70.2 55.9 47.7 39.3 30.1 26.7 25.1 24.8 24.4 23.6 23.5 23.1 26.3 42 46.7 67 81.6 83.9 125 153.6 157.3 149.6 128.9 124.1 110.3 101.5 103.1 105.9 99.4
163.8 163.8 157.8 147.5 155.1 152.6 147.9 148.5 164.8 186.1 193.4 191.2 185 177.6 173.7 173.6 175.4 167.9 166.7 171.4 161.8 155.8 149.3 152.7 158.5 157.8 164.9 171.7 185.4 185.2 179 171 161.7 162.5 155.6 144.2 151.8 170.7 177.2 183.2 190.9 186.1 173.1 165.2 158.2 145.5 143.1 144.3 132.8 121.1 110.8 97.4 95.6 95.2 91.3 90.3 87.4 75.7 65.3 49.3 48 51.2 36.2 25.9 25.1 24.5 24.2 23.5 23.4 25.5 29.8 39.9 46.7 63.4 74.3 90.5 124.3 147.3 146.4 132.6 122.1 110.1 100.6 97.4 98.2 101 100.5
167.1 160.6 153 158.8 167.5 160 149.6 150.3 159 183.8 184.3 184.9 181.6 174.4 165.5 170.2 170 163.2 163.2 158.4 154.8 146.7 150.9 156.4 156.4 157.4 162 179.3 185.3 186.5 180.9 173.6 167.2 155.9 145.1 139.2 157.1 167.2 174.8 184.3 190.5 184.4 161.9 161.3 155.5 133.3 138.8 137.5 125.5 118.1 108.6 97 90.5 93.9 92.1 94.1 86.1 75.7 64.7 45.8 52.3 50.1 35.7 23.7 23.6 23.6 23.3 22.9 23 26.3 33.5 43.9 51 62 73 94.7 116.6 138.1 129.1 113.4 112 104.1 95.3 95.2 95.4 96.5 117.3
162.6 152.2 145.1 168.1 174.4 169.9 166.5 168.1 190 190.5 183 179.8 175.5 169.5 160.4 161.2 161.1 162.7 161.9 148.9 152 146.4 156.2 157.6 155.6 160.7 169.2 189.5 201 193.4 192.1 175.6 162.5 147.9 137.2 139 152.9 166.1 177.4 179.6 182.1 167.7 158.8 153.3 145 128.9 130.3 126.8 121 118.7 105.9 94.4 85.8 94.6 95.9 88.9 85.3 84.6 57.7 45 49.5 45.1 34.3 23 22.8 22.5 23 23.6 25 29 43.2 43.6 49.2 62.5 79.1 95.1 107.7 114 115.1 108.2 99.2 104.4 94.6 94.8 95 101.4 126.7
154.5 142.7 154.8 173.4 179.2 169.9 172.3 193.8 203.8 194.7 200.8 188.4 173.1 165.7 160.7 158.8 159.3 165.9 151.7 145.9 145.2 147 154.4 152.7 158.2 159.6 183.2 197.3 199.7 193.7 180.5 168.5 163.8 141.5 128.9 139.5 152.8 162 172.8 173.1 167 154.7 140.5 143 139.5 125.5 122.6 125.5 121.7 119.4 104.3 89.9 82 99.4 89.9 88.1 88.1 81.6 52.4 45 42.8 40.7 33.7 22.3 22.4 22.3 23.6 25 25.4 38.2 42.6 43.9 48.5 72.4 83.3 92.5 104.3 109 103.3 97.5 101.2 97.8 94.4 98.1 96.6 116.9 135.7
138.6 144.9 175.2 178.8 182.6 168.6 188.9 206.2 197.5 192 203.5 192.9 178.7 160.2 158.1 158.5 160.1 159.1 151.4 144.7 144.7 153.9 151.3 146.6 150.7 160.7 176.4 186.4 185.3 181.7 172.8 157.2 147 125.6 122.8 139.6 148 153.8 161 153.8 148.7 136.4 135 140.5 128.6 119.3 114.8 118 118.5 113.7 97.6 80 83.5 92.4 86.6 91.8 89.3 71.5 54.4 42.4 41.3 37.9 28.2 22.1 22 23.2 25 24.9 31.7 39.3 42.3 43 45.8 72.4 71.7 93.6 101.2 92.8 92.6 88.6 94.1 93.6 96 97.1 120 131.5 151.4
132.4 158.8 188.7 198 174.3 166.6 194 202.9 192.2 192.9 188 189.1 174.8 158.6 157.8 157.1 163.1 155.9 145.2 144.6 152.5 160 147.2 139.5 139.6 148.8 163.7 168.5 173.7 170.1 158.3 146.1 135.9 118.6 126.3 143.3 144.1 146.8 147.5 144 130.8 121.1 126.8 131.7 114.5 110.3 111.1 115.4 114.5 102.6 91.5 78.6 85.4 82.9 91.4 91.2 83 64.8 44.9 41.6 41 34.5 26.3 21.8 22.9 24.6 24.6 24.1 37 39.9 42.3 42.4 51 61.8 73.5 95.5 89.6 78 76.9 90.4 93.7 94.5 100.4 122.7 135.6 144.8 155.7
144.7 172.9 202.8 191.1 167.8 163.4 193.9 197.4 183.7 187.6 183.8 187.5 164.6 158.6 159 158 155.6 149.8 142 147.6 163.4 154.1 133.2 139 130.5 139 156.5 153.3 146.8 154.6 144.7 134.4 122.8 116.3 130.9 141 139.8 139.1 138.8 117 110.4 116 115.4 119.3 108.5 106.1 111.8 111.3 110.7 97.2 86.3 78.1 74.4 87.7 92 83.4 76.7 57.9 50.2 40.7 37.5 30.4 23 21.7 22.4 23.8 24.4 24.2 38.3 39.9 42.2 42.1 46.9 56.9 77.4 88.4 68.8 69.4 89.6 96.6 95.1 97.7 121.3 139.9 145.3 156 166.7
152.9 187.4 199.2 178.3 162.7 161.2 184.3 186.7 179.6 185 177.7 173.2 159 158.9 159.6 163.5 161.3 148.2 138.7 141.9 144.8 136 127.1 127 129.6 135.1 147.5 142.2 131.8 135.1 132.8 124.8 116.5 115.7 130 137.7 136.2 131.4 116.3 104.8 108.4 114 115.1 114.5 102.1 102.6 110.4 103 98.9 92.6 78.2 73.1 76 87.9 87.3 84.3 76.3 58.2 53 39.6 35 31.6 29.7 20.9 21.8 23.4 24.6 23.8 38.2 41 40.7 40.8 43.4 51.7 63.9 66 54.3 72.8 94 95.5 96.1 112.2 146.7 149.8 150.2 165 178.1
158.3 182.3 185.1 168.4 159.4 163.9 177.7 174.4 182.7 176.8 175.4 163.6 158.6 159.2 159.8 166.7 162.4 147.6 134.7 134.9 131.3 123.7 123.2 124.8 130.1 127.2 140.1 129.5 119.4 122 123 117.3 112.7 120.1 125.4 130.3 127.2 122.2 101.9 106.6 110.2 120.8 116.5 105.6 95.7 102.2 104 100.3 91.1 85.8 76.2 73.6 83.9 89.2 86.4 85.9 78.6 75.9 52.9 38 33.4 32.3 28.8 21 21.5 23.1 24.2 23.6 26.4 33 37.9 33.3 36.9 42 47.1 49.7 64 83.5 95.3 96.1 105.6 129.3 151.8 152.6 158.7 170.6 182.5
156.5 167.2 170.1 161.8 158.6 173.7 171.4 171 173.3 170.4 172.3 163.8 157.3 156 158.3 164.8 167.8 143.4 135.1 134.9 124.5 122.2 121.4 122.1 118.8 117.6 124.3 118.9 113.5 113.9 114.4 113.6 112.3 116.6 125.3 124.4 113.5 96 103.9 99.8 112.9 117.3 107.4 97.6 90.2 98.7 97.9 92.9 83.8 78.5 68.8 80.1 89.6 89.9 85.7 86.1 90 78.6 49.7 35.4 33 32.1 24.3 21.6 20.9 22.6 23.9 23.5 25.3 26.3 26.5 29.1 30.6 37.6 42.3 56.8 70.8 83.2 92.6 95.8 126.2 145.4 150.5 152.2 166.3 176.9 183.6
138.5 147.6 156.7 166.5 171.3 171.9 174.3 172 168.4 167.4 169.1 160.7 159.4 156.7 157.6 162.7 161.4 142.5 135.9 131.8 144.7 145.9 136.3 131.3 122.6 113.8 110.2 103.3 104.1 107.6 106.2 109.4 111.2 112.9 122.3 106 90.5 90.8 96.9 96.5 109 110.7 100.3 85.8 81.9 89.2 82.2 80 76 67.6 74.6 84.8 90.3 89.7 87.6 99.1 91.1 69.3 50.8 34.4 32.9 27.7 22.8 21.9 21.4 22.2 22.8 23.5 25 25.6 26.1 29 49.7 74.3 76.4 66.3 77.9 81 89.1 115.2 131.1 142.6 147.8 152.9 174.1 184.9 195
136.2 132.6 151.3 154.5 168.8 185.1 179.6 169.9 164.2 172.8 174.3 170.9 162.6 155.6 165.8 172.1 165.5 144.1 138.1 139.9 156 167.1 165.3 150.6 136.1 131.8 123.5 107.2 98.3 92.8 99.3 100.6 103.3 101.5 100.7 93.9 85.2 95.9 90.6 98.3 106.1 100.9 95.8 72.7 73.8 77.3 78.4 76.9 74.1 65.7 77.8 85 90.1 88.4 91.3 97.9 87.8 73.8 42.6 33.4 26.6 24 22.5 21.2 20.7 22.1 22.2 23.2 24.4 24.8 25.7 47.2 76.7 100.1 107.7 96.5 93.9 82.8 88.2 115.3 131.2 138.6 150.7 164 184.4 203.4 198.7
123.6 137.9 158 164.6 185.9 199.3 182.9 164.4 164.5 175.9 184.1 176.5 163.6 152 159.4 169.5 154.8 142.5 139.1 145.5 169.9 174.7 175.3 155.1 143.6 137.9 131.3 120.6 106.9 96.2 91.7 88.7 84.2 86.2 86.9 81.4 85.8 89.1 90.7 101.2 96.2 89.3 77.6 66.4 72.3 77 78.1 72.5 65 74.3 83.9 88 89.9 89 100.5 97.9 89.1 60.8 34.4 32.9 25.9 23.4 22 20.8 20.5 21 21.7 22.7 23.9 24.1 32.2 68.5 99.3 108.9 108.9 115.6 105.8 96.5 94.1 113.2 128.1 143 151.1 176.1 187.2 199.9 198.6
118.2 138.6 161.8 170.2 194.8 201.3 180.1 162.3 164.6 182.9 187.9 181.5 169.8 150.1 153.1 164.3 152.1 138.9 140.6 154.4 179.2 175.7 170.8 149.7 139.4 136 128.7 125.9 110.5 101.8 96.2 94.6 88.4 82.8 78 81.5 84.2 87.1 85.1 89.5 84.1 76.6 67 65.5 73.3 78.7 73.4 65.3 67.4 78.9 88.2 89.4 90 89.8 98.6 93.9 72.1 50.5 33.5 33.3 29.8 22.7 21.5 20.7 20.6 20.3 21.1 22.4 24 24.9 58.1 77.8 100.3 109.3 115.8 116.8 107.7 105.9 115.2 118.1 123.1 141.1 151.6 171.1 186 190.3 205.9
118.5 125.2 145.6 161.7 190.7 192.6 183.4 162.9 160.5 172.8 173.9 165.8 153.5 150.1 166.1 156.8 149.4 138.1 142.7 160.8 175.2 176.3 165.4 142.8 137.4 132.6 126.3 119.9 110.7 104.5 98.6 100.4 93 85.8 80.8 74.9 70.3 70.5 74.5 71.3 75.5 68.2 64.1 65.7 71.4 73.7 66.6 65.1 79.3 82.5 87.2 81.2 84.9 95.2 94.8 78.4 61.6 38 33.5 33 29.6 22.3 21 20.8 20.7 20.5 21 21.9 23.1 36.4 67.1 92.1 105 113.7 123.1 112.3 113 120.8 126.3 135.9 141.3 139.2 143.6 153.3 174 177.8 202.6
139.5 147 135.3 142.3 173.8 177.3 170.8 150.2 165.5 165.1 164 157.5 149.5 155 164.1 149.1 138.5 137.1 146 162.6 170 168.7 156.2 138.6 131.1 127.8 124.7 117.1 110.2 105.8 105.1 101.8 97.8 95.2 88.2 74.9 72.8 66 64.4 64.7 72 61.4 66.1 64.6 63.2 64.7 63.3 68.6 77.5 81.6 81.8 79.5 83.4 94.1 86.2 67.1 51.5 37.9 32.8 32.6 24.4 21.8 20.8 20.8 20.7 20.2 21.4 22.7 23 47 75.8 94.8 106.8 123.9 116.8 112.8 118.9 127.7 132 145.3 152.2 158 159.1 154.3 158.3 170.4 183.6
154 155.6 143.2 139.4 148.1 157.7 142.2 139.4 154.9 165.5 164.7 154.6 149.8 166 153.4 139.8 133.1 134.9 143.9 147.4 153.7 162.7 142.5 128.4 120.5 122.2 119.2 117 110 105.8 106.4 101.3 97.3 99.5 88.4 71.2 70.1 65.5 65.3 63 61.2 61.2 54 55.8 61.6 64.5 65.4 65.2 70 71.6 71.9 72.6 75.4 79.5 67.4 56.8 44.5 38.4 32 31.7 21.8 21.1 20.8 20.8 20.6 19.9 20.5 22.4 24.6 53 83.9 96.4 107.8 117.6 115.7 116.5 120 130.4 150.1 159.2 168.2 171.8 186 184 176.1 172.8 174.9
157.5 156.6 156.3 154 138.1 134.4 134.1 133.7 143.1 154 150.7 149.3 151.6 161.2 140.6 134.9 128 129.7 134.8 145.6 152.2 151 126.4 118.6 111.9 114.9 118.5 114.7 109 108.3 107.9 97.8 93.9 88.1 79.6 71.4 67.3 68.3 68.8 66.8 63.6 63.4 59.1 52.3 56.7 55.4 63.2 61.7 67.4 65 61.4 62.4 67.4 62.7 56.2 53.5 39.5 38.5 31 26.7 21.8 20.5 20.5 20.7 19.9 19.6 20.2 21 35.5 63.2 89.4 99 112.1 118.4 115.8 117.2 124 137.1 150 162 175 183.7 190.8 196.3 190.3 181.7 179.8
155 156.9 161.6 156.4 150.7 139.1 144.4 133.8 132.6 136.5 141.3 140.4 149.1 136.8 132.3 124.2 121.2 120.8 128.2 135.9 136 132.7 115.5 109.8 106.9 107.1 108.7 108.8 103.6 107.2 105.8 97.8 92.8 84.3 83.2 71.2 70.8 75.4 71.7 71.4 66.3 60.7 56.8 55.2 48.9 55.4 60.3 59.1 65.9 59 54.6 59.5 57.7 53.6 50.6 42.4 38.4 38.3 29 20.7 21.6 19.8 19.9 20.6 19.1 18.8 19.2 21.5 43.5 76.6 91.6 105.2 120.1 116.1 115.3 126.9 142.2 152.6 159.2 161.1 180.4 191.3 201.9 211.2 212.4 206.9 189.7
152.6 161.8 164.3 163.4 157.8 157.4 154.3 143.3 134 133.9 137.6 132.7 130.7 126.3 121.5 115.2 113.8 115.9 121.1 124.8 124.8 118.6 111.9 105.1 103.2 99.9 97.1 95.8 95.7 97.5 99.8 88.5 87.9 87 75.6 73.9 72.1 73.1 71.7 72 62.4 56.9 54.4 56.2 51.8 54 52.4 57 57.4 51.5 53.7 55.1 49.4 43.7 41.9 39 38.5 37.9 24 20.6 19.5 19.4 19.9 20 18.8 18.6 19.4 30.7 57 80.5 92.1 108 112.5 112.8 116.3 140.2 156.3 170.5 175.3 172.2 182.4 188.2 210.3 221.3 226.1 230.2 219.5
152.9 163 167.9 166.2 158 164.8 152.4 134.8 138 133.5 132.9 143.3 127.1 128.9 127.4 116 113 111.9 110.6 114.9 116.3 115.9 111.5 105.4 99 93.9 90.9 87.5 90.2 84.2 84 84.7 82.9 88.5 75.5 73.6 68.8 68 69.1 63.4 58.8 56.6 54.2 53.7 45.4 48.2 48.2 51.5 49.6 50.7 49.6 47.2 39.2 40.1 38.9 37.7 36.9 35.1 20.6 19.4 19.1 19.3 19.9 19.2 18.8 18.5 19.6 39.6 60.6 79 97.8 112.2 111 116.1 122.3 151.7 165.3 177.5 185 192.3 186.6 188.1 202.4 217.3 222.6 225.2 214.2
157.5 169.5 172 158.7 156.1 157.8 146.7 138 138 136 135.8 141.1 128 129.9 124.1 114 118.9 111.8 111.1 112.4 109.7 115.4 106.6 104.4 105.3 100.3 93 88.1 83.5 81.6 80.6 81.6 80.9 79.6 76.9 70.7 72 65.8 66.1 57.4 53.9 53.8 53.5 47.6 43.2 40.6 43.8 48.4 50.6 39.2 43.1 37.7 38.5 37 37.5 36.3 29 20.8 20.4 18.8 19.3 19.4 19.5 19.6 18.4 18 21.9 47.1 69.9 81.5 99.2 109.7 109.8 116.8 132.6 155.2 169.9 177.2 190.5 200.8 196 198.3 196.5 206.2 220.3 215.2 206.8
158.8 170 160.2 153.9 150.6 147.7 141.9 137.3 132.9 138.4 140.9 130.8 130.5 131.4 119 115.7 115.2 114.8 114.2 114.1 128.8 131.3 122.2 116.5 111.2 102.8 96.5 93.7 90.6 87.7 82.4 78.3 79 71.9 72.7 74.5 70.4 63 58.5 53.3 53.3 51 50.3 42.9 50.6 44.5 43.7 50.6 44.1 36 36.1 34.9 34.8 25 20.8 19.8 19.7 20.6 19.4 18.4 19 19.5 19.2 19.2 19.3 17.6 34 58 67 83.1 104.4 105.8 111 117.8 131.9 148.3 165.5 177.1 195.5 203.7 203.4 199.6 201.3 202.8 206.5 207.6 203.4
