Game/Highland_Data/StreamingAssets/GeoData/Data/nr/NR92.asc
ncols 200
nrows 200
xllcorner 190000
yllcorner 620000
cellsize 50
[rows 72 to 107 of 200, columns 79 to 157 of 200]
183.9 186.4 186.7 186.1 184.6 182.8 171.8 156.3 134 141.4 150.9 150.1 147.8 147 143.3 152.2 161.7 171 183.2 190.2 192.2 192.3 195.9 194.1 187.7 175.9 151.5 132.8 124.4 120.1 107.8 101 101.7 101.1 98.9 125.9 136.9 146.1 148.1 152.6 156.4 171.2 184.6 199.8 210.1 219.5 231.2 246.1 256.9 264.3 271.8 278.2 283.9 290.6 292.5 295.6 297.5 297.9 298.7 299.1 296.5 293 289.1 286 284.2 285.3 288.2 289.6 289.9 291.5 293.9 296.3 299.6 303.4 309 313.9 321 330.2 340.8
183.2 185.7 185.6 185.9 186.9 186.2 172.5 156.3 148.4 132.5 143.6 144.4 143.1 135 145.5 151.8 159.5 166.8 179.4 185.7 186.3 189 190.9 186.4 179.2 167.8 143.8 126.4 120.4 107.7 98.5 99.3 99.1 98.1 112.8 130.5 140.7 146.7 147.4 152.3 164.4 178.3 192.7 206.6 215.7 225.7 238.1 249.9 257.6 266.1 272.4 279.2 285.5 289.1 292.3 293.4 292.1 293.7 294.3 294.6 291.1 288.6 285.2 281.9 279.9 279.8 281.4 281.4 281.8 284.1 286.5 289.3 293.4 297 303.5 308.2 316.6 324.3 335.8
182.1 185.3 186.7 186.6 189.1 184.4 168.4 154.9 147.1 134.3 134.7 138.8 137.3 131.6 143.7 151.3 157.5 163.9 175.4 179.8 180.4 184.8 184.4 177.4 170.5 154.9 135.9 123.6 114.6 103 97 96.5 99 111.2 123 133.6 140.7 143.3 145.9 158.6 174.3 186.5 200.4 214 224.3 233.5 242.6 251.1 258.7 266.7 274.7 280.5 285.3 288.5 290.9 291.6 291.1 290.9 290.7 290.6 287.4 284 281.1 278.3 276.1 275.4 275.7 274.2 277.1 278.5 280.5 284.3 288.9 290.8 297.4 302.7 310.5 318.7 331.3
180.6 184 185.9 185.3 186.8 181 166.6 152.8 144.6 135 125 132.7 125.8 131.6 141 149.1 154.6 160.7 170.6 173.4 175.3 179.6 176.9 170.8 159.7 146.4 130.2 120 111.1 99.2 95.7 96.7 105 115.1 124.7 132.5 136.8 143.1 153.2 168.5 185.7 196.8 210.8 222.6 228.8 237 245.7 253.3 261.5 267.5 273.5 279.4 283.9 287 289 290.2 290.2 288.3 288.3 286.7 284.5 280.4 276.9 274.4 272 271 269.9 269.9 271.2 274.7 277.8 281.4 284 286.6 291.2 298.6 306.4 315.5 327.5
177.9 181.1 183.9 182 183 177 164 151.9 142.3 133.8 120.7 126.3 120.9 132.5 139.1 146.8 151.7 156.5 164.9 167.5 168.9 173.1 170.1 161.5 150.3 138.5 125.3 116.3 106.2 94 95.2 103.8 110 116.9 119.1 123.8 135.8 146.6 161.6 179.6 192.7 206 217.2 225.7 230.7 237.6 245.9 253.9 260.1 266.4 273.5 278 281 284.7 287.7 289.4 290.4 289.9 286.9 283.1 279.8 276.6 273.3 270 268 266 265.3 266.2 268.7 271.9 274.9 277.4 279.5 282.8 287.4 294.1 302 311.4 323.4
173.7 177.2 179 177.4 177.9 173.1 161.6 150.9 141.1 132.2 120.4 116.7 123.1 129.1 136.6 145.1 147.1 151.3 157.4 161.1 162 162.8 157.6 151.7 140.7 131.2 121.1 111.7 97.8 93.5 97.3 107.6 112.4 118.1 124.1 131 139.4 155.5 171.7 186.2 199.2 214.2 222.4 226.5 231.5 237.6 245 252.3 257.5 264.7 270.2 275.9 278.7 282.7 286.5 289.3 290.4 290.1 287.5 283.2 280.1 273.4 269.8 267 263.7 261.6 262.1 263.7 266.6 269.6 272.6 271.6 273.8 278.9 284.5 291.1 299.1 308.1 317.6
170 173.2 174.1 173.7 173.1 169.3 159.9 149.2 141 132.3 125.1 115.1 120.9 126.9 134.1 142.2 143.2 145.5 150.8 154.6 153.8 153.1 149.3 140.1 131.7 125.3 116.4 108 92.4 94.1 103.5 110.9 117.2 122.1 128.4 137.5 150.5 165.3 178.7 192.6 207.8 224.3 225.7 228.2 231.9 236.9 243.5 249.5 255.9 262.6 267 273.6 277.6 281.4 285.7 288.8 291.2 290.7 287.8 283.4 279.3 271.6 267.2 263.7 260.6 257.2 259.6 262.6 265.3 267.7 270.1 269.1 270.9 277 283 289 297.6 307.1 314.2
163.9 167 170 170.2 170.4 165.8 155.2 149.8 140.4 129 120.4 113 120.6 125 132.6 139.4 139.8 141.5 147.1 149.3 146.6 145.8 138.9 129.6 123.8 119.1 112.3 100.3 90.4 94.5 104 116.7 122.9 127.2 136.3 146.2 160.6 172.4 185.4 199.8 215.9 228.8 226.5 227.1 230.6 234.7 242.1 248.2 254.1 259.8 265 270.5 276.2 281.2 285.5 288.4 290 289.3 287.6 282.8 279.3 271.7 265.1 260.6 258.2 253.4 258.8 261.2 262.9 264.6 264.8 264.8 270.6 276 281.3 289.6 296.2 303.5 309.7
158.5 161.6 165.5 168.5 170.5 167.2 154.9 145 135.3 125.8 118.1 111.6 118.8 123.5 131 137.7 137.4 137.6 142.1 143.1 139.5 137.8 129 120.6 116.6 113.9 106.1 89.8 90.1 104.6 112 118.2 126.1 133.8 142.9 155 168.8 180 191.3 206.2 218.7 225.6 225.7 226.3 229.3 234.5 239.8 246.6 252.7 258.3 263.1 268.4 274.5 280.5 284.7 287.8 288.7 287.7 286.7 283.1 277.8 269.3 261.9 259.6 255.5 250.1 256.9 259.5 261.1 261.7 260.1 266.2 270.7 275.8 280.4 287.1 293.8 300.1 303
154.7 157 162.1 167.1 171.3 166 152.4 142 133.8 125 113.7 111.6 118.9 122.8 129.7 134.7 134.2 133 135.5 135.5 132.6 129.1 120.6 114.1 110.7 110.2 107.4 93.7 97 109.4 115.7 122.1 129.5 139.1 149 163.2 176.7 187.2 197.9 210.9 218.9 223.3 223 227.4 229.9 233.6 238.8 244.6 249.9 255.2 260.8 266.8 272 279.1 282.7 285.1 286.9 285.6 284.5 281.3 275.6 266.1 259.6 255.4 252.6 249.9 255.3 257.5 258.1 258.3 260.3 266 271.2 276.3 280.7 286 291.9 296.4 299.7
150 152.7 156.8 164.6 171.2 164.2 149.5 138.8 131.6 123.7 106.4 110.1 117.2 121.8 127.9 131.9 130.5 128.3 129.3 129.3 125.9 121.7 113.4 108.7 100 98.7 94.2 91.5 100.8 109.7 118.2 126.9 135.8 143.8 156 167.3 182.4 192.1 201.5 212.3 218.3 218 222.7 227.8 228 232.6 237 242.9 248.2 254.4 260 264.9 270.9 276.6 280.8 283.3 283.4 282.6 280.6 278.8 272.9 262.9 256.2 251.8 248.6 249.4 252.5 253 253.1 252.4 260.1 264.8 270.6 276.3 282.6 287.3 291.1 293.2 294.8
145.9 147.3 150.8 160.3 169.2 162.1 147.9 136.3 129.1 121.7 113.7 109.6 118.2 122.5 126.5 127.8 126.3 123.3 122.7 122.6 118.6 114.2 107.5 102.7 94.1 91.8 92 89.1 107.7 113.8 121.6 126.6 139 149.3 162.4 174.9 186.8 194.1 203.2 210.3 213.4 219.9 226.5 230 231.3 233.9 237.5 244.6 248.5 253.6 258.9 262.8 268.2 273.6 277.4 279.9 280.3 279.8 278.5 275.6 269.4 260.5 253.2 248.5 244.7 247.1 247.5 245.9 246.3 252.9 258 263.7 268.8 276.1 283.2 288 290.1 290.2 291.3
141.3 142.4 146.5 155.8 162.4 158.3 147.5 134.8 128.7 120.2 101.8 113.6 118.9 122.4 124.7 125.4 122 118.7 117 115.2 112.6 108.5 102 93 88.8 90 85.4 99.8 113.1 119.6 126.5 133.2 144.8 150.6 164.4 178.1 189.3 194 203 207.5 219.8 227.5 230.9 233.5 233.3 235.3 240.2 244.6 248.3 253.3 257.7 261 265.3 270.2 273.9 276.2 276.3 274.9 274 271 264.9 256.6 250.7 246.2 240.7 241.8 242.1 239.1 247.4 253.1 257.7 263.2 269.3 276.2 283.4 288.3 289.3 287.7 287.7
138 137.9 142.4 150.6 157 153 145.3 133.7 124.9 110.7 102 115.7 119 121.8 123.5 122.4 118.1 113.7 110.5 108.9 106.1 101.2 89.8 86.1 87.2 83.2 95.6 106 115.2 124.2 131.7 141.8 151.8 161.4 172 181.2 188.3 196.5 204.4 212.9 229.5 233.7 234.1 236.4 236 238.2 240.8 246.9 251.5 254.7 257.5 261.5 265.1 268.2 271.4 272.3 272.1 272 270.6 266.5 260.5 253.8 247.5 242.6 237.9 237.8 236.7 239.4 246.9 253.1 258.7 262.8 268.6 276.1 282.9 289.1 289.2 284.4 285.7
134.4 134 136.7 144.7 151.8 149.3 142.1 129.5 119.3 105.8 107.5 115.9 118.6 120.8 121.2 119.6 114.6 110.3 106 102.9 99.7 88.7 84.5 83.2 80.8 97.2 108 111.4 121.4 130.9 142.3 151.8 161.1 168.6 176.6 185.6 194.1 202.1 209 220.7 229 234.7 237.2 238.9 240 241.9 245.4 250 253 255 258.5 262.3 264.5 265.9 267.7 269.5 268.5 268 266.8 262.8 257.4 251.1 245.4 239.9 235.4 233.5 228.7 237.5 245 252 257.3 262.2 267.4 276 281.6 285.8 285.3 282.6 284.5
131.9 130.4 132.1 140.5 144.7 142.2 135.3 126.3 115.3 98.8 99.9 116 117.8 119.5 118.8 116.6 111.4 106.4 101.9 98.6 95.7 82.5 77.4 79.3 88.4 111.8 115.1 119.4 127.4 140 150.1 159.3 167.3 175.9 183.5 191.3 202.6 210.8 217.3 224.3 230.3 235.7 239.5 240.2 242 245.4 247.9 252 253.7 256.3 259.8 262.5 263 265.2 265.6 265.9 267.2 267.1 264.1 259.8 255.1 249.4 243.6 236.4 231.7 223.4 228.6 235.5 242.8 250.2 255.8 261.3 267.4 273.6 278.8 281.5 281.1 282.5 283.9
129.8 127.3 129.7 134.1 138.2 133.1 126 121.2 110.7 96.8 101.5 115.3 117.6 116.9 115.7 112.7 108 103.3 99.3 94.8 89.1 77.2 87 93 111.8 116.6 119.8 123.3 134.2 148.5 159.2 171.8 176.9 187.6 192.9 203.6 210 216.7 223.6 228 232.1 239 242.5 243.5 245.4 246.8 250 252.4 254.5 257.2 260.6 262.2 262.6 264 263.3 262.9 266.5 267 263.5 259 253.6 247.4 240.1 232.4 226.5 221.2 227.2 234.2 241.2 248.2 253.8 259.5 265.3 270.9 274.8 276.4 278.3 280 282.6
127.1 124.8 126.4 129.5 131.5 126 119.8 116.3 108.3 91.8 112.1 115.3 116.3 114.5 112.7 109.5 106 100.2 96.2 92.3 82 72.4 85.7 106.9 113 116.8 120.4 125.7 139.1 151.8 167.9 182.5 189.9 199.6 205 214.9 217.5 222.5 228.6 231.9 234.3 241.8 246.8 246.8 246.9 248.8 251.5 253.3 255.7 258.3 260.3 261 261.8 261.9 261.3 263 266.4 269.2 263.9 259.9 252.9 245.6 236.6 228.4 223 218.7 226 232.8 239.5 245.8 251.8 257.3 263.1 267.8 271.2 273.9 274.7 276.7 279
125.9 122 123.3 125.2 125.8 121.1 115.3 111.6 101 93 110.4 113.9 114.2 111.5 109.4 107.4 103.3 99.4 96 90.3 78.4 74.2 83.2 104.9 112.3 116.4 120.3 127.6 141.5 154.1 169.7 187.5 199.9 208.5 215.9 222 226.7 229.3 231.1 231.5 235.5 243.9 249.5 249.9 249.6 251.3 252.7 253.8 255.8 258.1 260 261.2 260.5 260.2 259.3 262.5 267.9 270.3 266.8 260.8 251.6 244.1 234.2 225.6 219.2 216.6 224.6 230.7 237.2 243.6 250 255.8 260.8 265 267.6 269.7 270.5 272.3 273.7
126.5 119.6 120.5 121.5 120.7 116.2 112 108.2 88.3 103.6 108.2 112.1 112.4 108.9 105.8 104 103 100.3 96.3 86.7 73.5 71 92.4 107 110.1 114.4 120.3 128.8 143.5 153.8 171 190.1 203.8 214.7 219.8 230 235 234.1 231.7 228.5 235.1 244.2 251.5 251.4 251.1 252 252.5 253.6 254.6 256.5 258.9 260.4 259.3 258.2 258.5 261.1 267.1 268.6 264.1 257.7 249.2 241.7 232.1 223.5 216.3 217.6 223.2 228.7 235 241.4 247.8 254.4 259.8 262 264.1 263.6 264.4 266.2 268.4
120.4 117.2 117.2 117.8 115.9 112.6 109.1 104.4 87.4 104.5 106.5 109.4 110.5 106.9 103.4 102.1 101.9 101.1 96.6 80.1 74.9 90.8 100.7 105.2 108 113.5 120.4 130.7 143.9 153.7 170.2 191.3 205.4 215.9 222.1 230.9 237.6 237.5 228.4 224.4 231.1 243.1 250 252.6 253.6 253.8 253.1 253.1 253.5 254.5 256.3 257.6 256.8 256.4 259.1 261.4 265.2 265.5 260.1 254.8 247.3 239.4 230.2 221.6 213.2 214.5 219.9 225.1 231.3 237.6 244.9 251.5 256.1 258.9 259.6 258.3 258.6 261.1 262.5
116.8 116.2 114.8 114.5 111.7 108.6 105.9 98.2 85.2 103.3 105.7 107.5 108.1 105.3 102 100.1 101.4 101.4 92.8 68.2 75.9 91 100.4 103.3 107 114.1 122.4 133.9 146.5 155.6 168.9 190.4 206.9 215.3 221.5 228.6 234.2 234.3 227.1 220 226.9 241.2 248.8 252.9 253.5 253.8 252.9 252.6 252.7 252.7 253.3 254.6 254.4 256.3 258.7 260.5 262 261.2 258.1 252.7 246.2 237.6 229.5 220.3 211.7 211.6 216.7 221.5 227.7 233.9 241.1 248 252.8 254.7 254.7 252.9 250.9 254 256.5
115.9 114 112.2 111.3 108.3 105.9 103.8 88.8 84.2 102 103 105.2 105.7 103.2 100.6 98.8 100.4 100.7 78.6 72.5 76.7 96.3 99.7 101.7 107.5 114.4 128.6 139.7 150.5 157.7 168.6 188.1 206 216.6 220.1 224.9 228.9 229.4 221.6 215.4 225 240.3 246.8 251.8 254 253.1 251.8 251.4 250.1 250.1 251 252.4 252.1 255.5 258.3 259.7 260.2 259.2 256.4 251.3 245.4 238.7 230 219.9 211.1 208.9 213.5 217.9 223.9 230.5 238 244.3 248.9 250.9 251.6 249.2 243.9 246.7 249.8
114.3 113.1 111.7 108.9 105.5 102.8 101.6 87.9 84.2 96.6 100.3 102.3 103.2 101.8 99.2 98.2 99.4 91.8 70.3 70 83.9 97.6 101.8 104.4 110.6 119.9 134 141.1 152.7 160.8 170.4 190.5 202.7 214.4 218 220.4 220.7 221 213.3 213.2 222.5 237.4 246.4 251.3 253.6 252.4 250.6 249.5 248.2 245.9 247.7 248.5 250.5 255.1 258.2 258.8 259 258.1 254.3 250.4 244.5 238.6 229.7 218.8 207.9 207.6 211.8 215.7 220.1 227.5 234.4 239.4 244.1 246.3 248.9 244.7 239.7 241.5 241.9
113.9 113.3 112.5 110.6 106.2 103.6 102.9 98.5 79 87 97.9 99.3 101.4 100.6 98.2 96.2 97.3 79.2 66.4 75.7 97.6 102.1 104.6 107.7 113.8 126.8 136.4 146.2 155.1 161.3 174.5 186.5 199.6 207.2 213 213.6 212.2 209.1 205.9 211.5 219.4 232.6 244.2 250.8 252.4 252.5 249.6 248 244.8 242.9 243.9 245.4 249.5 254.2 257.2 256.9 257.9 257.3 253.7 249.4 242.9 236.7 228.7 217.8 208.4 206.8 210.2 213.5 217.4 224 229.5 233.7 238.5 241.6 243.1 240.7 235.7 236.1 236.4
112.8 113.8 112.8 109.7 106.8 104.6 105 106.5 87.8 77.2 92.3 97.6 100.4 99.8 97.1 93.8 88.3 62.6 69.9 90.2 102.5 106.3 108.6 112.3 118.5 129 138 146.7 154.6 160.7 171.7 183.2 194.2 202 206.2 205.6 201.4 200.2 204.3 210.1 217 227.7 243.9 249.5 251.1 250.8 247.7 245.3 241.5 238.6 240.4 243.9 247.5 250.6 252.8 254.1 255.5 255.4 252.6 248.2 241.7 235 226.5 216.6 206.7 204 208 211.5 215.9 220.6 226.3 230.1 233.7 237.8 238.4 237.1 232.8 231.1 230.9
113.4 114.5 113.4 108.7 106.9 104.5 105.4 106.3 95.4 75 88.4 96.5 99 98.2 95 91.6 84 61.6 80.2 98.5 104.3 108.4 111.5 115.8 122.1 129.1 138 147 153.9 159.1 166.9 177.4 187.9 196.4 200 199.1 194.5 194.6 201.5 208 214.3 223 239.8 245.5 248.8 247.5 245.2 241.1 237.7 235.9 238.3 241.9 245.9 250.6 250.5 251.7 252.9 252.9 250.2 245.5 238.3 230.7 221.8 213 204.9 200.8 204.6 209.4 212.5 217.1 222.5 227.2 230.2 234.4 236.3 234.7 230.4 227.5 226.4
114.7 116.4 114.5 110.1 105.2 104.5 104.2 104.6 102.6 84.6 87.3 93.4 96.6 96.1 93.2 90.1 74.6 62.9 79 100.1 105.7 109.7 113.8 117.9 123.7 130.9 138.9 146.8 152.6 157.2 161.7 171.3 182.2 188.4 190.2 189.5 188.8 192.7 199.3 205.2 211.6 219.9 232.9 241 244.7 243.9 242.5 236.8 233.7 234.2 235.3 238.8 242.9 246 248.1 249.3 250.4 249.9 245.9 240.6 233.2 225.3 217.9 210.4 201.5 198.4 202.8 206.5 209.1 213.8 219.4 223.5 228 231.3 233.7 233.2 228.5 224 222.2
115.2 116.1 116.3 113.2 106.8 104.3 102.8 101.3 100.4 88.7 79.7 89.8 92.4 93.8 88.3 79.5 63.8 60.3 71.6 96.6 104.9 109.5 114 119.4 125.4 132.1 139.6 146.4 152.1 155.1 157.6 163.6 172.5 178.8 183 183.3 183.3 188.8 197.8 204.2 209.1 217 225.8 234.9 239.4 238.4 237.4 232.7 228.7 229 233.1 236.1 239.3 242 244.6 245.8 246.2 244 239.8 232.6 225.8 219.1 213.1 206.9 198 198.1 202.3 204.7 207.8 211.4 215.5 220.6 226.5 230.5 232 231.6 225.9 219.2 217.3
115.1 116.4 117 116.2 111.7 107.4 103.6 97.8 97.1 81.8 77.2 86.3 89.6 90.9 82.8 68.9 62.1 60.3 81.8 98.5 103.7 108.7 114.4 120.3 126.5 132.3 138.5 145 150.1 152.3 153 159.3 166.1 172.1 176.3 177.4 182.4 185.9 195 202.8 206.9 212.2 221 228.6 231.1 230.7 228.7 226.4 223.6 228.8 232 233.3 234.8 238.3 241 242 241.4 237.5 232.2 224.5 218.3 213.6 208.6 202.7 195.1 198.6 200.5 202.9 206.4 210.2 215.1 220.3 225.9 230.1 231.5 230.5 225.7 218.2 212.2
114.7 116.2 116.8 115.5 111.3 106.7 101.5 95.3 93 78.2 70.2 80.2 87.3 86.2 75.8 65.6 63.2 84.2 90.7 97 102 107 113.5 120.1 126.1 131.5 137.3 142.7 147.1 148.9 149.8 153.6 159.8 166.3 169.9 174.3 177.9 183.1 191.5 200 204.3 208.1 216.5 221.5 222.3 222.6 222.5 219.9 224.3 228.5 228.9 229 230.4 233.7 237.2 240.2 235.1 229.7 224.5 217.4 212.2 208.1 204 198.2 192.4 197.2 200.7 203.6 207 209.9 214.9 219.6 224.6 228.3 229.7 228.8 222.6 214.7 207
113.6 114.9 114.9 112.9 109.6 102.9 97.6 91.9 89.9 84.9 68.2 69.5 83 82.3 71 61.6 63.7 81.6 89.1 94.5 98.2 103.9 112.9 119.1 124.6 129.6 134.4 139.3 143.7 144.8 146 148.6 154 157.6 165.7 170.8 175.5 182.2 188.5 196.5 202.6 205.2 211.3 214.1 215.5 216.2 216.1 216.5 223.3 226.5 226.3 225.1 226 228.8 231.7 232.1 227.1 222.5 217.2 212.2 207.6 204.5 200.3 194.9 190.5 195.5 201.8 205.8 209.8 212 215.9 219.6 223.4 224.6 226.4 224.5 220.1 210.8 203.2
112 113.2 112.2 109.7 105.6 99.2 93.4 87.2 85.4 85.8 83.7 71.9 79.9 81 66.6 59.6 64.8 77 86.8 92.3 94.8 100.4 110.5 116.5 121.9 126.6 131 135 139.3 141.6 142.6 144.4 147.1 154.3 161.3 167.8 173.8 179.8 186.4 193.6 198.8 201.7 204.9 207.6 208.9 209.5 205.1 218 221.6 222.5 221.8 220.6 221.4 223.5 226 224.8 220.1 215.4 211 207.3 204.3 200.7 195.6 188.6 190.3 195.6 201.3 206.2 210.4 212.2 216.1 219.9 221.6 222 222.9 220.2 215.7 205.8 196.6
109.3 110 108.6 106.1 102.4 94.7 90.9 83.4 81.7 83.1 81.2 69.1 77.8 76 60.2 55.8 67.5 76.8 84.4 89.7 92.4 99.3 108.9 113.7 118.4 123 127.4 130.5 134.9 138 138.6 139.8 141.8 150 157.8 165.4 171.7 177.8 184.8 191.2 194.9 195.9 198.6 201 203.1 202.3 209.5 216.3 218.4 218.2 217.4 216.5 216.6 218.4 220.2 216.8 212.7 209 205.7 204.7 201.5 196.5 191.9 184.9 188.7 194.7 200.8 205.3 209.1 211.8 215.4 218 220.1 221.3 220.1 216.7 212.1 201.3 195.4
106 106 104.5 101.4 96.6 91.6 85.9 81.6 79.1 80.2 79.5 73.8 64.1 69.5 56.5 56 67 77 82.3 86.8 89.9 96.6 104.9 110.4 115.4 120.5 123.1 126.7 132.6 134.8 134.8 135.4 139.9 147.1 155.2 163.1 169.4 175.6 183.8 189.7 191.4 191.3 193.5 195 196.3 200.2 207.6 213.2 214.6 215.1 214.4 212.9 212.8 213.8 214.7 211.2 208 204.1 202.8 201.9 199.2 194 187.8 182.6 188.2 194.2 200.4 205 208.7 210.6 213 215.5 217.8 219.6 216.8 213.8 209.2 199.7 192.2
102.3 102 100 96.6 94.1 88.9 83.1 79 77.3 76.7 76.8 72.7 61.8 50.8 55.3 58.4 67.7 73 79.4 83.5 88.1 94.9 102.4 107.9 112.6 116.2 118.8 122.8 130 130.7 129.3 133.3 138.3 145.2 152.9 160.1 167.4 174 181.9 186.8 187.4 186.4 187.5 190 193.4 200 206.8 209.9 211.9 212.5 210.9 209.6 210.5 211.6 209.2 206.3 203 200.7 199.5 198.4 194.3 190.1 181.8 182 188.6 194.8 200.1 205 209.9 210.9 210.9 213 215.1 214.8 212.7 210 206.7 198.4 188
