Game/Highland_Data/StreamingAssets/GeoData/Data/nr/NR97.asc
ncols 200
nrows 200
xllcorner 190000
yllcorner 670000
cellsize 50
[rows 108 to 143 of 200, columns 81 to 161 of 200]
131.6 130.9 130.5 129.9 129.5 130.3 129.6 131.3 134.2 139 142.8 145.2 146.3 143.6 138.9 138.6 138.8 141.1 146.9 150.7 151.8 153.1 148.3 145.7 146 142.2 136.9 149.2 154.6 159.3 162.1 163.1 164.6 165.7 169.4 174.6 180.5 200.9 207.7 195.7 203.2 197.8 195.9 196.5 199.8 207.9 204.9 193.8 186 194.4 208.2 224.7 240.5 251.9 262.2 274.3 292.7 297.9 298.2 299.5 288.6 285.4 290.4 303.3 287.3 273.5 272.1 277.5 304 319.9 312.8 324.4 322 319.3 309.3 310.3 306.6 293 283.3 270.8 259.5
129.6 129.6 130 129.7 129.1 131.9 134 135.9 136.8 142.3 147.9 150.2 150.9 149.1 145.4 143.3 142.4 141.2 142.9 145.4 146.6 147.8 139.5 136.8 136.7 136.1 137.1 148.4 156 162.2 164.5 170.1 170.1 171.4 179.6 181.3 184.8 187.8 202.1 192.6 188.8 190.6 188.3 188.4 198.9 205.5 201.5 186.6 178.8 192.4 207.6 226.8 239.8 253.3 264.7 268.7 283.6 290.7 287.3 283.7 279.7 277.2 273.8 282.4 275.6 269.4 268.6 274.2 285.8 302.4 295.5 313.7 322.4 320.7 319.7 316.7 311.5 299.5 290.6 270.2 258
129.6 129.6 131.3 131.8 136.3 138.8 140.2 141.3 142.1 146.9 152.1 155 156.1 154.8 151 153.1 148.8 142.8 141.7 141.5 143.6 141 134.7 132.9 132.9 133.2 135 145.9 155.7 162.6 167.2 171.8 174.9 180.5 197.8 195.3 191.4 188 186.9 189.4 181.6 182 181.3 180.3 186 191 190.4 179.1 178.2 184.7 205.6 224.7 235.5 254.3 270 276.5 279.1 284.6 279 276.1 274.1 273.3 269.8 266.5 265.5 262.8 263.3 266.7 274.7 283.5 286.7 297.9 316.1 318.1 314.7 316.2 310.3 301.6 285.4 266.7 254.1
129.6 130.9 136.1 139.8 143.5 146.9 147.9 147.7 147.9 151.7 156.8 159.5 158.4 160.7 160.3 158.7 153.1 145.9 140.3 139.8 138.1 134 129.4 129.8 130.1 131 132.9 141.3 151.8 161.8 166.3 171.2 177.5 193.2 204.6 205.3 205.6 186.3 180.5 180.2 179.7 176.7 174.3 174.4 175.1 182.7 181.6 173.2 173.2 178.4 199.8 221.2 232.4 256.2 274.1 282.3 280.4 280 277.3 273.6 273.3 273.5 270.5 262.4 257.2 260.1 259.5 261.8 264.8 274.2 282.8 293.5 303.1 304.8 309 311.1 307 296.3 277.2 260.7 250.5
132.6 137.1 142.3 145.9 148.7 153.2 155.3 155.8 154.7 157.5 160.4 163.6 162.8 162.4 162.1 161.7 157.4 149.8 140 137.1 132.6 130.5 128.3 128.2 129.2 129.7 129 137.5 150.3 159 164 169.1 180.5 198.8 204.7 210.8 211.5 204.4 178.2 178.4 175 170.7 169.7 166.8 167.2 171.2 173.2 169.8 169.8 173.2 187.3 213.8 228.2 248.7 277.1 285 282.3 279.1 278 278.6 269.7 268.2 269 264.4 258.5 249.6 249.6 256.7 257.7 265.8 276.6 294 297.7 300.7 300.3 304.3 300 284.7 267.5 254.4 244.6
138 142.7 147.4 153.4 158.3 158.9 162.9 162.7 160.4 161.6 162.3 167.1 168.9 163.4 161.9 162 158.3 150.1 138.9 133.5 130.1 128.5 128 128 128 128.3 128.6 135.2 146 156.7 162.7 169.2 180.8 194 203.1 210 215.4 205.5 179.4 173.5 171.1 169.2 164.5 160 159 162.8 167.1 167.7 161.7 169.2 180 203.5 222 237.3 266.5 286.2 287.7 276 277.1 287.1 275.4 262.1 268.8 263.2 256 245.9 241.8 246.4 251.1 258.5 268.3 297.5 288.6 291.2 293.1 291.9 287.2 273.5 261.9 250.6 241.1
142.8 147 152.4 160.6 168 171.9 171.6 169.3 166 163.4 162.8 166 169.5 162.2 161.2 161.3 158.2 150.6 139 131.4 128.2 127.9 128 128 128.4 128.4 128.6 132.4 142.4 153.8 160.4 169.6 177.3 187.5 195.8 202 205 196.9 180.6 172.1 169.8 166.1 161.2 158.9 157 157.6 159.7 160.8 160.4 160.3 175.9 190.8 207.2 218.8 257.4 278.5 271.8 279.5 279.6 267.1 267 261 267.6 262.8 251.5 241 234.7 237.5 240.8 249.6 261.4 274.7 280.3 300 296.8 288.4 280.8 269 259.1 248.5 237.8
145.2 149.4 155.6 163.9 173 178 181 174.4 167.2 165.1 162.7 161.5 160 159.3 158.2 155.6 153.6 144.4 136.1 128 128 128 128 128 128.7 128.2 128.4 130.4 140.6 150.7 157.1 165.7 175.4 181.2 187.5 192.7 193.4 189.1 180.6 174 168.1 163.6 160 157.9 155.9 155.1 157.2 159.4 160.7 158.9 171 183.7 195.9 214.7 223.3 247.3 254.5 272.1 268.9 268 260.2 256.1 257.6 265 267 239.1 229.7 229.2 229.9 240.9 254.9 267.3 272.5 299.3 298.6 290.4 281.4 271.1 257.2 243.7 233.2
147.8 151.3 157.1 164.4 174.2 182 183.6 174.6 168.3 164.6 162.2 159.5 157 153 150 147.2 138 135 128.3 128 128 128 128 128 128 127.9 128.5 129.8 136.6 148.1 155.1 163.8 176.1 179.2 180.2 183.4 184.9 182.1 177.9 174.4 169.9 165.2 161.8 160 156 153.4 153.7 153.7 158.3 158.8 163.1 174.4 191.2 198.8 214.1 228.5 238.9 258.1 260.6 269.3 268.4 255.2 251.3 254.6 263.9 242.9 224.3 222.9 223.2 235.7 246.5 249.8 256 286 279.7 279.2 278.6 270 259.2 242.4 225.2
149.1 154.3 160.5 166.5 171.4 180.1 181.1 170.8 166.5 162.7 161.5 159.9 158.4 152.5 149 141.2 136.1 132.4 128.2 128 128 128 128 128 128 128 128.2 129.7 135.5 144.3 153.9 162.5 171.7 178.7 177.3 179.1 178.5 177.8 175.3 172.9 170.8 167.4 163 160.3 158.2 156.1 153.9 154.1 152.7 155.3 159.6 168.3 178.8 189.1 202.2 215.9 228.7 237.7 254.4 269.8 271.6 257.2 249.3 250.6 247 237.4 228.8 220.5 216.9 222.2 234.9 236.2 237.3 269.6 260 260 269.4 258.3 252.9 238.3 224.6
150.3 156.7 162.2 167.8 169.1 169 172.3 167.7 163.9 161.6 161 160.8 161.1 157.7 152.6 141.8 133.8 131.1 129.7 128 128 128 128 128 128 128 128.7 131.1 135.5 142.3 151.8 161.2 169.3 172.3 173.3 176.1 177 174.6 172 170.9 170.3 168.6 165.2 162.4 160.6 159.9 156.5 152.7 151.6 152.2 158.3 164.4 173.1 181.2 191.6 206.8 217.2 226.5 237.2 265.2 265.5 255.7 249.6 247.3 239.4 231.3 224.4 217 212.6 215.4 218.5 220.5 224.9 249.3 247.7 245.1 253.3 241 243.9 236.6 220.8
151.8 157.1 166 173.9 172.1 169.1 165.4 162.7 160.3 160.5 161.1 161.2 161.2 160.3 156.9 143.2 133.8 130.6 130.8 128.7 128.7 128 128.1 128.5 129.1 129 130.9 132.7 135.8 141.7 151.4 157.2 164.5 169 171 174.4 177.3 174.2 171.3 170.2 170.3 169.3 167.4 165.3 165.4 161.6 158.7 155.2 150.5 149.9 153.3 159.8 165.9 174.3 184.9 199.5 213.6 226.4 237.6 246.7 257 255.8 250.9 247.6 241.1 234.2 221.3 210.2 210.9 206.4 207.4 209.9 214.9 228.5 231.8 228.2 232.1 225.1 229.6 223.7 211.4
155.8 158.7 164.1 174.3 172.3 164.9 160 157.6 156.5 157.9 161.1 161.2 160 161 157 144.6 134.2 130.1 130.3 125.8 129.7 130.7 129.7 129.7 130.7 133 135.1 136.7 137 140.7 151.3 156.6 160.8 167.6 171.7 175.5 177.6 175.4 170.7 170.1 169.4 169.6 168.8 169.9 169.3 164.3 161.5 159.8 153.8 149.8 149.9 156.5 160.5 169.8 181.2 194.7 214.1 227 241.5 251 262.4 259.3 252.1 251.6 249.2 239.7 220.1 211.2 211 205.8 199.2 201.5 207.2 214.3 218.6 210.8 210.4 212.7 216.9 211.5 202.3
160.1 163.1 165 169.1 166.9 159.4 154.9 152.8 151.5 156 161.2 160.4 153.9 149.9 149.4 138.6 132.5 128.3 128.1 128.1 129.6 130.9 135.9 130.9 134.1 137.3 139.3 139.4 139.4 145.7 153.8 158.1 162.1 168.6 172.4 176.9 179.6 179.9 171.6 168.9 168.8 170.3 175.3 176.6 172.7 167.3 165.5 163.3 158.6 149.9 149.9 149.9 156.3 165.6 176.9 189.8 211 222 239.6 260.1 266.8 263.6 249.1 250 250.5 235.6 218.3 207.5 205.6 202.7 193.9 196.3 202.1 204.4 204.5 195.4 197.6 205.1 207.2 201.5 186
168.6 169.5 167.7 164 162 156.8 151.3 148.7 148.1 148.3 150.6 150.6 146.4 142.2 137.9 133.4 125.6 128.1 128.1 128.1 124.6 128.7 138.7 133.6 135.9 139.9 144.8 147.3 144.3 148.5 157.3 162 167.6 170.5 176 179.7 181.4 178.6 169.7 168.8 168.8 171 187 187.8 175.1 168.9 169 166.6 160.7 153.1 149.8 151.2 151.9 164.4 172.2 184.3 201 217.5 238.2 261.1 262.2 257.9 244.5 245.9 239.5 226.6 212.7 201.6 199.9 198.4 190.1 190.9 195.8 190.8 188 188.5 188.1 193.6 199 190.4 171.5
180.5 176.2 173.2 167.6 163 157.9 149.2 146.7 144.2 144.3 142 142.6 138.6 132.9 129 128.1 128.1 128.1 128.1 128.1 128.1 128 133.4 133.4 136.6 144.2 150.1 158.2 148.2 150.9 159 167.1 183.7 187.2 188.2 191.5 190.3 182.6 174.8 169.4 168.7 173.5 191.1 185.9 175.7 169.6 168.9 170.7 161.8 154.5 149.1 147.3 149.3 157.8 165.1 178.1 191.7 213.7 235.3 251.6 250 242.2 237.5 240 231.6 218.6 204.4 198.2 191.7 192 185 184.1 186.8 182.9 175.6 175.4 176.9 186.9 191.8 180.5 163.6
187 183.7 178.8 173.3 167.2 160.3 153.2 145.8 142.7 140.6 139.5 136.9 133.1 128.3 128.1 128.1 128.1 128.1 128.1 128.1 128.1 128.1 129.7 132.4 135.1 141.8 147.2 148.4 146.5 150.4 158.6 174.4 196 201.1 200.2 200.8 192.8 187.6 183.1 173.8 176.1 174.5 186.1 178.6 172.3 166.9 169.4 169.7 164.3 159 151.6 147.4 145.1 150.9 158 172 186.8 208.9 226.2 237 230 224.2 232.5 230.6 220.7 206.1 197.6 193.1 186.4 184.5 180 174.8 178.3 175.4 169.4 170.6 168.6 174.2 176.4 165.8 166.8
202.5 192 183.9 177.7 172.5 168.2 162.1 146.8 139.9 139 136 132.8 132.3 128.1 128.1 128.1 128.1 124.3 131.4 130.3 132.3 131.5 130 131.4 134.8 139 143.5 145.6 142.6 148.3 162.4 178.5 196.5 205.4 210.3 200.8 195.3 195.2 188.8 178.3 178.4 173.5 172.1 171.5 167.2 161.8 170.5 168.5 164.3 160.5 159.2 152 140.9 143.4 151.7 165.6 182.1 205.5 218.3 217 207.7 215.6 220.8 214.8 204.1 198.3 192.4 188.7 183 177.6 174.8 166.2 172.4 169.1 158.4 162.5 161.2 162.9 161.1 149.5 163.5
211.2 196.7 186 180.4 176 172.6 166 154.9 141.3 138.1 133.7 130.3 131 131.6 125.3 128.1 128.1 130.4 139.3 141.7 137 135.9 133.9 133.2 135.1 136.4 139.4 141.9 138.6 145 159.1 177.4 188.1 200.5 209.4 198.6 196.6 197.5 190.2 187 181 175.4 166.3 161.6 158.2 156.4 165.6 164.1 161.9 163.3 164 154.3 143.6 135.9 143.3 162.1 169.1 192.2 200.5 191.6 186.9 206.9 206.8 203.5 198.8 191.2 190.5 181.2 175.9 172.3 167.2 153 169 160.3 150.4 152.1 152.6 155.3 152 154 157.2
219.1 199 187 182.1 177.7 172.9 166.6 159 144.7 138 134.8 131.6 133.1 135.6 139.7 128.1 128.1 133.9 139.9 145.6 143.9 139 137.1 135.5 135.8 136.2 135.8 132.6 128.8 141.5 155.2 164.6 187.3 201.7 202.6 201.2 202.7 198.8 200.6 196.5 197.7 173.6 160 152.3 148.7 151.8 160.2 160.8 162.8 165.6 167.3 159.3 146.2 139.7 139 150.5 155.5 180.8 183.6 176.9 172.3 181.7 193 188.9 181.6 189.7 183.2 175.4 168.2 159.9 156.1 147.6 155.1 149 140.7 141.4 147.9 151.1 152 160.4 155.3
219.2 201.6 191.8 183.6 181.1 177.7 169 159.4 148.6 141.7 137.5 135.8 137.5 138.9 142.7 125.6 128.1 132.5 137.9 142.1 143.7 141.5 139.7 137.3 137 137.1 137.1 133.7 126.8 129.7 147.9 156.4 182.4 203 203 208 211.8 195.4 197.9 200.3 185.5 166.3 154.9 144.1 143.7 147 153.8 162 164.3 166.5 164 157.3 147.9 136.8 131 140.3 144.4 157.9 167.9 163.7 160.5 168 178.4 173.4 180.6 187.4 183.2 173.2 162.4 151 147.8 138.9 143.4 140.3 134 131.7 141.2 145.1 141.6 159 153.7
222.3 208.3 197.8 187.3 181.9 179.5 169 159.3 151.7 145.7 139.4 137.3 137.5 137 136.7 128.6 126.5 127.9 137.8 143.6 140.5 147.1 140.3 138.4 138.1 138.7 138.8 138.1 129 128.4 140.8 150.4 182.8 184.5 210.2 216.7 200.3 186.6 187.1 189.2 170.5 161.3 148 138.5 140.2 144 152.2 165.9 165.6 166.9 163.2 156.5 146 138.7 130.1 132 139.6 144.1 152 151.9 153 157.4 161.8 156.6 172.6 175.6 180.7 167.1 156.8 149 140.6 124.5 132 131.1 127.5 123.9 128.4 133.3 123.2 152.3 148.9
221.7 210.4 201.5 188.7 182.2 180.4 168.8 162.5 157.2 154.4 144.9 138.9 135.9 133.8 135.7 124.5 118.9 125.2 137.8 136.1 143.7 147.8 142.9 139.6 139.2 139.9 141.1 139.2 132.3 120.3 135.4 141.8 165.5 179.1 203.1 209.6 188.3 179.6 182.5 170.5 174.3 160.1 142.8 134.7 140.6 144.9 153.3 167.1 170 164.7 160.5 152.2 144.8 138.1 131.1 124.9 131.5 136.9 144.5 143.2 146.3 146.5 145.3 142.4 153.3 161.8 174.1 159.7 148.2 143.2 138.8 127.3 120 121.9 118.7 115.7 116.4 110.5 140.9 145.1 147.7
221 207.6 197.3 184.9 182.5 179.2 168.4 165.2 167.5 165.6 154.9 145.2 137.3 131.9 135.2 121.2 113.3 119.8 129.8 132 133.8 137.1 138.8 135.3 138.6 141.7 146.3 143.3 134.8 123.6 117.2 138.1 140.8 158.1 185.3 183.2 168.3 165.3 162.8 161.5 161 159.3 139.9 128.5 138.8 147.5 154.5 163.9 167 163 156.3 147.9 145 141.4 133.2 120 122.7 130.2 137.8 138.4 135.9 132 130.1 126.6 134.2 145.8 157.7 146.7 138 134.9 131.6 122.5 111.6 110.2 109.6 106 93.5 120.8 144.8 152 159.9
212.7 204.7 191.5 182.3 179.2 176.8 169.6 169.6 170.3 168.6 159.8 149.6 141.7 136.7 127 111.8 117.2 115.8 122.9 126.3 123.9 136.4 127.9 129.4 136.7 149.7 167.5 149 138.6 127.6 115.7 116.2 126.5 139.4 153.4 161.2 154.6 154.9 150.9 146 147.8 141.4 128 123.8 136.4 147.7 157.8 165.5 160.1 156.2 150.7 146.3 143.6 140.6 134 124.2 116.8 121.2 128.2 131.5 123.3 119.1 116.7 116 124.5 132.5 139.7 133.9 129.6 130.6 123.8 117.5 107.2 103.8 99.8 92.9 87.9 112.4 147.9 135.9 137.1
207.7 198.3 186.8 179.9 179.2 173.6 171.1 171 171.8 172.6 162.3 153 145.2 135.3 123.5 111.7 108.1 107.6 119.6 115.5 111.5 117.2 119.4 122 132.6 166.5 184 168.1 147 140.3 117 108.6 112.6 123.7 132.8 135.6 138.1 142.9 140.9 141.1 126.5 117.9 112.7 125 134.8 143.6 158.9 169.8 158.4 151.7 147.1 143 137.3 133.9 128.9 123.3 114.4 113.2 117.7 125.3 112.8 108.7 106.2 107.7 112.2 119.8 123.2 123.1 121.4 120.4 115.3 110.6 100.8 95 91.1 82.7 81.9 102.7 119.6 113 107.3
208.9 188.1 180 177.5 176.7 174.2 170.3 170.4 171 170.2 164.2 155.9 148.3 136.9 125.3 116.6 108.8 103 104.9 108.6 107 104.3 104.7 112.9 127.1 166.3 181 172.3 161.5 156.3 137.3 115.5 100.1 111.1 120.2 122.2 124.5 126.5 133 134.6 108.8 106 103.6 126 137.3 145.1 153.3 158 154 146.9 143.9 142.8 136.7 129.4 126.1 120.8 112.5 109.2 108.4 111.2 106.6 99.8 97.8 97.5 105.1 109.6 108.5 113.7 113.8 110.8 106.7 104.1 95.1 86.2 79.2 66.7 79 91.1 96.7 91.8 86.2
217.2 190.8 175.4 172.4 171.8 172.6 168.9 170.1 168.6 167.7 165.2 160.2 151.7 138.3 129.9 123.3 117.2 109.3 99 97.5 102.1 98.2 95.3 102.7 121 155 179.5 171.2 163.1 170.8 147.8 124.7 100.2 99.4 107.8 111.7 113.6 114.7 120.1 116.2 98.7 92.3 106.6 124.5 139.5 148.1 153.4 153.1 148 139.2 142 139.3 132.8 126 121.6 119.1 115.2 110.8 104.2 101.1 97.7 92.8 90.5 90.9 93.4 97.1 97.7 102.9 104.2 99.4 97.1 99 91.3 81.8 74 63.7 72.6 80 80 72.9 65.9
212.7 188.9 174 170.2 168.8 170 168.8 169.4 165.4 163.3 166.1 163.6 156.4 139.3 132.9 128.8 128.4 116.5 107.1 100.4 94.2 98.4 89.5 89.4 110.9 135.5 168 163 168.1 168.5 149.2 126.2 91.8 89.5 95.2 102.4 103.7 108.4 102.8 99 86.5 89.1 110.7 127.2 142.3 153.9 161.9 161.9 152 142.3 138.5 130.1 127.7 121.4 119.1 119.2 114.8 109.8 105.2 98.5 94.2 91.7 87.2 85.6 85.2 85.8 86.8 90 91.1 88.7 89 90.8 84.7 76.7 69.3 61.9 64.4 65 64.5 55.1 48.1
208.5 188.1 174 171 169.3 163.9 165.6 165.8 165.7 165.7 169.7 162.6 152.8 140.4 135.4 133.7 132.7 120.7 109.7 102.9 92.8 99.2 93.1 84.4 98.4 113.7 160.3 155.5 156.1 148.1 134.6 114.6 86.9 78.3 86.1 92.7 97.2 97.6 89.5 84.2 81 95.2 124.9 141.8 155.3 167.1 175.6 176.2 169.8 154.2 144.8 132.7 126.3 121.7 119.3 120.4 118.4 114 110.2 103.8 101.3 95.3 90.6 86.4 82.3 80.6 79.1 81.4 82.9 82.4 82.6 81.7 79.2 68.3 61.8 54.1 47.6 54.1 49.7 41.3 31.6
203.2 184.1 175.6 175.4 170.7 164.3 161.6 161.1 160.8 161.6 171.5 160.7 151 142 136.7 133.5 136.5 121.1 111.7 100.9 91.5 99.2 96.2 86 84.1 102 123.7 149.1 148.7 148.2 124.4 97.2 84.7 70.9 78.7 86.3 89.4 86.7 81.1 78.8 82.2 104.8 132.5 150.3 162.6 167.6 171.5 170.7 167 155.4 147 137.4 131.3 129.5 123.6 122.8 120.2 117.5 113.8 109.7 104.1 98.4 93.3 88.9 84.6 81.8 79.5 78.7 77.3 75.9 75.1 74.5 70.9 64.6 55.8 44.5 44 43.3 35.5 27.7 22.1
189.5 179.5 179.8 180.8 172.3 166.5 161.2 158.3 157.8 160.7 162.4 156 149.7 140.3 134.3 130.6 133.2 124.4 114.1 103.6 93.9 95.5 97.7 90.9 80.5 91.1 105.3 123.9 135.8 120.6 107.6 86.4 73.5 68.6 73.9 78.7 82 78.2 78.3 77.8 89.6 109 134.7 147.4 157.5 166.1 169.4 169.1 163.9 155.9 146.1 140.2 137.4 129.3 127.7 124.3 121.7 119.5 117.2 112.6 106.9 99.4 93.1 88.9 85.1 81.4 79.2 75.1 70.8 68.9 68.8 66.2 63.4 58.4 50.4 38.1 34.4 29.7 25.2 14.4 9.2
181.5 181.2 181 181.1 177.4 169 162.2 157.5 156.4 155 156 148.8 148.6 136 131 128.9 129 123.9 115.3 105 97.1 92.7 95.9 100.2 80.7 78.2 98.9 108.8 119.1 104.9 89.7 78.4 65.5 65.3 66.2 67.2 69.2 71.5 78.3 80.6 96.3 113 136 144.1 149.1 154.8 165.7 165.2 162.3 156 146.4 140.9 140 131 130 124.5 124.1 124.6 119.7 114.5 107.6 98.1 90.5 85.8 83.1 80.4 78.6 72 65.9 63.7 64.5 58.3 54.9 51.4 43.3 34.2 27.5 21.9 14.1 7.8 5.1
186.8 184.8 181.8 181.2 177.4 170.2 163.1 159.2 156.6 155.9 154.6 152.1 146.8 135.5 128.7 126.8 124.3 122.8 114.5 106.6 100.5 85.2 87.9 93.1 89.7 69.1 90.9 94.4 96.5 91.2 82.1 72 61.3 59 59.3 59.3 64.2 73.9 85.8 88.8 99.9 113.1 127.8 135.9 134.6 139.7 148.5 161.5 158.8 151 144.4 141.8 139.7 130.8 127.6 125.1 129.5 129.2 121.4 116 110 98.3 86.6 82 79.8 76.6 72.5 74.1 65.7 57.2 54.8 51.2 48.9 44.1 38.5 28 14.6 14.1 8.2 4.3 1.1
198.2 190.9 184.1 177.2 172.8 167.1 164.8 160.7 158.6 158.3 159.5 159.3 146.5 140 128.5 120.8 120.6 119.1 113.2 108.3 103.6 85.9 79.5 83.3 81.8 66.2 67.5 81.3 80.8 76.2 74.6 62.8 54.8 52 54.3 61.6 70 76.9 87.6 93 101.7 112.1 122.9 128 128.3 132.1 140 144.4 147 143.6 139.8 139.5 136.7 131 129.3 128.1 127.2 125.6 119.5 111.2 104.1 93.2 83.5 79.1 78 74.5 68 68.6 63.6 56.2 47.7 48.7 41.9 36.8 27.5 19.3 13.9 9.5 5.9 1.7 0.4
201.8 191.9 181.7 173.3 169.2 166.1 163.8 162.6 160.6 161.6 164.2 169.6 156.9 140 128.2 123.4 120.2 114.7 112.7 111.1 108.1 92.1 84.4 78.3 68.9 57.6 57.7 69.4 70.8 67.6 65.6 53.4 50.3 51.9 57.8 61.2 68.6 79.6 88.1 100 115.4 124.8 125.7 128.8 128.8 135.2 138.8 139 138.6 137.3 138.4 138.6 134.4 129.7 129.4 126 122.3 117.4 111.4 104 98.3 92.3 79.5 75.8 73.1 69.3 62.6 58.2 55.8 48.3 46.2 43.8 41.5 30.8 20.7 11.4 9.5 4.8 -0.8 0.8 -0.8
