Assets/StreamingAssets/GeoData/Data/nx/NX13.asc
ncols 200
nrows 200
xllcorner 210000
yllcorner 530000
cellsize 50
[rows 148 to 184 of 200, columns 0 to 83 of 200]
-2.5 -2.5 -2.5 -2.5 -2.5 -2.5 -2.5 -2.5 -2.5 -2.5 42.6 67.6 82.4 89.4 93 95.9 96.4 98.5 102.3 107 113.9 121.4 123.8 122 121.3 119.9 116.1 110.7 108.2 105.9 102.8 99.1 93.3 88.4 84.1 86.5 87.8 91 92.8 94.1 94.2 92 90.3 88.7 88 88.3 88.5 88.4 89.1 91.3 93.6 93.3 93.4 92.3 91.6 90 87.3 83.9 79.7 71.3 64.4 60.2 58.1 55.7 46 49.5 50.9 49.8 46.4 43.5 42.4 43.8 42.6 45.1 47.8 44 41.3 37.1 32.7 26.6 17.4 2.6 -0.4 -2.5
-2.5 -2.5 -2.5 -2.5 -2.5 -2.5 -2.5 -2.5 -2.5 -2.5 21.8 67.8 85.2 89.8 93.3 95.7 96.9 99.5 104.4 111.8 117.7 123.2 122.4 120.6 119.1 117 112.1 107.9 105.3 102.9 99.7 95.3 90.2 85.8 82.3 80.9 82.9 88.4 91.5 91.3 89.3 86.5 86.2 87.9 89.5 91 91.7 91.4 89.1 88.5 89.9 91 90.7 89.5 88.5 87.2 85.5 81.5 77.8 70.6 65.1 62.9 59.2 53.7 46.2 47.4 50.4 49.2 42.5 40.9 40.4 40 38.5 40.7 42.6 38.9 36.7 32.7 28.8 26.2 13 2.4 0 -2.5
-2.5 -2.5 -2.5 -2.5 -2.5 -2.5 -2.5 -2.5 -2.5 -2.5 -2.5 6.6 49.4 89.2 91.5 94.7 98 101.8 106.1 114.4 119.8 124.8 122.1 119.7 117.3 113.4 108.7 105.1 102.5 100 96.6 91.8 87 84.2 81.6 79.7 79.3 84.6 88.2 88.6 89 85.6 87.3 89.9 92.7 95.1 95.9 93.7 90.5 87.9 87.7 88.5 88 86.7 85.6 84.2 82.4 78.7 75.8 68.5 64.7 62.4 58.6 55.4 52.1 45.7 46.8 44 48.1 45 42.9 43.3 42 35 32 37.3 29.4 28.6 28 16.6 13 3.6 2.3 -2.5
-2.5 -2.5 -2.5 -2.5 -2.5 -2.5 -2.5 -2.5 -2.5 -2.5 -2.5 -2.5 2.7 32.7 60.9 93.5 97.9 103.2 108.5 116.3 122.5 124.6 119.9 117.2 114.3 110.3 105.7 102 99.5 97.1 93.6 89.5 84.5 81.4 80 80.2 77.3 78.3 82 83.6 86.1 81.2 87.6 91.8 95.3 97.6 96.7 94 91 88.2 86.7 85.9 85.4 84.1 82.8 81.2 78.7 75.3 71.6 65.7 64.2 60.4 57.4 55.5 49.9 45 42.9 47.4 48.2 46.6 46.8 47.1 47.9 49 45.3 41.1 35.3 29.4 25.9 26.1 24.5 13.1 21.1 2.7
-2.5 -2.5 -2.5 -2.5 -2.5 -2.5 -2.5 -2.5 -2.5 -2.5 -2.5 -2.5 -2.5 4.6 33.4 63.2 93.8 103.3 108.4 117.3 123 121.4 117.5 114.7 111.4 107.3 103 99.2 96.5 94 90.4 86.6 82.4 79.2 75.8 74.8 76.6 77.9 77.7 79.1 79.4 82.5 87.6 92.7 96.9 95.9 93.5 90.8 88.8 86.2 84.8 84 82.7 81.5 80.5 78.9 76.4 73.3 67.5 63.1 60.6 56.3 53.4 51.4 54.2 43.7 42.6 48.8 48.4 47.4 49.6 48.6 49.9 51.2 47.2 41.9 37.4 33.6 29.6 26.6 23.3 24.3 18.4 2.8
-2.5 -2.5 -2.5 -2.5 -2.5 -2.5 -2.5 -2.5 -2.5 -2.5 -2.5 -2.5 -2.5 1.2 14.3 60.8 94.7 101.7 109.3 119.4 122.3 118.4 114.4 111.3 108.5 103.4 98.7 95.1 92.6 90.3 86.5 82.7 79.3 77.3 74.6 73.6 73.4 77.4 77.3 76.5 76.7 80.1 86.1 91.6 94.8 92.7 89.8 87.7 85.8 83.8 82.1 81.2 80.6 80.8 80.8 78.3 75 71.3 66.9 60.6 60.4 58.8 59.8 57 51.5 47.8 41.7 49.7 46.9 52.6 51.9 49.5 51 52 45.8 43.1 39.2 35.3 30.2 26.4 24.2 25.2 21.3 8.6
-2.5 -2.5 -2.5 -2.5 -2.5 -2.5 -2.5 -2.5 -2.5 -2.5 -2.5 -2.5 -2.5 -2.5 6.1 65.3 90.5 91.1 109.4 118.6 120.1 114.9 110.4 107.7 103.5 97.8 93.4 90.8 88.9 86 82.5 79.8 77.9 76.1 74.1 73 72.8 74.5 77.8 78.2 74.3 77.3 82.3 87.9 91.2 89.1 86.5 84.3 82.1 78.6 76.9 77.1 78.5 81.9 82.2 79.3 75.7 71.8 67.7 62 60.3 60.6 59.2 55.6 55.4 52.6 41.1 48.3 49 53.2 52 49.9 52.5 51.2 46.4 43.1 39.3 36.2 30.8 25.9 25.1 25.2 21.8 19.3
-2.5 -2.5 -2.5 -2.5 -2.5 -2.5 -2.5 -2.5 -2.5 -2.5 -2.5 -2.5 -2.5 -2.5 -2.5 5.5 37.3 54.8 95.2 113.5 114.3 110 106.8 104.1 99 93.5 89.5 87.2 85 81.8 79.1 77.6 76.3 74.5 72.6 73.3 72.3 73.1 74.9 75.2 72.6 76 79.8 83.9 86.5 85.4 83.6 81.6 79.2 74.3 71.7 72.5 76.5 81.4 82.1 78.8 75.2 71.1 66.4 61.7 60.4 60.4 56.2 59.5 57.9 53.1 40.8 44.5 48.6 52.2 51.6 50.4 52.5 49.3 46.2 43.4 40.4 35 27.8 26.6 26.1 25.3 22.5 21.3
-2.5 -2.5 -2.5 -2.5 -2.5 -2.5 -2.5 -2.5 -2.5 -2.5 -2.5 -2.5 -2.5 -2.5 -2.5 1.8 9.6 33.6 73.2 74.2 88.1 105.4 103 99.6 95.2 89.1 86.2 83.7 81.1 78.1 75.6 74.7 74 72.8 70.4 68.8 69.5 72 71.9 71.6 71 73.9 77 79.9 81.2 81 79.5 78.2 76.5 72.3 68.2 68.8 74.6 79.9 79.7 77.1 73.6 70.4 65.9 60.6 59.3 57.7 60.1 59.4 57.3 58 42.7 40.5 47 52 50.1 49.5 51.4 50.7 48.4 43.7 38.1 31.4 32 27.8 25.5 24.6 24.3 23.6
-2.5 -2.5 -2.5 -2.5 -2.5 -2.5 -2.5 -2.5 -2.5 -2.5 -2.5 -2.5 -2.5 -2.5 -2.5 -2.5 2.2 7.6 41.3 30.7 65 103 99 95.6 90.5 84.1 81.9 79.9 77.6 74.1 72.5 71.8 71.2 70.3 69.7 67.7 65.9 66.7 65 74.2 72.8 73.1 75.5 76.9 77.7 77.2 76.2 75.2 73.3 70.6 66.5 66.5 72.6 77.8 77.2 74.4 71.5 68 63.8 59.7 59.2 61.3 60 58.6 59.3 58 44.1 39.4 45.6 49.5 49.3 51.4 53.9 52.7 48.2 42.4 35.7 30.7 30.7 27 25.5 25.5 24.9 24.3
-2.5 -2.5 -2.5 -2.5 -2.5 -2.5 -2.5 -2.5 -2.5 -2.5 -2.5 -2.5 -2.5 -2.5 -2.5 -2.5 -2.5 0.7 2.9 2.8 46.2 84.3 94.2 90 84.5 79.5 77.9 76 73.8 72.1 70.2 68.9 70 73 71.5 67.3 64.4 64 69.8 77.2 73.4 73 74.8 75.2 75.6 73.9 72.9 71.6 70.1 67.7 66 66.1 71 75.2 74.2 71.7 69 65.3 63 59.2 60.5 60.7 58.8 59.3 61.7 59 47.5 39 41.4 47.7 49.8 52.4 54.4 53.1 47 41.7 37.1 33.7 28.7 26 26.3 26.4 25.9 25.4
-2.5 -2.5 -2.5 -2.5 -2.5 -2.5 -2.5 -2.5 -2.5 -2.5 -2.5 -2.5 -2.5 -2.5 -2.5 -2.5 -2.5 -2.5 -2.5 -2.5 34.2 21.1 46.8 85.1 79.2 75.2 74 72.8 70.6 69.5 68.1 68.8 75 78.7 78.3 72.7 64.6 66.5 72.7 79.2 74.9 73.3 74.2 73.9 72.4 70.6 69.2 68.1 66.8 65.4 65.5 67 70.5 73.6 71.8 68.8 65.8 63.9 61.6 59.6 60.5 59.9 60 60.4 66.2 62.2 52.6 43.3 39 45 49.9 52 54.2 52.8 46.8 41.8 37.7 36.4 32.5 28 28.1 28.1 28.1 28.8
-2.5 -2.5 -2.5 -2.5 -2.5 -2.5 -2.5 -2.5 -2.5 -2.5 -2.5 -2.5 -2.5 -2.5 -2.5 -2.5 -2.5 -2.5 -2.5 -2.5 -2.5 -2.5 23.1 79.7 73.3 71 71.5 69.5 67.4 66.3 66.3 72.8 81.6 85.8 84.2 76.5 64.1 66.6 74 78.1 71.5 72.1 72.7 72.7 70.1 67.2 65.5 64.9 64.4 64 63.6 65.3 69.5 70.2 68.8 66.5 64.7 63.9 60.5 59.6 58.9 60 59.4 60.8 68.8 61.3 53 50.4 39.4 41.6 48.1 52.5 52.8 50.8 45.9 41.8 38 38.4 37.2 29.8 29 31.3 32 33.6
-2.5 -2.5 -2.5 -2.5 -2.5 -2.5 -2.5 -2.5 -2.5 -2.5 -2.5 -2.5 -2.5 -2.5 -2.5 -2.5 -2.5 -2.5 -2.5 -2.5 -2.5 -2.5 2.8 24.5 70.1 62.8 68.3 66.6 64 64.1 68.2 78.7 88.8 90.5 84.6 74.7 58.3 69.9 74.7 74.9 70.2 69.5 70.3 70.2 67.9 65.2 63.3 63.4 64.5 62.7 62.4 63.5 65.3 65.7 64.6 63.5 61.7 61.5 57.4 58.2 58.9 59.1 59.2 62.9 67 58.4 56.3 53.2 44.7 38.5 43.9 51.7 54.4 50.8 44.9 41.9 41 39.2 37.2 33.1 29.8 31.8 33.9 35.1
-2.5 -2.5 -2.5 -2.5 -2.5 -2.5 -2.5 -2.5 -2.5 -2.5 -2.5 -2.5 -2.5 -2.5 -2.5 -2.5 -2.5 -2.5 -2.5 -2.5 -2.5 -2.5 -2.5 -2.5 8.6 32.6 65 64.7 60.7 67 72.2 79.6 87.5 87.1 82.2 72.2 55.8 66.6 68 67.9 65.8 65.8 66.2 65.6 64.8 63 62.3 62 63.7 62 62.1 63.3 64 62.8 61.7 60.9 59.6 57.2 56.4 57.4 57.7 58.4 60.9 64.4 65.5 58.2 56.5 57.3 54.9 38.1 38.5 46.2 53.2 50.3 45.4 42.3 40.7 36.2 33.8 31.2 29.8 35.4 38.5 35.5
-2.5 -2.5 -2.5 -2.5 -2.5 -2.5 -2.5 -2.5 -2.5 -2.5 -2.5 -2.5 -2.5 -2.5 -2.5 -2.5 -2.5 -2.5 -2.5 -2.5 -2.5 -2.5 -2.5 -2.5 -2.5 5.4 57.4 60.9 57.2 64 71.5 79.5 84 82.7 78.4 69.2 53 63.3 64.8 62.8 60.4 60.8 61.4 60.9 60.1 59.8 59.5 59.8 60.9 60.7 61.7 63.5 62.6 61.2 59.8 58.6 57.1 54.8 54.9 54.7 54.6 57.8 62.7 66.1 62.6 57.8 58 58.1 55.8 47.4 38.2 40.4 49.4 49.2 44.5 38.9 35.3 35.3 40 35.9 32.6 38 37.6 38.5
-2.5 -2.5 -2.5 -2.5 -2.5 -2.5 -2.5 -2.5 -2.5 -2.5 -2.5 -2.5 -2.5 -2.5 -2.5 -2.5 -2.5 -2.5 -2.5 -2.5 -2.5 -2.5 -2.5 -2.5 -2.5 -2.5 5 52.9 55.5 60.8 66.4 72.3 76.1 78 73.8 65.6 48 62.3 61.1 58.2 55.3 55.8 56.4 56.2 55.8 55.7 55.8 57.4 59.4 59.8 60.9 62.4 61.4 59.8 58.3 56.3 54.1 52.6 51.9 49.8 50.5 55.6 62 64.6 59.1 58.7 59.1 58.2 56.3 49.9 43.8 38.8 46.1 45.9 40.3 40.6 36.7 40.6 41.1 34.4 38.3 38.3 39.1 42.5
-2.5 -2.5 -2.5 -2.5 -2.5 -2.5 -2.5 -2.5 -2.5 -2.5 -2.5 -2.5 -2.5 -2.5 -2.5 -2.5 -2.5 -2.5 -2.5 -2.5 -2.5 -2.5 -2.5 -2.5 -2.5 -2.5 -2.5 44.2 49 55 61.5 64.4 65.7 69.3 67.4 61.1 45.4 57.2 56.2 52.9 51.4 52.4 53.1 52.9 52.7 52.9 54.1 56.5 58 59.1 61.5 62.4 61 60 58.4 55.5 52.4 51.1 50.5 48.5 46.9 52.6 61.8 63.2 56.9 63.3 59.9 57 55.4 48.1 45.3 36.8 44.5 43.3 45.8 43.6 37.7 42.3 42.2 43.8 42.5 39.7 42.5 44
-2.5 -2.5 -2.5 -2.5 -2.5 -2.5 -2.5 -2.5 -2.5 -2.5 -2.5 -2.5 -2.5 -2.5 -2.5 -2.5 -2.5 -2.5 -2.5 -2.5 -2.5 -2.5 -2.5 -2.5 -2.5 -2.5 -2.5 22.3 42.7 36.1 53 55.6 60.6 62 60.8 55.8 40.7 49.6 49.3 47.2 47.9 50 50.6 50.7 51.2 51.8 53.2 55.5 56.5 57.8 61 62.6 61.5 61.2 59 55.2 52.2 49.4 48.1 47.1 47.8 53.3 57.1 58.5 55.3 57.7 60.6 55.3 52.2 48.1 48.9 42.2 39.6 45.7 45.3 40.4 37.6 43.5 39.4 44.2 43.7 45.2 45.6 46.1
-2.5 -2.5 -2.5 -2.5 -2.5 -2.5 -2.5 -2.5 -2.5 -2.5 -2.5 -2.5 -2.5 -2.5 -2.5 -2.5 -2.5 -2.5 -2.5 -2.5 -2.5 -2.5 -2.5 -2.5 -2.5 -2.5 -2.5 -2.5 -2.5 -2.5 40.2 47.3 53.1 56.3 52.8 47.1 47 36.7 39 40.3 43.3 45.4 47 48.8 50.5 51.7 53 53.4 53.9 55.5 58.5 61.5 62.9 64.1 60.2 55.5 51.7 48.1 45.5 45.4 47 51.5 55.2 52.7 52.5 53.1 52 51.3 49.5 47.4 45.9 42.8 37.6 46.3 45.3 41 38.9 40.5 39.8 42.4 45.6 47.6 47.9 47.3
-2.5 -2.5 -2.5 -2.5 -2.5 -2.5 -2.5 -2.5 -2.5 -2.5 -2.5 -2.5 -2.5 -2.5 -2.5 -2.5 -2.5 -2.5 -2.5 -2.5 -2.5 -2.5 -2.5 -2.5 -2.5 -2.5 -2.5 -2.5 -2.5 -2.5 -2.5 34.6 36.7 44.3 46.7 40.6 40.7 42.1 27.9 34.5 35 40.2 41.5 46.7 49.6 51.5 52.7 50.3 51.4 53.9 56.7 59.7 64.6 65.6 60.9 55.6 50.8 47.3 44.4 44 45.8 49.6 50.2 49.3 50.2 50.8 51.9 50.2 46.5 45 42.6 40.1 33.6 39.8 44 40.2 40.4 39.7 40 43.1 43.8 46.5 50.6 48.1
-2.5 -2.5 -2.5 -2.5 -2.5 -2.5 -2.5 -2.5 -2.5 -2.5 -2.5 -2.5 -2.5 -2.5 -2.5 -2.5 -2.5 -2.5 -2.5 -2.5 -2.5 -2.5 -2.5 -2.5 -2.5 -2.5 -2.5 -2.5 -2.5 -2.5 -2.5 -2.5 -2.5 26.8 -2.5 41 41.4 37.9 29.2 29 4.8 28.7 14.2 45.2 46.8 48.8 20 10.9 20.4 51.9 56.3 59.7 65.2 64.8 60.1 54.9 50 44.8 43.6 42.8 43.8 46.4 46.6 46.7 46.9 47.9 48.5 45 42.4 42.2 41.7 40.5 36.2 34.4 39.4 41.2 39 37.4 37.1 39.2 40.5 42.7 46.7 46.2
-2.5 -2.5 -2.5 -2.5 -2.5 -2.5 -2.5 -2.5 -2.5 -2.5 -2.5 -2.5 -2.5 -2.5 -2.5 -2.5 -2.5 -2.5 -2.5 -2.5 -2.5 -2.5 -2.5 -2.5 -2.5 -2.5 -2.5 -2.5 -2.5 -2.5 -2.5 -2.5 -2.5 2.4 -2.5 16.2 30.6 33.1 -2.5 -2.5 -2.5 -2.5 1.1 12.2 42.2 32.3 -2.5 1.4 4.2 25.7 56.1 60.4 66.2 63.6 58.9 54.3 49.4 44.7 43 43.2 44.5 45.7 45 44.1 42.7 42.6 45 41.8 40.5 41.3 42.8 40 35.5 28.5 36 40.1 36.3 34.7 33.9 36.1 37.2 39.5 42.3 43.9
-2.5 -2.5 -2.5 -2.5 -2.5 -2.5 -2.5 -2.5 -2.5 -2.5 -2.5 -2.5 -2.5 -2.5 -2.5 -2.5 -2.5 -2.5 -2.5 -2.5 -2.5 -2.5 -2.5 -2.5 -2.5 -2.5 -2.5 -2.5 -2.5 -2.5 -2.5 -2.5 -2.5 -2.5 -2.5 -2.5 -2.5 -2.5 -2.5 -2.5 -2.5 -2.5 -2.5 2.8 -2.5 -2.5 -2.5 -2.5 0.9 4.2 18.8 51.7 67.6 62.2 57.9 53.8 49.3 44.7 43.7 44.5 44.8 45.6 44.9 44.6 44.7 45.5 46.8 41.6 38.6 37.9 37.5 35.3 31.4 25.2 31.4 36.3 34.4 32.4 32.2 35.1 38.2 38.1 41.1 43.9
-2.5 -2.5 -2.5 -2.5 -2.5 -2.5 -2.5 -2.5 -2.5 -2.5 -2.5 -2.5 -2.5 -2.5 -2.5 -2.5 -2.5 -2.5 -2.5 -2.5 -2.5 -2.5 -2.5 -2.5 -2.5 -2.5 -2.5 -2.5 -2.5 -2.5 -2.5 -2.5 -2.5 -2.5 -2.5 -2.5 -2.5 -2.5 -2.5 -2.5 -2.5 -2.5 -2.5 -2.5 -2.5 -2.5 -2.5 -2.5 -2.5 0.4 4 11.6 47.5 61.9 56.9 52.2 48.4 45.2 45.9 46.4 43.9 44 43.3 43.7 46 46.8 46.2 44.2 44.6 45.2 43.5 38 31.9 29.6 24.5 32.7 35.8 33.3 32.6 36.7 41 39.3 38.4 40.3
-2.5 -2.5 -2.5 -2.5 -2.5 -2.5 -2.5 -2.5 -2.5 -2.5 -2.5 -2.5 -2.5 -2.5 -2.5 -2.5 -2.5 -2.5 -2.5 -2.5 -2.5 -2.5 -2.5 -2.5 -2.5 -2.5 -2.5 -2.5 -2.5 -2.5 -2.5 -2.5 -2.5 -2.5 -2.5 -2.5 -2.5 -2.5 -2.5 -2.5 -2.5 -2.5 -2.5 -2.5 -2.5 -2.5 -2.5 -2.5 -2.5 -2.5 -2.5 2.2 40.9 57.9 52.9 49.6 44.7 44.6 46.2 44.7 42.9 43.1 44.2 45.8 46.9 48.7 47.7 46.3 49.3 51.2 49.3 41 31.5 32.9 29.6 28.9 32.5 31.6 33.5 38 40.2 39.5 38 35.6
-2.5 -2.5 -2.5 -2.5 -2.5 -2.5 -2.5 -2.5 -2.5 -2.5 -2.5 -2.5 -2.5 -2.5 -2.5 -2.5 -2.5 -2.5 -2.5 -2.5 -2.5 -2.5 -2.5 -2.5 -2.5 -2.5 -2.5 -2.5 -2.5 -2.5 -2.5 -2.5 -2.5 -2.5 -2.5 -2.5 -2.5 -2.5 -2.5 -2.5 -2.5 -2.5 -2.5 -2.5 -2.5 -2.5 -2.5 -2.5 -2.5 -2.5 -2.5 -2.5 2.8 20.3 5.7 25.9 38.4 42.4 43.1 41.7 42.4 44.8 47 48 48.4 49.4 48.7 48.4 50.1 52.5 49.5 43.2 31.2 37.4 30.9 23.1 29.7 31.5 32.2 36.5 37.8 38.1 37.4 35.1
-2.5 -2.5 -2.5 -2.5 -2.5 -2.5 -2.5 -2.5 -2.5 -2.5 -2.5 -2.5 -2.5 -2.5 -2.5 -2.5 -2.5 -2.5 -2.5 -2.5 -2.5 -2.5 -2.5 -2.5 -2.5 -2.5 -2.5 -2.5 -2.5 -2.5 -2.5 -2.5 -2.5 -2.5 -2.5 -2.5 -2.5 -2.5 -2.5 -2.5 -2.5 -2.5 -2.5 -2.5 -2.5 -2.5 -2.5 -2.5 -2.5 -2.5 -2.5 -2.5 -0.7 -2.5 2.4 15 34.7 42.3 41.8 41.5 43.3 47.7 48.8 49.4 49.7 50.3 49.3 49.6 49.8 50.8 47.7 40.3 29.9 34.8 31.3 23.3 19 27.8 30.7 34.6 36 36.5 34.7 33.9
-2.5 -2.5 -2.5 -2.5 -2.5 -2.5 -2.5 -2.5 -2.5 -2.5 -2.5 -2.5 -2.5 -2.5 -2.5 -2.5 -2.5 -2.5 -2.5 -2.5 -2.5 -2.5 -2.5 -2.5 -2.5 -2.5 -2.5 -2.5 -2.5 -2.5 -2.5 -2.5 -2.5 -2.5 -2.5 -2.5 -2.5 -2.5 -2.5 -2.5 -2.5 -2.5 -2.5 -2.5 -2.5 -2.5 -2.5 -2.5 -2.5 -2.5 -2.5 -2.5 -2.5 -2.5 1.1 1.2 31.8 41.7 43 39.7 42.3 48.1 49.2 49.3 50.1 49.7 49.7 49.9 49.7 48.8 45.7 38.7 29.1 29.4 29.9 27.6 20.3 25.9 28.4 31.2 34.5 35.4 36.6 32.2
-2.5 -2.5 -2.5 -2.5 -2.5 -2.5 -2.5 -2.5 -2.5 -2.5 -2.5 -2.5 -2.5 -2.5 -2.5 -2.5 -2.5 -2.5 -2.5 -2.5 -2.5 -2.5 -2.5 -2.5 -2.5 -2.5 -2.5 -2.5 -2.5 -2.5 -2.5 -2.5 -2.5 -2.5 -2.5 -2.5 -2.5 -2.5 -2.5 -2.5 -2.5 -2.5 -2.5 -2.5 -2.5 -2.5 -2.5 -2.5 -2.5 -2.5 -2.5 -2.5 -2.5 -2.5 -2.5 -2.5 -2.5 26.3 34.5 36.9 20.8 29.4 17.9 33.2 48.5 48.9 48.5 48.9 48.6 45.9 44 36.7 30 25.3 27.9 24.3 26.4 16.5 27.6 27.8 31.3 33.2 32 29.2
-2.5 -2.5 -2.5 -2.5 -2.5 -2.5 -2.5 -2.5 -2.5 -2.5 -2.5 -2.5 -2.5 -2.5 -2.5 -2.5 -2.5 -2.5 -2.5 -2.5 -2.5 -2.5 -2.5 -2.5 -2.5 -2.5 -2.5 -2.5 -2.5 -2.5 -2.5 -2.5 -2.5 -2.5 -2.5 -2.5 -2.5 -2.5 -2.5 -2.5 -2.5 -2.5 -2.5 -2.5 -2.5 -2.5 -2.5 -2.5 -2.5 -2.5 -2.5 -2.5 -2.5 -2.5 -2.5 -2.5 -2.5 -2.5 -2.5 33.8 2.9 6.3 2.7 3.8 29 46.8 47.7 9.9 13.8 43.1 42.3 34.9 28.6 28.9 16 22.3 20.7 23.8 23.1 27.1 27.7 28.8 28.4 27.3
-2.5 -2.5 -2.5 -2.5 -2.5 -2.5 -2.5 -2.5 -2.5 -2.5 -2.5 -2.5 -2.5 -2.5 -2.5 -2.5 -2.5 -2.5 -2.5 -2.5 -2.5 -2.5 -2.5 -2.5 -2.5 -2.5 -2.5 -2.5 -2.5 -2.5 -2.5 -2.5 -2.5 -2.5 -2.5 -2.5 -2.5 -2.5 -2.5 -2.5 -2.5 -2.5 -2.5 -2.5 -2.5 -2.5 -2.5 -2.5 -2.5 -2.5 -2.5 -2.5 -2.5 -2.5 -2.5 -2.5 -2.5 -2.5 -2.5 -2.5 -2.5 -2.5 -2.5 5.7 18.2 16.6 11.8 2.5 4.9 35.4 38.3 30.2 22.1 12.8 12.8 7.9 12.6 3.4 4 4.5 6.7 19 23.3 23.5
-2.5 -2.5 -2.5 -2.5 -2.5 -2.5 -2.5 -2.5 -2.5 -2.5 -2.5 -2.5 -2.5 -2.5 -2.5 -2.5 -2.5 -2.5 -2.5 -2.5 -2.5 -2.5 -2.5 -2.5 -2.5 -2.5 -2.5 -2.5 -2.5 -2.5 -2.5 -2.5 -2.5 -2.5 -2.5 -2.5 -2.5 -2.5 -2.5 -2.5 -2.5 -2.5 -2.5 -2.5 -2.5 -2.5 -2.5 -2.5 -2.5 -2.5 -2.5 -2.5 -2.5 -2.5 -2.5 -2.5 -2.5 -2.5 -2.5 -2.5 -2.5 -2.5 -2.5 -2.5 -2.5 -2.5 -2.5 -0.1 2.2 11.2 4.1 5.6 4.8 3.4 8.6 2.3 1.6 -0.2 0.3 0.1 1.4 4.9 9.9 22
-2.5 -2.5 -2.5 -2.5 -2.5 -2.5 -2.5 -2.5 -2.5 -2.5 -2.5 -2.5 -2.5 -2.5 -2.5 -2.5 -2.5 -2.5 -2.5 -2.5 -2.5 -2.5 -2.5 -2.5 -2.5 -2.5 -2.5 -2.5 -2.5 -2.5 -2.5 -2.5 -2.5 -2.5 -2.5 -2.5 -2.5 -2.5 -2.5 -2.5 -2.5 -2.5 -2.5 -2.5 -2.5 -2.5 -2.5 -2.5 -2.5 -2.5 -2.5 -2.5 -2.5 -2.5 -2.5 -2.5 -2.5 -2.5 -2.5 -2.5 -2.5 -2.5 -2.5 -2.5 -2.5 -2.5 -2.5 -2.5 -2.5 -2.5 -2.5 0.2 1.3 -0.2 -2.5 -2.5 -2.5 -2.5 -2.5 -2.5 -2.5 2.1 7.3 24.4
-2.5 -2.5 -2.5 -2.5 -2.5 -2.5 -2.5 -2.5 -2.5 -2.5 -2.5 -2.5 -2.5 -2.5 -2.5 -2.5 -2.5 -2.5 -2.5 -2.5 -2.5 -2.5 -2.5 -2.5 -2.5 -2.5 -2.5 -2.5 -2.5 -2.5 -2.5 -2.5 -2.5 -2.5 -2.5 -2.5 -2.5 -2.5 -2.5 -2.5 -2.5 -2.5 -2.5 -2.5 -2.5 -2.5 -2.5 -2.5 -2.5 -2.5 -2.5 -2.5 -2.5 -2.5 -2.5 -2.5 -2.5 -2.5 -2.5 -2.5 -2.5 -2.5 -2.5 -2.5 -2.5 -2.5 -2.5 -2.5 -2.5 -2.5 -2.5 -2.5 -2.5 -2.5 -2.5 -2.5 -2.5 -2.5 -2.5 -2.5 -2.5 2.8 7.8 24.3
-2.5 -2.5 -2.5 -2.5 -2.5 -2.5 -2.5 -2.5 -2.5 -2.5 -2.5 -2.5 -2.5 -2.5 -2.5 -2.5 -2.5 -2.5 -2.5 -2.5 -2.5 -2.5 -2.5 -2.5 -2.5 -2.5 -2.5 -2.5 -2.5 -2.5 -2.5 -2.5 -2.5 -2.5 -2.5 -2.5 -2.5 -2.5 -2.5 -2.5 -2.5 -2.5 -2.5 -2.5 -2.5 -2.5 -2.5 -2.5 -2.5 -2.5 -2.5 -2.5 -2.5 -2.5 -2.5 -2.5 -2.5 -2.5 -2.5 -2.5 -2.5 -2.5 -2.5 -2.5 -2.5 -2.5 -2.5 -2.5 -2.5 -2.5 -2.5 -2.5 -2.5 -2.5 -2.5 -2.5 -2.5 -2.5 -2.5 -2.5 6.4 9.1 16.3 24.7
-2.5 -2.5 -2.5 -2.5 -2.5 -2.5 -2.5 -2.5 -2.5 -2.5 -2.5 -2.5 -2.5 -2.5 -2.5 -2.5 -2.5 -2.5 -2.5 -2.5 -2.5 -2.5 -2.5 -2.5 -2.5 -2.5 -2.5 -2.5 -2.5 -2.5 -2.5 -2.5 -2.5 -2.5 -2.5 -2.5 -2.5 -2.5 -2.5 -2.5 -2.5 -2.5 -2.5 -2.5 -2.5 -2.5 -2.5 -2.5 -2.5 -2.5 -2.5 -2.5 -2.5 -2.5 -2.5 -2.5 -2.5 -2.5 -2.5 -2.5 -2.5 -2.5 -2.5 -2.5 -2.5 -2.5 -2.5 -2.5 -2.5 -2.5 -2.5 -2.5 -2.5 -2.5 -2.5 -2.5 -2.5 -2.5 -2.5 5.3 17.4 25.7 26 25.9
