Assets/StreamingAssets/GeoData/Data/nx/NX29.asc
ncols 200
nrows 200
xllcorner 220000
yllcorner 590000
cellsize 50
[rows 70 to 104 of 200, columns 0 to 77 of 200]
172.3 182.7 191.1 199 203.7 206.8 208.3 209.9 211.1 213.7 213.7 222.4 227.9 233.3 234.6 233.4 232.3 237.7 242.3 245.8 248.2 252.7 254.4 256 258 259.8 262.5 268.9 273.8 277.5 278.7 274.9 267.2 262.4 252.9 246.2 239.8 234.9 231.2 229.2 225.5 222.9 218.3 211 202.6 199.5 192.7 179.5 170.8 175.1 178.6 181.8 185.8 189 190.9 188.6 184.8 173.5 165.4 158.8 147.4 136 137.2 143 143.4 141.7 145 149.9 154.1 154.6 153.1 152.6 151.6 154.4 151.9 154.8 159.7 163.6
154.9 162 171.5 180.4 183 187.3 189.7 193.1 195.7 198.8 198.9 208.7 217.2 222.5 224.1 224.8 232.6 238.5 244.7 248.4 253.5 260.8 264.1 266.8 267.5 268.6 270 268.9 276.6 280 275.8 272.8 269.6 264.8 257.8 248.5 237.2 230.2 228 226.4 224.1 220.7 216.6 210.4 202.2 192.4 177.3 169.4 162 166.1 169.9 172.4 174.8 176.8 179.1 178.9 173.2 163 155.5 145.6 135 146.4 149.4 148.1 149.9 151.4 155.2 160.5 161.1 161.6 163 164.4 165.2 165.6 164.8 160.2 160.6 163.4
147 155.5 162.9 166.8 167.7 170.6 172.2 177.3 177 179.7 183 186.2 200.7 203.8 219.2 225.7 233.1 238.1 243.8 251.4 260.5 267.9 273 277.3 281 280 273.9 273.1 279.4 281.5 282.9 278.1 275.8 264.7 253.6 242.6 233.7 227.9 225.4 223.3 221 217.6 213.8 208.8 201.6 194.7 185.2 174.6 164.3 160.7 160.1 162.9 165.5 167.1 169.1 169.3 164.8 159.4 150 136.8 145.8 148.8 152 153.8 157 158.8 163.4 167.8 168.7 171.2 175 175.3 175.7 175.7 173.4 167.9 168.4 167.8
142.1 136.4 137.3 140.8 153.6 172.5 177 181 189.8 197.5 206.2 210.9 213 214.5 219.8 229.2 237.1 245.4 250.8 258 265.8 272.4 277.5 283.3 283.5 276.6 275 279.8 280.2 282.4 281.3 276.5 270.2 261.2 250.2 242.9 238.2 230 222.5 219.9 217.6 214.4 210.6 206.9 201 195.1 187.9 179.6 171.3 162.5 158.1 150.6 152.1 155.6 158.7 160 155.1 146.3 138.4 146.2 149.9 154 157.9 160.7 164 169 172.1 175.3 177 180.1 182.9 184.1 184.4 183.8 182.9 178.2 180.7 180.2
143.7 158.1 163.7 170.1 177.6 187.1 194.1 202 211.5 220.6 227.2 230.6 232.2 232.9 232.1 230.5 240.9 248.2 256.4 262.8 269.7 276.1 281.9 284.4 279.5 279.7 283.7 283.9 280.1 279.3 276.9 269.8 265.1 262.7 252.4 244.3 236.9 227.6 221.7 217.9 214.7 211.7 208.2 204.6 200.2 195.1 190.1 183.4 175.8 169.8 165.6 162 152.4 146.2 146.6 146.9 141.8 139.8 146.9 151.5 155.3 160 165 170.2 173.5 179.8 183.3 185.1 187 189.7 191.1 194 193.3 197.1 194.8 191.1 192.6 190.6
160.5 173.1 182.6 189.6 196.5 205.6 216 223.6 232.2 239.5 244.7 245.4 246.3 245.6 242.9 240.7 246.4 253.9 260.3 266.4 273.1 280 283.5 282 282.9 290 288.6 284.2 276.8 274.7 272.9 268.6 263.6 258.6 251.1 242 232.1 224.9 220.6 216.9 213.3 209.9 206.3 202.9 199.4 196 191 184.7 178.8 172.4 167.5 162.2 155.7 145.7 143.8 143.1 141 147.5 152.3 157.1 161.8 166.8 171.2 177.8 183.3 187.7 191.6 194.9 195.9 197.6 199.1 203.5 205.6 206 204.6 203.4 202.5 199
176.6 187.8 193.6 203.9 212.2 223 229.5 238 245.3 250.8 256.1 259.4 256.6 254.1 252.2 249.3 252 258.4 265 269 275.7 277.2 279.8 283.6 292.2 291.5 285.6 280.8 278.4 273.8 269.8 266.3 261.6 256.9 246.2 237.2 230.5 222.5 218.2 215.3 212.8 210.3 207.8 204.1 200.2 196.2 191.3 184.8 179 173.7 166.8 157.2 152 146.9 144.5 142.8 143.9 149.1 155.6 161.7 166.5 171.4 176.9 183 188.7 193.6 197.2 200.2 201.6 205 207.8 210.7 214.4 216 214.8 214.6 213.1 208
192.7 195.5 204.7 214.8 222.1 229.2 237.4 243.9 252.9 257 260.4 263.7 263.4 261.1 258.4 256.1 257.9 259.8 265.8 270.4 276.2 279.6 281.9 283.1 289 287.2 282.5 280 276 269.8 264.7 260.4 254.6 247.9 239.8 231.1 225.8 218.4 213.4 211.6 209.5 207.4 205.5 203.5 199.8 195.8 189.9 183.5 177.7 171.6 164.3 156.5 150.7 147.2 145.1 143.4 144.2 149.4 155.4 162.2 169.2 174.1 180.1 186.3 191.5 196.6 200.3 202.5 204.7 208.6 214.5 218.5 221.8 223.2 222.2 224.6 225.2 218.5
198.7 199.8 203.9 213.9 222.4 231.7 241.5 250 256.5 260.7 262.4 264.7 266.1 263.3 260.9 260.3 260.2 260.8 266.3 273.1 282.2 288.3 288.6 291.5 292.3 288.8 279.7 273.7 266.6 264.8 264 258.1 250.5 242.2 226.4 221.4 217.4 212.5 209 207.5 205.9 204.4 203.3 201.6 198.5 194.5 189.1 183.7 175.9 165.9 159.6 156.9 152.4 146.9 144.8 143.3 142.9 150.9 158.2 162.7 166 173.7 181.1 187.7 192.4 196.8 201.5 204.2 206.6 210.6 214.6 221 225.6 226.5 228 226.7 229.1 229.4
193.6 198.8 206 212.2 219.1 230.8 241.5 250.7 259.1 265 264.6 263.7 263.4 261.7 260.2 259.1 259 264.5 270.4 279.7 286.4 287.7 294.3 292.6 289 283.3 273.9 269.3 261 257.4 254 249.3 243.3 229.7 217.9 214.3 211.1 207.2 203.7 203.3 201.3 201.2 200 199.6 197.1 188.3 184.5 178.6 172.4 166.2 165.3 160.9 155.4 147.5 144 142.9 142.8 150.5 159.7 166.2 170.7 175.8 181.2 188 192.7 196.8 201.4 205.3 207.8 212 213.9 217.8 223.7 226.1 226.3 228 230.1 228.4
183.5 195.5 200 206.3 213.8 224.6 234.8 244.8 256.4 262.6 261.7 258.3 256.2 255 254.1 254.8 258.3 262.1 269.9 278.2 279.8 285.3 291 289.6 285.4 279.5 271.9 264.5 254.5 247 244.2 236.2 229 219.8 214.4 210.9 210.5 210.8 206.6 201.6 197.3 198.1 198.3 198.5 196.9 193.2 192 184.2 178.6 175.4 170.7 166.1 159.6 150.9 143.9 143 143.2 150.4 160.3 168.6 176.2 181.2 185.3 188.3 192.7 196.6 200.8 205.4 208.5 212.3 215.9 216.3 218.9 221.6 223.5 225.3 226.2 227
186 190.3 197 200.3 204.7 212.8 223.7 235.9 243.4 252.1 248.8 246.5 247.7 246.6 246.7 250 251.8 254.2 266.9 276.5 276.3 282.6 288.5 284.2 279.1 273.4 265.1 257.2 248.5 240.9 236.2 230.8 224.9 220.2 210.4 207.2 207.9 208.4 208.3 205 197.6 194.2 195.8 196.8 197 197 195.6 193.6 186.7 179.8 174.7 169.8 164.4 152.5 143.7 143.2 145.1 150.4 160.4 171.6 179.5 184.3 187 188.4 191.6 195.8 199.6 204.1 207.9 210.8 215.7 215.6 216.6 218.2 220.4 222.7 224.6 225.9
193.7 184.3 189.3 192.6 195.7 200.5 205.4 213.3 223.5 228.9 228.9 231.9 234.9 235.4 238.7 241.5 245.9 249.1 253.5 266.3 270.2 284.7 288.1 282.5 276.6 269 261.7 249.8 243.7 234.6 230.1 223.9 215.5 210.5 206.3 205.2 206.1 206 205.3 202.2 196.4 194.7 193.3 196 196.6 196.7 196.3 195.6 188 184.3 175.7 171.6 164.6 154.1 145 145.1 147 150.6 159.9 170.7 177.4 182.6 185.1 184.8 186.4 189.5 195.7 201.9 205.8 208.6 212.1 214.6 215.6 216.9 218.2 221.7 224.3 225.9
201.7 194.2 189.4 185.8 189.3 191.5 194.7 196.7 203.6 208.5 212.8 216 218.5 218.7 219.6 225.6 234.9 239 245.1 253 262.8 273.8 282.1 281.1 276.9 271.1 262.4 250.4 242.9 235.2 222.6 215.8 211.9 208 205.2 204.8 204.5 205.3 204.3 199.8 195.5 192.5 193 194.5 196.3 196.3 196 191.8 187.4 181.2 176.2 171.3 162.7 154.7 144 145.2 147.6 150.2 160.7 168.8 176.3 181.9 184.8 189.1 193.6 197.4 201 203.9 205.8 208.1 211.3 214 216.1 217.8 217.6 220.6 224.3 226.4
209.2 201.2 200.2 197.1 193.1 189.4 188.4 188.9 189.4 192.5 195.9 195.9 198.4 201.7 211.3 220.8 228.4 236.8 241.3 249.2 259.2 265.5 274.8 277.3 276.1 271.1 264.7 255.1 248.9 241.9 232.1 221.7 217 213.1 209.9 207.8 204.6 196.3 199 200 195 186.4 183.7 190.9 192.5 194.7 195.9 193.6 189.5 186 180.3 172.6 164.4 154.9 144.6 144.8 146.5 153.2 163.2 168.5 174.2 180.6 185.4 190.3 195.2 200.1 203.4 205.4 207.6 210.1 211.2 213.4 216.5 217.5 219.1 222.7 224.8 225.8
217.2 209.2 202.6 203.9 204.6 199.7 195.1 191.6 189.1 188.1 189.1 189.3 189.8 191.8 199.5 211 225 229.9 234.5 243.1 251.9 259.1 264.9 269.9 270.5 269.7 263.6 257.3 250.9 243 234.9 228.7 226.3 222.8 218.8 215.4 210.7 206.6 202.8 193.3 184.9 182 180.2 185.9 190.2 193.1 194.8 193.5 193.2 190.3 185.7 177.3 168.9 156.8 142.7 143.7 146.9 157 165.7 170 172.9 178.2 184.6 190.4 196.6 201.5 206.4 209.4 211.8 213.5 214.5 215.2 215.7 218 219.8 223.3 225.1 226
227.2 218 209.5 212 212.5 211.8 210.6 209.4 200.2 195.7 190.5 189.4 188.8 189 192.1 202.2 211.9 221 227.8 233.3 240.8 249.2 257.1 265.9 267.6 266.6 264.2 258 250 241.7 237.8 235.2 232.6 229.3 225.3 220.4 215.6 211 205.2 198.4 191.4 181.7 176.7 183.3 187.1 190.5 189.8 188.9 188.5 186.3 180.5 170.1 159.8 146.5 141.4 143.2 150.5 161.3 168.5 173.1 174.9 180.6 186.4 192.6 197.7 202.6 207.5 211.7 214.3 216.3 217.5 219.7 218.7 217.8 220.1 222.9 225.5 225.6
234.6 227.2 216 220.1 219 219.2 218.8 218.5 212.4 204.4 196.5 192.5 189.3 189.3 190.4 194.2 205.1 214 220.7 223.4 229 233.8 249.6 259.6 262.3 263.8 263.3 260.8 253.4 245 241.3 239.1 235.7 233.3 230 225.4 220.2 212.8 205.1 198 191.1 181 175.1 181.2 184.9 187.1 188 189.1 188.3 185.4 180.9 171.8 159.9 146.1 140.4 144 150.9 160.8 168.8 172.2 176.1 181.8 187.8 194.6 200.3 204.4 208.5 212.9 215.6 218.1 220.1 220.7 220.1 219.3 220.7 221.4 222.7 223.4
237 234.8 230.9 234 232.8 228.2 227.1 226.7 222.7 215.1 208.3 202.8 195.1 191.2 191 191.6 198.3 206.9 210.5 215.4 216 223.2 238.9 247.8 255.5 260 259.9 258 253.6 247.9 243.4 241.4 239.1 237.1 234.5 229.5 222.4 213.7 205.4 197 187.7 176.8 171.9 177.9 181.9 184.7 187.6 187.8 187.2 184.5 181.1 174.1 162.1 147.6 139 144.3 149.3 158.5 165.3 169.5 175.6 181.8 188.9 196.2 201.9 206.8 210.5 213.6 217 218.7 221 222.5 222.3 220.9 221.1 221.9 221.5 222.7
239.2 241.3 241.9 240.8 237 235.7 235.3 234.4 231.1 228.3 227.5 216.5 209.4 198.2 192.3 192 194.5 198.8 201.5 205.8 207.3 212.8 224.3 236.4 250.8 256.1 256.5 253.7 250.3 246.3 243.8 242.5 242.5 240.8 237.6 233.2 225.3 216.4 207.6 196.8 183.3 174.7 163.6 173.1 175.9 180.2 184.2 185.2 185.1 183.2 180 174.1 163.4 148.7 138.8 140 146 152.9 158.3 167.3 176.1 182.5 189.5 196.2 203.4 208 211.4 213.9 217.4 220.1 222.6 224 225 223.2 222.2 223.9 222.7 223.4
241.9 246.7 246.7 244.7 243.2 242.7 241.6 240.3 239.8 238.1 236.9 230.3 217.2 204.3 194.6 194.9 194.7 195.1 194.6 192.1 193.7 198.1 206.5 225.8 244.7 254.2 252.1 250.7 248.6 245.1 243.5 243.1 243.6 242.4 239.9 236.2 227.9 218.5 208.4 196 182.4 175.7 172.4 162.8 166.4 171.6 176.4 180.3 180.9 181.1 178.6 173.7 164.4 149.4 138.1 138.7 142.6 145.2 154.1 168 176.3 181.8 189.1 196.1 202.9 208.5 212.5 215.3 218.8 221.7 224.1 224.9 224.3 223.7 222.2 221.6 222.4 222.6
243.7 246.2 246.8 245.7 245.7 244.9 244.7 243 242.7 246.4 241.1 233.4 222.4 209.4 197 199.1 199 195 189.1 183 181.1 182.1 196.2 214.7 234.4 244.9 251 249.7 246.3 244.4 242.2 241.6 240.9 240.1 238.7 235.8 229.8 219.8 209.8 198.8 186.1 177.7 173.6 169.6 159 162.6 167.8 173.8 177.9 179.1 176.7 172.8 165.1 150.5 137.6 137.3 138 141.5 153.3 166.2 176 182.7 187.3 194.8 202.4 206.2 210 214.1 218.5 220.1 220.2 219.9 219.6 219.5 218.7 218.9 220.7 221.3
245.4 246.7 246.6 246 245.5 244 243.3 242.4 241.7 241.3 239.8 234.8 225.3 211.5 200.9 201.1 199.6 192.3 180.7 176.7 176.3 178.3 189 204.2 219.2 236.3 244.5 247.7 245.7 244.6 242.7 238.9 237.1 236.3 235.2 232.2 226.2 218.2 209.3 198.4 185.4 181.9 177.7 172.1 164.5 156.5 160.3 166.5 173.8 176.3 174.2 171.7 164.9 151.8 137.6 136.6 136.4 140 151.3 162.9 172.3 181.2 186.5 190 199.7 203.3 207.1 209.4 213.2 215 215.3 215.5 216.2 216.4 216.4 218.1 218.8 218.9
246.8 247.8 248.4 247.1 245.6 244.2 242.8 240.6 238.3 236.2 235 230.3 225.7 215.1 204.7 201.7 197.5 187.7 175.7 174.5 174 175.8 185.8 199.7 211 227.2 234.9 239.9 242.4 242.4 241 237 234 231.1 228.9 225.1 220.4 214.2 208.3 204.3 199 192.8 184.4 174.6 166.5 155.8 153.5 160.5 168.4 172.3 172 170.3 164.1 151.6 136.5 136 136.1 138.5 150.8 161 170.8 179.5 184.5 187.1 193.6 198.1 204.8 207.2 207 208.9 210.5 212.2 215 216.7 217.9 218.2 217.7 216.2
244.7 250 248.3 247.9 247 245.3 244.5 241.9 238.7 236.3 231 227.2 221.2 216.1 212.3 205 199.5 186.7 175.7 173.9 172.9 176.1 183 192.4 204 216.9 223.5 231.6 237.4 236.8 236.1 233.7 229.7 226.3 223.6 221 217.9 215.9 213.8 208.9 205.5 199.5 191.4 178.5 163.2 155.2 152.2 156.1 162.3 166.3 166.3 164.8 159.8 151.1 136.2 135.8 135.6 135.6 145.7 157.6 168 177 182.4 184.4 187.5 192.9 196.7 200.4 202.3 203.3 206.7 211.6 215.9 216.7 217.2 217.1 216 214.8
241.4 245.2 245 244.8 245.3 245.2 244.5 245.1 241.8 239.2 234.3 229.8 226.7 221.2 215.5 208.9 200.3 187 177 174.1 171.6 176.2 181.2 187.9 195.9 203.4 210.8 220.7 225.2 227.9 229.6 228.2 224.9 222.9 221.7 223.6 224.9 224.7 223.6 218 211.9 205.8 197.7 182.1 163.9 153.6 151.6 153.3 157.5 159.8 158.7 155.8 149.8 139.7 136.8 135.8 134.3 135.2 138.9 153.3 164.1 174.4 180.9 181.5 183.3 187.6 192.1 195.1 195.6 201.1 206.9 209.7 213.3 214.8 215.9 216.6 215.8 212.3
242.8 241.1 241.5 242 242.7 242.4 241.5 241.7 242.3 241.7 239.4 234.3 229.9 224.6 218.5 211.3 203.9 193.3 179.3 175 172.9 172.1 176.9 184.6 192.7 198.6 205.2 211.6 216.7 220.2 222.7 222 219.8 219.1 219.8 222.1 224.8 227.3 227.7 226.1 218 213.6 203.3 187.7 171 153.4 153.7 148.1 149.8 150.5 149.6 144.7 139.5 137.7 136.7 135.6 134.7 135.6 137.2 147.3 157.8 166.4 172.4 172.6 179.3 186.4 189.3 193.8 197.7 202.5 207.3 210.4 213.1 214 214 213.2 212.7 210.2
242.9 240.6 239.9 240.1 240 239.6 238.6 238.2 239.5 240.5 239 236.9 233.8 227.7 221.2 216.4 208.8 197.1 182.4 176.3 173.4 168.6 170.3 181.4 190.7 197 201.9 209 214.5 217.6 218.9 219.3 217.4 216.9 217.6 219.6 221.8 224.6 227.6 226.8 220.3 218.4 209.9 195.6 181 165.9 163.6 157.8 152.9 150 145.8 144.3 140.4 138.3 140.3 135.7 134.3 134.2 135.8 142.3 151 153.6 168.8 176.8 183.3 188.1 192.9 194.8 198.3 203 208.1 211.5 214.8 214.7 214.1 210.2 208.3 205.9
243.2 240.5 238.3 237 237.4 235.3 233.4 232.1 235.1 238.1 237.7 237.6 233.8 228.1 222.9 218.6 213.1 202.4 184.3 178.7 173.2 167.1 165.3 177.7 186.6 194.4 203.2 207.6 212.6 216 219 217.9 215.9 216.3 216.4 216.7 218.2 219.6 221.5 223.6 222 220.7 210.7 203.8 196.6 186.7 175.9 167.6 162.2 160.3 157.4 154.4 151.7 149.6 146.7 143.5 139.6 135.2 133.1 136.8 142.3 155 165.5 174.1 181.8 188 192.2 196.5 200.5 205.3 209.2 212.3 213.5 213.7 212.1 209.7 204.2 200.5
242.4 239.9 237.1 233.7 231.4 228.7 225.5 223.6 225.5 231.1 234.7 234.5 230.9 227 223.9 218.6 211.4 200 184.4 178.9 171.4 163.2 162.6 171.6 184.5 198.2 201.4 207 209 214.1 217.2 216.3 216.4 220.5 220 216.8 215.1 216.4 218.2 219.9 221.5 219.9 218.5 214.2 208.1 200 191.5 184.2 177.9 173.9 171.8 170.1 168.1 165.3 162.4 156.3 154.6 142 136.8 133.5 136.3 146.4 161.2 171.7 178.6 184.9 190 194.9 200.7 206.1 210.7 212.1 211.2 211.2 208.6 203.5 201.4 199.4
240.7 240 237.3 232.2 228.9 226.6 223.7 215.7 214.9 216.1 221 222.3 220.1 220.9 219.8 213.9 202.5 188.8 180.1 172.3 161 153.9 159.7 169 184.6 192.3 198.6 204 207.2 212.9 212.9 216.5 219.3 221.4 221.1 217.6 213.5 215.1 217.4 219.1 220.6 223.2 222.8 221.7 217.6 208.2 199.7 194.6 190.9 189.8 186.8 183.9 180.2 177.5 175.2 174.9 150.4 142.5 142.4 132.4 131.6 141.7 155.6 168.9 177.6 182.4 188 194.6 199.5 203.3 207 208.2 207.5 206.2 203.7 202 199.3 197.4
243.5 243.2 241.4 237.8 231.9 227.9 223 215.7 200.9 197.1 200.4 203.9 206.6 208.6 208.5 203.6 192.2 178.3 167.3 159.5 148.2 158 159.5 167.5 177.8 187.8 197.8 202.6 205.6 210.3 215.4 217.1 217.5 217.8 217 214.8 211.7 214.9 217.3 219.4 222.6 223.5 221.7 218.6 214.8 210.1 206.9 203.6 203.1 199.9 196.7 195 192.5 190.9 190.6 185.1 154.9 142.2 147.9 137.7 129.6 135.2 147.9 164.5 176.6 183.5 187.6 193.1 195.3 196.5 202.1 203.4 199.1 197 197.1 195.4 193.3 191.2
249.5 253.4 257.7 257.2 248.6 237.7 228.9 218.5 205.6 189.9 192.8 194.5 194.8 195.2 195.2 189.7 178.4 165.6 156.7 150.5 147.9 155 161.9 167.3 176.6 186.8 195.2 198.7 204.3 209.1 213.2 215.5 214.5 210.9 209.7 210.1 210.8 214 217.7 219.6 222.5 224.8 224.2 224.3 222.5 220.5 218.8 217 214 209.3 205.8 203.2 199.6 197.9 195.4 188 161 142.9 157 138.3 128.9 132 144.7 159 170.6 180.2 185.1 186.8 188.6 193.1 195.8 196.7 194.4 190.3 188.7 185.9 184.8 182
256.6 261.1 264.2 263.9 258.3 249.5 241.8 230.3 213 198.4 192.3 178.7 178.9 182.8 180.4 173.3 164 155.9 146.3 141.9 147.4 154 163.7 167.6 176 181 191.5 195.3 201.7 207.2 209.9 211.9 210.3 206.6 204.6 205.8 208.5 212 215.4 219.1 222.4 225.4 227.1 227.3 226.6 226.9 227.7 226.1 223.3 218.5 214.8 212.7 207 201.8 196.8 187.6 170.1 166.8 157.3 139.4 128.2 132.9 145.1 158.3 169.7 176.5 180.8 183.2 185.4 189.6 193.2 192.7 190.5 185.5 181.7 178.2 175.7 173.7
260.8 266.2 268.5 267.7 258.9 255.6 248.1 237.6 221.4 204.3 193.9 180.1 170.8 169.6 167.8 160.1 152.5 145.8 138.7 140.8 148.6 153.9 162.8 161.3 171 176.7 185.6 193.3 198.8 204.2 209.1 210.4 209.8 205.4 201.5 202.6 206 209.2 213 217.3 221.4 226.1 228.8 231.7 234.1 234 234.4 233.4 228.6 222.5 218.5 215 208.2 202.6 199 190.9 183.3 170.9 150.1 130.9 127.6 130 142.9 157.8 167.6 175.3 176.9 180.7 184.5 187.9 191.3 190 186.6 180.8 175.5 171.5 168.9 166.4
