Assets/StreamingAssets/GeoData/Data/nx/NX46.asc
ncols 200
nrows 200
xllcorner 240000
yllcorner 560000
cellsize 50
[rows 152 to 189 of 200, columns 85 to 169 of 200]
4.5 4.5 4.7 -3 4.1 4.6 4.9 4.2 4.5 4 3.1 0.9 -0.3 -1.2 -3 -3 -3 -3 2.7 -3 7.8 8.2 7.4 8.3 9.1 9.8 9.9 10 10.2 10.4 10.4 10.2 10.1 10.2 11.3 9.2 9.1 9.3 9.4 9.3 9.1 9.1 9.7 15 23.3 30.4 39 46 54.3 62.5 68.8 79.9 89.7 98.4 109.6 119.8 129 137.7 144 148.7 156.3 164.8 172.6 179.6 179.5 182.2 183.9 184.1 185.7 186.8 187.8 188.4 189.3 190.1 190.2 188.3 187.4 185.6 184.1 181 178.7 174.8 170.1 164 158.9
6 5.8 5.8 5.6 4.5 4.8 5.5 4.6 4.5 4.3 3.4 1.8 0.7 -0.4 -1.7 -2.9 -3 -3 -3 -3 8.1 8.7 8.2 9.1 9.6 9.7 10.7 10.9 11.3 12.5 12.1 10.7 11 11.9 12.3 10.9 10.5 10.1 9.5 9.2 9.1 9 10 15.6 23.5 31.5 39.9 47.7 55.3 63.4 73.5 84.5 95.2 104.9 114.6 124.6 134.8 143.3 147.8 156.3 163.2 169.3 175.1 180.1 183.5 185.8 187.4 186.4 184.1 184.7 186.9 187.6 187 185.8 186.2 185.5 183.9 181.7 180 179.2 173.6 169.5 165.5 160.2 154.8
8.3 8.8 8.9 5.5 8.7 8.7 7.8 4.5 4.4 4 3.4 2.2 0.9 -0.3 -1.5 -2.8 -3 -3 -3 7.4 8.5 10.8 10.2 11.4 11.8 11.3 12.2 12.8 12.8 12.9 12.3 11.8 11.6 11.2 10 11.6 11.2 10.4 9.9 9.4 9.2 9.1 9.9 15.5 24.3 32.5 40.9 49.5 56.2 67.5 76.7 87.9 99.2 106.7 116.8 126.2 135 145.5 154.8 162.7 169.8 174.6 178.3 180 181.4 184.8 186.6 183.8 181.4 181.9 183.8 184.6 183.7 181.9 180.7 179.2 177.6 176.3 176.2 174.4 168.6 162.9 157.9 154.2 150.5
8.7 8.7 8.7 8.5 9 8.9 8.2 4.6 4 3.7 3.1 2 1 -0.1 -1.4 -2.6 -3 -3 -3 8.1 9.7 11.4 11.4 11.5 11.8 12.7 12.9 12.9 12.8 12.8 12.5 11.8 10.5 9.6 9.6 9.5 11.9 11.8 11.3 10.7 10.2 9 10.1 13.8 24.1 33.5 42.2 51.8 61.5 70.6 82.5 91.2 101.3 108.6 118.7 131.7 142.6 150.3 161 168.2 173.6 175.7 176.4 176.8 178.4 180.4 180.2 178.3 177.4 177.6 177.7 177.9 177.1 175.6 172.9 172 170.7 169 168 167 162 156.5 152.5 148.7 146.1
8.6 8.6 8.5 8.5 8.9 8.8 8.4 4.4 4 3.5 2.6 1.4 0.4 -0.5 -1.4 -2.4 -3 -3 4.2 8.1 11 11.3 11.1 11.5 11.7 12.5 13 13 12.9 12.8 12 10.7 9.3 9.4 9.4 9.4 11.7 11.8 11.8 11.4 10 10.1 10.7 14 24.4 34.7 45.2 55.4 67 77.3 86.2 94.4 102.1 110.4 120.5 131 143.9 154.4 159.6 168.6 174.5 173.3 172.4 173.5 176.1 175.6 174.2 172.3 172.3 171.5 171.3 169.8 169.4 167 165.5 164.2 162.2 160.9 159.4 156.7 153.5 151.6 148.6 145.1 143.2
8.4 8.4 8.2 9.1 9 8.7 8.3 4.6 4 3.4 2.1 0.7 -0.4 -1.3 -2.2 -3 -3 -3 8 9.2 11 10.9 10.7 11.1 11.5 12.3 12.9 13 12.9 12.5 10.3 9.3 9.3 9.3 9.2 9.2 9.5 11.2 11.6 11 10.4 10.9 11.4 14.8 25.6 36.5 48.8 61.3 72.1 81.4 89.8 97.1 103.6 111.4 121.3 130.2 141.5 152.1 159.2 166.1 169.9 170 167.5 169.1 169.5 169.4 167.5 165.3 165.8 164.7 162.5 161.4 161 158.6 156.9 156.3 153.9 154.1 151.9 149.3 147.9 146.8 144.9 142.1 141.3
8.4 8.2 8.9 9.4 9.2 8.9 8.3 4.9 4.7 3.1 1.3 0 -1.2 -3 -3 -3 -3 7.5 7.7 7.7 8.1 8.3 7.5 10.7 11.4 12.1 12.4 12.4 11.9 11.2 9.4 9.5 9.5 9.4 9.3 9.1 9.4 11.2 11.3 10.7 10.5 10.9 11.3 16.2 27.1 40.8 54 67.8 76.9 84.3 92 97.8 103.4 110.8 120.4 130.1 138.6 146.7 154.3 159.9 163.6 163 162.3 162.4 162.4 160.7 158.9 160.1 159.1 156.4 154.9 154 153.6 151.3 149 147.3 147.1 146.4 144.5 143.3 143.4 142.3 141.4 139.6 140
8.5 8.8 9.1 9.6 9.4 9.1 8.8 5.4 3.9 2.3 0.5 -1 -3 -3 -3 -3 4.6 4.4 4.2 4.5 4.5 4.7 4.6 8.9 10.5 11 10.7 11.5 10.4 9.3 9.8 9.7 9.6 9.4 9.3 9.1 9.3 9.8 11 10.7 10.5 11.1 12.1 19.2 29.3 43.3 58.8 72.2 81.9 88.6 93.7 97.7 102.6 112 122.5 130.4 136.7 142.7 147.9 153.7 156.9 158.3 157.8 157 154.3 152.8 150.8 151.6 150.6 149.2 148.6 148.5 145.5 143.4 142.7 142.1 142.6 142.3 140.9 140.4 140 139.3 138.6 137.3 138.7
8.8 9 9.3 9.6 9.7 9.3 8.7 6.6 3.6 1.8 -0.1 -3 -3 -3 3.9 4.1 4.1 4.3 4.3 4.5 4.4 4.6 4.3 4.5 6.7 6.5 8.3 10.3 10.6 10.3 9.7 8.7 8.9 9.4 9.3 9.2 9.2 9.5 11 10.3 10.5 10.8 11.6 19.5 30.3 44.2 60 74.9 83.9 88.5 93.4 97.7 101.4 112.2 118.8 124.8 131.8 137.9 141.7 147 149.5 152.6 151.1 147.9 147.6 146.2 143.1 142.7 142.4 141 140.2 139.9 137.9 137.7 137.8 138.7 138.9 139.1 138.5 137.4 137 136.4 135.7 135.8 136.9
9.1 9.3 9.3 9.6 9.8 9.6 9.2 6.7 3.5 0.5 -1.1 -3 -3 2.3 4.2 4.2 4.2 4.4 4.5 4.4 4.3 4.3 4.3 4.4 4.5 6.7 9.6 10.4 9.4 8.6 7.3 7.6 9 8.8 9 9.2 9.1 9.4 10.4 10 10.5 10.7 11 20.6 31 44.5 60.3 75.7 84.1 88.4 91.4 95 99.2 108.6 115 120.9 127 132.7 136.3 140.3 142.1 143 142.9 138.7 139.4 138.6 135.5 135.9 134.6 133.9 133.5 132.7 134 133.9 134.6 136.3 136.7 137.4 138.6 135.8 135.6 134.6 133.9 134.5 135.5
9.3 9.2 9.7 9.8 9.5 8.8 8.1 8.5 2.7 -3 -3 -3 -3 4 4.1 4.3 4.3 4.5 4.6 4.5 4.4 4.1 4.2 4.2 4.2 4.9 7.2 8.4 7.8 5.7 7.7 8.2 8.9 9.5 9.3 9.1 9.2 9.4 9.5 11.1 10.1 10.3 10.3 18.5 31.9 45.3 61.8 76.2 83.7 86.8 88.8 92.2 97.4 105.4 111.6 116.7 122.5 126.7 129.7 133.3 135 133.8 131.9 131.6 133.4 131.6 129.4 129.6 128.5 128.5 129.1 130.1 131.2 132.6 133.6 135 135.7 137.1 137.6 134.2 134.9 133.2 132.6 133.2 134.2
9.4 9.1 9.8 9.4 8.9 8.2 7.8 7.4 -3 -3 -3 -1.1 1.2 3.5 4.4 4.3 4.4 4.5 4.6 4.5 4 4.1 4.2 4.2 4.2 4.4 4.6 5.8 5.1 7.9 8.2 8.6 9.6 10.9 10.5 9.8 10 10 9.5 11.8 9.9 9.8 10.3 19.8 32.6 47.7 63.4 74.3 81.8 84.4 85.3 89 94.7 101.8 107.8 113.7 117.7 120.8 123.8 126.9 128.9 128.7 126.7 126.2 127.5 126 125.8 125.4 125.4 125.7 126.7 128.4 131.1 133.4 134.5 134.8 135.1 135.4 133.2 132.8 133.4 131.2 130.7 131.8 133
11 10.5 9.6 8.9 8.3 8.1 7.9 7.9 -3 -3 -2.2 -0.3 1.7 3.3 5.2 3.9 4.4 4.6 4.6 4.4 4 4.1 4.2 4.2 4.2 4.5 4.4 4.4 6.1 8.1 8.9 9.4 10.1 10.9 11.1 10.5 10.7 10.4 9.5 9.6 9.6 9.4 10.8 20.3 33.7 50.1 63.4 73.5 78.9 81.9 82.4 86.3 92.1 99.2 103.7 108.5 112.9 115.9 117.8 119.9 123.3 124.1 123 123.3 123.2 122.9 123.6 123.2 124 125.2 126.9 128.7 130.9 133.3 133.6 133.6 132.9 130.1 130.8 131.3 131.1 128.7 129.7 130.8 132
11.9 11.3 10.4 9.4 8.4 8.2 7.9 7.9 -3 -3 -1.7 -0.2 1.3 2.9 4.4 3.5 4.2 4.4 4 4.7 4.6 4.1 4.2 4.3 4.4 4.3 4.2 4.6 7.4 8.5 9.5 10.7 11 11 10.6 11.8 11.8 10.4 9.5 9.4 10.9 9.2 10 20.3 34.4 50.7 62.4 71.5 75.2 78.2 79.4 82.5 88.6 95.3 99.7 104.3 108.3 110.2 112.5 115.5 117 118.7 120.4 121.1 119.9 120.6 121.5 121.9 123.6 125.5 127 128.8 130.5 131.7 131.5 130.2 128.8 129.7 130.1 129.7 130.2 127.1 128 129.4 128.5
12.9 12 11.1 9.7 8.7 8.2 8.2 8.2 7.9 -3 -3 -0.9 0.8 2.4 3.6 3.2 4.2 4.2 4.2 4.4 4.7 4.5 4.4 4.3 4.2 4.2 4.2 4.2 7.9 8.5 10.7 11.9 12.2 11.5 12 12.2 11.2 9.3 9.6 9.8 10.7 9.3 10 20.2 34.3 49.5 60.4 70.1 71.3 73.8 75.8 77.9 84.1 90.9 95.2 99.4 103.6 105.6 107.8 109.6 112.5 115.3 117.3 117.1 117.2 118.6 121.3 123.4 125.1 126 126.9 127.5 129 130.6 130.6 129.1 127.1 127.8 127.8 127.5 125.2 127.5 126.5 125.7 124.8
12.8 12.6 11.8 10.6 9.5 8.7 8.4 8.2 8.1 -3 -3 -1.6 0.3 2.3 3.9 4.2 4.2 4.2 4.3 4.3 4.3 4.6 4.5 4.4 4.2 4.2 4.2 4.2 7.1 9.8 11.6 12.6 12.8 12.5 12.2 11.2 10.1 9 9.7 8.7 9.5 10.7 10.1 19.7 33.7 46.6 58.5 67.5 69.2 71.6 72.2 75 80.8 87.1 91.3 95.4 101 103.5 104.3 106.5 109 111.3 114.5 115.4 115.7 118.5 120.6 124 125.6 125.7 125.7 126 127.9 128.8 128.1 125.1 126.1 127.1 126.8 126.6 120.7 124.9 123.4 122.8 122.2
12.5 12.7 12.3 11.5 10.4 9.4 8.1 8.2 7.9 7.3 -3 -3 -0.3 1.9 3.7 4.3 4.1 4.2 4.4 4.3 4.3 4.3 4.5 4.4 4.2 4.2 4.2 4.2 8.3 11.1 12 12 11.9 11.5 10.9 10.1 9.1 8.8 9.1 9.3 9.8 11.1 10.2 19.4 31.9 44.1 54.7 62.6 65.8 65.8 67.4 72.8 78.1 83.9 88.3 92.6 98.5 100.6 101.9 104.8 107.1 109.2 111.7 113.2 115.6 119.2 121.6 124.7 125.3 125.2 125.1 125.6 126.5 126.3 124.5 123.9 124.7 125.3 125.6 124.5 122.3 120 120.2 120.3 119.5
12.3 12.4 12.6 12 10.9 9.5 8.3 8.1 7.7 7.5 -3 -3 -3 1.2 4 4.2 4.1 4.2 4.4 4.3 4.4 4.4 4.4 4.4 4.3 4.2 4.2 4.2 7.6 10.7 11.1 11 10.5 10.2 9.8 9.1 9 8.9 8.6 9.4 10.1 10.9 10.4 18 30 41.6 51.2 58.8 62.6 61.5 63.3 69.6 76.8 82.2 86.7 89.8 96.7 98.7 100.9 103.4 106.1 107.9 109.1 112.7 116.1 120.5 123.9 125.4 126.1 125.5 124.8 125 125.3 124.2 122.1 122.6 123.5 123.9 123.1 122 120.4 117.7 117.4 117.5 117.3
12.3 12.3 12.4 12.1 10.8 9.2 8.5 8 8 7.9 7 -3 -3 0.7 3.5 4.2 4.1 4.2 4.3 4.4 4.4 4.4 4.4 4.5 4.3 4.2 4.4 4.6 10.1 9.1 9.3 9.6 9.2 9.1 8.9 8.6 8.6 8.8 8.7 9.2 10 10.7 10.4 14.6 27.8 37.3 47.6 55.1 58.6 56 59.6 66.8 73.3 80.2 85.6 89.5 94.4 95.4 99.2 102 106 107.4 110.7 114.2 118 122.2 126.1 125.9 125.9 124.6 123.8 123.6 122.7 121.7 121 122.2 123 121.7 119.8 119.6 118.7 115.9 113.4 114.3 114.4
12.4 12.3 11.6 10.8 10 8.7 8.1 7.7 8 8.1 7.6 -3 -3 -0.2 3.4 3.9 4.8 4.3 4.3 4.4 4.4 4.5 4.5 4.5 4.4 4.2 4.3 4.5 8.7 9.4 8.8 8.8 8.9 8.8 8.6 8.4 8 8.3 8.8 9.1 9.8 10 10.5 10.9 25.5 36.2 40.1 49.5 53.8 52.1 55.8 63.6 71.7 78.6 81 85.5 92 95.3 98.6 101.6 104.4 107.1 110.8 115.3 119.2 123 125.8 126.4 126.6 124.7 123.2 121.5 120.6 120.2 120 120.7 120.1 118.6 118 117.5 115 111 110.7 111.3 111.8
11.4 10.8 9.7 8.9 8.2 7.8 7.3 7.4 7.4 7.8 7.4 -3 -3 -0.7 2.6 4.2 5.4 4 4.4 4.5 4.5 4.5 4.5 4.5 4.5 4.2 4.2 5.1 7.7 8.1 8.2 8.4 8.6 8.5 8.5 8.3 7.6 8.6 8.7 9 9 9.2 9.8 9.6 22.5 31.7 37.5 46.4 48.9 47.7 52.9 61.7 69.7 76.5 79.3 87.5 91.5 95 98.1 101.1 104.3 106.9 111.2 115.4 119.3 123.3 125.5 125.9 125.7 124.3 121.9 120 120 119.9 119.7 119 117.1 116.7 115.3 112.7 109.2 106.9 107.9 108.8 109.8
10.7 9.5 8.4 8.1 7.6 7.1 5.8 5.6 5.5 5.8 5.9 -3 -3 -0.8 2.1 4.1 4.3 4.5 4.4 4.5 4.5 4.5 4.6 4.6 4.5 4.2 4.3 6.4 8.1 8.4 8.5 9 8.6 8.4 8.4 8.2 7.5 8.5 8.7 8.8 8.9 9.1 9.6 10.4 17.8 29 38.4 42.4 44.9 45.6 50.8 60.2 67.5 73.1 80.1 86.4 92 95.3 99.8 102.8 104.9 107.1 111.1 115.6 119 122.5 124.5 124.8 124.2 123.1 120.7 119.2 119 119.1 118.2 116.7 114.8 114.5 111.6 107.9 105.7 104.1 104.9 105.9 106.4
10.4 9.5 8.6 8.1 6.1 5.3 4.9 4.7 4.8 4.9 4.3 -3 -3 -0.6 1.7 3.9 4.2 4 4.1 3.8 4.5 4.5 4.5 4.5 4.5 4.2 4.1 7 8.3 8.4 10.1 9.2 9.1 8.5 8.4 7.9 8.2 8.4 8.6 8.8 8.9 9.1 9.2 9.7 12.8 24.4 34 39 41 41.5 47.7 57 65.5 72.5 80.5 85.9 92.3 96.4 99.7 102.1 104.2 107 111.1 114.5 118 121.3 123.2 123.2 122.5 121.5 119.8 118.7 117.9 116.7 115.3 113.4 111.6 111.2 107.2 103.6 102 102.1 102.7 103.6 103.5
9.6 8.7 8.2 8 6.2 5 5 5.2 5.1 5.1 4.8 -3 -3 -1 1.1 2.9 4.2 4.4 4.3 4.8 4.4 4 4.3 4.7 4.4 4.3 4.9 8 8.5 9.2 8.8 8.3 8.7 8.2 8 7.6 8.3 8.5 8.7 8.9 9.1 9.1 9 9.6 10.3 21.1 30.4 34.7 36.5 38.4 47.4 55.7 62.9 72.1 80.7 89.1 94 96.6 98.3 100.4 102.9 105.7 109.7 112.8 116.6 119.9 121.8 121.7 120.9 120.1 119.5 118.2 115.7 113.7 112 111 109.3 105.6 102 100.3 100.1 100.1 100.5 100.8 101.1
9.7 8.7 8.5 7.7 5.8 5.3 5.3 5.4 5.7 5.8 5.9 4.8 -3 -3 -0.4 1.2 2.9 4.3 4.5 4.3 4.2 5.1 4.2 6 4.5 4.8 6.3 8.1 8 7.9 8 10.5 7.9 6.4 8.5 8.4 8.3 8.6 8.8 9 9 8.9 8.8 8.7 10.4 17.4 26.9 32.3 40.7 37.8 48.2 58.4 65.8 75.2 82.6 89.4 92.1 95.1 97.3 100.2 102 104.8 108 111 114.8 118.5 120 120.1 119.1 118.4 117.5 115.9 113 111.4 110.8 109.3 107.5 103 99.5 98.8 98.5 98.7 98.9 99.3 99.7
9.8 8.7 8.5 8.4 6.4 5.1 5.1 5.2 5.9 6 6.1 5.9 -3 -3 -3 -1.1 0.4 2.4 4.3 4.2 4 4.4 4.1 4.3 4.2 4.2 7.8 7.8 7.5 7.7 7.7 7.5 7.6 8 8.3 8.5 8.3 8.7 8.9 8.9 8.8 8.6 8.6 8.6 9.7 13.3 23.6 28.8 31.4 38.9 49.1 60.3 68.4 74.5 82.2 86.6 90.1 93.9 97.1 99.1 100.5 103.4 106.6 109.8 112.9 115.9 117.5 117.3 115.7 115.4 114.6 113.1 110.1 108.7 108.3 105.9 105.3 101.4 98 97.1 96.9 98 98.3 98.1 97.7
9.8 8.7 8.5 8.4 7.8 5.4 4.9 5.3 5.7 5.8 6.2 6.7 4.6 -3 -3 -3 -3 -3 1.3 3.2 4.3 4.2 3.7 4.2 4.3 4.2 4.4 6.1 4.7 4.7 4.7 4.7 4.6 5.6 7.8 7.5 8.2 8.7 8.8 8.8 8.5 8.2 8.5 8.6 9.7 12.1 18.4 26 31.6 39.6 49.7 59.1 67.4 73.3 80 86.1 90.4 92.6 95.7 97.5 98.8 102.8 105.8 109.3 111.5 113.4 114.6 114.1 112.6 111.9 111.2 109.8 106.5 103.9 104.3 104.2 103.5 101 97.7 95.9 96.1 97.2 96.8 96.3 96.5
10 8.8 8.5 8 7.1 5.8 5.4 5.2 5.3 5.7 6 6.8 5.2 4.2 -3 -3 -3 -3 -3 -0.1 1.7 3.2 3.4 4.1 4.4 4.4 4.6 4.7 4.4 4.2 4.3 4.2 4.2 4.3 4.3 4.2 4.9 7.7 7.4 8.2 7.9 8.3 8.8 7.8 8.4 11.5 21.4 27.5 30.5 39.5 48.3 56.8 64.6 72.1 79.3 84.1 88.9 91 94 95.6 97.3 101.7 105.2 107.5 109 110.8 111.2 110 109 107.7 107 105.5 101.7 101.6 101.8 102.2 101.7 99.1 97.4 95.6 95.3 95.8 95.4 95.2 96.3
9.7 8.5 7.2 7.5 7.6 7.4 6.7 5.4 5.3 5.5 5.6 6.6 5.9 4.7 3.6 4.9 -3 -3 -3 -3 -3 -0.2 1.2 2.2 2.9 3.6 3.9 4.2 4 3.8 3.9 4 3.4 4.4 4.3 4.2 4.4 4.3 6.4 7.8 7.5 5.7 7.6 7.1 7.3 10.7 19.6 28.5 29.2 36.6 46.4 54.3 61.4 69.5 77.8 83.1 87.5 89.3 92.5 94.4 96.4 100.2 103.2 104.4 105.7 107 107.5 106.7 105.9 104.9 102.3 99.6 99.3 100 100 100.2 100 99 97.3 95.4 94.2 94 93.9 94.8 96.1
9.3 7.2 7.7 8.2 8.3 8.3 8 7.5 6 5.1 5.2 5.7 5.5 3.9 3.8 4 4.8 4.5 -3 -3 -3 -3 -3 -1 0.2 1.2 1.9 2.4 2.8 3 3.4 3.4 3.9 3.9 4.2 4.3 3.8 4.3 4.6 4.3 7.1 6.1 6 7.1 8.6 7.9 20.4 28.3 27.7 34.6 43.9 50.9 58.6 67.4 75.6 80.9 85.7 88.5 90.8 93.8 95 98.4 101 101.9 102.8 102.8 102.3 101.9 102.1 101.5 99.1 96.7 95.9 99.2 100.1 99.1 98.1 98 96.6 94.4 93.7 92.9 93.2 94.9 95
7.9 9.2 8.8 8.7 8.9 8.8 8.2 8.1 6.6 5.8 5.1 5.3 4.8 3.5 3.9 3.8 3.8 3.6 4.6 2.5 -3 -3 -3 -3 -3 -3 -0.6 0 0.5 0.9 1.3 1.5 2 2.1 2.5 3.2 4.6 4.6 3.3 4.3 4.5 7.7 -3 7.8 8 7.9 20.6 29.7 27.1 31.5 41.2 46.8 56.6 66.1 74.8 80.2 84.6 88.2 90.2 92.3 93.9 96.7 98.8 99.9 100.1 99.7 98.8 98.2 98.6 97.3 95.7 95 96 98.5 99.9 98.9 97.2 96.7 96.2 93.3 92.2 91.8 93 94 92.1
11.2 10.3 10.2 9.7 9.5 9 8.5 7.9 6.6 7.6 5.8 4.9 4.5 4.3 3.7 3.7 3.7 3.7 3.5 3.6 4.5 2.5 -3 -3 -3 -3 -3 -3 -3 -1.2 -0.7 -0.3 0.1 0.3 0.8 1.4 1.6 1.5 3.1 4.4 3.9 4.5 -3 -3 8.3 8.2 16.3 27.2 25.4 27.9 37.1 45.5 55.1 64.8 72.6 78.9 83.8 87 90.4 91.6 92.8 95.1 96.3 96.8 97.4 96.5 96.3 95.3 95.1 93.8 93.3 93 94.6 98 99.3 98.2 96.2 95.8 95.2 93 90.9 91.4 92.4 91 89.9
12.3 11.8 11.6 11.2 10.5 9.3 9 8.3 8.6 8.4 7.3 5.9 5 4.6 3.9 3.7 3.7 3.7 3.5 3.9 4.2 4.2 4.5 2.4 -3 -3 -3 -3 -3 -3 -3 -3 -1.7 -1.4 -0.9 -0.4 -0.5 -1.4 -3 1.2 3.8 3.4 7 -3 8.1 8.1 13.3 23.5 23.3 25.5 32.7 43.2 52.1 62.1 70.2 77.7 84.2 87.5 89.5 90.2 90.5 92.9 93.8 93.5 93.8 94.3 93.2 92.5 92.1 91.8 91.4 91.5 92.9 96.9 97.8 96.6 95.6 95.2 93.5 91.5 89.2 90.5 90.5 88.6 87
12.5 12.3 12.2 12.2 11.9 11.5 10.9 10.1 9.2 8.9 8.4 7.7 6.3 4.8 4.1 3.8 3.7 3.7 3.8 3.9 3.9 4.9 4.6 4.6 4.8 4.7 4.4 -3 -3 -3 -3 -3 -3 -3 -3 -3 -2.5 -3 -3 -3 -3 2.3 3.6 -3 7.7 7.9 13.2 21 21.7 23.2 35.2 40.4 50 58.8 69.6 78.5 84 86.9 88.4 88.2 88.6 90.6 91.2 90.9 90.9 91.7 91.2 89.8 89.8 90 89.7 90.4 91.4 95.3 95.4 93.9 92.9 91.9 90.2 89.3 87.9 87.5 87.6 86.5 84.4
13 12.9 12.8 12.7 12.2 11.7 11.3 11.4 10.7 9.3 8.5 8.1 7.3 4.8 4.3 4.1 3.8 3.7 3.8 3.8 3.8 3.8 4.4 4.4 4.4 4.4 4.4 4.4 4.2 4.3 4.6 -3 -3 -3 -3 -3 -3 -3 -3 -3 -3 -3 -3 -3 6.8 8.4 11.3 17.7 21.5 23.5 30.3 37.6 49.2 59.1 68.7 76.3 82.5 85.5 87.2 86.4 86.8 88.2 88.8 88.4 88.5 89.4 88.9 87.5 87.6 87.8 88.3 89.3 91.1 93.4 92.3 91.2 90.2 89.1 86.9 87.5 86.7 84.9 82.9 82.9 82.2
13.2 13.1 13 12.8 12.4 11.9 11.9 11.9 11.6 10.3 8.6 8.3 7.5 4.8 4.5 4.2 3.9 3.8 3.6 3.6 3.6 3.6 5.2 4.6 4.3 4.3 4.6 4.6 4.4 4.4 4.4 4.4 2.7 4 2.1 -3 -3 -3 -3 -3 -3 -3 -3 -3 7 8.2 9.8 17.4 19.9 21.7 27.8 35.5 48.4 58.4 67.9 75.8 80.7 84.4 85.2 84.2 85.6 86.5 86.5 86.2 86.4 86.4 86.3 86.1 86 86.3 86.9 88.2 90.8 91.4 89.9 88.1 87.2 86 84.1 86.4 85.2 82.7 81.5 79.5 79.7
13.3 13.2 13.1 12.9 12.7 12.3 12.3 12.2 12 11.3 9.5 8.6 7.9 5.1 4.5 4.2 4 3.9 3.8 3.6 3.4 3.7 3.4 4.2 4.2 4.2 4.2 4.2 4.2 4.2 4.1 4.2 4.1 3.4 3.4 3.4 3.4 3.5 3.6 0.4 -3 -3 -3 -3 6.8 8 9.2 15.7 18.8 20.2 26.8 34.2 47.4 58.4 66.5 74.1 79.4 82.8 83.4 82.5 84.7 85.5 85 84.4 84.5 84.6 84.7 84.6 84.4 84.7 85.7 87.2 89.1 89.5 87.6 84.5 82.7 82.1 82.1 83.5 83.7 80.8 79.4 77.8 77.7
13.4 13.3 13.3 13 12.8 12.6 12.6 12.5 12.3 12 9.9 8.3 7.3 5.4 4.5 4.2 4.2 4.1 4 3.9 3.8 3.5 3.6 4.5 4 4.1 4.6 4.2 4.2 4.2 4.1 4.1 4 3.6 3.7 4 4 3.5 4.2 3.7 1.4 -0.8 -3 -3 -3 7.9 8.8 14.2 17.3 18.8 23.2 32.9 47.4 58.5 66.3 71.8 77.8 80.6 81.4 81.7 84.2 84.2 83.7 82.8 82.9 83.1 83.1 83 83 83.6 84.3 85.8 86.7 86.8 84.3 81.6 79.3 79.8 80.6 81.8 80.2 79.8 75.8 74.4 74.9
