Assets/StreamingAssets/GeoData/Data/nx/NX55.asc
ncols 200
nrows 200
xllcorner 250000
yllcorner 550000
cellsize 50
[rows 144 to 179 of 200, columns 83 to 165 of 200]
74.7 75.1 68.6 58.2 56.9 54.4 51.8 48.5 43.9 43.7 40.6 38.3 34.3 34.2 33.9 32.3 30.2 26.4 24.9 24.4 23.5 23.9 21.2 18 16.7 19.1 20.6 20.2 22.8 27.9 31.9 33.1 32.3 30.8 28.7 22.2 6.8 3.9 3.4 2.9 2.5 2.1 1.4 0.7 0 -0.7 -1.3 -2 -2.7 -3 -3 -3 -3 -2.1 -2.6 -3 -3 -3 -3 -3 -3 -3 -3 -3 2.2 10.4 13.8 17 21.4 21.4 19.3 17.4 14.8 11.8 12.3 15.2 17.4 22.5 25.8 26.6 28.8 32.9 34.8
70.6 67.5 60.5 55.6 55.6 50.9 48.2 46.4 44.3 40.9 37.4 35.2 34.7 34.7 35.1 32.1 30 27.9 25.9 24.8 23.3 23.1 21 17.5 19.1 22 21.8 23.8 27.8 30.6 34 32.3 28.3 26.9 19.8 9.2 6 3.5 3.1 2.6 2.1 1.7 1.4 0.8 0.1 -0.6 -1.3 -2 -2.7 -3 -3 -3 -3 -3 -3 -3 -3 -3 -3 -3 -3 -3 -3 0.5 5 14.9 17.8 17.4 19.5 20 21.8 18.5 12.1 10.9 11.9 15.1 18.2 25.2 25.1 26.4 29.3 33.1 37.3
62.9 60.2 58.8 54.7 50.3 46.4 42.9 41.1 41.1 39.1 36.4 35.9 36.2 33.6 31.8 30.5 31.5 29.4 26.2 24.5 23.3 22.1 22 19.4 17.7 21.7 22.4 23 26.6 28.4 30.6 28.3 24.8 19.5 12.9 10.6 3.5 3.3 2.8 2.3 1.7 1.3 1 0.6 0.1 -0.6 -1.3 -2 -2.7 -3 -3 -3 -3 -3 -3 -3 -3 -3 -3 -3 -3 -3 -3 1.9 9 16.5 16.6 16.8 17.7 24.5 21 15.1 11.7 10.7 12.2 15.1 22.7 24.1 24.5 26.3 31.7 32.7 33.4
61.2 55.5 51 46.1 43.1 42.5 41.7 41.6 41 39.7 39.3 38.7 38.2 34 28.2 27.2 29.4 28.1 24.7 23.8 23 23.1 23.4 22.3 18.5 13.8 20.8 21.7 23.3 27.2 27.3 25 21.6 14.2 7 9.7 3.6 3 2.5 2 1.4 0.9 0.5 0.2 -0.1 -0.6 -1.3 -2 -2.7 -3 -3 -3 -3 -3 -3 -3 -3 -3 -3 -3 -3 -3 -3 1.8 9.1 12.9 14.4 15.1 20.4 18.3 13.5 12.6 11.5 12 12.9 18.9 22.4 24.9 25.8 25.9 29.3 31.6 35.5
57.1 49.3 45.1 42.4 43.1 44.2 42.5 40.1 40.2 40.1 39.1 37.8 36.3 33.8 28.8 25.7 25.6 24.9 24 23.1 22.1 21.2 20.7 20.3 19.5 13.1 17 19 21.5 26.6 27.7 22.2 18.5 4.8 3.5 3.1 2.8 2.6 2.1 1.7 1.1 0.6 0.1 -0.2 -0.6 -0.9 -1.3 -2 -2.7 -3 -3 -3 -3 -3 -3 -3 -3 -3 -3 -3 -3 -3 -1 1.5 3.4 8.5 11.2 12.7 11.4 10.9 10.7 11 12.4 13.4 16 19.6 24.7 28.1 27 25.1 30.8 37 38.1
51.3 43 42.6 44.2 46.4 44 41.8 40.1 40.1 40.8 37.1 35.7 34.2 32.3 29.2 25.8 24 23.1 21.7 20.4 19 18.3 18 17.6 16.8 13 15.4 16.4 22 26 18.1 9.2 4.1 3.2 2.4 1.9 1.7 2 1.7 1.2 0.9 0.3 -0.2 -0.7 -1 -1.3 -1.6 -1.9 -2.6 -3 -3 -3 -3 -3 -3 -3 -3 -3 -3 -3 -3 -3 -1.3 0.7 2.1 3.2 5.5 8 9.1 8.6 11.5 12.3 13.2 15 18 20.6 26.3 27.8 26.2 24.1 34.8 35.8 37.9
46.3 41.4 44.7 48.2 46.7 43.8 41 40.3 40.1 39.7 35 34.3 33.3 29.6 28.1 25.9 22.9 20.7 18 18.1 16.8 15.6 15.6 15.2 13.4 11.9 9.5 13.4 20 16 8.6 7.2 3 2.1 1.2 0.7 0.6 0.9 1.2 0.7 0.3 0 -0.5 -1 -1.4 -1.7 -2.1 -2.4 -2.7 -3 -3 -3 -3 -3 -3 -3 -3 -3 -3 -3 -3 -3 -0.9 0.2 1.2 2.1 3 5.2 6.3 6.2 9.9 12.1 13.3 14.9 19.7 25.6 24 24.4 25.8 24.7 30.3 33 28.7
41.9 47 51.2 49.5 45.9 42.9 40.5 38.7 38.6 34.8 30.9 29.5 29.1 28.5 26.9 24.5 21.1 19.2 17.3 15.3 13.3 13.2 14.3 12.2 7.8 6.7 6.7 8.7 9.3 9.2 4.8 3 2.1 0.8 0.1 -0.5 -0.4 -0.2 0.1 0.2 -0.2 -0.6 -1 -1.3 -1.8 -2.2 -2.5 -3 -3 -3 -3 -3 -3 -3 -3 -3 -3 -3 -3 -3 -3 -3 -1.2 -0.1 1 2.1 3.2 3.5 4.8 6.6 9.5 12.2 13.8 17.7 24.2 24.4 22.8 24.5 26.5 25.7 27.2 25.4 27
45.5 49.8 51.4 49 44.6 41.9 39.5 35.4 32.6 30.6 28.9 27.7 26.9 26.5 25.1 22.3 19.2 17.3 15 13.1 11.4 11.2 11.3 7.8 6.1 3.5 3.5 3.3 3.2 2.8 2 1.3 0.6 -0.1 -1.1 -1.8 -1.5 -1.2 -0.9 -0.7 -0.7 -1.1 -1.5 -1.9 -2.2 -3 -3 -3 -3 -3 -3 -3 -3 -3 -3 -3 -3 -3 -3 -3 -3 -2.1 -1 0.1 1.2 2.3 3.4 3.5 3.5 7.1 10.9 12.5 15.6 20.7 25.1 24.5 23.8 23.7 25 24.1 22.4 24.1 22.5
47.4 50.1 50.5 47.3 43.5 40.3 36.5 34.1 31.8 29.2 28.1 27.3 26.8 26.1 24.4 20.6 17.2 15 12.6 7.5 7.9 9.6 7.6 4.3 3.5 3.3 2.8 2.3 2.2 1.7 0.9 0.1 -0.7 -1.5 -2.4 -2.8 -2.5 -2.3 -2 -1.7 -1.5 -1.6 -2 -2.4 -3 -3 -3 -3 -3 -3 -3 -3 -3 -3 -3 -3 -3 -3 -3 -3 -3 -1.7 -0.8 0.3 1.4 2.5 3.5 3.5 3.5 7.7 9.3 12.1 16.2 21.1 25.9 25.1 23.7 22.4 20.9 20.7 19.4 17.3 20.8
48.5 49.7 48.8 45.7 41.9 39.6 36 33 31 30.5 29.5 27.2 26.8 26.1 23.7 20.1 16.8 13.3 8.7 6.5 7 8.1 3.5 3.5 3.5 2.5 1.8 1.4 1.2 0.7 -0.1 -0.9 -1.7 -2.5 -3 -3 -3 -3 -3 -2.8 -2.5 -2.3 -2.5 -3 -3 -3 -3 -3 -3 -3 -3 -3 -3 -3 -3 -3 -3 -3 -3 -3 -2.1 -1.2 -0.4 0.5 1.6 2.7 3.5 3.5 3.5 4.3 8.1 12.8 15.5 20.1 24.4 24.1 21.4 17.8 17.8 17.1 18 15.9 16
48.5 47.7 46.7 44 41.4 38.3 35.3 32.2 30.2 28.9 29.1 27.2 25.7 24.7 23.1 19.7 16.1 12.6 7.3 6.5 6.8 7.9 3.5 3.5 3.3 2 0.9 0.4 0.2 -0.3 -1.2 -2 -2.8 -3 -3 -3 -3 -3 -3 -3 -3 -3 -3 -3 -3 -3 -3 -3 -3 -3 -3 -3 -3 -3 -3 -3 -3 -3 -3 -3 -1.6 -0.8 0.1 0.9 1.9 3 3.5 3.5 3.5 4.3 7.2 10.6 16.6 19.2 19.1 18.8 17.6 16.7 15.3 14.9 15.9 13.8 12.3
47.2 46.1 45.1 41.5 39.8 37.3 35.4 32.2 31.1 29.7 29.4 26.8 25.3 24.9 24 20.4 16.9 12.1 7.7 6.2 5.3 7.1 3.5 3.5 2.7 1.4 0.1 -0.5 -0.8 -1.4 -2.2 -3 -3 -3 -3 -3 -3 -3 -3 -3 -3 -3 -3 -3 -3 -3 -3 -3 -3 -3 -3 -3 -3 -3 -3 -3 -3 -3 -3 -2 -1.1 -0.3 0.6 1.4 2.2 3.2 3.5 3.5 3.5 4.7 6.6 9.7 12.9 15.7 16.3 15.9 15.4 14.3 14.3 13.2 11.3 14.4 11.6
45.5 44.5 42.5 39.7 37.2 35.5 36.7 32.5 31.9 30.3 28.9 28.4 26 24.2 23 20.9 17.4 12.9 7.8 6 5.2 4.9 3.5 3.5 2.2 0.9 -0.4 -1.5 -1.8 -2.4 -3 -3 -3 -3 -3 -3 -3 -3 -3 -3 -3 -3 -3 -3 -3 -3 -3 -3 -3 -3 -3 -3 -3 -3 -3 -3 -3 -3 -2.2 -1.4 -0.7 0.2 1 1.9 2.7 3.9 3.5 3.5 3.5 5.9 9.4 12.2 12.2 13.2 14.3 14.3 14.1 13.9 15.1 14.5 10 11.4 10.3
43.1 42.5 40.4 38 35.9 35.9 35.4 32.8 31.1 30.3 30.6 29.7 25.8 23.7 21.9 19.9 16.4 11.6 6.7 4.5 4.9 5.5 5.2 2.9 1.6 0.3 -0.9 -3 -3 -3 -3 -3 -3 -3 -3 -3 -3 -3 -3 -3 -3 -3 -3 -3 -3 -3 -3 -3 -3 -3 -3 -3 -3 -3 -3 -3 -3 -2.3 -1.5 -0.8 -0.1 0.7 1.5 2.3 3.2 3.5 3.5 3.5 5.8 8.3 10.8 10.8 11.5 13 13.3 13 13 14 14.1 11.9 10.7 10 10.1
39.7 39.9 38.5 36.2 35.4 35.6 36.1 33.1 30.6 30.3 29 27.6 24.2 22.1 20.3 19.3 16.8 11.7 6.2 5.4 3.6 10.3 3.3 2.1 0.8 -0.4 -1.7 -3 -3 -3 -3 -3 -3 -3 -3 -3 -3 -3 -3 -3 -3 -3 -3 -3 -3 -3 -3 -3 -3 -3 -3 -3 -3 -3 -3 -3 -3 -1.8 -0.9 -0.1 0.5 1.2 2 2.8 3.5 3.9 5.2 6.6 7.1 8.7 9.8 10 11.2 12.4 12.5 12 11.9 10.7 10.7 11.5 13.7 10.2 10.2
36.5 37.3 36.5 35.5 35.7 35.1 35.9 33.8 29.7 26.5 26.1 24.8 22.5 21.5 20 18.9 16.7 11.6 6.6 3.5 3.5 3.5 2.6 1.3 0.1 -0.9 -1.8 -2.6 -3 -3 -3 -3 -3 -3 -3 -3 -3 -3 -3 -3 -3 -3 -3 -3 -3 -3 -3 -3 -3 -3 -3 -3 -3 -3 -3 -3 -2 -1.2 -0.3 0.6 1.4 1.9 2.5 3.3 3.5 12.9 9.6 8.5 8.2 9.3 9 10 11.7 11.8 11.7 11.3 10.3 10.2 10.6 11.4 11.4 9 9.6
28.9 33.9 34.7 34.9 33.8 32.9 34.8 32.6 27.6 23.2 21.8 22.1 21.9 21.2 20.1 19 16.5 10.2 6.2 3.5 3.5 3.1 1.9 0.9 0 -0.9 -1.6 -2.4 -3 -3 -3 -3 -3 -3 -3 -3 -3 -3 -3 -3 -3 -3 -3 -3 -3 -3 -3 -3 -3 -3 -3 -3 -3 -3 -3 -2 -1.3 -0.4 0.3 1.2 2.1 2.8 3.3 6.9 16.2 14 9.1 9.4 10.1 9.5 12.6 14.1 13 11.3 10.4 10 10.5 10.1 10.9 9.5 8.7 9.6 11
22.7 26.2 32.3 32.7 31.4 28.6 29 24.8 22.4 20.1 19.1 19.1 20.4 20 19.5 18.9 16.5 13.7 6.4 3.5 4.4 2.7 1.8 0.9 0.1 -0.7 -1.4 -2.2 -3 -3 -3 -3 -3 -3 -3 -3 -3 -3 -3 -3 -3 -3 -3 -3 -3 -3 -3 -3 -3 -3 -3 -3 -3 -3 -2.2 -1.4 -0.6 0.1 1 1.8 2.7 6.4 14.2 11.4 12.6 11.4 11.2 9.6 9.6 10.1 13.1 12.7 11.3 9.5 10.3 9.8 10.9 9.3 8.5 8.6 8.9 9.8 10.8
19.3 22.9 27.2 30.8 29.3 27 24.5 23.1 20.1 19.5 19.1 18.4 18 19 19.2 18.3 15.4 10.4 7.5 6.4 3.5 2.7 1.8 1 0.3 -0.5 -1.3 -2 -2.8 -3 -3 -3 -3 -3 -3 -3 -3 -3 -3 -3 -3 -3 -3 -3 -3 -3 -3 -3 -3 -3 -3 -3 -3 -2.2 -1.7 -1.2 -0.6 0.3 1.2 2 2.9 5 10.3 11.2 11.2 10.9 11.5 10.3 10.1 9.6 9.9 9.9 9 9.9 12.4 9.6 9.4 8.6 8.5 8.9 10.6 12.8 14.1
18.1 23.2 26.8 30.1 27.8 24.8 24 22 19.7 19.6 19.4 18.5 18.7 18.5 18.9 17 14.5 10.5 8.8 6.3 3.5 2.7 1.9 1.2 0.4 -0.3 -1.1 -1.8 -2.6 -3 -3 -3 -3 -3 -3 -3 -3 -3 -3 -3 -3 -3 -3 -3 -3 -3 -3 -3 -3 -3 -3 -2.7 -2.2 -1.7 -1.1 -0.6 -0.1 0.4 1 1.9 2.8 3.5 8.7 11.2 9.1 7.4 8 11.7 11.7 7.7 8.7 8.8 7.9 8.5 9.7 10.7 9.7 8.7 8.7 13 13.9 15 14.7
17.1 23.2 24.9 26.7 25.8 25.5 23.8 22.8 19.5 18.9 19.2 18.9 19.2 18 16.9 15.2 14.6 14.3 13.8 13 4 2.8 2.1 1.4 0.6 -0.1 -0.9 -1.7 -2.4 -3 -3 -3 -3 -3 -3 -3 -3 -3 -3 -3 -3 -3 -3 -3 -3 -3 -3 -3 -3 -3 -3 -2.1 -1.6 -1.1 -0.6 0 0.5 1 1.5 2.1 2.6 3.5 5.5 8.5 7.1 4.1 4.9 8.3 9 7.4 6.7 7.2 6.3 6.4 7.7 9.6 10.5 9.7 9 11.1 12.9 14.1 13.5
13.8 17.4 21 22.3 23.6 24.9 24.2 23.2 21.3 20.8 20.5 19 16.8 14.8 13.5 14.4 15.6 16.7 16.7 11.5 3.4 2.1 1.5 0.9 0.4 -0.1 -0.7 -1.5 -2.2 -3 -3 -3 -3 -3 -3 -3 -3 -3 -3 -3 -3 -3 -3 -3 -3 -3 -3 -3 -3 -3 -2.2 -1.7 -1.2 -0.7 -0.1 0.4 0.9 1.5 2 2.5 2.9 3.3 3.5 4.6 4.2 3.5 3.5 6.7 6.5 6.9 5.9 6.3 5.6 5.6 5.6 6.8 10.4 10.7 10.7 11.8 12.8 12.4 12.7
10 14.5 17.9 20 21.5 23 24.3 24.6 22.8 22.3 20.4 16.7 12.6 9.2 7.7 8.3 17.9 17.3 10 7.1 2.8 1.9 0.7 0.2 -0.3 -0.9 -1.4 -1.9 -2.5 -3 -3 -3 -3 -3 -3 -3 -3 -3 -3 -3 -3 -3 -3 -3 -3 -3 -3 -3 -3 -2.4 -1.9 -1.4 -0.9 -0.4 0.1 0.6 1.1 1.6 2.1 2.5 2.6 2.8 3.1 3.4 3.5 3.5 3.5 6.1 5.6 6 3.5 3.5 3.5 5.8 5.2 6 8.7 11.7 11.3 11.7 10.6 12.3 15.1
6.7 10.8 15.8 19.2 21.5 22.7 23.3 24.5 23.6 24.7 22.6 14.7 9.7 6.5 6.5 5.3 6.1 9.3 7.9 5.3 2.2 0.6 0.1 -0.8 -1.1 -1.6 -2.1 -2.7 -3 -3 -3 -3 -3 -3 -3 -3 -3 -3 -3 -3 -3 -3 -3 -3 -3 -3 -3 -3 -3 -2.2 -1.7 -1.2 -0.7 -0.2 0.3 0.7 1.2 1.6 1.9 2 2.2 2.3 2.6 2.8 3.2 3.5 7 5.3 4.2 3.5 3.5 3.5 3.5 5.1 6 5.6 7.2 9.7 10 8.9 10.8 14.1 15.8
-3 3.2 9.2 21.5 20.9 21.8 22.6 23.7 25.2 25.1 23.5 15.6 7.3 3.5 3.5 3.5 3.5 6.1 4.3 3.5 2.4 -0.4 -1.3 -1.7 -2.2 -3 -3 -3 -3 -3 -3 -3 -3 -3 -3 -3 -3 -3 -3 -3 -3 -3 -3 -3 -3 -3 -3 -3 -2.6 -2.1 -1.5 -1.1 -0.6 -0.1 0.3 0.8 1.1 1.2 1.4 1.6 1.7 1.9 2.1 2.3 2.7 3.1 3.5 3.5 3.5 3.5 3.5 3.5 4.9 6.3 5.8 6.1 6.2 8 8.3 9.8 11.6 13.2 15.6
-3 -3 2.1 8.1 17.5 17.9 19.9 21.6 22.3 21.6 19 15.4 3.8 3.5 3.5 3.5 3.5 3.5 3.5 3.5 3.5 -3 -3 -3 -3 -3 -3 -3 -3 -3 -3 -3 -3 -3 -3 -3 -3 -3 -3 -3 -3 -3 -3 -3 -3 -3 -3 -3 -2.4 -1.9 -1.5 -1 -0.6 -0.1 0.3 0.5 0.6 0.8 0.9 1.1 1.3 1.4 1.6 1.7 2.1 2.5 3.1 3.5 3.5 3.5 3.5 4.3 6.1 7 7.1 5.8 5.3 7 8.3 9.7 10.5 11 14.9
-3 -3 -3 -3 -3 9.2 15.4 20.6 18.9 18.1 17.1 5.2 2.7 3.4 3.5 3.5 3.5 3.5 3.5 3.5 5.4 -3 -3 -3 -3 -3 -3 -3 -3 -3 -3 -3 -3 -3 -3 -3 -3 -3 -3 -3 -3 -3 -3 -3 -3 -3 -3 -3 -2.4 -1.9 -1.4 -1 -0.5 -0.3 -0.2 0 0.2 0.3 0.5 0.6 0.8 1 1.1 1.3 1.6 2 2.5 3.3 3.5 3.5 4.1 4.2 3.5 7.1 4.8 4 5.5 6.2 7.1 8.5 9.6 10.2 14.4
-3 -3 -3 -3 -3 -3 -3 16 9.7 12.4 6.7 0.6 1 1.6 2.3 3.1 3.5 3.5 3.5 1.3 -3 -3 -3 -3 -3 -3 -3 -3 -3 -3 -3 -3 -3 -3 -3 -3 -3 -3 -3 -3 -3 -3 -3 -3 -3 -3 -3 -2.8 -2.3 -1.9 -1.4 -1.1 -0.9 -0.8 -0.6 -0.5 -0.3 -0.1 0 0.2 0.3 0.5 0.7 0.8 1 1.4 1.9 2.7 3.5 3.9 2.9 1.9 1.8 1 1.3 -3 2.5 5 5.9 7.6 10.6 12.9 13.9
-3 -3 -3 -3 -3 -3 -3 -3 3.5 3.5 -3 -2.3 -0.7 -0.3 0.5 1.2 2.4 4.3 3.5 -3 -3 -3 -3 -3 -3 -3 -3 -3 -3 -3 -3 -3 -3 -3 -3 -3 -3 -3 -3 -3 -3 -3 -3 -3 -3 -3 -3 -2.7 -2.3 -1.9 -1.7 -1.6 -1.4 -1.2 -1.1 -0.9 -0.8 -0.6 -0.4 -0.3 -0.1 0.1 0.2 0.4 0.4 0.8 1.3 2.1 2.4 2 1.5 0.6 -0.9 -3 -3 -3 5.1 3.9 5.6 7.1 10.5 14 16
-3 -3 -3 -3 -3 -3 -3 -3 -2.5 -3 -3 -3 -3 -3 -1.2 0 -0.2 -3 -3 -3 -3 -3 -3 -3 -3 -3 -3 -3 -3 -3 -3 -3 -3 -3 -3 -3 -3 -3 -3 -3 -3 -3 -3 -3 -3 -3 -3 -2.7 -2.5 -2.4 -2.2 -2 -1.9 -1.7 -1.5 -1.4 -1.2 -1.1 -0.9 -0.7 -0.6 -0.4 -0.2 -0.1 -0.1 0.2 0.7 1.5 1.1 0.3 -0.1 -0.8 -3 -3 2.1 6.4 6.1 5.8 6.1 6.5 9.5 12 14.1
-3 -3 -3 -3 -3 -3 -3 -3 -3 -3 -3 -3 -3 -3 -3 -3 -3 -3 -3 -3 -3 -3 -3 -3 -3 -3 -3 -3 -3 -3 -3 -3 -3 -3 -3 -3 -3 -3 -3 -3 -3 -3 -3 -3 -3 -3 -3 -3 -3 -2.8 -2.7 -2.5 -2.3 -2.2 -2 -1.8 -1.7 -1.5 -1.4 -1.2 -1 -0.9 -0.7 -0.5 -0.7 -0.4 0.2 0.6 -0.1 -1.1 -1.7 -2.4 -3 0.8 5.3 5.7 6 7.6 9.8 12.3 11.6 13.6 16.6
-3 -3 -3 -3 -3 -3 -3 -3 -3 -3 -3 -3 -3 -3 -3 -3 -3 -3 -3 -3 -3 -3 -3 -3 -3 -3 -3 -3 -3 -3 -3 -3 -3 -3 -3 -3 -3 -3 -3 -3 -3 -3 -3 -3 -3 -3 -3 -3 -3 -3 -3 -3 -2.8 -2.6 -2.5 -2.3 -2.1 -2 -1.8 -1.7 -1.5 -1.3 -1.2 -0.9 -1.2 -1.1 -0.4 -0.5 -1.4 -3 -3 -3 -0.9 1.7 4.3 6.6 6 9 11.9 13.6 13.4 15.5 15.1
-3 -3 -3 -3 -3 -3 -3 -3 -3 -3 -3 -3 -3 -3 -3 -3 -3 -3 -3 -3 -3 -3 -3 -3 -3 -3 -3 -3 -3 -3 -3 -3 -3 -3 -3 -3 -3 -3 -3 -3 -3 -3 -3 -3 -3 -3 -3 -3 -3 -3 -3 -3 -3 -3 -2.9 -2.8 -2.6 -2.4 -2.3 -2.1 -1.9 -1.8 -1.6 -1.4 -1.8 -1.7 -1.2 -1.7 -3 -3 -0.8 0.1 1.2 3 6.2 6.1 7.5 10.9 11.6 13.6 13.3 15 17
-3 -3 -3 -3 -3 -3 -3 -3 -3 -3 -3 -3 -3 -3 -3 -3 -3 -3 -3 -3 -3 -3 -3 -3 -3 -3 -3 -3 -3 -3 -3 -3 -3 -3 -3 -3 -3 -3 -3 -3 -3 -3 -3 -3 -3 -3 -3 -3 -3 -3 -3 -3 -3 -3 -3 -3 -3 -2.9 -2.7 -2.6 -2.4 -2.2 -2.1 -1.9 -2.2 -2.4 -3 -3 -3 -0.8 0.7 2.2 3.5 5 6.5 6.9 8.8 10.3 11.8 11.8 14.1 16.3 18.2
-3 -3 -3 -3 -3 -3 -3 -3 -3 -3 -3 -3 -3 -3 -3 -3 -3 -3 -3 -3 -3 -3 -3 -3 -3 -3 -3 -3 -3 -3 -3 -3 -3 -3 -3 -3 -3 -3 -3 -3 -3 -3 -3 -3 -3 -3 -3 -3 -3 -3 -3 -3 -3 -3 -3 -3 -3 -3 -3 -3 -2.9 -2.7 -2.5 -2.4 -3 -3 -3 -1.9 -1.2 -0.3 1.2 3.1 7.4 5.2 5.9 6.8 8.7 9.8 11.4 14.6 15.2 16.1 15.7
