Assets/StreamingAssets/GeoData/Data/nx/NX67.asc
ncols 200
nrows 200
xllcorner 260000
yllcorner 570000
cellsize 50
[rows 72 to 107 of 200, columns 81 to 161 of 200]
48.6 52.1 51 54.1 58.6 62.3 65.9 68.7 75.8 78.9 79.5 79.9 80.5 82.7 84 87.2 86.7 83.6 86.7 89.8 90.5 97.8 102.8 105.1 98.7 93.5 84.5 90.2 93.6 88.7 93.1 94.6 85.1 83.1 91.8 95.5 91.7 82.4 80.7 82.6 84.8 86.6 85.5 84.3 82.8 82.9 83.3 82.8 89.5 91.8 92.6 93 95 86.2 84.3 84.6 84.9 85.1 85.3 85.8 86.7 91.8 98.4 109.8 119.4 112.9 103.7 98.6 98.2 98.9 99 98.5 98.5 102.2 108.5 119.1 114.2 114.5 119 125.9 140.2
51 58.2 52.1 52.5 56.2 66.4 70.9 70.9 73.4 78.9 80.3 79.2 79.4 82.2 86 86.9 86.6 83.2 82.4 87.6 91.5 98.2 100.4 102.8 99.4 91.7 89.5 81.4 85.6 84.1 82.6 92 87.6 81.6 85.8 94.3 94.1 84.4 80 81.9 85.2 86.3 85.4 84.5 84.2 82.6 84 81.7 87.4 91.5 90.8 90.8 87.8 84.6 83.3 83.4 83.9 84.8 94.4 91 87.3 88.3 96.9 110.4 114.3 109.7 103.7 96.7 95.6 96.9 97.4 96.4 97.8 100.1 102.2 114.9 113.6 115.7 121.2 127.3 143.8
55.6 55.2 53.2 52.7 59.1 66.2 71.8 70.5 70.2 76 81 80.8 79.5 82.7 85.5 90.1 87.5 85.6 81.1 84.9 88.7 93.5 95.9 96.2 94.5 89.4 81.6 82.2 80.1 79.7 79.1 82.5 87.2 81.3 79.5 87.3 91.9 87.4 80.7 80.2 81.9 87.4 93.9 89.1 84.8 82.9 82.5 82.6 82.5 89.5 89.7 88.1 87.6 84.4 83.9 83.6 84.1 84.2 95.8 102.1 97.6 92 94.5 105.6 108.2 104.8 100.7 95.8 95.2 95.6 95.1 95 96.5 98.3 101.4 110.1 115.4 116.1 127.2 136.3 149.7
45.7 48.4 51.6 54.4 61.3 64.4 68 70.1 70.8 75 80.4 80.8 79.5 79.1 84.8 89.2 88.6 86.4 81.9 79.7 83.9 85.1 85.6 85.8 85.7 84 80.8 83.5 79.6 78.3 77.9 79.3 80.6 79.1 79.3 82 86.4 86.1 80.7 79.8 79.6 83.9 93.6 99 88.8 82.5 83.7 81.4 81.8 86.1 86.2 86.6 85.5 87.8 84.5 83.2 83.7 84.6 95.8 105.7 100 104.3 98.9 98.7 100.5 97.8 96 94.5 96.4 95.4 95.4 94.9 95.7 99.2 102.3 107.6 117.6 116.9 124.8 137.4 148.2
44.5 46.9 49.4 52.5 55 64 65.9 69.3 70.9 74.1 75.9 80 79.3 77.4 82.5 86.7 88.6 85.9 83.3 80.5 79.2 78.8 78.7 77.9 78.5 80.3 81.7 82.2 80.8 77.6 76.9 76.1 76.5 76 81.6 80 81.9 82.2 79.8 78.2 78.2 83 89.4 98.5 97.3 84.5 84.2 81.3 79.7 81.2 84.2 84.5 86.3 85.7 85.2 83.9 83.4 84.5 96 104.2 102.5 107.5 106.1 98.2 97.7 98.1 97.6 94.5 95.1 96.3 95.8 94.8 94.4 96.5 99.9 105.9 117.1 116.8 125.9 136.9 148.5
44.5 44.5 48.6 52 52.8 58.6 62.9 68.2 72 70.9 72.9 77.8 77.2 76.8 78.7 84.5 87 86.1 84.2 84.1 84.3 80.8 78.8 77.5 76.8 77.6 78.1 79.3 81.9 77 76.3 76 76.8 75.7 78.5 79.6 79.9 80.2 78.1 77.7 78.4 81.9 87.7 94.2 99.2 90.7 86.8 81.5 79.8 80.8 82.8 85.8 84.1 85.1 85.8 84.1 84.2 86.9 95 101.7 109.6 104.7 109.2 100.7 104.4 103.9 103.5 94.4 93.3 94.9 96 95.1 92.1 95.4 97.8 104.5 117.4 120.9 123.8 135.8 144.1
44.5 44.5 46 49.8 50.7 52.2 55.7 61.1 66.2 69.7 70.4 73.1 77.5 78.4 77.6 81 85.5 85.6 83.1 84.8 86.6 90.1 84.6 77.7 76.7 75.5 75.4 76.2 78 75.9 75.5 75 76.9 78.4 79.1 79.2 80.7 78 77.5 77.5 81.9 80.4 80.7 85.9 96.4 91 83.1 80.8 79.7 79.5 82.9 83.2 83.5 84.1 86.1 84.1 83.5 83.9 93.4 99.7 111 106.6 106.5 102.3 101.2 106.6 104.8 98.9 93.7 92.7 92.8 94 92.7 94.8 100 105.4 117.4 121.5 123.3 132.9 137.6
44.5 45.6 45.7 46.9 48.1 52.4 54.4 61.3 66.3 66.1 67.6 71 76.2 76 75.8 77 82.2 84.7 82.2 84 87.9 91.1 89.5 80.7 77.5 77.9 74 74.1 75.1 77.9 74.8 74.5 74.9 78.2 77 77.1 77.1 77.7 81.5 83.7 80.8 79.9 80.6 80.6 86.9 84.9 80.2 79.5 79.7 79.6 82.7 82.2 83 83.2 85.4 84.1 83.2 83.4 88.6 95.7 107.3 108.2 102.2 101.2 96.3 105.1 103.8 101.9 94.7 93.8 92.6 90.9 91.5 94.5 100.4 105.8 113.9 120.5 120.8 126.9 136.7
44.5 44.5 44.5 45.3 46.6 51.2 52.6 56.3 63 64.5 67.4 71.3 73.3 76.2 76.5 75.1 77.9 81.2 81.3 83.1 86.7 88.6 87.3 81.8 78.4 82 74.5 70.1 69.7 79.1 75.2 74.7 75.6 76.4 77 77.5 80.4 79.2 84.4 85.3 80.6 80.5 80.4 81.8 80 80.8 78.9 80.5 78.9 80.8 79.5 80.4 81.6 82.4 84.1 85.8 83.3 83.5 83.1 90.4 99.6 105.6 102 97.3 92.4 99.5 104.7 100 93.6 92.5 92.2 90 91.2 95.5 98.8 103.1 111 117.7 120.9 122.2 133.5
46 45.7 45.8 45.4 46.5 48.6 55.5 57.9 59.5 63.3 64.7 68.8 69.1 74.5 75.9 73.2 74.4 78.1 79.6 78.2 82.9 82.9 80.5 77.2 75.4 81.8 76.8 69.3 69 76.1 76.4 78.5 76.5 76.7 77.3 86.6 96.4 88.8 82.5 84 83.3 79.6 85 81.9 79.2 78.8 80.3 79.9 79 79.3 80.9 91 86.7 84.3 85.3 84.7 83.4 83 84 84 92.6 97.8 98.7 95.3 90.7 93.2 101.1 97 90.6 91.8 90.7 91.2 92.1 93.5 99.1 102.3 105.8 114.1 120.4 124.2 138.5
46 46.4 44.5 44.6 46.6 51.8 59.2 58.9 57.5 59.7 61.8 69.2 67.7 74.3 73.5 72.9 72.2 74.5 76.3 76 77.6 76.9 72.1 70 70.2 77.9 77.4 69.1 71.3 72.2 75.5 76.1 76.7 77 78.5 88.7 99.8 97.5 84.1 82 82.3 80.9 82.8 80 78.8 78.7 77.6 77.5 78.3 79.6 84.1 90.8 97.3 87.1 84.5 84.7 83.6 82.3 83.2 85.7 88 91.5 91.5 93.7 90.8 88.9 91.1 91.7 88.6 89.8 94.3 92.8 93 92.9 97.3 102.8 104.5 107.6 118.5 123.4 136.9
45.8 45.2 44.5 45.9 45.9 56.1 63.9 63.5 60.3 56.8 60.1 64.1 66 69.9 72.2 73.9 73.4 72.7 74.5 74.6 71.6 71.8 69.4 68.8 67.9 69.4 69 69.1 71.7 71.6 73.3 77.8 80.2 76.6 81.5 87.3 97 97.7 90.8 79.7 79.5 80 79.4 81.6 79.8 78.2 79.1 77.2 76.8 81.1 81.9 90.8 95.8 86.5 83 82.9 84.6 81.6 83.7 84.1 90.5 91.6 89.2 89.2 89.4 91.8 88 88.2 88.2 88.5 91.3 92.4 92.9 93.2 97 101.4 104.6 107.5 116.9 120.8 132.6
45 44.3 44.5 45.5 46.8 58 65.9 66.3 59.5 55.7 54.8 60.4 61.9 64.5 68.1 71.1 73.6 71.5 71.9 76.4 76.4 70.4 69.7 70.5 68.8 68.2 68.7 69.6 72.8 80.4 75.8 78 77.7 79.7 84.7 80.6 90.1 94.3 88.3 79.4 79.2 80 81.4 80 80.2 78 76.8 76.5 76.6 81.1 83.4 84.6 87.1 91.6 84.5 85.8 85.5 81.5 85.4 83.6 88.1 94.2 90.8 88.5 88.3 91.2 88.6 87.7 87.6 89.8 90.8 91.6 92.1 93.5 99.9 103.8 104.1 105.2 109.2 117.2 123.1
44.3 44.3 44.5 44.5 47 56.7 63.5 65 61.4 54.9 54 53.7 57.1 63.9 67.9 69.3 71.4 71.3 72.7 75.7 77.8 75.9 69.9 68.9 68.9 68 68.6 76.7 82.6 88.8 84.5 76.5 77.8 77.1 79.6 81.4 83 86.2 82.2 78.9 80 82.7 79.2 80.3 78.2 76.9 76.3 76.4 76.3 82.7 83.5 81.5 86.5 91.6 89.2 85.1 83.6 81.1 88.8 85.9 83.2 91.3 93.6 88.7 89.3 87.8 88 86.8 86.8 87.6 89.9 90.7 91.8 98 103.4 103.7 104.3 103.8 107.1 106.3 116.8
44.3 45.2 44.8 44.3 45 50.4 60.7 63.4 60.9 57.4 53.9 53.2 55.8 61.6 66.4 66.7 68.4 71.9 71.9 72.6 76.2 77.3 70.1 67.8 70.7 67.9 68.5 75 85.7 89.5 89.9 79.1 74.4 79 80 85.7 82.7 79.7 80.5 79.4 81.3 80.5 79 78.6 78.1 77.3 78.2 77.7 77.5 84.4 82.1 80.2 80 86.9 88.8 83.7 81.7 82.4 82 91.4 83.4 85 89.8 89.7 89.6 88.1 87 90 91.7 88.5 88.7 89.5 98.4 100.3 101.5 103.2 104.1 104.1 103.4 106.1 113.3
44.5 44.3 44.3 45.2 44.2 46.6 55.1 60.5 60.3 55.8 52.7 52.2 55.6 63.7 64.8 64.9 67.6 69.8 70.7 71.1 72.6 74.6 70.7 68.5 69.8 70.1 67.8 69 81 85.6 85.1 79.7 73.2 73.6 79.2 78.7 77.6 77.5 81.9 80.5 78.7 78.6 76.6 77.3 75.6 75.5 76.2 77.1 79.6 79.3 80.3 79.6 81.7 83.4 83.5 81.4 81 81.1 81.7 90.7 88.2 81.6 83.9 87 86.8 86.9 86.8 88.4 92.5 89.8 90.2 95.5 96.5 99.2 99.3 102.8 102.8 103.4 103.5 104.9 107.1
44.7 44.6 44.4 44.3 45.9 46.4 49.3 55.3 53.3 51 50.3 50.9 53.4 63.5 62.3 65.8 67.1 67.4 68.5 69 69 69.3 68.3 68.2 68 68.6 67.5 68.8 71 77.6 77.3 74.7 73.8 72.8 74.5 75.9 78.4 79.8 81.3 81.5 79 75.8 76.1 75.4 75.5 75.2 74 76.9 79 77.5 81.6 83.4 81.8 81.1 81.4 81.3 81.6 79.9 81.6 83.2 89.3 81.2 81.5 81.9 84.4 86.3 85.9 89.2 95.4 100 96.1 99.3 98.4 97.7 102.1 99.3 104 103.6 103.8 105.2 108.9
44.4 44.7 44.5 44.3 46 46 46.8 49.8 50 49 49.7 50.6 52.6 56.9 60.9 62.9 64.7 65.7 66.7 68 67.1 67.5 67 67.8 68.2 68 70.1 69.1 69 70.1 71 70.6 71.4 72.6 74.7 75 75.5 78 79.8 80.6 76.7 75 74.4 74.6 75.1 76.1 74.3 75 80.8 77.5 78.6 82.5 84.6 79.5 80.4 77.8 80.3 82.7 82 79.4 85.2 81.7 79.2 79.7 83.4 84.8 86.5 89.5 99.4 103.1 98.5 98.3 101.2 99 101.4 105.1 103.4 103 104.2 105.5 111.3
44.4 44.3 44.7 44.5 45.9 46.1 46.4 48.1 49.3 51.1 50 56 55.5 56.1 64.2 62.8 64.6 67.4 65.5 68.7 69.3 73 69.1 67.6 68 70.4 70.7 68.7 69.4 69.5 69.7 70.4 72.1 71.7 71.6 72.7 77.3 77.5 80.8 78.7 78.3 75.6 74.4 74.7 73.7 75.4 73.5 73.9 79.7 81.7 77.3 78.5 83.4 80.6 79.6 77 77.9 81.7 85 79.3 78.9 79.7 79 79.4 82.4 84.8 88.4 90.3 94.3 100.1 99.2 100 100.4 105.4 100.4 100.3 101.2 102.5 102.9 104.2 110.1
44.4 44.4 44.3 45.9 45.9 46 46.4 48.2 51.1 51.5 54.8 56.3 54.7 55.5 65.4 68.6 64.5 67.2 65 67 70.8 69.3 68.8 67.5 72.1 72.6 69.8 68.9 68.7 72.5 70.1 69.6 71.1 71.1 71.3 76.1 75.2 78.8 79.4 79.3 78.5 76 76 73.4 75.7 72.2 72 73.3 74.9 83.4 78.1 76.9 78.8 81.5 78.7 76.9 75.8 77 81.8 80.3 79 78.9 79.5 80.6 82.7 85 88.7 90.4 95 93.3 96.4 99.9 98.5 99.5 99.9 99.7 100.3 102.3 103 103.9 104.9
44.4 44.3 44.3 44.3 46.3 45.8 46.5 49.2 53.3 55.7 57.4 53.9 56 55.7 64.5 71.1 66.8 62.5 63.5 69.6 70.6 69.1 67.4 69.3 73.7 70.9 70.9 68.3 68.5 68.9 69.2 69.9 70.4 71.1 71.5 72.9 73 75.2 76.9 77.2 78.4 75.2 75.6 73.1 73.2 71.6 70.5 71.2 72.1 78.7 81.5 75.5 77.6 80.4 78.4 73.6 75.8 80.5 80.3 76.6 80 79.5 79.6 80 82 84 86.2 89.6 91 90.9 94.6 97.9 98 97.9 98.7 102.8 102.2 101.9 102.5 103.3 103.8
44.4 44.4 44.4 44.3 44.3 45.8 47.8 51.6 55.6 56.1 56.8 54.9 56.1 57.6 61 70.1 66.7 61.2 63 67.4 68.6 67.4 68.5 71 72.2 71.3 68 69 69.4 68.5 69.2 68.9 69.6 71.8 70.2 74.5 72.2 73.1 73.3 76.3 75.7 77.2 77.1 72.4 73 72.1 70.6 70.1 69.9 71.5 81.6 75.2 76.9 78.7 71.8 75.3 76.7 76.8 77 78 83.2 80.2 84.4 90.3 92.2 90.7 89.9 88.4 89.1 92.5 94.2 94.2 98.7 98.6 97.8 101.5 101.8 101.5 102.1 102.5 103.6
44.5 44.5 44.4 44.4 44.3 44.3 48.6 56.8 56 57.3 55.4 56.2 55 58 58.4 63.1 65.7 62.8 60 64.9 64.7 65.2 67.9 70.6 68.6 66.4 68.3 73.1 68.9 68.2 68.7 69.2 70.3 70 69.9 71 72.4 71.8 72.7 75.1 75.7 78.8 75.2 74.1 77 73.2 71.8 68.8 68.6 69.3 76.7 77.1 72.6 73.8 78.6 77.3 75.5 75 77.8 78.8 81.8 81.8 92.5 102.3 103.3 103.9 99.1 92.4 89 93.3 92.9 93 96.2 96.2 96.2 96.2 99.4 100 99.4 101.5 102.4
44.5 44.5 44.4 44.4 44.4 44.3 49.8 53.7 55.5 56.3 55.5 54.7 54.9 56.9 57.8 57.5 64.4 62.2 59.2 61.3 62 66.6 68.9 67.5 67 65.7 70.7 74 69.2 68.7 69.1 68.9 67.9 69.1 69 72 70.6 72.7 73.6 73.5 77.9 76.7 74.9 79.5 74 72.6 69.8 70.3 70.4 67.9 73.2 74.1 69.6 69.8 75 74.1 71 77.2 79.7 79.1 82.9 84.3 93.6 104.4 108.2 107.2 104.7 97.6 88.6 90.3 91.4 92.7 92.2 93.4 95.7 97 97.3 98.8 99.9 100.6 101.6
44.5 44.5 44.4 44.4 44.4 44.3 45.4 52.3 54 54.4 56.7 55.3 55.8 56.1 57.2 58 59.6 60.5 58.9 57.6 62.4 65.9 66.7 65.1 65.1 68.2 72.4 71.6 68.2 70 72.5 69 68.2 68.4 68.5 71.4 69.8 70.6 74.4 73.4 75.3 74 75.8 74.3 74.2 70.9 79.9 78.6 72.6 68.4 69 68.4 71.2 69.8 69.8 74.9 79.6 78.8 79 79.2 79.4 80.6 89.9 101.9 105.2 105.9 103.5 98 89.1 87.8 90.5 89.9 90.5 92 94.5 94.9 96.7 97.3 98.6 99.1 99.8
44.5 44.5 44.4 44.4 44.4 44.3 44.5 48.6 53.7 54.7 55.6 56.9 56.7 58.5 59.8 59.9 56.8 57.4 58.4 57.1 60.5 61.2 63.3 63.9 66.6 66.5 70.6 68.1 69.7 71.3 77.1 74.8 68.9 67.3 67.6 68.4 68.7 69.7 72.8 71.6 71.9 74 74.7 73 73.7 71.4 82.2 87.6 78 68.6 67.4 67.7 69.6 69.2 72.7 75.4 79.3 77.6 77.7 77.8 78 78 82.3 96.6 100.9 100.8 98.8 94.7 89.5 87.4 88.2 88.8 89.8 91.2 93 94.3 95.2 95.5 97.7 97.1 102.7
44.5 44.5 44.4 44.4 44.4 44.3 45.8 47.1 50 53.1 55.4 56.3 57 55.5 58.7 60.7 58 55 54.9 55.9 56.6 59.2 61.2 64.8 66 66 64.1 66.1 69.4 68.3 74.4 77.8 71.9 67.4 67.4 68.1 69.5 69.3 67.9 71.6 73.3 70.9 72.4 71.7 69.6 71.2 80.2 90 84.7 68.2 66.9 67.6 67.6 70.2 73 77.3 77.4 77.5 77.7 77.9 77.5 78.5 80.1 87.5 95.1 93.9 90.7 89.7 87.8 87 87.6 88 90.8 91.4 92.7 93.1 94 94.1 94.5 97.2 103.5
44.5 44.5 44.4 44.4 44.4 44.3 46.3 47.9 52.2 52.7 54.5 55.4 54.6 54.4 54.3 58 57.4 53.9 53.3 54.7 55.2 59.8 62.1 63 64 63.1 63.4 67.3 67.3 67.9 69.1 74.5 72.9 67.5 67.6 67.9 67.7 67.5 71.8 74.4 71.4 70.7 71.1 68.5 70.5 71 73.7 86.8 84.7 70.2 66.4 66.7 70.3 69.7 71.2 74.6 75.1 77.4 76.7 78.6 77.5 77.4 79.3 84.8 89.5 88.5 85.3 86 86.8 86.4 86.1 88.5 89.1 90.2 91.4 92.3 92.5 93 92.6 99.2 105.8
44.5 44.5 44.4 44.3 44.3 44.3 44.5 50 51.4 49.6 51.5 53.9 53.8 51.7 53.5 54.4 53.5 57 51.7 54.1 56 55.9 60.3 60.9 61.3 62 62.3 65.6 67.6 67.6 67.1 67.9 69.5 67.1 67.6 68.7 66.7 66.7 71.6 71.6 69.2 68.7 68.9 68.2 72.3 69.3 72.8 75.9 79.8 72.3 65.5 66.7 67.5 69.7 75.3 73.2 76.2 76.7 77.7 77.5 77.6 77.9 80.5 83.1 86.8 86 84.3 84.3 85.1 85.2 88.7 89.6 88.9 89.3 90.1 90.4 91.1 90.6 93.6 102.8 105.4
44.4 44.3 44.3 44.3 44.3 44.3 44.3 44.3 44.3 47.2 48.6 50.3 51.1 50.5 50.4 50.8 52.2 55.1 54.4 55.1 55.2 55.7 57.1 58.1 59.4 59.5 63.1 63.5 64.4 66.6 67.1 67.7 67.4 67 66.9 65.8 65.8 67.8 69.6 68.6 67.6 68.9 67.6 68.4 72.1 69.2 69.1 70.6 76.7 74.7 65.2 67.1 66.9 70.5 73.3 75.5 75.4 75.7 77 77.6 77.7 79 83.2 84.8 84.7 83.9 83.4 83.9 84 85.1 89.5 87 87.9 88.6 89 89.2 90.5 91.7 98.5 100.8 102
44.3 44.3 44.3 44.3 44.3 44.3 44.3 44.3 44.3 44.3 44.3 44.3 47.8 48.5 46.9 48.2 51.2 52.4 55.5 56 55.2 53.1 52.2 56.5 57.9 60 60.2 61.9 63.1 66.2 75.1 69.2 67.4 68.2 66.4 65.4 66.8 64.6 66 67.8 68 67.3 69 70.7 69.7 71.4 68.2 67.5 66.8 65.1 65.3 65.6 66 70.8 78.5 75.8 76.4 75.6 75.8 77.9 77.2 80.5 80.7 83.8 83.4 83.9 83.7 84.3 83.2 84.3 85.3 86.3 86.9 87.4 88.1 88.8 89.3 94.2 94.6 95.8 98.3
44.3 44.3 44.3 44.3 44.3 44.3 44.3 44.3 44.3 44.3 44.3 44.3 44.3 44.3 44.4 48.4 49.3 47.9 54.7 55.1 52.5 51 52.8 56.6 57.7 56.7 58.2 60.4 61.2 68 75.8 77.2 67.4 67.3 65.7 67.8 66.5 63.9 67.5 68.7 70.4 69 68 67.5 68.1 69.5 70.8 66.7 67.8 64.6 65.4 66.1 69.1 71.9 74.4 75.8 75.1 76.6 75.9 75.8 78.8 81.5 81.2 82.9 83.4 83.7 84.6 89.6 84.1 83.6 84 85.1 85.4 86.7 87.3 88.9 89.6 91.3 93.3 94 97
44.3 44.3 44.3 44.3 44.3 44.3 44.3 44.3 44.3 44.3 44.3 44.3 44.3 44.3 44.3 44.3 46.7 49.1 51 51.4 51.8 53.5 54.5 54 54.8 56.8 60.3 60.6 66 64.1 72.2 79.4 71.1 66.4 66.5 66.5 71.8 66.4 64.5 66.8 70.6 68.6 66.2 66.6 66.6 67.4 71.1 66 66.7 64 65.3 67.2 70.5 70.1 74.2 76.1 75.7 74.9 73.9 75.1 77.5 81.4 80.6 80.9 82.3 86.9 88.6 90 87.7 83 84 84.7 86 85.6 88.2 90.4 89.7 96.9 93.8 93.9 98.3
49.1 44.3 44.3 44.3 44.3 44.3 44.3 44.3 44.3 44.3 44.3 44.3 44.3 44.3 44.3 44.3 45.2 48.5 47.2 49.5 51.9 53.3 53.7 53.4 54.7 56.4 59.6 64.4 64.6 63.3 65.6 76.1 74 67 67.5 67.3 69.6 66.3 63.2 64.8 66.6 66.4 66.3 65.9 65.4 69.8 69.3 68.9 68.9 63.7 65.8 68.8 67.2 70.9 73.2 73.5 73 72.7 73.4 74.3 81.9 81.8 81.3 80.4 81.2 88 91.5 88.9 91.5 84.1 84.5 84.5 86.8 86.6 87.9 88.8 93.6 106.2 106.2 97.1 99.4
58.9 47.6 44.3 44.3 44.3 44.3 44.3 44.3 44.3 44.3 44.3 44.3 44.3 44.3 44.3 44.3 44.3 44.3 46.8 49 52 53.6 52.1 53.9 55.5 57.9 59.6 62.4 64.6 64 63.4 68.9 73.7 66.3 67.7 68.3 66.9 66.4 62.1 65 64.9 66.9 65.3 64.7 64.8 65.8 68 65.6 66.6 63.3 70.3 67.2 67.6 70.8 70.1 70.5 71.3 71.7 73.6 74.5 82.2 81.7 79.9 79.3 79.2 82.3 93.2 90.1 88.8 85.2 84.3 84.4 85.1 86.6 89.3 88.7 95.1 106.9 113.1 102.8 98.5
70.8 58.2 46 44.3 44.3 44.3 44.3 44.3 44.3 44.3 44.3 44.3 44.3 44.3 44.3 44.3 44.3 44.3 44.3 45.8 49.4 50.9 51.1 53.1 55 59.9 60 61.2 62.5 64.2 65.3 64.8 68.9 68.5 66.8 67.8 67.5 63.1 62.6 67.5 64.1 66 66.4 64.5 63.9 63.7 63.5 70.5 67.7 62.5 68.7 67.3 67.3 67.7 67.9 68.1 73 76.2 75.5 76.2 77 79.1 78.8 78.9 78.9 79.3 90.3 91.9 86 85.6 84.5 84.7 85.2 85.8 88.6 89.3 92.5 102.7 112.8 109.9 99.1
