Assets/StreamingAssets/GeoData/Data/nx/NX87.asc
ncols 200
nrows 200
xllcorner 280000
yllcorner 570000
cellsize 50
[rows 144 to 179 of 200, columns 0 to 80 of 200]
154.5 152.8 153.5 154.9 153.6 151.9 150.2 146.9 148.6 149.4 146.9 142.8 141.7 143.9 148.5 152.7 155.7 157 157.6 158 158.9 160.8 162.7 163.7 167.1 166.9 166.4 164 161 159.5 159 159 157.9 155.4 159.8 159.9 162.5 163.7 168.4 172.4 171.6 163.9 159.2 153.5 154 148.6 141.6 141 138.1 133.7 132.2 131 129.5 127.8 126 124.9 122.8 122.9 123.3 121.3 121.7 121.5 119.3 119.9 119.4 122.7 124.9 126.8 126.4 128.3 128.4 129.5 127 124.3 125.6 132.3 135 135.4 137.7 138.7 137.1
151.3 149.1 147.7 147.8 147.5 145.9 143.9 143.3 140.3 141.3 140.1 140.5 141.7 145.6 150 150.6 152.3 153.9 154.7 156 156.9 159.7 163.2 163.9 164.3 165.3 163.6 162 160.9 160.2 162.9 159.4 159.2 161.3 166.4 167.5 168.9 172.2 176.5 178 176.1 172.1 166.3 163.1 158.3 153.8 148.5 141.8 139.1 134.4 130.2 129.5 127 125.2 125.2 122.5 122.2 121.8 120.9 119.4 118.9 118.7 119.9 121.8 125.6 125.2 126.2 126.6 129.3 127.3 127.9 126.7 125.1 125.9 125.8 125.9 127.4 129.1 132.5 134.4 135.2
146.6 144.5 143.6 141.7 142.5 140.8 140 138.9 137.5 138.7 139 140 142.8 148.9 151.1 149.8 151 150.4 152.7 155.8 156.2 158.9 159.7 161.3 162.7 162.3 161.6 160.9 160.4 160.8 159.7 158.2 159.8 164.3 170 175.3 177.8 179.1 180.2 182.3 180.4 176.2 171.2 166.9 161.1 155.2 149.7 141.8 139.2 136 131.1 126.5 123.5 122.5 122.1 120.5 119.7 119.3 119 118.8 118.3 119.1 122.8 125.8 128.1 128.6 128.8 127.3 128.7 127.4 127.1 127.1 126.5 126.7 126.8 126.5 127.8 129.7 132.7 134.2 134.4
143.2 140.7 140.3 137 136 135.2 135.7 136.5 137.2 137.7 138.4 139.7 143.1 145.2 151.8 150.7 149.2 151.9 154.7 155 156.3 157.8 157.9 159 158 160.5 160.5 158.1 157.8 158.9 159.8 159.9 163.5 165.6 172.1 177.8 180.8 182.1 184.1 183.9 182.3 177.7 173.3 168.6 162.7 157.2 151 145.4 139.5 133.6 130.3 125.5 120.2 118.8 118.4 118.4 117.9 119.7 120.1 120 118.3 119.9 126.3 129.4 131.2 130.7 128.7 128.3 128.4 128.3 127.2 127.3 126.5 126.7 127 127.1 127.5 130 134.2 137.6 137.5
137.3 136.5 134.8 133.3 133.4 134 134.8 135.8 136.5 137 137.4 139 142.1 144.3 146.9 149 149.8 152.1 154.9 154.5 156.5 157.7 157.9 158.2 158.4 158.9 157.3 156.7 156.6 157.2 158.9 160.9 163.8 168.3 172.8 178.3 181.7 183.2 183.7 182.8 180.8 176.8 173.8 169.3 165.1 159.4 152.1 146.4 141.2 135.3 129.6 125.2 120.3 118 117.5 117.9 116.8 119.2 119.5 117.2 121.5 124.6 128.9 132 131.2 129.8 128.9 130.1 131.1 129.7 128.3 126.9 126.5 127.1 127.3 127.2 127.3 130.4 136.8 140.1 139
135.2 134.5 133.7 132.9 133.1 133.3 134.3 135.4 135.9 136.4 136.6 137.8 139.3 142.4 146.6 152.2 151.1 152.6 154.9 156.4 157.2 157.4 157.6 157.8 157.9 157.4 156.9 156.2 155.8 156.3 159.1 162.4 165 169.5 173.7 176.6 179.4 180.7 181.3 180.1 179 176.3 173.4 169.2 164.4 159.1 152.8 147.7 142.2 136.2 130.7 126 120.9 117 115.5 116.4 115.6 113.9 115 120.9 124.8 125.1 127.1 130.1 128.4 128 129.1 129.5 128.9 128 127.6 127.1 126.5 127.4 127.5 127.6 128.4 130.3 136.7 140.8 139.4
133.3 132.2 131.8 131.8 132.3 132.6 133.4 133.8 134.1 134.9 136.1 136.2 137.5 140.3 146.9 154.9 157.7 156.9 156.1 156.3 156.9 157.1 157.3 157.4 157.7 156.9 156.1 155.6 155.3 156.1 158.1 161.6 164.7 166.5 168.5 173.9 178.1 180 179.2 178.7 176.5 173.1 171 167.2 162.1 156.7 153.2 149.5 145.5 139.9 132.5 126.8 121.3 117.1 113.9 112 111.6 114.5 120 123.1 125.2 128.5 128.2 127.8 127.1 128.5 130.5 128.6 129.8 129.9 128.4 126.7 126.9 128.4 128.8 129 129.9 131.9 135.3 140.7 139.7
133.5 130.6 130.4 130.2 131.1 131.4 131.5 131.7 134.3 135.7 134.8 135.2 136.9 138.9 145.5 152.2 156.3 156.2 155.7 156 156.4 156.7 156.9 157.1 156.3 154.9 153.4 153.5 153 155.2 158.5 160 161.9 165 170.3 174.3 176.4 177.1 176.2 175.5 174.6 172.5 168.5 163.7 158.3 153.5 151 147.6 142.5 136.3 130.4 124.5 119.8 115.4 111.6 111 111.6 120.2 121 125.9 126.7 126.3 126.8 126.8 128.1 130.4 130.5 130.4 130.5 131.2 130.8 128.3 129.7 129.1 129.7 129.4 129.7 130.6 133.7 139.1 140.5
132 129.9 129.6 129.8 129.6 129.8 130.5 136 137.5 137 135.8 134.4 137.4 139.1 143 147.7 152.1 153.1 153.6 155.7 156 156 156.2 156.1 154.4 153.5 152.3 151.9 151.8 153.6 155.7 157.4 159 164.8 166.6 171.2 171.4 171.5 170.6 170.1 172 169.8 165.5 160.3 154.2 149.9 145.5 141.7 136.3 128.6 122.8 120.6 117 112.6 110.7 110.3 110.8 119.5 120.6 123.6 119.9 123.1 125.8 129.4 130.3 131.1 130.7 130.2 129.7 130.8 130.7 130 130.1 129.8 129.5 129.2 128.9 129 130.6 137.3 141
131.7 129 128.3 129.5 129.3 129.5 132.8 136.7 138.8 138 136.9 135.7 137 140.9 145.4 148.7 151.1 154.2 155.8 156.5 156.4 156.4 156.3 154.6 153.2 152 150.9 151 152.1 151.6 152.8 153.4 155.3 160 160.2 163.4 164.6 165.1 165.5 166.2 169 167 163.8 156.3 149.7 144.4 138.2 131.3 126.2 121.7 118.5 115.2 113.1 110.1 109.8 110.2 109.8 112.5 117.8 116.3 120.3 125.5 130.8 130.6 131 131.7 130.9 129.9 129.5 130.6 131 129.4 129 129.2 129 128.8 128.6 128.3 129.6 133.7 139.2
134.9 130 127.3 127.8 129.5 130.7 133.5 136.5 138.8 138 137.2 135.7 137.4 141.3 146.9 151.1 156 158.6 159.6 158.3 157.7 158.5 157.2 154.1 151.2 151 150 151.1 151.9 150.2 149.9 149.6 149.8 150.8 153.1 156.3 158.6 158.6 159.5 161.9 162.8 162.8 159.9 153.6 148 140.7 134.2 126.2 117.9 112.3 112 111.2 109.4 108 108.7 108.3 108.4 109.7 110.7 116.6 120.8 129.9 131.6 133.3 133.6 131.7 130.7 129.7 129.3 130.3 130.5 129.6 128 128.3 128.4 128.3 128 127.6 127.9 130.2 135.7
137.8 135.9 129.6 127.4 128.6 132.5 134.7 137 139.7 139.1 137.5 135.9 138.8 141.9 149.2 155 160.3 163.9 164.3 162.9 162.3 160.8 158.5 155.1 152.3 150.6 150.4 149.7 148 147.3 146.5 145.7 144.6 143 147.2 150.3 153.4 154.1 152.3 155.1 156.1 155.6 152.8 147.8 143.8 137.9 131.2 123.1 112.9 109.6 109.5 108.8 107.4 106.9 106.7 105.8 108.3 110 114.7 119.2 126 129.7 131.8 132.8 133 132.8 130.5 129.5 129 130 129.9 129.7 127.8 127.4 127.5 127.7 127.5 126.9 126.9 128.5 129.5
134.4 134.7 131.1 124.5 127 130.6 134.3 137 138.6 137.6 135.6 138.2 140.2 145.7 153.5 158.4 162.7 165.9 166.5 166.1 164.9 162.9 161 156.8 153.8 152.8 150.3 147.1 145.7 145.5 143.4 140.8 139.1 143.7 149.9 158.1 160.6 158.6 151.7 147.3 148.7 146.9 142.4 140.5 137.8 132.1 127.7 118.9 109.4 107.3 106.8 105.9 105.4 105.2 104.5 105.4 109.2 112.8 120.4 125.1 126.7 129.6 132 132.2 132.2 131.9 130.3 129.3 128.8 130 129.3 129.4 127.6 126.7 126.8 126.9 127 126.4 126.4 127.2 128.2
134.2 131.3 127.1 124.9 125.3 129.3 131.6 133.1 134.1 133.5 138 140.7 143.4 147.1 154.9 160.4 163.9 166.2 166.3 166.2 166.4 165.7 162.4 158.4 153.3 151.2 147.4 145.7 143.1 141.6 140.3 135.9 133.6 142.6 148.4 158.2 160 158.7 154 145.7 141.2 140.6 136.7 133.3 131.4 127.9 124.4 118.8 111.7 105.9 104.7 104.2 104.2 104.2 106 108.1 113.9 118.5 124.2 125.6 129.2 131.3 132 131.6 131.4 131.1 131.1 129.1 128.5 130.1 128.9 128 127.3 127.1 127.1 126.9 126.4 126.2 126.1 126.5 127.4
129.7 129.9 126.8 122.8 125.6 128.4 129.5 130.7 131.9 138.4 145.7 149.9 148.3 148.3 152 160.4 164.1 166 166 166.1 165.9 163.4 160.2 155.9 152.9 148 145.7 143.5 140.4 137.6 135.6 131.6 132.8 141.2 148.3 150.5 150.6 148.9 146.1 141.2 138 134 128.6 127.2 126.3 123.6 120.2 113.6 109.5 105.7 104.2 104.2 104.2 104.2 108.1 113.3 119.8 123.6 124.5 125.1 126.6 129.7 130.6 130.4 129 129.3 128.9 131 132.2 133.8 133 131.6 128.6 128.3 129.3 126.6 125.7 125.5 126.5 126.3 125.7
123.2 124.3 123.1 124.2 126.8 129.3 130.1 131 133 140.7 147.4 150.7 150.4 148.1 152.2 160.8 164.3 165 164.4 164.3 162.5 159.4 155 153.3 156.7 155.2 151.2 146.2 135.9 133.2 129.8 126 131.9 141.7 146.6 145 143.5 141.9 139 137.3 134.3 130.1 123.6 123.4 121.8 119.3 114.7 109.3 106.6 104.2 104.2 104.2 104.2 107.8 112.4 115.4 120.2 124.6 125.8 126.3 124.9 127.1 127.5 127.5 127.5 126.9 129.3 134.5 138.3 140.7 141.8 138.5 136 134.6 133.4 128.9 126.2 125 126.4 125.5 125.1
122.2 121.9 123.6 125.4 127.2 128.7 129.9 130.6 132.6 137.8 142.7 145.3 142.9 143.1 149.5 157.7 161.7 162.9 162.5 160.8 159 156.8 153.6 155.5 158.2 153.5 149.4 145.3 140.5 131.4 125.3 122.3 129.9 140.4 143.5 142 139 134.7 130.8 131.8 128.6 122 118.2 121.7 121.4 117.6 111.1 105.8 104.2 104.2 104.2 106.3 107.8 111.3 115.1 117.7 121.8 124.2 125.1 125.7 125.1 125.1 125.8 125.8 126.7 128.3 133.2 137.4 141.4 145.5 147.7 142.8 140.2 139.5 137.5 132.9 127.7 126.6 125.4 125.2 125.2
121.6 123 125.2 126 126.8 128 129.5 130.3 131.5 134.4 136.1 137.9 138.2 142.1 147.5 152.7 156.9 159 158.8 157.8 155.9 154.4 156.4 158.3 158.2 152.2 146.2 149.1 144.8 137 128.9 118.2 128.2 136.7 139 137.8 136.9 134.1 130.5 127.5 122.6 116.7 116 117.3 116.9 113.5 108.1 104.6 104.2 104.2 107.1 109.3 112.5 114.6 116.3 118.3 121.2 123.1 124.2 124.9 125.2 124.7 125.2 126.3 127.4 129.5 134.5 139 143.3 149.2 145 140.3 137.2 141 140.3 135.7 128.1 125.2 125.2 125.2 125.2
121.4 122.9 124.7 126 127.4 130.2 133.1 131.8 131 131.7 133 134.6 136.5 141.6 147.1 152.2 154.3 153.6 154.2 153.9 154.1 154.9 156.1 156.1 155.1 149.4 145.3 144.6 143.8 138.3 129 119.2 122.4 130.6 136.2 136.3 134.3 132.7 129 125.1 121.6 116.3 110.1 109.8 107.6 104.2 104.2 104.2 104.4 107 107.4 112.1 113.4 114.8 115.9 118.2 119.7 122 123.3 125 126.2 126.4 125.3 126.2 125.9 127.1 132.1 139.2 144.3 143.5 140.3 137.8 135 137.8 137.4 133.3 127 125.2 125.2 125.2 125.2
121.3 122.9 123.6 124.1 126.1 131.2 138.5 137.7 134.5 131.9 131.9 133.1 134.3 137.9 142.8 148.5 152.5 151.2 149.6 149 151.2 153.9 154 152.8 150.8 146.7 143.3 144.8 144 137.4 126.9 119.4 116.3 124 126.8 128.5 128.1 126.1 124.9 122.1 117.8 112.5 107.4 104.2 104.2 104.2 104.2 104.3 108.3 109.6 111.8 114.6 117.3 117.8 120.4 122.1 122.7 123.3 125.6 126.6 126.7 126.4 125.1 125.1 125.3 128.9 135.2 140.8 146.9 143 135.6 135 133.3 132.6 132.6 128.9 125.2 125.2 125.2 125.2 125.2
121.3 121.8 121.5 120.9 122.8 128.8 131.5 135.4 135.9 133.1 131.6 132.2 132.7 134.4 136.4 141.8 146.9 148.6 146.7 146.9 148.1 150.3 149.4 148.7 147.4 143.5 142.4 142.6 139.9 136.5 127.9 117.6 112.9 115.8 119.1 119.5 119.5 119.7 118.2 116.6 112.6 107.7 104.2 104.2 104.2 104.2 104.2 108.1 111.3 113.4 115.5 119.4 120.9 122.9 124.7 124.9 124.5 123.4 125.1 126 125.8 125.7 124.2 124.9 128.7 132.7 137.3 142 149.2 146.7 140 137.7 136.4 132.4 128.6 125.8 125.2 125.2 125.2 125.2 125.2
120.1 120.6 121.5 121.9 126.7 129.3 131.8 134.7 132.9 132.7 129.2 129 130.4 130.8 133.3 138.2 144.9 149.7 148.5 149 149.5 148.7 144.2 139.9 139.3 141.6 141.7 139.9 135.1 130.8 125 117.6 112.1 110.9 112.3 112.3 112.4 112.7 109.8 107.4 104.2 104.2 104.2 104.2 104.2 104.2 107.4 111.2 114.2 115.4 119.5 122.9 125.2 126.9 127.7 127.4 127.1 125.2 123.4 123.8 124.1 125.5 124.8 124.6 125.5 130.9 136.6 142.4 147.7 145.6 141.3 138.4 137 132.7 128.7 125.8 125 125.2 125.2 125.2 125.2
118.8 119.2 121.6 121.1 126.4 129 133.9 137 136.6 134.5 131.7 127.4 126.8 127.3 128.8 134.4 139.7 145.3 149.9 151 147.7 142.6 139.1 134.5 131.4 131.9 134.7 134.1 132.2 125.9 118.7 112.4 110.4 110 108.6 107.6 107.1 106.7 104.2 104.2 104.2 104.2 104.2 104.2 104.2 106.9 109.9 112.6 115 117.1 121 124.5 126.3 127.1 128.1 128.6 128.1 126.4 125.8 124 122.9 124.3 125.1 124.7 125 128.6 134.4 140.2 146.8 143.3 139 140.2 140 137.3 130 125.4 127.6 125.9 125.2 125.2 125.2
116.6 118 119.1 121.6 123.4 127.4 130.4 132.8 135.2 134.3 132.3 128.8 127.5 125.2 124.6 129.5 134.9 138.4 142.9 145.3 142.4 137.1 132.9 129.8 128.2 123.9 126.6 127.3 125.5 121.4 115 109.3 108.5 108.6 107.3 105.9 104.7 104.2 104.2 104.2 104.2 104.2 104.2 104.2 107.2 108.8 110.2 113.4 115.3 116.2 121 124 125.9 126.1 128.1 129 128.4 127.2 125.9 124.5 124.5 126.5 125.4 125.4 124.5 127.7 135.5 141.6 147.9 143.2 139.3 139.2 138.9 137.2 129.6 125 126 125.9 126 125.2 125.2
115.2 118.8 118.9 122.3 121.6 123.7 127.3 128.8 133.4 133.1 130.8 128.8 128.6 127.5 123.7 123.5 128.6 131.9 135.1 138.7 137.1 134.4 130.8 125.7 125.1 123 117.5 122.6 124.2 121.4 113 107.6 107.4 107.4 105.7 104.9 104.2 104.2 104.2 104.2 104.2 104.2 104.2 106.2 108.1 108.4 110.6 113 114.7 116.8 122.2 125.8 126.9 127.7 129.5 130.5 129.9 129.3 129.2 127.3 127.9 128.4 127 125.8 124.6 131.3 136.6 142.2 148.1 145 137.4 135.7 132.6 130.2 125.2 125.2 125.2 125.2 125.2 125.2 125.2
114.1 116.3 117.7 120.4 123.3 123.6 123.6 129 131.1 130 128.5 127.1 127.7 126.2 125.8 124.2 121.6 124.7 124.8 127.6 131.9 131.5 128.8 124.7 120.6 116.9 113 112.2 116.5 115.6 111.8 107.4 105 104.2 104.2 104.2 104.2 104.2 104.2 104.2 104.2 104.4 107.2 106.7 108.4 110.6 112.2 114.2 117.7 122.8 126.8 127.8 129 129.4 132.5 133 133.4 133 131.1 129.5 129.1 128.6 126.3 124.4 125.7 131.3 135.6 139.2 146.3 145 138.9 134.5 131 125.2 125.2 125.2 125.2 125.2 125.2 125.2 125.2
114 112.7 114 118.8 121 122.7 123.2 122.6 126.6 126.8 124.8 125.3 130.1 131.6 131 130.9 125.2 119.7 116.9 116.6 123.9 123.1 122.9 121.2 117.7 113.2 109.7 107.7 110.6 109.1 104.4 104.2 104.2 104.2 104.2 104.2 104.2 104.2 104.2 104.2 104.7 107.2 109.4 110 111.3 113.2 115.1 117.2 121.8 126.8 130.3 133.1 134.2 133 133.4 136.4 136.4 134.6 133.2 133.8 132.7 130.8 127 124.6 125.7 129.1 133.4 136.7 144.5 146.6 140.3 133.9 129.8 125.2 125.2 125.2 125.2 125.2 125.2 125.2 125.2
117.3 114.8 112.3 115.5 116.8 118.5 120.4 121.2 122 122.4 120.8 128.9 135.3 135.2 133.1 132.6 132 129.9 126.3 116.2 118.3 120.3 119.8 118.5 117.5 112.3 107.3 105.5 104.2 104.2 104.2 104.2 104.2 104.2 104.2 104.2 104.2 104.2 104.2 104.2 106.8 108.2 111.9 112.6 113.6 116 121.7 123.9 126.1 132.1 135.2 138.6 140.1 140.2 138.8 140.3 139.1 139.2 140.2 136.3 133.8 130.7 127.5 125.4 124.8 126.1 130.7 133.9 140.7 146.1 142.9 135.1 128.2 125.2 125.2 125.2 125.2 125.2 125.2 125.2 125.2
117.3 116.5 115.5 112.9 112.4 113.8 114.9 116 117.6 115.9 118.4 128.7 132.8 133.6 132.6 130.6 128.4 128.6 125.9 120.8 113.2 114.1 113.7 112.7 113 108.7 106.2 105.4 106.2 104.2 104.2 104.2 104.2 104.2 104.2 104.2 104.2 104.2 104.2 104.7 109.6 111.5 113.1 114.3 117.7 120.6 126.2 129.9 133.1 138.1 141.3 143.7 144.8 143.3 142.3 141.1 141 142.3 140 138.4 134.7 130.6 129.2 127.5 125.6 126.5 128.9 133.7 137.4 141.5 141.9 137.3 129.3 125.2 125.2 125.2 125.2 125.2 125.2 125.2 125.2
118.5 116.8 116.7 114.8 113.1 111.2 112.6 113.8 113.7 113.2 115.1 122.6 126.2 127 125.6 123.8 121.8 121.4 120.9 118.3 114.6 110.4 110 110.5 108.9 105.4 104.5 105.7 106.1 104.2 104.2 104.2 104.2 104.2 104.2 104.2 104.2 104.2 106.5 106.6 111.8 114.9 115.7 118.2 122.3 126.1 130.1 133 138.6 142.7 145.5 147.9 148 146.6 144.7 145.1 144.7 142.7 140.9 140 137 134.4 132 130.7 129.6 130 128.3 128.1 133.2 135.9 137.7 135.3 130.9 125.2 125.2 125.2 125.2 125.2 125.2 125.2 125.2
118.9 117.5 117.6 116.7 114.9 113.5 111 112.1 111.7 111.7 111.3 115.2 118.7 119.4 118.7 117.8 119.8 117.7 118.4 115.9 111.6 109 108.6 108.5 105.4 104.2 105 105.8 105.2 104.2 104.2 104.2 104.2 104.2 104.2 104.2 104.2 104.2 107.3 111.6 115.4 118.8 120.4 123.6 127.3 130.6 133.4 136.6 142.5 145.9 148.4 150.9 150.7 148.9 147.1 146.6 146 144.1 142.2 139.4 136.7 133.9 131.2 131.6 130.5 130.9 131.1 128.7 128.3 128.2 128.5 129.4 127.6 125.2 125.2 125.2 125.2 125.2 125.2 125.2 125.2
118.2 117.6 116.7 119 116 113.9 114.7 110.9 110.6 110.9 111.1 111.1 111.8 114.7 114.8 115.7 123.1 124 122.3 120.7 117.4 111.2 107.8 105.4 104.8 104.4 104.6 104.6 104.2 104.2 104.2 104.2 104.2 104.2 104.2 104.2 104.2 108.4 110.5 113.6 117.4 122.1 125.5 129.1 131.1 133.3 135.4 140.4 144.2 146.1 149 151.2 148.7 149.2 148.1 146.7 145.6 143 140.2 137.8 133.9 131.8 130.3 130 129.1 129.3 130.2 128.6 127.5 127.2 127.1 126.3 125.6 125.2 125.2 125.2 125.2 125.2 125.2 125.2 125.2
120.3 118.6 115.7 115 115.5 116.4 118.4 115.1 111 110.7 110.8 111 111.9 117.3 117.3 114.1 115.9 118.8 119.5 116.8 112.5 108.6 104.2 105.5 105 105.1 104.2 104.2 104.2 104.2 104.2 104.2 104.2 104.2 106.3 108.3 109.4 113.6 115.3 118.2 120.7 126.1 129.7 133.4 139.1 140.3 143.1 147.2 148.1 148.6 152.8 153 150 148.4 146.5 144.2 142.4 139.5 136.6 134.2 132.4 132.1 131 130 129 129 128.7 128 127.9 126.7 126.6 126 125.4 125.2 125.2 125.2 125.2 125.2 125.2 125.2 125.2
120.5 121.7 119.9 119 116.3 116.4 117.4 115.3 112.9 110.6 110.8 110.9 112.7 123.3 126.6 123 116.8 113.8 111.5 109.3 105.9 105.4 105.6 105.5 105.6 105.9 105.1 106.4 105.7 104.6 107.1 106.4 108.2 107.2 111.2 112.5 114.1 118.8 120.8 123.6 125.3 130.1 135 140.4 143.7 145.4 149.5 152 152.7 152.9 153.1 152.3 151.4 148.5 145.9 141.9 138.9 136.7 134.4 132.6 133.6 135.2 131.9 130.7 129.9 128.6 128 127.6 127.5 127.2 126.5 125.8 125.5 126.1 125.3 125.2 125.2 125.2 125.2 125.2 125.2
119.4 123.3 124 122.5 121.7 122.4 120.1 113 108.8 109.9 111.7 109.5 114 122.6 130.6 128.9 123 118.2 113.6 107.3 105.7 106.6 106.9 106.6 105.8 106.3 106.2 107.2 107.8 108.7 109.2 110.2 113 113.2 113.5 115.4 118.4 120.5 124.1 126.5 129.7 137.6 144.5 151.1 152.6 153.1 155.1 157.5 158.9 159 158.5 157.5 154.7 152 146.9 143.9 141 138.7 135.9 134.2 137.5 139.2 138.8 138.4 136.7 132 133.3 134.7 133.6 131.6 129.2 126.9 126.5 126.3 125.2 125.2 125.2 125.2 125.2 125.2 125.2
116.9 119.6 122 122.6 122 121.3 119.4 112.6 108.3 114.1 113.3 109.9 109.2 120.1 126.4 131.4 128.1 121.1 113.3 107.1 105.7 105.1 106.1 105.7 106.2 106.6 107.4 108 107.9 107.7 110 109.9 111.8 113.2 114.9 116.3 118.6 121.5 125.4 128 134.7 142.1 147.3 151.4 154.8 158.8 162.4 162.8 166.7 167.6 167.1 163.9 159.8 155.2 149.6 146.5 143.7 141.4 138.7 139.5 142.7 144.1 144.3 145.4 144.5 141.3 142.9 144.1 143.6 141.5 138.4 136.4 133.1 128.5 127.3 125.8 125.2 125.2 125.2 125.2 125.2
