Assets/StreamingAssets/GeoData/Data/nx/NX95.asc
ncols 200
nrows 200
xllcorner 290000
yllcorner 550000
cellsize 50
[rows 82 to 122 of 200, columns 92 to 183 of 200]
9 8.9 8.5 8.9 10.2 11.2 11.5 10.6 10.9 11 11.2 10.7 10.3 10.3 10.7 11.1 11.2 11.3 11.2 11.4 11.6 13.9 16.2 18 19.6 19.3 18.5 19.6 19.4 19.4 19.6 19.4 19.2 19 19.7 18.8 17.3 17.5 17.1 16.7 17.4 17.9 17.6 16.2 15 14.3 14.4 15.5 16.4 16.6 15 14.9 14.9 14.7 15.1 15.3 15.5 15.7 15.3 15.3 15.3 15.3 16.8 18.2 17.6 14.2 11.7 8.9 7.9 6 -2.5 1.5 0.1 -0.4 0.2 0.8 1.4 2 2.6 2.9 2.7 2.5 2.3 2.1 1.9 1.7 1.5 1.4 1.2 1 0.8 0.5
8.9 8.7 8.8 9.3 9.1 9.7 10.2 10.4 10.5 10.7 11.7 11.3 10.6 10 10.4 10.7 10.7 10.9 11.1 11.4 11.5 12.1 13 13.8 15.3 15.3 18.5 19.1 18.2 17.7 17.3 17 16.9 16.9 17.1 18.1 15.5 15.6 15.4 15.2 15.4 15.7 14.8 17.5 15.8 13.8 14.3 16 15.5 14.8 14.5 13.8 14.7 15.2 15.6 15.8 15.7 14.9 14.9 15 15 16.3 17.5 17.3 13.9 11.4 8.8 7.8 6 -2.5 -2.5 -1.9 -1.9 -1.3 -0.7 -0.1 0.5 1.1 1.7 2.3 2.5 2.3 2.1 1.9 1.7 1.4 1.3 1.1 0.9 0.7 0.5 0.2
9 8.8 9 9.4 9.3 9.3 9.9 10.2 10.3 10.9 11.4 11.2 10.6 10.1 10.2 10.4 10.6 10.1 11 11.3 11.5 11.6 12.1 12.5 12.6 13.3 13.9 15.4 16.1 15.6 15.9 16 16 16 16 16.7 14.8 14.1 14.2 14 13.9 13.9 14 14.9 13.7 15.6 16.1 15.8 15.1 14.7 14.7 15.2 15.6 15.8 15.9 15.8 15 14.1 13.8 14.6 15.2 17.2 17.3 14.4 10.8 8.6 6.4 6 2.8 0.8 -1.1 -2.5 -2.5 -2.1 -1.5 -0.9 -0.3 0.3 0.9 1.5 2.1 2 1.8 1.6 1.4 1.2 1 0.8 0.6 0.4 0.2 0
9.2 9.1 9 9.6 9.5 9.5 9.8 10.2 10.9 11.3 11.1 10.8 9.7 10.2 10.4 10.5 10.7 10.5 11.1 11.3 11.5 11.6 11.7 11.8 12 12.2 12.5 12.8 13.6 14.5 14.7 15 15.4 15.7 16 15.9 13.9 13.2 13.7 14.2 14.3 13.7 13.8 14.2 14.8 16.2 16 15.6 15 15 14.9 15.2 15.6 15.7 15.6 15.5 14.1 13.7 13.9 14.3 16.2 16.8 15 10.4 8.1 6.3 5.9 3.6 1.2 -2.1 -2.5 -2.5 -2.5 -2.5 -2.4 -1.8 -1.2 -0.6 0 0.6 1.2 1.7 1.6 1.4 1.1 0.9 0.7 0.5 0.3 0.1 -0.1 -0.3
8.6 8.4 9 9.2 9.1 9.1 9.2 9.3 9.4 9.5 9.1 9.4 10.2 10.5 10.6 10.6 10.7 10.7 11.2 11.4 11.5 11.6 11.7 11.6 11.6 11.9 12.1 12.4 12.5 13.1 13.5 14 15.2 15.6 15.3 14.9 13 14.2 14.7 14.9 14.8 14.3 14.3 15.1 16 16.3 16 15.5 15.4 15.3 15.2 15.2 15.5 15.5 15.3 14.9 13 13.7 14 15.2 16 15.4 12.9 9.5 6.3 5.5 3.4 0.2 -2.5 -2.5 -2.5 -2.5 -2.5 -2.5 -2.5 -2.5 -2 -1.4 -0.8 -0.2 0.4 1 1.3 1.1 0.9 0.7 0.5 0.3 0 -0.2 -0.4 -0.6
7.9 8.4 9 9.3 9.3 9.3 9.4 9.4 9.6 9.7 9.8 9.8 9.7 10.3 10.3 10.5 10.6 10.7 11.2 11.4 11.5 11.7 11.4 11.4 11.4 11.5 11.7 12 12 12.7 12.9 12.5 12.8 14.2 14.1 13.9 13.3 14.8 14.9 15 15.1 14.8 14.9 15.5 16.2 16.3 16.2 15.8 15.5 15.5 15.4 15.4 15.2 15 14.7 14.2 12.7 13.4 14.6 15.4 14.5 13.2 10 6.5 5.6 2.7 -0.8 -2.5 -2.5 -2.5 -2.5 -2.5 -2.5 -2.5 -2.5 -2.5 -2.5 -2.3 -1.7 -1.1 -0.5 0.1 0.7 0.8 0.7 0.4 0.2 0 -0.2 -0.5 -0.6 -0.9
7.9 8.5 9.7 9.7 9.5 9.6 9.6 9.7 9.7 9.9 9.8 9.7 9.9 10.1 10.3 10.4 10.6 10.8 11.1 11.4 11.5 11.6 11.2 11.2 11.2 11.2 11.3 11.6 11.9 12.1 11.7 11.3 11.1 11.9 12.4 12.8 13.2 14.2 14.6 15 15.3 15.3 15.5 16 16.1 16.4 16.4 16.3 15.8 15.5 15.5 15.4 14.6 13.9 13.7 13.1 12.6 13.6 15.4 14.6 13.7 10.2 9.1 6.3 2.8 -1.7 -2.5 -2.5 -2.5 -2.5 -2.5 -2.5 -2.5 -2.5 -2.5 -2.5 -2.5 -2.5 -2.5 -1.9 -1.3 -0.7 -0.1 0.5 0.4 0.2 0 -0.3 -0.5 -0.7 -0.9 -1.1
8 8.4 8.7 8.9 9.1 9.3 9.5 9.8 10 9.9 9.7 9.6 9.9 10 10.2 10.4 10.5 10.6 10.9 11.4 11.6 11.4 11.1 11.1 11 11 11 11.1 11.3 11.7 10.9 10.4 12 11.9 12.5 12.9 13.2 13.6 14 14.5 14.9 15.3 15.6 15.7 15.8 16.4 16.5 16.5 16.4 15.8 15.5 15.4 14.4 13.5 12.8 12.3 12.7 14.7 14.9 13.7 11.5 9.1 6.6 -2.5 -2.5 -2.5 -2.5 -2.5 -2.5 -2.5 -2.5 -2.5 -2.5 -2.5 -2.5 -2.5 -2.5 -2.5 -2.5 -2.5 -2.2 -1.6 -1 -0.4 0.1 -0.1 -0.3 -0.5 -0.7 -0.9 -1.2 -1.4
8.2 8.5 8.6 8.8 9 9.2 9.4 9.6 9.8 9.7 9.6 9.5 9.7 9.9 10 10.1 10.2 10.3 10.5 11 11.6 11.1 10.9 10.9 10.9 10.8 10.8 11 11.5 11.5 10.5 11 11.4 12.1 12.5 12.9 13.3 13.6 14 14.5 14.8 14.9 15.7 15.7 16.4 16.3 16.3 16.2 16.1 15.7 15.4 15.5 14.8 13.1 12.5 12.7 14.3 15.3 14 11.9 9.2 7.4 6.3 -2.5 -0.8 -2.5 -2.5 -2.5 -2.5 -2.5 -2.5 -2.5 -2.5 -2.5 -2.5 -2.5 -2.5 -2.5 -2.5 -2.5 -2.5 -2.4 -1.8 -1.2 -0.6 -0.3 -0.5 -0.7 -1 -1.2 -1.4 -1.7
8.4 8.5 8.5 8.7 8.9 9.1 9.3 9.5 9.6 9.5 9.5 9.5 9.6 9.7 9.7 9.8 9.9 10.1 10.2 10.6 12 11.3 10.8 10.8 10.8 10.9 10.9 10.5 11.3 10.8 10.8 11.6 11.3 12.3 12.6 13 13.4 13.6 14 14.2 14.4 14.5 15.4 16 16.3 16.2 16.2 16.1 16 15.7 15.3 14.8 13.9 12.6 12.2 13.7 15.8 14.1 12.2 9.7 8 6.2 3.9 3.4 1.6 -0.1 -1.9 -2.5 -2.5 -2.5 -2.5 -2.5 -2.5 -2.5 -2.5 -2.5 -2.5 -2.5 -2.5 -2.5 -2.5 -2.5 -2.5 -2.1 -1.5 -0.9 -0.8 -1 -1.2 -1.4 -1.7 -1.9
8.3 8.4 8.3 8.6 8.8 9 9.2 9.4 9.3 9.3 9.3 9.3 9.3 9.4 9.5 9.6 9.7 9.8 10 10.1 11 10.7 12.6 10.7 12.3 11.5 10.2 11.3 10.8 10.3 10.8 11.7 12.1 12.5 12.8 13.1 13.3 13.6 13.6 13.8 14 14.1 14.8 15.9 16.2 16.2 16.1 16 15.9 15.5 14.8 14.1 13 12.1 12.8 14.6 15.6 12.7 9.9 8.2 6.8 5.2 4 4.4 4 2.2 0.5 -1.2 -2.5 -2.5 -2.5 -2.5 -2.5 -2.5 -2.5 -2.5 -2.5 -2.5 -2.5 -2.5 -2.5 -2.5 -2.5 -2.5 -2.3 -1.7 -1.1 -1.2 -1.4 -1.7 -1.9 -2.1
8.3 8.3 8.2 8.4 8.6 8.9 9.1 9.1 9.1 9.1 9.2 9.1 9.1 9.1 9.2 9.3 9.5 9.6 9.7 9.8 9.7 10.1 10.1 11.5 10.6 10.6 10.3 10.2 10.5 10.4 10.4 11.5 12.2 12.3 12.6 12.8 13.1 13.4 13.7 13.4 13.6 13.6 13.9 15.1 16 16.1 16 15.8 15.3 14.7 14.1 13.3 12.5 12 13 14.4 13.3 9.9 8.6 7.2 6.2 4.4 4.4 4.3 3.9 3.6 2.9 1.1 -0.6 -2.4 -2.5 -2.5 -2.5 -2.5 -2.5 -2.5 -2.5 -2.5 -2.5 -2.5 -2.5 -2.5 -2.5 -2.5 -2.5 -2.5 -1.9 -1.5 -1.7 -1.9 -2.1 -2.5
8.3 8.2 8.1 8.3 8.6 8.8 8.9 8.9 9 9.2 9.1 9 9 8.9 8.9 9 9.1 9.3 9.4 9.4 9.4 9.5 9.6 9.5 10.2 10.4 9.7 9.2 10.1 11 11.3 11.8 11.9 12.1 12.4 12.6 12.9 13.2 13.5 13.4 13.2 13.3 13.6 13.9 14.9 15.9 15.4 14.9 14.5 14.1 13.7 12.8 12 11.4 12.6 13.8 11.5 9.5 7.6 6.9 6.1 3.9 4.5 4.4 3.9 3.5 3.2 2.9 1.8 0 -1.7 -2.5 -2.5 -2.5 -2.5 -2.5 -2.5 -2.5 -2.5 -2.5 -2.5 -2.5 -2.5 -2.5 -2.5 -2.5 -2.5 -2.2 -1.9 -2.2 -2.5 -2.5
8.3 8.1 8 8.2 8.5 8.7 8.7 8.8 9 9.1 9 8.9 8.8 8.8 8.8 8.7 8.8 8.9 9 9.1 9.2 9.3 9.5 9.6 10 10 9.4 9.6 10 11.1 11.6 11.3 11.5 11.9 12.2 12.5 12.8 13.1 13.4 13.7 13.1 13.6 13.9 14 13.9 15.2 14.9 14.9 15 14.8 14.5 14.2 13.2 12.2 12.1 9.8 9.4 8.1 7.3 6.5 5.7 4.1 4.5 4.4 4 3.6 3.2 2.7 2.4 2.2 0.6 -1.1 -2.5 -2.5 -2.5 -2.5 -2.5 -2.5 -2.5 -2.5 -2.5 -2.5 -2.5 -2.5 -2.5 -2.5 -2.5 -2.5 -2.4 -2.5 -2.5 -2.5
8.3 8 7.9 8.2 8.4 8.5 8.6 8.8 9.1 9 8.8 8.7 8.7 8.6 9 8.4 8.5 8.6 8.7 8.8 9 9 9.1 9.2 9.9 9.7 9.3 8.7 10.6 11.5 11.2 10.8 11.3 11.8 12 12.3 12.5 12.9 13.2 13.5 13.8 13.8 13.8 13.9 13.8 13.7 14.4 14.4 14.7 15.1 15.6 15.8 14.9 14.1 14 10.7 10.7 8.4 6.9 6.1 5.4 4.2 4.5 4.4 4 3.6 3.2 2.8 2.4 2 1.7 1.3 -0.5 -2.2 -2.5 -2.5 -2.5 -2.5 -2.5 -2.5 -2.5 -2.5 -2.5 -2.5 -2.5 -2.5 -2.5 -2.5 -2.5 -2.5 -2.5 -2.5
9.3 7.1 8.3 8.1 8.3 8.4 8.6 8.9 9 8.8 8.7 8.6 8.5 8.4 9 8.2 8.3 8.3 8.4 8.6 8.5 8.4 8.5 8.6 8.8 9.1 9 8.9 10.6 10.8 10.7 10.8 11.2 11.5 11.8 12.1 12.4 12.6 12.9 13.2 13.7 13.8 13.8 13.8 13.6 13.5 13.3 13.7 14.2 14.7 15.4 15.8 15.8 15.6 13.4 10.5 9.9 8.5 7.5 6.6 5.7 4.3 4.5 4.4 4 3.6 3.2 2.8 2.4 2 1.6 1.3 1 0.1 -1.6 -2.5 -2.5 -2.5 -2.5 -2.5 -2.5 -2.5 -2.5 -2.5 -2.5 -2.5 -2.5 -2.5 -2.5 -2.5 -2.5 -2.5
6.2 6.8 7.4 7.8 8.4 8.4 8.6 9 8.8 8.7 8.5 8.4 8.3 8.2 8.8 8.4 8 8.1 8.2 8.3 8.4 8.2 8 8 7.8 8.4 9.3 9.7 10 9.8 10.2 10.5 10.8 11.1 11.4 11.7 12 12.3 12.6 12.9 13.7 13.6 13.5 13.4 13.4 13.3 13.1 13.3 13.7 14.5 15.2 15.6 15.5 14.5 11.3 9.9 9.2 8.6 7.7 6.8 5.9 4.1 4.5 4.4 4 3.6 3.2 2.8 2.4 2 1.6 1.2 0.8 0.5 0.3 -1 -2.5 -2.5 -2.5 -2.5 -2.5 -2.5 -2.5 -2.5 -2.5 -2.5 -2.5 -2.5 -2.5 -2.5 -2.5 -2.5
4.7 5 4.8 4.9 5.2 5.4 5.6 6.5 9.5 9.1 8.3 8.2 8.1 8 8.6 8.6 7.7 7.8 7.9 8 8.1 8.1 7.9 7.7 7.6 8.6 9.4 9.5 9.5 9.3 9.8 10.1 10.4 10.7 10.9 11.3 11.6 11.9 12.2 12.5 13.2 13.3 13.2 13.1 13.3 13.2 13 13 13.4 14.1 14.9 15.2 15.4 11.4 11.2 10.3 9.8 8.7 7.7 6.7 5.8 3.8 4.5 4.4 4 3.6 3.2 2.8 2.4 2 1.6 1.2 0.8 0.4 0.1 -0.2 -0.4 -2.1 -2.5 -2.5 -2.5 -2.5 -2.5 -2.5 -2.5 -2.5 -2.5 -2.5 -2.5 -2.5 -2.5 -2.5
1.4 4.4 4.4 4.4 4.4 4.4 4.4 4.5 4.5 4.8 5.4 6 8.3 7.8 8.4 8.8 7.7 7.6 7.7 7.8 7.9 7.9 7.9 7.6 7.4 8.3 9.2 9 9.1 8.9 9.4 9.7 10 10.3 10.5 10.9 11.2 11.5 11.8 12.2 12.4 12.7 12.9 12.8 13.1 13.1 12.7 12.6 12.9 13.1 14.4 14.7 14.7 14.7 10.7 10.2 9.4 9 7.8 6.9 6.3 6.6 4.2 4.4 4 3.6 3.2 2.8 2.4 2 1.6 1.2 0.8 0.4 0 -0.4 -0.7 -0.9 -1.5 -2.5 -2.5 -2.5 -2.5 -2.5 -2.5 -2.5 -2.5 -2.5 -2.5 -2.5 -2.5 -2.5
3.2 4.2 4.2 4.2 4.2 4.2 4.2 4.2 4.3 4.3 4.4 4.5 4.5 5 5.6 6.1 9.2 8 8 8.1 7.5 7.6 7.3 6.2 7.8 8.2 8.9 8.8 8.6 8.7 9 9.3 9.6 9.9 10.2 10.7 11 11.3 11.5 11.9 12.4 12.4 12.5 12.5 12.8 13 12.5 12 12 11.9 13.1 13.9 13.9 14.3 10.8 10.8 9.9 8.9 8 7.4 6.9 6.5 7.8 4.5 4 3.6 3.2 2.8 2.4 2 1.6 1.2 0.8 0.4 0 -0.4 -0.8 -1.1 -1.4 -1.6 -2.5 -2.5 -2.5 -2.5 -2.5 -2.5 -2.5 -2.5 -2.5 -2.5 -2.5 -2.5
3.9 4 4 4 4 4 4 4.1 4.1 4.2 4.2 4.3 4.3 4.4 4.5 4.7 5 5.2 5.5 8.6 8.1 7.7 6.8 7.4 7.8 8.2 8.1 8.2 8.5 8.3 8.6 8.9 9.2 9.5 10 10.5 11 11.5 11.7 11.7 12.5 12.2 12 12.3 12.5 12.6 12.1 11.5 11.4 11.3 11.5 12.8 13.8 14.7 12.5 11.1 10.4 9.6 9 8.1 7.5 6.7 7.1 4.4 4.1 3.5 3.1 2.7 2.3 1.9 1.6 1.2 0.8 0.4 0 -0.4 -0.8 -1.2 -1.6 -1.8 -2.1 -2.3 -2.5 -2.5 -2.5 -2.5 -2.5 -2.5 -2.5 -2.5 -2.5 -2.5
3.7 3.8 3.8 3.8 3.8 3.8 3.8 3.9 3.9 4 4 4.1 4.1 4.2 4.3 4.4 4.4 4.5 4.9 5.2 5.5 6.3 6.5 7.9 7.7 7.4 7.6 8.5 8.6 8.3 8.3 8.6 8.8 9.3 9.8 10.2 10.4 11 11.3 11.1 12 11.4 11.3 11.6 11.8 12 11.7 11.1 10.8 11.2 11.2 11.7 13 14.2 13.8 11.3 10.6 10.2 9.6 9.1 8.4 8.1 7.5 5.1 4.2 3.6 3.1 2.6 2.1 1.7 1.3 1 0.6 0.2 -0.1 -0.5 -0.8 -1.2 -1.6 -2 -2.3 -2.5 -2.5 -2.5 -2.5 -2.5 -2.5 -2.5 -2.5 -2.5 -2.5 -2.5
3.5 3.5 3.6 3.6 3.6 3.6 3.6 3.7 3.7 3.8 3.8 3.9 4 4 4.1 4.2 4.3 4.4 4.4 4.6 4.9 5 4.6 6.1 8.2 10.6 9.4 8.6 8.6 8.6 8.5 8.2 9.2 8.9 9.4 9.7 9.7 10.3 10.5 11 11.5 11.2 11 11 11.2 11.3 11.3 10.7 10.8 11.2 10.9 11.1 12.2 12.1 13.3 13.6 10.9 10.7 10.2 9.9 9.3 9.2 8.3 6.5 4.3 3.7 3.1 2.7 2.2 1.7 1.1 0.6 0.3 -0.1 -0.4 -0.8 -1.1 -1.5 -1.8 -2.2 -2.5 -2.5 -2.5 -2.5 -2.5 -2.5 -2.5 -2.5 -2.5 -2.5 -2.5 -2.5
3.3 3.3 3.3 3.3 3.4 3.4 3.4 3.5 3.5 3.6 3.6 3.7 3.8 3.8 3.9 4 4.1 4.2 4.3 4.4 4.4 4.5 4.6 4.9 5.8 6.4 7.6 6.6 7.8 7.3 7.5 8.1 9.2 10.6 9.4 9 9.1 9.4 9.8 10.1 10.7 11 10.8 10.6 10.4 10.6 10.9 10.7 10.9 11.2 10.9 10.6 11.6 11.6 11.6 12.6 11.1 11.3 10.9 10.5 10.2 9.3 8.4 6.7 4.4 3.8 3.2 2.6 2 1.6 1.1 0.7 0.2 -0.3 -0.8 -1.1 -1.5 -1.8 -2.2 -2.5 -2.5 -2.5 -2.5 -2.5 -2.5 -2.5 -2.5 -2.5 -2.5 -2.5 -2.5 -2.5
3.1 3.1 3.1 3.1 3.2 3.2 3.2 3.3 3.3 3.4 3.4 3.5 3.6 3.7 3.7 3.8 3.9 4 4.1 4.2 4.2 4.3 4.4 4.4 4.4 4.4 4.5 4.5 4.5 4.5 4.3 5 5.3 5.7 6.1 6.5 6.7 7.4 8.6 8.8 9.2 9.9 10.1 9.3 8.7 8.8 10.2 10.6 10.9 11.2 10.5 11.1 11.6 11.8 11.6 11.7 12.1 11.9 11.5 11 10.7 9.6 8.4 7.5 4.5 3.9 3.3 2.7 2.2 1.6 1 0.4 -0.1 -0.5 -0.9 -1.3 -1.8 -2.5 -2.5 -2.5 -2.5 -2.5 -2.5 -2.5 -2.5 -2.5 -2.5 -2.5 -2.5 -2.5 -2.5 -2.5
2.9 2.9 2.9 2.9 3 3 3 3.1 3.1 3.2 3.3 3.3 3.4 3.5 3.6 3.7 3.7 3.8 3.9 4 4.1 4.1 4.2 4.2 4.2 4.2 4.3 4.3 4.3 4.3 4.4 4.5 4.5 4.5 4.5 4.6 5 5.5 5.9 6.5 8.1 8.1 8 8.2 8.5 8.8 8.3 9.4 10.1 10.2 10.8 11 11.4 11.6 11.8 11.8 11.8 11.8 11.5 11.2 11.1 10.2 8.9 8.1 4.7 4.1 3.4 2.8 2.2 1.7 1.1 0.5 -0.1 -0.7 -1.3 -1.7 -2.1 -2.5 -2.5 -2.5 -2.5 -2.5 -2.5 -2.5 -2.5 -2.5 -2.5 -2.5 -2.5 -2.5 -2.5 -2.5
2.7 2.7 2.7 2.7 2.8 2.8 2.8 2.9 2.9 3 3.1 3.1 3.2 3.3 3.4 3.5 3.6 3.7 3.8 3.8 3.9 3.9 4 4 4 4.1 4.1 4.1 4.1 4.1 4.1 4.3 4.4 4.5 4.5 4.5 4.5 4.5 4.5 4.5 4.9 5.2 5.8 7 8 8.2 8 8.5 9 9.7 11.7 11.5 11.3 11.4 11.5 11.5 11.5 11.7 11.4 11.1 10.9 10.6 9.1 8.4 4.5 3.8 3.2 2.6 2 1.4 0.8 0.3 -0.3 -0.8 -1.4 -1.9 -2.5 -2.5 -2.5 -2.5 -2.5 -2.5 -2.5 -2.5 -2.5 -2.5 -2.5 -2.5 -2.5 -2.5 -2.5 -2.5
2.5 2.5 2.5 2.5 2.6 2.6 2.6 2.7 2.8 2.8 2.9 3 3 3.1 3.2 3.3 3.4 3.5 3.6 3.6 3.7 3.8 3.8 3.8 3.9 3.9 3.9 3.9 3.9 3.9 3.9 4 4.2 4.3 4.5 4.5 4.5 4.5 4.5 4.5 4.5 4.5 4.5 4.5 5.6 7.6 7.9 8.3 8.8 9.5 10.1 10.9 10.9 11 11.2 11.2 11.3 11.3 11.2 11.2 10.9 10.6 8.9 8.6 4.4 3.6 2.8 2.2 1.6 1 0.5 -0.1 -0.7 -1.2 -1.8 -2.5 -2.5 -2.5 -2.5 -2.5 -2.5 -2.5 -2.5 -2.5 -2.5 -2.5 -2.5 -2.5 -2.5 -2.5 -2.5 -2.5
2.3 2.3 2.3 2.3 2.3 2.4 2.4 2.5 2.6 2.6 2.7 2.8 2.9 2.9 3 3.1 3.2 3.3 3.4 3.5 3.5 3.6 3.6 3.6 3.7 3.7 3.7 3.7 3.7 3.7 3.8 3.8 3.9 4.1 4.2 4.4 4.5 4.5 4.5 4.5 4.5 4.5 4.5 4.5 4.5 4.7 7.2 7.9 8.7 9.3 10.1 10.9 11 10.9 10.9 10.8 10.8 10.8 10.7 10.7 10.7 9.7 8.8 8.4 4.3 3.5 2.7 2 1.2 0.7 0 -0.5 -1.1 -1.6 -2.2 -2.5 -2.5 -2.5 -2.5 -2.5 -2.5 -2.5 -2.5 -2.5 -2.5 -2.5 -2.5 -2.5 -2.5 -2.5 -2.5 -2.5
2.1 2.1 2.1 2.1 2.1 2.2 2.3 2.3 2.4 2.4 2.5 2.6 2.7 2.8 2.9 2.9 3.1 3.2 3.2 3.3 3.4 3.4 3.4 3.5 3.5 3.5 3.5 3.5 3.5 3.5 3.6 3.6 3.7 3.8 4 4.1 4.3 4.4 4.5 4.5 4.5 4.5 4.5 4.5 4.5 4.5 4.5 7.8 8.4 9.1 10.2 10.5 10.6 10.5 10.4 10.3 10.3 10.2 10.2 10.2 9.6 8.9 8.8 7.1 4.2 3.4 2.7 1.9 1.1 0.3 -0.3 -0.9 -1.5 -2.1 -2.5 -2.5 -2.5 -2.5 -2.5 -2.5 -2.5 -2.5 -2.5 -2.5 -2.5 -2.5 -2.5 -2.5 -2.5 -2.5 -2.5 -2.5
1.9 1.9 1.9 1.9 1.9 2 2.1 2.1 2.2 2.3 2.3 2.4 2.5 2.6 2.7 2.8 2.9 3 3 3.1 3.2 3.2 3.2 3.3 3.3 3.3 3.3 3.3 3.3 3.4 3.4 3.4 3.5 3.6 3.7 3.9 4 4.2 4.3 4.5 4.5 4.5 4.5 4.5 4.5 4.5 4.5 7.2 8.7 9.6 9.8 9.9 10 10 9.9 9.8 9.7 9.7 9.7 9.2 8.6 8.4 8.3 4.5 3.7 3 2.3 1.5 0.8 0.2 -0.6 -1.4 -1.9 -2.5 -2.5 -2.5 -2.5 -2.5 -2.5 -2.5 -2.5 -2.5 -2.5 -2.5 -2.5 -2.5 -2.5 -2.5 -2.5 -2.5 -2.5 -2.5
1.7 1.7 1.7 1.7 1.8 1.8 1.9 1.9 2 2.1 2.2 2.2 2.3 2.4 2.5 2.7 2.8 2.8 2.9 2.9 3 3 3.1 3.1 3.1 3.1 3.1 3.1 3.2 3.2 3.2 3.2 3.2 3.4 3.5 3.6 3.8 3.9 4.1 4.2 4.4 4.5 4.5 4.5 4.5 4.5 4.5 6.9 8.6 9.1 9.3 9.4 9 9.5 9.5 9.3 9.2 9.2 8.7 8.2 8 8 8 4.3 3.4 2.6 1.8 1.1 0.4 -0.3 -1 -1.7 -2.5 -2.5 -2.5 -2.5 -2.5 -2.5 -2.5 -2.5 -2.5 -2.5 -2.5 -2.5 -2.5 -2.5 -2.5 -2.5 -2.5 -2.5 -2.5 -2.5
1.5 1.5 1.5 1.5 1.6 1.6 1.7 1.7 1.8 1.9 2 2.1 2.2 2.2 2.4 2.5 2.6 2.6 2.7 2.7 2.8 2.9 2.9 2.9 2.9 2.9 2.9 3 3 3 3 3 3 3.1 3.3 3.4 3.5 3.7 3.8 4 4.1 4.3 4.4 4.5 4.5 4.5 4.5 5.5 7.7 8.5 8.9 8.7 8.9 8.7 8.8 8.5 8.5 8.6 8.2 7.9 7.8 6.4 5 4 3.2 2.3 1.5 0.6 -0.1 -0.8 -1.5 -2.5 -2.5 -2.5 -2.5 -2.5 -2.5 -2.5 -2.5 -2.5 -2.5 -2.5 -2.5 -2.5 -2.5 -2.5 -2.5 -2.5 -2.5 -2.5 -2.5 -2.5
1.2 1.2 1.3 1.3 1.4 1.4 1.5 1.6 1.6 1.7 1.8 1.9 2 2.1 2.2 2.3 2.4 2.5 2.5 2.6 2.6 2.7 2.7 2.7 2.7 2.7 2.8 2.8 2.8 2.8 2.8 2.8 2.8 2.9 3 3.2 3.3 3.4 3.6 3.7 3.9 4 4.2 4.3 4.4 4.5 4.5 5.1 5.4 5.8 10 8.6 8.5 8.4 7.9 7.5 6.6 5.8 6.1 5.2 4.6 4.3 3.8 3.3 2.6 1.8 1.1 0.3 -0.5 -1.3 -2.5 -2.5 -2.5 -2.5 -2.5 -2.5 -2.5 -2.5 -2.5 -2.5 -2.5 -2.5 -2.5 -2.5 -2.5 -2.5 -2.5 -2.5 -2.5 -2.5 -2.5 -2.5
1 1 1.1 1.1 1.2 1.2 1.3 1.4 1.5 1.5 1.6 1.7 1.8 2 2.1 2.1 2.2 2.3 2.3 2.4 2.5 2.5 2.5 2.5 2.5 2.6 2.6 2.6 2.6 2.6 2.6 2.6 2.6 2.7 2.8 2.9 3 3.2 3.3 3.5 3.6 3.8 3.9 4.1 4.2 4.3 4.5 4.5 4.5 4.5 4.5 4.5 4.5 4.4 4.4 4.4 4.4 4.4 4.4 4.3 3.9 3.5 3 2.4 1.8 1.1 0.3 -0.4 -1.1 -1.9 -2.5 -2.5 -2.5 -2.5 -2.5 -2.5 -2.5 -2.5 -2.5 -2.5 -2.5 -2.5 -2.5 -2.5 -2.5 -2.5 -2.5 -2.5 -2.5 -2.5 -2.5 -2.5
0.8 0.9 0.9 0.9 1 1.1 1.1 1.2 1.3 1.4 1.5 1.5 1.7 1.8 1.9 2 2.1 2.1 2.2 2.2 2.3 2.3 2.3 2.3 2.4 2.4 2.4 2.4 2.4 2.4 2.4 2.4 2.5 2.5 2.5 2.7 2.8 2.9 3.1 3.2 3.4 3.5 3.7 3.8 4 4.1 4.2 4.2 4.1 4.1 4.1 4 4 3.9 3.8 3.8 3.8 3.8 3.8 3.6 3.1 2.7 2.4 1.6 1 0.4 -0.4 -1.1 -1.9 -2.5 -2.5 -2.5 -2.5 -2.5 -2.5 -2.5 -2.5 -2.5 -2.5 -2.5 -2.5 -2.5 -2.5 -2.5 -2.5 -2.5 -2.5 -2.5 -2.5 -2.5 -2.5 -2.5
0.6 0.7 0.7 0.7 0.8 0.9 0.9 1 1.1 1.2 1.3 1.4 1.5 1.7 1.7 1.8 1.9 1.9 2 2.1 2.1 2.1 2.1 2.2 2.2 2.2 2.2 2.2 2.2 2.2 2.2 2.3 2.3 2.3 2.3 2.4 2.6 2.7 2.8 3 3.1 3.3 3.4 3.6 3.7 3.8 4 3.9 3.7 3.7 3.7 3.6 3.6 3.5 3.4 3.2 3.2 3.1 3.1 3 2.6 2 1.6 1.1 0.3 -0.4 -1.1 -1.9 -2.5 -2.5 -2.5 -2.5 -2.5 -2.5 -2.5 -2.5 -2.5 -2.5 -2.5 -2.5 -2.5 -2.5 -2.5 -2.5 -2.5 -2.5 -2.5 -2.5 -2.5 -2.5 -2.5 -2.5
0.4 0.4 0.5 0.5 0.6 0.7 0.8 0.8 0.9 1 1.1 1.3 1.4 1.5 1.6 1.6 1.7 1.8 1.8 1.9 1.9 1.9 2 2 2 2 2 2 2 2 2.1 2.1 2.1 2.1 2.1 2.2 2.3 2.5 2.6 2.7 2.9 3 3.2 3.3 3.5 3.6 3.7 3.6 3.4 3.3 3.3 3.2 3.1 3 2.9 2.7 2.6 2.6 2.5 2.4 2 1.5 0.8 0.4 -0.2 -1.1 -1.8 -2.5 -2.5 -2.5 -2.5 -2.5 -2.5 -2.5 -2.5 -2.5 -2.5 -2.5 -2.5 -2.5 -2.5 -2.5 -2.5 -2.5 -2.5 -2.5 -2.5 -2.5 -2.5 -2.5 -2.5 -2.5
0.2 0.2 0.3 0.4 0.4 0.5 0.6 0.7 0.8 0.8 1 1.1 1.2 1.3 1.4 1.5 1.5 1.6 1.7 1.7 1.7 1.8 1.8 1.8 1.8 1.8 1.8 1.8 1.8 1.9 1.9 1.9 1.9 1.9 1.9 1.9 2.1 2.2 2.4 2.5 2.6 2.8 2.9 3.1 3.2 3.4 3.5 3.3 3.1 2.9 2.8 2.8 2.7 2.6 2.5 2.3 2 2 1.8 1.8 1.5 1 0.3 -0.3 -0.7 -1.6 -2.5 -2.5 -2.5 -2.5 -2.5 -2.5 -2.5 -2.5 -2.5 -2.5 -2.5 -2.5 -2.5 -2.5 -2.5 -2.5 -2.5 -2.5 -2.5 -2.5 -2.5 -2.5 -2.5 -2.5 -2.5 -2.5
0 0 0.1 0.2 0.2 0.3 0.4 0.5 0.6 0.7 0.8 1 1.1 1.1 1.2 1.3 1.4 1.5 1.5 1.5 1.6 1.6 1.6 1.6 1.6 1.6 1.6 1.6 1.7 1.7 1.7 1.7 1.7 1.7 1.7 1.7 1.8 2 2.1 2.3 2.4 2.5 2.7 2.8 3 3.1 3.2 3 2.8 2.6 2.4 2.4 2.3 2.2 2 1.8 1.6 1.4 1.4 1.2 1 0.5 -0.1 -0.8 -1.5 -2.5 -2.5 -2.5 -2.5 -2.5 -2.5 -2.5 -2.5 -2.5 -2.5 -2.5 -2.5 -2.5 -2.5 -2.5 -2.5 -2.5 -2.5 -2.5 -2.5 -2.5 -2.5 -2.5 -2.5 -2.5 -2.5 -2.5
-0.2 -0.2 -0.1 0 0 0.1 0.2 0.3 0.4 0.6 0.7 0.8 0.9 1 1.1 1.1 1.2 1.3 1.3 1.4 1.4 1.4 1.4 1.4 1.4 1.4 1.4 1.5 1.5 1.5 1.5 1.5 1.5 1.5 1.5 1.6 1.6 1.7 1.9 2 2.2 2.3 2.4 2.6 2.7 2.9 3 2.8 2.6 2.3 2.1 2 2 1.8 1.7 1.5 1.2 0.9 0.8 0.6 0.5 0 -0.5 -1.2 -1.9 -2.5 -2.5 -2.5 -2.5 -2.5 -2.5 -2.5 -2.5 -2.5 -2.5 -2.5 -2.5 -2.5 -2.5 -2.5 -2.5 -2.5 -2.5 -2.5 -2.5 -2.5 -2.5 -2.5 -2.5 -2.5 -2.5 -2.5
