Game/Highland_Data/StreamingAssets/GeoData/Data/st/ST00.asc
ncols 200
nrows 200
xllcorner 300000
yllcorner 100000
cellsize 50
[rows 74 to 110 of 200, columns 83 to 165 of 200]
59.5 61.4 63.8 65.7 67.3 68.5 68.2 68.4 68.2 71.6 77.1 79.8 81.2 82 82.5 82.2 81.6 81.1 81 80.7 81 82.8 85 87.7 90.2 92.4 94.6 96.5 97.3 97.6 97.9 98.5 98.5 98.2 98.2 97.2 96.7 97 97.5 98.8 99.7 100.4 101.1 101.8 102.2 103.1 103.8 104.5 105.1 105.8 106.8 107.5 107.9 108.3 109.3 111.2 112.2 112.6 113.1 112.6 107.7 103.3 101.8 99.4 99.7 103.1 103.7 103 105.5 106.6 104.5 105.8 108.1 110.8 112.8 113.7 115.2 116.2 117.9 119.5 121.6 124.1 126.2
60.8 62.5 64.6 66.7 68.2 69.4 70.1 71.1 71.5 74.8 77.9 80.1 80.9 81.6 81.6 81.1 80.6 80 79.8 80 81.8 83.6 85.7 88.3 90.7 93 95.4 96.8 97 97.3 97.6 97.8 97.5 97.2 96.5 95 94 94.4 95.9 97.3 98.3 99.1 99.5 99.9 100.5 101.6 102.4 103.1 103.9 104.6 104.9 105.3 105.7 106.3 106.9 108.5 109.7 110.2 110.3 108.8 105.1 100 99.4 98.8 102 105.4 106.7 106.9 108.8 107.1 107 107.2 107.4 109.6 111 112.4 113.8 115.3 116 117.8 120 123.1 125.2
61.3 63.2 65.5 67.4 68.9 70.1 70.9 72 74.9 77.4 79.1 79.8 80.5 80.9 80.5 80 79.5 78.9 79.2 80.1 81.9 84.1 86.4 88.6 90.9 93.2 95.4 96.9 97 97.1 97.2 97.1 97.1 97.1 94.9 93.1 91.4 91.8 93.8 95.5 96.4 97.1 97.5 98.1 99 100.1 100.7 101.2 101.6 102.1 102.7 103 103.4 104.3 104.8 105.8 106.8 107.3 107.6 105.8 101.9 98 97 100.9 103.8 107.6 109.9 111 111.8 113.6 112.2 111.6 109.4 108.9 107.4 111.1 112.8 114.1 114.8 116.7 120.1 122.1 124.2
61.7 63.3 65.3 66.9 68.4 70.1 71.7 73.7 76.6 78.3 78.9 79.5 79.9 79.9 79.4 78.9 78.2 78.4 79 80.3 81.8 84 85.9 88.4 90.7 93 95.3 97.1 97.3 97.3 97.2 97.1 97.1 95.7 93.5 91.5 89.4 89.7 91.8 93.7 94.6 95.1 95.4 96 96.9 97.7 97.6 98.3 99 99.5 100.2 100.7 101.1 102.3 102.7 103.2 103.3 104 103.2 99.3 97.5 97.4 98.5 103.3 106.3 108.3 111.5 113.7 113.4 115.4 114.5 116.5 114.8 111.9 110 110.4 111 112.7 113.5 116.7 119.1 121.1 123.3
59.8 61.5 63.6 64.9 66.5 68 70.9 74.7 77.5 78.5 79 79.1 79.1 78.7 78.2 77.6 77.7 78.1 79.2 80.4 81.7 83.9 85.5 87.3 90.3 92.8 95.1 96.9 97.4 97.4 97.3 97.2 96.4 94.3 92.4 90.4 88.2 87.8 89.9 91.8 92.7 93.1 93.3 94.1 95 95.5 94.9 94.4 95.1 96.3 97.1 98.4 99.1 100.2 101.1 101.4 96.8 99.5 95.3 96.3 97 97.3 102 106.6 109 110 111.2 113.7 114.8 115.8 117.6 119.7 120.6 117.3 112.8 111.9 110.8 111.9 113.4 116.3 118.1 120.1 122.3
61.7 60.9 61.5 63.5 65.6 67.9 71.4 75.2 77.4 78.4 78.3 78.4 78 77.5 77 76.8 77.3 78.1 79.4 80.6 81.8 83.5 85.2 86.8 89.2 92.2 94.7 96.5 97.3 97.3 97.3 97.1 96.4 94.6 92.6 90.7 87.5 86.3 88 90 90.9 91.1 91.3 92.1 92.9 93.2 93.3 92.5 91.4 92.9 93.7 94.5 95.3 96.4 98 99.4 95.2 93.3 93.5 97.2 97.2 101.4 106.2 108.6 111.2 112.5 111.2 111.2 115.6 117.9 120.9 123.7 126 123.6 117.1 115.8 112.6 112.2 113.5 115.8 117.6 119.3 121.4
63.6 63.2 62.5 64 66 69.6 73.1 76.2 77.4 77.9 77.9 77.4 76.8 76.3 76 76.4 77.1 78.3 79.6 80.9 82.1 83.3 84.9 86.5 88.1 91.4 94.3 96.1 97 97.1 97 96.7 96.1 94.8 92.8 90.5 87.5 85 85.9 87.6 89.1 88.5 89.3 89.7 89.7 89.7 90.2 89.6 88.7 89.3 90.1 90.7 91.7 93.1 93.1 93.2 93.6 93.8 95.4 97.6 100.9 104.5 108.4 111.4 113.1 114 114.3 115.7 117.5 119.7 123.2 127.7 129.1 126.7 122.4 118.3 114.4 113.8 115 116.2 117.5 119.4 121.7
63.3 63 63.6 65 66.5 70.5 74.2 76.3 77.4 77.5 76.8 76.2 75.6 75.1 75.6 76.1 77.4 78.6 79.8 81.1 82.4 83.7 85 87.3 89.1 91.5 93.7 95.2 96 96.5 96.6 95.9 94.7 93.6 92.3 89.9 87.1 84.1 84 85.5 86.7 86.5 86.9 87.3 86.3 86.1 86.5 87.1 88.2 89.2 89.8 90.1 90.9 90.6 92 93.2 94.6 95.1 97.9 100.9 104.1 106.4 108.9 111.5 113.4 114.8 115.8 117.2 119.4 121.7 125.8 128.9 129.9 128.2 124.8 121 118.1 115.3 117 118 118.8 119.7 122
63.2 64.2 65.1 66.9 69.4 72.3 75.5 76.4 77 76.3 75.6 75 74.4 74.7 75.3 76.2 77.3 78.8 80 81.2 82 83.6 85.3 86.9 88.9 90.9 92.7 94.2 94.9 95.4 94.9 93.9 92.9 91.8 90.4 88.9 85.8 83 82.4 82.8 83.3 83.7 84.1 84.9 84.9 86.1 87.4 88 89.1 89.9 91.1 92.6 94 95 96.5 97.8 99.2 99.8 101 101.9 104.2 106 108.3 110.5 112.4 114.4 116.8 118.3 120.5 123.4 127 128.9 129.9 128.4 125.6 122.6 119.6 117.9 118.9 122.1 123 122.5 123.1
66.3 67 67.8 70.7 73 74.8 75.9 76.5 76.2 75.2 74.5 73.7 73.8 74.4 75.4 76.4 77.3 78.5 79.7 80.6 81.3 82.2 83.9 85.6 87.3 89.5 91.6 92.6 92.9 93.3 92.5 91.5 90.4 89.3 88.4 86.7 83.9 81.3 80.9 81.4 82.1 84.2 84.4 85.4 87.3 88.5 89.3 89.8 90.2 91.4 93.3 95.1 96.3 97.2 97.8 98.4 100.1 101.4 101.5 101.9 103.6 105.7 107.5 109.5 111.6 114 116.5 118.9 121.2 124.3 126.7 128.2 129.7 128.4 125.7 122.8 120.4 120.5 124.1 129.7 131.9 130 128.5
68 69.7 71.2 73.1 74.1 75.3 75.9 75.8 75.6 74.6 73.5 73.1 73.5 74.5 75.5 76.4 77.4 78 79 79.9 80.6 81.2 82.4 83.9 85.6 87.8 89.8 90.2 90.4 90.8 89.9 89.1 88 86.7 86 84.1 80.6 80.1 81.3 84 85.6 86.7 87.2 89 90.3 91.1 91.5 91.7 91.8 92.3 94 95.3 96.4 97 97.7 98.3 99 100.5 101.1 101.6 103 104.3 106.4 108.6 110.9 113.3 115.8 118.2 121.1 123.9 126.9 128.4 129.5 128.2 125.7 123.4 121.8 122.8 127 131.3 132.7 133 132
68.6 70.1 72 73.3 74.5 75.3 75.4 75.2 75 73.9 72.8 73 73.6 74.5 75.4 76.4 77 77.5 78.3 79.3 80 80.5 81.1 82.2 84 85.9 87.9 88 88 88.2 87.6 86.9 86.2 85 83.4 80.1 79 79.9 84 87.3 89.1 90 91 91.6 92.5 93.5 93.8 93.7 93.9 93.9 94.3 95.4 96.2 96.9 97.5 98.1 98.8 99.7 100.4 100.5 101.8 103.5 105.7 107.8 110 112.5 114.9 117.4 120.7 123.4 126.8 128.1 129.2 127.9 125.6 124 123.2 125.6 128.6 130.9 132.2 133.5 135.4
68.6 70.3 71.7 73 73.7 74.8 74.8 74.6 74.2 73.2 72.1 72.3 73.6 74.5 75.4 75.9 76.4 76.9 77.6 78.6 79.2 79.7 80.2 81 82.1 84.1 86.1 85.9 85.7 85.5 85.5 84.8 84.1 83 81.5 78.7 79.1 83.3 87.2 89.6 91 91.9 92.7 93.5 94.1 94.3 94.8 95.1 95.1 95.1 95.2 95.5 96.1 96.7 97.3 97.9 98.5 98.8 99 100 101.1 102.9 104.8 107.1 109.3 111.6 114.1 116.9 120.2 123 126.1 127.5 128.2 127.6 126 124.1 123.6 125.8 127.4 129.6 132.2 134.2 135.9
67.1 69.1 70.6 72.5 73.4 74.1 74.1 73.9 73.4 72.4 71.3 71.4 73.3 74.4 74.9 75.4 75.9 76.4 77 77.9 78.8 79.3 79.5 80.3 81.2 82.4 84.1 84 82.6 82.6 83.2 82.8 82.1 80.7 79.3 77.6 79.1 83.3 87.8 90 91.8 92.8 93.6 94.3 94.8 95.2 95.5 95.8 95.8 95.8 95.7 95.5 95.8 96.3 96.9 97.5 97.9 98 98.3 99.2 100.4 102.2 104.1 106.2 108.5 110.8 113.2 116.4 119.7 122.6 125.3 127.1 127.6 126.5 124.5 122.6 122.4 123.8 125.8 128.4 130.7 133.1 134.8
66.4 68.3 70.8 72 73 73.3 73.3 73.3 72.5 71.5 70.6 70.7 72.8 74 74.4 74.9 75.3 75.8 76.3 77.2 78.1 78.9 79.1 79.8 80.6 81.5 82.3 82.4 81.4 80.1 80.4 80.8 79.8 78.5 77.4 77 78.9 84.1 87.9 90.3 91.6 92.6 93.2 93.7 94.2 94.6 95.3 95.6 96.4 96.4 96.3 96.5 96.2 96 96.5 97 97.2 97.5 97.8 98.6 99.7 101.6 103.5 105.4 107.5 110 112.6 115.9 119.2 122.2 124.5 126 126.5 125.1 123 121.1 121 122.2 124.3 126.9 129.2 131.3 132.9
66.4 68.9 70.7 71.9 72.7 72.7 72.8 72.8 72.4 71.3 70 70.1 72.5 73.7 74.2 74.6 75 75.3 75.7 76.8 77.7 78.6 79.3 79.5 80.5 81.5 81.8 81.1 79.3 77.3 78.5 78.2 77.3 76.7 76.6 76.4 78.8 83.8 87.6 89.9 90.6 91.8 92.6 92.7 93.1 93.4 94.2 95.1 95.9 97 97.5 97.6 97.3 96.8 96.3 96.4 96.7 96.9 97.3 98.3 99.1 100.9 102.8 104.7 106.7 108.8 111.8 114.9 117.6 120.3 123.3 124.4 124.4 123.4 121.5 119.9 120 122 123.8 125.3 127.7 129.5 131.6
67.4 70.1 71.6 71.9 72.3 72.5 72.5 72.5 72.1 70.7 69.4 69.2 71.5 72.7 73.7 73.7 74.1 74.5 75 75.9 77.4 78.2 78.9 79.5 80.4 81.1 80.8 78.9 75.5 74.8 75.6 74.5 75.7 75.8 75.8 76.3 78.8 85.4 88.4 89.8 90.3 90.9 91 91 91.4 92.1 93 93.9 95.2 96.7 97.5 98.5 98.3 97.8 97.1 96.5 96.5 96.6 96.7 97.4 97.9 99.9 101.9 103.8 106 108.4 111 113.9 116.6 119.1 121.6 122.8 122.9 121.5 119.7 118.5 119.4 121.4 123.4 124.8 126.2 128.2 130.2
69.8 71.3 71.4 71.7 72 72.2 72.3 72.3 72.2 70.7 68.9 68.5 70.5 71.5 72.6 73.4 73.3 73.8 74.4 75.3 76.6 77.8 78.3 79.6 79.8 79.7 77.8 74.8 73.8 73.6 73.6 76.4 75.7 76.1 76.1 80.3 82.1 85.5 87.2 88.4 89.3 89.4 89.3 89.7 90.1 90.6 91.7 92.5 94.2 96.2 97.7 98.9 99.3 98.8 97.8 96.7 96.8 96.8 96.5 96.7 98 99.8 101.4 103.4 105.8 108.2 110.3 113 115.2 117.5 120 121.3 121.1 119.1 117.5 116.9 118.3 119.9 121.7 123.5 124.9 126.9 128.9
70.9 71.1 71.3 71.6 71.8 72 72.1 72.2 72.2 70.5 68.6 68 69.6 70.4 70.8 72.4 72.9 73.4 73.9 74.4 75.4 76.8 77.7 79.2 79.5 78.4 75.7 72.9 73 73.7 76.9 78.1 78.2 77.7 78.4 80.7 82 84 85.6 87 87.8 88.1 88.2 88.2 88.2 87.9 89.9 91.8 93.8 96 97.9 99.4 100.3 99.7 98.5 97 97 96.9 96.4 96.5 98 99.2 100.8 102.9 105.4 107.8 109.8 112.4 114.3 116 118.3 119.4 118.7 116.7 115.1 115.1 117 118.7 120.3 121.9 123.7 125.7 127.7
70.7 70.9 71.1 71.3 71.5 71.7 71.9 71.9 71.8 70.7 68 67.3 68.1 69.2 70.7 72 72.4 72.9 73.4 73.9 74.7 76.1 76.7 76.7 78.1 76.9 73.1 72.4 72.6 76.3 78.4 78.8 78.5 78.7 79 79.9 81.1 83.1 84.5 85.5 86.1 86.6 86.4 86.3 86.3 86.8 88.7 90.5 92.9 95.9 97.9 99.9 101.1 100.6 99.2 97.7 97.2 96.8 96.2 96.5 97.7 98.8 100.2 102.4 104.8 106.7 108.8 111 113.2 115 116.1 117 116.1 114.5 113.7 114.3 116 117.7 119.4 120.9 123.2 125.6 127.9
70.5 70.8 71.1 71.3 71.4 71.5 71.6 71.5 71 69.6 67.6 66.9 67.8 69.5 71 71.5 72 72.5 73 73.7 74.2 75.5 77 78 75.9 74.4 71.4 72 74.7 77.2 78.8 79.1 79.5 79.8 80.2 80.9 81.8 82.2 83.4 84.1 84.4 84.7 84.6 84.5 85 86 88.1 90.3 92.7 95.5 97.7 99.7 101.5 101.4 99.9 98.4 97.2 96.4 95.7 96.2 97.3 98.5 99.6 101.8 103.7 105.6 107.6 109.5 111.7 113.3 114.5 114.7 113.6 112.1 112.5 113.9 115.4 116.7 118.4 120 122.4 124.7 127.1
70.4 70.6 70.7 71.1 71.2 70.8 70.9 70.6 69.9 68.4 66.4 66.4 67.8 69.8 70.6 71.1 71.5 72.3 73 73.7 74 74.6 76.3 73.7 72.3 71.5 71.3 73.3 76.1 77.5 78.4 78.3 78.5 79.2 79.7 80.2 81 81.3 81.7 82 82.3 82.6 82.7 82.8 84.1 85.9 88 90.2 92.5 95.1 97.1 99.4 101.6 101.7 100.2 98.6 97.1 96.3 95.7 96.2 97 98.1 99.1 100.8 102.7 104.6 106.3 108 110.1 111.3 111.6 112.1 111.1 110.9 111.8 113.6 115.3 116.7 117.9 118.8 119.9 122.1 123.8
69.7 69.8 69.8 70.4 70.3 70.1 69.7 69.2 68.5 67 65.4 66 68 69.5 70.1 70.5 71 71.7 72.5 73.5 73.8 74.1 74.4 72.5 70.5 70.4 72.4 75 76.4 77.3 77.5 77.6 77.7 78 77.6 78.9 79.8 80 80.2 80.4 80.6 80.8 81.6 82.6 84.1 85.9 87.9 90.1 92.4 94.4 96.2 98.5 100.7 101.6 100.3 98.7 97.1 96.1 95.7 96.2 95.9 97 98.2 100.2 101.9 103.6 105.1 106.7 107.7 108.6 109.2 109.6 109.4 110.1 111.2 113 114.9 116.1 116.4 116.1 117.4 119.3 121
68.9 68.9 69 69.3 69.6 68.7 68.3 67.8 67.3 65.3 64.9 66 68.3 69.1 69.5 69.8 70.2 70.9 71.7 72.7 73 72.9 71.6 70 69.7 71.5 73.6 75.3 76.1 76.4 76.3 76.4 76.4 76.3 77 77.2 78.2 78.6 78.8 79.1 79.4 80.1 81.5 82.6 84 86 87.8 89.6 91.6 93.5 95.4 97.3 99.1 100.3 100.4 98.8 97.2 96 95.7 95.8 96.2 96.6 97.9 99.7 101.3 102.8 104.4 105.6 106.5 107.2 107.5 107.9 108.4 109.7 111.2 112.9 114.3 114.6 114 113.5 114.9 116.6 118.3
67.8 67.8 68 68.1 68.4 68.1 67.6 65.7 66 64.3 64.3 66.5 68.2 68.6 68.9 69.3 69.6 70.1 71 71.9 71.6 70.9 69 68.8 70.6 72.6 74.2 74.9 75.2 75.3 75.1 74.8 74.9 74.5 75 75.8 76.4 77.1 77.6 77.9 78.3 79.9 81.4 82.6 83.4 85.3 87 88.5 90.3 92.2 93.6 95.1 96.9 98.3 99.3 98.9 97.3 95.9 95.7 96.3 96.7 96.5 97.6 98.2 100.5 102.1 103.3 104.4 105.4 105.7 106.2 106.7 108.2 109.6 111.3 112 112.6 112.3 111.6 111.9 112.8 114 115.8
66.7 66.8 67 66.9 67.2 67 66.5 66.1 64.6 63.9 64.9 67.1 67.7 68 68.4 68.7 69.1 69.8 70.4 71.1 70.5 69.1 68.2 69.8 71.7 73.4 73.9 74.1 74.2 74.2 73.7 73.3 73.1 72.7 73.1 73.9 74.6 75.4 76.3 76.8 77.9 79.1 80.8 82.2 82.7 84.4 86 87.5 89.1 90.4 91.1 92.7 94.5 96.8 98.5 98.3 96.8 95.9 95.7 96.1 96.3 96.4 97.4 98.2 99.6 101.2 102.2 103.3 104.1 104.4 105.3 106.1 107.6 108.8 109.4 110.1 110.7 110.6 109.3 109.3 110.3 111.7 114.1
65.7 65.8 66 65.9 66 65.9 65.6 64.6 63 63.9 65.5 67 67.3 67.6 67.9 68.2 69 69.7 70.2 70.4 68.8 67.4 68 70.9 72.4 73.2 73.5 73.4 73.3 72.8 71.7 70.9 70.8 71.1 71.5 72.5 74.3 75.8 76.9 77.6 78.2 79 80 80.7 81.5 83.7 85.2 86.6 88 88.6 88.6 89.5 92.4 94 98.1 97.8 96.2 95.9 95.6 96 96 96.4 97 98.6 99.7 100.9 101.6 102.5 103.2 103.7 104.6 105.5 106.9 107.8 107.6 108.2 108.5 108.4 107.9 107.8 109.8 111.7 113.5
64.6 64.8 64.9 64.9 64.8 64.7 64.2 63 62.4 64 65.7 66.8 67.1 67.3 67.5 67.9 68.5 69.6 70 69.3 66.8 67.6 69.3 71.4 72.4 72.9 72.7 72.4 72.1 70.9 69.9 69 69.8 71.1 71.8 73.6 75.5 77 78.2 78.6 78.6 79.1 79.5 79.9 80.1 82.5 84.1 85.5 86.2 86.1 84.4 85.7 87.7 95.8 97.8 97.4 96.1 95.8 95.5 95.6 95.9 96.4 97 97.9 99.5 100.6 101.3 102.1 102.6 103.2 103.7 104.8 105.9 106.2 105.9 106.2 106.6 106.4 107.1 108.2 109.7 111.5 113.4
63.7 63.8 63.9 63.8 63.5 63 62.8 62.6 62.2 64.4 65.4 66.4 66.7 67.3 67.5 67.5 68.5 68.8 68.3 67.4 65.9 68.6 70.3 71.5 72 72.3 72.1 71.9 71 69.7 68.6 69 70.7 71.9 73.1 74.6 76 77.2 78.4 78.6 78.2 77.6 78.4 78.9 78.8 81.1 82.3 83.2 82.9 82.1 86 89.7 92.9 96.6 98.4 98.1 96.3 95.7 95.4 95.5 95.8 96.4 97 97.7 98.9 100.3 100.9 101.4 102 102.6 103.1 103.1 103.8 104.5 105.3 105.8 105.4 105.7 106.7 108.1 109.9 111.9 113.8
62.8 62.6 62.1 61.4 61 60.4 60.8 60.8 62.8 64.3 65.2 66.1 66.7 67.2 67.7 67.6 67.5 67.5 66.3 65.4 66.5 69 70.5 71 71.3 71.6 71.6 71.4 69.9 68.6 67.9 69.8 71.3 72.6 73.7 74.9 75.9 77.1 77.5 76.9 76.1 75.9 77.4 77.5 77 78.9 79.3 79.4 79.5 83.3 85.9 89.7 94.2 97.6 99.4 98.8 96.5 95.6 95.5 95.5 95.7 96.2 96.9 97.7 98.8 99.6 100.3 100.8 101.3 102 101.5 101.4 101.8 102.9 104.4 105.4 105.3 105.8 107.5 109.1 111 113.2 115.6
61 60.4 59.8 59.1 59 59.8 60.2 62.5 63.3 64.2 65.1 65.9 66.1 66.7 67.7 67.4 67.1 66.8 64.9 65.1 67.2 69.4 70.2 70.3 70.6 70.9 71.1 70.1 68.4 67.6 68.5 70.4 71.8 73.1 74.2 74.8 74.9 75.4 75.9 75 74.1 74.6 76.3 76.5 74.8 76.1 78.1 79.2 79.9 81.7 84.3 88.4 93 96.8 99.2 99.2 97.4 96.2 96.1 95.5 95.6 95.9 96.6 97.1 98.1 98.8 99.4 100 100.7 101.1 100.5 100.5 101.9 102.3 104 104.9 105.5 107.6 109.4 111.1 113.4 115.8 118.1
58.4 58.2 58.1 59.1 60.1 62.3 64.2 64.5 64.5 64.5 65.2 65.5 66 66.2 67.1 66.8 66.1 64.7 64.6 65.6 68.1 69.3 69.5 69.7 69.8 70.2 69.4 67.5 66.8 67.1 69.4 71.2 72.7 73.5 74 73.5 72.8 73.5 73.8 73.3 72.2 73.5 74.9 73.8 75.5 78.4 80 81.4 82.9 84.4 85.9 88.4 91.7 94.7 97.6 99.4 98.7 96.5 95.6 95.3 95.5 95.7 96.3 96.6 97.2 97.9 98.4 98.9 99.5 99.4 100 101.4 103.4 104.5 105.7 107 108 109.7 111.8 114 116 117.9 120.1
56.8 57.9 60 61.6 63.6 63.6 64.6 64.4 64.4 64.1 64.6 64.5 65.4 65.9 66.1 65.8 64.9 64 64 66.2 68.1 68.6 68.9 69.1 69.2 68.7 67.5 64.2 65.5 67.9 70.2 71.5 72.8 73.6 73 71.2 70.7 71.6 71.6 71.4 70.6 72.2 72.5 74.2 77 78.3 80.2 83 84.3 86.3 88.2 90.3 90.8 93.9 97.9 100 99.7 96.9 95.3 95.1 95.3 95.6 95.8 96.1 96.3 97 97.3 97.6 98.1 99.3 99.6 100.9 103.7 105.3 106.5 107.7 109.3 111.3 112.8 115 117.1 119.2 121.4
57.8 60.6 62.3 63.6 63.5 63.5 64.1 63.5 63.3 63.6 63.9 64.3 64.8 65.4 65.2 64.5 63.4 63.2 64.9 67.2 67.5 68 68.3 68.2 67.9 66.8 64.7 64.3 66.7 68.7 70.2 71.3 72.5 73.3 72.3 69.2 69.1 69.7 69.5 69.6 69.9 70.1 72.3 75 76.9 78.1 80.4 82.9 85.2 87 89 92.1 94.1 96.1 100 100.6 99.9 97.3 95.8 95.5 95.8 95.6 95.2 95.5 95.8 96.1 96.5 96.9 97.7 99 100.1 101.8 103.9 105.6 106.4 107.2 109.4 111.2 112.8 115.1 117.1 119.3 121.4
59.8 61.7 62.9 63.6 62.6 62.4 62.6 62.9 62.7 63.1 63.6 64 64.4 64.6 63.7 63.2 62.9 63.3 66.1 67.1 67.5 67.5 67 66.7 66 64.9 64.2 65 67.3 69 69.2 70.5 71.5 72.5 70.1 67.7 67.7 67.9 68.3 68.8 69.6 70.6 71.7 74.6 76.6 78.4 80.2 82.8 85.3 87.4 89.8 92 95.8 99.8 102.4 101.9 100.2 98.4 96.8 96 95.8 95.4 95.1 95 95.2 95.3 95.7 96.4 97.1 98.1 99.9 102 104 104.8 105.1 105.8 107.6 109.5 112 114.4 116.4 118 119.4
60.2 61.1 61.5 60.9 61.4 61.5 61.6 61.8 62.1 62.8 63.2 63.7 63.9 63.8 63.2 62.8 62.4 63 65.2 66.3 66.3 66 65.5 64.8 64.8 64.2 64.3 65.1 67.2 68.4 68.3 69.1 69.8 70.2 69.8 66.9 66.8 66.9 67.6 68.4 69.5 70.6 71.9 73.2 74.7 77.4 79.7 82.3 84.9 87.9 90.8 93.7 97.6 103.5 104.3 102 100.3 98.5 97.2 96.2 95.8 95.3 94.9 94.5 94.6 94.7 95.1 95.8 96.4 97.4 99.9 101.7 103.5 103.7 103.3 104.2 106.2 109.1 111.2 114 115.3 116.2 117.3
59.1 59.4 59.7 60.4 60.8 60.9 61.1 61.2 61.8 62.5 62.8 62.8 62.9 63 62.7 62.3 61.8 63.6 64.9 64.7 64 64 63.5 62.8 61.5 63.1 63.8 65 66.1 67.3 67.6 67.9 67.8 67.4 67 65.8 66 66.3 67.1 68.7 70 70.9 72.3 73.7 75.4 76.8 79.1 81.7 84.5 87.9 90.6 94 98.7 103.5 104.5 102.1 100.3 98.6 97.1 96.3 95.9 95.5 95 94.3 94 94.1 94.3 94.9 95.8 96.6 98.8 100.4 102.1 102.3 101.6 103.4 106.1 108.9 111 114 114.3 114.3 114.5
