Game/Highland_Data/StreamingAssets/GeoData/Data/st/ST02.asc
ncols 200
nrows 200
xllcorner 300000
yllcorner 120000
cellsize 50
[rows 105 to 139 of 200, columns 0 to 77 of 200]
146.4 148.6 150.3 151.3 151.4 152.7 154.4 156.4 157.4 157.9 157 156.8 155.3 152.8 151.5 149.4 148.7 147.2 145.3 143.6 141.7 142 144.2 146.6 149 151.5 153.7 155.1 154.5 154.2 152.7 151.3 153.2 155.6 157.1 157.8 158.8 160 161.2 159.9 161.7 163.2 164.1 164.9 165 164.7 167.5 170.2 171.9 173 174.4 175.6 176.9 178.6 180.5 182.2 183.5 185.5 187.4 187.6 189.8 191.8 193.5 196.4 198 198.5 201.7 204.3 207.5 210 210.9 208.4 208.2 205.6 205.5 206.2 207.2 207
148.7 151.5 153.6 155.4 156 153.5 156.1 158.8 160.1 160.3 158.9 156.6 153.8 151.8 150.1 148.2 146.8 144.6 144.3 142.4 141.5 139.5 142.3 147.8 150.5 151.8 151.1 152.1 151.2 150.8 149.2 148 150.3 149.9 152.5 153.4 155.8 156.9 158.4 155.7 159 160 161.3 162.5 161.9 164.1 167.2 168 169.4 170.3 171.7 173.3 174.6 176.9 178.4 179.1 180.7 183.1 183.9 185.3 186.4 188.3 190.6 191.7 192.5 195.6 198.8 201.3 203.7 205.6 206.6 206.6 204.9 201.7 199.8 199.2 198.2 198.5
149.7 155.1 158.3 159.7 160.2 156.4 159.2 162.1 162.4 162.2 161.8 159.8 158.5 156.3 154.4 151.7 149 146.5 143.8 142.6 141.5 139.9 142 148.5 149.7 150.2 150 149.6 146.6 146.2 144.3 146.4 149.6 152 150.4 149.2 149.2 151.1 151.7 153.1 153.2 154.3 156.1 157.6 158.8 162.9 165.4 165.6 165.6 166.9 169.8 170.5 173.2 173.7 173.1 174.5 175.8 178.4 180.3 182.2 183.4 184.7 187.7 188.6 188.1 189.2 189.3 190.7 191.5 202.7 204.2 204 201.6 194.9 191.4 192 189.5 189.1
153.8 157.9 163.5 165 166.2 163.5 163.5 165.8 167.5 168.6 168.3 167.3 166.2 165 163.1 158.8 152.7 148.2 144.1 142.7 141.5 138.4 143.6 147.9 148.1 148 146 143.2 146.1 147.4 152.3 155.5 156.9 159.4 160.5 160.3 157.7 157 156.3 156.9 157.9 161.4 161.3 160.8 160.8 160.3 159 162.9 162.5 163.7 166.4 167.4 169.4 171.9 173.2 175.8 177.4 180 181.7 183.8 185.7 187.6 189.7 190.9 193.5 194.5 196.9 198.8 201.1 203.1 204.2 204.2 202.3 199.2 195.7 193.1 187.4 178.8
157.6 159.6 165.5 168.3 168.8 166 167.2 170.5 172.8 174.5 175.2 174.3 172.3 169.2 165.9 161.7 155.3 148.8 144.1 141.9 140.9 139.9 144.2 145.1 144.2 140.9 146.5 150.5 154.1 158.1 161.2 163.8 165 166.5 167.5 168.2 170.3 169 168.5 166.7 160 166.7 167 165.3 169.2 170.3 169.9 171.1 171.1 171.4 173 173.6 176.5 179 181.1 182.3 183.1 184.2 185.4 188.5 190.6 192.3 194.2 195.8 197 198.8 201 202.3 203.9 204.3 205.7 206.9 207.9 206.8 205.2 201.6 195.5 189.3
163.2 163.6 166.4 169.7 170.1 168.9 169.4 172.7 175.5 177.1 177.7 175.5 172 168.5 164.4 160.8 155 148.6 143.2 141.3 140.1 138.7 140 140.2 141.9 147.5 151.8 156.3 159.6 164.4 167.3 169.2 170.4 171.4 172.9 173.7 175.9 175.6 173.7 171.5 163 172.1 172.8 170 176.6 180.3 181.3 180.1 178.9 177.7 178.4 179.2 180.5 183 185.4 186.8 187.6 188 190 192.4 193.9 196.4 198.3 200.7 201.5 201.8 204.3 205.7 206.2 207.1 208.4 210.8 212.4 212.5 209.6 205.4 199.7 193.2
172.7 173.4 174.5 176.3 176.5 174.1 173.9 176.3 178.9 180.6 179.2 176.1 172.1 167 161.8 156.5 151.3 146.1 142.3 140.7 139.3 138.1 142.1 143 145 149 152.1 156.3 161.8 165.9 172 174.4 175.8 176.9 179.4 182.1 183.7 181.3 179.9 176.2 169.1 176.6 177 174.7 179.9 185.2 187.5 187.4 187.3 187.7 188.2 188.9 188.7 188.7 190.6 192.7 193.9 195.3 195.9 197 199.1 203.4 206.2 208.4 207.5 206.9 208.6 208.1 211.4 211.7 212.3 214.6 216.2 216 213.1 209.2 203 198.2
181.9 183.7 185.6 186.3 185.8 182.7 181 181.5 183 183.4 180.6 176.9 171.6 165.8 161 154.9 150.3 144.6 141.6 139.1 137.6 141.2 145.2 146.9 145.9 147.7 151 154.9 160.3 165.4 172.1 178.5 180.9 182.4 184.7 187.7 189 186.7 182.7 179.1 175.4 180.4 181.7 180.1 182.1 186.8 192.6 196.5 200 200.7 199.5 198 195.5 194.7 195.9 197.7 200.5 202.3 202.9 204.1 205.1 208.4 213.2 215.7 214.8 214.4 215.7 217.6 221.3 223.2 221.6 219.4 219.8 218.7 216.1 212.9 207.8 203.9
183.8 186.3 188.9 190 189.6 188.3 189.1 190 189.5 187.1 184.3 178.7 172.1 165.1 159.2 153.5 147.9 143.4 140.4 137.6 138.2 143.1 146.8 148.9 150.9 152.8 155.2 153.3 159.3 164.2 173.1 180 184.3 188 189.9 194.1 194.4 190.9 186.1 181.9 180 184.2 185.9 184.9 185.5 189.6 194.1 199.3 203.7 207 206.9 205.8 204.2 203.9 204.9 207.1 208.6 210.2 211.7 213.4 216.4 219.4 222.6 224.8 224.5 223 224.5 228 228.9 228.1 224.8 221.6 219.8 218.5 216.4 214.1 212.3 208.7
181.5 184.2 187.2 188.3 188.1 189.1 190.5 192.8 191.7 188.1 184.1 178.8 172.2 165 158.6 152.3 146.8 141.9 138.3 136.8 139.2 144.6 147.8 150.5 152.7 155.3 158.9 159.8 160.4 164.1 169.5 176.4 182.4 189.8 195.8 200.2 200.3 197.3 192 186.1 183.5 188.3 191.1 191.2 194.3 199 201.8 206.2 209.8 211.3 211.4 212 212.6 213.4 213.7 213.9 214.8 216.8 220.3 222.3 224.4 226.8 228.5 229.8 229.8 226.2 229.9 230.9 229.6 227.5 223.7 219.8 216.6 214.1 211.9 210.2 209.3 209.5
177.9 179.8 183.4 184 183.8 184.5 186.7 189.7 188.4 185.7 182.1 176.5 169.4 162.7 156.6 150.3 144.6 139.4 137.4 136.3 141.1 146.4 150.1 154 156.5 159.5 161.8 165.5 165 165.8 168.5 171.8 177.1 186.6 195 200.6 202 199.6 194.7 189.5 190.3 194 199.1 202.3 206.3 210.4 213.6 215.1 216.2 213.4 214.2 213.7 213.1 212.2 211.9 213.1 215.3 217.1 220.5 223.2 226.3 229.5 231.5 232.6 234.5 234.4 235 234.4 231.9 228.1 224.8 221.9 219.7 216.3 212.5 207.2 206.6 208.8
173.2 174.4 177.6 178.9 179.2 180.4 182.5 183.5 182.8 180.8 177.7 173.2 166.3 159.4 152.9 147 142 137.8 135.2 138.3 144.2 149 155.5 162.5 168.1 170.6 172.2 176.6 177.5 174.5 172.5 174.1 177.1 181.7 190.1 199.2 204.5 203.4 198.7 195.4 196.9 202.7 209.4 212.5 214.1 216.4 216.3 214.8 212.8 210.8 210 209.3 207.7 206.6 205.1 206.3 210 213.6 217.5 220.7 225 229.6 233.9 237.1 239.5 240.9 240.6 239.8 236.5 232 227.9 224.5 221.3 217.2 212.4 205.9 201.2 202.1
167.1 168.1 171.9 172.8 174.1 176.4 179.6 180.3 178.8 176.5 173.7 170 163.8 155.8 148.6 142.8 139.4 136.4 135.8 140.7 146.4 153 161.3 169.6 178.7 184.9 187.3 191.8 193.3 189.4 182.5 182.3 182.4 184.2 189 195.6 204.6 208 205.4 205.3 210.1 216.3 219.5 220 219.7 219.3 216 211.3 206.7 202.8 202.6 202.6 201.7 198.1 194.7 196.1 199.4 204.3 210.3 215.9 220.4 225.5 230.6 235 237.8 238.9 238.7 237 233.9 229.5 226.5 222.8 218.9 213.9 207.9 201.8 199.2 196.9
159.9 162.3 165.3 165.8 166.8 171.2 175.3 176.7 175.4 172.9 171.1 167.6 161.3 154.5 148.6 142 137.5 133.9 136.2 143.2 151.9 158.5 166 175.1 183.8 192.5 198.7 205.6 206.7 203.2 198 201.4 196.8 194.5 196.3 200.5 206 211.6 215.3 220.1 223.1 227.6 228.2 227 224.1 219.6 213.6 206.6 197.1 193.9 190.9 190.3 189.6 189 193.5 199.7 201.3 200.2 202.2 206.9 213.4 219.5 225.6 231.2 234.7 235.3 233.8 231.8 228.1 224.9 221.4 217.9 213.3 209.3 207.7 209.1 208 204.5
153.2 156 158.7 160.3 160.9 167.4 171.2 172.4 171.9 170.3 168.7 165 160.4 154.8 147.1 140.3 135.9 135.2 139.7 152.6 162 167.9 173.8 178 187.1 196.4 202.1 208 211.9 213 213 216.1 218.5 215.5 215.5 218 222.6 225.5 227.5 228.5 232.2 234.6 233.6 230 223.9 216.5 208 199.5 190.5 184.8 182.4 188.4 193.1 199.4 207 212.9 213.7 211 207.6 206.8 208.4 214 221.4 225.2 230.4 233.3 231.8 228.8 224.3 220.5 218.2 218.6 219.6 217 215 213.8 211.5 208
147.9 148.8 153.3 153.3 156.8 162.7 166.1 167.1 166.7 165.5 165.8 162.5 158 151.5 144.7 137.1 133 134.9 145.2 157.2 167.4 174.9 179.8 183.4 188.7 195.8 201.1 207 213.4 217.2 220.5 224.9 228.3 230.7 233.2 237.3 240.6 240.1 238.7 238.1 240 240.4 237.3 231.4 225 215.5 200.3 186 183.1 182.4 190.4 197.6 205.6 212.7 218.3 222.3 225.8 225.8 219.4 215.6 215.5 216.1 218.4 224.5 230.7 234 232.4 231.4 229 226.3 224.5 223.9 222 215.9 212.3 210.2 208.9 205
143.8 145 145.8 147.3 151.1 154.9 158.3 159.8 159.9 160.4 161 159.3 155.8 148.3 141.5 135.5 133.9 139.6 151 161.7 169.9 178.1 182.7 184.7 186.3 191.9 196.5 202.5 208.6 213.7 218.5 223.4 226.7 228.4 231.1 234.8 239.9 242.2 243.2 244.4 246.1 245.3 241.3 234.8 227.2 215.8 196.4 180.1 178.6 187.2 197.8 206.9 212.7 218.4 223.9 227.5 230.7 234.4 237.2 236.2 233.3 232.4 232.7 235 240 239.5 239.6 239.3 237.4 235 231.7 227 219.9 211.5 204.6 200.4 198.6 193.7
139.8 140.6 142 143.7 145.7 147.7 150 152.3 153.3 154.2 155.6 154.7 152 146.7 140.3 132.5 134.7 144.6 157.1 166.1 172 176.4 178.3 179.9 181.4 186 190.1 195.7 201.9 206.7 211 216 219.3 219.4 218.7 222.9 228 232.3 237.9 241.9 246.4 247.9 245.3 238.8 228.2 209.6 190.4 176.1 182 190.4 200.3 208.6 214.2 219.2 223.7 227.3 232.5 239.6 244.4 246.9 249.6 250.2 250.4 251.3 252.6 252.7 253.2 250.9 246.7 242.9 236.9 228.1 216.2 206.5 199.8 194.4 191.6 188.9
136.4 136.6 138.5 139.9 141.1 142.4 144.1 146.6 148 149.7 150.9 150 147.7 143.1 135.9 131.8 136 147.7 157.8 164.6 169.5 173.3 173 172 176.1 180.4 184.2 188.2 194.7 198.4 202 206.6 209.8 210.1 209.4 208.9 211 217.1 226.1 233.5 238.5 241.8 242.1 237 224.4 204.3 187.9 175.6 176.9 179.6 185.9 196.1 205.9 214.2 219.7 223.2 231.1 239.5 246.1 252.8 257.1 259 259 259.9 260.7 261.1 260.8 258.1 256 252 244.8 235.6 225.4 214.9 206.7 199.9 196.9 192.7
133.8 134.7 137.1 137.2 137.5 137.8 139.6 141.4 143.9 146 146.7 145.7 143.9 139.5 134 132.3 135.1 147.7 155.7 160.9 164.2 166 166 168.2 172.6 174.1 176 182.2 187.3 190.5 193.1 197.8 201.2 202.1 200.8 198.7 200.9 209.4 218.4 226.5 232.4 233.6 233 227.3 217.7 198.3 183.5 172 179.8 188.1 189.8 190.7 194.1 204.2 209.4 221.6 231.8 239.9 247.6 254.8 259.8 263 263.2 262.6 263 260.6 259 257.8 256.4 256.1 253.4 249.9 243.6 231.8 225.8 218.3 211.5 205.1
130.9 134.2 135.8 136.2 135 135.2 137 139.5 141.5 143.1 143.1 142.6 141.2 135.3 133.1 131.9 137.5 144.8 150.3 155.1 158.6 158.9 158.2 163.4 167 167.4 171.4 177.9 181.9 183.1 186.1 191.6 193.8 194.3 191.9 186.2 193.9 204.7 212.9 220.1 225.9 227.2 222.4 217.6 207.3 190.2 176.3 171.6 187.3 198.2 201.3 201.5 202.2 205.8 212.2 223.5 231.5 240.3 248.7 256 261.9 265.8 264.5 260.8 257.9 254.2 252.4 251.7 250.7 250.9 248.5 248.3 246.7 245.2 243.9 238.8 233.4 225
132.4 134 135.1 135.3 133.1 134 135.5 138.4 139.9 140.6 141 139.7 138.7 133.9 132.2 132.1 135.7 140.6 145.4 148.8 151 151.5 154.2 157.9 160 161.6 169 172.9 174.7 175.3 181.1 186.6 189.1 188.1 183.5 178.4 188 198 206.6 212.7 217.5 220 217.9 209.9 197.1 181.2 168.2 176.6 193 205.8 210.8 211.3 214.2 218 222.3 226.1 232.3 241.3 249.2 256 261.6 263.4 260.7 256.4 250.7 246.1 244.3 242.7 241.6 242.3 241.7 242.2 242.5 244.6 247.2 245.6 245.7 242.2
131.3 133.1 134.2 134.1 132.8 135.6 137.6 139.4 140.5 141 140.7 138.6 135.8 132.3 130.6 132.6 135.2 137.8 141.1 143.6 145 146.4 149 151.7 153.7 159 164 167.4 169.3 170.4 176.1 181.6 184 183.5 178.3 169.8 181.8 193.1 200.5 205.5 208.5 210.4 209.7 203.9 190.9 174.5 165.4 178.5 190.2 198.6 202.7 205.9 212.6 215.2 220.6 224 231.8 241.9 249.4 254.1 257.6 257.4 254.7 250.4 245.1 238.8 237.5 233.2 230.8 231.4 231.2 233 237.1 242 245.7 245.7 245.7 247.9
128.1 130.8 132.6 131 134.8 136.9 138.5 139.7 140.4 140.9 140.6 137.6 132.7 131 130.5 133 134 136.4 138.7 140.1 141.1 142.2 144 145.9 149.7 153.9 158.1 161 161.5 166.6 172.2 175.9 178.2 177.8 172 167.5 180.8 190.4 195.9 198.6 200.9 202.5 202 198.2 189.7 172.4 163.9 174.8 184.8 189.1 189.4 194 199.3 204.7 210.9 220.5 229.5 237.6 243.1 246.1 249.8 250.7 248.5 245.4 239.5 230.6 227.3 223.1 220.1 219.9 221.2 223.9 231.4 235.7 238.6 238.5 238.4 243.9
126.6 127.5 128.4 130.9 133.7 135.6 137.2 138.8 140 140 139.5 133.7 130.8 129.4 130.6 132.7 132.7 134.4 135.9 137.2 138 139.1 140.8 143.1 146.1 149.1 152.1 154 156.4 162.1 166.5 169.5 171.6 171.8 165.6 169.8 181 187 190.1 192.2 194 195.9 194.6 192.9 186.9 175.9 162.9 165.8 176.5 179.5 180.2 182.8 188.1 195.1 206.8 218.6 227 232.5 236 237.3 238.8 240.2 239.4 238.5 234.7 227.7 214.7 211.8 209 209 211.4 216.5 223.9 226.4 228.4 228.5 229.8 236.7
123.8 126 127.1 127.4 129.9 133.3 135.4 137.1 138.1 138.3 136.9 131.3 128.6 130.2 130.3 131.1 130.9 131.6 132.9 134.2 135.1 136.4 137.8 140.1 142.7 144.7 147.4 149 152.6 157.7 160.8 163 164.5 164.8 159.5 170.9 177.4 181.2 183.3 185 186.2 187 187.3 186.5 184.9 178 167.6 158.9 167.5 168.6 172.3 175.8 180.9 194.5 205.9 215.5 221.3 224.8 227.4 229.5 230.9 232.7 232.4 232.3 230.4 225.6 215.7 201.6 197.7 197.9 198.4 209.2 215.1 216.7 217.2 217.8 221.4 230
127.4 125.5 125.5 125.8 127.3 129 131.1 133.5 135.6 135.9 131 129.9 129 130 130.2 131.9 133 132.6 132.4 133 132.4 133.3 134.1 136.4 138.7 141.2 143.6 145.8 149.8 153.1 155.3 156.5 158.6 157.1 160.6 167.4 171 174 175.7 176.8 178.5 179.5 180.7 180.5 179.2 176 169.9 162 160.3 172.4 176 177.5 182.4 192.9 203.8 210.8 214.5 215.2 217.3 219.5 221.8 223.6 222.8 223.4 223.3 222.1 218 210.8 200.1 190.3 188.5 200.5 206.6 207 204.8 206 212.9 220.1
132.8 130 127.3 127.1 126.8 126 127.5 129.2 130.1 129.8 129.8 128.2 129 128.8 131 133.2 135 135.1 135.1 134.9 134.3 134.5 136.5 136.2 135.8 138.7 140.7 143.1 146.7 148.9 150.6 151.1 151.1 151.6 158.9 161.6 163.8 166.7 167.3 168.7 170.6 172.5 172.8 174 173.7 170.9 168.6 162.5 159 175.7 185.4 188 190.1 195 202.4 207 208.9 208.5 208.4 211.1 213 213.9 211.6 213.8 215.5 215.7 215 211.3 205.9 194.6 179.8 187.8 197.5 196.8 193.4 196.7 207.6 213.2
141.7 138.3 134.9 132.5 129.6 128.1 125.5 126.3 128.3 128.7 128.9 128 129.8 131.5 132.5 137.2 139.5 140 138.8 136.1 134.4 137.5 140.5 141 138 135.6 137.6 140.3 142.8 144.4 146 146.3 146.5 152.6 155.9 156.5 158 160.1 160.6 161.4 163.3 164.6 164.9 166.8 168 168 166.7 161.1 158.3 176 184.3 189 191.4 194.5 199.6 202.9 204 202.7 202.5 204.5 206.3 206.1 203.3 204.3 207.4 208.6 208.5 206.7 203.5 198.1 183.6 176.1 185.3 184.8 188.8 198.5 206.1 207.5
155.7 152.3 152 149.2 146.1 140.8 135 131.3 129.8 127.6 129.6 130.4 133.5 133.4 137 139.5 141.4 142.8 141.8 138.7 135.5 137.9 142.8 143.7 142 138.3 137 138.2 139.9 141.2 142.6 142.9 146.1 148.7 150.7 151.2 152.8 154.1 154.8 155.2 157.2 158.5 159.1 160.9 162.7 163.3 162.3 156.6 161.5 174.9 180.1 183.8 186.5 190.3 194.2 195.7 198 197.1 196.8 198.2 199.7 199.4 194.4 197.8 200.6 202.2 203.9 203.2 200.7 196.2 188.8 175.5 174.6 178.7 189.6 197.5 201.2 200.4
171.8 169.3 168.8 167.9 165.2 160.3 144.3 148.6 143.6 141.4 141 140.7 142.8 141.8 142 141.1 143.7 145.3 143.6 140.8 137.3 136.7 142.7 144.2 143.5 141.1 139 139 139.2 139.8 140.6 141.7 142.5 143.4 145.2 146.1 147.1 148.5 149.6 150.5 151.6 153.2 155.2 156.7 158 158.7 157.9 152.7 165.8 171.6 175.4 177.6 180.2 183.3 185.9 189.7 191.2 189.5 190.1 190.8 192.9 192.8 189.2 191.2 193.2 195 197.7 197.7 195.8 192.6 188.9 181.5 167.2 177.1 187 193.7 195.3 193.3
188 186.2 183.8 181.2 177.5 172.2 151.6 163.7 161 160.2 159.2 157.5 155.8 152.6 150.7 148.3 151.3 150.4 147.8 144.2 139.8 136.4 139.4 142.6 144.3 143.5 143 142.1 142.3 142.1 142.6 143 142.1 142.5 142.7 142.8 144.1 145.3 146.4 146.8 147.7 149.2 150.8 151.4 152.4 151.2 152.4 155.7 163.4 166.8 169.6 171.4 173.8 176.8 180.8 183 183.6 182.7 182.6 184.3 185.6 185.9 183.6 185.2 185.9 188.4 191.8 192 189.9 187.6 185.7 181.7 170.3 169.1 181.2 187.4 189 187.1
198.5 196.3 194.3 191.5 188.1 183.5 166.1 177.8 175 173.5 172.6 170.4 166.3 161.7 159.8 156.5 158.4 157.1 152.8 148 143.6 137.3 141.1 144.9 147.4 147.4 147.9 147.5 147.6 146.6 149.5 149.7 147.8 147.3 146 146.3 146.5 146.3 146.3 146.7 147.3 148 149.2 148.9 150.3 149.9 149.6 154.1 158.5 161.6 164 165.4 168.3 172.1 176.5 179.3 179.1 178.4 177.3 178.7 178.5 178.6 177.2 177.5 178.2 182.1 184.4 185 183.4 181.4 179.8 177.3 168.5 163.8 177.8 182.8 183.5 180.6
206.9 204.2 201.3 199 196.4 191.8 188.6 187.2 184.9 183.3 181 178.3 175.3 171.6 168.5 166.1 164.7 161.9 157.7 153 147.7 138.8 148 154.7 158.3 158.2 157.7 157.5 156 152.7 154.3 154.3 152.5 152.3 151.3 151.6 151.6 152.5 152.9 153.9 154.1 155 155.8 155.9 156.6 155.7 155.1 152.5 152.8 156.1 159.2 161.7 164.7 168.5 172.1 174.3 173.8 173.2 172.4 172.5 172.3 171.9 170.7 171 173.2 175.2 176.7 176.6 175.9 174.4 173.5 171.9 166 161.2 173.4 176.6 176.7 174.4
214.4 211.5 208.3 205.1 202.3 199.5 196.2 194 191.2 188.8 186.1 183.5 181 178.1 174.9 172.5 170.2 167.5 162.9 157.3 150.1 138.9 151.7 160.8 166.5 168.4 168.8 167.5 164.7 162.4 163.4 162.8 161.3 159.2 157.2 156.2 156 158.9 160.1 164 166.7 167.5 166.3 164.1 161.5 160.1 158.2 154.3 157.9 158.8 158.9 159.6 162.7 166.1 169 169.9 169.2 168.5 167.7 167.4 167.1 166.5 165.6 166.7 168.6 168.4 170.7 170.4 169.4 167.5 166.7 165.4 162.2 160 167.4 169.7 170.3 166.6
