Game/Highland_Data/StreamingAssets/GeoData/Data/st/ST04.asc
ncols 200
nrows 200
xllcorner 300000
yllcorner 140000
cellsize 50
[rows 114 to 151 of 200, columns 85 to 169 of 200]
-3.2 -3.2 -3.2 -3.2 -3.2 -3.2 -3.2 -3.2 -3.2 -3.2 -3.2 -3.2 -3.2 -3.2 -3.2 -3.2 -3.2 -3.2 -3.2 -3.2 -3.2 -3.2 -3.2 -3.2 -3.2 -3.2 -3.2 -3.2 -3.2 -3.2 -3.2 -3.2 -3.2 -3.2 -3.2 -3.2 -3.2 -3.2 -3.2 -3.2 -3.2 -3.2 -3.2 -3.2 -3.2 -3.2 -3.2 -3.2 -3.2 -3.2 -3.2 -3.2 -3.2 -3.2 -3.2 -3.2 -3.2 -3.2 -3.2 -3.2 -3.2 -3.2 -3.2 -3.2 -3.2 -3.2 -3.2 -3.2 -3.2 -3.2 -3.2 -3.2 -3.2 -3.2 -3.2 -3.2 -3.2 -3.2 -3.2 -3.2 -3.2 -3.2 -3.2 -3.2 -3.2
-3.2 -3.2 -3.2 -3.2 -3.2 -3.2 -3.2 -3.2 -3.2 -3.2 -3.2 -3.2 -3.2 -3.2 -3.2 -3.2 -3.2 -3.2 -3.2 -3.2 -3.2 -3.2 -3.2 -3.2 -3.2 -3.2 -3.2 -3.2 -3.2 -3.2 -3.2 -3.2 -3.2 -3.2 -3.2 -3.2 -3.2 -3.2 -3.2 -3.2 -3.2 -3.2 -3.2 -3.2 -3.2 -3.2 -3.2 -3.2 -3.2 -3.2 -3.2 -3.2 -3.2 -3.2 -3.2 -3.2 -3.2 -3.2 -3.2 -3.2 -3.2 -3.2 -3.2 -3.2 -3.2 -3.2 -3.2 -3.2 -3.2 -3.2 -3.2 -3.2 -3.2 -3.2 -3.2 -3.2 -3.2 -3.2 -3.2 -3.2 -3.2 -3.2 -3.2 -3.2 -3.2
-3.2 -3.2 -3.2 -3.2 -3.2 -3.2 -3.2 -3.2 -3.2 -3.2 -3.2 -3.2 -3.2 -3.2 -3.2 -3.2 -3.2 -3.2 -3.2 -3.2 -3.2 -3.2 -3.2 -3.2 -3.2 -3.2 -3.2 -3.2 -3.2 -3.2 -3.2 -3.2 -3.2 -3.2 -3.2 -3.2 -3.2 -3.2 -3.2 -3.2 -3.2 -3.2 -3.2 -3.2 -3.2 -3.2 -3.2 -3.2 -3.2 -3.2 -3.2 -3.2 -3.2 -3.2 -3.2 -3.2 -3.2 -3.2 -3.2 -3.2 -3.2 -3.2 -3.2 -3.2 -3.2 -3.2 -3.2 -3.2 -3.2 -3.2 -3.2 -3.2 -3.2 -3.2 -3.2 -3.2 -3.2 -3.2 -3.2 -3.2 -3.2 -3.2 -3.2 -3.2 -3.2
-3.2 -3.2 -3.2 -3.2 -3.2 -3.2 -3.2 -3.2 -3.2 -3.2 -3.2 -3.2 -3.2 -3.2 -3.2 -3.2 -3.2 -3.2 -3.2 -3.2 -3.2 -3.2 -3.2 -3.2 -3.2 -3.2 -3.2 -3.2 -3.2 -3.2 -3.2 -3.2 -3.2 -3.2 -3.2 -3.2 -3.2 -3.2 -3.2 -3.2 -3.2 -3.2 -3.2 -3.2 -3.2 -3.2 -3.2 -3.2 -3.2 -3.2 -3.2 -3.2 -3.2 -3.2 -3.2 -3.2 -3.2 -3.2 -3.2 -3.2 -3.2 -3.2 -3.2 -3.2 -3.2 -3.2 -3.2 -3.2 -3.2 -3.2 -3.2 -3.2 -3.2 -3.2 -3.2 -3.2 -3.2 -3.2 -3.2 -3.2 -3.2 -3.2 -3.2 -3.2 -3.2
-3.2 -3.2 -3.2 -3.2 -3.2 -3.2 -3.2 -3.2 -3.2 -3.2 -3.2 -3.2 -3.2 -3.2 -3.2 -3.2 -3.2 -3.2 -3.2 -3.2 -3.2 -3.2 -3.2 -3.2 -3.2 -3.2 -3.2 -3.2 -3.2 -3.2 -3.2 -3.2 -3.2 -3.2 -3.2 -3.2 -3.2 -3.2 -3.2 -3.2 -3.2 -3.2 -3.2 -3.2 -3.2 -3.2 -3.2 -3.2 -3.2 -3.2 -3.2 -3.2 -3.2 -3.2 -3.2 -3.2 -3.2 -3.2 -3.2 -3.2 -3.2 -3.2 -3.2 -3.2 -3.2 -3.2 -3.2 -3.2 -3.2 -3.2 -3.2 -3.2 -3.2 -3.2 -3.2 -3.2 -3.2 -3.2 -3.2 -3.2 -3.2 -3.2 -3.2 -3.2 -3.2
-3.2 -3.2 -3.2 -3.2 -3.2 -3.2 -3.2 -3.2 -3.2 -3.2 -3.2 -3.2 -3.2 -3.2 -3.2 -3.2 -3.2 -3.2 -3.2 -3.2 -3.2 -3.2 -3.2 -3.2 -3.2 -3.2 -3.2 -3.2 -3.2 -3.2 -3.2 -3.2 -3.2 -3.2 -3.2 -3.2 -3.2 -3.2 -3.2 -3.2 -3.2 -3.2 -3.2 -3.2 -3.2 -3.2 -3.2 -3.2 -3.2 -3.2 -3.2 -3.2 -3.2 -3.2 -3.2 -3.2 -3.2 -3.2 -3.2 -3.2 -3.2 -3.2 -3.2 -3.2 -3.2 -3.2 -3.2 -3.2 -3.2 -3.2 -3.2 -3.2 -3.2 -3.2 -3.2 -3.2 -3.2 -3.2 -3.2 -3.2 -3.2 -3.2 -3.2 -3.2 -3.2
-3.2 -3.2 -3.2 -3.2 -3.2 -3.2 -3.2 -3.2 -3.2 -3.2 -3.2 -3.2 -3.2 -3.2 -3.2 -3.2 -3.2 -3.2 -3.2 -3.2 -3.2 -3.2 -3.2 -3.2 -3.2 -3.2 -3.2 -3.2 -3.2 -3.2 -3.2 -3.2 -3.2 -3.2 -3.2 -3.2 -3.2 -3.2 -3.2 -3.2 -3.2 -3.2 -3.2 -3.2 -3.2 -3.2 -3.2 -3.2 -3.2 -3.2 -3.2 -3.2 -3.2 -3.2 -3.2 -3.2 -3.2 -3.2 -3.2 -3.2 -3.2 -3.2 -3.2 -3.2 -3.2 -3.2 -3.2 -3.2 -3.2 -3.2 -3.2 -3.2 -3.2 -3.2 -3.2 -3.2 -3.2 -3.2 -3.2 -3.2 -3.2 -3.2 -3.2 -3.2 -3.2
-2.2 -2.1 -2.3 -2.6 -3.2 -3.2 -3.2 -3.2 -3.2 -3.2 -3.2 -3.2 -3.2 -3.2 -3.2 -3.2 -3.2 -3.2 -3.2 -3.2 -3.2 -3.2 -3.2 -3.2 -3.2 -3.2 -3.2 -3.2 -3.2 -3.2 -3.2 -3.2 -3.2 -3.2 -3.2 -3.2 -3.2 -3.2 -3.2 -3.2 -3.2 -3.2 -3.2 -3.2 -3.2 -3.2 -3.2 -3.2 -3.2 -3.2 -3.2 -3.2 -3.2 -3.2 -3.2 -3.2 -3.2 -3.2 -3.2 -3.2 -3.2 -3.2 -3.2 -3.2 -3.2 -3.2 -3.2 -3.2 -3.2 -3.2 -3.2 -3.2 -3.2 -3.2 -3.2 -3.2 -3.2 -3.2 -3.2 -3.2 -3.2 -3.2 -3.2 -3.2 -3.2
-0.8 -0.8 -1 -1.3 -1.5 -2 -3.2 -3.2 -3.2 -3.2 -3.2 -3.2 -3.2 -3.2 -3.2 -3.2 -3.2 -3.2 -3.2 -3.2 -3.2 -3.2 -3.2 -3.2 -3.2 -3.2 -3.2 -3.2 -3.2 -3.2 -3.2 -3.2 -3.2 -3.2 -3.2 -3.2 -3.2 -3.2 -3.2 -3.2 -3.2 -3.2 -3.2 -3.2 -3.2 -3.2 -3.2 -3.2 -3.2 -3.2 -3.2 -3.2 -3.2 -3.2 -3.2 -3.2 -3.2 -3.2 -3.2 -3.2 -3.2 -3.2 -3.2 -3.2 -3.2 -3.2 -3.2 -3.2 -3.2 -3.2 -3.2 -3.2 -3.2 -3.2 -3.2 -3.2 -3.2 -3.2 -3.2 -3.2 -3.2 -3.2 -3.2 -3.2 -3.2
0.7 0.6 0.4 0.2 -0.1 -0.6 -0.9 -1.1 -1.3 -1.3 -1.3 -1.4 -1.2 -1.6 -2.1 -2.4 -2.3 -2.3 -2.2 -2.1 -2.2 -2.4 -2.6 -2.8 -3.2 -3.2 -3.2 -3.2 -3.2 -3.2 -3.2 -3.2 -3.2 -3.2 -3.2 -3.2 -3.2 -3.2 -3.2 -3.2 -3.2 -3.2 -3.2 -3.2 -3.2 -3.2 -3.2 -3.2 -3.2 -3.2 -3.2 -3.2 -3.2 -3.2 -3.2 -3.2 -3.2 -3.1 -3.2 -3.2 -3.2 -3.2 -3.2 -3.2 -3.2 -3.2 -3.2 -3.2 -3.2 -3.2 -3.2 -3.2 -3.2 -3.2 -3.2 -3.2 -3.2 -3.2 -3.2 -3.2 -3.2 -3.2 -3.2 -3.2 -3.2
2.1 2 1.8 1.6 1.4 0.9 0.7 0.5 0.3 0.3 0.2 0 0.1 -0.5 -0.9 -1.1 -1.1 -1.2 -1.2 -1.1 -1.3 -1.5 -1.7 -2 -2.3 -2.7 -3.2 -3.2 -3.2 -3.2 -3.2 -3.2 -3.2 -3.2 -3.2 -3.2 -3.2 -3.2 -3.2 -3.2 -3.2 -3.2 -3.2 -3.2 -3.2 -3.2 -3.2 -3.2 -3.2 -3.2 -3.2 -3.2 -3.2 -3.2 -3.2 -2.2 -1.7 -1.6 -1.5 -2.2 -3.2 -3.2 -3.2 -3.2 -3.2 -3.2 -3.2 -3.2 -3.2 -3.2 -3.2 -3.2 -3.2 -3.2 -3.2 -3.2 -3.2 -3.2 -3.2 -3.2 -3.2 -3.2 -3.2 -3.2 -3.2
3.5 3.3 3.2 3 2.8 2.5 2.3 2.1 1.9 1.9 1.6 1.4 1.2 0.7 0.3 0 0 -0.2 -0.2 -0.2 -0.4 -0.7 -0.8 -1.1 -1.5 -1.8 -2.4 -3.2 -3.2 -3.2 -3.2 -3.2 -3.2 -3.2 -2.9 -2.7 -2.5 -2.6 -3.2 -3.2 -3.2 -3.2 -3.2 -3.2 -3.2 -3.2 -3.2 -2.2 -1.9 -2.4 -3.2 -3.2 -3.2 -3.2 -2 -1 -0.5 -0.2 -0.1 -0.8 -3.2 -3.2 -3.2 -3.2 -3.2 -3.2 -3.2 -3.2 -3.2 -3.2 -3.2 -3.2 -3.2 -3.2 -3.2 -3.2 -3.2 -3.2 -3.2 -3.2 -3.2 -3.2 -3.2 -3.2 -3.2
43.9 32 28.7 24 23.2 3.8 3.9 3.7 3.6 3.5 3.1 2.9 2.3 1.8 1.5 1.2 1.2 0.8 0.8 0.6 0.4 0.2 0.1 -0.3 -0.6 -1.2 -1.8 -2.5 -3.2 -3.2 -3.2 -3.2 -2.5 -2.3 -2.1 -1.9 -1.6 -1.6 -1.9 -1.9 -2 -2.3 -2.2 -2.2 -1.9 -1.5 -1.2 -0.8 -0.4 -0.9 -1.5 -1.5 -1.2 -1.9 -3.2 0.1 0.8 1.3 1.4 1 -3.2 -3.2 -3.2 -3.2 -2.8 -3.2 -3.2 -3.2 -3 -2.8 -2.6 -3.2 -3.2 -3.2 -3.2 -3.2 -3.2 -3.2 -3.2 -3.2 -3.2 -3.2 -3.2 -3.2 -3.2
70.5 57.6 52 53.1 47.9 44.8 37.4 29.6 15.9 16.7 11 6 3.4 3 2.7 2.4 2.2 1.8 1.8 1.5 1.3 1.1 0.9 0.5 0.1 -0.4 -1 -1.7 -2.2 -2.5 -2.5 -2.2 -1.9 -1.5 -1.2 -1 -0.8 -0.7 -0.9 -0.8 -0.9 -1.1 -1 -0.8 -0.6 -0.2 0.2 0.6 1 0.6 0.3 0.3 0.4 -0.7 -3 -0.8 2.1 2.6 2.9 3 -3.2 -1.6 -0.7 -1 -1.2 -1.7 -1.9 -1.7 -1.7 -1.6 -1.4 -1.6 -2.1 -2.5 -3.2 -3.2 -3.2 -3.2 -3.2 -3.2 -3.2 -3.2 -3.2 -3.2 -3.2
81.7 77 79.8 83.1 65.4 70.5 64 41.1 32.3 46 32.1 25.3 21.2 5.4 3.9 3.6 3.2 2.8 2.7 2.4 2.2 2 1.7 1.4 0.9 0.3 -0.2 -0.8 -1.2 -1.4 -1.4 -1.2 -1 -0.7 -0.4 -0.2 0.1 0.2 0.1 0.2 0.3 0.1 0.2 0.5 0.7 1.1 1.5 2 2.4 2.2 2.1 2.1 2 0.4 -1.8 -3.2 1.8 3.9 2.9 -3.2 -3.2 1.9 1 0.7 0.4 0 -0.4 -0.3 -0.5 -0.3 -0.1 -0.5 -0.9 -1.3 -1.8 -2 -2.1 -2.3 -3.2 -3.2 -3.2 -3.2 -3.2 -3.2 -3.2
82.6 83.4 83.7 83.6 83.1 82.2 80.5 78.7 71.8 67.8 65.8 55.3 46.9 32.2 21 19.3 5.9 3.8 3.5 3.3 3 2.9 2.6 2.1 1.7 1.3 0.6 0.1 -0.1 -0.2 -0.3 -0.2 -0.1 0.1 0.5 0.7 0.9 1.1 1 1.3 1.5 1.4 1.5 1.8 2 2.4 2.8 3.4 3.9 3.9 3.9 3.8 3.6 1.5 -0.9 -3.2 5.4 3.9 -1 -3.2 -3.2 3.3 2.7 2.3 2.1 1.6 1 1.2 0.9 1 1.1 0.7 0.3 -0.1 -0.5 -0.6 -0.8 -1.5 -2.1 -2.3 -2.4 -2.5 -2.6 -2.5 -2.4
82.6 83.6 83.8 83.8 83.6 83 81.7 79 75.5 73 70.6 67.3 64.5 61.1 54 45.9 38.2 24.2 13.2 8.3 3.9 3.7 3.4 3 2.6 2.1 1.5 1.1 1 0.9 0.8 0.9 0.9 1.1 1.2 1.6 1.8 2 2 2.3 2.6 2.6 2.8 3 3.4 3.6 4.9 21 26.3 25.8 22.7 18.1 9.7 11.2 7.3 -3.2 7.9 -3.2 -3.2 -3.2 -3.2 -3.2 3.9 3.8 3.7 3.2 2.6 2.7 2.3 2.2 2.2 1.8 1.4 1.1 0.9 0.5 -0.3 -1.1 -1.4 -1.5 -1.7 -1.8 -1.9 -1.9 -1.7
83.2 83.8 83.9 84 83.4 82.9 82.5 81.9 79.2 76.2 72.7 67.4 61.2 56.4 51.1 49.4 47.5 45 43.5 32.4 38.7 35.1 13.6 4.1 3.5 2.9 2.4 2.1 2.1 2 2 2 2 2 2.2 2.3 2.6 2.9 3.1 3.4 3.7 3.9 7.5 23.4 40.2 39.8 36 31.3 27.8 23 20.3 16.4 14.5 13 8.8 7.2 8.4 -3.2 -3.2 -3.2 -3.2 -3.2 8.4 19.7 8.5 3.9 3.9 4.3 3.7 3.5 3.3 3 2.6 2.4 1.7 0.9 0.1 -0.5 -0.6 -0.8 -0.9 -1 -1.1 -1.2 -1.1
83.6 84.2 84.6 84.5 84.3 83.9 83.4 82.7 81.5 78.1 73.8 69.2 61.7 52.4 44.7 38.2 36.5 35.1 33 31.7 29.6 27.8 32.2 32.1 20.3 3.8 3.4 3.2 3.1 3.2 3.1 3.1 3 3 3.1 3.2 3.5 3.8 4.9 18.6 45 36.8 48.5 53.3 49.7 46.2 42.7 38 32.3 29.1 26.6 20.5 16.2 14.7 10.3 7.9 8.9 9.1 8.8 -3.2 -3.2 -3.2 12.2 12.6 13.2 13.6 20.2 20.1 17.1 20.2 19.5 16.3 3.6 2.9 2.1 1.3 0.6 0.2 0.1 0 -0.2 -0.3 -0.4 -0.5 -0.4
83.9 84.5 84.8 85 85 84.8 84.3 83.5 82.8 79.2 73.1 62.9 49.8 45.3 41.6 39.2 37.2 36.8 35.3 33.7 31.6 29.3 27.1 23.7 21.7 21.1 10.8 7.5 8.6 15.4 6.8 16.2 20.5 3.9 12.2 5 5.9 21.3 36.8 45.7 66.6 61.8 60.7 56.9 54.2 51.8 48.1 46.5 43.5 39.6 33.8 30.8 26.3 14.4 6.4 8.5 9.3 9.5 10.3 9.3 12.1 18.5 19.8 19.4 19.6 19.6 18.3 14.3 19.2 18.7 18.2 4.9 3.9 3.3 2.5 1.8 1.1 0.9 0.8 0.7 0.6 0.4 0.3 0.2 0.3
83.7 84.3 84.6 84.9 85.1 85.1 84.7 84.2 83.9 79 68 57.6 54 52.3 50.5 48.7 47.2 45 42.7 40.6 37.9 35.3 32 28.8 26.3 26.2 25.5 25.9 24.6 28.4 33.2 38.7 44.2 49.3 57.4 57.1 47.1 43.2 54.7 68.7 66.5 62.3 58.6 53.7 49.3 45.9 41 40.5 39.1 33.8 23.2 14.4 11.1 10.1 9.3 9.3 10.3 9.9 11.7 15.5 16.9 19.5 20.4 20.3 19.9 19.5 19.2 19.5 17.7 18.1 17.8 3.9 3.9 3.7 3 2.2 1.9 1.7 1.6 1.5 1.3 1.1 1 0.9 1
82.4 83.4 84.2 84.6 84.8 84.7 84.3 84.1 82.8 79.6 71.7 66.4 63.9 59.7 57.4 54.8 51.1 48.5 44.2 42 38.7 34.7 32.2 30 31 31.6 31.5 31.8 31.7 32.3 35.6 40.6 46.2 51.1 58.8 66.1 70.6 66.6 72.5 72.4 69.8 63.6 58.1 52.2 46.4 42.7 38.3 28.4 25 18.7 12.6 11.9 11.7 10 11.1 11 10.6 11.7 18.4 20.1 20.6 19.5 20.2 20.7 20.2 19.2 19.5 19.2 18.5 17.5 17.3 5.3 3.9 3.9 3.4 2.8 2.6 2.4 2.3 2.2 2 1.8 1.7 1.7 1.7
77.2 78.8 82.6 83.8 84.3 84.4 84.4 83.8 82.2 79.4 75.8 71.4 67.1 63.2 59.5 55.7 53.3 50.8 48.6 46 43 38.9 36.1 35.5 37 37.4 36.7 35.7 37 37.9 41.8 45.4 49.7 53.7 59 65 71.2 76.2 76.4 73.9 67.9 58.7 49.5 41.9 36.1 32.9 28.7 21.3 14.7 13.4 12.7 11.7 11.5 9.6 12.5 12.5 16.3 16.1 21.1 20.1 22.2 21.5 20.4 20 20.3 20.3 19.5 19.4 19.5 18.3 17.5 17.5 11.2 4 3.9 3.5 3.3 3.2 3.1 2.9 2.7 2.5 2.4 2.4 2.4
66.5 71.1 76.7 80.5 82.9 84.2 84.4 83.8 81.6 79.8 77.3 72.9 69 65.4 63.3 60.9 58 56.4 55.2 52.7 50 44.9 42.3 42.5 44.4 44.4 43 41.2 41.8 44.4 47.5 50 52.9 56.3 61 64.2 68.2 70.8 69.6 67 57.8 46 37.3 31.5 25.7 18.8 15.9 13.6 13.4 15.5 13.4 16.8 11.4 11.7 12.2 14.4 20 21.9 24.4 22.4 22.4 22 20.7 20.9 20.6 20.8 20.7 19.8 19.2 19.3 18.8 18.3 18.3 16.9 16.9 5.9 4.4 3.9 3.8 3.6 3.4 3.2 3.1 3.1 3.1
54.4 57.8 64.3 71.7 78.8 81.6 83.6 83.7 82.5 81.1 76.9 73.6 70.8 68.2 65.8 64.2 62.1 61.7 59.9 58.4 57 54.3 51.5 51.2 52.1 51.5 49.1 46.3 47 49.3 51.5 54.2 56.5 59.3 61.6 63.4 65.7 66.1 63.8 59.6 47.4 35.1 27.5 19.5 17.1 15.1 15.1 14.7 14.5 13.8 14.2 14.8 16.6 20 19.7 23.8 30.3 31.2 29.5 27.8 25.3 24.7 22.9 22.4 21.7 21.2 21.2 20.8 19.9 19.4 18.5 18.7 18.7 18.2 19.5 18.8 17.3 16.8 16.9 13.8 5 3.9 3.8 3.8 3.8
46.2 49.8 54.3 60.2 69 77.9 82.1 83.9 83.5 81.3 78.3 75.4 72.6 69.5 67.6 66.8 65.9 66.2 65.4 64.4 63 61.2 60 59.6 59.6 58.7 56 53.7 52.6 53.4 55.4 58.1 58.9 60.8 61.3 62.4 60.4 58.2 51.8 43.3 31.2 23.3 18 15.1 15.4 15.1 14.9 14.6 14.4 14.4 14.2 16.9 20.6 22.2 25.9 30.2 37.8 38.6 37.5 33.8 29.7 26.4 23.9 23 22.4 21.9 22 21.7 20.3 20.6 20 19.8 19.8 19.3 19.8 20.4 21.1 22.1 22 21.2 20.1 17.8 14.5 6.7 7
41.6 45.1 49.3 55.9 62.4 71.1 79 83.4 83.9 81.1 78.5 75.6 72.4 69.5 66.9 66.6 65 65.6 67.1 67.5 67.7 67.1 66.2 65.5 65.2 64.8 62.8 61.3 58.4 57.3 58.6 61.4 61.9 61.1 60 54 49.6 41.6 32.8 23 19 15.6 16.6 15.9 15.4 14.9 14.8 14.6 14.8 16.7 23.7 27.6 31.1 31.4 35.5 42 44.9 44.8 40.3 36 30.7 28 25.3 24.2 23.6 23 23.1 22.4 22.4 22 21.9 22.4 21.9 22.1 23.3 25 25.4 26.1 26.4 25.1 23.8 21.2 19.1 19 18.3
40.9 44.8 48.8 54.7 61.2 69.6 77.1 82.7 83.2 79.9 77 74.3 70.4 65.9 62.4 60 58.2 58.2 58.7 57.9 59.7 64 65.6 68.6 68.9 68.9 67.5 66.1 63.5 62.1 61.7 61.7 52.7 47 42.1 37.1 29.6 23.4 19.6 16.6 17.2 17.5 16.3 15.1 15.4 15.2 15.2 15.7 17.8 35 40 41.6 45.9 48 50.8 52.9 47 44.7 40.7 35.7 30.9 28.3 27.5 26 24.4 24.2 23.9 24.1 23.5 24.7 25.8 26.4 27.3 29.4 32.4 33.8 32.9 32.4 32.8 31.2 28.5 25.4 21.6 17.5 16.7
42.7 46 49.5 54.5 59.8 67.4 74.8 79.2 80.6 78.7 75.3 72.7 68.6 64.4 60 55.8 53.2 51.4 49.1 50 52.6 56.3 58.7 60.3 65.7 68.5 68.4 67.3 65.9 63.5 61.4 55.7 45.1 36.5 29.4 22.3 20.6 17.5 18 18.2 17.3 16.8 16.4 14.4 15.6 15.6 22.1 28.3 37.9 44.5 49.2 52.5 54.9 56.4 57.2 51.4 44.9 41 37.8 35.1 31.3 29 27.5 26.1 25.8 25.6 26.1 26.2 27.5 28.5 29.1 29.2 32 36.7 43.1 42.5 40.5 39.3 38.4 36.4 33.6 30 24.8 22 18.8
44.8 47.1 50.3 54.2 58.8 62.6 71.2 75.2 77 76.3 74.2 71.3 67 62.8 57.6 54.5 53.2 50.4 49.3 47.3 43.2 45.5 48.9 50.9 55.8 63.7 67 67.1 65.9 62.8 56 44.3 30.3 25.2 21.4 18.3 18.3 18.5 18.1 17.7 17.5 17.2 17.7 17.2 15 27.7 36 48.1 49.9 53.3 55 57.3 58.2 56 52.9 47.5 42.5 38.6 36.6 33.5 30.6 29.5 28.1 27 26.5 26.5 27.5 28 28.3 29.4 29.1 31.2 33.6 38.7 44.5 46.1 44.1 41.7 40.6 39 35.5 32.2 28.1 25.8 22.7
41.6 48.2 52.2 55.6 59.5 63.3 68.6 71.8 74.1 74.3 73.1 69.7 65.2 61.2 60.1 59.9 57 55 54.4 51.2 46.7 43.3 39.6 38.7 44.5 52.5 57.5 60 59.7 55.3 42.5 27.1 20.4 19.6 18.5 18.6 18.2 17.6 17.7 17.2 17.1 17.7 18.8 25.9 40.1 47.5 49.8 52.7 56.3 58.2 59.1 57.8 56 52 47.6 43.1 39.7 37.2 34.8 32.4 30.9 28.8 27.7 27.6 26.5 26.9 28.1 28.4 28.4 29 29 30.1 30.7 35.7 39.6 43.2 45.2 43 41.7 40.3 37.5 34.5 30.9 28.9 26.2
34.7 41.2 50.2 56.2 60.6 64.2 68.2 70.7 72.4 72.9 71.9 69.4 66 64.5 62.9 63.3 62.6 61.6 60.6 56.8 54 49.8 44.9 39.3 35.2 37.5 44.1 47.8 47.3 44.6 34.5 23.1 20.2 19.9 19.1 18.9 18.7 18.3 18.1 19.1 19.9 24 33.4 43.3 53.2 56.2 57 56.8 58 59.3 58.1 56.1 51.2 46.2 42.5 39.7 37.3 35 33.1 31.2 29.4 28.7 27.8 27.1 26.8 26.7 26.9 25.5 26.5 26.1 27 27.3 28.7 31.5 35.2 36.1 36.2 35.4 35.6 36.3 36 33.8 31.8 29 26.1
30.5 35 41.2 49.3 59.2 64.8 69.1 72 73.1 73.4 72 71.1 68.8 66.5 65.6 68 69.1 67.8 66.6 64.5 61.1 56.1 50.5 43.5 38.9 34 32.5 37.5 38.7 34.3 23.8 19.9 19.9 20.4 19.3 20.4 23.6 25.4 24.7 24.8 27.7 37.7 46.5 52.5 55.1 56.9 58 56 54.4 54.6 55.1 51.1 46.1 42.2 39.8 37.7 36.1 34.9 33.2 32 30.8 29.7 28.2 27.3 26.8 26.1 25.4 25.2 24.1 23.9 24 25.2 25.3 27.4 29.1 30.2 29.9 29.2 28.2 27.4 26.4 25 25 23 20.9
27.9 31 34.9 40.6 48 57.2 66.1 72.1 73.6 74.5 73.7 72.5 70.4 69.1 68.9 70.8 72.5 71.9 71.2 69.2 64.4 58.3 53.1 50.2 45.9 39.9 32.7 27.7 26.3 24.4 20.8 20.6 20.1 24.3 28.9 27.9 27 29.8 30.9 31.8 37.5 47.9 53.2 55.9 56.7 57.1 56.9 54.8 53.2 51.7 50.5 46.8 44.5 43.6 42.9 41.6 40.1 38.4 35.8 33.8 32.4 31.2 29.7 29.1 27.7 26.8 25.9 24.9 24.1 23.3 22.8 23.2 23.6 24.6 24.7 26 25.4 25.1 24.6 23.4 22.8 21.1 20.6 20.6 18.7
30.7 32.8 34.1 37.2 41.8 48 56.3 65.7 73.6 75.9 74.4 74.7 73.7 73 73 73.6 74.6 74.5 72.6 70.3 66 63 60.9 58 53.3 47.7 40.2 33.6 26.5 21.9 20.9 20.6 21.2 29.4 30.8 29.4 29.1 31.5 33.4 39.8 47.9 55.7 57.4 58.1 57.8 57 55.8 53.6 52.3 49.7 48.3 46.2 47.1 47.9 48 46.8 45.2 43.2 40.7 38.3 35.3 33.6 32.3 31 30.2 28.7 27.4 26.1 24.9 24.1 22.4 22 22.1 22.3 22.6 22.8 23.1 22.1 20.9 20.9 20.3 19 17.9 18.2 17.3
33.1 36.1 37.5 37.3 40.4 44.5 49.4 57.5 69.8 75.3 75.3 76.1 76.3 76.5 76.4 76.4 76.3 75.2 72.7 70.3 67.8 67.2 66.7 63.6 57 49.1 43.7 36.3 25.3 22.4 20.2 20.5 22.6 29.4 31.4 31.3 31.1 32.9 37 44.2 56.6 60.3 60.8 60.7 59.2 56.7 54.6 53.2 50.9 50 49 48.2 48 49 50.3 51 51 48.9 46.4 42.5 38.7 35.9 35.1 35.2 34.2 32.4 30.7 28.4 27.4 24.9 23.4 22.1 21.8 21.2 21.4 21.3 21.2 20.5 20 19.3 18.9 17.3 16.7 16.9 16
34.8 38.8 40.8 40.8 42.4 46 48.9 52.9 63.2 72.6 76.1 78.6 79.1 79 78.8 78.1 77.3 75.3 72.7 70.7 68.5 68.8 67.3 64.2 56.3 48.6 42.3 32.4 23.8 21.9 21.4 22 29.2 31.9 30.3 33.8 34.3 34.2 38.3 44.8 56.9 63.1 62.5 61.9 59.2 55.9 53.9 52.4 52.2 51.5 50.7 49.9 49.4 49.5 50.9 53.7 55.1 55.5 50.3 45.4 41 39.9 39.7 39.7 39.5 36.6 34.7 32.3 29.3 26.4 24.3 22.7 21.7 21.2 20.5 20.3 20.2 19.6 19.1 18.4 18.5 16.3 16.7 16.6 17.8
35.8 40.4 44.2 44.6 45.4 49.2 52.5 54.5 60.1 68.2 73.2 71.9 79.6 79.3 79.3 78.1 77.4 74.4 71.5 69.5 68.3 67.5 64.7 58.9 52.9 45.2 37.1 25.6 23.1 21.4 21.5 22.3 33.8 35.3 35.6 35.7 36.9 37 37.8 42.7 48.6 52.6 55 55.6 56.7 55.6 54.6 54.5 54 52.8 52.2 51.7 50.6 50.8 51.8 53.5 56 57 54.5 49 46.6 45.8 46.2 47 44.4 42.5 39.3 36.4 32.5 28.6 25.3 23.5 22.2 21.3 21.1 20.5 19.8 19.7 19.5 18.9 18.4 16.7 17.5 17.2 17.7
