Game/Highland_Data/StreamingAssets/GeoData/Data/st/ST13.asc
ncols 200
nrows 200
xllcorner 310000
yllcorner 130000
cellsize 50
[rows 0 to 34 of 200, columns 0 to 77 of 200]
52.8 53.3 54.5 55.9 57.2 58.8 59.9 59.4 61.2 62.9 64.6 66.6 68.6 71.5 74.7 77.6 81.7 84.8 90.6 95.3 97.7 101.6 104.1 106.4 109.3 112.8 117.5 127.5 147.9 174.9 180.6 178.4 172.3 165.9 165.6 173 178.1 182.2 192.4 203.9 215.4 224.3 230.3 239.4 256.1 264.3 268.9 268.1 265.2 256.3 255.2 262.8 279.7 289.9 297.7 299.7 301.9 300.9 297.1 289.8 276.7 259.9 268.9 257 252.8 255.1 261.3 265.2 261.1 258.3 252.8 242.9 229.4 214.7 202.3 195.4 197.9 197.4
51.6 52.7 53.8 55 55.6 56.9 58.4 60.6 63 64.9 66.4 68.3 71 73.9 77.3 80.3 84.3 88.1 94 97.5 100 101.3 102.4 103.7 107.1 111.3 115.7 123.7 137.1 151.6 131.7 146.3 141.6 140.1 144.5 148.4 151.9 159 168.4 178.4 190.1 201 207.1 220.8 234.4 243.4 247.9 248.7 245.9 238.4 250.4 259.7 263.9 280.8 290.1 295.4 298.6 298.2 295.6 285.6 273.3 269 270 264.5 271.4 271 271.6 270.7 267.4 262.7 256.5 244.9 228.4 212 209.8 207.2 199.1 196.6
51 51.2 52.1 53.5 54.8 55.6 60.4 62.7 65.8 68.6 70.5 72.6 74 77.2 80.5 84 88.3 92.6 96.1 98.1 98.7 98.2 98 98.4 101.2 104.5 108.1 113.9 120.8 123.8 126 134.4 148.1 165.6 170.5 171.8 170.8 176.8 177.3 180.3 185.5 186.2 190.9 200.6 212.1 221.4 224.2 225.1 230 239.5 255.2 271.4 276.9 274.4 284.7 292.8 297.8 298.2 296 287.8 281.1 275.9 268.6 277.2 279.7 278.8 276.6 273.7 268.6 262 247.8 235.9 223.5 222.8 222.3 220.2 219.2 220.4
48.7 49.1 50.3 51.3 54.1 57.1 60.1 62.5 64.4 68.3 73.2 76.5 78.1 81.4 84.8 88.7 93 97.4 95.7 96.3 94.1 91.4 93.1 95.2 98.6 101.7 105.7 109.8 116 126.5 139.3 157.6 169.3 188.3 197.9 201 193.7 197.4 201.5 203.3 212.8 215.6 213.8 210.7 211.8 215.8 221.8 232.3 239.8 253.9 270 277.8 283.8 286.4 287.9 291.5 298.2 300.9 298 293 287.3 285.7 273.9 285.2 286.1 285.1 285.1 283.3 277.3 268.4 253.7 244.9 240.7 241.8 239.7 238.2 238.7 239.5
47.8 47.5 49.1 49.8 51.1 53.8 56.2 59.7 62.3 66.8 73.6 80.1 84.2 87.5 91.2 94.4 98.2 100.4 97.2 91.4 88.4 89.5 91.3 94.2 97.2 100.3 103.7 112.5 131.6 146.7 160.6 173 186.6 200.9 212.7 222.5 220.1 220.2 221.3 223.1 232.7 237.5 238.8 239.9 235.7 238.8 242.5 253.9 261.5 270.2 280.5 287.5 292.3 296.4 298.3 299 301.9 303.8 302.6 298.5 298.8 294 282.2 290.9 293 295 294.9 293.4 288.1 279.7 271.6 264.2 259.1 256.4 253.8 252.3 251.5 251.2
44.7 46.8 47.7 48.6 49.8 51.4 53.1 58 60.2 64.7 71 77.4 86.4 93.8 96.7 99.7 103.7 103.9 100.9 91.1 86 87.5 90.1 92.4 95.4 97.3 102.9 110.8 129.7 152.5 168 179.1 195.9 210.6 222.8 232 237.8 241.1 241.3 242.6 248.4 259.1 263.3 263.3 262 264 267.1 274.1 282 286.3 292.5 297.7 303.7 307.6 306.9 307.3 308.5 308.8 307 306.2 304.9 299.9 292.3 293.9 299.8 302.3 301.7 300.1 294.8 288.6 284.1 279 271.9 267.2 264.3 262.3 259 254.4
45 45.5 46.1 47.1 48.8 49.5 51.9 54.4 58.7 60.9 65.1 73.9 86.4 96.8 99.6 102.3 104.7 104.8 97.4 86.3 83.7 85.7 87.2 89.9 92.2 96.6 102.2 111.8 126.6 149.9 165.8 177.4 193.8 209.7 221.2 230.6 241.9 249.1 257.4 261.3 266.3 273.5 279.2 282.6 282.1 283.1 284.7 288.6 293.1 297.1 300.8 306.6 310.6 315 316.4 315.8 314.8 314.1 312 311.4 310.6 306.9 303.8 300.2 303.5 307.5 307.4 306.1 302.1 297 292.2 286 279.6 274 269.8 264.2 255.3 245.2
43.4 43.9 45 45.7 47.1 48 49.4 51.6 54.7 59.9 63.4 70.3 84.3 90.9 97.1 99.1 100.3 95.8 86.4 81.8 81.5 83.4 85.9 87.8 91.7 97.4 102.6 111 121.9 142.2 154.4 173.3 189.6 202.4 215.3 227.8 240.2 250.3 257.2 264.2 270.7 281.2 286.8 288.2 288 289.8 292.5 295.6 299.9 303.8 306.2 310.9 315.5 320 322.4 322.8 321.9 319.6 317 316.4 315.7 312.9 310.2 307 307.1 310.9 311.3 309.4 305.3 301 294.9 286.8 279.7 271.7 261.7 253.1 242.3 225.6
42.4 43 43.4 46.3 45.4 46 47.8 50.6 52.9 57.1 62.2 66.8 77.4 86.1 89.2 89.6 88.6 84.9 79.8 77.4 80.2 81.8 83.5 85.8 89.6 95.7 102.2 109.1 117.8 129.3 148.4 162.7 177 191.8 205.7 219.2 232 244.3 250.2 257.4 267 279 282.6 282.6 284 287 292.3 298.6 303.3 305.9 309 314 318.5 322.8 325.7 326.5 325.5 323.1 322.1 321.7 319.8 319.3 317.5 313 311.4 314.3 312.8 309.7 304.6 298.8 290.4 281.4 269.7 258.3 246.6 234.7 223 212.4
41.6 42.2 42.7 43.5 45 46.6 48.5 51.3 54.5 56.6 57.5 64.4 72.1 78.7 82.5 83 80.2 75.7 75.5 76.2 78.5 80 80.3 82.9 87.2 94.1 101 107.3 115 125 136.6 147 164.8 186.7 194.8 204.9 221.8 232.1 238.6 250.2 260.6 270.1 271.1 269.3 269.3 280.4 285.3 288.6 293.5 298 304.6 313.9 319.7 324.2 327.7 328.7 328.1 326.5 325.6 325.6 324.3 324.5 323 319.7 315.3 316.3 314.8 309.7 303 291.5 279.6 264.3 249.7 242.1 229.1 217.1 219.5 219.7
40.3 41.1 41.9 43 45.3 47.1 50.2 54.2 57.7 59.8 60.7 63.3 67.6 71.9 75.8 76.9 75.8 72.7 74 74.1 75.8 76.3 79.7 82.8 87.7 93 98.2 104 111.3 122 132.4 142.6 159.1 173.5 177.5 194.5 205.5 217 232.5 238.4 246.8 248.4 248.9 251.8 264.4 269.5 268 273.2 278.5 285.1 301.1 313.3 320.7 325.3 329.9 330.4 328.5 327.9 327.6 328.1 328.5 328.6 327.8 325.4 319.8 319.4 317 312.6 307.2 299.4 288.5 273.2 253.6 234.5 225.1 234 239.5 240.2
39.7 40.8 41.7 43.1 45.5 47.9 52 57.6 61.4 61.5 63 64.4 64.3 67.3 70.6 71.7 70.5 69.9 71 72.4 73.1 75.5 79.3 82.4 85.9 90.6 95.2 100.1 108.4 118.8 128 134.3 143.7 151.8 165.7 186.4 204.1 218.4 225 218 221.7 222.9 230.9 250.5 256.7 250.4 246.6 251.1 273.7 293.9 304.6 313.9 321.1 327.4 331.4 329.4 326.3 324.9 326 328.6 329.9 331 331.1 328.8 325 322.1 318.5 313.9 308.3 301.4 289.9 273.1 253.3 232.1 238.1 250.6 258.9 261.5
40.1 40.9 41.3 43.5 45.8 49 54.5 60.7 64.3 63.9 63.3 63.5 63.8 65.7 68.2 68.9 67.9 68.2 68.8 70.8 72 74.9 78.5 80.9 83.7 87.1 91.7 95.7 103 111.2 118.7 125 133.5 149.3 168.3 187.5 199.6 206.9 204.1 196.8 197.4 209.7 231.6 240.5 236.1 224.7 242.1 263.1 284 299.6 308.1 316.3 323.4 328.6 330.1 325.8 321.7 319.6 321.4 325 328.6 330.7 332.1 331.1 328.5 322.9 318 313.2 307.6 297.6 280.5 267.1 245.7 234.6 251.6 267 274.5 276.9
40.5 40.3 41.8 44 46.8 49.6 56.1 62.2 66.5 64.6 61.8 61.1 61.9 63.7 67.3 67.2 66.6 66.6 67.4 67.6 70.3 73 75.5 78.2 81.6 85 89 94.3 100.6 107 113.2 119.7 126.9 137.5 160.3 177 188.3 186.1 177.7 175.3 193.4 211.5 215.8 213 209.1 229.7 252.1 277.2 288.9 301.4 307.1 315.4 321.9 325 323.9 319.8 313.8 311.9 315.4 320.9 325.8 329.7 332.2 332.4 329.7 322 315.4 308.3 302.5 285.8 267.9 252.2 241.1 245.3 264.6 278.3 283.7 287.5
39.6 40.3 42.2 45.6 49 52 57 62.4 64.5 62.1 58.5 58.8 59.7 62.4 64.2 64.4 64.1 64 65.4 67.1 68.4 71.1 73.7 76.5 79.6 83 87.3 92 97.6 102.4 108.2 115.1 121.6 128.2 143.3 158.9 168.2 160.1 158.3 174.2 185.2 188.7 190.1 201.4 216.8 238.5 260.5 279 290.5 298.9 304.2 310.8 316.7 318.5 317.9 313.2 302.2 299.5 305.7 316.4 323.2 329.1 332.7 333.9 331.1 324 314 300.3 283.2 270.2 251.6 253.3 259.5 262.9 269.2 283.6 290.9 295.3
41.8 40.4 42.4 47 49 51 50.4 57.7 58.9 57.4 56 57 58.8 61.9 61.9 61.3 61.7 62.1 64.2 65 67.8 69.5 72.6 75.2 78.3 81.8 86 90.3 95.1 99.2 104.4 109.8 116 122.2 128.5 136.2 139.8 142.3 148 158.6 169.6 183.1 201.2 218 232.8 248.9 266.5 278.1 286.8 293.9 300.8 306.5 311.9 314.2 313 306.2 291.8 295 310 318 326.7 331.9 335.3 335.9 333 326.1 317.1 307.4 292.8 267.8 267.8 277 283 283.2 281.5 287.7 294.5 300.6
42.1 40.2 42 44.9 46.8 49 51.4 52 52.6 53.1 53.8 55.2 57.1 58.3 59 59.4 60 61 63.1 65.1 68.2 69.8 72.4 74.9 77.3 80.5 84.3 88 91.6 96.2 101.2 106.1 110.7 116.2 120.7 124.1 129.7 137.5 154.6 172.4 189.2 203 216.8 227.5 241.9 251.6 265.2 274.3 279.6 287.2 294.7 299.8 304.8 307 305.6 297.4 283.7 292.7 308.9 320 328.4 333.3 336.8 338.3 336 330 318.8 308.5 291.7 269.7 284.2 292.3 294.1 294.2 295.1 295.8 300.7 304.1
43.6 40.9 41.1 42.5 44.9 47.4 48.6 50.7 50.6 51.1 52.5 54.1 55 55.9 56.6 57.6 59.4 60.9 62.7 65.2 68.2 70.2 73 75.6 77.8 80.2 82.6 86.7 90.2 94.8 98.8 103.4 107.4 111.2 115.7 120.2 124.8 132.8 146.3 164.7 187.4 203.9 214.6 224.5 236.6 247.7 258.7 265.2 268.6 276.5 287.8 292.2 296.2 298.8 298 288.9 273.2 291.8 306.6 318.8 328.2 333.7 338.2 340.2 338.2 332.4 320 310 299 277.1 292.6 300.9 302.3 303.3 304.2 305.8 307.5 308.4
44 41.6 41.7 42.2 43.4 45.4 47.2 48.5 50.2 51 51.9 52.6 53.5 55 56.8 58.9 61 61.3 63.8 65.5 68.3 70.3 73.6 76.2 78.4 81 84 86.7 89.9 93.6 97.2 101.1 104.3 107.9 112.2 116.4 118.6 126.8 137.2 148.8 169.7 191.4 205.3 216.8 226.4 237.2 247.7 252.1 257.6 266.8 278.4 284.2 286.5 289.2 284.6 271 268.6 289.1 304.9 317.5 327.3 332.2 337.3 339.6 338 332.5 322.1 311.3 303.5 284.9 297.9 307.2 310.8 311.2 311.4 312.8 312.6 312.1
44.3 41.3 42.1 42.4 43.1 43.9 46.1 47.4 49.6 49.3 50.3 51.6 53.4 55.9 58.1 60.8 63.6 64.9 65.8 67.2 68.9 71.8 74 76.7 79 81.5 84.7 87 90 92.9 96.1 99.7 103.7 107.6 111.1 114.5 119.7 123.2 131.8 141.4 154.6 172.6 190.3 205 216 226.4 234 237.3 246.3 257 267.6 273.4 276.2 272.6 264.9 250.5 271.6 289.5 304.4 317.4 325.7 330.7 334.6 337.3 336.2 331 322.6 310.4 298.4 297.5 307.4 312.6 318.4 319.9 320.1 318.2 316.9 314.3
42.4 42.1 42.6 42.8 43 43.1 44.3 45.9 47.2 49.7 50 52.3 54.7 58.3 61.8 64.6 67.6 70.4 69.2 69.2 71 72.9 75.2 76.6 78.7 81 84.6 87.5 90.5 92.9 97.6 101 106.3 111.6 116.3 121.2 125.5 129.5 134.9 140.8 149.8 163.6 177 195.2 206.6 215.1 223.3 223.5 236.3 244.5 253.6 260 259.7 253.2 237.9 250.7 270.1 291.5 305.7 316.2 323 328.9 332.7 335.1 334.7 330.4 322.2 314.5 307.3 311.8 317 321.6 324.7 326.2 325.5 323.3 319.9 313.8
41.9 42.3 43.1 43.2 42.5 43.2 43.9 44.7 46.6 49.2 50.5 54 57.5 63.4 68.5 71.9 73.7 75.5 75.6 74.2 73.6 75.1 77.6 77.5 79.7 81.6 84.1 87.2 91.1 97.1 102.2 107 111.9 116.5 121.8 127.2 131.9 136.6 141.7 146.9 154.1 160.9 169.5 180.4 193.7 203.5 206 216.1 227 232.5 235.8 238.7 234.8 226.9 238.4 261.3 279.5 297.5 307.9 316.4 322.2 326.6 330.7 333.4 333.9 332.1 327.4 322.5 317.1 318.7 323.7 326.2 328.7 329.8 328.2 325 320.4 313.9
42.7 43.4 43.4 43.7 43.7 43.9 44.2 45.1 46.6 50.2 53 57.2 66.3 75.3 80.8 79.4 79.9 82.9 83 82 80.2 79.3 80 82.7 84.7 85 86 88.9 95.8 102.2 108.1 112.7 117 120.9 124.8 129.9 135.6 140.1 146.2 151.5 157.7 162.8 166.6 171.9 177.4 188.5 188.7 205.6 209 208 205.2 207.9 209 226.9 249 269.1 285.4 298 306.7 313.3 317.4 322.7 328.1 332.7 334.6 334.6 332.2 327.7 324.5 324.2 327.6 330 331.6 331.8 329.5 325.6 320.3 313.4
44.1 44.6 44.2 44.4 44.3 44.3 44.5 44.7 45.4 51.3 55.4 61.9 70.3 86.3 91.5 87.9 86.1 90.9 92.7 92.8 89.1 86.6 87.4 85.1 88.9 91.9 94.1 97.9 102.2 106.9 111.9 114.8 118.8 120.4 124.8 128.4 133.8 140 145.2 150.8 156.2 159.9 161.2 162.2 162.9 167.8 182.3 188.7 185 185.7 192.4 210.5 227 242.3 257.8 272.6 284.9 295 300.3 304.2 313.9 321.6 327.7 331.9 334.9 336.3 335.9 331.9 329.5 327.9 329.3 331.1 332.4 331.4 329.3 325.7 320.5 313.1
46.7 46.6 46.5 45.7 45.1 45.3 44.9 45.3 45.4 51.4 56.2 61.7 69.4 84.7 87.6 85.9 87.5 91.9 97.3 102.7 102.1 99.9 94.5 91.9 92.4 95.3 98.9 102.3 105.8 108.8 109.7 114.1 116.5 119.5 122.8 125.4 128.6 133.3 142 147.1 151.7 153.2 152 149.9 155.4 159.2 168.2 167.8 179.7 193.5 210.4 226.8 241.8 251.8 260.4 270.4 278.8 285.5 291.2 301.3 312.7 320.8 327.4 331.9 334.9 335.8 335.4 332.5 329.5 328.4 328.9 329.9 330.5 330.1 328.5 325.7 322.9 319
52 51.8 51.3 50.1 47.9 46.8 46.3 46 46.2 48.2 56 60.1 67 79.2 80.4 80.2 82.3 85.3 90.7 98.9 105 105.7 99.2 95.1 93.3 95.6 98.3 100.7 103.2 104.8 106.4 111.4 114.6 116.8 118.2 119.7 121.4 125.6 134.6 144 147.1 145.9 139.9 143.9 148.6 153.4 158.3 176.6 193.7 206.2 220.9 232 241.9 248.9 255.7 263.3 266.1 277.4 290.7 303.7 312.6 321.4 327.4 332 334.3 333.4 331.6 329.9 327.3 325.4 325.9 325.9 327.2 327.7 326.1 324.8 323.1 321.7
62.9 61.7 57.8 55.2 52.2 49.5 48 47 46.2 47.3 55.5 59.5 64.5 72.6 73.8 75 77.5 80.3 85.5 90.7 96.9 99.6 98.6 94.5 92.3 92.9 94 94.2 95.9 97.8 101.4 107.3 111.7 115.8 116.6 115.5 121.4 128.6 134.6 139.9 138.8 132.4 136 140.4 144.4 150 154.2 166 186.1 203.5 212.5 222.9 234.5 241.9 247.5 246.8 263.7 275.6 288.1 302.3 312.2 320.8 327.5 332.2 330.8 328.9 326.4 324.9 321.8 319.1 320 320.7 320.7 321.3 322 322 321.8 321.5
74.5 72.7 66.6 64.3 60.9 56.8 53.7 48 46.9 48.6 57.7 61.3 64.5 67.7 69.1 69.5 74 76 79.7 84.2 88.1 90.7 92 91.3 90.9 91 90.8 90.9 92.8 94.3 97.8 101.3 104.7 108.2 109.2 115.1 122.9 128.1 132.7 135 130.4 130.1 133.4 137.5 141.3 144.6 151.1 160.3 170.7 189.3 206.9 218.5 223.6 224.2 226.5 249.8 262.1 272.6 285 298.8 309.1 317 325 327 325.9 323.6 320.6 317.9 315 310 311.6 313.6 314.8 316 315.9 316.6 317.6 318.6
83.5 81.2 80.1 76.6 71.3 65.6 58.4 49.9 48.8 54.8 61.6 63.6 62.7 60.9 63.2 64.9 68.7 72.3 76.8 80.9 84.1 85.7 87.1 85.6 90 93.3 92.5 88.8 89.7 91.7 95 97.4 99.8 103.6 107.9 112.1 117.8 121.9 125.6 124.3 123.2 126.2 129 133.1 136.7 142.1 150.3 157.5 164.7 175.2 193.9 206.8 205 211.7 231.7 245.1 257.2 268 280 292.8 302.4 312.7 318.1 320 320.3 318.3 315.4 310.7 307.1 300.8 303.3 305.3 307.1 309.3 309.8 310.4 311.9 313.4
89 91 87.6 82.8 76.7 68.7 59 49.9 49.1 51.5 58.6 57.1 56.9 57.7 61.3 63.2 64.1 69.8 75.3 78.9 79 79.1 79.9 79.3 84.8 90.5 94 86.7 88 90.2 93.3 95.8 99.3 102.8 105.3 108.7 111.1 113.9 115.8 117.3 120.8 123.2 126.5 130.1 134.7 141.1 147.4 151.8 160.8 168.2 177.3 187.1 202 219 230.5 242.6 253.7 262.7 273.7 283.1 295.2 302.5 306.5 311 312.1 312.7 309.2 303.2 300.8 289.9 289.9 297.8 298.4 301.1 303.2 304 306.8 307.3
92 92.9 87.1 83.5 76.7 67.8 57.1 50.2 49.3 49.4 55.5 57.1 62.5 67.9 70.4 71.2 68.6 65.1 67.4 71.4 70.4 72 75.4 77.2 79.3 79.1 85.7 89.8 89.7 90.7 92.6 95.2 98.1 100.8 103.3 106.1 109 111.3 117.6 123.3 128.2 130.3 132.8 135.6 136.6 140.2 146.6 152.5 160.4 166.8 175.2 184.5 200.2 213 226.4 238.6 248.2 256 265.7 273.9 284 292.3 296.9 299.1 303.8 304.3 302.2 296.9 290.9 280.1 277.9 287.8 290 292.6 295.3 299 300.4 299.9
91.8 90 84.7 80.3 75.4 66.9 58.7 51.6 48.4 48.3 51.3 68.5 68.2 69.9 76.8 82.5 82.9 80 76.3 76.2 76.5 78.9 80.8 80.4 80.5 81.3 84 89.8 89.3 90.7 93.2 95.5 97.8 99.7 102.3 104.6 107.8 110 114.6 123.4 130.8 133.9 137.7 142.7 147.8 149.7 148.4 153.4 160.1 166.5 176 186 194.3 202.5 217.5 230.4 241.5 248.6 255 261.7 272.1 279.6 286.3 291.7 295.5 296.6 296 292.3 281.6 267.4 262.6 271.9 282.3 286.1 290.2 293.3 294 294.4
84.8 84.5 84.6 80.1 72.7 65.7 57.8 52 48.8 48.6 49.3 60.3 66.1 69.5 73.6 87 90.2 88.5 85.7 84.5 83.3 84 84.6 85.3 84 82.2 85.3 87.6 88.9 90.9 94.3 95.9 99 100.5 102.9 104.5 106.8 109.5 112.4 116.3 122.6 129.4 136.4 141.6 146 150.8 154.8 159.2 163.5 167.9 173.2 180.8 188.8 195.2 201.9 216.8 230.5 238.9 244.4 250.9 259.2 269.8 278.6 282.2 285 288.7 290.1 286.4 273.7 256.4 257.5 274.8 282.6 286.5 289 286.6 288.2 287.9
77.3 73.2 77.2 77.4 69.7 59.4 52 50.4 49.1 49 49.1 54.9 63.8 68.6 73.4 78.3 88.8 92 91.3 90.2 88.5 88.8 89.7 89.2 89.9 90.7 89.7 90.6 91.4 94.6 99.2 101.5 104.9 107.8 109 110.1 110.4 112.4 115.4 117.2 119.9 122.8 130.7 137 143.3 148.9 154.1 159.3 162.7 164.9 168.8 175.3 182.5 189.2 194.4 198.4 209.8 224.4 234.6 243.8 250.4 258.8 265.8 270.5 274.7 280.6 283.9 283 270.6 250.3 251.5 270.5 279.3 282.9 281.3 278.1 279.3 275.8
82.4 72.7 65.7 64.9 61.1 53.5 56.8 50.4 49.5 49.3 49.7 50.2 62.2 69.2 73 76.7 82.4 91.5 96.1 96.7 94.7 94.1 94.3 94.1 94.4 95.7 97.4 97.8 100.6 101.6 104.3 107.7 110.1 113.1 115.8 118.7 119.9 122.5 122 122 125.3 125.2 127.1 134.5 141.1 147 152.4 156.9 158.7 161.2 164.1 169.2 174 177.6 182.1 187.5 196.8 210.6 222.4 227.9 237.2 245.6 252 256.3 266.9 273.8 277 275.3 261.3 241.5 239.1 260.1 270.2 272.4 270.2 267.3 264.7 276.2
