Game/Highland_Data/StreamingAssets/GeoData/Data/st/ST14.asc
ncols 200
nrows 200
xllcorner 310000
yllcorner 140000
cellsize 50
[rows 76 to 113 of 200, columns 86 to 171 of 200]
-3.5 -3.5 -3.5 -3.5 -3.5 -3.5 -3.5 -3.5 -3.5 -3.5 -3.5 -3.5 -3.5 -3.5 -3.5 -3.5 -3.5 -3.5 -3.5 -3.5 -3.5 -3.5 -3.5 -3.5 -3.5 -3.5 -3.5 -3.5 -3.5 -3.5 -3.5 -3.5 -3.5 -3.5 -3.5 -3.5 -3.5 -3.5 -3.5 -3.5 -3.5 -3.5 -3.5 -3.5 -3.5 -3.5 -3.5 -3.5 -3.5 -3.5 -3.5 -3.5 -3.5 -3.5 -3.5 -3.5 -3.5 -3.5 -3.5 -3.5 -3.5 -3.5 -3.5 -3.5 -3.5 -3.5 -3.5 -3.5 -3.5 -3.5 -3.5 -3.5 -3.5 -3.5 -3.5 -3.5 -3.5 -3.5 -3.5 -3.5 -3.5 -3.5 -3.5 -3.5 -3.5 -3.5
-3.5 -3.5 -3.5 -3.5 -3.5 -3.5 -3.5 -3.5 -3.5 -3.5 -3.5 -3.5 -3.5 -3.5 -3.5 -3.5 -3.5 -3.5 -3.5 -3.5 -3.5 -3.5 -3.5 -3.5 -3.5 -3.5 -3.5 -3.5 -3.5 -3.5 -3.5 -3.5 -3.5 -3.5 -3.5 -3.5 -3.5 -3.5 -3.5 -3.5 -3.5 -3.5 -3.5 -3.5 -3.5 -3.5 -3.5 -3.5 -3.5 -3.5 -3.5 -3.5 -3.5 -3.5 -3.5 -3.5 -3.5 -3.5 -3.5 -3.5 -3.5 -3.5 -3.5 -3.5 -3.5 -3.5 -3.5 -3.5 -3.5 -3.5 -3.5 -3.5 -3.5 -3.5 -3.5 -3.5 -3.5 -3.5 -3.5 -3.5 -3.5 -3.5 -3.5 -3.5 -3.5 -3.5
-3.5 -3.5 -3.5 -3.5 -3.5 -3.5 -3.5 -3.5 -3.5 -3.5 -3.5 -3.5 -3.5 -3.5 -3.5 -3.5 -3.5 -3.5 -3.5 -3.5 -3.5 -3.5 -3.5 -3.5 -3.5 -3.5 -3.5 -3.5 -3.5 -3.5 -3.5 -3.5 -3.5 -3.5 -3.5 -3.5 -3.5 -3.5 -3.5 -3.5 -3.5 -3.5 -3.5 -3.5 -3.5 -3.5 -3.5 -3.5 -3.5 -3.5 -3.5 -3.5 -3.5 -3.5 -3.5 -3.5 -3.5 -3.5 -3.5 -3.5 -3.5 -3.5 -3.5 -3.5 -3.5 -3.5 -3.5 -3.5 -3.5 -3.5 -3.5 -3.5 -3.5 -3.5 -3.5 -3.5 -3.5 -3.5 -3.5 -3.5 -3.5 -3.5 -3.5 -3.5 -3.5 -3.5
-3.5 -3.5 -3.5 -3.5 -3.5 -3.5 -3.5 -3.5 -3.5 -3.5 -3.5 -3.5 -3.5 -3.5 -3.5 -3.5 -3.5 -3.5 -3.5 -3.5 -3.5 -3.5 -3.5 -3.5 -3.5 -3.5 -3.5 -3.5 -3.5 -3.5 -3.5 -3.5 -3.5 -3.5 -3.5 -3.5 -3.5 -3.5 -3.5 -3.5 -3.5 -3.5 -3.5 -3.5 -3.5 -3.5 -3.5 -3.5 -3.5 -3.5 -3.5 -3.5 -3.5 -3.5 -3.5 -3.5 -3.5 -3.5 -3.5 -3.5 -3.5 -3.5 -3.5 -3.5 -3.5 -3.5 -3.5 -3.5 -3.5 -3.5 -3.5 -3.5 -3.5 -3.5 -3.5 -3.5 -3.5 -3.5 -3.5 -3.5 -3.5 -3.5 -3.5 -3.5 -3.5 -3.5
-3.5 -3.5 -3.5 -3.5 -3.5 -3.5 -3.5 -3.5 -3.5 -3.5 -3.5 -3.5 -3.5 -3.5 -3.5 -3.5 -3.5 -3.5 -3.5 -3.5 -3.5 -3.5 -3.5 -3.5 -3.5 -3.5 -3.5 -3.5 -3.5 -3.5 -3.5 -3.5 -3.5 -3.5 -3.5 -3.5 -3.5 -3.5 -3.5 -3.5 -3.5 -3.5 -3.5 -3.5 -3.5 -3.5 -3.5 -3.5 -3.5 -3.5 -3.5 -3.5 -3.5 -3.5 -3.5 -3.5 -3.5 -3.5 -3.5 -3.5 -3.5 -3.5 -3.5 -3.5 -3.5 -3.5 -3.5 -3.5 -3.5 -3.5 -3.5 -3.5 -3.5 -3.5 -3.5 -3.5 -3.5 -3.5 -3.5 -3.5 -3.5 -3.5 -3.5 -3.5 -3.5 -3.5
-3.5 -3.5 -3.5 -3.5 -3.5 -3.5 -3.5 -3.5 -3.5 -3.5 -3.5 -3.5 -3.5 -3.5 -3.5 -3.5 -3.5 -3.5 -3.5 -3.5 -3.5 -3.5 -3.5 -3.5 -3.5 -3.5 -3.5 -3.5 -3.5 -3.5 -3.5 -3.5 -3.5 -3.5 -3.5 -3.5 -3.5 -3.5 -3.5 -3.5 -3.5 -3.5 -3.5 -3.5 -3.5 -3.5 -3.5 -3.5 -3.5 -3.5 -3.5 -3.5 -3.5 -3.5 -3.5 -3.5 -3.5 -3.5 -3.5 -3.5 -3.5 -3.5 -3.5 -3.5 -3.5 -3.5 -3.5 -3.5 -3.5 -3.5 -3.5 -3.5 -3.5 -3.5 -3.5 -3.5 -3.5 -3.5 -3.5 -3.5 -3.5 -3.5 -3.5 -3.5 -3.5 -3.5
-3.5 -3.5 -3.5 -3.5 -3.5 -3.5 -3.5 -3.5 -3.5 -3.5 -3.5 -3.5 -3.5 -3.5 -3.5 -3.5 -3.5 -3.5 -3.5 -3.5 -3.5 -3.5 -3.5 -3.5 -3.5 -3.5 -3.5 -3.5 -3.5 -3.5 -3.5 -3.5 -3.5 -3.5 -3.5 -3.5 -3.5 -3.5 -3.5 -3.5 -3.5 -3.5 -3.5 -3.5 -3.5 -3.5 -3.5 -3.5 -3.5 -3.5 -3.5 -3.5 -3.5 -3.5 -3.5 -3.5 -3.5 -3.5 -3.5 -3.5 -3.5 -3.5 -3.5 -3.5 -3.5 -3.5 -3.5 -3.5 -3.5 -3.5 -3.5 -3.5 -3.5 -3.5 -3.5 -3.5 -3.5 -3.5 -3.5 -3.5 -3.5 -3.5 -3.5 -3.2 -2.9 -2.6
-3.5 -3.5 -3.5 -3.5 -3.5 -3.5 -3.5 -3.5 -3.5 -3.5 -3.5 -3.5 -3.5 -3.5 -3.5 -3.5 -3.5 -3.5 -3.5 -3.5 -3.5 -3.5 -3.5 -3.5 -3.5 -3.5 -3.5 -3.5 -3.5 -3.5 -3.5 -3.5 -3.5 -3.5 -3.5 -3.5 -3.5 -3.5 -3.5 -3.5 -3.5 -3.5 -3.5 -3.5 -3.5 -3.5 -3.5 -3.5 -3.5 -3.5 -3.5 -3.5 -3.5 -3.5 -3.5 -3.5 -3.5 -3.5 -3.5 -3.5 -3.5 -3.5 -3.5 -3.5 -3.5 -3.5 -3.5 -3.5 -3.5 -3.5 -3.5 -3.5 -3.5 -3.5 -3.5 -3.5 -3.5 -3.5 -3.5 -3.5 -3.5 -3.5 -2.6 -2.4 -2.1 -1.8
-3.5 -3.5 -3.5 -3.5 -3.5 -3.5 -3.5 -3.5 -3.5 -3.5 -3.5 -3.5 -3.5 -3.5 -3.5 -3.5 -3.5 -3.5 -3.5 -3.5 -3.5 -3.5 -3.5 -3.5 -3.5 -3.5 -3.5 -3.5 -3.5 -3.5 -3.5 -3.5 -3.5 -3.5 -3.5 -3.5 -3.5 -3.5 -3.5 -3.5 -3.5 -3.5 -3.5 -3.5 -3.5 -3.5 -3.5 -3.5 -3.5 -3.5 -3.5 -3.5 -3.5 -3.5 -3.5 -3.5 -3.5 -3.5 -3.5 -3.5 -3.5 -3.5 -3.5 -3.5 -3.5 -3.5 -3.5 -3.5 -3.5 -3.5 -3.5 -3.5 -3.5 -3.5 -3.5 -3.5 -3.5 -3.1 -2.7 -2.6 -2.3 -2.1 -1.8 -1.6 -1.3 -1.1
-3.5 -3.5 -3.5 -3.5 -3.5 -3.5 -3.5 -3.5 -3.5 -3.5 -3.5 -3.5 -3.5 -3.5 -3.5 -3.5 -3.5 -3.5 -3.5 -3.5 -3.5 -3.5 -3.5 -3.5 -3.5 -3.5 -3.5 -3.5 -3.5 -3.5 -3.5 -3.5 -3.5 -3.5 -3.5 -3.5 -3.5 -3.5 -3.5 -3.5 -3.5 -3.5 -3.5 -3.5 -3.5 -2.7 -2.7 -3.5 -3.5 -3.5 -3.5 -3.5 -3.5 -3.5 -3.5 -3.5 -3.5 -3.5 -3.5 -3.5 -3.5 -3.5 -3.5 -3.5 -3.5 -3.5 -3.5 -3.5 -3.5 -3.5 -3.5 -3.5 -3.5 -3.5 -3.5 -3.5 -2.6 -2.2 -1.7 -1.6 -1.4 -1.2 -0.9 -0.8 -0.5 -0.2
-3.5 -3.5 -3.5 -3.5 -3.5 -3.5 -3.5 -3.5 -3.5 -3.5 -3.5 -3.5 -3.5 -3.5 -3.5 -3.5 -3.5 -3.5 -3.5 -3.5 -3.5 -3.5 -3.5 -3.5 -3.5 -3.5 -3.5 -3.5 -3.5 -3.5 -3.5 -3.5 -3.5 -3.5 -3.5 -3.5 -3.5 -3.5 -3.5 -3.5 -3.5 -2.6 -2.3 -2.1 -1.7 -1.3 -1.3 -1.4 -1.5 -1.8 -2 -2.4 -3.5 -3.5 -3.5 -3.5 -3.5 -3.5 -3.5 -3.5 -3.5 -3.5 -3.5 -3.5 -3.5 -3.5 -3.5 -3.5 -3.5 -3.5 -3.5 -3.5 -3.5 -2.6 -2.4 -2.2 -1.8 -1.2 -0.8 -0.6 -0.5 -0.4 0 0.1 0.3 0.6
-3.5 -3.5 -3.5 -3.5 -3.5 -3.5 -3.5 -3.5 -3.5 -3.5 -3.5 -3.5 -3.5 -3.5 -3.5 -3.5 -3.5 -3.5 -3.5 -3.5 -3.5 -3.5 -3.5 -3.5 -3.5 -3.5 -3.5 -3.5 -3.5 -3.5 -3.5 -3.5 -3.5 -3.5 -3.5 -3.5 -3.5 -3.5 -3.5 -2.5 -1.7 -1.1 -0.8 -0.6 -0.3 0.1 0.1 0 0 -0.2 -0.2 -0.4 -0.7 -1.9 -3.5 -3.5 -3.5 -3.5 -3.5 -3.5 -3.5 -3.5 -3.5 -3.5 -3.5 -3.5 -3.5 -3.5 -3.5 -3.5 -2.8 -2.4 -2 -1.5 -1.3 -1.1 -0.8 -0.3 0.2 0.3 0.4 0.6 0.8 1 1.1 1.4
-3.5 -3.5 -3.5 -3.5 -3.5 -3.5 -3.5 -3.5 -3.5 -3.5 -3.5 -3.5 -3.5 -3.5 -3.5 -3.5 -3.5 -3.5 -3.5 -3.5 -3.5 -3.5 -3.5 -3.5 -3.5 -3.5 -3.5 -3.5 -3.5 -3.5 -3.5 -3.5 -3.5 -3.5 -3.5 -3.5 -3.5 -2.4 -1.9 -1 -0.3 0.2 0.6 0.9 1.1 1.5 1.5 1.4 1.5 1.4 1.6 1.7 1.3 0.1 -1.1 -3.5 -3.5 -3.5 -3.5 -3.5 -3.5 -3.5 -3.5 -3.5 -3.5 -2.8 -2.7 -2.5 -2.3 -2.1 -1.8 -1.4 -1 -0.5 -0.3 -0.1 0.3 0.7 1.2 1.3 1.4 1.5 1.7 1.9 1.9 2.2
-3.5 -3.5 -3.5 -3.5 -3.5 -3.5 -3.5 -3.5 -3.5 -3.5 -3.5 -3.5 -3.5 -3.5 -3.5 -3.5 -3.5 -3.5 -3.5 -3.5 -3.5 -3.5 -3.5 -3.5 -3.5 -3.5 -3.5 -3.5 -3.5 -3.5 -3.5 -3.5 -3.5 -3.5 -1.9 -1.3 -0.9 -0.6 -0.4 0.3 1.1 1.7 2.1 2.3 2.6 2.9 2.9 2.8 2.9 3.1 3.5 3.7 3.4 2.6 1.9 1.2 -0.1 -1.4 -3.5 -3.5 -3.5 -3.5 -2.3 -2.1 -2 -1.9 -1.8 -1.6 -1.3 -1.1 -0.8 -0.5 -0.1 0.4 0.8 1 1.4 1.7 2.1 2.3 2.3 2.4 2.6 2.8 2.8 3
-3.5 -3.5 -3.5 -3.5 -3.5 -3.5 -3.5 -3.5 -3.5 -3.5 -3.5 -3.5 -3.5 -3.5 -3.5 -3.5 -3.5 -3.5 -3.5 -3.5 -3.5 -3.5 -3.5 -3.5 -3.5 -3.5 -3.5 -3.5 -3.5 -3.5 -3.5 -2.7 -1.9 -1.3 -0.4 0.4 0.7 1.2 1.3 1.7 2.6 3.2 3.5 3.8 4 4.5 4.5 4.2 5.2 6.5 10.2 7.1 8.5 7.1 6 4 2.5 1.2 0.2 -0.5 -1.1 -0.8 -0.9 -1 -1 -0.9 -0.9 -0.6 -0.4 -0.1 0.2 0.5 0.9 1.4 1.8 2.1 2.5 2.8 3.1 3.3 3.2 3.4 3.5 3.7 3.7 3.8
-3.5 -3.5 -3.5 -3.5 -3.5 -3.5 -3.5 -3.5 -3.5 -3.5 -3.5 -3.5 -3.5 -3.5 -3.5 -3.5 -3.5 -3.5 -3.5 -3.5 -3.5 -3.5 -3.5 -3.5 -3.5 -3.5 -3.5 -3.5 -3.5 -3.5 -3.5 -1.4 -0.5 0.2 1 2.1 2.4 3 3.1 3.2 3.9 7.6 29.1 27.5 25.5 23.5 22.9 20.9 18.2 14.3 10.9 8.2 6.2 5.9 5.9 8 6.4 3.7 2.5 1.6 0.8 0.7 0.3 0 0 0 0.1 0.2 0.6 0.9 1.2 1.5 1.9 2.3 2.8 3.2 3.5 3.9 4.3 4.9 4.2 4.2 4.7 11.1 10.7 13.7
-3.5 -3.5 -3.5 -3.5 -3.5 -3.5 -3.5 -3.5 -3.5 -3.5 -3.5 -3.5 -3.5 -3.5 -3.5 -3.5 -3.5 -3.5 -3.5 -3.5 -3.5 -3.5 -3.5 -3.5 -3.5 -3.5 -3.5 -3.5 -3.5 -1.9 -1 -0.2 0.8 1.7 2.5 3.5 12.1 6.8 13 26 28.2 29.7 30 28.9 27.3 26.3 24.3 22.7 18.2 14.1 11.3 9.5 6.5 6.1 6.2 7.2 5.7 -3.5 6.5 3.8 2.7 2 1.4 1 1 1 1 1.1 1.4 1.9 2.1 2.4 2.8 3.3 3.7 4.3 6.8 19.6 20.7 20.3 21.1 23.5 23.8 24.9 25.8 27
-3.5 -3.5 -3.5 -3.5 -3.5 -3.5 -3.5 -3.5 -3.5 -3.5 -3.5 -3.5 -3.5 -3.5 -3.5 -3.5 -3.5 -3.5 -3.5 -3.5 -3.5 -3.5 -3.5 -3.5 -3.5 -3.5 -3.5 -3.5 -1.6 -0.4 0.5 1.3 2.2 3.1 3.9 27.6 27.3 28.6 28.6 28.3 28.7 28.5 28.7 29.1 29.1 28.1 25.5 22.1 19 15.6 12.9 11.3 8.1 6.4 6.1 6.2 13.4 -3.5 -3.5 6.7 5 3.2 2.6 2.1 1.9 1.9 2 2 2.3 2.7 3.1 3.4 3.8 4.4 7.2 23.1 24.2 24.6 24.6 24.8 26.4 28 28.8 30.7 31.9 32.5
-3.5 -3.5 -3.5 -3.5 -3.5 -3.5 -3.5 -3.5 -3.5 -3.5 -3.5 -3.5 -3.5 -3.5 -3.5 -3.5 -3.5 -3.5 -3.5 -3.5 -3.5 -3.5 -3.5 -3.5 -3.5 -3.5 -2 -1.2 0 1 2 2.8 3.6 6 25.6 27.8 29.8 30.9 31.3 31.2 30.7 29.7 29.1 29.1 29 28 24.6 20.7 18.6 16.8 15.8 13.2 10.4 6.1 6.2 6.5 10.7 20.2 23 23.2 12.5 5.7 3.7 3.1 2.8 2.9 2.9 3 3.2 3.6 4.1 22.8 5.3 24.1 24.5 25.9 28.1 28.6 29.2 28.4 30.8 32.1 33.1 34.3 35.1 35.5
-3.5 -3.5 -3.5 -3.5 -3.5 -3.5 -3.5 -3.5 -3.5 -3.5 -3.5 -3.5 -3.5 -3.5 -3.5 -3.5 -3.5 -3.5 -3.5 -3.5 -3.5 -3.5 -3.5 -3.5 -2.2 -1.3 -0.6 0.3 1.4 2.6 3.5 3.9 22.3 23.8 24.6 25.5 26.1 28.2 31.1 32 32.3 31.7 30.1 28.6 27.1 25.5 22.4 19.6 17.8 17.4 17.2 12.7 9.1 7.3 5.8 5.7 5.2 7.7 12.6 19.2 23.7 24.9 7.5 4.1 3.8 3.8 3.8 3.9 4 5.6 23.9 25.1 25 25.5 26.6 27.6 30 32 32.8 32.4 33.2 34.4 35.6 37.2 38.3 38.9
-3.5 -3.5 -3.5 -3.5 -3.5 -3.5 -3.5 -3.5 -3.5 -3.5 -3.5 -3.5 -3.5 -3.5 -3.5 -3.5 -3.5 -3.5 -3.5 -3.5 -3.5 -3.5 -3.5 -1.9 -0.9 0 0.9 1.8 2.7 3.9 24.7 24.2 24 23.5 23 22.9 24.2 24.4 27.1 29.6 31.6 30.3 28.8 27 25.7 24.1 21.8 19.7 18.8 18.1 17.1 15.9 14.5 10.3 6.9 5.8 5.7 7.1 9.7 10.9 14.4 21.1 25.1 17.6 5.8 4.2 4.2 4.2 7 28.1 27.8 27.5 27.4 27.7 28.5 29.8 31.6 34.1 35.2 35.8 36.3 36.9 37.8 39.8 41.9 42.4
-3.5 -3.5 -3.5 -3.5 -3.5 -3.5 -3.5 -3.5 -3.5 -3.5 -3.5 -3.5 -3.5 -3.5 -3.5 -3.5 -3.5 -3.5 -3.5 -3.5 -3.5 -2.2 -1.6 -0.8 0.1 1.2 2.2 3.1 4.1 30.8 29.2 27.9 26.6 24.9 23.5 21.2 21.4 21.8 23.1 24.3 25.2 25.4 24.4 23.1 22.1 22.4 21.8 20.9 20.9 20.9 19.9 18.4 15.3 12.5 8.5 5.8 5.8 11.7 18.4 16.9 17.2 17.2 19.6 22 23 23.5 23.8 25.1 27.2 28.4 28.9 29.2 29.4 30.1 30.8 32 33.6 35 36.8 37.8 38.6 38.8 39.8 41.6 43.2 43.8
-3.5 -3.5 -3.5 -3.5 -3.5 -3.5 -3.5 -3.5 -3.5 -3.5 -3.5 -3.5 -3.5 -3.5 -3.5 -3.5 -3.5 -3.5 -3.5 -3.5 -1.9 -1 -0.4 0.3 1.3 2.2 3.3 7.6 36.2 34.9 33.2 31.6 29.6 27 24 21.8 19.2 19.1 19.5 19.6 19.8 19.7 19.5 19 19.1 19.3 20 21 21.7 22.1 21.4 19.9 18.1 14.4 9.8 5.8 6 11.4 19.2 23.9 24.8 25.1 23.9 23.7 23.7 23.3 23.7 24.4 25.5 27.2 28.1 29.6 31 32.4 33.3 34.5 35.8 36.4 37.8 39.7 39.6 39.6 40.1 41 42.2 43.1
-3.5 -3.5 -3.5 -3.5 -3.5 -3.5 -3.5 -3.5 -3.5 -3.5 -3.5 -3.5 -3.5 -3.5 -3.5 -3.5 -3.5 -2.8 -2.2 -1.6 -0.8 0 0.8 1.5 2.3 3.3 8.3 39.2 38.1 36.1 34.6 32.7 30.8 29.1 25.9 22.4 20.1 18.2 17.6 17.4 17.3 17 16.6 15.9 16.2 17.1 18.2 19.5 20.7 22 21.8 21.2 18.8 15.2 9 5 6.1 13.8 22.2 24.7 25.3 25.8 25.7 25.6 25.5 25.5 25.2 25.3 26.4 27.1 28.1 30.2 31.9 33 34 36.3 37.8 38.8 40.1 41 40.9 40.5 40.5 41.1 42 43.2
-3.5 -3.5 -3.5 -3.5 -3.5 -3.5 -3.5 -3.5 -3.5 -3.5 -3.5 -3.4 -3.3 -3.2 -3 -2.5 -2.1 -1.6 -1.1 -0.5 0.3 1.1 1.8 2.7 3.4 7.2 40.9 39.2 37.2 36 34.4 31.8 30 28.3 26.8 23.4 19.9 18.2 17.3 16.8 16.3 16.4 16.4 15.8 15.1 15.6 15.4 17.3 17.3 18.6 17.8 18.1 14.4 10.4 5.1 5.5 9.4 16.7 24 26.3 27.1 28.1 28.6 28.7 28.5 28.3 28.4 28.3 28.6 29.4 30.2 32 33.6 34.5 35.7 37.5 39.2 40.6 41 41.2 41.3 41.9 42.5 42.9 43.9 43.9
-3.5 -3.5 -3.5 -3.5 -3.5 -3.5 -3.5 -3.5 -3.5 -3.5 -2.7 -2.4 -2.4 -2.3 -2 -1.5 -1 -0.5 0.1 0.7 1.4 2.2 3 3.7 40.6 39.8 38.9 37 35 33.7 32.4 30.3 28.3 27.8 26.2 23 20.7 18.9 18 17.5 17 16.1 15.8 15.5 15.3 15.3 15 15.4 12.6 12.1 12.1 12.3 7.9 6.4 5.4 6.4 10.7 18.8 24.4 26.8 29 30.2 31.3 32.1 32.6 32.3 32.3 32.3 32.1 33 34.1 34.9 36 36.9 38.2 39.2 40.2 41.2 40.8 41.3 41.9 43.1 43.5 43.4 43.5 42.9
-3.5 -3.5 -3.5 -3.5 -3.5 -3.5 -3.5 -2.8 -2.3 -2 -1.7 -1.4 -1.4 -1.4 -0.9 -0.7 0 0.5 1.2 1.8 2.4 3.3 4.1 35.7 36.9 36.8 35 33.3 31.9 31 29.9 28.1 26.6 26.2 26.8 25.7 22.6 21.2 19.9 19.2 18.1 17.1 16.7 16.6 15.7 16.3 17 16.2 15.2 14.1 11.6 8.3 6.9 6.8 5.7 11.7 16.1 20.5 25.6 28.7 30.4 31.3 32.4 33.3 34.3 35.3 35.6 35.6 35.7 36.4 37 38.5 38.8 39.7 40 39.9 40 40.6 40.3 40.6 41.1 41.1 40.6 41 41.5 41.5
-3.5 -3.5 -3.5 -3.5 -3.5 -3.5 -2.9 -2.1 -1.4 -1 -0.7 -0.5 -0.5 -0.5 -0.1 0.3 0.8 1.5 2.1 3 3.6 6.6 30.3 30.6 30.8 30.5 29.9 28.6 27.4 27.2 26.7 25.9 24.8 26 28.1 27.6 24.3 22 19.1 17 15.9 16.6 17 16.6 16.7 16.2 14.4 15.9 16.2 17.8 17.5 14.3 9.8 6.1 6.3 19.1 23.1 26.5 29.3 29.9 31.7 32.3 32.8 33.7 34.7 36.2 37 37.3 37.3 37.3 38.3 38.9 39.4 39.4 39.2 38.9 39.2 40.2 39.8 39.8 39.7 39.4 39.3 38.7 38.6 39.3
-3.5 -3.5 -3.5 -3.5 -3.5 -3.5 -2.1 -1.4 -0.6 -0.1 0.3 0.5 0.5 0.5 0.7 1.3 1.7 2.3 3 3.9 28.9 28.2 27.5 26.6 25.3 24.3 24.2 23.5 23.4 23.2 23.6 23.2 22.7 25.2 27.4 25.7 21.5 19.6 17.2 14.7 15.2 16.7 18.9 18.6 16.5 14.2 12.6 12.6 12.6 13.6 14 12.6 10.4 6.2 6.1 20.1 25.2 28.1 30 31.1 33.5 34.4 34.5 34.8 35.2 36 34.3 34.6 35.4 36.7 38.4 37.2 37.2 36.8 37.2 37.4 39 38.7 40.8 40.7 40.2 38.7 37.6 37 34.9 34.7
-3.5 -3.5 -3.5 -3.5 -3.5 -2.1 -1.6 -0.7 0.1 0.9 1.2 1.5 1.4 1.4 1.6 2.1 2.6 3.2 3.8 31.1 30.6 28.6 26.3 24.7 23.3 22.2 21.3 21 20.7 20.4 20.7 20.4 20.7 23.2 23.7 21.5 18 16.2 14 12.5 13.6 14.6 14.9 14.5 13.8 12.6 10.7 11 11.6 11.2 10.5 9.3 8 6 5.8 14.2 19.3 22.8 25.2 26.6 29.2 30.8 31.6 31.6 31.5 30.5 29.7 29.6 30.7 32.8 35.3 34.2 34.4 35 36.6 36.8 38 40 41.9 41.1 38.7 36.1 33.3 32.6 31.5 31
-3.5 -3.5 -3.5 -2.1 -1.6 -1.1 -0.6 0 0.8 1.6 2.2 2.5 2.4 2.3 2.5 3 3.5 4.1 18.7 30.9 30 27.8 25.4 23.2 21.5 20.8 20.3 19.8 19.2 18.5 17.8 17.4 17.3 17.9 17.9 16.9 14 12.5 10.9 10.4 10 10.3 10.1 10 9.8 9.2 8.3 9.8 9.7 9.2 8.7 9 6.6 6.3 6.7 10 14.2 17.5 20.3 21.3 23 24.4 25 25.1 25.3 25 24.8 24.7 26.7 28.7 29.8 30.6 34.4 36.1 36.4 36.1 36.9 38.3 39.4 37.6 34.6 32.4 30.9 30.1 29.5 29.3
-1.4 -1.2 -1 -0.5 -0.3 -0.1 0.5 0.9 1.5 2.3 3.1 3.4 3.3 3.2 3.4 3.8 4.2 26 26.4 26.1 25.5 24.5 23.5 21.3 20.6 20.3 20 20.1 19.7 19 18.1 16.8 15.5 14.3 13.7 12.8 11.9 11.6 10.3 9.8 9.5 8.9 8.5 8.1 7.5 7.6 7.7 7.6 6.6 6.6 7.6 7.4 6.8 7.1 6.6 7.2 10.1 12.7 14.3 14.5 16.1 17.1 18 18.9 19.7 18.5 18.4 19.3 21.4 21.5 26.2 31.3 33 33.7 34.8 34.7 36 36.9 36.5 34.8 32.4 30.8 29.5 28.9 28.5 28.2
0 0.4 0.6 1 1.1 1.2 1.6 2 2.3 3 3.8 24.9 4.2 4.9 6.5 23.6 25.6 25.5 24 23.2 22.8 20.9 20.5 20.3 19.9 19.6 20.2 20.9 20.6 19.2 17.9 16.7 15.2 13.6 12.9 12.4 11.7 11.7 11 10 9.2 9.1 8.9 8.5 8.2 8 7.6 7.9 7.9 7.4 6.6 6.8 6 6.5 5.7 6.6 6.9 7.6 8.3 9.2 9.3 9.6 10.9 11.1 11.9 11.7 12.8 14.7 17.5 20.8 25.7 28.6 29.8 30.6 32.1 34.6 36 37 35.2 33.2 31.7 30.1 28.9 28 28 28.6
1.4 1.9 2.3 2.5 2.5 2.5 2.7 3.1 3.5 3.8 25.5 25.1 25.5 24.1 21.4 19.5 20.6 22.4 20.6 20.3 20.1 19.8 19.6 19.4 19.6 20.3 21 21.5 20.9 19.3 17.7 16.5 14.1 13.4 12.6 12.6 12.6 12.2 11.5 10.6 9.5 9.3 9.2 8.6 7.5 7.1 7 6.9 6.3 6.4 6.1 6 6.2 5.7 5.7 5.6 6.9 6.8 7.3 6.9 7.7 7.6 8 8.8 8.8 9.3 10 11.1 13.7 16.6 22.6 24.6 25.2 30.4 33.9 34.1 34.9 34.9 33.8 32.8 31.8 30.5 28.6 27.5 28.5 29.9
2.8 3.4 3.9 4.1 4 3.9 4 6.2 9 22.7 21.9 22 22.9 21.8 18.8 18.4 18.3 18.8 19.2 19.3 19.1 19 19.1 19.7 20.2 20.9 21.5 21.7 21.2 19 17.5 15.8 13.9 13 12.9 13 12.9 12.6 11.6 10.6 10 9 8.5 7.9 7.5 7.5 7 6.6 6.4 6.3 6.3 6.3 6 5.7 5.8 5.7 5.7 5.9 6 5.6 6.3 7 6.4 7 7.9 9 10.3 10.9 13 14.7 18.7 22.7 26.6 29.7 32.4 32.1 32.7 33.1 32.6 32.6 31.3 30.6 27.6 26.6 27.9 28.2
4.2 6.7 9.4 11.7 13.7 14.2 14.6 15.7 17.3 18.4 18.4 18.2 18.8 19 17.3 17.1 17 17.4 17.8 18.2 18.2 18.3 18.9 20.2 20.9 21.6 22 22 21.3 18.9 16.8 15.1 13.7 13.3 12.9 13.2 13.1 12.8 11.4 10.7 9.7 9.1 8.5 8 7.8 7.9 7.2 6.9 7.1 7 7.1 7 6.3 6 5.9 6 6.1 5.8 5.9 6.1 6.7 6.8 7.2 7.4 8.1 10 12.4 14.6 16.8 19.6 23.4 25.6 27.8 29.7 31.3 31 30.6 30.3 29.7 29.2 29.2 28.2 26.1 25.5 25.4 25.3
9.6 7.9 9 9.7 10.5 11.7 12.9 12.9 14.4 15.8 16.1 15.9 15.7 16.6 16.1 16.3 16.5 17 17.5 17.8 18.3 18.9 20.5 21.1 22.4 23.9 23.9 22.9 21.3 18.1 15.9 14.4 13.7 13.3 13 13.1 13.4 12.8 12 11 10.1 9.3 8.8 8.8 8.9 9 9.3 9.1 9 9.2 8.4 8.3 7.5 6.9 6.6 6.9 6.9 6.3 6.9 8.8 9.1 11 11.7 13 14.3 17 20.2 22.2 24.4 24.8 26.8 28.1 28.9 29.3 28.9 28.7 28.2 27.6 27.3 27 26.8 26.2 25.7 25.3 25 24.7
12 8.6 9.5 9.7 10.9 11.2 12.7 14.3 14.6 14.3 14.5 14.9 15.3 15.6 15.8 16.6 16.6 16.9 18.4 19.2 19.8 20.7 22.2 24 26.4 28.4 26.8 23.6 20.6 16.9 15.1 14.5 13.8 13.5 13.3 13.2 13.3 13 12.8 11.7 10.7 10 10 10.8 12 12.6 13.8 13.2 12.2 12 10.6 9.8 9.5 9 8.7 9 9.3 10.9 13.7 16.2 16.8 19.1 21.4 23.6 25.2 27.3 27.4 28.5 30.1 30.3 30.3 29.9 29.3 28.6 27.8 27.3 26.9 26.6 26.1 25.8 25.6 25.4 25.3 25.1 24.9 24.8
