Game/Highland_Data/StreamingAssets/GeoData/Data/st/ST18.asc
ncols 200
nrows 200
xllcorner 310000
yllcorner 180000
cellsize 50
[rows 105 to 139 of 200, columns 79 to 157 of 200]
179.2 185.5 189.2 190.6 190.8 191.6 192.8 193.4 193 195.3 197.3 199.9 203.7 206.9 210.7 213.3 219.1 223.7 227.5 229.8 231 230.1 228.1 223.8 220.1 217.5 218.9 220 221.6 222.1 224 225.2 227.9 228.9 230.1 232.5 235.6 239 239.6 240.9 242.6 243.6 245.6 248.1 249.7 252.6 255.1 258.2 262.6 266.2 270.2 269.4 266.4 262.3 255.2 251.3 249.9 248.6 250.6 250.7 251.7 250.7 248.1 244.6 241.3 238.1 233 228.6 223.4 214.5 204.3 196.5 192.7 179 157.7 140.8 139.5 150.8 161.4
186.4 190.8 194 195.2 196.6 196.6 195.9 195.3 195.3 196.6 198.8 201.6 205.1 210.9 215.8 219.1 222.9 225.7 228.1 229.2 229.8 228.2 226.6 223.5 219.5 217.9 217.6 219 219 219.1 218.7 221.3 223.7 225.2 226.3 228.5 230.4 232.7 234.2 233.8 231.8 224.9 229.8 243.4 245.6 249 252.1 253.1 257.3 262.1 265.5 263.4 259.9 256.2 254 252.1 250.9 246.7 250.1 256.4 259.8 261.3 254.4 247.5 236.4 229.1 222.9 218.7 211.8 205.5 194.2 178.1 178.8 166.6 152.2 136.6 132.7 141.7 148.9
189.1 193.8 196.6 198.9 199.1 198.2 196.7 196.8 197.1 198.7 201.6 204.6 208.4 214 218.2 222.7 227.2 229.6 231.3 232.2 231.1 229 227.8 224.7 220.2 216.5 213.6 214.1 213.8 213.7 213.7 216.9 221.7 223.1 223.4 223.8 225.2 227.1 227.4 226.1 224.4 223.4 225.2 232.2 235.7 239 242.9 246.7 251.7 254.7 258.3 258.3 255.3 253.5 252.3 250.3 250.9 253.6 254.3 255.3 257.9 251.7 240.7 233.6 225.1 218.1 210.6 207.1 202.7 194.6 182.5 164.7 161.9 154 144.2 133 127.1 132.9 136.2
190.5 194.5 197.5 198.8 198.7 196.8 195.4 197.1 199.6 200 204.7 208.4 215.4 220.8 225.6 229.5 232.3 233.4 233.2 232.1 230.3 227.6 224.1 220.3 216.2 210.8 207.2 208.1 209 209.4 212.6 214.3 216 217.5 218 219 219.4 219.7 219.9 219.8 219.7 220.7 223.8 229.7 234.1 238 241.7 245.4 245.6 247.7 251.9 251.9 253.1 252.7 251.8 250.5 249.6 248.8 248.8 246.3 237.5 236 228.5 219.8 213.8 206.3 198.1 191.5 186.5 176.7 163.8 150.3 143.3 141.4 137.9 131.3 127.4 125.9 129.5
190.7 193.9 196.4 198 198 197.1 195.2 196 198.5 202.8 208 213.5 219.9 226 231.3 232.9 233.8 233.6 231.2 228.3 226.1 222.3 216.2 208.5 205.8 200.7 200.6 201.6 203.3 205.3 208.6 207.8 209.5 210.7 212 212.7 212.9 212.1 213.1 212.4 217.1 221.7 226.1 229.2 234.2 238.3 242.2 244.1 247.2 249.6 252.6 254.9 257.3 255.3 253.4 249.6 243 235 229.4 222.9 217 214.8 214.5 205.3 199.8 193.2 184.7 173.5 164.3 153.7 147.1 140.6 137.5 136.7 134.9 131.1 127 125.5 126.2
189.1 192.2 194.9 197 197.4 196.1 194.5 193.9 197 201.2 208 215.1 200.5 200.4 201.3 232.8 231.9 229.7 225.6 221.4 217.1 213.4 205.6 198.9 197.3 195.4 194 195.3 197.2 199 199.7 199.5 200.7 201.8 200.9 199.4 205.6 209.9 211.5 215.8 220.2 224.6 230.1 236.1 240.7 245.7 250.9 253.9 255.4 256.1 255.4 252.6 248.7 247.1 244.5 241.8 231.8 219.9 212.5 205.8 201.9 199.4 195.2 193.4 181.5 175.6 169.2 159.8 153 145.8 141.9 137.9 135.4 128.1 132.5 129.7 126.2 124.5 122.4
187.6 190 192.7 197.4 196.4 194.3 192.8 190.9 193.7 200.2 208.6 204.6 198.2 200.1 198 214.4 226.5 223.3 217 211.2 206.4 200.2 195.6 191.2 190.1 189.1 188.6 189.5 191 190.8 190.6 189.1 184.4 188.2 198 204.2 209 213.3 214.6 221 227.6 234.4 240.7 246 250.9 252.4 251.9 250 245.4 242.7 240.2 237.2 234.4 232.5 229 226.1 219.1 207.3 201.1 195.1 190.6 188 182.4 176.7 171.2 166.8 164.2 156.4 149.2 144.6 140 135.4 132.1 130.2 126.6 120.9 117.7 122 117.1
186.6 189.6 192.8 194.9 194.2 192.9 190.9 187.6 190.6 197.9 207.1 211.5 199 200.8 206.8 224.3 220 214.2 206.8 199.9 194.8 189.7 186.4 183.3 183.1 182.4 182.5 182.7 182 180 177.5 175.8 184.6 196.4 202.9 206.9 211 216.9 222.2 227.1 234.2 241.7 245 246.4 242.2 236.9 231.3 230 228.3 226.9 224.1 220.2 218.3 216.2 212.2 208.4 202.8 193.5 186.1 181.6 178.6 174 167.8 166.1 165.4 163.1 160.6 156.8 148.7 143.8 139.2 136.2 134.9 135.9 132.6 126.9 116.9 114.7 111.5
187.6 191.1 192.6 195.2 193.2 189.7 187 184.5 187.1 195.5 204.3 212.6 202.1 197.7 210.8 218.7 214.6 207.7 199.3 190.7 183.2 179 176.3 174.3 172.8 171.9 169.7 168 166.6 167.8 175.6 182.9 192.5 199.4 206 211.5 217.4 220.9 223.2 226.5 230.6 233.6 231.9 231.1 228.2 221.7 219 217.9 214.8 212.9 208.3 203.8 201.5 199.6 194.8 189.6 183.6 177 172.9 172.1 169 166.7 162.5 160 160.6 159.3 157.6 154.4 151 146.5 141.4 138.3 137.3 134.6 130.8 124.6 116 111.1 109
189.7 191.1 192.7 195.7 192.8 189 184.4 180 183.1 192.9 202.4 210.1 191 192.3 208.3 214.8 210.9 203.9 189.7 175.4 169.7 164.7 160.3 155.3 153.5 152.7 156.2 162.9 168.1 175.3 183.7 191.9 200.2 207.1 212.4 217.9 217.7 213.7 209.9 215.4 219.3 222.8 217.5 213 208.1 204.2 202.2 200.4 198 194.9 190.7 186.1 183.1 180.2 177.3 175 172.3 168.2 164.8 162.7 163 160.5 158.1 155.5 156.6 155.4 154.2 153.3 151.4 148.5 144 138.9 134.6 130.7 127.6 122.4 115.1 108.3 106
190.8 191.3 192.2 193.2 191.7 187.2 182.7 175.4 178.3 189.7 199.3 205.7 175.7 187.2 202.4 210.3 206.3 191.3 174.1 159.7 151 147 144.2 150.4 156.6 160.7 164.7 169.9 176.1 183 192.2 201.9 208.8 213.3 217.1 207.2 197.4 194.2 194.6 198.3 196.7 196.6 192.1 187.9 186.6 186 185.4 183.9 180.5 177.6 175.6 173.8 172.3 171.3 169.6 167.5 165.1 162.4 159.8 158.1 157.1 156 154.3 152.9 152.8 152.2 151.4 150.5 149.6 146.9 142 137.1 131.2 126.3 123.2 118.4 111.5 106.9 104.5
189.2 188.9 188.8 188.9 189.4 185.7 179.2 170.6 173.9 185 193.8 192.2 172.7 192.6 206.9 205.9 188.2 171.2 155.1 146.1 140.6 144.1 150.8 157.2 161.6 166.8 172.1 178.5 185.9 193.9 201.5 207.3 212.5 210.6 197.3 188.7 180.6 178 177 175.1 175.5 175.6 174.6 173 170.5 171.2 174.2 173.4 171.6 170.5 169.6 168.8 167.4 166.7 164.6 161.6 159.3 157.3 155 153.1 152.3 151.3 150.8 148.6 149.6 149.7 148.1 146.8 146.2 144.1 138.5 131.8 126.5 121.6 117.7 114 108 105.2 103.2
187.2 186.5 185.6 185.5 184.7 180.7 172.9 164.6 170.6 180.9 188.8 172.4 176.5 197.1 202.8 190 167.9 149 137.5 136.1 140.4 148.9 155.6 160.7 167.3 173.8 180.8 188.2 195.7 203.3 207 208.3 207 189.4 180.3 174.9 169.1 165.5 161.1 159.4 161.1 161.1 161.9 161.3 161.1 164.8 167 166.7 166 165.4 165.1 164.3 163.2 161.9 159.2 156.9 154.9 152.7 150.8 149.2 148.7 147.7 145.9 145.6 146.1 146.5 146.6 144.9 142.3 140.4 134 127.9 123 118.4 114.6 111.1 106.5 103.7 101
186.1 184.2 183.2 180.8 179.3 173.2 163.9 160.6 167 175.4 173.4 170.9 173.2 194 189.2 169.5 148.6 130.6 133.6 138.7 144.6 153.2 160.7 168.2 176.6 184.5 191.1 197.1 202.7 207.4 207.9 205.1 188 173.9 165.8 160.5 157 153.5 152.2 152.4 153.1 152.7 153.8 154.8 156.3 158.9 162.2 161.6 161.9 161.7 161.1 161.1 160 157.9 155 152.8 150.7 148.8 147 145.3 145.8 144 142.2 141.8 142.6 142.9 143.4 143.4 140.3 136 130.6 125 120 115.7 112.4 109.2 105.3 102.5 99.3
184.9 182.7 178.5 176 171.6 165 154.4 154.1 164.8 175.1 170 170 188.1 188.6 171.7 151.3 126.7 131.6 138.4 143.5 147.8 157.5 166.6 175.2 184.7 192.8 199.7 204.3 207.4 208.7 204.3 189.9 171.3 159.5 151.4 147.1 146.5 145.4 145.2 145.9 146.3 147.3 148.2 149.1 150.5 153.7 155 155.8 156.6 157.4 158 158.2 158 154.2 150.8 148.7 146.6 144.6 142.8 143.1 143.6 141.1 139.8 137.5 138.3 139.1 139.9 141.4 138.1 132.9 127.6 122.3 118.2 113.7 110.5 107.2 104.2 101.5 99.1
182.7 179.7 175.4 171 165.7 158.2 148.5 149 162.1 173.4 183.5 184.5 186.1 175.7 154 132.5 128.8 136.2 141.2 147.3 152.4 161.6 171.3 180.3 189.2 197.3 204.5 209.8 209.6 204.3 191.2 172.8 154.4 148.7 144.3 139.6 139.7 140.8 141.4 141.3 140.7 141.6 142.3 143 145.3 149 152.2 152.2 152.8 153.3 154.9 155.2 154.8 151.5 147.2 144.8 143 139.9 137.4 138.4 139.8 138.7 136.2 134.1 133.4 133.8 135.1 137 135.2 131.3 127.6 122.3 117.1 112.6 109.4 106.2 103.2 100.7 99.5
179 176.7 171.8 167.1 162 155.4 145.3 141.4 158.5 170.3 177.4 180.8 179 160.9 139.1 122.2 130.3 136.3 141.7 148.6 155.8 165.8 176 184.4 193.2 203.6 210 213.2 206.4 193.8 173.8 154.9 146.9 142.5 138.7 133.7 133.2 134.4 136.1 136.2 136.1 136.8 137.1 137.4 142 145.6 146.7 147.8 148.9 149.5 150.1 151.1 150.5 149.5 145.4 142.1 137.9 134 131.1 134.3 136.4 135.2 133.1 131 129.3 129.2 131.5 133.5 132.6 129.7 125.2 121.4 120.5 113.6 108.3 105.2 102.3 100.6 98.3
173.8 171.2 166.7 163.1 159.4 154.5 138.5 137.1 155.6 168.4 174 177.2 168.7 147.9 130.9 119.4 129 136.6 143.1 151.7 160.7 173 183.3 191.4 199.7 208.8 213.6 208.8 203.6 181 159.4 149.6 143 137.3 134.4 129.3 127.6 128.8 130.4 132.6 131.7 131.9 132.3 134.7 138.6 141.5 141.9 143.4 144.9 145.4 145.5 147.3 146.9 147.2 143.4 139.5 135 131.3 127.6 130.8 132.6 131.8 129.4 127.4 125.9 126.9 128.6 129.5 128.4 126.4 123.4 121.4 120.7 119.2 108 104.6 101.6 98.7 96.1
167.2 165.4 161.3 157.7 153.7 143.1 129.5 134.7 153.8 166.6 172.7 175.1 160.5 139.5 126.9 119 129.5 136.3 145.9 156.8 169.7 183.7 192.7 199.7 205.7 211.6 216.2 209.3 191.2 170.4 152.6 145.7 139.4 132 126.8 123.8 122.5 124.6 127 127.7 127 126.7 127.8 131.7 135.3 137.9 138.8 139.2 140 140.7 141.6 143.2 143.6 144.6 141.7 137 132.9 128.3 125.6 127.6 129.9 128.7 126.5 124.2 123.3 126.2 127.6 127.7 126.3 124.9 121.5 121.2 120.9 119.1 114.3 106.8 101.5 98.7 93.3
161.6 159 155.4 150 143 132.5 120.3 134.8 153 166.4 173.7 174.7 157.8 138.3 123.9 117.3 128.6 138.3 148.4 160 177.7 190.7 197.8 205 211 216.1 218.2 210.5 189.5 168.5 149.6 141.9 134.3 126.5 122.1 117.8 119.1 121.4 123.6 123 122.3 121.7 125.6 128.3 131.5 133.3 134.3 135.7 136.9 137.4 138.5 139.9 141.3 143.6 138 134.7 130.6 127.2 123.9 123.9 126.3 124.9 122.7 122.1 122.7 125.4 126.9 127.1 123.6 122.6 120.4 115.1 117.3 114.4 113.5 109.6 103.9 97.7 91
156.4 153.8 149.7 142.1 133.2 120 118.4 138.7 155.3 170.4 176 174.4 156.9 136.4 119.7 115.3 128.1 139.8 151.5 164.5 180.1 189.9 197 206.2 213.1 218.3 216.4 210.4 190.2 168.4 148 136.6 130.4 122.4 119.2 114.1 115.1 118.4 120.1 119 117.9 118.9 123.5 124.6 127 128.4 130.8 132.6 133.8 134.1 135.3 136.7 138.9 137.9 134.3 131 128.8 125.1 122.7 119.8 121.2 122.2 121.6 119.5 120.2 125.1 126.1 123.8 118.9 114.6 109.4 105.1 102.5 101.9 100.1 98.4 98.2 97.6 96.6
150.2 147 142.2 135.4 123.3 107.9 122 139.2 157.3 172.3 178.7 177.2 155.8 135 118.4 115 128.4 140.6 152.8 165.6 177.5 186.1 193.7 204.4 213.7 218.5 217.1 208.7 188 166.3 145.9 136.4 128.2 120.8 117.1 110.4 110.4 115.5 116.6 115.8 115.5 116.2 118.7 121.3 123.7 124.2 126.4 128.6 131.5 130.7 132.1 133.3 133.7 132.5 129.1 128.6 126.9 124.3 121.8 117.1 117.8 118 118.9 115.6 113.2 112.3 111.3 110.5 109.1 109 110.5 111.2 109.5 104.8 101.4 97.5 96.5 94.1 88.7
141.2 138.1 134.7 128.4 114.8 107 124 141.2 158.6 174.4 181.3 177.9 155 131.9 117 113.7 128.7 140.9 153.1 164.9 176.7 184.5 194.2 205.9 213.9 218.6 218.6 207.9 185.1 163.3 145.9 137 128.6 121.5 115.9 109.3 107.8 112.7 114.1 113.8 113 112.7 114.3 117.1 120.1 121.4 123.3 126 129.4 128.3 127.9 128.7 128.1 127.1 125.6 126 125.3 122.7 119.6 115.5 115.6 115.5 114.7 114 117.7 121.2 122.1 119.8 118.5 117.4 116.4 114.4 111 105.3 101.9 96.8 94.6 92.3 87
132.3 131.6 129.4 124.2 108.9 107.9 126.2 143.6 161.7 176.3 183.6 176.9 153.6 130 114.8 112.5 128.1 141.2 153.4 165.4 176.7 186.1 197.2 207.5 215.4 219 221.5 213.6 186.6 164.1 148.2 138 129.5 121.5 114.5 108.2 105.5 109.4 111.7 111.3 110.2 106.6 110.2 113.1 116.5 119 122.1 123.6 126.1 125.7 123.1 124.1 124.2 123.9 123.2 123.6 118.7 115.5 115.4 114 112.2 109.4 108.8 110.8 114.2 117.8 118.7 116.9 116.8 115.5 114.3 112.2 110.4 105.8 100.9 96.1 92.7 90.1 85
123.4 120.6 118.7 111.6 100.4 112.7 130 147.1 164.7 179.8 184.5 176.4 150.9 127 112.7 110.8 125.7 139.5 153.2 165.3 176.8 187.8 198 206.7 213.8 220.3 229.6 221.3 188.4 164.9 149.4 141.3 131.6 121.6 114.9 108.1 102.5 105.8 107.9 107.9 105.9 103.3 106.7 110.5 113.9 118.1 120.7 121.8 123.1 121.8 120 120.2 120.5 119.4 113.6 114.4 115.8 115.7 114.9 111.2 108.5 105.4 106.3 110.2 112.4 115.2 116.2 115.4 114.8 113.9 112.6 111.4 109.8 105 99.9 95.3 92.1 89.2 83.6
112.6 107.1 100.9 92.5 104 121 136.7 152.4 168.6 182.5 186.2 174.3 149.1 124.6 111.5 108.7 123.4 138 151.5 164.3 176 186.1 194.4 202.2 210.9 220.7 228.6 217 188.1 166.5 151.6 141.5 132.2 123.5 115.6 108.8 101 101.7 104.5 105.3 103.4 101.5 104.9 108.8 113.6 117.5 119.2 120.4 121.5 119.9 117.9 114.8 113.3 113.1 112.2 113.5 113.8 112.7 109.1 109.1 107.1 103.4 102.5 106.3 110.6 114.5 113.2 112.8 112.2 113 110.7 109.5 107.2 104.5 98.8 93.8 90.6 87.4 81.7
100.8 92.2 88.1 101.4 116 130 142.9 157 170.1 183.5 185.5 170.5 145.4 120.8 109.6 106.6 121.7 136.6 149.7 162.4 173.4 182.3 190.4 198.5 207.4 216.7 220.8 212.3 186.1 166.7 153.5 142.5 132.5 124.9 116.6 110.1 102.3 97.9 100.7 102.3 101 99.7 103.7 108 112.4 114.5 117.3 118.6 117.6 117 113.2 111.5 111.2 110.2 108.9 109.5 109.7 108.8 104.9 103.8 103.1 100.6 97.3 100.2 106.2 109.5 111.9 111.8 112.1 111.5 109.1 107.2 104.7 102.1 98.4 92.4 89.5 86 80.8
88.6 89.2 102.6 115.4 126.3 137.3 147.8 159.9 170.4 180.2 180.7 167.4 141.7 120 109.4 104 121.3 134 146.4 158.5 168.8 176.9 185.2 193.4 201.8 208.3 213.7 210.5 185.8 166.8 153.5 142.8 133.4 124.5 117.2 111 104.2 97.5 96.3 98.9 98.3 99.2 103.2 106.5 109.9 111.3 113.2 115.2 114.6 108.1 108.6 108.7 108 107.4 106.7 105.9 104.5 104 102.1 100.9 99.9 98.9 97.1 98.1 101 107.2 109.6 110.3 110.6 110 107.8 104.3 102.1 99.1 95.2 90.8 88.2 85.5 80
88.4 101 112.4 124.2 134.5 142.8 151 160.2 169.9 175.2 176 163.4 139.2 120.5 110.8 102.5 117.5 129.5 141.5 153 163.3 170.3 178.6 187.1 194.2 200.7 205.4 204.3 191.6 168.9 154.6 142.2 132.6 125.2 118.1 111.6 105.5 99.7 93.9 96.7 96.9 98.1 101.4 104.4 105.4 108.4 110.1 110 104.9 111.8 108 106.3 105.3 104.9 104.1 103.8 102.3 100.9 99.6 98.2 97 96 92 96.2 97.9 102.7 106.7 109.5 108.2 108.8 103.8 102.3 97.3 94.8 91.1 88.8 87 84.4 79.3
99.2 111.1 122 130.7 138.7 146.3 153.9 162.2 168.2 172.3 171.4 153 135.8 123.3 114.5 102.3 113.9 125.7 136.4 146.8 156.1 164.5 171.4 179.5 187.1 193.1 197.3 197.3 191.5 174.5 154.6 141.2 131.9 125.8 118 113.1 107.9 103.1 96.9 94.8 94.2 94.7 99.3 106.1 103.1 104.6 103.2 103 109.6 110.2 107.4 104.2 103 102.5 102.5 101.5 100 98.5 97.1 96.3 94.6 92.9 89.3 93.8 95.7 97.8 101.5 105.6 106.5 105 102 97.7 97 93.2 89.8 87.1 84.5 82.6 78.7
108.1 118.3 126.9 134.4 140.8 148.3 156.1 162 167.1 168 159.1 147.4 137.1 127.6 115.4 101.5 110.8 121.2 128.2 138 148.2 156.9 163.9 171.8 180 186.9 191.2 192 186.7 173.3 152.7 139.5 129.2 122.7 116.2 112.1 109.5 104.4 99.2 94.3 90.1 92.2 100.7 102.5 98.6 100.2 101.5 105.7 106.5 108.2 105.9 102.2 101.1 100.7 100.5 99.3 97.8 96.4 95.2 94.2 92.4 91.8 88.6 90.5 92.7 95.3 96.7 100.8 101.9 102.5 99.2 96.1 94.7 91.3 88.6 86 83.3 81.2 78.1
113.4 123 130.6 137.1 143.6 150.1 157.5 161.7 162.4 163.1 159.9 150 139.8 133.2 119.1 101.9 107.6 116.8 121.3 129 140.1 149.5 156.6 165 172.9 180.4 185.1 186.6 181 166.9 148.2 136.2 126.2 120.4 114.3 109.6 106.4 102.5 99.7 95.4 89.9 88.8 93.4 94 98.2 99.3 100.8 102.5 105.5 104.7 102 101.1 100.4 99.1 98.5 97.2 95.9 94.6 93.7 91.9 90.2 90.3 88.4 87.9 90 92.7 94.9 97.4 99.4 97.3 96.7 93.2 94.4 91.2 88.4 85.3 82.4 80.9 79.1
115.6 124.4 130.3 135.6 142.7 152.2 156.6 158.1 158.1 157.6 154.2 145.4 139.8 137.7 124.3 106.2 103.1 111.3 117 122.9 133.6 143 150.2 160.4 168.8 176.4 179.9 180.9 174.5 159.8 142.5 131.3 123.7 118.1 112.7 108 103.3 100.1 97.5 94.2 89.6 86.8 87.9 96.2 96 96.4 99.2 101.1 103.3 102.7 100.7 99.6 98.8 97.3 96.5 95.5 93.8 93.6 93 91 88.2 87.3 87.2 86.5 88 90.5 93.1 93.8 96 96.5 95.8 92 93.1 90.8 86.5 83.6 83.3 80.9 80.8
109.7 116.7 124.4 128 139.1 152.7 152.3 152.1 152 151.9 148.8 142.3 137.7 134.2 125.9 111.8 100 107.6 113.8 119.8 129.7 139.1 147.3 155.5 165.9 173.9 177.9 177.5 167.7 151.4 136.5 126.8 121.2 114.8 110.8 106.2 101.5 98.9 95.6 92.4 88.1 86.2 94.7 94.2 91.2 94.3 96.5 99 100.5 101.6 99.6 99.1 98.2 96.1 95.5 94.9 92.5 92.8 92.6 89.1 87.3 86.4 85.6 85.3 85.6 87.1 90.3 92.2 92 94.2 93.6 92.3 91.3 90.2 86.4 84.9 84.1 81.2 81.9
80.2 84 96.6 123.2 140.7 145.9 146.3 146.2 146.5 146.9 145.8 142.8 138.8 134.3 131 112.6 100 104 110.5 117.7 127.4 137.5 145.7 154.9 165.2 172.8 178.9 172.6 160.4 145.3 130.8 124.1 117 111.9 108.1 104.2 100.4 96.9 93.5 90.4 86.4 91.3 93.9 84.7 89.5 91.4 94.9 96 97.4 98.5 98.1 97.1 97 95.6 94.1 92.2 90.6 91.3 91.2 88.9 86.6 85.8 84.8 83.8 83 84 87.2 90.4 91.1 91.3 91.6 90.6 91.5 89.4 87.2 84.2 84.2 84.4 84.9
