Game/Highland_Data/StreamingAssets/GeoData/Data/st/ST28.asc
ncols 200
nrows 200
xllcorner 320000
yllcorner 180000
cellsize 50
[rows 0 to 37 of 200, columns 85 to 169 of 200]
43 43.8 44.7 44.7 44.9 44.6 44.8 43.4 43 43 43.1 41.9 41.8 43.6 50 54.3 56.7 57.6 59.9 60.8 63.6 63.2 64.1 63.3 64.1 68.3 73.1 78.4 83.7 88.8 94.4 99.2 103 105.2 107.8 109.1 112 113 112.2 112.6 111.9 111.7 111.3 112.1 111.8 111.7 111.7 110.8 108.5 107.7 106.1 103.7 100 93.8 88.3 89.2 90.8 92.2 92.7 93.3 92.8 88.9 85.5 84.2 81 77.9 75.2 73.7 74.3 71 63.8 57.2 55.2 49.4 46.8 43.2 44.2 44.6 41.9 38 35.1 34.7 37.1 39.2 43.6
43.2 43.1 43.9 44.6 44 44.2 43.5 43.5 42.8 43.2 43.1 41.8 42.2 41.5 43.6 41.9 48.2 47.9 48.2 49.3 48 47.7 51.7 49.7 54.3 62 67.4 70.1 72.5 78 83.9 92.4 96.2 99.9 104.1 106.2 108.5 110.3 110.4 110.7 110.2 109.7 110.7 110.1 109.5 109.8 109.8 110.8 108.9 107.8 106 103.9 100.1 95 92.7 93.8 94.4 94.9 94.6 93.9 93.2 91.4 89.2 87.8 87.2 86.5 83.1 82 80.5 74.8 70.2 63.2 58.5 52.2 49 43.4 47.6 47.5 45 39.9 36 40.3 44 48.2 51.6
43.8 41 44.4 44.4 43.8 43 44.2 43.5 43 43.1 42.2 41.7 41.6 41.4 41.7 41 41.1 41 41.2 40.5 40.2 39.5 47.1 46.8 47.1 58 60.5 62.8 64.9 68.9 75.3 84.9 89.3 94.6 100.6 104.2 105.8 107.2 108.2 108 109.1 108.2 109.4 109.4 108.8 107.7 108.8 109.6 107.3 107.5 105.8 102.8 99.2 97.7 96.4 95.6 96 96.1 95.6 94.9 93.4 92.3 91.9 90.7 89.7 88 86.6 86.6 84.3 80.4 75.6 68 60.8 53.4 49.5 48.3 51.5 52 48.6 40.7 37.9 45.7 52.6 54.8 56.6
44.1 43.9 43.2 44 43.9 42.5 43.1 43.7 43.4 42.8 42.1 41.8 42.1 41.3 41.1 40.5 40.9 40.9 39.9 40.6 39.5 40 39.3 41.8 46.4 46.4 56.9 58.8 60.9 63.7 70.7 78.3 83 90.3 97.9 101 102.9 105 105.6 104.6 106.3 106.4 106.9 107.4 109.7 107.2 107.9 106.7 104.8 104.1 103.4 101.4 101.7 101.4 99.8 98 96.5 96.4 96.4 94.3 92.8 91.6 91.2 91.1 89.1 88.4 88.1 87.4 85.7 82.6 78.5 70.7 61.3 54 51.8 54.6 56.2 55.3 48.5 42.6 39.6 47.9 56.4 58.3 57.8
45.3 44.1 43.5 44.3 42.8 42.3 41.6 43 42.9 42.5 42.5 41.9 41.8 41.6 40.8 41 40.3 40.5 40.2 40.2 40.1 40.1 39.5 38.8 39.4 45.8 47.4 55 57.5 59.9 64.8 70.4 79.2 85.1 91 96.9 99.6 101.2 102.8 103.9 104.9 104.4 105.7 106.9 107.8 106.3 106.4 105.5 105.7 104.5 104.6 106.1 104.2 103 100.2 98.2 96.4 95.9 95.8 93.9 92.2 91 90.7 91 89.7 89.1 87.8 87.6 86.1 83.4 77.4 68.7 62.9 56.8 59.8 59 58.8 56.9 51.2 44.7 40.6 48.8 56 60.6 59
44.4 43.5 45.4 45.3 39.5 41.6 41.6 42.3 42.8 41.6 41.2 42.1 41.6 41.8 40.6 40.7 40.5 40.6 40.5 39.6 39.2 39 39.4 38.6 38.7 39.1 43.9 51.9 52.3 55.2 59.4 64.9 72.6 81.5 85 91.5 96.2 99.5 98.7 101.5 102.3 102.4 102.9 103.8 104.8 106.1 104 104.7 105.9 105 104.5 104.5 104.8 103.6 100.7 99.5 97.4 94.6 94.4 93.9 92 90.3 90.7 90.8 89.9 88.8 87.9 87.8 86.6 83.9 80.2 74.2 65.6 62.6 63.8 62.5 61.5 56.5 50.9 44.4 40.5 47 53.7 58.6 57.8
45.7 45.2 45.8 45.5 44.4 41.7 41.6 42.1 42.5 41.5 41.3 41.7 41.3 41.4 40.8 41.1 40.9 41.1 39.8 39.5 39.4 39 39.7 38.8 39.4 38.6 38.1 43.1 45.5 51.2 57.1 59.9 66.2 74.6 80.4 89.4 92 97.5 97.4 98 98.4 99.3 100.6 99.1 102.7 104.1 103.4 103.8 105 105.6 105 104.7 104.6 103.8 102.6 100.6 98.1 94.9 93.4 92.1 92.7 91 90.1 88.9 89 87.9 87 87.7 86.9 84.8 80.9 75.5 66.5 69.2 68.8 64.7 61.2 55.5 50.2 45.3 43 45.3 49.6 54.3 56.6
51.4 46.2 47.3 45.6 45.7 42.8 41.8 41.4 42 41.7 41.5 41.3 41 41.1 40.9 41 40.7 40.2 40.1 40.1 39.4 39.4 39.6 39.1 38.7 38.5 38.4 38.2 36.9 44.4 52.5 56.5 62.5 67.5 75.6 84.2 90.2 93.9 96.7 94.2 94.1 96.4 98 99.8 99.1 100.3 101.3 104.4 104 103.5 104.7 103.8 102.6 103.3 102.9 101.4 99.5 94.4 92.1 91.5 91.2 89.5 87.9 87.4 87.5 87.2 86.3 87.6 86.8 83.8 79.8 74.1 71.5 72 72.3 68.1 64.7 56.8 51.2 47.4 47.1 45.7 50 54 56.2
63.6 57.3 48.8 48.3 46.8 43.5 39.8 39.3 39.1 37.9 38.6 38.6 39 39.8 38.7 37.8 39 38.7 38.5 37 36.7 35.6 35.7 36.2 35.4 34.2 34.3 36.5 38.5 34.3 43.9 53.6 56.9 62.3 66.4 77.7 84.2 88 93.8 94.2 92.3 91.3 93.8 96.3 96.4 99.3 100.9 103.2 103.1 100.4 101.5 103.1 101.4 99.5 100.6 99.5 100.8 95.6 92.4 89.3 88.9 87.6 85.9 86.3 85.7 86.1 85.8 86.9 85.2 80 76.9 74.5 73 72.9 71.8 70.4 65.1 58.2 52.2 49.9 51.1 48.8 52.3 56.2 58.4
77.7 70.4 65.7 65.3 59.9 54.4 48.8 49.1 49.8 51.1 50.8 49.7 48.3 50.8 53 53.9 53.6 51.6 52 46.5 43.2 39.4 39 39.3 41.1 40 39.6 39.2 38.8 38.2 39.3 43.2 54.1 57.6 60.5 65.9 73.6 81.3 86.1 92.2 92.7 88.8 88.3 90.8 92 94.8 99.8 101.9 102.9 99.6 99.1 100.3 100.5 100.9 101.6 100.1 99.8 97.4 94.1 90.6 87.3 85.6 83.8 84.3 84.5 83.7 83.4 85.3 83.3 78.1 72.4 70.2 69.4 70.3 72.4 70 66.7 61.6 57.3 54.7 54.7 52.8 54.1 57.6 58.5
86.7 80.3 78.4 77.1 74.1 70.7 63.6 56.5 54.7 54.4 51.1 49.9 48.7 52.6 54.1 54.5 54 53.5 53 52.4 50.5 48.9 48.4 48 45.7 39.9 39.8 38.9 38.8 38.9 34 36.4 43.7 53.9 56.2 59.6 61.8 69.1 80.1 86 89.8 91.2 86.6 85.2 89.2 90.3 96.5 100.3 100.5 99.9 94.9 96.7 97.5 99.3 100.8 100.6 99.3 99.9 96.2 93.1 92.8 89.1 85.3 81.1 82.4 82.5 81.5 81.7 79.9 77.2 72 66 65.2 64.2 68.5 71 70.2 66.5 62.2 60.9 58 57 56.2 57 56.9
95.3 90.8 87.7 85.6 83.7 79.1 71 63.6 64.6 59.3 56.3 54.7 50.3 53.4 51.9 54.3 53.7 53.8 53.9 53.1 53.6 48.6 47.1 46.2 45.5 44.6 38.1 39.1 38.8 39.3 38.1 36.3 37.3 43.5 54.4 55.7 57.6 63.9 72.4 77.7 82.8 86.9 87 82.1 85.1 87.6 93.4 97.8 98.7 99.7 96.9 94.1 93.3 96 97.7 97.6 98.1 98.3 96.9 94.8 92.3 90.7 86.9 80.5 79.4 77.7 75.9 74.8 75.3 72.4 67.8 63.4 60.1 58.5 62.8 68 69.4 67.3 65.4 63.3 61.5 59.3 58.2 55.4 55.3
106.9 100.4 97.7 95.1 91.1 84.5 74.8 76.2 75.6 70.9 65.9 60.1 56.8 52.4 53.4 53.3 53.2 52.7 53 53 51.2 48.6 48.4 45.3 45.4 43.1 38.2 38.4 37.9 37.8 38.3 34.2 37.1 41.1 45.7 53.5 53.8 57.5 63.2 70.6 74.9 79.2 80.8 77.8 80.7 84.3 89.2 94 96.9 97.5 97.3 95.1 89.5 92.5 94.2 95.3 96.6 97.2 96.6 96.2 92.5 90.1 87.3 83.6 84.2 79.5 75.1 70.4 68.8 65.3 63 58.9 56.6 53.8 55 62.1 65.6 65.6 63.4 61.4 59.4 57.5 56.4 53.3 52.3
111.8 111.4 108.2 102.8 93.2 87.3 86 88.7 87.4 85.1 77.7 68.7 64 58.4 54.6 52.6 52.4 52.4 52 51 50.2 49.4 47.4 45.1 43.9 40.6 38.6 38.1 38 37.5 37.2 37.4 36.7 39.1 40.7 44 51.9 54.2 57.5 61.6 68.7 71.4 73.3 72.8 77.8 81.4 84 89.2 93.6 94.7 95.4 94 89 87.9 92.4 93.9 94.9 95.3 96.5 96.6 93.1 90.2 90.5 86.9 88 84.7 83 78.6 73.1 67.5 61.3 55.5 53.4 51.4 50.3 52.9 57 59.6 58.8 56.7 54.4 54.3 54.1 52.5 48.4
119.2 119.8 114.4 106.9 95.3 90.3 97.7 99.4 98.6 94.5 88.9 77.8 70.4 65.7 61.6 56.1 54 52.7 52.3 50.3 49.5 49.1 47 45.7 44.1 42.9 40.1 37.5 37.2 37.8 36.8 36.4 34.3 37.6 38.3 41.4 43.5 49.8 54.5 56 57.8 63.2 65.8 69.5 74.3 77.5 82.1 83.1 89.3 92.4 91.5 90.5 86.7 85.7 91.1 93.1 93.3 94.4 94.2 96.8 96.1 92.2 92 90.1 89.4 87.6 86.2 84.4 81.6 74 67.4 62.4 56.8 52.2 48.9 47.9 49.5 52.3 54.8 50.5 49.2 50.7 51 48.4 45.2
128.6 124.4 118.8 112.5 98.9 102 111.2 110.1 110.4 107.3 94.7 84.8 76.2 72.3 68.4 64.7 58.6 55.8 53.4 51.8 50.2 48.5 47.6 47.7 44.5 40.7 38.7 37.5 36.8 36.6 37.4 36.3 35.1 36.3 36.5 37 40.5 42.6 48.7 53 54.8 58.5 63.5 69 73.2 77.4 82.2 85.8 84.7 88.8 90.6 88.9 83.6 84.1 89.5 92.2 92.5 92.4 94.6 95.5 96.8 93.6 91.9 91.4 89.5 88.9 87.2 85.8 82.8 78.8 74.5 71.6 66.5 58.5 50.9 46.5 46.4 46.5 50.2 48.5 47.6 47.8 47.9 44.6 42.5
135.9 128.3 122.8 112.4 105.2 111.6 122.3 124.4 123.9 119.1 104.1 89.7 81.8 77.4 72.9 69.3 65.5 60.5 56.7 52.9 49.4 49.2 48.5 48.2 43.7 42.9 39.3 36.9 36.4 36.1 36.3 36.1 33.3 36.3 35.9 36.2 36.1 39.3 41.4 47.4 52 55.3 59.9 65.8 72.1 75.8 83.2 87.9 84.6 84 86 85.4 81.7 81.9 87.3 89.3 91.6 93 93.2 93.6 95 95.6 92.3 92.4 91 88.9 88.3 86.8 84.8 83.4 79.6 75.8 72.5 66.4 56.7 48.5 46.5 46.4 46.5 46.2 43.1 43.1 43.8 42.2 37.6
142.8 134 123.7 111.7 114.1 122.2 133.6 139.7 139.6 130.2 114.1 96 87.5 85.2 79.7 75.1 71 68 62.9 56.7 54.4 49.2 48.7 48.2 43.4 39.1 37.1 36.5 36.1 35.6 35.7 36.3 34.6 35.6 36.3 36 35.6 36.4 39.9 37.5 51.2 53.6 57.2 64.4 68.7 74.1 79 86.9 83.7 82.1 80.7 81.2 76.1 76.6 85 88.7 90.2 91.6 91.8 91.6 92.3 93.7 93.3 91.5 90.1 89.2 87.7 86.6 85.8 83.8 82.4 79.4 74.5 71.5 63.9 53.7 46.5 46.5 46.5 46.3 41.5 37.6 41.4 42 37.6
149.6 139.4 127.4 116.5 123.9 133.1 143.7 152.6 157.2 145.7 126.4 107.5 94.7 91.3 85.9 83 78.1 75 65.1 61.7 58.6 55.6 48.9 52.1 44 39.6 37.2 35.7 33.8 35.1 36.2 36.2 35.7 35.4 36.2 35.7 35.7 36.5 35.7 40.6 50.5 52.3 53.6 57.9 63.9 68.9 74.4 81.8 81.7 80.9 77.3 78.9 72.5 74.8 81.7 86.5 89.8 90.8 90.9 91 91.7 92.9 92.6 91.9 91.4 88.6 87.9 87.6 85.3 83.4 81.2 77.9 74.1 70 62.9 53.5 46.5 46.5 46.5 37.6 37.6 37.6 37.6 37.6 37.6
157.9 146.6 135.4 127.3 134.9 145.8 154.5 162.9 166.9 161.4 140.3 116.5 104.5 99.3 94.4 91.1 87.2 82.7 71.9 70.3 66.4 60 54.5 53.5 46.3 42.6 37.5 35.8 34.4 35.9 35.5 35 36.8 35.7 36 35.7 35.4 34.7 38.3 40.8 48.6 50.7 52.3 53.4 56.1 62.1 68.4 75.6 76.8 77.2 75.7 74.5 70.9 71.4 77.4 84.8 87.5 89.2 91.1 90.8 90.5 91.8 92.4 92.6 91.8 90.1 88.5 87.1 85 83.3 81.2 75.2 69.1 61.5 53.8 46.5 46.5 46.4 46.5 37.7 37.6 37.6 37.6 37.6 37.6
166.5 150.4 138.7 139.4 147.3 155.7 163.2 172 178.2 178.7 152.3 126.9 116.2 109.6 105 102.6 97.3 90 82 77.3 71.3 66 58.9 55.1 53.4 44.8 40.7 37.2 34.9 35.4 35.4 32.7 36 36.2 36 36.6 36.8 36.7 37.9 40.9 40.7 50.6 51.8 51.6 54.1 57.3 60.1 67.2 70.7 72.5 72.8 72.5 67.4 68.3 73.9 80.3 84.9 87.5 88.9 89.4 89.4 90.4 92.2 93.4 92.2 88.9 88.5 86.4 84.6 83.6 81.5 74.7 68.9 59 52.4 50.2 46.5 46.4 46.5 43.8 48 42.7 37.6 37.6 37.6
171.9 156.3 149 153.5 156 165 173.4 182.1 189.6 186.3 156.4 137.6 127.6 120.1 114.5 111.8 104.8 96.8 86.5 81.7 76.4 72 66.5 63 56.4 50.8 48.2 41.8 37.6 34.5 34.4 34.5 36 36.9 36.4 36.8 37.7 37.7 39 41 41.2 44.8 50.5 51.3 52.4 54.1 56.3 59.4 62.6 64.7 69 69.4 65.1 63.2 67.9 74.3 81.4 85.2 86.3 87.9 87.7 88.8 91.6 92.6 91.8 89.5 86.5 84.8 83.3 81 79.9 74.3 65.7 57.7 57.6 54.9 52 50.7 49.8 49.8 54.6 48.8 40.6 37.6 37.6
176.4 163.6 157.9 159.8 163.9 171.1 181 192 199.4 195.6 166.5 144.9 134.6 127 121.4 118.1 110.6 101 93.2 87.3 82.7 78.7 73.5 67.3 60.4 53.8 48.7 47.9 45.1 39.8 34.7 33.3 34 36.2 35.2 37.4 37.6 37.7 38.4 40 41.3 40.5 49.5 51 51 51.4 52.9 54.1 56.9 59.5 61.5 61.9 60.5 61.1 64.1 68.5 75.9 82.1 84.6 84.1 87.1 87.6 88.7 91 91.5 89.7 86.8 85.3 82.9 82.5 77.1 72.3 67.2 66.4 65.9 64.3 62.9 61.1 53.4 54 54 49.7 42.6 37.6 37.6
181.1 168.2 162.6 167.6 173.6 183.2 192.5 200.7 206.6 197.4 172.7 150.3 139.7 134.8 127.9 123 115.4 107.5 100.4 95.1 89.7 84.2 78 69 62.2 56.8 51.2 49.3 47.3 44.7 43.3 37.5 31.7 35.8 35.9 36.3 37.7 38.5 38.7 40.4 40.3 40 43.3 48.9 49.4 49.7 50.4 51.2 53.5 55.2 57.4 56.8 56.7 57.4 61 66.3 70.9 76.8 79.9 83 84.8 87.4 89.2 90.9 91 90.3 88.6 86.3 85.3 82.9 80.6 74.3 73.1 72.5 72.2 69.3 66.3 60.5 57.9 58.4 54.6 47.5 46.4 42.6 38.4
185 170.7 169.1 177.5 183.4 189.1 198.6 207.2 211.3 194.5 173.4 157.4 147.8 144.9 135.3 126.4 119.6 112.2 106.3 101.3 97.3 87.7 78.9 70.3 64.1 59.2 56.4 53.8 51.9 48.4 45.9 42.9 40.4 39.2 37.9 38.3 38.8 39.3 39.6 39.9 40.2 40.3 39.8 46.8 47.7 48.8 48.7 48.7 50.8 52.4 53.8 53.2 54.3 53.8 57.3 61.2 65.5 69.5 73.5 79.2 85.3 86.9 87.6 88.9 91.3 90.8 88.9 87.6 86.1 83.1 81.6 79.5 79.3 76.8 74.4 71.1 68.5 66.6 64.1 58.6 52.9 48.5 46 46 40.7
188.2 177.6 176.4 185.8 190.7 195.9 206 213.1 206.6 188.5 173.6 164.4 154.6 146 137.2 127.9 120 117.4 113.8 106.6 99 88.1 78.8 73 70.6 69 66 60.8 58.3 54.8 50.6 46.7 42.5 32.4 35.4 38.6 38.8 38.6 38.8 40 40 40.3 40.5 41.3 46.8 46.2 48.6 49 49.5 50 50.3 50.2 50.9 50.8 53 57.7 60.6 64.6 69.8 75.4 82.7 84.7 86.1 87.6 87.5 89.8 90.1 88.6 86.4 84.2 83.3 82.2 80.9 79.3 75.9 73.7 72.6 68 59.5 53.2 48.2 44.3 41 41.9 37
191.4 180.9 185.6 193.2 197.7 204.1 211.4 211.8 195.2 181.4 172.3 164.4 157.7 149.9 140 131.3 124.7 119.9 115 107.8 97.9 87.1 79.1 73.6 71.6 70.3 69.8 67.8 63 59.8 56.4 51.5 47.3 43.3 29.9 36 37.1 35.7 35.5 38.4 38.3 38.5 39.8 39.6 44.9 46.3 47.6 48.4 48.4 48.3 47.6 47.7 47.5 47.7 51 52.9 57.6 59.4 66.8 70.9 76.2 81 85 86.5 87.5 87.2 89.3 89.2 86.9 85.3 84.9 83.1 82.3 80.5 77.3 74.7 69.9 60.7 51.9 48.7 43.6 40.9 37.4 34.9 33.6
194.6 192.2 195.4 199.5 203.7 210.3 211.8 198.8 184.4 176 168.3 163.4 156.5 151.4 144.4 136.9 129.6 120.8 115 107 96.9 85.4 80.5 79.2 78.8 76.6 75.7 74.6 70.3 64 59.4 54.9 51.5 48.2 43.1 33.9 31.6 34.1 33.5 34.4 34.3 33.3 37.7 38.5 38.8 41.7 46.5 47.9 48.1 47.6 47.7 47 45.4 46.3 48.4 50.9 53.1 55.5 58.7 67.2 68.6 74.3 79.2 84.2 86.8 87.2 88.7 88.3 86.6 86.5 83.6 82.9 80.7 78.9 77.3 71.3 69.2 62.5 54.1 48.6 45.3 45 45.5 40.7 35.2
197.5 197.7 200.4 204.9 209.2 214 203 187.3 174.5 169.7 165.8 160.6 155.4 149.7 146.3 139 132.1 122.9 115.6 108 97.1 89.6 88 87 85.1 83.6 82 77.1 72.8 68.4 63.8 59.4 57.9 52.1 45.8 43.7 43.1 30.7 30.4 33.5 32 31.3 31.1 34.8 37.4 38.5 45.5 46.5 45.3 46.4 46.6 45.3 44.5 45.7 46.5 48.5 49.7 52.1 55.8 65.5 62.4 68.6 73 78 83.8 85.1 86.5 86.6 87.1 86.1 85.3 84 81.5 80.3 78.1 75.4 71.1 67.7 59.6 55.2 53.5 51.3 47.5 45.2 39.5
200 201.9 204.8 208 212 208.4 194.8 176.9 168.7 165 161 156.2 151.1 147.9 143.8 139.2 133.3 124.6 117.6 110.5 102.6 97.5 97.5 97 93.1 91.6 87.7 81 77.1 73.8 68.1 66.2 63.9 56.1 47.4 45.9 43.3 43.2 33.4 32.8 31.7 30.7 30.9 30.7 30.8 36.6 37.6 42.8 43.8 43.9 44.6 44 43.7 41.9 44.5 45.4 46.8 49.6 53 56.3 62.3 64.1 69.6 73 79.1 82.6 84.3 85.7 86.6 85.9 85.6 84.5 82.1 80.6 78.9 78.3 74.5 72.1 64.6 64 60.5 57.9 53 48.1 44.6
201.3 203.3 205.3 208.8 208.4 199.1 184.5 169.2 163.5 159.7 155 150.2 145.5 143.3 140.9 137.5 133 127.9 119.4 114.9 111.9 107.8 106.6 104.8 100.9 99.6 94.1 88 83.5 79.3 74.7 73.1 70.2 59.4 48.6 45.5 43.1 42.8 42.5 30.6 30.5 29.9 30.7 31.3 31.2 31.3 34.3 37 41.5 39.3 39.3 40.6 42 40.7 41 43.7 45.8 46.1 49.2 52.5 63.1 58.9 63.6 68.8 74.8 79.7 82.2 83.4 85.2 85 85.7 84.2 83.5 80.7 78.9 78.2 78.2 75.8 73 70.7 66.2 62.9 57.2 50.7 47.4
201.1 203.7 205.6 204.9 197.8 188.1 171.8 162.4 157.7 153.6 148.7 144.3 139.4 136.8 135.3 134.6 132.7 128.3 123.1 122.9 120.5 117.3 116.2 113 109.1 106.7 101.4 95.6 90.2 86.5 82.5 83.4 76.7 61.1 50.1 46.1 43.4 42.3 43.7 42.1 36.8 30 30.7 31.3 31 30.8 30.8 32.1 35.6 40.1 39.3 39.1 39.6 39.6 39.7 40 44.5 45.8 45.2 48.4 59.9 54.3 58.7 62.7 67.7 74.2 78 81.7 82.9 84.1 84.4 83.8 83.1 80.7 78.8 77.2 77.4 77.5 76.1 75.1 71.1 64.8 61.8 52.5 50.3
200.4 201.5 201.6 194.1 182.2 169.6 161.8 157.1 152.2 146.6 142.3 137.9 133.4 132 129.7 128.7 128.4 127.9 126.8 128.7 126.8 123.2 121.4 120.3 116.9 112.7 107.3 103.2 98.9 95.6 93 90.5 80.1 63.9 52.5 47.1 44.9 44.1 42.2 41.7 40.8 28.3 30.7 32 31.6 29.5 30.3 31.6 39.5 35.1 37.2 39.1 39.4 39.5 40.2 39.2 41.7 44.4 44.8 45.9 56.8 52.2 52.7 57.1 61.8 66 73.7 77.6 80.8 82.1 83.2 82.9 82.7 81.4 80.1 77.9 76 75.7 76.1 75.4 73.7 69.2 66.9 60.4 49.7
198.5 194.5 186.3 175.2 164.8 158.6 154.9 150.4 145.7 141.5 135.9 131.7 128.4 126.6 125.1 122.9 122.9 122.9 125.5 129.7 129.6 125.8 124.8 123.5 120 117.9 113.2 109.7 106.7 104.1 100 95.1 81.2 64.9 53.9 48.4 46.3 44.2 42.4 41.2 40.9 34.9 29.7 31.5 30.1 29.9 30.1 30.1 38.9 39.1 35.1 36.6 38.3 38.1 38.6 39.3 41 41.7 44.8 46.4 54.2 49.7 50.7 54.2 57.9 61.3 67.1 72.5 77.5 80 81.3 82.6 82.1 81.1 80.6 78.9 77.5 73 73.3 74.4 73.9 72.9 68.7 59.2 49.7
192.6 180.7 170.2 161.6 154.5 150.9 148 144.4 140.1 136.3 132.2 128.3 124.6 122.8 120.8 119.1 118.4 119.3 122.4 124.1 125.9 126.4 125.1 125.2 123.1 120.1 117.6 114.7 111.9 109.3 105.1 97.8 82 66.3 56 49.6 47.1 46.5 44.1 41.5 39.8 39.7 29.8 30.2 30.4 29.6 28.7 30.4 37.8 39.4 36.2 35.6 35.6 35.9 37.5 38.2 41.3 41.8 42.1 46.6 52.6 49.5 50.1 51.4 55 57.9 61.8 66 73.3 77.7 79.2 81.9 81.5 81 81 80.6 78.2 75.4 71.7 69.1 70.7 70.7 67.3 57.6 48
173.3 163.7 157.5 153.8 150.4 146.4 143.5 140.3 136.9 132.5 129.8 125.9 123.8 120.3 117.2 115.7 114.1 116.5 119.7 122.3 123.4 123.5 122.9 123.7 123.6 121.1 119.5 118.7 116 113.3 107.2 97.1 83.2 70 58.2 51.7 49.2 46.3 45.1 41.4 37.8 34.7 28.7 27.8 29.6 30 29.8 29.7 29.7 39.8 38.5 33.3 34.2 35.4 35.7 35.3 37.1 41 41.1 42.3 49.3 46.3 50 50.8 52.7 54.8 57.3 60.7 66.5 70.8 76.6 80 80.9 81 80.5 80.4 78.4 76.3 72.3 70.1 66 65.3 62.9 54.9 47.2
157.8 154.9 152.4 149.3 146.7 143.7 141.8 138.6 135.2 131 123.2 120.3 120.2 119.3 112.2 110.8 109.8 111 114.6 116.7 120.5 121.2 121.4 122 121.8 121.5 121.3 121 118.3 115 108 99 87.9 76.3 65.4 55.1 49.3 47 46.7 42.3 38 29.8 27.8 28 30 29.6 29.2 29.4 29.5 34.1 37.9 36.5 32.7 36.1 35.2 34.4 34.6 37.8 39 40.7 47 44.8 46.1 49.8 50.5 51.6 53.9 56.6 61 65.2 71.2 76.7 78.2 79.7 80 80.1 79.6 77.7 75.1 70.4 66.5 63.4 59.5 54 47
149.4 149.6 144.8 141.4 140.6 141.6 139.8 136.4 134.1 127.9 123.6 119.6 115.1 115.4 113.2 108.4 106.5 107.5 111.6 113.4 115.9 117.6 119.1 119 119.6 120.4 121.3 120.9 117.7 113.2 107.5 99.7 88 78.7 72.2 64.4 57.4 49.4 44.5 42.5 39.4 36.1 29.1 28.3 28.9 29.3 29.4 29.3 29.3 29.4 34 34.7 34.2 32.2 34 34.1 34.4 34.9 36 39.6 44.9 41.8 43 44.3 48.3 49.8 50 52.5 56 60.2 66.3 70.7 76.4 79.1 78.6 79.2 80.1 78 76.4 72.4 67.1 64.7 61.6 55.4 48.2
