Game/Highland_Data/StreamingAssets/GeoData/Data/st/ST35.asc
ncols 200
nrows 200
xllcorner 330000
yllcorner 150000
cellsize 50
[rows 86 to 128 of 200, columns 96 to 191 of 200]
5.9 5.9 6 6.2 6.2 6.1 6 5.9 5.8 5.8 5.8 5.8 5.7 5.6 5.6 5.6 5.8 6.1 6.4 6.3 6.5 3.9 8.2 7.9 7.5 7.2 6.7 6.5 6.5 6.2 6.2 6.2 6.3 6.5 6.7 7.4 8.4 11 16.7 19.8 21.7 22.2 21.4 17.5 9.5 7.4 7.5 9.9 10.9 10.9 10.6 8.5 8 8 7.7 6.9 6.7 6.6 6.8 7.1 7.9 7.7 7.3 9.2 13 17.6 21 29.1 36.9 47.7 70.9 91.5 111.4 129.3 140.1 145.7 150.8 158.1 163.2 165.2 164.3 161.8 158 142.1 125.1 110 95.5 80.3 69.6 63.7 59.6 55.7 51.7 48.7 45.5 46.9
5.9 5.8 5.6 6.2 6.1 6.1 6 5.9 5.8 5.8 5.8 5.7 5.7 5.6 5.6 5.6 5.6 5.8 6.1 6.1 6.3 6.4 5.3 8 7.9 7.3 7 6.8 6.7 6.5 6.2 6.2 6.3 6.4 6.7 6.9 6.8 7.5 11 13.1 14.3 14.8 13.9 11.2 7.5 6.5 6.8 7.5 8.1 8.6 8.9 6.6 7.3 7.6 7.4 6.8 6.7 6.7 6.9 7.2 7.9 7.4 7.1 8.8 11.9 14.1 16.5 24.4 32.5 46.5 67.9 88.4 105.1 119.4 125.9 130.9 137.6 149.4 156.2 159.2 159.9 160.2 158.2 150.2 131.6 113.3 96.2 81.6 67.9 59.7 54 49.1 45.8 43 41 40.8
5.9 5.9 5.4 6.1 6.1 6 6 5.9 6 5.9 5.8 5.8 5.8 5.8 5.7 5.7 5.6 5.6 5.8 5.9 6 6.2 6.7 7.2 5.4 7.5 7.3 7.1 7 6.7 6.5 6.3 6.4 6.6 6.8 6.7 6.6 6.8 7.5 8.1 9 8.6 9.1 8.1 7.4 6.9 6.9 7.5 7.6 7.5 7.6 6.5 7.2 7.3 7 6.6 6.9 6.9 6.9 7.4 7.6 7.4 7.1 8.1 9.9 12.2 13.6 22.8 33 35.7 58.3 76.9 92.1 103.6 108.1 113.3 124.4 138.6 147.7 152.1 155 156.7 156.7 150.5 136.6 116.7 93.6 80.7 68.4 58.9 52 46.8 41.4 38.7 36.8 35.9
6 5.7 6.2 6.1 6.2 6.1 6.1 6 6.1 6.1 6 6 6 6 5.8 5.8 5.8 5.8 5.7 5.8 5.9 6.1 6.4 6.9 6 7.6 7.6 7.4 7.2 7 6.8 6.8 6.7 6.7 6.8 6.8 6.8 7 7.2 7.2 7.2 7.2 7.3 7.3 7.2 7.2 7.2 7.2 7.2 7.1 6.3 5.9 6.4 6.9 7 6.6 6.7 7 5.9 7.8 7.1 7.4 7.1 8.1 8.9 9.5 11.7 15.1 23.8 33.4 43.8 61 75.4 83.6 89.4 100 111.6 123.6 132.3 139.8 145.7 149.4 150.9 150.1 138.1 121.7 99.6 82.7 69.6 60.3 52.4 45.5 40.3 36.4 31.8 32
5.9 5.5 5.6 6.2 6.3 6.2 6.1 6.2 6.3 6.3 6.3 6.2 6.2 6.2 6 5.9 5.9 5.9 5.8 5.9 6 6.2 6.4 6.6 7.3 3.9 7.3 7.4 7.5 7.4 7.3 7.1 7 7.1 6.9 6.9 7 7.2 7.2 7.2 7.2 7.2 7.2 7.2 7.2 7.2 7.2 7.2 7.1 7 6.4 6.2 6.3 6.5 6.6 6.7 6.9 7.1 7.1 7.8 7.1 9.9 7 7.5 7.5 7 10.8 13.7 20.7 25 36.6 42.7 56.7 63.6 71 81.8 95.3 105.4 113.2 120.3 126.2 131.4 136.6 142.8 141.1 127.2 106.9 89.1 70.8 62.3 55.2 48.4 41.9 36.9 33.2 29.2
5.5 5.6 5.4 4.8 5.4 6.1 6.2 6.3 6.3 6.4 6.4 6.4 6.4 6.3 6.2 6.1 6 5.9 5.9 6 6.1 6.2 6.3 6.4 6.6 7.1 4.6 3.9 3.9 3.9 7.8 7.2 7.3 7.4 7.1 7.1 7.2 7.3 7.2 7.1 7.1 7.1 7.1 7.1 7.1 7.2 7.2 7.3 7.2 7.1 6.6 6.5 6.6 6.7 6.9 6.8 7.1 7.4 7.7 7.5 7.1 7 6.9 7 6.8 6.8 10.2 12.8 19.9 24.4 29 34.5 41.5 51 56.6 66.5 78.4 87.5 94.3 101.5 108 113.5 120.7 128.4 134.4 130.8 112.2 96.6 80.4 67.3 58.9 52.3 45.6 40.1 36.2 33
5.7 5.5 5.4 5.4 5.6 6.1 6.2 6.2 6.3 6.4 6.4 6.4 6.4 6.3 6.1 6.1 6.1 6 6 5.9 6 6.1 6.2 6.2 6.1 6.4 6.9 7.3 7.5 7.6 7.3 4.1 7.8 7.7 7.5 7.2 7.3 7.2 7.1 7.1 7.1 7.2 7.2 7.2 7.2 7.2 7.2 7.3 7.2 7.1 6.7 6.8 6.9 7 6.9 7 7.1 4.4 7.7 7.4 7 6.7 6.6 6.7 7.2 7.7 8.8 10.8 14.8 20.3 25.6 30.7 35.6 39.6 44.2 49.1 60.2 68.4 76.8 85.1 91.9 97.9 103.9 112.1 121.4 125.1 120.9 104.6 92.2 81.3 66.6 57.4 49.5 43.1 38.5 34.3
5.7 5.6 5.6 5.6 5.6 5.6 6 6.1 6.2 6.4 6.4 6.4 6.3 6.2 6.2 6.2 6.2 6.2 6.1 6.1 6.1 6 6 6.1 6.2 6.2 6.5 7 7.1 7.2 7.1 6.4 7 3.9 7.6 7.3 7.1 7.2 7.2 7.2 7.2 7.2 7.3 7.3 7.3 7.2 7.2 7.2 7.2 7.2 6.9 7.1 7 7 7 7.1 7 7.6 7.5 7.2 6.9 6.4 6.5 6.7 7 7.7 8.4 10.5 12.9 17.6 21.8 26.6 31 34.6 37.4 40.5 45.1 48.5 55.6 66.6 72.7 79.4 88.4 96.8 106 113.3 116.7 116.8 111.2 100 91.5 72.8 56.7 47.1 40 35.7
5.8 5.8 5.8 5.7 5.7 5.7 6 6.1 6.2 6.3 6.4 6.3 6.2 6.2 6.2 6.3 6.3 6.3 6.2 6.2 6.2 6.1 6.1 6.2 6.2 6.3 6.4 6.6 6.7 6.8 6.8 5 6.8 6.9 6.9 7 3.9 6.6 7.3 7.3 7.3 7.3 7.3 7.4 7.4 7.3 7.3 7.2 7.2 7.2 7.2 7.1 7.1 7 7 7 4.8 7.5 6.5 7.2 6.9 6.5 6.5 6.7 6.9 7.5 8.2 10.3 12.4 15.3 19.6 23 26.7 28.9 30.8 33.7 38 41 44.2 48.5 52 56.2 68.5 80.4 89.2 96.2 103.9 110.1 113.1 114.8 110.1 93.3 69.7 49.7 42.6 37
5.9 5.9 5.8 5.8 5.8 5.8 5.9 6.1 6.2 6.3 6.3 6.3 6.3 6.3 6.3 6.3 6.3 6.4 6.3 6.3 6.3 6.2 6.2 6.3 6.3 6.4 6.5 6.3 6.6 6.7 6.5 6.5 6.7 6.7 6.7 6.8 6.7 6.6 6.7 4.9 4.2 7.3 7.4 7.5 7.5 7.4 7.4 7.3 7.3 7.3 7.3 7.2 7.2 7.1 7.1 7 7.4 6.3 7.4 7.2 6.9 6.6 6.7 6.7 6.8 7.3 7.7 8.7 10.9 12.1 16.1 19.8 22.1 23 26.5 27.9 30.3 33.5 37.6 40.8 42.1 46.3 50.4 61.9 66.5 75.6 85.2 93.9 99 105 109.3 104.5 87.7 65.3 46.3 39.3
5.9 5.9 5.9 5.9 5.8 5.8 5.9 5.9 6.2 6.3 6.3 6.3 6.3 6.3 6.4 6.4 6.4 6.4 6.4 6.4 6.3 6.3 6.3 6.4 6.4 6.3 6.2 6.1 6.4 3.9 6.4 6.6 6.6 6.5 6.5 6.6 6.5 6.5 6.6 6.6 6.6 6.6 6.2 3.9 7.8 7.7 7.6 7.4 7.4 7.4 7.5 7.3 7.3 7.2 7.2 4.7 7.4 6.6 7.1 7.1 6.9 6.8 6.8 6.8 6.9 6.8 7.1 7.7 8.7 10.5 11.7 16 17.8 18.3 19.9 21.6 23.2 26.2 29.8 31.3 32.8 36.6 40.8 45 50.5 58.5 66.8 74 79.1 86.3 94.2 100.3 97.2 80.7 59.6 43
5.9 6 5.9 5.9 5.9 5.9 5.8 6.3 6.3 6.3 6.3 6.3 6.4 6.4 6.4 6.4 6.4 6.4 6.4 6.4 6.4 6.3 6.4 6.3 6.1 6 5.9 5.8 6 6.4 6.4 6.4 6.5 6.4 6.4 6.4 6.4 6.4 6.5 6.5 6.5 6.5 6.6 6.6 6.9 6.6 3.9 7.3 7.4 7.7 7.6 7.5 7.4 7.3 7.3 7.3 7.2 6.9 6.5 7 6.8 6.8 6.8 6.9 6.9 7.2 7.1 7.7 7.4 8.7 10.6 12 12.5 13.5 14.6 16.6 18.3 19.7 22.6 23.6 25.2 28.3 32.4 36.7 38.7 40.3 45.8 52 57 65.6 74.1 83.5 87 86.1 77.3 52.3
5.9 5.9 6 6 5.9 6 6.3 6.3 6.3 6.3 6.3 6.3 6.4 6.4 6.4 6.4 6.4 6.4 6.4 6.4 6.4 6.3 6.3 6.3 6.3 6.3 6.3 6.3 6.3 6.1 6.5 6.4 6.4 6.4 6.3 6.3 6.3 6.3 6.4 6.4 6.4 6.4 6.5 6.5 6.5 6.2 6 6 5.5 3.9 6.8 7.7 7.6 7.4 6.1 7.2 7.6 7.4 7.2 6.9 6.7 6.8 6.9 6.9 7.2 7.4 7.3 7.7 7.4 7.7 8.5 9.8 9.6 9.3 9.4 11.3 13.5 15.1 16.4 17.4 18.8 21.2 25.2 29.2 30.6 31.8 34.2 35.8 37.9 44.8 52.4 61.2 68.2 72.6 74.3 67.1
5.9 5.9 6 6 6 6 6.3 6.3 6.3 6.3 6.3 6.3 6.4 6.4 6.4 6.4 6.4 6.4 6.4 6.4 6.4 6.3 6.3 6.3 6.3 6.4 6.4 6.2 6.7 6.4 6.3 6.5 6.4 6.3 6.3 6.3 6.3 6.3 6.3 6.3 6.3 6.3 6.3 6.3 6.3 6.2 6.1 6 5.6 6.6 7.4 7.8 4.6 4.5 7 7.7 7.8 7.8 7.6 7.4 6.7 6.7 7.1 7.1 7.4 7.6 7.7 7.7 7.6 7.8 8.1 8.3 8.1 7.7 7.3 7.7 8.5 9.9 11.5 13.3 15.3 15.3 18.5 21.5 22.3 24.2 27.3 28.5 29.7 32.6 35 39.1 46.3 51.6 56.9 59.7
5.9 6 6.1 6.1 6.1 6.4 6.3 6.3 6.3 6.3 6.3 6.3 6.3 6.4 6.4 6.4 6.4 6.4 6.4 6.4 6.3 6.3 6.3 6.3 6.4 6.5 6.6 6.7 6.7 6.6 6.6 6.5 6.4 6.3 6.3 6.3 6.3 6.3 6.3 6.3 6.3 6.3 6.3 6.2 6.2 6.2 6.1 5.9 5.6 6.4 6.9 7 6.6 7.1 7.3 5.8 3.9 8.3 8.1 7.8 7.5 7.8 7.8 7.5 7.7 4.7 7.5 7.9 5 5.2 7.7 7.7 7.8 7.4 7.2 7.3 7.5 8 9.6 8.8 10.4 10.2 11.5 13.8 14 16.3 18.4 19.4 21.5 24.3 24.7 26.3 29.6 31.8 35.6 40.7
5.6 5.6 5.6 5.7 6.2 6.2 6.3 6.3 6.3 6.3 6.3 6.3 6.3 6.3 6.4 6.4 6.4 6.4 6.4 6.3 6.3 6.3 6.3 6.3 6.4 6.4 6.5 6.7 6.7 6.7 6.6 6.5 6.5 6.3 6.3 6.3 6.3 6.3 6.3 6.3 6.3 6.2 6.2 6.2 6.2 6.2 6 5.8 5.6 6 6.3 5.9 5.5 7.1 6.7 7.2 7.2 7.5 7.2 3.9 8.6 8.7 8.6 3.9 7.4 7.7 7.7 7.7 7.7 7.7 7.8 3.9 4.6 5.3 6 6.3 3.9 3.9 3.9 3.9 3.9 3.9 6.1 6.9 4.3 5 6.6 9.6 13.5 16.8 15.6 17.3 19.8 20.9 22.1 24.1
5.6 5.6 5.7 5.8 4.7 6.1 6.2 6.2 6.3 6.3 6.3 6.3 6.3 6.3 6.4 6.4 6.4 6.4 6.4 6.3 6.3 6.3 6.3 6.3 6.4 6.4 6.5 6.7 6.7 6.7 6.6 6.5 6.5 6.4 6.3 6.3 6.3 6.3 6.3 6.3 6.2 6.2 6.2 6.2 6.2 6.1 6 5.8 5.7 5.9 5.9 5.4 7.1 6.3 6.3 6.5 6.6 6.6 7 7.2 7.6 7.3 7 7.3 7.2 7.5 7.5 7.5 7.5 7.4 7.4 7.1 7 7.2 7.3 7.4 7.7 7.5 7.5 7.5 8.2 7.5 7.1 6.9 6.8 6.6 6.8 6.8 5.7 7.7 9.1 10.5 11.8 12.2 13 15
5.6 5.6 5.7 5.6 5.8 6.2 6.1 6 6.1 6.2 6.3 6.3 6.3 6.3 6.4 6.4 6.4 6.4 6.4 6.4 6.3 6.2 6.3 6.3 6.3 6.3 6.4 6.6 6.7 6.8 6.7 6.6 6.5 6.4 6.3 6.3 6.3 6.3 6.3 6.3 6.2 6.2 6.2 6.2 6.1 6.1 6 5.9 5.8 5.8 5.6 5.4 7.1 6.7 6.1 6.2 4.9 6 6.2 6.2 6.8 7 6.7 6.9 7 7.3 7.4 7.4 7.3 7.2 7.1 7.1 7 7 7.2 7.3 7.4 7.5 7.5 7.4 7.6 7.8 7.5 7.2 7.1 6.7 6.4 6.4 6.6 6.9 7 6.9 4.5 6.8 6.3 7.4
5.6 5.7 6.1 5.9 5.9 5.9 5.9 5.9 6 6.1 6.2 6.2 6.3 6.3 6.4 6.4 6.4 6.4 6.4 6.4 6.3 6.2 6.2 6.2 6.2 6.3 6.4 6.6 6.7 6.8 6.7 6.6 6.5 6.4 6.3 6.3 6.4 6.4 6.3 6.2 6.2 6.2 6.2 6.1 6.1 6.1 6 6.1 6 5.8 5.7 7.1 6.2 5.2 6 6 6 6.1 6.1 6.3 6.7 6.6 6.6 6.6 6.8 7.1 7.2 7.1 7.1 7 7 7 6.9 6.9 7.1 7.2 7.3 7.3 7.3 7.3 7.5 7.6 7.7 5.5 7.2 7 6.5 6.4 6.6 6.6 7.2 7.1 7.2 7.3 7.3 8
5.7 6.2 6.1 6 5.9 5.8 5.8 5.9 5.9 6 6.1 6.2 6.2 6.2 6.3 6.4 6.4 6.5 6.4 6.4 6.3 6.2 6.2 6.2 6.2 6.2 6.4 6.5 4.2 6.9 6.8 6.7 6.6 6.4 6.4 6.4 6.5 6.4 6.3 6.3 6.2 6.2 6.2 6.1 6.1 6.1 6 6 5.9 5.8 7.1 6.5 6 6 6 6 6.1 6.1 6.1 6.3 6.7 6.9 5.3 6.8 6.8 6.9 7 6.9 6.9 6.9 6.9 6.9 6.8 6.8 6.9 7 7.1 7.1 7.2 7.2 7.3 7.4 7.4 7.3 3.9 7.1 6.6 6.4 6.5 6.5 6.5 6.6 6.8 6.9 5.5 7.4
5.8 6 5.9 5.9 5.9 5.8 5.8 5.9 5.9 6 6.1 6.2 6.2 6.2 6.2 6.2 6.3 6.4 6.4 6.3 6.3 6.2 6.2 6.1 6.1 6.1 6.3 6.6 6.9 7 6.8 6.7 6.6 6.5 6.4 6.5 6.5 6.5 6.4 6.3 6.3 6.2 6.1 6.1 6.1 6.1 6 6 6 10.3 7.3 6.6 6 6 6.1 6.1 6.1 6.2 6.2 6.4 6.7 6.8 6.9 6.8 6.8 6.8 6.8 6.9 6.8 6.8 6.7 6.7 6.7 6.7 6.8 6.8 6.9 7 7 7 7.2 7.2 7.1 7.1 6.8 4 6.1 6.4 6.4 6.4 6.5 6.6 6.8 6.9 4.5 6.7
5.8 6 5.8 5.9 5.8 5.9 5.9 5.9 5.9 6 6.1 6.1 6.1 6.1 6.1 6.1 6.2 6.3 6.3 6.3 6.2 6.2 6.1 6.1 6.1 6.1 6.3 6.6 6.8 7 6.9 6.8 6.7 6.6 6.6 6.5 6.6 6.5 6.5 6.5 6.5 6.4 6.3 6.2 6.1 6.1 6 6 5.9 7.4 7.4 5.8 5.4 5.6 6 6.1 6.2 6.2 6.3 6.5 6.6 6.7 6.8 6.8 6.8 6.8 6.8 6.8 6.7 6.6 6.6 6.6 6.6 6.6 6.6 6.7 6.7 6.8 6.8 6.9 6.9 6.9 6.9 6.9 6.7 6.4 6.1 6.4 6.4 6.5 6.7 6.7 6.8 6.9 6.7 6.6
5.8 5.7 5.8 5.8 5.9 6 5.9 5.9 6 6 6.1 6.1 6.1 6.1 6.1 6.1 6.1 6.2 6.2 6.2 6.1 6.1 6.1 6.1 6.1 6.1 6.2 6.4 6.7 6.9 4.2 6.9 6.8 6.7 6.7 6.7 6.6 6.7 6.7 6.7 6.7 6.6 6.5 6.4 6.3 6 5.7 5.6 7.4 6.5 6.3 5.9 6.2 6.2 6.2 6.1 6.1 6.2 6.3 6.4 6.5 6.5 6.6 6.8 6.8 6.8 6.8 6.8 6.7 6.5 6.5 6.5 6.5 6.5 6.5 6.5 6.6 6.6 6.7 6.7 6.7 6.7 6.7 6.7 6.6 6.2 6.5 6.4 6.6 6.8 6.8 6.8 6.9 6.7 6.6 6.5
5.9 5.7 5.7 5.8 5.7 6 5.8 6 6 6 6.1 6.1 6 6 6 6 6 6 6.1 6 6 6.1 6.1 6.1 6.1 6.2 6.2 6.4 6.6 6.7 6.9 4.2 6.9 6.9 6.8 6.8 6.8 6.9 6.9 7 6.9 6.8 6.7 6.6 6.3 6 5.7 5.5 7.6 6.4 6.3 6.3 6.3 6.3 6.2 6.1 6.1 6.2 6.3 6.3 6.2 6.3 6.5 6.7 6.9 6.9 5.6 6.7 6.6 6.4 6.4 6.4 6.4 6.4 6.4 6.5 6.5 6.5 6.6 6.6 6.6 6.6 6.6 6.6 6.5 6.3 6.7 6.8 3.9 7 6.9 7 6.9 6.7 6.6 6.5
5.7 5.7 5.7 5.7 6 6.1 6.1 4.7 6 6 6 6.1 6 6 6 6 6 6 6 6 6 6.1 6.1 6.1 6.1 6.2 6.2 6.3 6.5 6.7 6.8 6.9 4.6 7 6.9 6.9 7 4.2 7 7 5.7 7 6.9 6.6 6.3 6 5.7 7.6 6.4 6.4 6.4 6.4 6.4 6.3 6.2 6.2 6.1 6.2 6.3 6.2 6.2 6.1 6.4 6.6 6.8 6.9 6.3 6.6 6.5 6.3 6.3 6.3 6.3 6.3 6.3 6.4 6.4 6.4 6.5 6.4 6.4 6.4 6.4 6.5 6.4 6.5 6.5 6.6 6.6 6.9 7 7 6.7 6.7 6.6 6.5
5.6 5.8 5.9 5.8 5.9 6 6.1 6.3 6.5 6 6 6.1 6 6 6 6 6 6 6 6 6 6.1 6.1 6.1 6.2 6.2 6.2 6.3 6.4 6.5 6.7 6.8 6.9 6.9 7 7 7 6.9 6.9 6.9 7 7 4.2 6.6 6.2 5.6 7.6 6.4 6.4 6.4 6.4 6.4 6.4 6.3 6.2 6.2 6.1 6.1 6.2 6.2 6.2 6.3 6.4 6.8 6.9 7.1 6.7 6.5 6.4 6.2 6.2 6.2 6.2 6.2 6.3 6.3 6.3 6.3 6.3 6.3 6.3 6.3 6.3 6.3 6.3 6.4 6.4 6.5 6.6 6.9 7.3 7.2 6.8 6.8 6.6 6.4
5.8 4.3 5.9 5.8 5.8 5.9 6 6.2 6.4 4.7 6 6.1 6 6 6 6 6 6 6 6 6 6.1 6.1 6.1 6.2 6.2 6.2 6.3 6.4 6.5 6.6 6.7 6.8 6.8 7 7 6.9 6.8 6.8 6.9 6.9 6.9 7 6.7 5.9 7.8 6.4 6.4 6.3 6.4 6.4 6.3 6.3 6.2 6.2 6.2 6.1 6.1 6.2 6.3 6.5 6.5 6.6 6.7 7.4 6.8 6.5 6.2 6.1 6.1 6.1 6.1 6.2 6.2 6.2 6.2 6.2 6.2 6.2 6.2 6.2 6.2 6.2 6.2 6.2 6.3 6.3 6.4 6.5 6.8 7.2 7.1 6.9 6.7 6.5 6.4
5.8 5.8 5.8 5.8 5.7 5.8 5.9 6.1 6.3 4.9 5.8 6.1 6 6 6 6 5.9 6 6 6 6 6.1 6.1 6.1 6.1 6.2 6.2 6.3 6.4 6.5 6.6 6.6 6.7 6.7 6.8 6.8 6.8 6.7 6.7 6.8 6.7 6.7 6.8 7 7.1 7.8 6.2 6.2 6.3 6.3 6.2 6.2 6.2 6.1 6.1 6.1 6.1 6.2 6.4 6.6 6.7 6.8 6.8 5.1 6.8 6.6 6.4 6.1 6.1 6.1 6.1 6.1 6.2 6.2 6.2 6.2 6.2 6.2 6.2 6.2 6.2 6.2 6.2 6.2 6.2 6.3 6.3 6.3 6.4 6.5 6.4 6.3 3.9 6.6 6.4 6.4
5.7 5.7 5.7 5.7 5.7 5.7 5.7 4.5 6.2 6 6 6 6 6 6 6 5.9 6 6 6 6 6.1 6.1 6.1 6.1 6.2 6.2 6.2 6.3 6.4 6.5 6.6 6.6 6.7 6.7 6.7 6.6 6.6 6.6 6.6 6.6 6.6 6.6 4.6 7.8 6.1 6.1 6.1 6.1 6.2 6.2 6.1 6.1 6.2 6.2 6.2 6.2 6.2 6.5 6.8 6.8 6.8 6.8 6.8 6.6 6.5 6.2 6.1 6 6 6.1 6.1 6.1 6.1 6.2 6.2 6.2 6.2 6.2 6.2 6.2 6.2 6.2 6.2 6.2 6.2 6.3 6.3 6.4 6.4 6.7 6.7 6.8 6.6 6.4 6.4
5.7 5.7 5.7 5.3 5.8 5.6 5.7 5.6 5.9 6 6 6 6 6 6 6 5.9 5.9 6 6 6 6.1 6.1 6.1 6.1 6.2 6.2 6.2 6.2 6.3 6.4 6.5 6.5 6.5 6.6 6.5 6.5 6.5 6.5 6.5 6.5 6.5 6.4 7.8 6.5 6.6 6.2 6.1 6.1 6.1 6.1 6.1 6.1 6.1 6.2 6.2 6.2 6.3 6.6 5.1 6.8 6.8 6.8 6.8 6.5 6.3 6.2 6.1 6.1 6.1 6.1 6.1 6.1 6.1 6.2 6.2 6.2 6.2 6.2 6.2 6.2 6.2 6.2 6.2 6.2 6.2 6.3 6.3 6.3 6.4 6.4 6.6 7 6.7 6.5 6.4
5.8 5.7 5.8 5.7 5.8 5.8 5.8 5.7 6 6 6 6 6 6 6 6 5.9 5.9 5.9 6 6 6.1 6.1 6.1 6.1 6.2 6.1 6.1 6.2 6.2 6.3 6.4 6.4 6.4 6.4 6.4 6.4 6.4 6.3 6.4 6.4 6.4 7.8 7.5 7 6.6 6.4 6.2 6.1 6.1 6.1 6.1 6.1 6.1 6.2 6.3 6.3 6.4 6.6 5.1 6.8 6.8 6.8 6.8 6.6 6.4 6.3 6.2 6.2 6.2 6.1 6.1 6.1 6.1 6.2 6.2 6.2 6.2 6.2 6.2 6.2 6.2 6.2 6.2 6.2 6.2 6.2 6.3 6.3 6.4 6.4 6.4 6.4 7 6.7 6.5
5.8 5.8 5.8 5.8 5.8 5.9 6 5.7 6 6 6 6 6 6 6 6 5.9 5.9 5.9 5.9 6 6 6.1 6.1 6.1 6.1 6.1 6.1 6.1 6.2 6.2 6.3 6.3 6.3 6.3 6.3 6.3 6.3 6.2 6.1 6.3 7.8 7.7 7.3 6.9 6.6 6.5 6.3 6.1 6.1 6.1 6.1 6.1 6.1 6.2 6.2 6.3 6.4 6.6 5.2 6.8 6.8 6.8 6.8 6.7 6.6 6.5 6.4 6.3 6.3 6.2 6.1 6.1 6.1 6.2 6.2 6.2 6.2 6.2 6.2 6.2 6.2 6.2 6.2 6.2 6.2 6.2 6.3 6.3 6.3 6.4 6.4 6.5 7.2 6.9 6.6
5.7 5.7 5.8 5.8 5.9 5.9 6 5.9 6.1 6 6 6 6 6 6 6 5.9 5.9 5.9 5.9 6 6 6.1 6.1 6.1 6.1 6.1 6.1 6.1 6.1 6.2 6.2 6.2 6.2 6.2 6.2 6.2 6.1 6 5.9 7.7 7.8 7.3 7.1 6.8 6.6 6.4 6.2 6.1 6.1 6.1 6.1 6.1 6.1 6.2 6.2 6.3 6.4 6.6 6.8 6.8 6.8 6.8 6.8 6.7 6.6 6.5 6.5 6.3 6.3 6.2 6.2 6.1 6.1 6.1 6.2 6.2 6.2 6.2 6.2 6.2 6.2 6.2 6.2 6.2 6.1 6.2 6.2 6.3 6.3 6.4 6.6 6.6 4.7 6.9 6.7
5.7 5.8 5.9 5.9 6 6 5.8 6.1 6.1 6.1 6 6 6 6 6 5.9 5.9 5.9 5.9 5.9 6 6 6 6.1 6.2 6.2 6.1 6.1 6.1 6.1 6.1 6.1 6.1 6.1 6.1 6.1 6 6 5.9 7.1 8 7 5.1 6.5 6.7 6.4 6.2 6.1 6.1 6.2 6.1 6.1 6.1 6.1 6.1 6.2 6.3 6.3 6.5 6.7 6.8 6.8 6.8 6.8 6.8 6.7 6.6 6.5 6.4 6.3 6.2 6.2 6.1 6.1 6.1 6.2 6.2 6.2 6.2 6.2 6.2 6.1 6.1 6.1 6.1 6.1 6.2 6.2 6.3 6.2 6.3 6.2 6.2 6.1 7 6.6
5.7 5.7 5.9 6 6.1 6.1 6.3 6.2 6.1 6.1 6.1 6 6 6 6 5.9 5.9 5.9 5.9 5.9 6 6 6 6.1 6.1 6.2 6.2 6.2 6.1 6.1 6.1 6 6 6 6 6 5.9 5.9 5.3 8.1 6.7 5.1 6.5 6.5 6.5 6.3 6 6.1 6.2 6.2 6.1 6.1 6.1 6.1 6.1 6.2 6.3 6.4 6.5 6.6 6.7 6.8 6.9 7 6.9 6.7 6.6 6.5 6.4 6.3 6.3 6.2 6.2 6.1 6.1 6.1 6.1 6.1 6.1 6.1 6.1 6.1 6.1 6.1 6.1 6.1 6.1 6.2 6.2 6.1 6.3 6.2 6.2 6.2 6.7 5.7
5.6 5.7 5.9 6 6.1 6.1 6.1 6.1 6.1 6.1 6 6 6 6 5.9 5.9 5.9 5.9 5.9 5.9 6 6 6.1 6.1 6.1 6.2 6.2 6.2 6.1 6.1 6 6 6 6 6 5.9 5.9 5.7 7.7 6.2 6.7 6.6 6.4 6.3 6.2 6.1 6.1 6.1 6.2 6.2 6.2 6.1 6.1 6.1 6.1 6.2 6.3 6.4 6.6 6.6 6.7 6.8 6.9 7.1 7 6.8 6.6 6.5 6.4 6.3 6.3 6.3 6.2 6.2 6.1 6.1 6.1 6.1 6.1 6.1 6.1 6.1 6.1 6.1 6.1 6.1 6.1 6.2 6.2 6 6.1 6.2 6.1 6.5 6.6 6.7
5.6 5.7 5.8 5.8 6 6 6 6 6 6 6 6 6 5.9 5.9 5.8 5.8 5.9 5.9 5.9 6 6 6.1 6.1 6.2 6.2 6.2 6.1 6.1 6.1 6 6 6 6 5.9 5.9 5.8 7.5 6.6 6.7 6.6 6.5 6.4 6.2 6.1 6 6.1 6.2 6.3 6.3 6.2 6.1 6.1 6.1 6.2 6.3 6.3 6.4 6.7 6.7 6.8 6.8 6.9 7.1 7 6.8 6.6 6.4 6.3 6.3 6.3 6.2 6.2 6.2 6.2 6.1 6.2 6.2 6.1 6.1 6.1 6.1 6.1 6.1 6.1 6.1 6.1 6.1 6.1 5.9 5.9 6.2 6.2 6.4 6.5 6.6
5.7 5.6 5.7 5.8 6 6 6 6 6 6 6 6 5.9 5.9 5.8 5.6 5.5 5.5 5.9 6 6 6.1 6.1 6.1 6.2 6.2 6.2 6.1 6.1 6 6 6 6 6 5.9 5.8 7 6.5 6.6 6.6 6.5 6.4 6.4 6.2 6.1 6 6.1 6.2 6.3 6.3 6.2 6.1 6.1 6.2 6.3 6.3 6.4 6.4 6.8 6.8 6.8 6.8 6.9 7.1 6.9 6.7 6.5 6.4 6.3 6.3 6.3 6.2 6.2 6.2 6.2 6.1 6.1 6.2 6.2 6.2 6.2 6.2 6.2 6.1 6.1 6.1 6.1 6.1 6 5.8 5.7 6.1 6.2 6.3 6.4 6.4
5.7 5.6 5.8 5.8 6 6 6 6 6 5.9 6 6 6 6 5.8 5.5 8.5 5.5 6 6 6.1 6.1 6.1 6.1 6.2 6.2 6.2 6.1 6.1 6 6 6 6 6 5.9 5.2 7.5 6.8 5.1 6.5 6.5 6.4 6.3 6.2 6.1 6.1 6 6.1 6.2 6.3 6.2 6.1 6.2 6.3 6.3 6.4 6.4 6.5 6.8 6.7 6.9 7.1 7.1 7.1 6.9 6.6 6.4 6.3 6.2 6.2 6.2 6.2 6.2 6.2 6.2 6.1 6.1 6.1 6.2 6.2 6.2 6.2 6.2 6.2 6.2 6.2 6.2 6 5.8 5.7 5.7 6 6.2 6.2 6.3 6.3
5.6 5.9 5.9 4.8 6.1 6 5.9 6 6 6 6 6 6 6 5.9 5.8 8.1 6.6 6 6 6.1 6.1 6.1 6.2 6.2 6.2 6.2 6.1 6.1 6 6 6 6 5.9 5.7 7.5 6.4 6.7 5.1 6.4 6.4 6.3 6.3 6.2 6.1 6.1 6.1 6.1 6.1 6.2 6.1 6.2 6.3 6.3 6.4 6.5 6.5 6.5 6.4 6.5 7.3 6.8 7.3 7.2 6.8 6.6 6.4 6.2 6.2 6.2 6.2 6.2 6.2 6.3 6.2 6.1 6.1 6.1 6.1 6.2 6.2 6.2 6.2 6.2 6.3 6.3 6.2 5.9 5.6 5.9 6 6.1 6.2 6.3 6.3 6.1
5.9 5.9 6 6.1 6 6.1 6 6 6.1 6.1 6.1 6.1 6.1 6 6 6 6.1 6 6 6 6.1 6.1 6.1 6.2 6.2 6.2 6.2 6.1 6.1 6 6 6 5.9 5.7 7.5 6.4 6.6 6.9 7.3 6.5 6.4 6.3 6.3 6.3 6.3 6.2 6.2 6.2 6.2 6.2 6.2 6.3 6.3 6.4 6.5 6.5 6.4 6.4 6.4 6.4 6.7 6.7 6.8 7.3 6.6 6.5 6.3 6.2 6.2 6.2 6.2 6.2 6.2 6.3 6.2 6.1 6.1 6.1 6.1 6.1 6.2 6.2 6.2 6.2 6.2 6.3 6.1 5.8 5.5 6.1 6.2 6.3 6.4 6.5 6.3 6.2
5.9 5.9 6 6.1 6.4 6.3 6.2 6.1 6.1 6.1 6.1 6.1 6.1 6.1 6 6.1 6.2 6.2 6.1 6.1 6.1 6.1 6.1 6.2 6.2 6.2 6.2 6.1 6.1 6 6 5.9 5.8 7.5 5.2 6.4 6.6 6.8 7.2 6.2 6.4 6.4 6.4 6.5 6.4 6.4 6.3 6.3 6.3 6.3 6.4 6.4 6.4 6.5 6.5 6.4 6.4 6.3 6.3 6.2 6.4 6.5 6.6 6.7 6.6 6.4 6.2 6.1 6.2 6.2 6.2 6.2 6.2 6.2 6.2 6.2 6.1 6.1 6.1 6.1 6.1 6.2 6.2 6.2 6.2 6.2 5.9 5.6 5.6 5.9 6 6.1 6.2 6.4 6.4 6.3
5.8 5.9 6 6.1 6.4 6.3 6.2 6.2 6.2 6.2 6.1 6.1 6.1 6.1 6.1 6.2 6.3 6.2 6.2 6.1 6.1 6.1 6.1 6.2 6.2 6.2 6 5.9 5.9 5.9 6 6.1 7.3 6.1 6 6.3 6.5 6.8 7.3 7.4 7.5 5.6 7.5 7.4 7.6 6.1 6.5 6.4 6.4 6.4 6.5 6.6 6.5 6.4 6.3 6.3 6.2 6.2 6.2 6.2 6.3 6.4 6.4 6.5 6.7 6.4 6.3 6.1 6.2 6.2 6.1 6.1 6.1 6.1 6.1 6.1 6.1 6 6.1 6.1 6.1 6.1 6.1 6.1 6.1 6.1 5.8 5.4 5.6 5.6 5.8 5.9 6.1 6.3 6.3 6.2
