Game/Highland_Data/StreamingAssets/GeoData/Data/st/ST36.asc
ncols 200
nrows 200
xllcorner 330000
yllcorner 160000
cellsize 50
[rows 88 to 131 of 200, columns 0 to 95 of 200]
-4 -4 -4 -4 -4 -4 -4 -4 -4 -4 -4 -4 -4 -4 -4 -4 -4 -4 -4 -4 -4 -4 -4 -4 -4 -4 -4 -4 -4 -4 -4 -4 -4 -4 -4 -4 -4 -3.6 -2.9 -2.3 -1.6 -0.9 -0.3 0.4 1.1 1.7 2.3 2.6 2.9 3.3 3.7 4.1 4.4 4.5 4.5 4.5 4.6 5.2 5.8 6.1 6.3 6.5 9.6 8.5 7.4 6.9 6.3 6.4 6.2 6.2 6.1 6.1 6.1 6.1 6.1 6.1 6.1 6.1 6.1 6.2 6.2 6.1 6.1 6 6 6 5.9 6 6.1 4.2 6.4 6.9 8.9 10.7 11.7 11.3
-4 -4 -4 -4 -4 -4 -4 -4 -4 -4 -4 -4 -4 -4 -4 -4 -4 -4 -4 -4 -4 -4 -4 -4 -4 -4 -4 -4 -4 -4 -4 -4 -4 -4 -4 -4 -4 -3.6 -3 -2.3 -1.6 -0.9 -0.2 0.4 1.1 1.4 1.8 2.2 2.5 2.9 3.3 3.7 4 4.4 4.5 4.5 4.8 5.4 5.9 6.3 6.8 6.8 7.4 8.1 7.4 7 6.5 6.5 6.2 6.1 6.1 6.1 6.1 6.1 6.1 6.1 6.1 6.1 6.2 6.2 6.1 6 6 6 5.9 5.9 5.9 5.9 5.8 6 6.7 8.6 11.1 12.5 12.6 11.7
-4 -4 -4 -4 -4 -4 -4 -4 -4 -4 -4 -4 -4 -4 -4 -4 -4 -4 -4 -4 -4 -4 -4 -4 -4 -4 -4 -4 -4 -4 -4 -4 -4 -4 -4 -4 -4 -3.6 -2.9 -2.3 -1.6 -0.9 -0.3 0.3 0.6 1 1.4 1.8 2.1 2.5 2.9 3.2 3.6 4 4.4 4.5 4.9 5.2 5.4 5.6 6.3 7 8 8.3 8 7.6 6.9 6.2 6.1 6.1 6.1 6.1 6.1 6.1 6.1 6.1 6.1 6.1 6.2 6.2 6.1 6 5.9 6 6.2 5.8 5.8 5.9 4.8 6.1 7.2 9.6 10.3 10.4 10.5 10
-4 -4 -4 -4 -4 -4 -4 -4 -4 -4 -4 -4 -4 -4 -4 -4 -4 -4 -4 -4 -4 -4 -4 -4 -4 -4 -4 -4 -4 -4 -4 -4 -4 -4 -4 -4 -4 -3.6 -2.9 -2.3 -1.6 -0.9 -0.5 -0.1 0.2 0.6 1 1.4 1.7 2.1 2.5 2.8 3.2 3.6 4 4.3 4.6 4.9 5 5 5.6 6.3 7.7 10.4 8.4 8.2 7.1 6.2 6.1 6.1 6.1 6.1 6.1 6.1 6.1 6.1 6.1 6.2 6.2 6.2 6.2 6 5.9 5.9 5.8 5.8 5.9 5.9 5.9 6.2 7.5 8.6 8.7 8.8 8.6 8.2
-4 -4 -4 -4 -4 -4 -4 -4 -4 -4 -4 -4 -4 -4 -4 -4 -4 -4 -4 -4 -4 -4 -4 -4 -4 -4 -4 -4 -4 -4 -4 -4 -4 -4 -4 -4 -4 -3.6 -2.9 -2.2 -1.6 -1.3 -0.9 -0.5 -0.2 0.2 0.6 1 1.3 1.7 2.1 2.5 2.9 3.3 3.7 4.1 4.5 4.5 4.5 4.5 4.9 5.5 7.5 9.9 8.6 8.8 6.6 6.2 6.1 6.1 6.1 6.1 6.1 6.1 6.1 6.1 6.2 6.2 6.2 6.2 6.2 6.1 5.9 5.8 5.8 5.9 5.9 5.9 5.9 6 6.5 6.7 7.1 6.7 6.7 6.7
-4 -4 -4 -4 -4 -4 -4 -4 -4 -4 -4 -4 -4 -4 -4 -4 -4 -4 -4 -4 -4 -4 -4 -4 -4 -4 -4 -4 -4 -4 -4 -4 -4 -4 -4 -4 -4 -3.6 -2.9 -2.4 -2.1 -1.7 -1.3 -0.9 -0.6 -0.2 0.3 0.7 1.1 1.6 2 2.4 2.9 3.2 3.6 3.9 4.3 4.5 4.5 4.5 4.5 4.6 7.4 9.3 8.6 8.6 7.5 6.2 6.1 6.1 6.1 6.1 6.1 6.1 6.1 6.2 6.2 6.2 6.2 6.2 6.2 6.1 6 5.8 5.8 5.8 5.9 5.9 5.9 5.9 5.9 6.2 6.4 6.4 6.3 6.4
-4 -4 -4 -4 -4 -4 -4 -4 -4 -4 -4 -4 -4 -4 -4 -4 -4 -4 -4 -4 -4 -4 -4 -4 -4 -4 -4 -4 -4 -4 -4 -4 -4 -4 -4 -4 -4 -3.6 -3.2 -2.8 -2.4 -1.9 -1.5 -1 -0.6 -0.1 0.3 0.7 1.2 1.6 2 2.3 2.7 3 3.4 3.7 4.1 4.4 4.5 4.5 4.5 4.5 7.2 8.8 8.6 9 6.8 6.8 6.1 6.1 6.1 6.1 6.1 6.1 6.2 6.2 6.2 6.2 6.2 6.2 6.2 6.1 5.9 5.8 5.8 5.9 5.9 5.9 5.9 5.9 5.9 5.9 6 6.1 6.2 6.4
-4 -4 -4 -4 -4 -4 -4 -4 -4 -4 -4 -4 -4 -4 -4 -4 -4 -4 -4 -4 -4 -4 -4 -4 -4 -4 -4 -4 -4 -4 -4 -4 -4 -4 -4 -4 -4 -3.6 -3.2 -2.7 -2.3 -1.9 -1.4 -1 -0.5 -0.1 0.4 0.8 1.1 1.5 1.8 2.2 2.5 2.9 3.2 3.6 3.9 4.3 4.5 4.5 4.5 4.5 5.1 9.3 8.5 8.9 7.4 6.4 6.2 6.1 6.1 6.1 6.1 6.2 6.2 6.2 6.2 6.2 6.2 6.3 6.2 6 5.9 5.8 5.9 5.9 5.9 5.9 5.9 5.9 5.9 5.9 5.9 6 6.2 6.4
-4 -4 -4 -4 -4 -4 -4 -4 -4 -4 -4 -4 -4 -4 -4 -4 -4 -4 -4 -4 -4 -4 -4 -4 -4 -4 -4 -4 -4 -4 -4 -4 -4 -4 -4 -4 -4 -3.6 -3.1 -2.7 -2.2 -1.8 -1.3 -0.9 -0.5 -0.1 0.2 0.6 0.9 1.3 1.6 2 2.3 2.7 3 3.4 3.7 4.1 4.4 4.5 4.5 4.5 4.6 8.8 8.5 8.8 8.6 6.5 6.3 6.3 6.2 6.2 6.2 6.2 6.2 6.2 6.2 6.2 6.2 6.2 6.1 6 5.9 5.8 5.9 5.9 5.9 5.9 5.9 5.9 5.9 5.9 5.9 5.9 6.3 6.5
-4 -4 -4 -4 -4 -4 -4 -4 -4 -4 -4 -4 -4 -4 -4 -4 -4 -4 -4 -4 -4 -4 -4 -4 -4 -4 -4 -4 -4 -4 -4 -4 -4 -4 -4 -4 -4 -3.5 -3 -2.6 -2.1 -1.7 -1.3 -1 -0.6 -0.3 0.1 0.4 0.8 1.1 1.5 1.8 2.2 2.5 2.9 3.2 3.6 3.9 4.3 4.5 4.5 4.5 4.5 8.4 8.5 8.7 8.5 7.1 6.5 6.4 6.4 6.3 6.3 6.2 6.2 6.2 6.2 6.2 6.2 6.1 6.1 5.9 4.1 5.9 5.9 5.9 5.9 5.9 5.9 5.9 5.9 5.9 5.9 5.9 5.9 6.5
-4 -4 -4 -4 -4 -4 -4 -4 -4 -4 -4 -4 -4 -4 -4 -4 -4 -4 -4 -4 -4 -4 -4 -4 -4 -4 -4 -4 -4 -4 -4 -4 -4 -4 -4 -4 -4 -3.4 -2.9 -2.6 -2.2 -1.9 -1.5 -1.2 -0.8 -0.5 -0.1 0.2 0.6 0.9 1.3 1.6 2 2.3 2.7 3 3.4 3.7 4.1 4.4 4.5 4.5 4.5 8.4 8.6 8.5 8.3 7.3 6.4 6.4 6.4 6.3 6.3 6.2 6.2 6.2 6.2 6.2 6.1 6 6.1 6 5.8 5.9 5.9 5.9 5.9 5.9 5.9 5.9 5.9 5.9 5.9 5.9 5.9 6.1
-4 -4 -4 -4 -4 -4 -4 -4 -4 -4 -4 -4 -4 -4 -4 -4 -4 -4 -4 -4 -4 -4 -4 -4 -4 -4 -4 -4 -4 -4 -4 -4 -4 -4 -4 -4 -3.8 -3.5 -3.1 -2.8 -2.4 -2.1 -1.7 -1.4 -1 -0.7 -0.3 0 0.4 0.7 1.1 1.4 1.8 2.1 2.5 2.8 3.2 3.5 3.9 4.2 4.5 4.5 4.5 8.4 8.5 8.3 9 6.9 6.5 6.4 6.4 6.4 6.3 6.2 6.2 6.1 6.1 6.2 6 5.9 5.9 6 5.8 5.9 5.9 5.9 5.9 5.9 5.9 5.9 5.9 5.9 5.9 5.9 5.9 6.2
-4 -4 -4 -4 -4 -4 -4 -4 -4 -4 -4 -4 -4 -4 -4 -4 -4 -4 -4 -4 -4 -4 -4 -4 -4 -4 -4 -4 -4 -4 -4 -4 -4 -4 -4 -4 -3.7 -3.4 -3.1 -2.8 -2.5 -2.2 -1.9 -1.5 -1.2 -0.8 -0.5 -0.1 0.2 0.6 0.9 1.3 1.6 2 2.3 2.7 3 3.4 3.7 4.1 4.4 4.5 4.5 8.1 8.5 8.5 9 6.3 6.4 6.5 6.5 6.4 6.2 6.1 6.1 6.1 6.1 6.1 5.9 5.8 5.7 5.4 5.9 5.9 6 6 5.9 5.9 5.9 5.9 5.9 5.9 5.9 5.9 5.9 6.1
-4 -4 -4 -4 -4 -4 -4 -4 -4 -4 -4 -4 -4 -4 -4 -4 -4 -4 -4 -4 -4 -4 -4 -4 -4 -4 -4 -4 -4 -4 -4 -4 -4 -4 -4 -4 -3.6 -3.3 -3 -2.8 -2.5 -2.2 -1.9 -1.6 -1.3 -0.9 -0.7 -0.3 0 0.4 0.7 1.1 1.4 1.8 2.1 2.5 2.8 3.2 3.5 3.9 4.2 4.5 4.5 8.1 8.4 8.4 8.6 6.9 6.4 6.6 6.5 6.3 6.2 6 6.1 6.1 6.1 6 5.8 5.7 5.8 5.9 6 6 6 6 5.9 5.9 5.9 5.9 5.9 5.9 5.9 5.9 5.9 5.8
-4 -4 -4 -4 -4 -4 -4 -4 -4 -4 -4 -4 -4 -4 -4 -4 -4 -4 -4 -4 -4 -4 -4 -4 -4 -4 -4 -4 -4 -4 -4 -4 -4 -4 -4 -3.8 -3.5 -3.2 -2.9 -2.6 -2.4 -2.1 -1.8 -1.5 -1.2 -0.9 -0.6 -0.3 0 0.3 0.6 0.9 1.3 1.6 2 2.3 2.7 3 3.4 3.7 4.1 4.4 4.5 8 8.4 8.4 8.5 8.3 6.8 6.5 6.3 6.2 6.1 6 5.9 6 6 5.9 5.7 5.7 5.8 5.9 6 5.9 5.9 5.9 5.9 5.9 5.9 5.9 5.9 5.9 5.9 5.9 5.9 5.9
-4 -4 -4 -4 -4 -4 -4 -4 -4 -4 -4 -4 -4 -4 -4 -4 -4 -4 -4 -4 -4 -4 -4 -4 -4 -4 -4 -4 -4 -4 -4 -4 -4 -4 -4 -3.7 -3.5 -3.2 -2.9 -2.6 -2.3 -2 -1.7 -1.4 -1.1 -0.8 -0.5 -0.2 0.1 0.4 0.7 1 1.3 1.6 1.9 2.2 2.5 2.8 3.2 3.5 3.9 4.2 4.5 8.1 8.6 8.3 8.3 8.8 7.7 6.5 6.2 6.1 6 5.9 5.8 5.8 5.8 5.7 5.7 5.7 5.8 5.9 5.9 5.9 5.9 5.9 5.9 5.9 5.9 5.8 5.9 5.9 5.9 5.9 5.9 5.9
-4 -4 -4 -4 -4 -4 -4 -4 -4 -4 -4 -4 -4 -4 -4 -4 -4 -4 -4 -4 -4 -4 -4 -4 -4 -4 -4 -4 -4 -4 -4 -4 -4 -4 -4 -3.6 -3.3 -3.1 -2.8 -2.5 -2.2 -1.9 -1.6 -1.3 -1 -0.7 -0.5 -0.2 0.1 0.4 0.8 1.1 1.4 1.7 2 2.3 2.6 2.9 3.2 3.5 3.8 4.1 4.4 8.3 8.7 8.5 8.4 8.6 7.8 6.2 6.1 6 5.9 5.8 5.6 5.6 5.6 5.6 5.6 5.7 5.8 5.8 5.8 5.8 5.8 5.8 5.9 5.9 5.8 5.8 5.8 5.8 5.8 5.8 5.8 5.8
-4 -4 -4 -4 -4 -4 -4 -4 -4 -4 -4 -4 -4 -4 -4 -4 -4 -4 -4 -4 -4 -4 -4 -4 -4 -4 -4 -4 -4 -4 -4 -4 -4 -4 -3.8 -3.5 -3.2 -3 -2.7 -2.4 -2.1 -1.8 -1.6 -1.3 -1 -0.7 -0.4 -0.1 0.2 0.5 0.8 1.1 1.4 1.7 2 2.3 2.6 2.9 3.2 3.5 3.8 4.1 4.4 8.4 8.4 8.3 8.5 7.9 6.2 5.9 5.8 5.8 5.7 5.8 5.7 5.6 5.6 5.6 5.7 5.8 5.8 5.8 5.8 5.8 5.7 5.8 5.9 5.8 5.8 5.8 5.8 5.8 5.8 5.8 5.8 5.8
-4 -4 -4 -4 -4 -4 -4 -4 -4 -4 -4 -4 -4 -4 -4 -4 -4 -4 -4 -4 -4 -4 -4 -4 -4 -4 -4 -4 -4 -4 -4 -4 -4 -4 -3.7 -3.4 -3.1 -2.9 -2.6 -2.3 -2 -1.8 -1.5 -1.2 -0.9 -0.6 -0.3 -0.1 0.2 0.5 0.8 1.1 1.4 1.7 2 2.3 2.6 2.9 3.2 3.5 3.8 4.1 4.4 8.6 8.2 7.9 8.6 6.8 5.8 5.7 5.6 5.7 5.7 5.8 5.8 5.7 5.7 5.7 5.8 5.8 5.8 5.8 5.7 5.7 5.7 5.8 5.8 4.9 5.8 5.8 5.8 5.8 5.8 5.8 5.8 5.8
-4 -4 -4 -4 -4 -4 -4 -4 -4 -4 -4 -4 -4 -4 -4 -4 -4 -4 -4 -4 -4 -4 -4 -4 -4 -4 -4 -4 -4 -4 -4 -4 -4 -3.8 -3.6 -3.3 -3 -2.8 -2.5 -2.2 -2 -1.7 -1.4 -1.1 -0.8 -0.6 -0.3 0 0.3 0.6 0.9 1.2 1.4 1.7 2 2.3 2.6 2.9 3.2 3.5 3.8 4.1 4.4 9.9 7.9 7.3 7 6.3 5.6 5.6 5.6 5.7 5.7 5.8 5.8 5.7 5.7 5.8 5.8 5.8 5.8 5.8 5.7 5.7 5.3 5.8 5.8 5.8 5.7 5.7 5.8 5.8 5.8 5.8 5.8 5.8
-4 -4 -4 -4 -4 -4 -4 -4 -4 -4 -4 -4 -4 -4 -4 -4 -4 -4 -4 -4 -4 -4 -4 -4 -4 -4 -4 -4 -4 -4 -4 -4 -4 -3.7 -3.5 -3.2 -3 -2.7 -2.4 -2.2 -1.9 -1.6 -1.3 -1.1 -0.8 -0.5 -0.2 0 0.3 0.6 0.9 1.2 1.5 1.8 2.1 2.4 2.7 2.9 3.2 3.5 3.8 4.1 4.4 9 7.9 7.7 6.6 5.6 5.6 5.6 5.7 5.7 5.8 5.8 5.8 5.7 5.7 5.8 5.8 5.8 5.8 5.8 5.8 5.8 5.8 5.8 5.7 5.7 5.7 5.8 5.8 5.8 5.8 5.8 5.8 5.8
-4 -4 -4 -4 -4 -4 -4 -4 -4 -4 -4 -4 -4 -4 -4 -4 -4 -4 -4 -4 -4 -4 -4 -4 -4 -4 -4 -4 -4 -4 -4 -4 -4 -3.6 -3.4 -3.1 -2.9 -2.6 -2.3 -2.1 -1.8 -1.5 -1.3 -1 -0.7 -0.4 -0.2 0.1 0.4 0.7 0.9 1.2 1.5 1.8 2.1 2.4 2.7 3 3.3 3.6 3.9 4.2 4.5 8.5 7.9 7.5 5.9 5.7 5.7 5.7 5.7 5.7 5.8 5.8 5.8 5.6 5.8 5.8 5.8 5.8 5.8 5.8 5.8 5.9 5.8 5.7 5.6 5.6 5.7 5.8 5.8 5.8 5.8 5.8 5.8 5.8
-4 -4 -4 -4 -4 -4 -4 -4 -4 -4 -4 -4 -4 -4 -4 -4 -4 -4 -4 -4 -4 -4 -4 -4 -4 -4 -4 -4 -4 -4 -4 -4 -3.8 -3.5 -3.3 -3 -2.8 -2.5 -2.2 -2 -1.7 -1.4 -1.2 -0.9 -0.6 -0.4 -0.1 0.2 0.5 0.7 1 1.3 1.6 1.8 2.1 2.4 2.7 3 3.3 3.6 3.9 4.2 4.5 8.5 7.6 7 5.8 5.7 5.7 5.7 5.7 5.7 5.8 5.8 5.8 5.6 5.8 5.8 5.8 5.8 5.7 5.7 5.7 5.7 5.7 5.6 5.6 5.6 5.7 5.8 5.8 5.8 5.8 5.8 5.8 5.8
-4 -4 -4 -4 -4 -4 -4 -4 -4 -4 -4 -4 -4 -4 -4 -4 -4 -4 -4 -4 -4 -4 -4 -4 -4 -4 -4 -4 -4 -4 -4 -3.9 -3.7 -3.4 -3.2 -2.9 -2.7 -2.4 -2.2 -1.9 -1.6 -1.4 -1.1 -0.8 -0.6 -0.3 0 0.3 0.5 0.8 1.1 1.4 1.6 1.9 2.2 2.5 2.7 3 3.3 3.6 3.9 4.2 4.6 8.6 7.9 6.1 5.8 5.8 5.7 5.8 5.8 5.8 5.8 5.8 5.7 4.1 5.8 5.8 5.8 5.8 5.7 5.6 5.5 5.6 5.5 5.5 5.5 5.6 5.7 5.8 5.8 5.8 5.8 5.8 5.8 5.8
-4 -4 -4 -4 -4 -4 -4 -4 -4 -4 -4 -4 -4 -4 -4 -4 -4 -4 -4 -4 -4 -4 -4 -4 -4 -4 -4 -4 -4 -4 -4 -3.8 -3.5 -3.3 -3 -2.8 -2.5 -2.3 -2.1 -1.8 -1.5 -1.3 -1 -0.8 -0.5 -0.2 0 0.3 0.6 0.9 1.1 1.4 1.7 2 2.2 2.5 2.8 3.1 3.4 3.6 3.9 4.2 5.6 8.5 7.8 6 5.9 5.8 5.8 5.8 5.8 4.3 5.8 5.7 5.8 5.8 5.8 5.8 5.9 5.7 5.6 5.5 5.5 5.6 5.6 5.5 5.5 5.6 5.7 5.8 5.8 5.8 5.8 5.8 5.8 5.9
-4 -4 -4 -4 -4 -4 -4 -4 -4 -4 -4 -4 -4 -4 -4 -4 -4 -4 -4 -4 -4 -4 -4 -4 -4 -4 -4 -4 -4 -4 -3.9 -3.6 -3.4 -3.2 -2.9 -2.7 -2.5 -2.2 -2 -1.7 -1.4 -1.2 -0.9 -0.7 -0.4 -0.2 0.1 0.4 0.7 0.9 1.2 1.5 1.8 2 2.3 2.6 2.8 3.1 3.4 3.7 4 4.3 7 8.6 7.9 6.2 5.8 5.8 5.8 5.8 5.7 5.6 5.7 5.6 5.7 5.7 5.8 5.8 5.8 5.6 5.5 5.5 5.6 6.7 6.3 5.5 5.5 5.6 5.7 5.7 5.8 5.8 5.8 5.8 5.8 5.8
-4 -4 -4 -4 -4 -4 -4 -4 -4 -4 -4 -4 -4 -4 -4 -4 -4 -4 -4 -4 -4 -4 -4 -4 -4 -4 -4 -4 -4 -4 -3.8 -3.5 -3.3 -3.1 -2.8 -2.6 -2.3 -2.1 -1.9 -1.6 -1.3 -1.1 -0.8 -0.6 -0.3 -0.1 0.2 0.5 0.7 1 1.3 1.5 1.8 2.1 2.4 2.6 2.9 3.2 3.5 3.7 4 4.3 8.3 8.4 7.5 6.7 6 5.8 5.8 4.5 5.6 5.5 5.5 5.5 5.6 5.7 5.8 5.8 5.8 5.6 5.8 6.7 7.7 8.6 6.9 5.4 5.5 5.6 5.7 5.7 5.8 5.8 5.8 5.8 5.8 5.8
-4 -4 -4 -4 -4 -4 -4 -4 -4 -4 -4 -4 -4 -4 -4 -4 -4 -4 -4 -4 -4 -4 -4 -4 -4 -4 -4 -4 -4 -3.9 -3.6 -3.4 -3.2 -2.9 -2.7 -2.5 -2.2 -2 -1.8 -1.5 -1.3 -1 -0.8 -0.5 -0.2 0 0.3 0.5 0.8 1.1 1.3 1.6 1.9 2.1 2.4 2.7 3 3.2 3.5 3.8 4.1 4.3 9.1 8 7.1 6.9 6.6 5.8 5.8 5.8 5.7 5.7 5.7 5.6 5.6 5.7 5.7 5.8 5.8 5.5 5.7 6.3 7.3 9.1 8.3 5.8 5.6 5.6 5.7 5.7 5.7 5.8 5.8 5.8 5.8 5.9
-4 -4 -4 -4 -4 -4 -4 -4 -4 -4 -4 -4 -4 -4 -4 -4 -4 -4 -4 -4 -4 -4 -4 -4 -4 -4 -4 -4 -4 -3.7 -3.5 -3.3 -3.1 -2.8 -2.6 -2.4 -2.1 -1.9 -1.6 -1.4 -1.2 -0.9 -0.7 -0.4 -0.2 0.1 0.4 0.6 0.9 1.1 1.4 1.7 1.9 2.2 2.5 2.7 3 3.3 3.6 3.8 4.1 4.4 9.8 7.9 6.8 6.5 6.3 6.1 5.3 5.8 5.7 5.6 5.5 5.5 5.6 5.6 5.7 5.8 5.7 5.5 5.7 6.3 6.8 8.2 8.1 6.6 5.7 5.7 5.7 5.7 5.7 5.7 5.8 5.8 5.8 5.9
-4 -4 -4 -4 -4 -4 -4 -4 -4 -4 -4 -4 -4 -4 -4 -4 -4 -4 -4 -4 -4 -4 -4 -4 -4 -4 -4 -4 -3.8 -3.5 -3.3 -3.1 -2.9 -2.7 -2.5 -2.3 -2 -1.8 -1.5 -1.3 -1.1 -0.8 -0.6 -0.3 -0.1 0.2 0.4 0.7 0.9 1.2 1.5 1.7 2 2.2 2.5 2.8 3.1 3.3 3.6 3.9 4.2 4.4 8.4 7.7 6.5 6.2 6 5.8 5.8 5.8 5.6 5.5 5.5 5.5 5.5 5.6 5.7 5.7 5.7 5.5 5.7 5.7 5.7 6.9 6.6 6.2 5.8 5.8 5.8 5.8 5.7 5.7 5.8 5.8 5.9 6
-4 -4 -4 -4 -4 -4 -4 -4 -4 -4 -4 -4 -4 -4 -4 -4 -4 -4 -4 -4 -4 -4 -4 -4 -4 -4 -4 -4 -3.6 -3.4 -3.1 -2.9 -2.8 -2.5 -2.3 -2.1 -1.9 -1.7 -1.4 -1.2 -1 -0.7 -0.5 -0.2 0 0.2 0.5 0.8 1 1.3 1.5 1.8 2.1 2.3 2.6 2.8 3.1 3.4 3.7 3.9 4.2 5 8.4 7.5 6 5.8 5.7 5.7 5.8 5.7 5.5 5.4 5.4 5.5 5.5 5.6 5.6 5.7 5.7 5.5 5.4 5.5 5.7 5.9 5.9 5.9 5.9 5.9 5.9 6 6 6 6.4 6.4 6.2 6.3
-4 -4 -4 -4 -4 -4 -4 -4 -4 -4 -4 -4 -4 -4 -4 -4 -4 -4 -4 -4 -4 -4 -4 -4 -4 -4 -4 -3.7 -3.5 -3.2 -2.9 -2.7 -2.5 -2.4 -2.2 -2 -1.7 -1.5 -1.3 -1.1 -0.9 -0.6 -0.4 -0.1 0.1 0.4 0.6 0.8 1.1 1.3 1.6 1.8 2.1 2.4 2.6 2.9 3.2 3.4 3.7 4 4.2 6.1 8.5 8.2 6.1 5.7 5.6 5.6 5.7 5.8 5.4 5.4 5.4 5.4 5.5 5.5 5.6 5.7 5.6 5.6 5.6 5.7 5.8 5.9 6 6.1 6 6 6 6 6.2 6.6 7.6 6.6 6.6 6.6
-4 -4 -4 -4 -4 -4 -4 -4 -4 -4 -4 -4 -4 -4 -4 -4 -4 -4 -4 -4 -4 -4 -4 -4 -4 -4 -4 -3.6 -3.3 -3 -2.7 -2.5 -2.3 -2.2 -2 -1.8 -1.6 -1.4 -1.2 -0.9 -0.7 -0.5 -0.3 0 0.2 0.4 0.7 0.9 1.2 1.4 1.7 1.9 2.2 2.4 2.7 3 3.2 3.5 3.8 4 4.3 7.4 8.5 7.9 6.1 5.5 5.5 5.6 5.7 4.1 5.5 5.4 5.4 5.4 5.5 5.5 5.6 5.7 5.7 5.8 5.8 6 6.2 6.4 6.6 6.6 6.4 6.2 6 6.2 7.1 7.3 8.6 8.9 9.2 8.2
-4 -4 -4 -4 -4 -4 -4 -4 -4 -4 -4 -4 -4 -4 -4 -4 -4 -4 -4 -4 -4 -4 -4 -4 -4 -4 -3.7 -3.4 -3.1 -2.8 -2.6 -2.3 -2.1 -1.9 -1.8 -1.6 -1.4 -1.2 -1 -0.8 -0.6 -0.3 -0.1 0.1 0.3 0.5 0.8 1 1.3 1.5 1.8 2 2.2 2.5 2.8 3 3.3 3.5 3.8 4.1 4.3 8.9 8.1 7.5 5.8 5.4 5.5 5.6 5.7 5.8 5.7 5.6 5.5 5.4 5.5 5.5 5.6 5.6 5.7 5.8 6.2 6.9 7.1 7.3 7.8 7.6 7.3 7.7 8.2 8.3 8.6 8 8.4 11.6 14 13.2
-4 -4 -4 -4 -4 -4 -4 -4 -4 -4 -4 -4 -4 -4 -4 -4 -4 -4 -4 -4 -4 -4 -4 -4 -4 -3.7 -3.4 -3.2 -2.9 -2.7 -2.4 -2.1 -1.9 -1.7 -1.5 -1.4 -1.2 -1 -0.8 -0.6 -0.4 -0.2 0 0.2 0.5 0.7 0.9 1.1 1.4 1.6 1.8 2.1 2.3 2.6 2.8 3.1 3.3 3.6 3.9 4.1 4.4 9.4 7.8 7.1 5.9 5.7 5.6 5.7 5.7 5.8 5.8 5.7 5.6 5.5 5.4 5.5 5.5 5.6 5.7 5.7 6.4 7.2 8.5 9.5 9.9 9.7 9.8 11.7 11.8 11.6 11.3 9.2 8.1 9.9 12.7 14.9
-4 -4 -4 -4 -4 -4 -4 -4 -4 -4 -4 -4 -4 -4 -4 -4 -4 -4 -4 -4 -4 -4 -4 -4 -4 -3.5 -3.2 -2.9 -2.8 -2.5 -2.2 -1.9 -1.7 -1.5 -1.3 -1.1 -1 -0.9 -0.7 -0.4 -0.2 0 0.2 0.4 0.6 0.8 1 1.3 1.5 1.7 1.9 2.2 2.4 2.7 2.9 3.2 3.4 3.7 3.9 4.2 4.4 8.4 7.5 6.7 6.2 6 5.7 5.7 5.7 5.8 5.8 5.7 5.6 5.5 5.6 5.6 5.4 5.5 5.6 5.6 7.1 10.7 11.8 11.8 11.6 10.9 11.6 14 15.3 14.5 11.8 9.4 10.1 10.8 12 13.7
-4 -4 -4 -4 -4 -4 -4 -4 -4 -4 -4 -4 -4 -4 -4 -4 -4 -4 -4 -4 -4 -4 -4 -4 -3.6 -3.2 -2.9 -2.6 -2.5 -2.3 -2 -1.7 -1.5 -1.2 -1.1 -0.9 -0.7 -0.6 -0.5 -0.3 -0.1 0.2 0.4 0.6 0.8 1 1.2 1.4 1.6 1.8 2.1 2.3 2.5 2.7 3 3.2 3.5 3.7 4 4.2 5.9 8.2 7.3 6.5 6.2 5.9 5.7 5.7 5.6 5.6 5.8 5.7 5.6 5.6 5.8 5.8 5.6 5.3 5.4 5.7 6.5 11 16 15.5 14 12 12.2 13.5 15.5 15.6 14.1 12.8 13.3 13.6 14 15.6
-4 -4 -4 -4 -4 -4 -4 -4 -4 -4 -4 -4 -4 -4 -4 -4 -4 -4 -4 -4 -4 -4 -4 -3.7 -3.3 -3 -2.7 -2.4 -2.1 -2 -1.9 -1.6 -1.3 -1.1 -0.8 -0.7 -0.5 -0.3 -0.2 -0.1 0.1 0.3 0.5 0.7 1 1.2 1.4 1.6 1.8 2 2.2 2.4 2.6 2.9 3.1 3.3 3.6 3.8 4.1 4.3 8.4 8.1 7.3 6.6 6 5.9 5.7 5.8 5.9 5.6 5.7 5.7 5.6 5.8 6 6 5.7 5.4 5.6 5.7 6.4 9.2 15.2 16.4 13.3 12.9 13.2 14.4 15.9 16.4 16.3 16 16.3 16.7 17.3 18.3
-4 -4 -4 -4 -4 -4 -4 -4 -4 -4 -4 -4 -4 -4 -4 -4 -4 -4 -4 -4 -4 -4 -3.8 -3.4 -3.1 -2.8 -2.5 -2.2 -1.8 -1.6 -1.6 -1.4 -1.1 -0.9 -0.6 -0.4 -0.2 -0.1 0 0.2 0.3 0.5 0.7 0.9 1.1 1.3 1.5 1.8 2 2.2 2.4 2.6 2.8 3 3.2 3.5 3.7 3.9 4.1 4.4 9.4 7.6 6.7 6.2 6 5.9 5.7 5.8 6 6 6 5.6 5.7 6 6.2 6.2 5.9 6 6.3 6.2 6.2 7 9.7 10 12.1 13.3 14.6 15.8 17 18.4 18.9 19.2 19.3 19.9 20.7 21.8
-4 -4 -4 -4 -4 -4 -4 -4 -4 -4 -4 -4 -4 -4 -4 -4 -4 -4 -4 -4 -4 -4 -3.5 -3.2 -2.9 -2.6 -2.3 -1.9 -1.6 -1.3 -1.2 -1.1 -0.9 -0.6 -0.4 -0.1 -0.1 0.2 0.3 0.4 0.5 0.7 0.9 1.1 1.3 1.5 1.7 1.9 2.1 2.3 2.6 2.8 3 3.2 3.4 3.6 3.8 4 4.3 4.6 8.4 7.2 6.3 6.2 6 5.9 5.9 6 6.2 6.2 5.9 6 6.2 6.4 6.6 6.9 7.1 7.3 7.4 7.6 7.7 8.6 10 11.3 13.1 14.8 15.9 17.3 19.3 21.1 21.8 23.1 24.4 25.7 26.7 27.3
-4 -4 -4 -4 -4 -4 -4 -4 -4 -4 -4 -4 -4 -4 -4 -4 -4 -4 -4 -4 -4 -3.6 -3.2 -3 -2.6 -2.4 -2 -1.7 -1.4 -1.1 -0.8 -0.8 -0.7 -0.5 -0.2 0 0.3 0.4 0.5 0.7 0.8 0.9 1 1.2 1.5 1.7 1.9 2.1 2.3 2.5 2.7 2.9 3.1 3.4 3.6 3.8 4 4.2 4.4 7.4 8.1 6.9 6.3 6.2 6.1 6 6.1 6.3 6.4 6.5 6 6.3 7.1 7.6 8 8.9 9.6 10.5 10.9 11.5 11.8 12.2 12.8 13.9 15 17 18.7 20 21.6 24.1 25.7 27.5 29.2 31 32.4 32.8
-4 -4 -4 -4 -4 -4 -4 -4 -4 -4 -4 -4 -4 -4 -4 -4 -4 -4 -4 -4 -3.6 -3.3 -2.9 -2.6 -2.4 -2 -1.8 -1.5 -1.2 -0.8 -0.5 -0.4 -0.3 -0.3 0 0.3 0.5 0.6 0.8 1 1.1 1.2 1.3 1.4 1.6 1.8 2 2.3 2.5 2.7 2.9 3.1 3.3 3.5 3.7 3.9 4.2 4.4 4.5 9.4 7.7 6.4 6.3 6.3 6.1 6 6.4 6.6 6.6 6.8 6.5 7.4 8.6 9.9 11.1 12.2 13.3 14.3 15.6 16.5 16.9 17.8 18.7 19.4 19.2 20.9 22.5 23.3 25.2 27.6 29.4 31.5 33.4 36.6 40.7 46.7
-4 -4 -4 -4 -4 -4 -4 -4 -4 -4 -4 -4 -4 -4 -4 -4 -4 -4 -4 -4 -3.4 -2.9 -2.6 -2.3 -2 -1.8 -1.4 -1.3 -0.9 -0.6 -0.3 0 0 0.1 0.2 0.4 0.7 0.9 1 1.2 1.3 1.5 1.6 1.7 1.8 2 2.2 2.4 2.6 2.8 3.1 3.3 3.5 3.7 3.9 4.1 4.3 4.5 4.5 8.1 7.1 6.2 6.2 6.3 6.2 6.2 6.6 6.9 7 7 7.6 10.1 11.8 13.4 14.5 15.7 17.1 19.1 21.9 25.1 26 26.8 26.2 24.9 24.4 25.2 26.6 27.5 29.2 32.6 37.5 43 51.2 58 64.5 70.1
-4 -4 -4 -4 -4 -4 -4 -4 -4 -4 -4 -4 -4 -4 -4 -4 -4 -4 -4 -4 -3.4 -2.6 -2.3 -1.9 -1.7 -1.4 -1.2 -0.9 -0.7 -0.4 -0.1 0.2 0.4 0.5 0.5 0.6 0.9 1.1 1.4 1.4 1.6 1.7 1.8 2 2.1 2.2 2.4 2.6 2.8 3 3.2 3.4 3.6 3.9 4.1 4.3 4.5 4.5 6.9 7.6 6.5 6.2 6.2 6.2 6.2 6.5 6.9 7.5 9.7 13.2 13.7 15 16.6 18.7 21.8 24.6 27.2 30.9 35.2 39.6 45.2 47.9 41.7 36.9 36.5 36.5 40.2 44.4 48.7 51.6 57.3 64.5 71 77.2 79.9 81
