Game/Highland_Data/StreamingAssets/GeoData/Data/st/ST40.asc
ncols 200
nrows 200
xllcorner 340000
yllcorner 100000
cellsize 50
[rows 70 to 104 of 200, columns 79 to 157 of 200]
115.1 120.1 124.5 125.4 125.5 124.5 125.2 126.9 128.5 129.2 129.6 131.2 134 136 139.3 142.9 147 151.5 157.4 164.3 166.8 166 160.5 155.9 149.2 145.2 143.2 141.3 142.1 141.9 140.7 136 124.6 119.3 125.9 125 120.7 110.5 103 97.5 100.1 99.9 97.8 92 87.7 83.9 80.7 78.7 78.4 76.7 76.8 75.8 73.7 72.6 74.7 76.2 77.4 77.5 76.4 75.2 73.2 72.9 73.8 74 74.7 75.6 75.8 75.5 77 77.2 76 72.9 73.4 74.9 77.4 80.1 81.7 83.9 85.3
119.2 123 127.2 128.9 128.7 126.1 127 128.3 130.3 131.4 132 133.4 134.9 138.3 142 145.6 150.4 157.6 164.4 169.6 172.2 171.4 167.1 162.1 157 152.1 149.9 147.3 146.3 143.6 139.4 132.9 125.7 127.6 129.6 125.5 117.1 108.7 101.5 99 102.3 105.1 103.7 99.8 93.2 87.6 82.8 80.4 79 77.9 77 75.6 74.4 74.3 75.7 76.9 78.1 78.1 77 75.2 73.7 74.9 76.3 75.8 75.5 76.8 77.4 77.2 77.4 80 79.7 77 73.5 74.8 79.3 80.8 82.4 84.1 85.5
118.2 122.5 128 132 131.9 129.5 130.1 130 132 133.6 135.2 137.2 139.9 142.4 146 149.5 155.2 163.3 170.8 175 177.9 178.9 177 173.4 167.1 160.4 156.5 153.2 149 142.7 136.9 132.4 130.6 132.5 130.9 125.6 114.3 108.1 104.9 104.2 106.7 107.7 106.7 101.8 95.7 89.8 85.7 82.7 81.3 80.5 79.1 77.5 75.7 74.3 77.6 77.8 78.7 78.4 77.5 76.4 74.8 76.8 78.4 77.9 77.4 78.2 79.3 79.5 78.9 82.9 83.4 80.6 76.7 74.9 76.6 80.6 81 82.6 83.5
119.7 123.7 127.9 131.9 133.3 132.3 134 133.8 135.7 137.5 139.9 141.9 144.5 147.7 151.2 156.6 163.9 171.1 175.2 180.4 184.3 186.3 185.7 182.9 176.9 168.6 163.6 157.3 151.2 145.8 139.1 136 134.5 132.5 128.4 120.8 114 111.4 108.3 109.1 109.9 109 107.1 100.5 93.6 89.1 85.9 83.6 83.4 82.6 80.9 79.1 77.1 75 79 79.2 79.5 79 77.7 76.8 76.7 77.5 79.5 79.8 79.3 79.9 81.1 82.8 83.9 86.9 85.2 81.2 78.2 77.4 76.4 77.5 79.3 80.3 83.4
118.8 122.6 125.9 129.6 132.9 134.7 137.5 138.8 139.1 142 147.5 148.9 153.5 157.1 161.6 165.5 170.3 176.4 181.5 185.7 188.4 190.2 190.7 189.6 184.6 178.6 168.3 161.9 156.1 150.7 147.3 139.5 135.9 133.3 126.5 127.7 121.7 115.9 113.8 113.4 112.1 109.7 106.8 100.8 92.4 88.4 86.4 85.7 84.8 83.7 81.4 79.6 75.9 77.5 80.2 81.3 80.8 79.5 79.1 80 81.1 81.6 83 83.5 84.6 85 83.5 85.5 90.6 92.1 86.1 80.6 79.6 79.3 77.8 77.2 78 82.7 84.8
119.8 122.6 126.2 129.9 133.2 137.1 140.3 144.7 146.1 150.6 153.6 156 161.7 164.3 167.1 170 173.7 179.5 184.9 188.4 191.9 192.8 193.5 192.9 190.4 184.6 177.3 170 162.5 157.3 151.8 147.6 141.2 134.9 131.3 128.4 125.9 118.9 118.8 117.9 115.4 110.7 105.7 99.7 94 89.6 90 89 87 83.9 80.8 79.3 77.2 79.3 82.3 83.2 81 85.6 84.3 83.3 85.3 87.5 88.2 87.9 89.1 89 88.3 88.5 92.1 90.9 85.4 83.4 81.6 81.6 80.9 77 79.7 83 84.5
121.7 124.5 127.2 131.6 135.1 139.4 145.8 150 152.7 155.3 158 160.6 164.2 166.9 168.8 170.9 174 177.3 182.3 186.7 189.8 192.9 194.8 194.5 192.1 189.2 185 177.4 170.9 165.3 159.5 153.6 146.7 141.3 135.8 131.7 127.4 124.5 122.1 119.9 115.1 109.7 104.2 98.9 94.3 93.9 94.1 92.4 87.1 83.1 81.9 81.7 76.9 81.8 83.9 84.5 84.1 89.2 91.1 92.5 90.5 91.9 96.8 96.2 94.3 94.3 94.3 94.2 93.7 91.6 89.6 88.3 86.7 83.7 82.7 78.2 81.4 83.1 84.8
124.5 126 128.9 134.3 139.9 148.4 153 155.3 156.5 158.3 161.1 164 166.8 168.6 170.4 171.9 173.4 176.8 180.3 183.1 186.8 190.2 191.3 192.4 191.7 190.4 186.3 180.6 176 170.7 164.9 158.3 152.5 147.6 142 137.5 131.2 126 123.1 117.6 112 106.6 101.4 96.2 93 92.9 93.2 90.8 85.8 85 84.8 82 79.3 83.4 86.2 87.3 85.3 89 87.9 93 98 101.4 100.5 99.5 103.9 106.3 103.2 103.2 98.7 96.4 94.7 92.5 89.8 85.4 83.6 78.6 80.7 82.6 84.2
128.5 128.9 130.5 136.1 143.4 155.9 157.9 159 159.9 161.4 163.7 166.1 168.9 169.6 169.9 170.3 171 173.2 176.6 179.3 182.7 186 187.1 187.6 188 187.9 184.8 180.1 176.7 171.6 166.6 160.1 154.2 150.5 146.7 141.7 136 129 123.4 117.5 112.5 106.3 100.4 95.7 91.1 89.9 88.4 86.3 86.9 87.7 84.9 80.4 82.5 84.5 87.6 88.3 86.4 89.5 89.2 92.7 97.2 102.3 104 103.2 105.6 107.8 109.2 109.7 107.3 101.4 103.2 98.5 93.7 89 85.7 80.3 81 82.7 84.8
135.5 136.1 135.4 137.4 145.3 153.6 158 160.1 161.6 162.3 164.1 165 166.2 167.3 167.3 167.3 167.5 168 171 174.7 177.7 179.6 181 182.4 183.8 183.3 180.7 176.7 173.5 169.6 164.2 159.5 154.9 151.7 148.4 145.2 139.3 132.3 125.6 119.6 112.2 104.8 100.5 95.4 93.8 92 91.4 89.4 87.5 85.4 82.6 80 83.3 85.3 87.2 88.5 88.3 92.6 93 95.7 99.4 108.7 109.2 108.4 108.3 113 112.4 112.1 109.7 108.1 105.9 101.3 96.7 90.3 87.4 84 79 82.8 86
141.1 142.8 142.4 141.4 142.5 146.6 151.1 153.6 156.4 157.9 158.1 160.7 162.4 163.1 164.5 164.4 164.4 164.7 166.1 169.2 172 173.7 174.2 176.2 178.7 178.1 173.4 172.7 168.7 165.4 161.7 157.7 154 150.3 146.9 145.2 141.4 130.6 126.9 119.2 111.2 106.3 101.7 99.1 97.3 95.5 93.4 90.8 87.8 83.4 84.2 82.2 82.9 85.8 88.7 90.3 90.3 95.7 97.1 101.2 102.7 109.5 112.1 113.8 115.2 114.8 115.4 114.1 111.6 110.5 108.5 102.2 96.4 91.3 87.4 83.6 83.1 81.3 85.8
137.7 139.6 140.9 141.4 141.8 143.8 144.5 146.1 148.2 149.8 151.2 153.5 154.9 158.6 158.4 160.3 161 159 162.3 165 166.9 167.9 167.5 169.1 172.4 172.1 170 169.3 166.9 162.3 160.2 158.4 153.7 148.4 146.3 144.9 142.3 131.9 125.1 119 112 107.5 100.7 101.4 99 95.4 92.2 88.7 86.5 85.8 85.2 83.2 85.1 86.1 89.9 91.6 92.1 97.3 99.8 105.8 108.2 111.4 115.1 115.8 116.1 116.2 115.7 115.9 116 110.9 108.4 101.7 97.9 93.7 88.1 84.5 84.7 82.2 82.9
130.8 135.3 136.6 137.3 139 140.4 140.5 141.7 142.4 143.1 144.3 145.2 147 146.8 150.4 153.9 151.6 151.3 156.9 158.5 160.6 163.5 161 162.9 165.6 167.6 165.7 165.3 166.5 160 157.5 158.1 153.8 148.6 141.7 142.4 139.9 132 123.9 118.3 113.4 106 106.3 106.8 102.9 97.1 93.5 91 88.6 88.1 87 83.3 85.9 86.6 89.6 93.6 93.2 97.2 102.2 107.4 113.1 115.2 117.1 117.8 118.2 118.6 119.9 119.1 119 111.9 106.7 104.5 100 95.5 91.9 87 86 85.7 83.9
124.4 128.5 131.3 133.2 134.2 136 137.7 139.5 139.3 139.2 138.9 139.6 140.1 142.1 143.2 144.9 143.7 144.4 148.3 149.3 152.1 156.6 154 156.1 161 162.3 161.9 160.4 162.1 159.5 150.7 152 152.5 147.5 140.1 137.4 134.4 131 125.6 120.5 112.6 111.8 113.8 111.1 106.1 101.3 99.2 96 90.8 90 88.4 84.2 88 88.6 89.7 94.4 95 97.6 102.9 107.2 111.9 116.7 119.5 120.6 122.2 123.1 124.2 122.1 118.1 113.4 109.9 106.6 101.6 96.3 93.1 88.6 87.5 83.9 82.4
121.3 123.5 126.6 127.4 129.1 131.4 134.4 136.4 137 136.7 135.4 135.3 135.6 136 136.8 137 136.8 136.2 139.6 141.5 143.7 146.2 145.7 148.9 155.4 158.6 158.1 156 156.8 155.8 147.1 142.9 144.9 145.2 139.3 133.7 131.4 132 126.1 121.3 117.6 120.7 118.1 114.5 109.8 106.5 103.2 99.4 95.6 92.2 89 88.1 89.2 90.2 91.8 96.6 97.9 97.8 101.3 106.4 112.1 117.1 121 124.2 126.3 126 127.8 123.6 117.1 115.4 112.2 108.2 101.5 99.4 95.7 89.8 87.1 87.9 84.1
116.3 120.2 121.5 122.4 122.7 126.3 130.8 132.9 133.7 134.6 134.2 132.3 131 131.4 132.8 131.6 130.6 130.3 131.5 134.6 138.6 139.1 139.5 143 147.8 153 154.2 150.6 150.7 148.2 143.2 139.5 137.9 137.3 134.8 130.5 130.3 129.7 127.3 123.6 123.3 124.1 121.8 117.9 115.7 112.6 106.8 103.2 98.3 93.9 89.9 88.5 90.8 93.2 93.9 97.6 100.8 101.2 105.3 107.1 110.2 116.6 120.8 126.1 129.2 130 130 125.7 120.6 118.3 115 109.5 102.3 101.4 96.3 90.7 87.2 89.8 87.7
111.5 115.3 116 117.1 116.9 123.2 126 128.7 130.4 130.2 130.2 130.1 127.9 127.6 129.7 129.4 127.7 125.2 126.3 129.7 132.7 132.7 132.6 138.5 142.6 148.5 149.3 144.5 142.6 141.2 137.1 133.3 131.7 131.6 129.8 127.2 127.1 126.9 126.9 127.6 127 125.9 124.6 122.4 118.8 113.5 107.7 103.3 98.9 93.8 89.8 91.5 90.9 95.5 97.5 98.1 101.8 104.3 107.3 111.8 113.5 113.4 118.8 125.3 128.3 131.6 132.7 126.8 122.8 119.1 115.4 109 105.5 100.8 98.6 92.7 90.3 91.5 89.2
108.8 111.2 110.8 111.2 114.6 119.1 120.9 124.2 126.2 126.5 126.2 126.4 125.5 123 126.9 126.7 124.7 122 123.6 125.7 126.3 127.2 129.2 133.5 137.5 142.1 143.6 139.7 137 136 131.7 129 127.4 126.7 123.3 122.9 125.6 125.4 125.9 127 125.6 124.8 123.9 123.7 118.1 112.3 108.7 105.1 100.1 94.4 93.8 91.2 97 96.6 101.2 103.4 105.3 108.5 113 117.4 118.2 118.2 120.7 127 131.2 134.2 134 128 125.3 121.4 117 111.4 107.5 103.5 99 94 92.2 92.8 92.8
105.4 107 106 109.1 112.1 116.2 117.3 120.4 121.7 122.2 122.5 122.6 122.6 120.2 122.9 122.8 120.7 119.8 122.5 122.6 122.2 123 125.3 128.5 132 135.1 137.4 134.6 130.3 129.7 127.7 124.8 123.6 122.3 119.6 123.1 124.9 123.2 123.7 124.7 124 122.9 123.4 123.2 118.4 114.9 111.7 106.6 102.4 99 95.8 95.6 100.8 104.5 103.9 107.3 109.7 113.3 117.2 122.1 121.4 122.6 125.7 128.7 133.7 136.9 135.9 130.1 127.1 123 118.5 114.2 108.6 105.3 102.1 95.2 94.7 94.8 94.3
100.9 103.3 104.1 107 108.9 111.8 115 116.4 118 118 116.7 117.7 117.3 117 119.4 118.3 116 119.1 119.9 119.2 118.8 120.2 122.6 125.7 128.1 130 131 129.5 126.5 123.2 122.5 120.8 120 118.6 119.4 124.5 124.1 122.2 121.7 122.8 121 121.4 123.2 123.9 121 117 112.8 110.3 105.2 103.1 98.5 100.8 104.2 107.2 105.8 108.7 114.2 117.7 122.1 125.6 127.8 127.1 129.9 132.8 136.4 139 138.5 131.7 129.6 125.7 119.7 114.4 111.1 106.8 101.6 94.2 97.1 97.9 96.4
100.6 100.3 100.1 103.4 105.7 107.3 109.7 110.5 112.8 113.9 113.1 113.9 114.4 113.4 114.9 113.9 114.2 117.3 117.5 117.1 115.4 117.9 120.9 125.3 126.2 126.1 126.3 125.7 123.3 121 118.9 117.9 117.5 115.7 118.9 122.3 120.1 119.6 119.3 119.5 120.1 121.8 123.9 125.9 123.6 119.4 116.7 113.6 109.2 104.7 100.7 104.6 108.9 113.3 110.9 112.7 118.9 124.7 126.7 130.4 132.9 132.5 136.9 138.1 139.7 143.6 138.7 134.8 130.9 126.9 119.9 114.6 111 107.1 101 95.5 99.7 100.1 101.3
100.4 100.9 101.2 101.1 101.7 104.7 106.1 106.7 108.8 109.1 108.9 109.4 110.6 111 111.6 109.9 112.6 114.2 113.9 115 113.2 116.1 119.5 124.5 125.7 123.2 122.2 121.7 120 118.1 116.5 115.3 114.8 113.5 116.5 117.2 116.7 117 117.6 119.1 121.2 123 125.2 126.4 126.9 122 119.3 116.5 112.5 107.5 103.5 109.1 113.3 117 116.9 120.6 123.4 128.2 132.5 136.2 138 138.8 145.3 149.2 152 152.5 140.6 134.9 132.2 127.6 120.4 116.5 112.6 108.1 100.7 99.6 101.6 103.8 106.9
101.2 101.4 101.3 101.8 101.9 102.4 102.3 103.7 104.2 105.1 104.9 105.9 107.4 107.7 107.9 109.1 110.4 111 110.8 112.2 110.7 114.2 116.4 119.1 121.3 120.8 118 118.5 116.7 114.9 113 113 111.3 113.1 113.9 114 113.5 115.5 117.9 119.9 121.9 123.5 125.1 126.4 127.3 127.8 122.9 119.7 114.7 109.6 109.9 115.4 118.8 120.1 122.3 125.2 125 132.2 134.6 142.6 146.7 149.9 154 156.2 157.6 158.6 154.2 137.5 133.1 129.3 123.2 116.6 111.5 106.3 100.5 101.2 104.6 107.4 111
104.3 103 102.2 102 102.1 102.1 102.9 102.6 103.1 103.3 103.9 104.5 104.6 105 106.1 106.7 106.4 108 108.5 109 108.7 111.4 113.3 114.9 116.3 116.3 114.7 114.5 113.2 110.4 110.5 110.1 110.4 111.3 110.9 112.3 113.7 113.9 118.2 119.7 121.1 122.4 123.4 124.9 126 128.1 126.4 121.9 117.5 113.6 117.6 119.5 120.9 124.1 125.5 126.9 133.1 136.2 139.4 150.5 151.8 154 157.6 158.6 158.5 157.2 155.9 145.3 136.3 132.2 127.5 119 112.2 107.4 104.5 101.3 106.8 111.2 116.4
107.6 106.5 104.7 104.1 103.3 103.1 103.7 103.4 103.3 103.5 104.1 104.2 104.5 105 105.4 105.7 105.9 105.9 106.2 107.2 107.2 108.8 109.4 111.7 112.2 111.5 109.4 109.5 109.4 109.6 108.8 109.5 110.9 111.1 110.7 111.9 112.3 113.5 117.6 118.5 119.7 121.1 121.4 124 127 127.5 126.7 127.8 124.2 121.4 122.5 125.1 126.2 127.4 131.7 136.2 139.2 144.1 154.7 154.2 155.2 157.2 158.3 158.7 156.7 154.6 151.2 153.5 149.7 138 131.4 125.5 117.9 111.9 107 106.2 108.9 118.6 124.3
109.6 108.9 106.7 104.8 104.4 104.6 104.5 104.4 104.3 104.7 104.7 105.7 105.5 105 105.6 105.8 105.5 106.1 106.7 106.8 107.1 106.9 107.7 108 108.4 108.2 108.2 108.6 109.1 110 110.7 111.9 111.7 112.8 112.7 112.5 111.9 112.1 112.9 116.8 118.5 119.4 121.3 124.1 125.3 125.4 125.3 127.5 130.1 132 128.2 130.2 132.1 132.8 140.7 148.4 152.3 154.4 155.7 155.4 156.3 156.6 157.1 156.4 154.1 151.7 151.1 151 149.2 145.3 136.5 130.2 122.7 116.8 112.1 108.5 115.7 124.7 132.6
111.4 110.5 107.6 106 107.8 107.9 106.3 107.2 107.3 108.2 107.5 107.2 106.2 105.8 105.4 105.2 107 107.7 108.1 108.4 107.9 107.9 108 107.8 107.7 108.2 109.8 110.5 111.2 112.2 113.1 113.3 113.4 114 115.2 114 112.6 112.2 113 114.1 117 118.6 120.7 121.9 122.9 122.6 124.3 127.3 129.7 134.2 139.8 142.2 143.4 145.6 147.3 149.2 150.6 152.6 153.9 155 155.3 154.1 150.1 149.3 148.3 147.4 147.9 148.4 146.5 143.6 140.2 135.8 132.5 126.7 117.9 111.4 120.7 131 138.2
113.2 112.3 108.6 107.3 110.4 109.8 108.7 110.1 111.3 111.7 111.5 111.2 109.3 105.9 105.6 105.5 110.2 110.9 110.9 110.6 110.3 110.3 109.6 109.7 110.3 111.8 112.8 113.3 113.9 115.2 116 116.4 115.4 115.7 117.2 117.4 115.1 113.4 113.7 113.6 114.3 117.3 119.9 120 120.8 121.2 124.3 127.3 130 132 136.8 137.3 138.8 141.4 144.3 147.5 148.8 150.2 150.6 151.9 151.7 148 144 139.7 142.1 142.8 144.6 143.9 142.6 141 139 136.4 134.1 134.2 128.5 124.1 122.7 133.5 141.1
115.4 113.1 109 109.4 112.4 111.5 110.4 113.3 113.6 113.6 113.3 112.9 111.1 106.7 105.8 105.9 111.3 113.5 113.4 113.1 112.8 112.9 111.9 112.8 113.6 114.1 115.1 115.9 116.5 117.6 118.7 118.5 117.3 115.9 119 119.5 118.2 115 114.8 114.5 114.3 115.3 117.1 118.2 119 120.7 123.6 127.1 129.1 130.2 131.7 133.8 135.4 137.3 142.3 145.5 145.6 145.2 143.6 144.6 144.9 140.4 135.8 134.4 137 138.6 140.4 139.4 138.9 138.7 137.2 134.5 133.4 135.2 135.9 135.1 133.1 136.2 142.8
117.2 114.1 110 111.5 114 113 113.3 114.7 115 115.6 115.1 114.4 112.2 108 106.2 106.6 111.3 114.3 115.6 115.2 115.2 115.4 114.5 115.1 115.8 116.6 117.2 117.1 117.6 118.5 119.7 119.5 119.2 117.4 119.1 120.4 120.3 118.6 116.5 115.2 115.2 115.2 115.3 116.2 117.9 119.8 122.4 125.3 126.9 127.8 128.4 131.1 131.7 134.6 140.1 141.2 140.6 140.5 139.1 138.3 138.3 134.1 131.1 130.7 134.6 133.3 134.4 134.5 134.8 134.5 133.6 132.4 132.5 134.6 136.6 138.9 140.4 144.3 146.8
118.7 114 111.8 114.5 117.1 115 116.1 116.8 117.8 116.6 116.2 115.2 113.2 108.9 107.7 106.8 111.1 114.5 116 116.6 116.7 117.2 116.7 116.6 117 118.1 118.3 119.1 119.4 120.4 120.8 120.9 120.9 118.5 118.5 120.8 121.4 120.6 119.2 117.1 115.7 115.6 115.5 116 116.7 118.4 119.9 122.4 123.6 124.4 126.3 127.3 129.9 133.1 136.3 137.9 136 134.9 134.4 133.4 132.3 130.1 127.2 126.4 128.3 128.7 127.3 127.8 129.8 130.7 130.5 130.2 130.6 133.3 135.1 137.9 140.8 144.8 150.6
119.1 114.7 113.3 115.7 118.5 115.9 117.6 118.5 118.6 118.3 117.3 115.1 112.2 109.2 106.9 107 110.5 114.5 116.5 117.8 118 118 118.3 118.9 119 119.8 120.3 120.9 121.3 122.3 122.8 123 122 119.3 119.2 120.1 121.2 122.2 121.8 120.1 118 116.7 116.1 116.7 116.9 116.7 117.9 119.7 120.6 122.1 123.4 125.1 127.8 129.2 131.6 133.9 132 131.4 130.3 129 127.9 124.7 123.2 123.2 123.6 123.4 124.2 125.5 125.8 126.5 127 128.5 129.6 131.1 132.7 135.3 138.1 141.1 145
118.8 116.4 116.3 118.6 121.1 120.5 119 120.9 119.4 119.1 116.3 112.5 109.4 108.1 107 106.5 108.5 113.4 116.7 117.8 118.2 119.2 119.4 120 120.8 121 121.4 122.5 123.2 124.4 124.7 124.1 123.1 120.5 120.4 122.1 121.7 122.7 123 122.2 119.4 118.7 117.3 117.4 116.8 116.8 117.2 117.7 117.7 119.2 121.1 122.3 124.4 126.1 129.4 130.3 128.5 130.6 130.4 125.1 123.4 123.1 125.2 125 126.5 127.5 127.3 127.4 127.1 126.1 127.5 127.6 128.3 129.3 129.7 131.1 135 138.1 140.5
120.7 118.7 119.9 123.2 124 122.4 121.8 122.1 121.9 118.9 117.2 113.8 111.5 109.1 107.5 107.3 109.1 113.9 117.3 118.6 119.7 120.1 120.5 121 122.1 122.1 123.3 124.1 124.9 125.9 126.5 125.3 123.4 121.4 123.1 124.2 124.4 123.6 124.3 123.7 121.1 121.3 120.6 119.2 118 117.9 117.9 118.5 117.8 118.2 118.3 119.2 121 123.4 125.1 126.3 125.1 127 125.4 122.6 122.4 125.1 127.9 127.9 130.3 131.3 131.2 130.5 128 129.3 129.8 129.7 130.2 130.2 131 131.2 132 133.6 136
122 121.2 125.8 128.9 127.3 125.2 124 124.1 122.7 120.6 118.1 115.6 112.1 109.2 108 108 109 114 117.2 118.8 120.4 121 121.5 122.2 122.8 124 124.7 125.5 126.8 127.6 127.2 123.7 123.8 124.5 125.7 126.1 126.2 125.6 126.1 126.1 123 123.8 122.6 121 119.7 119.8 119.6 119.3 120.1 119.5 119.8 119.2 118.3 119.6 121.4 122.1 122 121.2 121 123.1 125.3 127 129.3 131.8 133.5 135 135 133.9 129.7 131.6 131.8 131.3 131.1 131.9 131.8 131.5 131.7 132.7 132.9
