Game/Highland_Data/StreamingAssets/GeoData/Data/st/ST76.asc
ncols 200
nrows 200
xllcorner 370000
yllcorner 160000
cellsize 50
[rows 74 to 110 of 200, columns 84 to 167 of 200]
134.7 133.3 132.3 132 132.7 134 134.6 136.7 140.1 142.1 145 146.2 148.3 153.1 157.5 159.5 158.8 156.4 153.7 148 140.3 125.1 115.7 113 96.2 86.8 82.5 78.4 73.3 67 62 55.1 48.1 43.3 39.1 35.3 31.4 29.7 29 25.9 23.9 22.1 20.8 20.2 19.6 19.7 17.7 19.4 19.6 19.8 20.1 21 22.4 25.2 26.2 28 27.8 35.1 35.4 37.6 38 38.2 40.4 41.8 42.1 43.4 43.9 43.9 43.8 46.7 46.3 45.2 43.8 43.3 43 41.4 40 35.4 33.4 32.8 32.2 31.2 27.6 21.2
128 125.1 124.8 125.5 126.9 128.4 128.4 130.8 134.9 137.8 140 141.7 144.6 150.1 154 158.6 158.7 155.9 151.1 148.1 128.1 106.7 98.8 91 83.7 77.4 73.1 70.1 65.4 59.9 54.4 48.5 43.5 40.4 36.9 33.2 30.1 28.3 25.5 24.4 23.4 21.9 21.2 20.3 19.5 19.8 17.7 19.5 19.6 19.7 20.8 21.6 23 26.9 27.7 32.3 37.8 39.3 40.5 40.7 40.6 41.4 43.7 45.2 46 46.7 48.6 48.2 48 50.2 49.5 49.2 48.3 47.3 45.7 42 38.9 36.8 35.4 36.3 35.5 32.6 26.4 21.3
122.7 121.3 118.9 119.6 120.8 121.1 114.5 124.4 125.1 132 135 137.9 140.8 144.3 147.3 150.5 153.2 151.9 134.8 119.7 104.5 94.9 87.3 80.6 73.3 68.3 62.6 58.4 53.3 49.9 46.8 42.3 39.2 35.9 32.6 30.3 27.8 25.3 23.7 23 22.7 21.7 20.6 19 19.4 18.5 19.6 19.6 20.1 21.3 21.9 25.2 27.8 31.1 35.4 39.4 41.3 43.4 44.7 44.2 44.5 46.4 47.7 50.5 50.6 50.9 51.6 53 52.1 53.4 53.8 53.3 52.4 50.2 47.8 43.6 40.3 37.7 36.6 38.5 37.7 35.6 26.8 22.7
118.3 116.1 111.2 113.7 114.5 113.5 115.3 120.3 121.7 126.9 130.7 133.7 136.6 138.6 141.6 144.4 144.6 134.6 111.5 105.3 93.2 84.4 77.3 69.5 64 60 52.7 47.1 42.5 39.8 36.4 34.3 31.7 29.3 28.3 26.2 23.9 22.6 22.4 22 21.4 17.7 17.7 17.7 17.7 19.6 20 21 21.6 27.1 24.7 27.7 35.4 38.9 41.7 44.8 46.7 48.3 49.2 48.5 49.9 52.2 53.5 55 55.3 55.2 54.9 56.5 56.2 56.6 57.4 56.9 56.3 53.9 50.3 45.6 42.2 41.8 43.4 42.3 41 37.1 27 25.9
113 108.7 102.6 107.4 107.7 105.9 111.7 116.7 118.1 121.4 126.9 129.7 131.3 134.2 136.6 138.3 140.7 118.1 105.1 91.8 84.9 76.8 68.9 60.9 55.5 49.3 43.9 39.7 33.9 30 26.4 24.6 24.5 24.4 23.4 22.2 22.2 22.2 21.8 21.1 20.3 20.2 19.5 19.4 19.2 20.4 24.7 28.1 27.5 29.5 32.4 36.2 44 47.2 48 50.1 51.8 52.3 54.1 54 55.2 58.5 59.2 59.3 59.3 60 60.1 60.1 59.8 60.1 60.9 60.9 60.4 56.8 52.4 47.2 44.8 48.2 50.8 48.4 44.8 35.4 26.2 21.7
106.3 101.1 94.1 99.7 102.6 104.1 108.9 113.6 115 118.1 122.7 125.5 127 129.3 131.2 133.1 134.9 105.6 93 85.2 77.8 68.5 60.6 54.6 48 40.8 35.5 30.1 25.7 24 22.4 21.8 21.1 20.9 20.5 21.6 21.4 21.3 21.2 19.8 17.7 20.2 20.4 20.4 27.9 26.5 30.1 34.8 35.7 40.3 39.8 45 53.8 56.4 57.8 57.3 58.6 59.3 60.6 60.7 61.2 64.4 64.8 64.5 64.4 65 64.8 64.8 63.4 63.8 64.6 64.6 63.3 59 54.4 49.8 49 52.9 55.6 52.8 43.8 35.3 24.3 20.8
105.3 98.8 88.2 88.5 91.4 87.6 102.4 107.7 109.9 115.4 119 120.8 122.9 125.4 127.1 128.3 115.1 95.1 85.4 78.5 69.7 62.8 55.6 47.6 39.3 33.8 27.6 23.4 22 21.6 20.6 20.4 20.2 20.3 21.1 21.3 20.5 20.1 19.8 19.9 17.7 22 27.3 24.2 30.1 34.2 35.4 40.9 45.7 49.6 51.4 55.1 60.9 65.1 67 66.7 66.5 67.4 67.6 67.8 67.2 69.8 70.5 70.2 69.7 69.9 69.8 70.5 68.4 68.1 68.6 68.4 66.7 63 57.2 52.6 52.4 55.8 58.1 50.7 39.5 32.3 25.6 18.6
99.5 94.4 83.8 80.6 80.7 82 96.3 95.7 100.4 111.4 114 115.4 118.1 120.9 122.9 124.3 100.1 86.2 77.4 69.6 62 55.5 47.4 39.5 33 28.8 24.2 22.4 21.7 21.1 20.4 20.4 20.8 20.8 20.9 21.2 17.7 17.7 18.7 22.7 27 23.3 26.6 34.5 36.4 41.6 46.2 50.1 53.7 60.2 63.2 65.8 68.8 71.6 75.1 75.4 74.9 73.8 73.9 73.6 74 74.5 74.9 75.2 75.7 75.6 74.5 74 73.4 73 73 72.8 70.6 67.9 62.2 57.4 57.4 60 61.4 49 35.4 28.1 21.1 21
93.3 89.4 79.9 73 75.1 80.6 89.7 85.9 91.9 101.8 108.9 111.4 113.4 115.5 118.7 108.7 89.6 79.8 69 61.4 55.4 46.3 39.4 32.9 27.4 23.5 22.1 22 21.5 20.6 20.5 20.4 20.6 20.4 18.5 17.7 20.6 22.3 27.6 26.6 28 36.2 37.7 41.4 44.8 51.1 57 63.3 68.9 73.4 74.1 74.4 79 82.6 86.2 87.7 86.7 85.2 84.4 82.6 82.3 83.5 85.3 84.6 84 84 81.9 80.2 77.7 78.1 78.3 77.6 75.8 74.3 68.7 63.1 64.6 66.5 62.6 46.9 35.4 25.5 18.6 21.1
86.1 83.2 75.9 69.1 70 75 76.7 77.1 84.1 89.4 97.5 106.8 108.8 109.4 112.2 98.2 84.1 75.4 62.9 55.4 47.4 38.9 32.3 27.8 24.7 22.4 21 21.7 19.7 20.4 20.5 20.3 19.7 17.7 18.1 21.3 24.1 28.5 32.5 35.4 39.5 42.5 49.1 53.6 58.5 65.9 73.9 77.9 79.7 84.9 85.9 86.6 91.6 94.9 98.9 101.2 100.2 98.4 96.9 95.7 94.8 94.5 95.3 94.1 92.4 90.6 88.7 86.4 83.6 84.4 84.2 83.1 81 78.6 75.9 73.8 73.1 72.1 60.3 46.8 34.1 24.5 21.2 21.6
76.4 74.6 70.8 65.9 65.4 68.7 68.5 72.7 80.9 89.1 96.3 100.8 102.4 102.7 99 88.4 80 65.9 55.9 47.2 39.2 32.4 27.1 24.9 21 19.2 17.7 17.7 18.6 19.6 19.6 19.7 21.2 23.6 27.5 30 28.2 37 43 48.2 50.7 57.3 57.9 64.3 71.2 76.8 82.1 85.9 88.5 92.8 94.7 99.3 104.5 107.6 112.4 116 114.8 112.6 110.5 109.6 108.6 106.5 104.7 105.9 103.2 99 96 93.2 90.6 90.5 90 89.5 86.7 83.8 81.4 80.7 79 75.3 61 43.9 32.1 18.7 21.5 21.9
68 67.5 66.1 63.5 61.5 60.2 63.3 70.5 79.9 86.7 89.7 92.4 97.5 90.4 88.6 81.1 66.6 58.2 48 38 30.6 27.9 24.6 21.3 17.7 19.9 20.1 21.4 22.2 23.1 24.5 25.5 27.5 30.5 35 28.2 39.8 46.1 51.2 54.9 56.8 61.7 67.3 71.8 77 81 85.9 90.5 95.1 100.2 104.7 109.7 114.9 119.9 124.6 127.6 127.6 125.5 123.4 122.3 121.9 120.6 118.9 116.3 113.2 109.3 104.1 100.6 99.9 98.1 96.8 95.1 92.4 89.6 87.1 85.9 81.8 71 55.7 39.8 29.2 18.7 21.4 22.3
61.6 62.2 61.7 60.7 57.3 57.9 59.9 66 73 79 79.6 82.4 83.5 82.1 81.9 74.2 61 50.7 40 33.5 28.4 25.2 27.5 17.7 20 20.9 21.6 22.7 23.8 25 26 27.6 29.6 31.9 33.7 35.4 43.3 47.8 51.1 54.1 58.2 65.3 71 76 80.3 85 90.4 96.1 101.1 107.1 113.2 119.2 125.5 131.2 135.2 137.9 138.9 137.7 136.3 135.3 133.1 130.9 126.4 123.3 120.9 118 113.4 109.7 109.4 107.8 106 103.8 99.8 94.9 92.5 89.4 80.7 66.5 51.3 36.8 27.9 18.7 21.6 23.2
57.5 57.5 57.3 55.2 54.3 55.4 57.1 61.4 67.1 70.2 71.7 73.2 74.2 76.4 77.1 64.7 55.6 44.6 36.3 31 25 21.4 17.7 24.5 26.6 21.5 22.4 23.3 24.5 25.5 26.5 28.3 30.5 32.6 36.2 38.9 43.3 47.6 51.3 56 60.2 67.5 72.8 78.5 83.6 88.5 93.8 100.5 106.2 113.4 120.6 127.8 135 142.5 147.2 149.1 150.5 148.7 148.7 148.2 145.4 141.5 137.8 135.7 131.9 128.9 125.9 122.2 119 120.3 120.5 113.3 107.3 101.9 98.5 90.6 78.7 62.9 49.2 35.4 27.7 20.2 21.7 23.8
53.9 53.8 51.5 49.1 50.9 52.7 54.4 57.6 60 62.6 65.3 65 67.2 71.1 70.1 61.3 50.8 39.6 33.3 27.2 21.8 17.7 20.6 22.5 25.8 22 22.4 23.2 24.7 26 27.1 29 31 32.2 36.8 39.6 43.7 48.3 52.7 57.6 62.3 68.4 74.3 80.1 85.4 91.8 98 104.6 111.5 119.1 127.2 134.3 146.2 154.4 159.5 160.9 160.4 159.3 158.6 157.7 156.9 155.2 151 148.5 145.1 143.9 141.6 137.9 134.6 130 126.4 121.4 115.6 110.7 103.7 90.4 77 62 48.4 35.4 28.7 22.4 20.9 23.7
52.5 52.9 47.8 48.6 51 51.8 52.8 54.5 55.9 57.4 59.6 61.4 63.1 65.5 65.9 58.3 47.8 37.3 30.8 24.8 20.9 19.6 20.5 21.4 24.5 22.7 23.1 23.4 24.2 26.1 27.2 28.4 31.2 29.1 38.5 40.7 43.4 48.3 54.6 59.1 64.2 68.9 74.6 80.9 86.7 93.3 101.5 108.3 115.6 123.7 131.4 141.9 153.9 163.8 168.2 168.9 168.2 167 165.5 165.3 165.3 164.8 163.8 162.4 158.8 156.9 153.3 149 145.3 140.4 138.1 133.1 127.2 119.2 106.5 91.9 75.8 62.1 49.1 36.9 31.3 24.4 18.8 23.8
50.4 49.2 44.5 49.2 50.4 51.4 52 52.7 53.5 53.6 56 58.3 59.8 60.6 61.1 55.7 45.7 35.6 28.4 22.8 17.7 20.1 20.3 20.9 21.9 23.2 23.4 23.7 24 25.4 26.7 27.4 32.5 36.6 41 44 47.1 51.2 54.3 59.1 64 68.2 74.1 80.1 86.7 94.1 101.8 110.2 118.5 127.1 137.6 149.4 161.9 170.3 173.5 174.5 173.9 173 171.6 171.1 171.8 171.8 171.2 170 168.6 167.2 163.9 161.4 158.2 154 150.6 144.8 136.9 123.5 108.2 92 76.2 62.8 51.5 40.2 34.2 25.8 18.8 23.7
47.6 44.2 43.8 48.7 50.3 50.9 51.2 52 52.2 51.6 52.8 54.8 55.3 56.2 57.3 53.9 46.4 35.8 26.4 21.4 20 19.7 20 20.4 21.4 21.7 23.7 23.9 24.2 25.3 27.4 30.2 32.1 37.4 43.5 45.1 47 52.5 56.2 61.2 63.3 67.9 69.5 79 85.8 93.5 102.1 112.1 122 131.8 143.7 155.7 167 174.5 177.6 179 178.7 178.6 178.6 177.3 178.2 178.4 178.2 177.2 177 176.1 177 173.1 170.1 167.3 163.6 154.7 142 126.1 109 92.4 76.9 64.3 54.4 42.8 35.4 27.8 20.4 23.1
44.7 40.7 44.7 49.7 49.9 50.1 50.4 51.1 50 49.7 50.5 51.4 51.5 51.3 52.5 52.4 44.7 32.7 24.1 17.7 19.7 19.9 20.2 20.5 20.9 21.6 23.3 24.3 24.4 24.4 27.2 30.1 27.2 34.9 42.5 47 52.4 56.6 59.8 63 64.6 68.2 74.6 80.8 89.4 97 105.5 116.5 126.7 137.3 149.2 161 169 174.9 179.2 182.6 183.8 184.4 183.7 183.4 183.1 183.1 183 182.4 182.7 183.4 184.4 183.6 182.4 182.5 177.1 162.5 145.6 128.9 112.9 97.4 81.8 70.5 57.8 46.4 39.2 32.2 23.9 21.5
40.4 38.5 42.1 42.9 46.1 47.5 49 49.7 48.2 47.8 48.4 47.2 47.4 47.5 49.6 48.2 41.3 30.5 23.8 17.7 19.7 20 19.9 19.6 20.7 21.7 23.1 24 24.4 25.5 27.1 30.2 34 35 42.6 47.9 53.8 58.3 62.1 65.1 68 73.6 78.4 85.7 93.8 101.6 110.7 120.8 131.1 142.6 154.3 164.3 170.1 175.2 179.7 183.5 185.1 186.2 186.5 185.9 185.4 185.7 184.9 184.9 185.9 187.9 190.6 193.6 192.7 187.3 183.8 167.9 150.3 131.2 115.7 100.8 86 72.4 59.8 48.7 41.5 36.4 27.3 18.8
36.7 37.2 38 39.8 41.7 43.5 45.3 45.8 44.8 45.9 47.7 48.2 46.4 45.6 45.4 43.6 38.9 28.7 24.1 17.7 19.9 20.5 19.9 19.8 20.8 21.9 23.4 24.5 25.2 25.6 27.4 29.4 34.3 35.1 41.7 48.2 53 58.6 61.4 64.8 69.9 77.6 84.2 91.8 100.2 107.6 117.2 125.9 136 146.6 157.8 167.9 173.5 178.4 182.9 186.1 189 192.8 194.7 194 192.9 192.9 193.5 194.2 194.9 196.1 197.8 189.9 196.7 195.3 194 175.9 155.6 133.4 116.5 102 89.2 75.2 59.8 51.3 41.5 35.8 28.5 26
34.2 33 34.9 36.9 38.5 40.3 42.1 41.9 41.8 44.7 46.6 46.1 42.9 40.9 40.8 40.7 37.2 28.4 24.5 19.4 19.9 21.4 19.3 19.7 20.5 21.4 22.7 23.6 25.8 26.4 27.5 29.1 35.1 38.8 42.3 46.7 51.2 56.6 58.9 63.7 68.8 75.4 83.5 92.6 102.1 110.6 120.6 131.5 141.4 151.5 161.4 171.5 177.7 182.4 187.5 191.6 195.5 197.9 199.7 200.6 200.6 201.1 201.6 201.6 201.3 200.3 199.3 198.5 198.4 198.2 198 183 162.9 138.5 117.8 104.3 91.6 78 62.7 52.7 42.2 35.9 29.5 22.8
30.2 30.3 32.2 34.2 35.6 37.1 37.7 37 37.5 40.6 43.2 42.4 39.6 38.1 38.4 37.7 34.2 28.6 24.9 20.5 20.3 22.6 19.7 19.7 20.7 21.6 23.2 25.1 23.9 26.9 28.3 30.7 34.8 38.1 43.9 47.8 51.5 55.3 59.5 63.2 68.2 74.5 83.2 92.3 102.6 113.6 124.8 136.4 147.1 157 165.3 175.2 182.2 185.9 189.5 192.2 196.9 199.2 200.7 202.1 202.9 203.5 203.5 203.4 203 202.4 201.7 201.1 200.5 199.9 199.5 192 172.7 148.3 123.7 107.7 94.9 81.4 66.1 54.4 44 35.4 28.4 22.2
25.9 27 29.6 30.4 31.7 33.4 33.6 32.6 36 38 39 38.9 37.5 36 36.5 35.1 32.6 29 22.4 20.7 20.7 24.2 20.9 20.3 21 25.1 21.6 23.9 23.9 26.7 28.5 30.5 35.2 36.2 45.7 49.3 52.8 57.3 61.8 65.7 69.7 75.9 83.9 91.6 103.5 117.5 129.2 140.7 152.6 161.9 170.8 178.1 185.2 187.2 191.1 193.6 196.6 198.8 200.8 202.4 203.3 203.4 203.5 203.7 202.9 202 201 201.2 200.6 199.3 197.9 196.2 184.8 158.4 133.2 111.6 98.6 85.7 70.7 57 46.3 35.4 27.5 22.7
22.1 23.9 25 25.8 27.6 29.3 29.8 29.2 32.6 34.3 34.6 34.8 34.5 33.4 34.1 32.7 30.7 28.9 20.9 21.2 21.5 25.1 21 25.1 24.9 21 22.1 25.1 25.8 26.3 28.7 27.2 36.1 41.3 44.6 48.5 52.6 58 62.9 67.6 73.1 79.9 87.3 96.9 107.6 121.4 133.7 145.7 157.3 167.8 173.9 179.2 184.8 188.3 190.7 193.3 195.6 197.1 199.4 200.6 201.2 201.5 202.5 203.2 202.6 202.2 201.9 201.9 201 199.7 198 195.1 189.1 168.7 144.4 120.6 103.3 89.9 75.1 60.6 50.4 38.7 29.4 25
18.9 19.4 20.6 22.1 23.6 24.7 25.5 26.6 28.4 30.7 31.2 31.4 31 31.1 32.1 31.7 29.9 28.2 21.1 21 23.4 25.1 25.1 20.6 20 20.4 20.8 22 24.9 27.9 30.9 34.2 34.9 39.2 42.3 45.3 49.8 54.8 61.4 68.6 75.2 82.6 91 100.8 114 126.1 139.6 150.6 161.7 168.5 174 179.3 183.3 186.9 189.4 191.7 194.1 195.9 197.8 198.9 200.8 202.6 203.2 204.3 204.1 203.8 203.2 201.9 200.5 199.2 197.7 195.2 189.4 177 154.9 131.5 109.4 93.8 79.3 66.4 54.4 43.4 34.9 27.8
18.2 18.8 20.3 21.5 20.2 22.2 23.1 24.2 25.5 27 28.1 29.3 29 29.2 30.1 30.9 29.1 28.2 23.5 17.1 25.1 20.7 25.1 19.8 19.1 18.7 19.3 20 22 25.3 32.4 35.2 34.9 40.9 44.8 47.2 50.6 54.3 59.2 67 75.4 83.8 93.1 105.3 118.9 132.2 144.7 155.5 164.5 169.3 174 179.4 183.1 187 189.8 191.7 193.5 195.4 197.8 199.9 201.7 202.5 203.7 204.7 204.7 204.8 203.7 201.2 199.5 198 196.3 192.8 188 181.1 161.2 139 117 98.2 84.6 71.6 59.3 48.7 37.6 30.8
17.8 18.6 20.1 20.8 19.6 20 21.5 21.5 22.5 24 25.9 27.2 27.2 27.4 28.1 29.3 28.9 28.2 27.4 25.7 17.1 19.6 19.6 19.1 18.5 18.3 18.7 19.4 21.2 24 30.9 36.3 34.9 43.5 47.8 51.6 55.2 59.8 64 69.6 77.4 85.7 95.8 107.7 121.1 133.5 146 156.5 165.6 170.1 174.1 179.1 182.5 185.8 188.5 191.1 194.2 196.8 198.9 200.1 200.7 201.4 202.3 202.9 203.2 202.8 200.9 199.4 197.9 196.1 192.5 189.5 186.3 182.8 167.5 145.3 124.7 104.7 90.3 77.4 64.2 51.1 40.7 35.4
18 16 19.7 19 19.6 19.3 18.6 19.4 19.9 21.7 23.6 24.2 25.8 26.5 27.1 28.1 27.9 27.3 27.2 26.2 17.1 17.5 18.5 18.6 18 18.2 18.5 18.8 20.4 22 27.5 31.3 37.1 44.9 50.3 55.4 60 65.3 70.7 75.5 81.4 89.3 98.3 110.6 123.4 135 146 156.9 163.8 168.2 172.5 177.2 181.9 186.3 190.1 194.2 197 198.1 198.8 199.2 199.8 199.8 200.5 201.2 201 200.5 198.9 197.5 195.5 192.4 189.8 187.2 184.8 182.5 172.7 152.4 131.4 112.8 96.2 82.9 69.8 56.8 48.4 42.2
18.5 18.1 16 18.7 19.6 20.2 19.5 19.2 19.1 20.1 21.1 21 23.5 25.1 25.9 26.5 26.3 26.1 26.2 25.8 25.3 16 18.1 17.9 17.9 18.1 18.3 18.7 19.8 21.1 23.7 30.3 38.9 44.9 52.1 58.1 64.1 68.8 74.1 79.5 84.7 94.1 103.2 115.9 128.7 139.5 149.1 158.7 165.4 169.9 174.9 179.8 184.4 187.8 190.6 194.8 196.9 196.9 197.7 198.2 198.4 198.4 199.1 199.4 198.7 197.4 196.7 194.2 192.3 189.5 187.4 185 183.4 181.9 176.4 158.5 139.1 120.2 103.4 89.8 77 64.9 55 48.5
18.9 18.6 18.4 16 20.3 19.3 19.3 19.5 20 19.6 19.5 20.1 22 23 23.9 24.8 24.8 24.6 25 25 21.9 19.5 16 17.7 17.8 18 18.7 19.1 19.9 21.3 22.3 32.3 38.5 48 53.9 60.2 65.9 71.5 76.7 81.6 87.5 98 108.9 122 134 142.8 152.2 160.6 166.9 171.9 177.2 181.8 184.9 187.3 190 193.6 194.5 194.6 194.8 195 194.6 194.5 195.3 195.3 194.4 193.5 192.4 190.5 188.7 186.7 185.2 184.1 182.8 181.4 177.7 164.2 146 128.6 111.7 96.6 84.2 73 62.6 56.9
19.4 19.3 19.1 16 19.3 18.5 18.5 20.1 19.9 18.9 18.9 19.4 20.8 22.2 23.1 23.6 23 22.1 23.8 23.9 23.8 19.8 19.3 16.6 18.2 17.9 18.4 19.3 20.2 24.7 21.9 30.8 38.4 48.8 56.1 62.3 68.2 73.4 77.6 84.2 91.7 101.8 112.1 123.3 134.2 143.4 152.1 161.7 167.8 172.8 177.5 181.2 183.4 185.7 188.5 190.1 190.3 190.8 191 191.2 190.7 190.8 191.7 191.6 190.7 189.6 188.6 187.3 186.1 185.1 184 182.9 181.7 180.4 178.1 170.4 154 137.3 121 104.4 91.2 80.4 70.1 62.9
19.5 19.5 19.6 16 18.4 18.9 19.9 19.7 19.3 18.7 19 19.2 20.2 22.6 23 22.8 22.6 22.3 22.5 22.8 23.1 20.5 23.6 16 19 18 18 19 25.4 20.5 22.5 30.3 38.7 47.3 56.5 63.2 69.1 74.2 79 86.9 97.7 106.6 113.4 121.1 133.2 143.2 152.3 162.2 168.1 172.2 176.4 180.4 182.8 183.5 185 185.8 186.7 187.8 188.4 188.3 188.2 188 188.1 188.2 187.4 186.8 186.8 185.7 185 184.3 182.9 181.8 180.5 179.3 177.8 174.9 162.5 146.6 130.3 114.1 99.8 88 77.8 69.6
18.7 19.5 19.1 18.5 16 18.6 19.8 18.8 19.7 18.8 18.9 19 20 21.5 22.1 22 21.7 21.1 21.4 21.7 22.8 20.5 23.6 21.9 18.9 18.2 18.2 19.7 19.8 20.8 22.6 28.7 36.4 43.5 53.6 62.4 69.4 74.8 79.9 86.1 95.7 102.4 110 120.3 132.7 142 151.4 160.2 166.8 171.1 175.3 178.5 180 182.5 182.6 182.8 183.7 184.8 185.8 187.5 186.5 187.6 187.1 182.9 185.2 185.6 185.4 184.7 184.1 183.4 182 180.6 179.4 178.2 177 175.6 169.9 154.7 139 123.8 109.4 96.6 85.8 76.4
19.9 18.9 18.6 18.3 18.5 16 17 18.2 19.8 19.4 19.1 19.1 19.6 20.5 20.8 21 20.2 20.2 20.6 21.4 22 21.3 23.6 19 19.5 19.5 20.1 20.1 19.8 20.5 22.4 25.4 34.1 38.1 48.4 58.2 67.2 74.4 79.9 85 91.2 98 105.3 116.6 128.4 139.4 147.8 156.1 163.2 169.2 173.4 176.2 177.5 180.3 181.7 182 181.8 183.1 182.8 182.9 183.5 184.9 184.1 182.7 184.4 185 184.7 184 183.3 182.6 181.4 179.5 178.4 177.2 176.1 175.1 172.9 163.1 147.8 132.8 119.1 106.1 95.1 84.7
22.4 20.4 19 18.7 18.5 18.5 18.4 18.2 17.8 16 19.4 19.3 19.9 20.1 19 20.4 19.4 19.6 20 20.4 21.1 21.6 20.2 16 19.6 20 20.4 20.5 19.8 20 22.3 26.9 29.5 34.3 43 51.9 64.1 73 79.9 84.6 89.6 94.5 101 112.2 122.6 134.7 144.6 151.4 157.7 161.3 167.6 167.7 176 178.1 180.2 181.2 181.3 182.4 181.4 180.7 182.7 183.6 182.8 182.8 183.3 183.6 184 183.3 182.5 181.6 180.4 179.1 177.4 176.3 175.2 174 173.3 168.9 156.1 141.6 127.8 115.3 103.9 93.3
24.3 22.5 20 19.4 18.6 18.6 18.5 18.3 17.8 17.9 16 18 19.6 19.1 19 19.9 19.6 19.7 19.9 20.2 20.5 21.1 21.2 16.7 19.8 19.9 20.2 20.3 20.1 19.9 22.6 30.4 32.1 33.7 41.8 51.5 64.7 71.9 78.1 82.3 86 90.7 98.2 105.9 115.9 127.9 138.5 146.2 153.1 157.9 161 162.8 172.4 174.8 177.1 178.3 179.3 179.7 179.6 179.8 180.3 181.9 182.1 182.6 183 183.1 182.7 181.6 180.6 180.3 179.7 178 176.4 175.2 174.1 173.1 172.2 170.5 163 149.4 136.8 124.2 112.5 101.8
