Game/Highland_Data/StreamingAssets/GeoData/Data/st/ST79.asc
ncols 200
nrows 200
xllcorner 370000
yllcorner 190000
cellsize 50
[rows 0 to 35 of 200, columns 81 to 161 of 200]
99.7 98.6 98.4 98.3 95.7 91.1 87.9 85.1 82.3 79.9 76 74.2 71.3 70.2 65.6 61.3 59.2 58.5 54.9 50.4 48.8 46.6 45.6 43.8 42.4 40.6 41.6 45.3 50.4 54.4 58.3 61.5 64 65.2 66.9 67.4 68.8 71.1 72.4 74.3 76.9 79.6 81.9 85.8 89.9 92.8 95.3 97.5 98.5 98.7 100 100.8 102 102.8 104.9 106.7 107.3 108 108.1 107.9 107.7 108.2 108.8 110.3 109.7 104.8 100.7 103.8 108.9 109.3 106.7 108.3 106.3 110.2 115.5 116.2 113.3 103.4 94.6 103.6 112.7
97.6 97.7 97.9 97.9 95 91.9 88.3 84.7 81.6 80.4 77.1 73.2 69.7 67.6 67.6 65.9 64.7 60.7 54.4 51.1 50.7 48.8 46.2 45.2 44.4 43 41.4 43.1 48 53.3 57.2 61.1 64.1 64.6 64.9 64 66.2 68.8 70.3 71 73.9 76.8 80.1 84 88.4 90.6 93.1 96.2 96.5 97.2 99.1 100.2 101.6 104.2 107.6 109.8 112.5 113.8 114 113.9 113.1 112.7 113.8 115.6 116.1 111.4 107.8 108.4 113 113.3 113.2 114.9 113.8 113 117.3 117.9 116.3 108.1 99 97.1 104.6
96.9 97.1 97.3 97.4 95.1 92.6 88.9 85.2 82.2 82.3 77.9 75.4 73.5 71.8 72.2 70.6 67.9 63.7 57.4 53.2 53.5 52.7 48.5 45.9 45.3 44.4 41.9 42 46.2 52.1 56 59.4 61.8 62.3 61.7 60.5 63.2 66 67.9 68.6 70.4 73.4 74.8 79.2 83 87.9 91.3 93.3 91.7 93.6 97.4 99.1 101.6 104.5 108.5 112.7 115.8 116.9 117.3 116.5 116.8 115.6 117.7 119.6 120.2 116.6 114.2 113.1 114.9 116.5 118.1 119.7 118.4 116.7 118.3 118.3 117 115.2 112.9 102.6 97.8
96.4 96.6 96.8 97 95.2 93 89.3 86.3 84.5 83.5 80.1 77.9 76.8 76.2 75.4 73.4 69.1 62.6 57.4 58 56.5 53.3 51.5 47.5 46.2 45.2 44.1 40.7 43.3 49.5 54.4 56.6 58.9 58.9 58.7 58.9 57.7 60.3 63 63.6 64.6 66.4 71.6 75.7 79.2 83.7 86.7 87.5 87.9 90.2 93.8 97.7 100.7 105 109.7 114.3 116.4 117 117.8 118.6 119.7 121 122.8 125.4 124.5 122.5 121.3 120.8 120.5 120.9 122.9 124.3 123.3 121.7 122.3 121.5 120.2 118.9 117.3 116.1 104.4
96.2 96.1 96.3 96.5 95.2 93.2 90.6 88.7 86.6 84.9 83.4 80.7 79.7 78.9 77.6 73.2 66.9 60.9 59.9 59.7 58.2 54.6 52.8 50.3 47.2 45.8 44.3 43.4 42.9 46.4 51.7 53.7 55.3 55.3 55.6 53.3 55.6 57 58 62.1 65.3 67.5 69.1 71.7 75.4 78.3 81 83.4 86.6 89.4 92.6 96.6 100.6 105.3 110.5 114 116.2 117.4 118.9 123.4 125.6 127.7 129.8 132.2 132.8 131.5 131.6 129.7 128.8 128.3 129.2 129.9 129 127.9 126.9 125.9 123.7 120.7 118.9 116.7 105.5
96.1 95.6 95.8 96.3 95.3 93 91.8 90.2 88.2 85.9 84.5 83.4 81.2 80.6 75.1 68.8 64.3 63.3 63.6 62.5 59.6 56.5 53.3 51.2 48.3 47.1 46 42.7 41.7 46.3 48.8 50.1 50 50.1 49.8 53.9 58 60.4 62.4 66.1 69 70.8 73.1 75.5 78.4 81 84 87.2 90.5 93.1 95.7 98.8 101.8 107.2 112.7 115 117.1 119 122.9 128.2 132 136.7 139.3 141.4 142 141.4 141.4 140.9 139.6 138.4 137.5 137.1 137.5 136.7 134.3 130 126.7 122.2 120 117.8 109.2
96.1 95.6 95.4 94.9 94.9 93.1 91.9 90.6 89.3 86.8 85.4 84.5 83.7 79.2 74.6 69.2 65.9 68.1 66.5 64.1 61.6 59.3 55.9 51.8 49.2 47.3 46.4 44.5 43.1 43.2 44.7 47.1 50.3 51.7 53.1 55.1 57.1 59.5 62.6 66.3 70.7 74 76.3 78.7 82.3 84.9 88 91.4 94.4 97.5 98.9 101.1 104 108.5 113.6 116.1 118.2 123.1 128.2 133.4 139.7 145 152.2 157.3 159.6 160.7 159.4 156.7 154.1 151.7 148.5 147.3 147.6 145.8 142.6 137.7 130.6 124.4 122.1 119.8 118.7
96 95.8 95.8 94.6 94.5 93.1 91.6 90.1 88.6 87.4 86.4 85.4 84.8 81.5 76.1 70.4 72.9 73.4 71.3 68.3 65 62.1 58.4 54.3 50.6 47.5 46.9 44.8 43.3 42.8 45.9 48 50.5 51.4 52.2 54.1 56.2 59.2 62.3 66.4 71 75.1 79.6 82 86.2 88.8 92.1 95.5 98.7 101.5 102.9 103.8 105.6 109.9 114.2 117.1 121 126.4 133.2 139.8 149.1 161.6 172.3 176.9 178.8 180.4 181.6 179.2 176.6 171.2 166.4 162.3 161 161.1 155.9 147.5 137.7 128.5 124.7 122.5 120.6
96.1 95.9 95.7 95.4 95.3 94.1 93.4 92 90.4 89.1 89.2 88.1 85.6 83.7 77 76 77.3 78.5 77 74 69.5 64.6 60.5 56.8 53.4 48.7 46.8 45 43.5 43.2 45.9 47.8 48.8 49.6 52.5 54.5 56.5 60 64 68.3 72.5 76.8 81.3 85.9 90 92.8 96.1 99.5 102.9 105.3 107.2 109 110 111.6 116 119.1 124.3 129.9 137.6 149.2 162.8 175.9 190.9 199.4 201.7 203.7 204.5 202.5 199.5 193.3 187.8 183.1 182.6 180.2 171.5 159.9 144.6 134.1 127.4 124.5 121.9
95.8 96 96.2 96.3 96.1 94.9 93.8 92.9 92.3 91.3 92.7 91.6 88.5 82.7 79.3 79.8 81.6 83.4 82.7 79 72.2 68.9 64.8 59.3 54.2 51.3 49.3 46.4 43.8 44 45.4 47.7 48.8 50.2 53.1 55.3 58.4 61.4 65.6 69.8 75.3 79.9 84.5 88.9 94.9 97.3 100.6 103.9 107 109.3 111 112.3 113.2 113.8 117.1 122.8 127.8 134.2 144 158.3 173.2 193.9 210.3 209.9 205.7 205.3 206.8 212.8 214.6 216.4 212.1 209.3 207.5 199.9 181.5 162.5 147.5 138.1 130.5 126.3 122.8
95.9 96.1 96.3 96.4 98.1 98 97.3 97 95.4 96.9 98 93.8 87.3 83.2 84.4 84.6 85 85.1 84.5 80.6 79.5 73.5 66.1 60.4 54.4 55.6 51.4 48 44.8 43.1 44.5 48.5 50 51.3 54.1 56.8 59.8 63.2 67.2 71.4 77.7 82.6 87.3 92.6 98.8 102.7 105.4 108.6 110.4 111.2 112.1 114 115.1 115.4 120.2 126 131.4 139.1 151.5 167.1 184.8 200.5 196 187.9 183.2 183.4 184.9 191.2 203.3 212.2 214.7 217.7 211 191.3 176.2 160.5 147.1 138.2 131.8 127.2 123.3
96.1 96.3 97.3 99.6 101.7 101.6 101.4 101.2 99.3 102.5 100.6 93.2 88 86.2 90.1 90.5 86.1 85.3 84.4 83.5 80.5 77.5 67.3 58.2 60.1 60.2 56.8 49.2 46 43.5 44.8 48.9 51.3 51.5 55.1 58.1 61.1 64.9 69 73.5 80.1 85.4 89.9 96.5 102.6 107.2 109.3 110.9 111.6 111.6 113.3 115.8 116.9 119.6 124.5 129.2 136.3 145.4 159.3 174.7 192.3 184.9 174.9 167.8 163.9 164.3 166.3 173.3 183.8 191.7 197.6 193.7 187.3 178.2 164.2 153.6 144.7 138.1 131.9 126.5 125.1
97.3 99.1 102 104.6 106.7 106.7 106.3 105.4 104.1 101.4 98.4 94.7 90.4 90 95.1 94.6 88.3 85.4 84.3 83 82 74.8 65.4 63.1 64.3 63.2 59.5 50.1 47.1 44.1 46.3 49.1 52.6 54.2 55 58.9 62 66.4 70.2 75.2 81.6 87.3 92.1 99.3 104.3 107.1 110 111.5 111.8 112.6 115 117.5 120.7 124 127.8 133.7 141.3 153.3 167.1 181.7 181.2 168.8 157.2 153.4 149.4 148.6 151.8 157.5 163.8 172.5 175.8 174.5 169.1 160.4 153.7 147.4 140.6 134.3 129.2 126.9 126.8
99.2 102.5 105.8 109.7 111.5 112.5 112.8 112.2 110.5 106.9 103 99 94.4 94.6 100.2 94.6 89.8 85.4 84.2 83.3 81.5 71.4 65.9 68.6 67.9 65.4 61.8 54 48.5 44.2 46.2 51.1 54.2 54.8 56.8 58.9 61.4 66.8 71.1 76.5 83.7 89.1 94.4 102 105.5 107.4 109.4 110 109.9 112 115.7 121.2 126.4 130.5 134.4 139.4 143 157 174.8 177.3 166.3 154.8 147.2 142.3 140.2 140.3 142.7 146.6 150 154.6 156.2 156.5 152.9 148.3 144.6 139.7 134.7 130.5 126.7 126.8 127.8
101.2 103.9 109.9 114 119.5 123.7 124.4 121.4 118.3 114.4 109.6 105.7 101.9 100.1 100.4 94.8 90 85.3 84.1 82.9 75.7 68.8 71.1 73.7 74.1 69.9 65.5 57.7 48.8 44.3 47.5 51.9 53.9 55 57.3 58.7 62 67 70.8 76.2 83.5 89 95.2 102 104.4 106.5 108.7 108.3 110.1 113.2 116.8 124.2 131.2 137.3 144.4 148.3 154.7 153.6 164.9 159.4 151.1 142.7 137.5 134.4 132.4 132.5 135 137.8 139.3 141 142.6 143.8 142 138.9 135.5 132.4 129.5 126.6 126 126.4 128.6
101.8 108.2 110.5 119.3 127.1 134.4 136.6 134.1 129.7 124.7 119.2 114.1 111 108.8 109.3 101.3 92 85.3 83.6 81.4 72.5 72.4 76.7 79.3 79.5 75.8 70.3 61.7 48.7 45.1 45.8 49.6 54.5 56.6 58.1 60.4 62.7 65.3 70.5 74.2 82 87.7 92.4 97.8 102.7 104.1 105.4 107.1 109.7 113.4 117.9 125.1 137.1 148.9 157.5 162 164.2 158.2 149.7 144 140.1 134.2 129.2 126.9 125.8 126.9 127.8 129.4 130.8 133.1 133.5 134.1 133.3 131.8 129.7 126.1 124.9 124.5 124.8 127.3 130.2
102.9 108.7 115.3 124.7 132.7 144.3 151.1 152.5 146.6 139.1 134 127 123.1 119.1 116.1 103.6 91.3 85.3 81.2 76.6 74.4 77.4 81.6 84 83.4 80.3 74.7 66.1 55.2 46.9 46.4 50.1 53 56 58.8 62.2 65 66.2 68.7 71.9 74.6 78.3 87.9 93.8 98.4 99.2 103 106.6 108.9 112.9 116.9 129.1 143.5 161.9 176.2 173.6 160.4 149.1 141.2 135.5 130.7 126.3 122.5 120.5 120.4 120.9 121.7 122.8 123.9 126.1 127 126.6 127.2 126 123.8 122.6 123.2 123.5 125.2 128.3 131.7
105.6 111.9 118.7 127.2 140.8 156.9 167.4 171.2 168 159.8 153.9 146.9 141.3 132 119.6 104.5 92.8 85.5 81.6 77.7 79.6 82.7 85.5 86 85 82.5 76.7 67.9 58 48.9 47.5 47.6 50.9 56.5 61.9 64.5 66.7 69.1 71.6 74 76.7 81.7 84.3 91.5 95.2 98.5 102.3 106.6 108.6 110.9 117.2 131 147.4 166.6 176 166.1 151.4 141.2 133.3 126.9 122.7 119.7 117 116 117.1 117.3 116.5 116.6 117.7 119.5 120.1 119.6 120.4 120.4 120.6 122 122.9 124.7 126.8 129.7 132.6
107.7 114.1 121.2 130.4 149.3 167.9 179.2 191.6 192.4 180.8 170.9 162.1 156.1 141 120.5 105.8 93.6 85.8 82.6 82.4 84.6 86 86.1 85.8 84.9 83.5 76.1 69.2 60.8 52.1 51.8 52 49.4 55.9 61.9 65.7 68.9 71.1 75 79.7 82.5 84.1 88 96.1 101.9 103.1 104.5 106.2 109.5 113.8 121.4 129.9 144.8 153.1 157 149.8 140.5 132.8 125.5 119.9 116 114 113.5 112 114.1 113.9 113 112.8 113.6 115.1 116.1 117.3 118.5 119.3 120.4 121.9 124 126.3 129.3 131.4 135.7
109.9 115.5 123.1 134.3 155.5 175 192.7 203.9 204.1 198.5 187.9 173.6 162.4 145 122 105.4 96 85.3 82.9 86.5 85.8 85.7 85.5 85.4 84.7 83 76.8 68.7 59.9 54.5 54.2 53.7 52.9 53.6 58.1 63.8 69.6 74.4 79.5 84 86.5 87.7 90.1 95.2 101 103.2 104.9 106.6 107.8 111.8 118.6 126.8 132.1 137.4 137.5 135.4 130.7 125.2 118.3 114.5 111.4 110.6 110.5 108.4 109.8 109.3 110.5 112.1 114.3 115.4 116.8 117.8 118.9 120 120.8 122.6 126.2 129.2 132.2 134.8 138.3
113.6 117.4 126.2 140 162.4 183 201 208.8 210.4 206.6 198.7 181.3 165.1 145.3 122.2 104.9 95 85.3 87.3 89.9 88.2 86.5 85.7 85.3 83.7 79.6 72.5 72.8 69.4 58.7 54.2 54.3 53.1 51 57.4 62.7 70.6 76.8 83.2 86.7 89.5 93.4 96.3 99.5 101.2 103.5 105.1 106 107.4 109.4 114.2 119.6 122.3 123.7 124.8 122.9 119.7 117.1 112.6 109.4 108.1 105.4 104.1 104.7 104.9 109.4 112.5 115.3 116.6 117.5 118.6 119.8 121.6 123.7 124 123.9 129.1 132.1 135.1 137.6 141
118.5 122.2 131.4 149.4 169.6 190.4 205 211.6 211.7 209.6 204.3 189.7 168.2 144.7 120.9 105.3 94 86.6 92.2 90.9 89.1 87.4 85.6 84.7 81.7 79.2 75.6 73.9 72.9 63.4 54.6 54.7 54.3 50 60.7 63.3 69.4 79.2 85.1 90 93.9 99 101.2 102.6 103.3 103.4 104.4 104.9 105.8 107.1 109 111.5 113.7 116.7 116.5 114.7 112.4 110.3 108.3 104.6 102.8 101.4 104.1 106.8 109.5 112.9 115.3 116.9 118.7 120 121.2 123.6 125.6 127.5 127.7 126 130.2 133.9 137.7 141.6 145.4
131.8 136.3 142.2 158.5 178.1 197.5 206.9 210.6 211 209.4 206.8 193.5 169.8 138.8 116.6 102.7 93 91.3 96.1 93 91.1 87.6 86.3 82.7 78.8 78.7 78.1 77.9 74.7 67.1 55.6 55.1 54.7 51.7 62.3 64 67.8 79.9 86.1 92.4 98.6 101.6 102.4 102.5 102.6 102.7 102.3 103.7 105.2 106.7 107.2 108.9 110.4 110.6 110.4 109.9 106.8 104 101.4 99.5 99.9 104.4 108.2 110.8 113.1 114.5 116.5 119 121.5 123.4 125.5 127.5 129.8 130.8 130.6 129.9 133.6 137.6 142.1 146.6 151.7
149.9 158 160.8 168.7 187.6 202.1 207.5 210.1 210.2 208.7 206.2 189.4 161.8 129.3 113.7 100.9 93.5 97.5 97.9 94.8 91.2 89.7 88.2 86.5 82.8 81.7 81.3 80.8 80 71.8 59.4 56.3 55.9 54.2 63 64.1 67.3 80.3 88.2 94.9 100.4 100.7 100.6 100.5 100.7 101 101.5 102.8 104.3 105.4 106.1 107.2 108 106.9 104.8 103.1 100.6 97.2 95.2 99.6 102.9 106.8 109.3 112 114 115.7 119.8 122.1 124.5 126.8 128.3 130 132.8 134.5 133.8 134.6 138.2 141.3 144.6 150 157.2
163.8 176.6 182.3 185.8 195 204.2 208.4 209.4 209.6 206 196.5 174.3 148.8 123.8 111 99.5 99.2 102.7 99.1 95.7 94 92.9 92.1 90.3 86.7 84.6 81.1 82 80.4 73.9 65.8 55.5 54.9 52.2 64.1 64.4 66 77.5 88.2 96.1 99.2 99.1 98.4 96.9 98.1 100 101.1 102.7 104.1 104.9 105.7 106.6 104.7 103.6 100.8 97 93.6 94.3 100.1 103.5 106.2 108.5 110.7 112.1 113.8 117.4 122.3 125.6 128 130.6 133.6 133.6 135.6 137.7 137.9 139.2 140.7 142.7 145.1 152 164
169 191.2 198.5 200.7 201.8 205.1 207.3 207.7 207.5 202.2 183 160.3 135.6 120 107.7 100.7 106.2 106.5 102.4 99.7 98.3 97.3 95.2 92.6 88.3 85.9 83.6 80.2 80.1 78.8 72 61 53.4 58.4 61.3 63.4 66.9 73.3 87.4 93.7 94.1 92.4 90.6 93.6 97.8 99.8 102.6 106.1 107.4 106.1 105.3 105.6 102.8 99.5 93.8 91.2 94.5 99.9 103.3 105.2 107.6 109.1 110.4 111.5 115.4 120 124.7 128.7 132.5 134.6 136.7 138.9 139.3 142 142.3 141.5 140.6 142 143.4 152.9 167.5
184.8 197.8 205.8 206.9 207.8 208.5 209.2 208.9 207.7 200 171.5 148.9 131.4 114.8 107.1 106.8 112.8 109.9 106.4 105 103.3 101.3 99.2 94.7 90.3 86.5 82.1 80.9 80.3 78.6 72.8 65.8 53.6 59.4 61.6 61.9 67 68.8 81 84.3 83.1 84.1 89.3 95.3 97.4 100.8 106.4 109.7 110.4 109.1 106.1 103.8 101.9 94.5 88.8 93.4 98.9 102.9 105.3 106.2 107.6 109.2 109.8 110.9 113.4 117.8 120.5 124.6 127.5 132.1 138.4 142.9 146.9 152.2 150.2 146.9 140.9 137.1 138.3 148.2 160.9
197 202.9 206.8 207.5 208.4 209.4 210 210.3 209 193.4 162.4 145.5 126 118.2 112.6 117 120.1 116.1 112.4 111.2 108.8 106.3 102.9 97.5 90.4 85.4 83.2 81.7 80.2 76.7 72.2 67.4 59.4 59.3 61.1 61.9 67.6 69.6 73.3 77.3 82 88.9 93.1 94.9 98.2 103.1 109.3 113.3 114.5 110.4 105.1 101.5 98.7 90.4 89.4 96.3 100.7 103.8 105.2 106.1 106.7 108 108.2 109.4 111.6 115.5 120.2 124.5 130.7 136.1 143.8 152.2 158.7 162.3 161.5 151.9 141.5 133.7 133.2 142.5 154
204.5 204.7 205.3 205.7 206 206.8 207.6 207.8 206.3 187.8 165.3 150.4 138.3 129.2 127.9 132.8 134.1 126.9 121.2 116.6 113.6 111.7 107 96.8 90.1 85.9 82.8 81.4 79.9 77.5 75.8 74.7 64 56.9 61.4 62.3 64.6 67.9 72.5 84.2 90.2 93.1 93.1 95.1 98.7 104.4 110 115.3 115.9 109.7 104.2 100.1 94.1 85.7 91.5 97.6 102.1 103.9 105 106.2 106.8 106.3 106.5 107.6 111.6 117.3 123.8 132.3 141.1 149.4 158 167.4 173.5 177.9 171.5 156.9 141.2 132.3 128.1 135.7 143.6
205.3 205.4 204.7 204.2 203.7 204.3 204.8 204.9 203.4 199 182.7 165.4 155.1 146.9 146.1 150.1 151.7 142.5 133.2 125 120.4 115.5 104.5 97.3 91 86.3 83 81.4 80.2 78.4 77.6 73.4 65.7 53.4 59.7 60 62.3 65.3 75.6 85.3 89.9 91.8 91.8 94 97.6 103.5 108.5 112.5 112.6 106.9 103 99.5 89.8 84.5 92 97.4 101.4 103.1 104.2 104.2 104.3 104.4 105.2 106.8 112.4 120.4 129.5 142.9 154.5 164.9 173.9 183.4 193.1 194.8 176.1 158.7 140.3 129.5 124.1 129.2 136.7
206.1 205.7 205 204.1 202.2 198.7 201.3 201.8 201.9 202.1 199.8 184.2 171.6 164.5 163 167.5 167.5 157.6 144.7 135.1 126.6 112.8 103.6 95.3 91.3 85.6 83.8 81.7 80 78.7 75.2 71.1 68.1 60.8 57.7 59 60.8 63.6 71.2 78.2 84.7 89.4 90.8 92.9 95.5 99.8 103.8 105.9 105.4 104.2 101.3 97 85.1 86.7 94.8 99.1 102 102.9 103.4 103.2 102.1 103.1 104.5 105.9 112.2 122.8 133.5 149.4 169.3 182.4 192.6 195.5 194 181.5 165.6 149.9 134.9 125.6 119.6 124.8 130.5
205.9 205.4 204.6 204.3 194 193.4 201.5 200.5 199.2 199.1 198.8 197.9 186.6 178.6 174.8 174.3 180.5 166.2 148.7 138.6 127.9 115.3 102.9 96 91.7 84.8 84 81 79.5 78.7 78.8 76.9 72.6 63 55.4 56.9 56.9 65 73.9 80.8 85.3 87.9 90 91.7 93.3 95.8 98.3 100.8 102.1 101.6 99.1 92.5 77.5 88.6 96.1 100.8 102.9 103.2 102.1 101.2 100.7 102.9 104.1 105.1 109.1 120.8 134.8 153 177 192.4 197 195.6 178.5 164.6 151.9 138 127.9 120 116.2 121.2 129.3
204.6 202.8 202.6 192.1 176.3 188.5 201.7 201.1 200 198.6 197 195.3 194 187.9 183 179.4 179.4 177.6 158.8 142.1 130.3 115.7 105.6 96.8 92.2 86 83.8 81.5 80.2 79.6 80.1 80.4 76.4 63.7 60.5 55.6 56.2 66.6 69.9 82.9 87.6 89 89.5 90.6 92.2 93.7 95.7 98.4 100.8 100.3 97 87.6 79.4 89.8 96.7 101 103 102 97.6 97.4 101.4 103.2 103.5 104 107.8 118 131.2 151.2 173 192.1 194.6 179.6 164 149.9 136.9 128.1 119.8 114.5 114.2 119.3 126.1
197.7 188.4 181.7 170.9 158.3 182.6 199.7 199.6 198.9 197.4 195.7 194 192.3 190 186.6 181.3 178.3 176.3 165.1 149.2 137.7 123.3 108.1 98.3 89.8 85.6 82 82.2 80.7 80.4 76.9 75 73.3 64.2 58.4 55.1 56.4 59.7 68.4 82.9 88.8 90 90.1 90.3 91.2 92.9 94.6 96.8 99.8 98.9 95.3 82.8 80.5 89.5 96.5 100.4 102.3 98.8 94.1 100.4 102.2 103.2 104 102.8 105.2 114 126.7 147.2 170 185.9 177.4 163.3 149.8 135.6 125.5 118.9 114 109.1 113.4 118 125.2
178.4 163.1 155.1 149.6 149.1 171.9 193.6 198.5 197.8 196.2 194.5 192.8 191.2 189.1 183.4 177.9 176.6 174.2 162.9 148.8 139.1 128.8 111.1 97.8 88 82.8 79.9 79.5 75.2 73.2 73.5 66.4 65.9 65 63.5 58.2 56.9 58.1 65.4 79.1 88.9 90.3 89.8 89.6 91 92.7 94.2 96.1 96.8 97.4 93.4 81 78.8 88.6 94.5 98.3 101 96.1 92 99 101.7 102.6 103.3 102.8 102.9 110.7 122.7 142.8 162.4 168.3 159 147.1 134.4 124.9 117.8 112.3 107.1 108.1 112.9 117.4 125.1
187.7 173.6 159.3 138.1 138.6 156.1 179.8 196.4 196.7 195 193.3 191.6 190 188.1 177.8 168.2 163.7 158.8 150.6 142.1 134.1 120.2 106 94.6 86.3 81.4 76.5 74.5 73.7 73.7 73.2 70.7 69.8 67.1 65.4 62.7 58.6 58.5 63.9 74.3 85.7 89.4 87.4 88.7 90.5 92.3 93.6 96.1 97.2 97.8 93.5 81.9 75.3 83.9 89.6 94.6 99.2 93.8 88.1 94.6 97.8 100.4 100.7 99.1 99.3 106.1 118.4 133.2 144.6 148.4 141.6 129.8 122.2 115.7 110.3 104.6 104.1 107.6 110.2 114.9 121.9
