Game/Highland_Data/StreamingAssets/GeoData/Data/ny/NY00.asc
ncols 200
nrows 200
xllcorner 300000
yllcorner 500000
cellsize 50
[rows 74 to 110 of 200, columns 0 to 82 of 200]
26.7 24.4 23.5 26.2 27 21.6 17.3 16.8 18 18.3 20.4 24.3 21.6 15.5 13.3 12.2 12.3 11.7 12.8 12.6 12.4 13.3 13.7 14.7 13 12.8 13.2 13.9 14.9 16.1 16.6 17.3 16.7 17.1 21.7 23.8 25.2 25.4 25.3 25.2 27 28.6 30.5 34.8 34.4 37 40.8 43.2 45.7 45.8 45.9 47.1 48.2 48.4 47.6 47.7 48.5 47.4 48.3 50.3 50.9 53.3 52.6 52.4 57.2 57.2 56.7 58.5 57.6 55.2 59.2 59.9 56 57 59.8 62.6 69.8 72.7 73.8 73.6 73.2 73.4 73.8
26.7 24.3 26.4 26.5 25.9 23.2 17.9 16.3 14.6 14.8 19 23.3 23 14.2 12.3 12 13.4 12.4 12.6 12.4 12 12 11.8 12.1 12.6 12.7 13.2 13.4 15.3 16.5 17.3 24 18.5 18.7 23.8 25.2 25.9 26.8 27.4 27.8 30 33.5 37.5 39.5 36.7 36.6 39.6 42.4 44.9 45.8 45.2 46 48.2 48.9 48.9 47.6 48.2 47.5 49.9 51.9 51.9 50.9 51.1 49.7 51.6 53.7 48.1 47.2 47.5 47.9 50.8 55.3 55.7 58.9 62.2 65.4 68.7 71.5 71.9 72.4 73.1 74.1 73.7
26.4 24 26.2 26.1 25 20.2 16.6 15.7 13.6 14.1 22.6 21 17.8 11.8 11.9 12.2 11.6 11.8 12.4 11.9 11.7 11.7 11.4 11.9 12.2 12.6 13.3 15 15.7 16.4 17.2 25.4 17.8 18.5 25 26.6 27.2 28.4 31.2 33.1 34.1 36.3 40.5 42.4 43.2 39.9 38.5 42.3 45.1 45.5 44.4 45.3 47.6 47.8 48.8 47.3 47.6 47.4 49.4 51.3 51.7 50.7 51.8 49.1 48.3 48.1 46.8 47.4 49.1 48.8 49.8 50.8 56.1 60.3 60.8 65.9 68.9 69.7 70.5 71.7 72.6 73.7 69.3
26.6 23.4 24.2 24.9 23.1 18.5 15.2 14.5 12.6 15.2 21.4 13.7 13.5 12.2 11.6 11.1 12.2 11.5 11.9 10.8 11 11.4 11.2 11.4 11.8 15 18.4 17.8 15.9 16.6 18 25.8 19 21.4 24.5 29.8 32.1 31 31.6 33.2 35.1 36.7 38.9 41.7 43.1 43 41.5 41.1 43.6 44.4 43.7 45.5 47 47.9 48 47.2 46.9 46.7 47.9 49.9 50.3 49.4 46.6 47.8 47.5 46.3 48 50.1 50.2 51 48.6 52.4 56.6 59.7 58.7 63 66.3 67.3 69.4 71.2 72.3 73.4 65
12.5 20.6 20.7 24 21.8 18 14.5 12 12.1 14.6 15.2 12.6 13.2 12.5 11.2 11 11.2 11.5 10.5 11.7 11.2 10.7 11.2 11.4 11.3 17.6 20.1 23.1 18.6 18.7 20.3 23.7 28.2 27.4 27 31.5 33 32 34.7 34.5 34.8 34.1 35.3 40.5 42.5 42.7 41 41.6 42.7 42.5 43.9 45.8 47.1 48.1 47.8 47.4 46.9 46.7 47.7 49.5 50.2 48.8 46.1 46.8 46.2 47.4 49.5 49.7 50.1 51.4 50.2 50.1 57.7 61.5 62 61.6 64.3 66.7 68.1 70.3 72.1 73.1 61.6
5.6 15.1 17.9 20.3 18.9 19.4 14.7 12.1 12.1 12.1 14.3 12.8 12.7 12.6 11.3 12.2 11.9 11.9 10.4 10.9 10.3 10.3 9.4 11.1 14.3 18.3 24.3 22.2 18.1 19.4 20.4 20.5 22.6 26.2 27.4 26.1 25 27.3 35.8 35.9 34.1 34.1 35.6 40.1 41.7 41.7 40.4 42 43.4 43.1 42.5 44.7 46.5 47.3 47.4 46.9 46.4 47.1 48.2 48.8 48.5 47.9 46.6 46.1 46 46.5 49 48.9 49.4 54.9 54.9 49.2 57.1 60.6 61.8 60.5 62.9 65.3 63.9 70.3 71.9 67.2 55
3 5.8 14.7 17.5 19 19.7 15.9 12.1 12.1 12.1 14.8 13.3 12.1 12.3 11.6 13.9 17.6 14.3 10.1 10.1 10 10.1 11.2 14.2 19.8 23.8 24.8 22.3 19.3 19.2 21 22.4 25.6 26.5 26.9 25.1 24.4 25.1 32.4 36.1 35.9 34.1 35.6 40.2 40.6 41.5 40.9 40.5 41.1 41.2 41.7 43.4 45.1 46.3 45.8 45.8 45.1 46.8 48 48.1 46.7 46.7 45.4 45.7 45.4 45.9 48 48.7 49.7 56.5 61 51.5 54.9 58.4 60.7 59.9 62.5 61 59.1 63.3 64.5 54.4 54.1
2.6 3 7 18.1 19.4 18.1 20.9 18.2 12.6 12.1 16.7 15.3 15 12.1 11.7 11.4 11.2 11.1 10 9.9 9.7 9.8 10.2 8.9 20.9 24.8 26.5 24.8 24.2 17.5 18.7 23.1 28.4 25 25.2 24.7 25.3 25.7 31.1 35.7 38.7 38.2 39.9 41.1 40.5 39.5 39.2 40.6 40.6 40.5 40.5 43.2 44 44.2 44.4 44.4 44.9 46.6 48.1 46.8 44.6 45.7 44.9 44.9 45 48 48.2 48.4 51.1 55.6 61.6 53.6 49.2 51.3 54.3 55.7 55.3 54.9 54.4 53.6 53.8 52.8 49
2.2 2.6 3.4 11.5 23.7 27.1 26.5 20.7 12.1 14.4 19.3 17.5 18.6 20.6 20.4 16.6 12 10.4 9.8 9.3 9.4 9.5 10 9.8 13.2 27.1 27.1 27.6 26.4 18.7 17.5 20.3 24.3 26.9 25.3 25 26.2 27.6 32 34.5 38.3 39.6 40.3 40.7 39.9 38.8 38 38.9 39.9 40 40.2 41.8 42.1 42.1 43.1 42.5 46 48 49.2 47.5 44.5 44.6 44 45.5 46.9 47.8 48.1 48.3 52.2 57.8 61 57.7 50.8 51.5 45.3 45.4 46.2 48.1 52.1 53.4 50.5 49.3 53.4
1.8 2.2 2.7 4.4 14.6 25.7 24.6 18.9 19.1 19.9 17 20.8 21.9 21 21.3 21 12.6 10.4 9.8 9 9.1 9.1 9.9 10.2 9.5 18.6 24.1 25 23.5 17.7 17.9 17.2 23.6 28.1 26.6 25.7 28 29.6 31 30.2 34.3 38.1 38.5 38.1 38 38.1 36.7 37.8 38.5 39.1 39.5 39.3 40 40.9 41.2 44.9 46.2 47.8 48.8 49.3 46.6 44.2 43.5 45 46.2 46.9 47.3 48.1 53.2 57 60 58.6 44.1 46.1 57.8 56.6 58 53 51.5 53.7 52.1 55.2 56.3
1.4 1.8 2.3 2.9 5.9 22.3 23.3 21.7 21.2 20.2 18.3 22.2 22.4 22 21.7 21.8 19 9.8 8.8 8.9 8.9 9.2 11 9.8 9.3 9.2 20.3 21.9 22.6 18.3 18.3 17.2 17 24.6 27.1 26.3 31.7 34 36.8 34.7 34.1 34.4 35.3 36.1 36.8 36.6 36.8 37.7 40.1 40.7 40.2 40.1 39.2 39 43.4 43.5 44.7 46.9 47.5 48.7 48.5 44.3 43.1 43 43.5 45.8 46.4 47.9 53.3 58.3 60.6 61.5 54.6 42.8 54.4 63.7 63.8 62.5 59.9 62.7 61.6 63.4 58.1
1 1.4 2 2.5 3 7.9 15.9 19 15.3 9.5 13.6 21.2 21.7 21.6 21.1 18.3 20.8 13.7 8.6 8.7 8.8 9.5 8.3 9.7 9.1 9.3 15.4 19.8 23 20.1 18 17.7 17.8 25.6 28.3 27.9 33.5 34.2 37.3 35.8 36.3 34.9 34.6 35.6 36.7 38.2 38.3 38.5 40.5 41.1 40.8 40.3 39.4 41.9 41.6 41.4 43.2 45.4 47.4 48.1 49.2 49.4 46.6 45.7 43.4 42.1 44.5 47 51.8 56.8 59.1 60.1 53.9 41.5 51.1 61.7 63.8 64.7 65.7 69 72.9 74.6 67.1
0.6 1.1 1.6 2.1 2.7 4.2 11.5 9.6 8.2 8.5 18.2 21 20.8 21.6 20.5 17 17.4 11.4 7.4 7.8 8.3 8.3 8.5 9.4 8.9 9.2 9.3 18.7 21.9 21.9 18.3 17.5 19.3 26.8 29.4 31 34.6 34.6 33.8 35.9 37.5 36.9 36.4 37.7 38.6 39.7 38.1 37.6 39.8 40.2 40.7 40.5 41.3 41.8 39.9 39.4 40 41.8 45.7 47.8 49.4 50.5 49.3 47.7 45.6 42.4 43 46.1 49.3 54.1 57.5 54.4 47.3 44.5 55.3 60.7 63.7 65 65.8 67.3 74.7 76.7 76.6
0.2 0.7 1.2 1.7 2.3 2.8 5 11.2 8.5 7.5 14.4 20.2 21.8 21.9 20 16.3 14.8 7.6 7.7 7.8 8 8.8 8.4 9.4 9.2 9.1 8.8 13.5 22.2 21.7 19.4 18.1 18.6 23.8 28.1 30.8 33.5 34.5 33.6 33.6 37.2 38.8 38.6 39 39.5 39.1 38.6 38.2 40.8 40.4 40.6 41.5 41.9 41.2 40.3 38.4 37.7 40.5 43.7 47.2 48.8 50.3 49.9 48 45.6 42.9 41.8 45.9 47.4 48.9 52.8 46.9 45.1 49.2 57.7 59.9 62.1 64 65.4 67 73.1 75.6 76.1
-0.2 0.3 0.8 1.4 1.9 2.4 2.9 6.3 8.9 8 14.9 14.1 21.2 21.1 20.7 15.6 9.5 7.5 7.5 7.6 7.8 8 8.3 8.5 8.8 9.2 9.4 9.3 17.4 21.2 19.4 17.5 17.8 25.8 28.6 28.9 31.9 32.2 32.8 32.8 38 39.9 39 39.3 39.7 39.7 39.9 39.5 40.7 40.7 40.6 41.3 41.2 41 40.1 38.5 38 39.4 42.4 47.2 49.3 50.6 50.1 48.6 46.8 41.4 41.9 45.3 47 47.9 47.1 44.4 39.6 52.6 57.7 57.8 60.3 63.9 65.3 67.2 70.9 75.8 76.7
-0.6 -0.1 0.4 1 1.5 2 2.5 3.3 8.8 9.7 13 14.5 16.8 20.5 20.3 19.2 13.2 7.1 7.2 7.5 7.7 7.8 8.1 8 8.5 8.6 9 8.5 8.5 21.2 20 18.1 19 24.9 31.1 29.5 28.5 30.6 33.5 33.9 36.5 39.1 38.5 38.8 39.9 42 43.6 41.9 40.2 40.4 40.8 40.9 40.9 40.6 39.4 38.3 38.6 39.7 41.6 46.7 50.3 50.7 49.9 48.6 46.3 40.9 43.7 46.3 47 47.3 44.3 43.6 48 59.1 58.5 56.6 58.4 61.9 64.4 66.1 68.4 73.7 75.8
-1 -0.5 0.1 0.5 1.1 1.6 2.2 2.7 4.5 8.8 10 14.4 17.5 20.8 20.6 19 17.1 7.5 7.2 7.5 7.6 7.7 7.8 7.9 8.2 8 8.6 9.1 7.5 9.6 21.1 18.3 19.7 27.3 30.2 29 28.3 30.9 32.7 32.5 34.5 36.3 36.2 37.9 40.3 42.2 42.5 42 40 40.5 42.2 41.4 40.7 40.4 38.6 39.7 40 40.7 43 45 49.6 49.9 48.8 48.1 45.7 40.3 43.1 45.1 47 44.5 43.6 39.7 45.8 57 58.9 56.7 57 60 63.3 65 65.7 70.4 72.1
-1.4 -0.8 -0.4 0.1 0.7 1.2 1.8 2.3 2.9 5.6 10.5 13.1 19.2 22.2 20.6 19.4 16.3 7.1 6.9 7.4 7.4 7.5 7.6 8.3 7.7 7.7 8.4 8.7 7.5 8.3 23.1 18.6 18.6 24.2 28.8 27.9 30 30.6 32.1 31.3 31.1 33.4 34.7 37.4 40.3 41.5 42.1 41.1 41.2 43.5 42.2 39.2 39.8 38.7 38 39.3 41.3 43 44 45.5 48 47.7 47.2 46.9 44.3 40.6 43.9 45.2 45.6 44 38.6 42.3 44.2 54.9 59.1 58.1 56.3 56.8 59.8 62.4 64.6 64.8 65.6
-1.8 -1.3 -0.8 -0.3 0.3 0.9 1.4 2 2.5 3.1 8.3 13 18.8 26 25.5 23.3 17 6.9 7.2 6.6 7 7.1 7.7 7.6 7.8 7.9 7.8 7.9 7.5 7.7 23.3 22.1 19.4 26.1 30 27.7 28.8 29.8 30.2 29.1 30.6 32.4 34 36.6 40.2 41.2 40.7 38.8 44.6 44.5 42.2 38.9 38.1 37.3 36.5 39.3 41 44 44.9 45.9 46.3 47.2 46.4 46.3 43.9 41.6 44.5 45.2 40.6 37.8 39.3 41.9 41.9 53.3 58.5 59.2 57.6 56.4 57 60.8 63.1 63.8 61.4
-2.5 -1.8 -1.2 -0.6 -0.1 0.5 1.1 1.6 2 2.6 4.7 8.4 22.3 24.4 26 27.6 22.7 7.6 6.8 6.6 7.2 7.6 6.9 7.2 7.7 7.8 7.6 7.6 7.3 6.8 23.2 23.8 24.1 22.4 28.3 28 28.4 29.6 29.5 28.9 31.7 33.4 35.1 38.1 39.7 41.2 38.7 44.5 45.2 44.8 41.7 38.6 39 37.3 36.2 37.9 39.1 42.4 43.8 42.9 44.5 46 46 45.4 41.3 43 44.2 44.7 43.9 37.3 37.9 41.5 41 48.5 56.7 58.9 58.6 56.7 56.9 58.9 61.2 63 62.1
-2.5 -2.5 -1.5 -1 -0.4 0.2 0.7 1.1 1.5 2.2 2.8 6.9 12.3 25.8 27.9 26.6 27.4 12.2 7.4 7.3 7.5 7.3 6.6 6.5 7.2 7.1 7.2 7.3 7.3 7.2 15.8 26 24.4 22.2 26 27.4 28.5 30.2 29.7 29.9 33.5 35.8 37.3 37.1 39.6 41.1 40.1 45.4 47.8 48.3 46.5 41.7 39.3 38.6 37.7 36.3 35.6 38 41.1 41.8 44.4 45.8 45.5 44.1 39.3 42.6 44.1 44 42.8 39.1 39.2 39.9 40.3 46.2 54.9 57.2 57.9 55.8 59.6 58.3 57.5 59.3 60.3
-2.5 -2.5 -1.9 -1.3 -0.7 -0.2 0.2 0.6 1.1 1.7 2.4 3 7.1 15.9 23.1 25.7 28.4 22.8 7.4 6.1 6.9 6.8 6.2 6.5 6.6 6.5 6.4 6.7 6.8 6.6 7.2 26.3 26.1 23.5 26.2 26.3 28.4 30.3 29.6 30.3 33 36 37.5 35.4 36.4 37.6 43.2 47.4 50.3 49.9 48 45.4 42.5 39.6 40.2 39.7 38.6 36.9 35.5 40 44.2 44.3 44.1 42.4 39.1 42.8 42.7 42 40.4 40.7 37.1 38.8 39.4 46 53.5 55.8 57.1 54.8 57.1 56.4 54.6 55.4 55.2
-2.5 -2.5 -2.5 -1.6 -1.1 -0.8 -0.4 0 0.6 1.3 1.9 2.5 3.9 10.7 16.1 26.7 28.5 22 7 7.1 6.5 6.5 6.3 6.5 5.9 6.2 6.8 6.6 6.4 6.6 6.8 20.5 25.7 25.1 24.4 25.6 26.2 28.2 28.9 28.7 31.5 35.3 36.4 36.2 35 36.7 43.7 47.8 50.9 51.1 49.3 47.1 44.8 42.3 40.6 41.5 40.5 38.1 34 37.8 42.8 44 43.8 42.1 38.9 41.1 41.6 41.3 40.1 39.3 38.5 33.2 38.9 49.3 51.4 53.1 55.2 53.2 52.7 52.1 52.9 52.4 52.7
-2.5 -2.5 -2.5 -2.1 -1.7 -1.3 -0.9 -0.4 0.2 0.8 1.4 2.1 2.7 5.7 9.2 7.7 13.3 20 7.5 6.5 6.3 6.2 6.2 5.7 6.7 6.9 6.6 6.4 6.2 6.2 6.5 19.7 23 22.5 24.2 24.6 24.9 28 27.7 26.6 31.5 34.8 34.6 34.4 33.3 36.1 43.4 46.5 48.8 50.4 49.4 47.1 44.4 42.5 40.1 40.3 40.4 37.4 33.5 35.7 41 45.3 45 41.7 37.9 40.5 41.5 40.9 39.7 38.8 40.8 36 34.4 45.9 51.1 51.1 52 48.8 52.1 53.3 53.9 55.5 56.1
-2.5 -2.5 -2.5 -2.5 -2.2 -1.8 -1.4 -0.9 -0.3 0.3 1 1.6 2.3 2.9 8.4 8.4 7.4 7 6.5 6.1 6 5.9 5.9 6.3 5.8 6.6 6.3 6.2 6 5.9 6.4 20.1 24 21.3 22.8 23.5 24.7 26.2 26.2 27.1 29.8 33.5 32.7 32.6 32 35.9 41 44.2 46.8 49.3 48.4 45.9 44.5 42.6 40.8 38.9 38.5 35.6 33.9 34.1 38.9 42.3 44 41.8 38 39.1 40 40.2 39.1 38.5 40.4 34.9 35.4 39.3 42.5 45.4 47.9 51.3 52.4 53.3 54.4 58 58.9
-2.5 -2.5 -2.5 -2.5 -2.5 -2.5 -1.9 -1.5 -0.8 -0.1 0.5 1.2 1.8 2.5 3.8 10.1 9.5 7.1 6.5 6.1 5.9 6 6.1 6.4 6 5.5 5.8 6.2 5.9 6 6.9 17.1 25.2 22.1 21.9 23 24.3 25.4 25.6 25 26 27 29.2 30 31.3 34.4 39.3 42.8 45.9 47.1 45 44.2 43.5 42.2 40.6 39.7 38.8 36.1 34.1 33.2 35.9 39.4 41.4 41.4 39.8 37.4 38 39 38.1 37.1 37.6 34.9 35.3 39.9 47.4 49.9 48.2 49.9 52.9 55.2 58 60.8 59.9
-2.5 -2.5 -2.5 -2.5 -2.5 -2.5 -2.5 -1.9 -1.2 -0.6 0.1 0.7 1.4 2.1 2.7 5.6 8.3 6.8 6.1 6.6 6 5.8 6 5.6 6.1 6.1 6.2 5.7 5.5 6.5 6.8 10.5 21.3 22 21 22.5 26.1 27.5 23.9 24 25.5 27.1 28.2 28.7 30.8 33.6 37.6 40.5 43.5 44.6 44.7 42.7 40.7 40.2 39.7 39.6 39.1 38 34.6 32 32.6 37.1 39.1 40.4 41.5 42.6 43.1 39.6 38.6 37.7 37.7 34.1 33.8 39.5 43.2 47.6 47.1 49.9 52.7 55.4 57.4 59.4 60
-2.5 -2.5 -2.5 -2.5 -2.5 -2.5 -2.5 -2.3 -1.6 -1 -0.3 0.3 1 1.6 2.2 2.9 7.5 8 5.5 6.1 6.3 5.9 5.5 5.6 5.8 5.7 5.8 6.1 5.7 5.9 6.4 7 20.1 22.5 20.8 23 25.2 26.5 22.4 22.9 24.2 23.4 25.9 27.8 30.5 32.7 35.6 38.1 40.5 42 42.6 40.9 39.2 38 38.7 39.5 38.6 38.7 37.9 32.6 32.6 34.1 38.2 40.8 46.2 47.1 47.2 46.8 49.3 49.3 37.7 33.3 34.5 39 40.9 46.8 46.5 49.1 53.2 55.2 55.8 56.6 57.8
-2.5 -2.5 -2.5 -2.5 -2.5 -2.5 -2.5 -2.5 -2.1 -1.4 -0.8 -0.1 0.5 1.1 1.8 2.5 3.7 9.9 6.3 6 6.4 5.7 5.5 5.4 5.3 5.1 5.8 5.8 5.8 5.9 6.1 6.5 20.7 23.7 20.7 21.6 22.3 22.2 20.6 21.1 22 22 27.4 30 32.6 30.7 33.1 34.5 35.6 36.9 38.7 38.7 36.9 36.6 33.9 39.1 38.7 38 38.6 34.6 32.2 33.8 37.5 42.3 46.8 47.8 48.4 48.5 48.5 52.3 45.3 37.5 32 35.9 41.1 45.4 46.5 48.1 52.5 54.1 55.4 56.2 57.4
-2.5 -2.5 -2.5 -2.5 -2.5 -2.5 -2.5 -2.5 -2.5 -1.8 -1.2 -0.6 0 0.6 1.3 2 2.7 5.2 8.4 6.1 6.1 5.6 5.4 5.5 5.5 5.1 5.8 5.4 5.9 5.9 5.9 6.9 20.6 22 19.2 18.6 19.8 18.4 18.4 18.5 19.4 20.5 27.1 30.5 31.1 29.3 30.3 31.4 31 34.1 35.2 35.4 34.5 34.6 32.1 31.5 35.4 35.9 36.4 40.5 32.5 32.5 38 42.2 46.8 46.8 47.3 48.3 47.3 50.3 53.6 44.4 32.9 37.5 42 46.8 47.2 46.7 50.8 53.2 55.5 57.1 57
-2.5 -2.5 -2.5 -2.5 -2.5 -2.5 -2.5 -2.5 -2.5 -2.2 -1.7 -1.2 -0.5 0.2 0.9 1.6 2.2 2.9 7.1 7.1 5.4 5.6 5.4 5.5 5.6 5.3 5.3 5.1 5.8 5.9 5.9 8.5 18 18.6 18.5 17.6 18.5 16.1 15.5 16.5 17.3 18 25.4 28.3 29 26.9 27 27.7 28.5 30.1 31.8 31.2 30.9 32 31.4 31.4 31.4 31.2 35.6 36.7 32.6 32.6 37.6 39.8 42.4 46.4 48.1 48.4 46.9 48.4 55.6 44.4 31.2 37.6 42.4 43.1 44.7 46.2 48.8 52 54.3 55.9 57.4
-2.5 -2.5 -2.5 -2.5 -2.5 -2.5 -2.5 -2.5 -2.5 -2.5 -2.5 -1.5 -0.8 -0.2 0.5 1.1 1.8 2.5 3.5 9.9 5.8 5.7 5.4 5.4 5.8 5.5 5.3 5.5 5.6 5.8 5.6 6.1 14.5 14.3 11.7 10.9 14.1 19.1 19.1 19.2 17.5 17.2 22.3 24.6 26.3 24 24.5 24.7 25 26 28.1 28.5 30.4 31.4 31.4 31.4 31.3 31.7 31.8 32.5 31.3 32.4 38 39.8 41.2 45 48 48.6 47.4 47.2 54.5 42.6 31.4 39.4 48.6 50.5 49.5 50.9 50.5 51.2 53.2 54.8 56.4
-2.5 -2.5 -2.5 -2.5 -2.5 -2.5 -2.5 -2.5 -2.5 -2.5 -2.5 -1.9 -1.3 -0.6 0.1 0.7 1.4 2 2.7 5.9 9 5.8 5.1 5.1 5.4 4.9 5.4 5 5.4 5.5 5.5 6.1 9.7 8.6 10.9 11.4 17.1 19.7 19.9 19.7 18.5 18.8 21 21.1 22.3 23 22.6 23.1 23.7 24 24.8 26.4 27.9 29.4 30.4 31.5 31 31.4 31.8 31.2 31 34.7 36.7 39.3 42.8 43.3 46.8 47.7 47.2 45.7 48.5 37.9 29.7 42 54.2 57.1 58 57.4 55.7 54.7 53.5 53.3 55.4
-2.5 -2.5 -2.5 -2.5 -2.5 -2.5 -2.5 -2.5 -2.5 -2.5 -2.5 -2.3 -1.7 -1 -0.4 0.3 1 1.7 2.4 3 7.2 4.9 4.8 5.2 3.8 5.4 4.9 5 4.4 4.8 5.1 6.5 12 14.4 15 13.7 15 16.7 17.5 17.9 18.8 19.4 20 19.7 21.7 22.7 22.4 22.8 23.4 23.2 23.9 25 26.1 27.5 28.4 29.6 31.6 30.6 31.5 30.7 31.4 33.9 37.4 40.3 42.8 43.8 45.5 47 46.1 45.1 36.9 29.6 31.7 43.2 56.1 60.1 61.8 60.5 59.2 57.5 55.1 54.3 54.5
-2.5 -2.5 -2.5 -2.5 -2.5 -2.5 -2.5 -2.5 -2.5 -2.5 -2.5 -2.5 -2.5 -1.4 -0.7 0 0.7 1.4 2 2.6 4.2 7.9 9.2 5.9 5.6 4.6 4.9 5.2 4.5 5.3 5.6 6 13.8 15.5 15.2 13.5 14.1 15.2 16.4 17.3 17.9 18.4 18.5 18.8 19.9 21.3 21.3 22.2 22.7 22.5 22.7 23.9 26.8 26 27.4 29.9 29.6 30.6 30.9 29.5 31.1 32.3 36.5 40.8 42.6 43.2 44.7 46 46.3 39.5 29.6 31.3 33.8 44.8 56 61 60 62.4 63.5 62.4 59.5 53.2 54.3
-2.5 -2.5 -2.5 -2.5 -2.5 -2.5 -2.5 -2.5 -2.5 -2.5 -2.5 -2.5 -2.5 -1.6 -0.9 -0.3 0.4 1 1.6 2.2 2.8 5.6 9.3 8.8 5.4 5 5.2 4.7 4.8 5 5.4 6.4 14 19.4 18.9 17.2 15.9 16.5 16.3 17.3 18.1 18.3 18.9 19.2 19.4 20.1 20.4 21.3 22 21.8 22.1 22.7 23.2 24.3 28.3 28.7 29.8 27.6 29.3 29.6 31.1 33.8 35.9 39.6 41.7 43.2 43.7 44.5 47.1 32.2 28.7 31.3 32.5 42.8 54.8 58 59.2 63.3 65.4 65.3 61.7 52.8 54.1
-2.5 -2.5 -2.5 -2.5 -2.5 -2.5 -2.5 -2.5 -2.5 -2.5 -2.5 -2.5 -2.5 -1.8 -1.2 -0.6 0.1 0.7 1.3 1.8 2.4 3 7.2 10 7.3 5.5 4.6 5.2 4.7 5.3 5.4 5.5 11.3 20.9 23.1 21.3 19.8 19.2 17.4 18 19.2 20 20 20.1 20.3 20.2 20.1 22.2 21.5 22.2 22.5 22.5 23.1 24.2 24.8 27.8 27.8 27.6 27.6 28.5 29.8 30.3 34.8 39.3 41.2 42.8 42.6 44.7 45.5 29.6 28.4 30.7 31.6 43 48.7 53.8 58.7 62.2 64.7 65.9 64 56.7 52.4
