Game/Highland_Data/StreamingAssets/GeoData/Data/ny/NY11.asc
ncols 200
nrows 200
xllcorner 310000
yllcorner 510000
cellsize 50
[rows 0 to 34 of 200, columns 0 to 77 of 200]
282.1 298.6 315.9 335.9 361 378.6 394.4 401.5 399.2 395.1 394.2 395.3 417 430.5 455.4 469.6 480.6 490 499.3 507.2 516 520.2 523.1 516.3 508.5 499 486.6 459.7 443.8 434.2 428.3 426.3 429.7 428.5 420.8 412.9 401.7 387.9 357.4 322.9 293.3 268 244.3 224.6 218.8 215 215.4 215.5 214.4 214.4 219.6 224.2 234.3 246.5 260.3 267.2 266.6 259.8 246.1 222.3 195.2 176.5 184.9 207 224.4 234.3 239.4 244.3 244.8 233.6 227.3 216.6 201.7 182.4 166.5 178.3 190.9 201.1
276.8 293.7 312.1 330.3 353.8 377.2 394.8 402.5 389.1 375.8 369.6 389.2 423.5 444 458.1 471 484.2 496.6 505.4 514.3 524.6 527.9 532.2 531.7 516.8 507.7 494.5 478.3 458.9 442.4 423.1 403.1 406.8 406.8 401.6 391.1 380.1 357.7 326.7 297 270.8 245.9 230.1 223.5 219.5 221.3 218.8 217.5 214.4 214.5 223.2 231.3 241.4 251.2 263.2 270 269.5 260.8 244.3 219.4 195.6 174.6 191.5 216.3 232.4 241.1 245.6 248.2 255.1 243.1 239 224.4 205.5 183 170.5 180.7 194.6 210.8
274.5 288.5 305.5 320.9 340.9 361.4 379.8 374.8 364.5 353.1 369.7 395 425.8 446.9 462.1 473.3 488.1 502.2 512.7 524.5 531.9 533.5 539.9 537.8 533.3 513.8 503.1 490.3 472.4 453.6 437.1 407.5 378.6 383.6 378.6 369.8 358.4 333.9 303.2 270.8 253 244.6 232.6 225.4 226.7 224.9 221.8 216.3 214.4 214.1 226.3 241.3 251.2 262.5 269.7 273.4 271.8 262 235.6 216.2 190.8 178.6 197.6 222.5 238.2 246.7 251.1 252.5 258.9 249.2 242.8 230 206 184.9 173 180.7 200.6 226.4
267.4 279.6 295.2 309.1 323.3 338.9 347.5 344.6 334.4 343.6 372.7 401.7 427 447.5 463.3 475.4 490.4 509.3 521.1 533.7 542.3 543.7 542.8 544.7 538.9 519.5 506.2 491.5 473.9 455.1 441.6 424.4 389.3 367.3 358.4 350.8 334 311.9 295.5 283.6 275.2 264.4 241.9 230.7 228 228.1 228.6 219.6 218.7 221.8 238.7 257.6 264.4 273.3 276.5 279.4 274.9 261.3 232.7 212.5 184.1 182.2 204 230.6 243.1 252.2 257.2 258.1 257.8 251 241.3 230 205.9 187 173.6 186.5 206.6 227.4
254.6 264.3 279.6 292.8 305.6 314 317.1 313.8 325.3 350 378.7 403.5 422.6 441.9 460.1 474.1 484.1 507.5 526.6 543.5 552.3 555.3 548 545.5 538 522.7 507.2 488.5 471.3 450.8 434.8 419.3 396.4 374.4 365.5 355.4 347.8 335.4 321 306.9 294.9 275.7 248.8 243.7 241.4 246.1 241 235.6 235.2 241.3 256.5 275.6 281.9 292.1 292.9 289.7 276.1 258.1 231 207 181.5 191.8 210.4 236.3 250.6 259.2 262 262.1 260.1 253.1 243.4 231.7 210.4 187.6 173.4 188.2 207.4 227.5
245.3 251.5 260.9 274.8 286.2 293.4 296.1 306.7 327 347.5 370.6 392.2 410.8 429.9 452.6 467.4 472.4 493.2 520.9 551.9 562.5 565 555.5 546.7 538.6 525.2 507.5 488.4 465.4 442.3 424.4 408.8 392.7 387.8 380.4 371.8 366.3 351.7 333.8 320 304.4 281.9 258.4 266.8 267.3 267 262.4 259.2 260.1 265.7 278.1 288.3 301.2 315.9 312.5 298.2 277.7 254.9 227.1 202.4 184.6 200.5 219.2 243.7 254.2 263.8 265.5 264.6 260.7 255.4 248.7 232.7 209.4 187.1 174 189.5 206.1 227.9
238.5 244.7 252.2 261.7 272.9 276.9 286.8 297.5 312 331.4 354.3 372.5 392.7 413.6 433.2 445.4 455.9 480.2 517.2 542.6 568.9 570 560.8 549.8 540.5 528.8 510.3 490.4 469.9 448.9 435.2 421.2 411.4 403.1 396.6 387.4 380 364.8 344.9 324.4 307.9 288.1 292 296.4 300.7 292 287.6 288.1 287.5 285.7 295.9 307.5 328.7 335.5 330.5 300.1 275.1 251.2 222 196.4 189.5 206.7 225.1 245.8 258 271.3 272.1 266.7 262.9 259.3 245.4 230.3 210.4 187.8 174.8 186.2 206.1 227.1
233.6 241.9 249.3 256.2 264 271.4 278.3 285.9 296.9 311 330 349.2 370.2 389 405.4 419.8 438.7 466.1 495.5 526.9 549.3 563.9 560.9 552.2 543 533.2 515.2 498.2 479.4 461.7 447.9 437 427.6 418.9 410.2 401.4 389.7 379.2 358.6 336.2 314.6 315.6 325.7 332.6 333.6 321.9 312.6 308.4 306.8 308.5 315.7 338 359.6 353.2 338.3 301.1 275 244.7 218.2 197.3 191.3 212 232.3 252.8 263.3 275.5 277.3 269.3 263.9 254.9 242.8 228.4 209.6 189.8 176.8 188 205.1 227
234.2 239.4 246.2 252.1 256.3 261.4 265.8 273.1 284.1 294 308.7 326.6 345.5 362.4 379.3 399 421.5 446.4 473.2 497.2 519.6 547.2 558.2 555.1 547.5 535.4 523.1 508.4 492 474.8 461.2 449.7 438.3 430.1 420.4 410.7 400.6 389.3 370.7 350.4 326.5 345.3 362.5 370.9 370.6 358.1 346.2 338.3 337 341.2 343 369.7 374.2 360.3 338.4 301 270.2 241.3 218.8 194.7 193 219.5 243.4 264.6 273 285.3 288.1 272.5 263.9 253.1 242.1 223 206.5 188.6 178 187.1 204.2 221.8
231.9 236.5 241.7 245.3 247.3 251.7 256.5 261.2 272.5 280.8 293.9 306.7 323.5 340.7 358.7 380.3 402.7 426.1 449.8 472.9 497.9 527 554 549.4 545.2 537.2 525.4 514.7 500.9 487.6 471 458.1 447.9 438.2 428.3 416.5 405.7 393.6 375.9 356.9 332.9 363 389.2 404.4 413.2 397.2 387.1 371.9 373.7 383.1 376.9 386 376.9 360.3 336.4 299.3 266.8 241.6 218 195.2 210 226.7 254.5 274.3 281.4 292.4 296.7 278.8 268.2 253.2 241.1 220.8 204 188.1 178.3 189 202.8 217.7
229 233.6 237.4 238.5 240.6 242.2 247.7 251.4 259.1 267.5 278.1 290.8 305.6 320.5 339.1 359.5 381.1 405 427.7 453 478.4 506.4 525.6 533 539.3 535.4 526 519 511.1 498.1 481.7 464.3 452.9 442.6 431.5 419.3 406.7 392.7 375.5 357.9 345.3 377.2 401.7 418.2 434.7 436.9 431.7 414.8 418.7 411.3 399.2 390.3 376.2 357.3 331.7 299.5 268.8 240.2 217.1 197.7 217.6 235.4 262.3 279.6 290.3 301.9 297.7 288.4 272.2 256.9 239.1 219.3 203.1 186.1 180.1 188.2 200.8 215.8
228.6 233.2 235.1 237.2 238.9 241 243.4 246.1 250.2 254.8 262.6 275.1 290.1 301.5 318.5 339.1 361.9 385.5 408 432 457.7 481 497.9 513.8 529.1 532.9 524.3 519.9 515.6 500.5 489.2 474.7 455.1 444.3 432.3 418.4 403.2 388.4 372.3 353.9 372.9 398.3 415 431.4 447.4 454.3 449.3 447.5 437.3 422.6 406.5 389.4 372.5 352.1 326.4 298.3 269.1 240.2 214.3 200.1 226.7 244.7 272.3 286.4 301.9 318.9 307.5 293.2 274.9 256.4 236.9 220.9 201.2 181.9 180.9 187.9 198.6 212.4
230.5 232.5 234.3 235.7 238.7 242.5 249.1 253.8 254.9 253.8 255.9 264.6 273 286.9 302.5 320.3 342.4 366 389 411.9 436.4 457.2 474.7 495.5 516.2 523 519.7 515.8 509.4 496.6 489.9 475.9 459.1 443.3 430.1 414.9 398.7 374.2 385.5 388.5 401.6 417.7 431 443.5 455.1 458.7 456.8 453.9 442.1 424.1 405.1 388.3 368 343.9 320.8 296.1 268.7 240.7 211.3 206.2 234.7 258 278.9 301.1 320.8 326.8 319.4 294.8 275.5 254.7 236.5 217.8 198.6 182.8 183.3 186.7 198.6 209.6
229.4 231.1 233.4 235.4 241.1 250.4 261.3 267.2 268.9 267.1 263.7 263.2 266.1 277.5 291.9 305.7 322.3 345.2 368.7 390.8 412.8 434 455.2 479.4 500.6 509.4 510.8 508.5 500.5 491 480.9 469.3 457.3 439.6 425.8 409.4 383.9 395 400.7 411.7 422.6 431.2 444.9 454.5 459.3 462.8 458.9 453.1 439.9 421.7 401.7 383.6 364.6 340 317.4 291.1 267.6 239.6 209.7 221.2 244.9 267.4 296.2 327.2 350.5 337 323.3 297.8 275.7 256.5 234 215.6 196.2 183.4 185 188.3 197 206.7
229.7 230.7 232.7 238.6 250.6 263.9 278.3 286.6 288.1 286.2 280.3 278.6 277.7 277.3 283 294.2 309 325.3 347.1 369.1 391 415.2 438.6 463.1 490.4 500.1 503.2 502.1 494.4 485.6 474.7 462.4 450.4 436.1 423.3 399.5 394.9 411.1 419.9 427.7 436.1 442.6 453.9 460.8 464.1 462.7 457.8 448.7 436 416.5 398.6 378.5 358.5 336 312.1 289 261.8 231.1 209.4 232.9 255.3 281.6 318.9 351.6 355.3 344.1 326.1 301.4 278.6 255.7 234.1 212.6 194.3 184.3 185.8 190 196.1 207
229.4 231.6 238 249.2 267.2 284.3 299.7 308.2 310.7 308.6 302.3 297.3 293.3 291.5 293 296.7 305.2 314.1 332.5 351.4 375.1 398.7 423.7 449.5 473.6 491 496.6 497.1 488.6 480.2 469 456.5 445.4 433.6 416 395.6 414.6 424 429.2 436.6 446.4 453 462 466.4 465.4 462.3 452.5 440.2 426.4 410.4 393.7 374.2 352.6 328.6 306.9 284.4 255.1 227 215.6 244.9 270.5 305.1 333.3 356.4 354.6 345.8 327.4 303.8 281.8 256.3 232.3 211.9 194.6 185.8 185 190.5 195.5 206.4
231.1 239.1 249.8 267.7 287.3 307.9 324.4 334.3 337.8 338.2 331.9 323.8 315.5 308.8 308 309 312.7 321.2 332.9 348.5 366.8 387.6 413.4 440.2 463.2 482.3 491 491 483.3 474.2 463.1 453 442.3 432.2 412.1 412 427.7 433.3 438.2 446.9 454.6 460.9 467.1 469.4 464.7 460.2 447 430.8 417.6 403.1 386.4 368.4 347.3 323.3 302.5 274 247.4 224.7 226.2 254.6 282.8 318.4 340.8 356.5 356.3 347.5 332.1 304.9 283.5 259.5 233.5 212.7 194.3 187.5 186.6 187.5 194.9 204.5
236.7 247.9 268.3 288.8 310.3 333.9 353.3 363.4 367.2 367.5 361.8 353.8 345.2 335.4 330.1 329 334 340.8 345.4 352.5 367.4 385.5 409.1 436.1 462 481.5 487.2 484 476.7 468.1 458.4 449.7 441.5 426.8 429.1 430.3 436.7 443.3 449.4 452.4 458.4 461.2 465.4 469.4 462.3 453.8 438.3 422.3 409 394.9 380.3 362.1 342.2 320 298.7 273.7 249.2 225.2 235.9 265 298.6 331.8 344.8 356.6 357 350 331.6 306.2 283.8 258 234.2 211.3 196 189.1 187.9 186.7 191.8 202.6
244.6 262.7 285.4 308.1 335.2 363.1 387 394.2 398 396.2 390.9 381.8 373.7 363.6 356.9 354.3 358.2 365.2 373.2 379.3 388.7 396.7 414.6 436.9 463.1 479.2 481.9 477.8 469.4 461.2 454.5 449.1 444.2 433.2 440.8 443.2 446.1 451 454.2 461.3 465.6 466.2 466.8 465.1 456 443.6 430.5 415.5 400.1 386.5 372.9 355.9 336.4 315.3 296.7 273.6 247.2 227.1 249.1 280 314 339.2 350.7 358.7 358.8 351 329.6 306.5 285.4 259.3 234.3 213.1 197.1 189.3 189.1 187.7 190.8 200.3
255 275.6 300 326 356.6 385.8 409.1 417.6 426.7 425.8 421 410.7 404.2 393.4 386.9 382.6 390.3 396.4 402.9 410.4 416.4 423.3 431.9 443.8 460 473.3 472.6 467.9 460.5 456.3 452.3 448.7 445.7 445.8 448 450 452.3 457.1 460 464.3 468.9 471.2 472 462.8 450.9 436.7 422.1 408.5 393.7 380.3 364.8 350.6 331.3 311.6 293.2 271.6 242 232.6 257.9 289.8 326.3 344.3 357.2 359.2 357.5 349.8 330.6 307.9 288.4 263.2 238 216.6 199.8 192.2 190.2 188.5 194.8 200.2
262.6 282.5 307.9 337.5 367.2 391.8 412 422.9 433.2 435.6 434.3 432.1 429.9 425.1 419.2 417 418.8 423.3 432.3 439.7 443.6 446.6 452.2 457.1 460.1 460 459.2 454.3 449.5 450.5 450.5 450.8 449.7 451.2 452.9 456.1 458.2 461.3 464 469 472.7 473.6 470.5 459.4 446.8 430.8 416.2 402.5 388 374.5 359.6 343.2 325.2 309.6 288.8 261 238.9 251.5 275.7 302.8 334.6 347.6 357.5 358.6 355.7 347.4 330.9 311.8 291.2 266.6 242.9 220.5 203.5 195.9 191.9 190.5 193.5 200.1
270.4 293.3 314.7 344.3 371.4 390.1 406.2 424.5 437.3 434 432.9 435.3 440.2 440.9 442.4 445.8 447.3 451.9 456.7 463.2 466.2 463.7 461.6 457.3 453.7 446.5 435.5 435.8 447.1 451.7 453.5 454 454.2 454.3 456.5 459 460.7 463.3 466.5 475.6 484.4 476.9 466.9 454.4 441.8 426.8 411.5 397.3 384 371.2 355.4 339.1 323.6 306.4 279.4 254.7 256.8 275.2 288.3 314.3 340.4 350.9 358 361.5 356.3 347.5 330.8 315.1 296.9 273 245.5 227 213.8 198.3 194.8 192.8 192.5 199.7
291.1 307.6 328.5 351.7 371.7 386.9 400.2 416.6 424.1 424.4 427.2 431 436.4 439.8 446.4 451 458.9 466.6 469.6 472.7 471.5 465.7 452.7 444.9 437.5 427.5 440.6 447.6 452.6 455.8 457.5 457 456.5 457.9 460.3 465.1 467.3 466 466.4 472.5 484 481.5 461.5 448.7 435.4 422.5 409.3 394.7 382.4 369.1 352.9 335.9 320.6 300 274.3 248.5 264.2 285.8 299.8 324.4 344.5 354 360.7 363.2 359.6 349.5 333.7 318.4 301.9 279.8 255 236 224.6 206.1 197.7 194.5 193.1 199.9
319.4 325.2 339 360.4 370.6 379.3 387.9 397.8 405.6 411.4 417 422.8 429.2 434.1 442.4 449.3 461.7 469.4 465.7 468.9 462.4 453.5 439.9 425 421.4 438.4 448.8 453.7 458.6 461.8 461.8 460 460.1 463.8 466.8 473 475 470.7 466 464.5 478 469.6 455.8 443.6 432.5 419.8 407 394.5 381.9 366.8 351.5 335.9 318.3 299 269.6 256.4 278.2 294.8 309.9 330.9 347.8 359.3 362 362.1 359.4 351.8 336.6 321.6 305.3 285.5 262.8 243.1 229 214.2 203.8 195.1 195.4 200.1
338.2 345.9 351 356.6 364.8 369.4 377.5 385.5 392.6 399.2 405.9 413.6 421.3 427.3 435.1 443.5 453.8 460.3 460.3 457.9 449.2 436.8 422.9 410.5 426.2 443.5 453.7 461.5 466.8 468.3 468.6 466.9 466.2 468.3 476 479.8 479.2 472.6 466 460.6 456.9 456.4 448 439 428.8 416.3 404 393 379.2 364 350.9 334.8 317.9 295.6 269.9 266.9 287.5 303.1 317.8 336.6 351.6 361 362.9 366.3 365.2 355.4 339.7 325.2 309 290.3 269 251.5 235 220.5 210.4 194.7 197.8 201.3
334.2 341.5 349.5 354.3 357 362.2 367.8 376.1 383.7 390.3 397.4 403.7 412.7 419.4 426.2 435.1 446.4 454.2 453.8 447.6 433.8 418.3 397.7 414.7 432.8 447.7 458.2 468.9 475.8 476.4 477 476.3 473.1 475.8 481.7 485.5 480.2 473.6 464.5 455.5 447.3 443.7 439.2 432 424.1 411 400.1 390.1 374.8 360.4 346.4 331 312.4 293.7 270.6 281.2 299.6 311.3 325.8 341 354.3 364.2 365.4 369.6 366 355.8 343.1 330.3 314.8 294.1 275.2 257 243.4 230.3 217.8 199.4 195.7 202.3
329.2 335.3 340.2 345.6 351.1 356.7 362.5 369.5 377 384 391.6 398.2 403.6 411.6 418.4 429.3 442.4 447.6 443.3 431.9 414.1 398.1 396.8 419.6 435.7 449.6 462.1 476.6 483.9 487.4 487 485.5 485.1 484.4 484.8 485.9 481.9 473.7 463.1 452.6 439.3 432.8 428.2 423 415.2 404.1 396.2 384.6 370.5 353.6 340.9 327.6 309.3 290.2 283.1 299.2 308.4 318.6 332.2 346.7 359 365.7 367.8 369.7 367.3 358.6 347.4 335.8 320.7 301.1 282.3 260.6 245.5 237.3 221.7 201.9 197.7 203.8
324.3 330.8 335.2 343.4 349.2 355.7 362.4 368.4 375.3 382.4 389.7 395.1 399.2 403.1 407.9 416.7 428.1 434.6 432.2 419.9 401.4 384.3 399.3 415.7 432 445.3 462.4 476.8 487.6 494.1 498.2 499.2 496.9 493.5 491.7 490.8 483.8 473.2 461.1 449.2 435.5 424.2 417 412.1 407.2 398.7 389.7 377.6 364.5 351.8 336.3 323.1 307.4 286.8 299 306.3 315.8 326.3 341.1 351.5 362.7 369.6 372.6 373.9 371 364 352.5 340.6 324.8 304.4 285.3 265.1 253.7 237.7 222.4 203.8 203.3 208.3
328.3 332.4 337.6 343.1 350.6 356.8 363.4 369.9 376.1 382.5 387.9 392.2 394.8 397.7 400.6 407.2 416.6 422.8 419.8 407.9 391.3 379.3 394.4 408.3 423.6 440.1 458.6 474.8 486.7 493.8 500.7 506.5 513 510.6 501.6 496.6 488.2 475.3 461.8 446.6 433.5 422.5 411.9 401.5 397.2 390 380.2 371.1 359.2 346.1 332.4 319 307.1 291.6 308 316.9 324.4 335.6 346.6 354.8 366.4 372.9 381.3 382 377 369.6 357.3 345.8 328.7 310.2 290.6 267.4 255.8 246.7 228.4 204 206.2 211.3
332.8 335.2 339.2 343.6 349.8 355.4 363.3 371.4 380.1 384.3 386.1 387.6 390.2 392 394 396.9 402.6 408.1 404 394.5 380.8 383.1 389.3 399.7 412.6 436.1 452.9 470.3 482.8 491.6 498.3 511.5 520.3 522.2 516.4 502.7 491.4 476.3 463.5 448 432.7 420.6 413.1 403 387.5 374.6 365.9 358.2 346.8 336.2 326.6 314.9 306.7 301.5 315.6 325.7 332.4 341.9 349.6 360.2 372.3 381.7 391.4 395.6 386.6 376.1 362.7 351.3 331 314.4 296.9 275.7 265.6 250.1 234.8 211.8 204.9 212.3
335.6 337.2 340.6 344.2 348.5 353.4 360.8 370.5 376.9 380 381.6 383 384.8 385.6 385.6 385.7 388.7 391 389.9 382.7 366.8 378.9 383.1 393.1 407 430.2 446.7 464 477.6 487.8 496.3 510.1 522.5 523.4 520.8 513.2 496 476.6 465 448.6 432.3 420.1 411.4 403.9 395.2 384.9 373.8 362 350.2 334.1 324.3 317.1 308.1 308.9 325.9 334.4 338.4 348.3 357.4 370 383.9 393.8 398.5 400.5 397.1 387.5 371.6 358.1 339 325.7 303.6 286.2 265.2 253.6 235.5 213 206.1 215.3
340.8 341.1 342.1 344.6 347.8 352 356.1 362 367.5 372.6 375 376.3 377.1 377.6 373 373.2 376.2 377.4 376.7 371.8 367.4 372.4 374.9 386.1 403.6 425.9 442.7 453.1 468.6 485 496.4 508.9 518.6 522.4 520.7 516.4 505.6 487.2 466.2 446.9 433.6 421.3 412.5 404 395.4 385.3 375.1 363.9 350.8 336.6 325.1 317.4 324 324.2 333.2 339.9 347.4 357.2 366.3 378.6 391.2 398.6 406.3 405 405.7 392.1 376.4 367.8 347.9 327 310 290 270 255.1 236.2 215.4 208.9 215.7
345.9 347.7 347.6 346.3 347.2 349.3 352.3 356.7 361.6 364.8 368 369.3 369.7 368.7 364.7 360.3 362.5 365.2 364.8 359.7 358.9 361 369.7 380 399.8 418.2 433.5 444.8 455.3 472.5 488.2 503.9 515.8 520 521.7 519.2 512.3 497.1 481.7 460.3 440.1 427.2 415.3 403.7 395.1 387.1 376.8 364.1 349.5 335.2 325.7 322.7 329.9 332.7 336.4 342.5 353.7 363.6 373.1 384.4 397.9 405.6 414.4 419.8 415.4 400.1 384.8 367.3 351.5 329.6 311 293.1 273.2 254 237.5 218.4 213 216.3
357.2 362.5 357.8 352 347 345.8 347.9 351.3 356 359.7 362.1 363.9 363.3 361.3 359 347.2 349.4 352.8 352.7 337.1 347.2 355.8 365 374.5 390.7 411.8 431.5 443.9 452.4 470.1 485.9 499.3 502.4 509.5 518.5 518.3 514.3 503.8 486.7 471.5 450.9 435 420.5 407 395.7 384.4 374.8 361.5 349.6 334.7 326.8 328.3 333 337.5 341.1 346.7 355.9 366.9 379.1 392.2 404.6 423.2 438.1 441.9 437.1 420.5 394.2 378.2 361.4 338.6 313.7 298.3 277.7 257.4 238.8 220 212.2 218.4
356.2 358.8 357.4 354.3 343.7 339.4 341.2 346.3 351.3 354.8 357.7 357.8 355.2 352.7 352.3 343 330.3 339.1 336.2 330.2 333.4 339 362.2 372.5 385.5 402.9 420.6 433.6 444.9 459 470.9 477.5 489 501.1 508 514.7 517.6 510.4 498.7 483.3 465.4 444 426.9 412.6 398.8 384.4 372.6 359.6 350.3 337.4 328.7 333.1 334.3 339.3 344.2 349 358.8 369.4 382.4 394.7 412.8 433.9 458.7 467.1 465.5 453.4 431.4 401.1 377.9 351.7 320.8 297 274.2 253.5 239 219.4 211.2 219.1
