Game/Highland_Data/StreamingAssets/GeoData/Data/ny/NY18.asc
ncols 200
nrows 200
xllcorner 310000
yllcorner 580000
cellsize 50
[rows 108 to 143 of 200, columns 81 to 161 of 200]
94.7 98.2 102.7 108.4 114 118.8 121.5 125 129.1 133.3 137.4 140.9 146.1 156.9 175.6 191.1 204.4 212.9 216 218.2 219.9 216 212.2 209.5 206.2 207.8 209.9 210 209 206.2 204.7 202.6 200.1 197.9 196.3 193.3 190.9 194 195.1 197.4 200.1 205.5 209.5 210.4 208.8 205.4 201.7 198.5 194.5 190.1 187.3 184.2 182.9 173 173.8 174.5 173.8 173.5 171.8 170.8 170.7 178.4 186.4 188.8 186.6 182 177.5 173.5 170.4 166.5 165.4 162.5 158.9 155.1 150.6 147.6 144.5 136.8 143.8 147.3 151.6
94 97.7 102.9 108 113.3 117 120.6 124.6 128.4 133.2 137.1 140.3 145 156.4 176.2 191.7 204 212.5 215.7 216.7 217.2 214.2 211.5 208.3 204.9 206.2 208.6 209.1 207.7 205.1 203.1 201.3 199.1 197.6 195.1 192.1 188.6 191.6 193.4 196 199 203.8 207.9 209 207.9 205.1 201.5 196.3 190.5 187 184.6 181.4 178.1 171.7 171.4 171.7 171.3 170.7 169.9 168.9 175.5 182 187.7 188.8 186.7 182.2 177.8 173.7 170.4 167.6 166.6 163 158.8 155.1 151.6 148 142 136.1 140.6 146.9 151.6
93.4 97.1 102 105.1 111.4 115.8 119.7 123.5 127.2 131.9 135.4 138 144.1 157.2 176.8 191.2 203.2 211.3 214.9 216.8 216.1 212.7 209.7 206.7 203.7 204.2 207 207.8 206.3 204 201.9 200.1 198.6 196.6 193.8 189.8 186.5 189.2 191.9 194.8 197.8 201.7 206.9 207.1 207.3 205.4 203.4 196.7 188.6 185.4 181.9 178.4 175.1 169.5 171.2 169.7 169.6 168.6 168.3 174.4 180.1 183.7 188.3 188.6 185.8 181.6 177.3 172.9 170.9 169.1 168.1 166.2 161.4 157.1 151.8 145.1 141.8 137 137.6 145.2 149.7
94.3 97.4 102.1 106.3 111.8 114.6 118.3 122.7 126.9 130.5 133.6 136.5 144.1 163.8 178.7 190.8 202.4 210 213.9 216.3 215.1 211.3 208.3 206.1 203.2 203.2 205.4 206.5 205.3 203.4 201.7 199.1 197.6 195.4 192.8 188.7 185.8 187.7 190 193.1 196.2 199.9 203.8 202.8 205.9 206.8 205.2 200 193.6 187 180.5 176.2 172.5 168.5 169.6 169.2 169.5 168.4 171.4 177.9 182.9 185.7 188.1 187.6 184.9 181.1 177 173.1 171 169.5 169.4 167.6 163.2 158.1 159.3 157.8 152.5 142.2 135.2 142.9 147.9
94.8 100.1 104.5 107.8 110.6 113 117.7 122.5 126.7 129.8 132.6 136.2 145.6 164.7 181.2 193.5 202.5 208.4 212.6 214.4 213.4 210.1 207.7 206.6 207.6 204.2 203.9 205.4 204.6 203.1 201.6 198.8 196.3 194.2 191.5 188.7 183.1 185.8 188.2 191.3 194.5 197.7 201.6 203 205.7 208.9 208.8 202.6 196.6 188.9 179.5 173.8 171.5 168.9 169.7 168.6 169.9 166.9 171.8 178.8 183.3 185.6 187.8 186.8 183.9 180.3 176.6 173.3 170.8 169.2 169.7 167.9 162.5 170.3 166.5 160.2 153 145.3 137.7 139.3 145.2
94.6 100.8 105 107.6 108.9 111.5 117.3 122.5 126 129 131.9 135.3 149.9 168.4 183.5 195.4 202.4 207.4 210.7 212.5 211.7 209 207.1 205.7 207.4 206.2 202.9 203.7 202.9 202.6 201.6 199.6 196.7 193.4 190.4 187.9 184.5 182.8 186.2 189.3 192.3 195.3 200 203.5 209.7 213.8 214.2 207.9 199.1 187.1 178.2 173.3 170.4 169.3 167.9 168.4 168.4 166.9 172.1 178.2 182.6 184.6 186.7 185.4 182.6 179.6 176.4 173.4 170.9 169.1 169.5 168.9 168.6 170.3 168 161.3 154.7 148.2 141 134.2 142.3
94.4 100.7 104.6 107.8 107.9 112 115.4 121.2 124.8 128.4 131.2 138.1 155.7 171.4 185.5 196.4 202.8 207.6 209.8 211.1 210.3 207.9 204.6 203.9 204.4 204.4 201.6 201.1 201.1 201.2 201.6 200.1 197.4 192.8 189.6 186.2 183.5 179.4 184.3 186.4 189.7 193 197.9 204.2 210.4 215.1 214.7 208.1 197.8 186.1 177.1 171.3 168.3 167.9 168.3 168.3 167.6 167.1 171.8 177.2 181.4 183.4 184.9 183.7 181.5 179.1 176.7 173.2 170.6 168.6 169.1 168.7 168.5 169.2 166.9 161 155.4 148.2 141.5 131.5 140.3
94.9 99.7 102.1 105.8 107.7 110.6 116 121.5 125.7 129.4 132.7 141.1 162.7 172.4 184.7 195 201.9 206.4 208.8 209.5 208.8 206.1 203.5 201.2 201.1 202.2 200.5 198 199 199.5 200.1 199.7 197.8 193.5 188.3 184.5 181.2 179.2 182.5 184.3 186.2 190.6 197.6 204.3 209.7 213.4 212.9 206.4 197.5 185.4 176.8 169.4 167.1 169.7 172.7 173.5 172 167.1 170.4 176 179.5 181.2 182.7 181.7 180.1 179 176.6 172.7 170.5 169.9 168.9 167.6 167.7 168.1 165.1 160.6 154.7 147.7 139.7 133.4 132.3
93 96.3 104.4 107.6 107.3 110.7 116.3 122.2 126.8 130.3 134 144.7 162.2 173.4 183.9 193.5 200.1 204.4 207.3 207.9 206.7 205.3 202.3 199.2 198.8 198.8 198.9 196 196.6 196.6 197.8 198.8 197.6 194.3 188.5 184.1 180.3 177.2 180.4 182.2 184.2 189.1 197.2 203.6 209.5 211.6 210.7 204.6 195.4 184.9 176 167.9 170.4 175.6 177.3 177.8 176.1 168.9 168.7 174.5 178.2 179.6 180.9 180.7 179.7 179 176.1 172.4 170.3 169.2 168 167.1 167.1 167.4 164.7 158.6 153.5 149.1 142.9 137.3 131.2
92.6 99 107.2 108.1 108.1 111.9 118 123.7 128.7 132.5 135.6 146.7 161.3 173.1 183 191.2 197.1 202.7 205.7 206.2 205 203.2 200.4 197 196.6 196.5 196.3 194.4 193 194.1 195.5 197.1 196.1 193.8 189.5 183.8 179.7 173.1 177.7 179.6 181.7 187.5 197 203.8 207.7 209.1 207.6 201.7 193 183.4 175.2 171.1 172.4 177.7 179.1 178.6 175.5 169.4 167.1 173.1 176.8 178.1 179.4 180 179.8 179.9 176.9 172 169.8 168.8 168.1 167.3 167.2 166.8 164.1 159.2 154.5 150.1 144 138.1 132.4
93.8 98.7 103.8 105.7 108.4 113.3 119.3 125.3 130.7 134.6 138.4 147.8 160.7 171 180.8 187.4 195.3 201.4 204.8 205 204 201.3 198.8 195.8 192.7 193.8 193.1 193 191 192.3 193.2 195 194.4 192.4 188.5 183.6 178.9 175.5 174.9 177.2 179.5 185.7 196.4 202.3 205.2 205.5 203.9 198.5 189.8 180.8 173.7 171.1 174.3 179.2 178.5 178.2 175.1 168.6 165.3 172.3 175.5 176.9 178.2 179 179.7 179 177.1 171.6 168.6 167.5 166.9 166 165.2 165.6 162.3 158.8 154.1 149.4 143.8 137.6 133.7
92.8 98.2 102.3 105.3 109.5 115.1 121 126.5 131.8 137 141.7 149 160.4 167.5 174.7 184.3 194.2 199.8 203.8 205.2 203.2 200.2 197.4 194.3 191.3 189.8 190.3 190.2 189.1 189.5 190.8 192.1 192.2 190.6 186.8 181.1 177.8 174.6 171 174.9 177.6 185.9 195.9 200.9 202.5 202.2 199.8 194.6 186.5 178.3 171.1 171.2 174.5 178.3 178.3 177 174.1 169.8 166.6 171.5 174.3 175.8 177.5 179.3 179.9 178.6 176.8 172.5 169 167.4 166.3 165.2 164.4 163.9 161.1 158.1 153.8 148.6 142.7 135.6 131.8
92.9 97.6 101.7 106.2 111.6 117.9 121.7 127.2 133.3 138.5 143.8 149.1 159 164.8 173.8 184.1 192.7 198.3 202.5 205.2 204.8 198.9 195.9 193 190.4 189 186.8 188.1 186.7 188.1 188.3 188.8 189.4 188.7 184.3 179.7 176.7 174.1 170.3 172.3 176 184.4 194 198.6 199.9 198.8 195.9 190.4 182.8 176.3 171.8 170.8 173.6 178.3 177.9 175.1 172.7 169.2 164.2 169.8 174 175.7 175.9 179.1 180 178.5 176.2 172.9 170.2 168 165.8 164.7 163.6 161 160.3 157.5 154.2 148.6 142.2 138.4 138.3
91.4 96.4 101.8 108.3 113.9 118.3 122.6 127.8 134.4 140.2 145.8 152.2 158.5 164.6 172.6 183.6 192.2 197.5 201 203.6 204.3 198.7 194.6 191.9 189.7 187.5 184.1 184.4 183.4 185.6 185.9 186.1 186.6 186 181 178.2 175.8 173 167.9 170.8 175.1 184.9 193 196.4 197.2 195.4 191.6 186.1 178.8 175 172.3 170.3 172.8 176.4 174.9 172.8 169.8 161.4 168.4 172.4 173.2 174.3 175.6 178.5 180.2 179 176.1 172.3 170 167.7 165.6 163.7 163.6 163.2 158.7 157.3 154.4 148 141.6 143.7 140.8
93.5 97.8 102.6 108.8 114 118.5 123.1 129.3 136 141.3 145.4 149.8 157.6 163.4 170.5 182.5 191.2 196.7 199.7 202.4 203.2 198.3 194.4 190.7 188.4 186.1 183.1 181.8 181.8 182.9 183.8 184.2 183.9 181.7 179.2 176.4 173.7 170.8 167.4 168.4 174.8 185.6 190.9 193.6 193.5 191 186.6 179.9 175.9 173.2 170.6 169.8 171.9 174.3 172.3 168.5 165.7 162.1 170.4 173.4 174.8 175 176.7 179.3 181.2 180 177 172.9 170.3 167.7 165.5 163.2 163.2 163.9 160.1 157.2 157.4 151 148.1 145.7 142.2
94.4 97.7 101.9 107.6 113.7 118.6 124.5 130.6 136.4 141.8 147.5 154.2 158.6 163.2 169.1 180.6 189.1 195.3 199.1 201.2 201.6 196.9 193.6 191.1 187.6 183.9 180.8 180.8 179 180.8 181.8 181.8 181.5 179.5 176.9 174.2 171.9 169 165.4 168.5 175.1 183.6 188.4 190.6 190 187.1 181.4 177.5 174.8 171.6 169.1 168.8 170.3 170.9 168.4 164.4 157.5 170.3 174.8 174.6 175.5 175.8 177.2 180 181.8 180.9 178.1 173.5 169.5 165.8 164.1 162.3 162.3 162.7 159.3 159.1 157.5 154 150.5 147.3 143.8
92.7 97.6 102.7 108.7 114.4 120.2 125.9 131.9 137.5 143 149.1 155.8 159.7 163.9 168.9 179 187.7 193.7 198 199.8 198.9 195.8 193.4 190.8 187.5 183.2 180.1 177.5 178 178.7 179.9 179.7 179.5 177.5 175 172.7 170.3 167.7 163.6 167.7 174 180.7 185.3 188 187.8 184.3 179.3 175.6 173.1 170 167.4 167.1 167.5 165.8 160.5 159.2 172.2 174.5 174.3 175.5 176.3 176.5 177.9 180.8 182.6 182.1 178.7 174.4 169 165.4 163.6 162.2 162 161.5 159.8 161.4 158.7 155.4 152.1 148.7 144.9
93 97.4 102.8 109.7 116.4 122 127.5 133.1 138.7 144.3 150.5 156 159.7 163.6 168.7 177.8 185.9 191.8 196.6 198.3 198 195.5 193.2 190.6 187.7 184.7 179.5 176.9 176.7 176.3 178.2 178.2 177.9 175.8 172.9 170.5 168.2 166.1 161.2 166.6 171.5 179.3 183.9 186.1 184.9 182 178.2 175.2 172 168.1 165.4 165.2 163.7 160.9 154.6 166.4 172.4 175.1 176 175.9 177.5 177.2 178.6 181.4 183.5 182 178.8 174.6 170.3 167.4 164.7 163.4 161.6 160.6 160.9 163.4 160.1 156.8 152.9 149.4 145.4
93.1 96.9 103.6 109.6 116.8 122.9 128.4 133.9 139.3 144.7 150.2 155.4 158.7 163.2 169.7 178.2 184.8 190.6 194.7 197.2 198.7 196.6 192.2 189.8 187.1 183.9 180 176.5 174.2 174.5 175.7 176.6 176.2 174.2 171.5 169.2 166.7 164.6 160.4 165.9 169.3 174.3 179.1 182.6 183.8 179.1 177 174.2 171.2 166.9 164 162.7 160.5 155.4 156.1 168.1 172.2 173.8 175.6 175.9 177.8 177.4 178.9 181.4 183.3 181.8 178.1 175 172 168.9 166.8 164.6 162.7 161.1 162.3 164.2 163 158.1 153.5 149.8 145.5
93.2 97.5 103 109.8 117 123.6 128.8 134.2 139.7 144.9 150.4 154.2 158.2 163.5 170.8 178.2 184.6 190.3 193.4 196 198.9 197 193 189.6 186.1 183.2 179.6 176 173.1 172.7 173.6 174.4 174.1 172.9 170 167.6 165.6 161.1 159.7 164.5 167.7 170.8 173.9 177 178.8 177 174.7 172.8 169.8 165.8 162.5 160.7 156.7 148.2 158.9 167.7 171.3 172.9 174.8 174.9 176.8 178 179.1 181.4 183.4 181.9 178 174.7 172.2 169.9 167.8 166.1 164.8 162.9 163.6 165.2 163.4 158.3 153.2 149.6 145.6
92.2 97.1 104.3 110.9 117.4 124.1 129.5 134.7 140 145.2 149.3 153 157.4 164.2 172.6 179.7 186.2 190.6 193.4 194.9 197.9 197.2 194.3 190.6 186.5 182.1 178 174.4 171.3 171.2 171.7 172.5 172.7 171.7 168.4 166.1 164.4 161.2 160.2 163.9 166 169 171.9 173.7 176.5 174 171.4 169.3 167.9 165.7 162 158.7 154.2 145.8 155.3 166 169.7 172.6 173.2 173.9 175.5 177 178.7 181.2 182.8 181.1 177.3 174.4 171.8 169.8 169.1 167.7 166.2 164.1 166 167.3 163.1 157.3 152.9 149 144.9
91.4 96.6 104.3 110.9 117.3 123 128.1 133.3 138.7 145 148.5 150 158.4 166.3 175.2 182 187.2 190.9 193.6 194.9 198.3 198.3 195.9 192 188 183.2 176.5 172.7 170.5 170 169.9 171.6 171.5 170.1 167.7 165.7 163.1 160.3 155.4 161.4 164 167.1 170.8 173.5 173 171.8 169.5 167.6 165.5 163.7 161.8 157.1 152.2 147.3 153.6 161.6 167 171.1 171.5 173.1 174.6 176.1 177.8 180.3 182 181.3 178.6 175.6 172.2 169.8 169.3 168.7 166.8 165.4 166.5 167.8 162.4 156.5 151.2 147.5 143
95 97.4 103.6 110.8 117.2 122.8 127.9 133.2 138.4 143.3 148.1 153.4 161.4 168.3 177.5 183.1 187.5 191.9 194.2 196.2 200 202.2 199.3 195.1 190.2 185.9 177.3 172.2 170.2 168.7 168.5 169.7 170.4 169.3 166.3 163.6 161.9 158.6 151.7 159.4 162 165.6 170.2 172.7 172 170.3 167.5 165.4 163.6 161.8 159.9 154.9 151.5 141.8 151.7 159 163.4 167.7 169.8 171.7 173.4 175.3 177 179.5 180.8 181.6 179 176.2 173.4 170.4 170.2 168.8 166.6 165.6 166.2 166.5 160.6 155.3 149.8 146.3 141.5
94.6 98 103.3 110.7 117.2 122.4 127.6 133 138.2 142.5 148.9 154.2 166.8 176.5 181.8 186.5 187.8 190.8 194.2 195.9 198.9 202.6 202.6 198.8 193.9 190.3 190.7 183.6 175.5 170.1 166.6 167.1 169 168.4 165.6 162.8 160.2 156.8 153.5 157.6 159.1 162.7 167.8 170.2 170.4 168.4 165.7 163.3 161.6 159 156.8 154.2 149.7 139.8 149.4 156.9 161.6 165 167.7 169.9 171.7 173.7 175.8 178.4 180.3 181.4 179.2 176.4 173.8 172.1 170.4 168.8 166.4 165.4 164.6 162.6 158.3 153.4 149 145.2 140.2
94.4 98.4 103.4 110.1 116.5 121.6 127.2 132.8 138.4 145 155 165.4 179.6 187.2 190 191.9 191.4 190 192.3 193.8 196.2 199.6 201.9 201.3 197.6 195.5 200.4 197.5 193.8 175.5 172.1 168.3 165.1 167.2 164.8 161.6 158 157.1 151.7 155.8 157 159.3 164.4 166.9 167.7 166 164.1 162 159.8 155.8 153.9 152 147 136.9 148.7 155 159.8 162.8 165.5 167.8 169.6 172.1 174.2 176.7 179.5 181.2 179.4 176.5 174.1 171.9 170.5 168.5 166.6 165 163.8 161.1 156.6 152.5 148.1 143.8 139.2
93.6 98.4 103.4 108.9 114.1 118.7 125.4 132.6 140.5 150.4 160.9 177 191.2 198.5 199.5 197.5 194 191.4 190.5 192.2 192.6 194.4 197.9 199 197.4 196.9 199 198.9 195.2 179.6 175 170.8 165.7 159 158.4 156.6 154.8 155.3 151.1 153.7 155.2 157.1 161.2 163.4 165.2 164.2 162.9 160.3 157.3 153.5 151.1 148.4 145.8 138.2 146.2 152.8 157.7 161 164.1 166.1 167.4 169.7 171.8 174.6 177.8 180.7 179.3 177 174 171.3 170.3 168.1 165.9 164.5 163.1 159.6 155 150.7 146.4 142.3 138.1
93.8 98.6 103.2 107.8 112.2 116.8 125 134.1 142.2 154.8 171.4 190.4 203.2 208.9 208.5 203.2 197.6 193.4 191 190.3 191.4 189.1 191.9 194.2 194.5 193.8 195.4 195.5 191.7 186.5 180.5 172.9 168 165.4 162.8 160.6 157 154.9 151.9 148.7 153.5 156.3 158.7 160.5 161.8 162.3 161.3 159.2 154.6 150.6 148.1 145.5 137.5 134 145.6 152.4 156.1 159.3 161.7 164.1 165.7 166.7 169.8 173.7 177.2 180.1 179 176.7 173.7 170.9 170.3 167.9 165.7 164 162 159.5 154.5 146.4 142.1 140.5 136.1
93.7 99 103.2 106.9 111.1 116.5 125.5 135.3 145.3 164.3 187.9 203.1 213.6 218.4 215 209.7 201.5 196.5 192.2 189.1 189.2 188 184.9 182.8 185.3 188.5 189.7 191.4 189.2 187.3 183.2 173.9 167.5 164.4 162.4 160.2 156.9 154.8 151.6 147.5 151.1 153.8 156.2 158.4 159.7 158.9 157.9 155.6 151.9 146.8 144 142.5 137.1 133.2 144.3 151.1 154.9 157.4 159.6 161.8 164.6 167.3 173.8 177.1 177.9 179.1 178.7 176.3 173 170.3 170.2 167.8 165.5 163.1 160.8 156.8 154.6 150.5 144.6 139.2 130.6
93.6 98.2 102.9 106.6 111.2 117.3 126.4 136.7 150 168 189.2 204.5 214.1 218.7 219 215.3 209 201.1 195.3 190.6 187 186 184.4 182.5 178.9 179.8 182.3 184.9 185.8 185.1 182.5 173.7 167.7 163.3 160.9 158.9 156.9 154.5 151.5 148.2 147.7 150.9 153.5 155.5 156.3 155.8 154.2 151.8 148 141.2 139.9 139.2 137.5 134.3 143.7 149.2 154 156.4 158.7 161.2 165.6 171.8 177.2 177.7 178 178.7 179 176.4 173 170.8 169.2 167.7 166.5 165.4 162.1 159.4 157.3 153.3 146.9 140 132.6
94.2 98.8 103.1 107.6 112 116.9 127.1 140.9 154.8 168.9 188 201.3 211.6 217.4 218.4 216.7 215 208.9 201.4 195.4 189.7 184.2 181.8 180.2 178.1 174.4 173.9 177.9 180.9 180.9 180.1 175.1 166.7 163.4 160.8 158.4 156.5 153.9 151.2 148.5 145.3 147.7 149.9 152.2 152.9 152.2 150.6 148.1 143.2 136.6 137.4 138 131.4 132 141 147.9 152 155.8 158.6 160.9 166.6 172.7 177.2 177 178.6 179.8 179 177.7 173.2 170.1 168.4 167.3 167.8 167.9 165 162.1 160 154.8 148.9 142.8 133.9
95.4 99.6 104 108.6 113.2 119.1 129.5 144 157.4 172 185.1 197.5 206.8 213.5 215.7 217.7 220.5 214.1 206.5 202.6 192.3 184 179.1 175.9 174 171 169 171 173.1 176.1 176.7 173.8 166.8 163.9 161.4 158.6 155.9 152.7 150 147.5 143.4 144.5 147.8 149.3 149.5 149.1 147.5 145.1 140.6 136.2 133.4 131.8 127.3 131.2 137.2 144.1 150.4 154.8 158 161.4 166.4 172.3 176.2 178.6 180.2 180.7 180.3 177.8 173.2 169.7 168 167.6 167.9 170.6 167.8 165.1 161.8 156.4 150.9 145.1 135.9
96.4 100.8 106 110.9 116 122.4 132.6 144.7 159 171.9 183.9 193 201.9 208.3 212.2 214.1 219.3 215.2 206.4 199.9 190.6 182.8 177.1 173.8 169.7 167.4 165.3 167.4 169.1 171 172.6 171.2 166.7 162.9 160.9 158.4 155.8 152 148.3 146.7 145.7 143 145 146.6 146.5 146 145.3 142.5 138.8 135.3 131.3 127.6 125 132.9 136.9 142.1 147.9 153.7 158.4 161.7 166.2 171 175.9 179.8 181.4 180.9 180.1 177.8 173.3 169.5 167.1 166.1 168.5 171.7 170.2 166.6 163.5 158 152.8 146.8 137.9
97.1 102.7 108 113.3 119.9 126.6 131.2 145.1 160.1 171.9 181.5 189.4 196.9 202.8 205.6 210.8 215.1 210.4 203.7 195.6 187.8 179.6 174.2 170.5 167.1 162.9 161.6 161.8 165.1 166 168.1 167.5 165.2 161.5 160.3 158.6 156 151.6 148.1 146.6 145.6 142.9 141.2 143.9 143.6 142.8 142.1 140 136.5 133.4 129.7 125.8 124.2 132 136.1 141.5 147 152.1 156.9 161.9 167 171.9 177.5 181.9 181.5 180.9 180.1 177.4 172.9 169.2 166.5 165.5 168 170.5 169.9 167.1 164.2 158.6 153.7 147.7 139.1
98.1 103.7 109.1 115.9 122.1 126.8 129.5 145.8 158.4 170 176.9 184.8 191.8 198.3 206.3 207.9 208.7 206.5 199.5 191.4 183.6 176.2 170.9 166.7 163.9 160 157.4 158.7 160.8 162 161.8 161.5 160.7 160.1 158.4 157 156.4 151.8 148.4 146.1 145.2 143.6 138.8 137.5 138.5 137.2 138.1 137 134.5 131.5 128.5 124.4 123.2 131.8 136.9 141.1 145.9 150.1 154.5 161.8 168.5 175.8 182.4 184.8 183 181 180.1 177.1 172.3 168.6 165.9 164.7 167.6 169 168.9 166.9 164.6 159.7 154.3 147.4 139
97.7 102.7 108.8 113.9 120.3 126.1 128.8 144 155.4 165.2 171.8 178.6 186.5 193.9 200.8 204.7 204.9 201.6 194.5 186.4 179 172 166.6 162.9 160.7 158.3 155.5 155.9 158.5 159.9 160.4 161.2 159.5 158.3 157.5 156.5 156.2 151.9 147.7 145.6 143.8 142.4 140.2 140.2 140.4 141 138.9 131.7 129 128.4 126.7 122.5 122.6 132.3 136.8 140.7 145.2 148.1 153.3 165.5 174.1 182.3 188.6 187.9 185.4 182.9 179.5 176.4 172.5 168.5 165.5 163.7 166.2 167.2 167.3 166.4 164.5 159.7 154.6 147.5 139.8
98 102.4 111.5 116.9 120.4 127.3 132.7 139.4 149.7 159.6 166.1 172 178.4 186.1 192.2 196.9 197.9 195.1 189.1 181.4 174.6 167.8 162.5 158.8 156 154.7 153.1 154.6 157.1 157.2 157.2 158.5 157.7 156.8 156.2 154.9 155.3 151.3 147.8 144.9 142.5 141.8 144.8 145.4 150.5 148.5 142 135.2 129.4 123.5 122.9 119.8 126 132.5 136.9 140.8 144.2 147.6 155 170.7 181.3 187.7 191.5 190.8 186.7 183 179.6 176.7 173.1 169.4 165.4 162.8 164 165.4 165.7 165.7 163.9 159.4 153.3 146.7 139.9
