Game/Highland_Data/StreamingAssets/GeoData/Data/ny/NY19.asc
ncols 200
nrows 200
xllcorner 310000
yllcorner 590000
cellsize 50
[rows 35 to 69 of 200, columns 80 to 159 of 200]
202.2 212 213.6 216.7 219.7 223.9 228.8 231.6 239.2 246.1 256.2 263.5 270.6 282.2 310.5 332.7 351 367.7 381 390.5 392.1 399.3 410.8 421.1 432.1 442.8 451.9 457.4 457.2 455.3 450.7 446.7 446.1 443.3 439.3 434.8 431.1 426.1 419.7 413.8 404.3 391.1 379.9 368.8 364.6 361.3 357.5 353.6 356.4 364 366.2 360.7 357.3 350.7 342.3 334.1 325.5 317.4 306.6 297.3 287.7 277.8 273.7 271.5 276.7 288.3 297.9 306.3 312.9 319.2 326.9 333.7 335.5 335 336.2 338.8 341.7 343.6 350.3 355.8
200.8 206.4 205.8 211.1 212.2 216.1 221.3 228.2 233.8 243.1 251.2 258.4 267.6 284.7 310.3 328.8 345.8 362.7 375.6 383 377.4 394 406.6 416.9 428.2 440.5 448.8 453.8 455.6 453.5 446.6 441.3 436.9 433.6 430.9 431.8 424.6 419.9 414.7 409.8 398.7 385.9 380.2 375 367.5 360.9 358.9 355.4 351 357.1 359.1 360.5 360.1 355.7 347.3 337.5 327.5 316.7 306.7 297.5 287.5 276.6 271.4 270.6 282.3 288.2 295.4 301.9 306.9 312.4 319.8 325.5 328.4 328.8 334.7 334.6 340 349.8 356.7 360.4
195.1 200.8 201.1 203.7 207.1 212.1 216.3 221.6 230.8 237.6 245.2 254.3 268.4 287.1 306.9 323.2 339.4 357 371.2 376.1 368.6 389.6 401 410.9 423.4 435.1 443.9 449.3 450.5 449.4 443.3 437.1 432.5 428.8 424.8 420.9 417.1 417.7 412.7 407.6 396.8 394.8 391 385.8 378.8 369.6 361.7 355.5 351.5 350.7 354.2 360.4 364.1 359.4 350.9 340.8 329.9 318.6 307.6 298.3 288.4 278.2 268.6 270.2 282.6 287.4 292.4 297.7 301.9 306.8 313.6 320.3 320.5 328.5 330.5 339 346.6 356.6 363.8 368.6
189.9 193.7 197.8 200.5 203 204.5 211.3 216.7 223.9 232.6 242 253.5 268.9 283.9 299.2 315.3 333 349.9 362.9 362.9 359.3 378.7 390.2 403.3 416.9 429.7 440.1 444.8 447.2 446.2 440 433.7 428.7 422.5 418.6 412.9 410.2 409.9 409.9 408.5 408.1 406.2 402.7 398 389.2 380.4 369.9 356.1 352.4 347.2 349.8 358.4 364 363.7 354.6 344.5 333.4 321.9 310.6 298.5 288.3 279.9 268.6 272.3 281 285.6 290.1 294.3 289.6 297.7 310.2 319.7 326.5 335.5 343.7 350.9 355.2 363.8 370.6 375.5
180.6 185.8 191.6 191.6 194.7 197.9 202.7 211.2 222.7 229.8 240.1 254.5 264.5 272.5 289.7 307.4 325.2 342.1 350.6 344.5 345.7 355.3 375 391.3 406.1 426.3 436.6 441.8 444 441.9 436.9 429.8 423.2 418 412.4 406.7 402.6 404.9 407.2 406.1 409.4 413.4 411.5 405.4 396.8 385.2 376.2 362.5 351.9 348.1 345.8 356 365.2 369.2 361.3 347.9 335.7 323.7 311.4 299.8 289.5 280.7 267.8 268.7 277.6 283.1 277.5 290.3 295.1 301.2 311.8 327.6 339.1 348.4 353.5 360.4 368.4 372.2 375.8 379.2
185.2 194.9 201 206.8 207.9 208.2 210.7 208.3 217.9 225.9 240.3 253.1 262.3 270.7 280.3 297 314.1 328.6 330.6 315.9 344.1 366.4 387.7 404.6 417.7 427.8 435.4 439.1 439.3 437.4 433.1 426.2 418 412.2 404.5 399.5 392.9 396.2 399.2 403 408.9 414.4 415 409.1 400.3 386.2 373.7 364.7 350.7 346.9 344.6 356 367.5 372.6 369.9 354.4 339.7 328.3 315.6 304.7 294.7 286.5 270.1 267.3 269.8 271.9 281.7 285.7 290.7 299.3 315.8 333.5 345.3 355.2 365.3 372.1 376.6 378.6 379.1 377.7
188.3 198 205.9 213.7 218.8 221.2 222.8 224.2 221.8 223.3 238.5 251.1 261.3 269.6 278.1 286.9 298.5 307.4 303.1 321.7 347.6 372 396 408.7 420.8 429.5 434 435.8 435.2 433.4 427.9 421.9 414.9 408.5 396.6 391.5 384.6 387.2 390.4 398.4 405.6 412.6 414.7 410.5 401.6 386.4 372.8 360 346.9 344.6 344.4 357.4 364.2 374 376.5 365.5 348.8 334.5 324 311.8 299.4 288.6 282 267.1 267.4 269 276.4 281.9 287.8 298.7 317.8 336.7 349.9 364 372.6 378.4 381.3 381.5 378.7 374.1
192.9 203.3 209.6 218.4 225 228.9 231.7 234.6 236.3 239.1 231.5 242 252.8 257.6 267 269.7 282.8 294.2 308.1 326.8 354.5 378.1 396.7 409 419 426.5 430.9 432.4 432 429.3 424.6 418.9 411.4 404.5 390.5 380.9 375 377.7 381 390 399.6 408.3 411.6 408.3 399.4 385.5 370.4 354.1 344.1 342.4 344.9 357.8 369.3 378.3 379.6 373.4 357.6 344.1 329.1 317.2 305.2 293.5 282.1 274.9 265.6 266.2 269.3 279.6 287.3 299.6 318.7 338.3 351.3 366.6 374.5 379.3 381.1 380.5 376.3 371.1
195.4 205.6 212.1 222.2 229.1 233.9 237.8 241.3 245.7 248.6 252.4 249.2 253 263.4 274.6 284.9 291.7 298.5 311.6 337.2 361.7 380.4 393.5 404.9 413.9 420.5 425.1 427.1 427.4 425.1 421.9 417.6 410.7 401.1 390.4 377.8 369.6 370.9 374.6 382.5 393.3 401.7 404.8 403.8 396.3 379.5 362.4 346.1 342.2 341.5 345.1 357.8 370.5 379.3 381.2 377 363.7 350.1 334.7 322.7 310.7 297.5 285 276.5 265.8 264.3 266.1 277.7 289.7 302.3 320.8 337.1 350.8 364.9 371.7 374.7 376.9 377.2 373.3 366.9
197.3 205.4 213.6 222.6 229.9 236.7 242.1 248 251.6 255.4 260.1 262.9 266 264.9 269.3 281.7 293.8 294.5 322.5 347.9 367.3 379.2 389.4 398.3 405.7 412 417.1 421 422.4 423.2 420.1 415.2 408.3 400.8 388.9 377 368.9 366.1 369.4 375 384.8 393.7 399.5 398.9 393.6 376.3 356 341 340.7 340.5 345.1 360.1 375.3 382.3 385.7 382 371.2 354.8 338.8 324.6 314.3 300.1 286.9 278.1 265.3 263.4 266.6 281.6 293.8 304.2 321.1 336.9 347.7 360.3 365.6 368.2 370.3 371 367.2 360.8
197.5 204.5 213 223.9 228.6 235.7 242.1 248.5 252 258.5 264.5 268.5 278.3 284.4 287.3 298.5 311.7 319.4 325 352.6 366.1 375.4 383.8 390.8 396.5 402.6 409.1 414.6 419 420.1 417.6 410.2 404.6 398 386.3 375.7 367.5 361.9 364.9 371.3 378.8 387.6 394.2 394.9 388.6 372.2 347.9 339.7 337.4 340.9 347.2 363.1 376.4 384.3 390.2 386.8 374.4 358.5 341.5 327 314.8 299.7 287.9 279.4 265 261.1 266.9 281.9 293.6 304 320.6 336.2 346.9 354.2 358 360.4 361.7 359.1 354.6 349.6
196.6 203.7 211.6 221.4 227.2 232.2 240.3 245.8 253.6 261.2 267.5 275.9 288.1 299.8 306.7 315.8 330.7 338.6 342.9 353.9 365.2 371.3 376.6 382.5 388.9 396.5 404.7 411.7 416.1 416.8 412.5 405 399.5 392.6 383.3 372.5 363.8 359.9 361.8 366 373 382.5 389.3 391 385.2 367.9 344.5 337.8 337.3 341.3 350.5 365 377.7 387.5 391.8 388.3 377.1 360.1 341.3 324.5 312.4 296.9 288.3 280 266.5 260.7 269.6 282.2 292.1 302.2 318.5 334.5 342.1 347.4 351.8 351.8 350.9 347.6 343.1 339.2
193.8 203.5 209.7 216.2 224.3 230 239 245.4 254.8 263.1 271.9 284.4 295.8 307.9 316.7 326.3 337.9 346.4 352.1 356.4 363.6 369.3 374.7 384.9 391.3 399 406.5 413 415.7 414.4 407.1 400.7 393.1 386.1 377.8 367.3 360.2 358 359.3 362.2 369.3 379.1 386.8 390.8 379.8 361.6 342.6 338.6 337.9 342 353.2 367.7 379.7 388.6 391.9 388.9 377.4 360.4 340.3 324.6 307.7 295.8 286.6 277.4 268.3 261.1 270.1 282.1 291.6 301.7 315.5 329.1 336.9 341.9 343.7 343.1 342.4 339.9 334.8 331.9
196.3 204.9 211.4 219.7 225 232.2 239.4 247.1 256.4 265.6 275.7 287.9 299 314.7 326.7 336.1 344.6 351.1 356.3 362.1 368.4 375.2 383.4 392.5 400.2 407.2 413.8 417.7 416.7 411.7 403.7 394.5 386.7 379.4 370.8 361.7 356.2 353 357.2 362.9 367.4 377.8 388.2 391.6 380.7 358.3 341.2 337.4 336.1 343.1 355.8 370.9 380.1 388.8 392.1 388.6 379.3 360.6 340.9 324.6 307.9 295.1 285.7 278.8 262.3 260.1 274.6 282.4 290.6 300.2 310.6 320.3 328.5 333.1 334.5 333.6 331.5 328.9 326.4 324.8
196 204.1 210.6 218.5 226.9 233.3 241.3 249 257.7 266.8 278.3 289.9 301.5 318.9 329.2 341.8 349.5 353.2 357.6 363.2 370.7 378.6 388.8 397.7 404.7 412.8 419 420.7 418.5 411.4 401.3 389.5 379.4 371.4 364.6 358.4 354.9 350.6 356.9 361.8 368.2 380.5 391.8 394 384.4 359.6 340.4 336.7 334.6 344 356.2 368.9 379.7 387.4 390.9 391.1 380.9 363.8 342.6 323.6 309.6 296.2 285 278.2 260.7 259.8 275.9 282 289.4 298 307.2 313.9 319.1 322.6 323 321.9 323.5 321.9 319.3 317.8
198.7 204.1 210.9 219.4 226.9 233.1 242 249.5 258.3 266.9 278.1 288.3 302.1 317 329.6 343.1 347.8 351.9 356.5 363.9 371.6 382.4 391.8 399.4 406.6 413.2 419.2 421.7 418.7 411 401.3 388.6 377.5 367.8 361.7 356.2 352.8 350.9 357.1 362.4 373.6 384.8 391.8 391.5 383.3 358.3 340.1 335.5 334.3 343.2 353.7 366.5 379.8 385.6 393 392 384.1 367.7 346 328.7 313.9 300 288 278.4 263.4 258.9 274.7 280.1 286.6 295.2 302.1 307.3 311.9 314.7 314.8 315.2 316.6 316.2 314.3 311.9
200.4 204.3 211.4 219 225.4 232.7 241.1 248.4 256.2 265.4 276.5 288 300.5 313.2 327.1 338.7 344.4 350.5 355.8 363.3 372.5 382.9 391 398.5 405.4 412 417.2 421.4 418.4 412.1 403.3 393.6 381.7 370.9 361.6 354.4 349.6 351.5 357.5 364.1 374.1 387.7 392.4 389.7 380.4 357.8 339.8 335.3 331.3 340.8 349.4 364.8 376 383.7 393 393.7 386 373.9 353.5 334 320.7 305.5 291.8 279.8 261.1 256.2 271.1 277.2 283.6 291 296.8 301.4 304.4 306.1 308.7 309.5 310 310.2 309.3 312.8
198.4 203.9 210.9 218.5 223.7 231.4 238.9 246.2 253.8 263.8 274.7 285.1 294.8 306.7 319 325 339.2 349.1 354.7 361.8 372.3 380.5 388.3 397.1 404.5 410.9 416.6 420.7 419.3 414.5 406.7 398.9 387.6 375.2 362.4 352.7 346.1 352.4 355.2 364.4 375.7 385.8 388.4 386.1 375.8 354.6 339 335.5 328.8 337.3 346.5 362 370.7 382.8 390.9 393.7 391.2 381.5 363.3 343.3 327.3 309.9 292.9 279.4 259.7 256.4 269.4 275.4 280.5 286.1 291.8 295.9 299.2 301.3 303.8 304.5 305.2 302.2 308.7 311.7
196.9 203 209.6 215.5 221.9 230.3 238.6 245.2 252.6 262.4 268 274.7 292.3 304.7 320 336.8 346.6 350.5 354.6 360 369.8 377 384.8 393.5 403.9 411 416.7 419.7 419.4 415 408.1 399.2 388.8 376.3 362.3 351.7 344.6 349 354.8 363.6 374.1 382.8 386.4 382.7 373.5 352 338.4 334.8 327.1 333.6 343.7 357 368.6 380.8 390.8 393.4 394.2 387.2 371.2 352.1 334.4 313.6 297.6 282.1 260.5 255.2 268.5 273.8 278.3 283 287.3 290.8 294.3 297.7 300.1 300.7 299.9 304 306.6 309.1
197.4 204 209.4 215 219.5 227.5 237 242.2 251.3 259.6 272.7 284.6 295.3 308.8 327.9 344.8 351.2 351.6 353 356.6 363.9 371.2 381 392 401.6 410.6 415.7 418.2 416.5 412.4 406 397.5 387.3 376.6 363.6 350.9 341.3 346.4 352.7 361.2 371 380.9 383.3 383.3 372 352 335.8 332.7 327.2 330.7 341.8 353.9 367.4 378.1 387.8 394.6 397.4 390.7 378.1 360.8 342.4 322 304.8 288 266 254.5 258.9 271.8 276.2 280.7 284.1 288 291.2 294.1 296.4 292.6 299.7 302.3 304.4 307.5
197.9 204.5 210.5 217.2 225 232.5 238.6 244.9 251 260.2 271.4 283.3 298.7 311.6 332 349.2 352.8 350.7 350.1 352.2 358.7 369.5 379.5 389.1 399.5 408 413.2 414.7 413.2 407.9 401.4 393.3 384.3 373.4 362.1 350.9 341.5 344.1 349.6 357.6 366.7 374.1 380.3 377.8 368.2 351.4 334 331 324.5 326.1 343.3 353.2 365.1 375.6 385.2 392.2 396.4 392.3 382.6 365.7 351.7 332.2 313.5 293.5 277.9 256.4 254.7 267.8 274 278 281.4 284.9 288.1 291.4 291.5 294.6 296.9 296.4 302.7 308.4
197.7 204.2 211.8 218.8 226.2 233.1 239.3 244.2 249.7 261.1 271 284.6 299.5 313.3 333.8 346.7 352.4 350.4 347.3 347.4 354.9 362.2 379.1 388.3 397.9 406 412.1 412.4 410.4 404.1 397.1 388.9 379.5 369.4 358.7 348.1 342.7 337.5 345.8 353 361.5 370.8 375 372.1 365.4 345.9 332.2 329.4 323.6 330.8 342.5 350.3 362.3 376.1 383.5 390.3 391.6 390.1 383.7 367.8 356.1 340.3 325.2 302.2 283.6 267 256.7 257.3 272.4 275.4 279.2 283 286.2 289.2 286.9 288.9 295.1 300.7 307.4 313.4
195.6 203.3 213.4 219.8 226.6 233.4 239.8 241.8 248.5 260.8 270 286 299.3 314.1 330.5 343.2 349.5 347.5 342.7 342.3 347.8 367.1 379.3 389.1 397.9 406 411.4 411.7 407.9 401.7 393.8 384.9 374.6 364.4 354 346.2 341.3 337.5 342.2 347.6 355.4 364.2 369.1 367.2 354.1 340.2 330.5 327.9 320.8 331.2 338.5 347.6 361.3 374.3 379.2 382.7 385.4 387.1 379.2 362.9 351.3 343 330.9 308.4 287.4 272.8 259.6 251.5 263 273.4 277.9 280.8 284.3 278.7 289.9 294 298.9 304.4 312.6 320.9
188.6 194.2 208.3 220.5 226.8 234 237.9 239.1 248.6 259.3 271.3 286.4 297.8 312.2 326.6 339.2 343.6 344.1 338.9 340.6 351.3 366.1 379.7 391.6 398.9 406.1 410.4 409.3 406.5 401.2 392.7 383.3 371.8 358.9 349 344.8 341.2 335.9 340 343.5 350 358.5 360.2 352.1 341.8 335.5 330 326.3 319.6 329.3 335.3 347.2 360 369.4 372.4 373.8 375.6 372.9 358.3 354.5 347.2 339 324.8 304 287.7 273.3 261.3 250.9 266.6 269.9 264.7 269.4 281.5 286 290.7 296.9 303.8 310 319 329.5
200.1 206.9 200.4 213 225.8 231.6 236.1 240 247.1 258.1 271.7 283.8 295.5 308 322.5 332.1 337.4 339.1 331.8 339.2 350.8 367.1 382.3 391.3 397.7 404 407.1 406.8 404.5 398.4 391.8 382 369.6 357.1 347.7 343.6 340.7 334.2 337.4 340.1 343.7 350.6 348.2 339.7 335.7 329.3 326.8 322.3 319.9 328.5 334.5 343.8 351.7 357.1 358.4 362 359.3 353.7 347 343.6 339.2 330.4 315.8 298.2 285.5 273.6 257.2 250.3 259.5 271.4 276.8 280.2 284.1 288.3 294.6 301.6 308.7 315.8 327.5 337
205.7 210.9 216 208.1 221.5 230.3 237.2 241.9 248 259.1 271 282.5 292.3 302.7 315.3 323.6 329.6 332.2 328.3 338.8 350.7 367.8 379.7 388.1 394.4 400.3 404.3 404.4 402.1 397 390.5 383.4 373.7 361 350.5 343.4 339.1 333.4 334.8 337.9 338.3 340.2 337.3 334.6 332.6 327.7 323 317.5 320.9 325.9 331.6 336.9 340.2 342.2 344.5 341.4 341.4 336.2 333.3 329.9 328.9 318.4 305.3 292.9 282.6 271.8 258.4 248.9 267 273.1 278.1 281.9 286.4 292.1 299.3 306.3 314.5 322.9 334.8 341.7
211.2 218.1 221.6 224.6 226.3 221.6 234.4 242.8 249.7 260.4 269.9 278.8 286.7 296.2 306.5 310.8 310.7 315.7 327.8 339.7 349.5 363.7 374.2 383 390.9 397.6 401 401.7 399.3 394.5 390.2 384.8 377.7 368.4 357.5 348.2 339 333.2 330.5 334.3 335 334.3 331.3 330.9 329.9 327.1 320.8 318.1 317.1 321.2 324.7 325.9 327.6 327.5 323 321.9 319 318.2 317.1 315.8 312.5 304.1 294.1 284.4 275.1 264 252.4 248.4 267 273.5 276.2 281.9 289.5 296.1 302.6 310.6 321.2 330.1 339.3 345
216.1 221.7 225.9 229 231.6 235.6 239 238.8 238.1 257.2 262.5 271.2 268.6 281.8 286.3 299.7 316.7 328.4 333.1 336.7 342.9 355.5 366.2 378.8 387.7 393.5 397.3 398.4 396.1 392.6 388.6 383 377.9 371.4 362.2 353.3 345.1 337.9 330.6 329.2 331.5 331.4 328.6 329.3 329 326.4 320.3 316 311 314.5 313.8 314.7 315.4 313 310.7 308 302.5 299 298.7 300.2 298.8 293.8 285.9 274.9 267.2 256.2 246.9 261 267 271.9 280.8 287.7 293.1 300.1 307.1 316 324 335.2 342.1 346.5
219.6 224.1 227.9 231.7 236.2 241.8 245.9 247.7 250.3 258.1 265.2 273.3 280.6 289.5 296.6 307.8 325.2 336.9 339.1 338.8 340.8 347.6 360.9 374.2 383.8 390.6 395.1 396.6 394.8 389 383.7 378.9 376 372.6 365.7 357.2 349.8 341.9 335.1 325.3 323.9 327.4 326.4 325.7 326.6 325 320.2 316.1 313.2 310.8 307.3 304.7 303.9 303 300.7 297.2 287.1 285.9 288.7 288.8 286.9 283.5 277.7 269.1 259.1 245.7 252.5 263.8 271.2 278.3 289.3 295.7 297.6 304.6 312.2 321.4 328.4 335.4 342.8 348.2
221.4 225 229.3 235.1 240.8 246.6 251.6 255.5 259.3 255.7 262.4 268.6 276.2 285.4 296.2 317.2 334.4 344.9 345.2 341.8 340.2 341.9 353.5 368.2 378.3 385.4 392.1 395.2 392.2 386.2 380.4 376.6 373.6 371.3 366.5 359.3 350.8 343.8 337.7 330.3 326.8 323.3 323.5 323.7 323.8 323 322.2 320.6 319 316.4 314.9 312.6 310.2 301.6 300.4 300.9 297.1 280.5 269.8 270.4 274.5 274.1 268.6 261.8 246.5 250.3 261.1 267.3 275.9 291 301.2 308.1 308.7 311.3 318.4 325.4 331.7 337.1 343.5 350.7
222.1 226.2 232.3 238.1 244.5 250.8 256.5 262.8 266.6 266.7 267.3 269.5 275.3 285.9 302.7 327.2 340.6 349.5 350.2 344.3 338.2 337.1 346.4 360.9 371.8 381.4 390.3 393.2 391.5 383.6 377.5 374.6 370.9 368.7 365.4 357.6 351 344.1 337.7 329.3 326.1 321.3 319.7 321 321.5 322.5 324.3 324.9 323.4 320.1 317.8 315.3 313.1 310 306.8 304 301.1 297.7 293.2 284.9 265.3 256.6 256.3 250.1 246.1 254.8 264 273.8 285.3 300.8 311.9 318.7 317.9 318.5 323.7 329.3 333.8 339.2 344.8 352.2
223 228.8 235.4 241.7 248.1 255 262.9 270 273.9 274.6 274.9 278.5 283.6 296.2 313.9 330.3 344.6 355.1 354.6 347.2 337 335.1 339.1 353.8 366.1 376.9 386.9 390.3 389 381.8 375.1 371.3 367.8 364.5 361.4 355.9 350.8 344.3 337.1 329.4 325.1 322.6 320.2 318 319.5 323.4 328 329.4 329.3 326.9 323.1 319.6 317.3 314.6 312.6 311.8 310.2 305.4 302.8 296.5 284.1 271.2 253.6 243.7 247.2 258.2 270.2 282.1 293.5 310.1 320 326.6 328.5 325.3 328.7 332.5 335.2 339.8 346.8 352.6
224.9 233.3 240.4 246.5 252.6 260.3 268.9 276.5 277.9 279.2 281 285.6 295.4 309 323.4 333.7 349.6 356.3 357.7 349.6 336.7 334.3 335.9 348.2 362.6 374.1 382.5 387.4 385.6 378.7 372.4 368 364.1 362.2 362.4 355.4 350.2 343.7 336.5 328.9 324.5 321.6 319.4 317.4 319.2 326.2 331.3 334.7 335.2 334.9 334.5 334 332.8 331.6 329.5 328.1 326.6 322.1 314.6 301.6 285.3 270.3 256.8 242.8 251 265 276.3 289.5 304.5 316.5 324.9 333 334.9 334.3 331.6 335.2 337 341.2 346.9 351.3
228.5 237.5 245.2 251.7 257.7 265.1 274.9 278.4 277.9 275 283.1 287.1 299.3 315 324.3 337.5 350.7 355.5 354.7 346.5 335.1 333 332.5 345.7 357.6 370.7 378.5 382.5 380.5 374.3 368.2 364.2 361.2 359.8 361.5 354 348 342.5 335.8 327.4 322.9 321.2 318.4 316.9 320.8 327.2 332.7 339.5 342.3 342.9 341.6 341.4 341.7 340.9 337.5 336.6 338.6 327.8 315.5 300.1 280 262.4 250.7 241.9 255.9 269.2 282.9 298.5 310.8 322.9 333.5 338.7 339.5 339 336.7 338.2 340 342.3 346.4 350.2
231 240.4 248.9 254.6 261.1 272.7 278.5 277.4 274 272.9 280.1 286.5 300.3 311.6 324.3 337.4 347 351.5 352.1 345.5 334.4 331.3 331.1 342.2 355.9 368.2 374.9 377.2 375.3 370.2 364.2 359.9 356.5 357.3 355.9 351.9 346.8 340.7 334.3 326.3 322.2 319.6 317.5 315.3 323 328 335.3 340.9 346.1 346.1 345.3 347.3 343.2 342.7 339.3 340.7 334.6 320.1 308.8 292 269.9 256.1 240.9 248.8 262.2 275.3 290.6 306.1 317.2 330 342.3 345.7 344.3 342.7 341.2 341.1 342.8 343.5 345.4 347.4
