Game/Highland_Data/StreamingAssets/GeoData/Data/ny/NY20.asc
ncols 200
nrows 200
xllcorner 320000
yllcorner 500000
cellsize 50
[rows 0 to 34 of 200, columns 0 to 77 of 200]
392.3 390 391.3 381.7 368.6 359.6 387.3 418.1 448.8 480.9 509.4 525.7 544 561 573.7 586.4 612.8 617 647.4 672.5 686 654.1 675.1 710.3 716.3 716.2 712.2 731.2 725.1 717.8 697.2 676.3 649.9 626.5 599.7 572.9 545.5 518.9 503.9 489.2 465.8 457.5 445 438.9 436 447.5 479 505.4 515.9 538.3 565.9 576.7 592.9 608.4 608.8 604.4 598.5 585.6 581.2 575.5 567.1 541.7 507.3 463.8 433.2 395.2 368.7 342.4 324.5 307.4 292.5 301.1 324.4 350 377.1 406.2 439.1 474.5
371 353.8 360.9 353.6 338.6 354.9 385.2 415.6 437.7 458.7 478.3 494.6 512.5 528 539.3 553.1 568.4 583.4 599.3 606.5 631.7 620.8 660.3 676.7 674.8 682.3 675 679.1 683.7 680.5 670.1 661.3 641.3 619.6 590.7 562 536.2 511.5 484.8 474.6 460.6 450.9 437.4 439.9 439.9 455.9 488.4 498.8 519.4 550.3 577.4 581.5 588.2 601.9 601.6 595.4 592.2 593 589.4 583.5 566 535.6 505.1 463.8 431.8 402.7 369 344 328.4 311.4 304 312.2 335.3 360.4 387.5 414.6 447.3 483.6
343.4 323.4 329.7 324.6 332.3 361.2 388.6 401.7 413.5 430.5 446.4 462.7 479.6 494.2 507.3 519.6 535.2 543.2 557.5 571.6 575.4 586.8 621 639.1 638 641.3 639.3 656.4 649.4 651.9 656.2 657.8 636 615.9 584.5 554.5 526.4 500.1 481.6 464.6 454.6 441.6 439.9 439.9 439.9 445.7 469.8 497.2 528.7 555.4 583.2 596.9 601.9 602.7 607.2 603.3 594.2 590.8 590.5 577.3 562.7 535.5 496.2 461.6 425.4 396.3 369.5 343 331.5 324.5 317.1 322 345.4 371.3 396 425.6 454.5 487.4
310.2 300.4 302 306.6 336.8 358.2 366.3 373.7 386.3 401.3 416.5 432.5 447.7 462.5 474.1 486.9 499.5 508.9 521.1 530.8 538.8 555.7 574.2 598.1 599.6 604.1 602.1 619.2 629.3 635.9 656.5 655.6 638.8 610.7 588.3 558.2 528.9 500.5 479.1 459.3 447.3 439 439.9 439.9 439.9 445 472.1 496.3 525.7 565.7 580.9 589.8 599.7 605.9 602.8 608.8 598.7 594.1 592.5 578.3 558.4 526.2 489.9 454.8 423.4 395.3 368.9 349.7 346.1 337.5 333.3 334.5 351.1 378.8 404.9 433.4 463.3 496.7
279.6 275.7 287.6 312.8 327.7 330.8 339.6 347.4 356.1 371.3 383.9 400.7 416.5 430 441.1 455.5 464.5 473.1 484.7 492.6 503.4 524.8 542.8 558.4 561.8 568.2 566.4 573.5 593.5 617 636.7 634.9 621.9 594.7 574.6 551 524.4 497.2 478.3 458.4 444.6 437.2 439.9 436.7 439.3 452.9 470 495.9 537.2 565.4 576 588.5 599.3 603.6 611.5 612.7 600.9 600.9 593 582.1 553.8 519.2 482.5 453.6 424.7 395.3 364.8 357.4 361 349.6 350.8 346.2 364.2 385.5 410.9 439.5 470.7 500.3
249.9 257 286.6 300.2 302.4 303.2 309.9 319.3 328.3 340.2 353 369.9 385.7 399.5 409.1 421.1 429.6 438.9 448.5 458.9 468.3 477.5 494.2 516.6 526.1 534.4 532.4 543.1 565.3 579.6 615.1 621.4 605.7 578.7 557.8 538.8 518.5 493.4 479 465.4 447.9 437.4 439.3 438.5 444.1 470.8 483.1 502.3 530.6 556.8 569.9 583.9 585.5 606.8 627.5 620.6 603.7 596 592 586.9 560.6 512.8 480.5 453.3 425.1 398.9 375.2 373.9 379.2 368 360.3 360 381.5 398.2 422.1 447.6 479 509.6
238.1 251.4 273.8 274.6 275.3 275.3 283.4 291.9 298.9 309.1 323.5 341 358.3 367.6 376.7 386.9 396.5 404.8 413.6 427.5 434 442.8 456.9 472 493.7 497.2 500.1 503.6 522 554.1 568.8 593.3 589.1 565.7 541.7 530.3 512.8 491.7 474.2 460.6 454.4 441.9 440.3 441.3 447.1 474 491.2 511.7 530.4 550.7 556.6 567.3 584.1 609.9 622.4 624.7 609 601.5 592.9 577.4 546.3 511.3 482.5 453.3 429.6 404.3 386.3 390.1 388 378.9 381.1 370.1 388.6 408.8 435 461.3 491 520.9
222.9 242 252.6 255.2 263 254 260.6 267.1 276 281.4 299.3 314.3 329.1 336.4 344.5 354.8 363.1 371.8 382.2 396.2 399.1 410 423.3 441 453.7 459.8 469.5 477.1 503.4 517.6 543.8 542.7 550 542 531.7 524.3 509.6 484.1 474 464 460.5 449.5 444.4 444.2 448.2 474.6 501 510.9 520.8 542.7 552.9 558.1 581 610.4 611 625.2 611.6 606 594.3 574.2 541.4 509.4 483.6 453 431.2 412.2 404.7 403.4 403.3 396.5 389.9 381.9 399.8 421.2 441.7 472.1 502.2 533.9
212.6 231.5 243.8 247.2 247.4 242.2 238.1 249.6 254.7 259.4 272.7 286.3 297.8 304.2 312.9 322 330.1 340.6 355.4 365.8 367.6 376.2 393.1 409.8 416.4 424.8 432.6 449.1 460.1 483.3 491.3 502.6 513 518.7 523 511.3 500.8 482.2 474 465.9 463.7 462.6 460.7 461.3 454.4 473.2 488.4 504.2 517.6 530.6 538 549.4 573.1 595.7 595.2 623.6 620.2 614.4 606.2 572.5 538.9 507.4 478.2 451.5 431.3 417.4 419.9 419.3 415.9 408.1 397.6 398.4 411 431.2 458.1 484.5 502.2 539.8
207 213.2 223.3 228.7 226.8 224.4 223.7 232.2 229.8 242.5 249.9 257.5 266.7 276.5 283.5 290.3 301.3 316.6 329.1 334.7 335.1 345.2 361.5 377.4 385.7 393.1 405.9 420.5 440 448.9 460.6 473.2 502.5 506.5 509.1 499.4 495.9 479.2 473.7 471.3 477.1 477.8 482.7 478.1 476.4 481.9 482.8 497.2 509.1 523.3 533.8 549 568.6 585 603 611.1 619.3 617.5 618.1 581.8 535.1 503.9 475.9 451.3 433.2 428.5 430.2 428.4 423.8 420.4 419.8 417.8 432.4 444.4 473 501.8 529 553.3
196.4 202.6 208.2 206.5 202.5 209.4 209.5 213.2 215.1 218.9 223.3 230.2 241.1 246.6 254.9 262.2 277 292 300.3 305.1 305.2 318.8 331.5 344.6 358.8 368.7 385.8 395.5 420.4 435.7 440.2 455.3 468.5 481.6 493.3 498 486.4 477.9 473.3 473.5 484.9 489.2 489 487.3 489.9 496.8 507.6 500.7 518.9 525.9 538.5 571.8 585.5 595.4 620.9 617.3 610.6 613.6 618.6 579.4 531.3 500.8 473.8 449.7 436.9 439.5 441.1 441.4 437.6 436.2 437.4 438.4 449.4 464.7 488.4 524.5 555.1 581.3
181.6 185.5 187.2 190.8 185.5 192.5 194 187.8 192.8 196.8 204.1 210.6 217.8 224.1 229 237.4 252.2 264.9 272.1 275.4 277.6 289.1 301.4 313.8 329.4 337 354.6 368.8 389.9 409.6 423.3 432 438.9 446.1 461.7 478.5 480.4 470.7 474.7 475.3 491.6 485.1 484.2 483.8 501.1 523.2 521.1 524 526.8 533.2 547.7 578.4 568.5 600.5 611.4 628.6 613.2 608.6 599.8 566.4 530.5 499.8 472 453.3 447.3 446.8 452.5 453.8 451 458.4 460.3 468.1 481.9 490.8 514.7 553.7 581.8 603.7
165.6 163.4 174.2 180.8 184.7 180.8 176.1 174.8 179.7 181.8 189.3 196.6 200.2 202 207.9 215.5 228.5 237.4 242.8 244.7 251.7 263.1 274.3 289.7 300.6 312 326.6 341.4 360.1 380.6 393.3 407.6 416.3 419.1 432.7 447.8 457 461.8 465.8 462.8 478.1 471.2 475.7 475.1 485.4 523.2 547 539 535.8 541.5 550.8 562.3 573 596.1 602.6 625.1 609.2 607.1 606.8 565.8 533.2 499.1 473.9 456.4 461.8 460.1 469.7 471 470 480.5 488 499.5 512.6 524.8 548.8 577.4 598.3 626.8
151.7 160.4 163.3 166 161.7 162.7 163.6 165.9 171.5 175.5 180.1 184.4 186.2 188.4 194 198.4 203.4 211.4 216.8 222.1 232.2 242.8 252.4 265.5 279.7 289.9 299.6 315.1 334.7 349.4 366.8 384 395.6 407 418.1 422.9 432.1 439.9 442.3 445.8 453.2 455.5 460.5 463.4 479 510.2 537.4 558.2 551.1 550.7 558.4 575.2 593.6 606.3 614.8 622.5 605.6 603.3 608.7 588.2 539.4 503.8 473.6 465.9 473.9 475.9 487.8 488.1 494 505 516.2 551 549.9 558.5 578.9 596.4 614.7 641.3
139.1 140.2 143.6 148.2 152.3 155.7 158.6 160.3 165.2 168.4 170.7 173.5 178.4 179.7 184.8 189.8 193.7 198.1 201.8 209.4 219.6 226.9 236 248.3 258.3 267.6 277.7 292.4 310 327.8 344.3 362.6 377.1 392.8 403.6 408.2 412.1 423.8 427.5 435.1 441.9 448.5 455 460.7 482.1 518.1 570.1 576.8 565.3 559.5 564.1 588.5 600.2 603.3 610.3 604.7 599.9 609 617.3 591.2 557 508.2 477 487.7 501 493.9 501.7 507.3 515.5 529.4 551.8 586 589.5 586.7 597.6 629.5 630.8 644.1
137.3 144.1 150 154.2 157.3 160.7 161.1 169.4 175.2 177 181 178.7 181.6 188.5 188.8 191.6 192.8 197 202.4 207.4 212.1 216.5 228.6 237.2 244.7 251.9 264.2 277.2 289.6 309.2 327.6 341.2 358.7 375 389.3 397.8 405.7 410 415.3 422.7 436.4 447.5 460.5 472.2 500.2 539.7 578.1 593.3 586.3 569.8 564.6 580.8 592.9 600.6 608.2 602.6 598.4 600.8 610.1 598.6 564 525.9 485.1 503.2 522.6 526.3 519.8 527.6 534.5 553.2 586.3 596.1 605.4 610 630.2 652.8 650.3 663.7
153.1 158.8 165.3 168.9 172.2 175.4 178.4 185.3 190.2 192.8 200.1 195.4 191.3 195.9 200.2 202.5 201.6 207.2 210 214.1 218.2 224.4 228.4 230.4 238.5 246 258.2 269.6 278.9 294.9 311.3 324.2 336.2 360.3 379.5 395.3 403.7 412.8 418.6 429.7 442.3 455.8 469.7 485.6 510.4 558.3 607.1 612.4 609.3 586.7 580.3 580.6 589.5 601.2 602.9 600.5 601.6 598.4 606.8 590.8 554.3 524.1 496.5 520.8 545.1 545.2 537.1 543.4 552.7 577 590.3 604.4 618 626 637.1 656.1 667.5 675.3
168.6 173.7 181.9 187.9 191.9 197.2 198.7 201.4 205.2 211.2 218.6 217.9 216 215 214.2 218.9 222.6 219.5 221.9 225.8 229.8 229.2 234 239 242.4 250.1 263.1 269.4 280.2 293.3 301.5 318.2 334.6 355.7 375.9 397.9 407.2 421.4 432.6 438.2 451.6 465.3 486.4 506.1 530.2 583.2 622.1 639.9 635.5 609.9 592.6 582.8 590.1 602.8 598.4 598.4 598.4 598.4 603.4 588.1 560.9 527.2 503.2 532.4 550.7 552.5 548.9 553.6 570.1 587.3 602.8 615.1 635.7 644 649.3 657.3 665.1 670.3
186.2 193.5 198.4 205.9 211.4 215.5 218 222.5 226.3 231.9 234.4 236 236.8 236.7 237.8 238 238.7 240.2 238.5 239.8 242 242.2 239.8 246 253.7 262.4 269 282.6 291.2 300.3 311.8 317.9 326 347.4 371.1 394 409.5 424 443.5 449.5 471.9 487 500.4 512.9 549.3 605.6 643.1 666.8 657 641.1 621.6 605.1 593.6 598.4 598.4 598.4 598.4 598.4 598.9 586.9 564 528.8 525.3 542.4 555.2 554.1 556.8 566.4 583.4 603.1 626.2 643.5 647.5 657.3 665.4 666.4 682 680.7
205.8 217 219.4 226.1 233.6 236.3 239.6 244.4 248.3 250.5 253.4 257.1 258.8 258.9 258.5 263.1 263.1 261 260.7 261 261.5 260.1 258.3 257.3 260.3 271.7 281.4 287.2 302.5 312.6 323.1 329.8 331.7 344.8 365.8 388.9 409.9 427.4 449.2 469.7 479.3 498.2 518.6 546.3 531.3 605.3 652.7 675.6 677.3 674.5 652.3 633 620 604.2 602.8 599.2 600.9 608.3 602.1 597.9 566.8 528.2 540.9 544.8 557.7 559.1 566.4 575.8 597.2 619.8 641.5 657.2 662.5 669.3 679.8 677.4 690.8 688.9
223.6 235.3 240.3 245.7 252.5 257.3 262.2 266.1 270.3 276.9 275.7 281 282.4 285.6 286.3 288.3 286.2 285.7 285.8 285.9 289.6 284.6 279 277.7 276.4 283.2 292.8 298.9 312.2 319 334.9 347.9 359 360.6 379.1 402.7 411.5 441.1 459.4 476.6 489.4 511.6 532.2 568.4 583.3 559.5 621.8 660.1 690.6 690.3 680.9 663.6 651.7 621.9 612.4 606 608 616.4 605 588.2 569.4 550.1 552.8 558.5 559.6 568.4 581 591.3 610.9 635 664.4 690 687.6 690.2 698.9 691.9 692.6 694.4
241.3 252.4 261.4 262.7 274.6 282.5 285.2 290.8 295.4 301.6 302.6 305.7 309.3 312.9 314.9 316.2 315.3 314.8 313.6 311.7 315.2 312.5 306.4 302 300.1 297.1 307.3 312 321 331.8 345.9 363.6 381.4 388.1 396.5 415.6 437 454.3 474.6 498.3 513.9 532.9 560.4 583.9 606.6 602.1 604.8 649.7 692.9 700.3 694 681.4 660.3 640.5 625.8 621.6 617.8 632.9 612.8 604.6 580.5 567.5 567 570.2 575.2 581.4 592.8 610.4 640.6 676.5 697 707.9 709.2 706.6 705.2 699.5 699.3 696
264.8 272.7 281.1 286.5 293.1 304.9 307.6 316.7 319.7 324.2 329.6 335.1 338.3 342.2 345.7 345.9 346.3 342 343.4 343.1 338.9 342.6 333 327.5 321.4 321.9 326.1 325.7 328 345.4 358 379 397.8 411.5 424.2 438.8 453 466.7 493.8 521.7 538 552.3 583.1 605 624.1 642.1 645.8 654.2 672.3 699.3 702.9 689.6 670.8 654.5 638.5 629.9 626.9 625.3 617.1 616 573.2 585.9 588 588.1 591.5 611.1 618.8 624.8 657 688 700.8 710 712.8 713.3 714.4 708.2 708.1 704.3
286.9 293.7 302.7 310.1 317 330.2 335.3 342.1 347.5 348.8 357 362.5 368.4 369.6 377.1 374.3 370.7 371.9 372.1 376.9 376.2 366.1 359.6 351.8 346.9 348.5 347.4 340.8 341.4 355.5 374.1 400.9 421.9 434 444.7 458.8 474 491.1 512.1 535.7 555.6 571 599.4 630.5 653.2 670.1 682.6 683.4 699.2 714.1 714.2 723.1 710 680 650.4 637.2 627.3 621.8 621.6 611.8 608.8 603.8 612.7 621.9 619.4 640.8 651.6 648.8 665.1 683.6 703.3 717.5 719.9 728.4 729.1 719.9 719.4 717
310.1 319.5 328.9 335.2 340.4 358.9 370.1 375.2 378.8 380.3 386 391.8 399.3 410.4 410.2 406.2 401 405.4 403.6 412.3 420.2 402.7 390.5 378.3 370.1 365.7 363.3 357 350.9 368 383.1 415.8 436 451.1 464.1 480.6 499.8 524.7 521 550 568.6 585.7 614.3 649.6 668.3 699.7 719.3 729.7 737.9 751.6 750.2 737.4 718.5 694.2 663.4 645.6 631.5 620.7 615.3 619.1 627.5 628.1 651 656.9 644.8 653.8 663.9 664.2 679 697.5 716.2 728.7 729.6 730.3 738.8 731.9 728.8 726.4
332.4 342.5 352.3 358.8 368.7 378.5 394 409.1 410.7 410.7 419.1 427.1 440.4 445.7 447.7 438.8 434.1 438.6 471 456.8 460.6 454.8 427 415.2 398.3 386.1 382.7 372.6 355.3 371.4 390.4 407.2 435.8 463.6 481.1 502.7 543.6 551 556.8 561 579.7 601.7 615.8 639.5 678.2 717.1 746.6 760.4 774.2 783.4 773.5 766.3 748 717.9 681.5 658.2 639.9 624.9 620.7 625.7 643 664.5 668.2 676.3 660.1 668.9 673.8 675.6 683.7 710.7 731.1 730.6 736.3 738.8 748.4 747.2 738.7 734
356.6 374.4 376.3 387.6 398.3 405.4 415.9 429.8 435.1 444.7 451.7 460 470.4 479.7 480.5 474.9 471.9 482.3 494 493.2 485.8 486.1 480.7 450.6 430.7 411.2 400.8 392 381.8 381.5 385.3 403.9 423.5 463.1 495.4 539.4 574.2 579.9 581.2 591.1 596.3 617.8 630.6 649.3 673.4 724 758.3 778.8 799.9 818.3 808.6 803.2 761.7 728.6 701.7 679.5 653.1 635.9 626.8 623.1 640.7 657.3 672.4 676.1 671.2 671.7 671.9 680.6 696.5 712.4 727.5 732.4 739.1 747.3 759.2 759.3 746 739.9
384.2 397.3 407.1 420.4 424.8 432.6 441 456.3 468.8 477.7 483.6 494.1 505.4 514.9 516.6 520.1 536 524.4 524.6 520.4 513.3 509.3 507.1 487.9 453.3 434.4 433.5 416.7 410.8 389.5 411.3 417.9 409.9 450.6 496.4 537.4 582 593.8 597.5 610.3 613.5 627.9 636.6 653.1 691.1 725.5 764.3 788.6 813.5 832.3 845.9 819.8 775.2 745.9 719 693.8 675.5 652.3 639.6 639.1 634.4 648.6 652.7 669.4 668.2 669.3 677.4 685.4 698.4 719.3 730.3 741.5 748.7 758.9 768.4 765.6 752.4 744.9
413.6 420.7 435 445.3 452.8 461 474.5 485.7 501.5 510.4 514.6 529.3 543.4 552.3 555.1 581 583.6 576.6 563.8 556.9 547.3 541.2 527.6 504.3 472.2 462.3 458 454.1 414.7 418.6 425.8 436.4 443.5 441.4 480.5 528.7 558.5 595.8 610.9 623.2 637.6 646.9 660.4 664.9 694.7 735.3 767 797.5 824.3 849.4 863.7 845.5 827.8 790 756.7 718.2 694.5 672.4 660.8 664.6 655.2 654.5 653.4 660.8 671.2 673.7 679 689.9 704.9 724.8 745.2 758.5 766.2 771.6 769.8 765.5 754.7 748.1
441.6 446.9 468 473.8 491.9 494.6 506.4 516.6 534.7 546.5 564.3 578.3 599.4 613.6 631.1 639.5 634.9 625.7 614.3 583.1 571.8 562.5 553.5 533.9 501.4 481.3 476 435.6 449.3 446.9 447.2 456.2 466.5 478.6 472.1 487.8 547.8 586.6 625.1 645.5 675.8 664.9 681.9 693.9 719.9 752.8 791.7 821.2 857 881.1 888.8 885.5 877.6 844 796.2 776 741.5 707.2 693.7 701 682.3 665.5 669 666.4 672.5 681.5 684.1 696.5 705.8 727 750.3 767.5 776.9 783.1 774.8 767.5 755.9 745.1
462.4 474.6 492.7 501.3 519.9 530.5 546.6 555.6 573.6 590.3 616.7 653.4 670.3 664.3 678.2 677.4 687.9 683 662.4 616.3 589.7 584.3 575.4 561.3 533 509 444.4 475.4 485.9 479.5 483 487.9 498.2 508.3 523.3 526.6 531 564.7 616.3 636.7 681.6 682.3 693 714.9 723.7 750.4 809.5 844.4 872.4 888.8 904.2 900.4 898.9 857.7 842.2 825.4 809 776.2 732.3 732.2 700.5 682.1 678.8 674.8 680.8 684 689.7 699.9 710.3 726.5 749 764.6 771.9 773.3 773.1 762.5 747 731.2
491.3 505.9 518.4 538.4 553.5 569.8 578.3 587.8 612.9 638.8 674.3 691.8 699.2 712.4 725.3 714.9 749.9 738.8 691.4 649.2 611.7 598.7 596.4 585.5 554.5 480.3 496 498.4 510.5 513.5 513.4 517.4 537.8 550.2 558.3 555.6 568.9 586.5 602.1 635.1 674.1 684.6 711 726.7 743 751.8 798.1 852.6 878.8 890.5 901.5 903.6 904.7 905.1 889.6 871.2 852.1 827.4 759.7 747.6 719.2 707.9 702.1 693.5 696.9 697.8 696.4 696.7 705.7 718.6 739.1 758.8 763.5 764.3 762.3 747 731.9 713.1
511.5 531.1 551.3 562.3 578.5 596.7 610.3 624.4 643.3 665 679.4 693.6 700.7 715.5 733.1 757.9 778.3 779.5 748.6 694.4 637 610.6 607.4 564.6 511.3 523.4 516.3 519 539 566.4 573.1 574 599.1 601.4 606.3 585 588.8 601.4 617.3 636.3 666 679.7 698.2 717.8 742.5 759.5 793.6 830.1 869 888.2 900.7 902.8 905.5 907.4 892.4 881.8 856 828.2 779.2 765.8 746.6 738.2 733 713.7 710.7 709.1 713.2 704.6 711 717.1 729.5 741 745.7 742.2 736.4 723.4 709.2 689.5
535.3 552.8 570.9 587.4 605.1 618.1 631.7 648.8 663.6 673.9 688.4 699 708.8 719.2 736.9 760.3 771.8 788.1 787.6 723.7 659.3 633.2 584.3 581.4 571.3 561.7 540.2 542.5 563 595.5 594.5 617.9 628.5 617.1 612.4 607.6 610.9 629.1 640.7 654.5 675.5 678 696.9 712.7 743.6 781.3 797.8 821.9 871 890.9 897.6 899.5 900.1 897.9 889.6 882.2 866.2 835.5 794.1 780 770.5 756.6 745.8 728.8 725.4 724.3 722.2 717.4 716.2 723.5 724 723.7 723.7 721.3 713.6 702.1 686.4 672
557.9 577.8 594.7 607.7 621.5 632 641.4 660.3 673.5 681.2 692 700.7 712.6 724.3 736.7 752.3 772.6 784.1 795.5 748 687.9 645.5 591.2 604.1 599.5 596.3 579.4 573.3 572.1 595.2 609.1 628.9 643.6 633.8 619.9 625 635.5 649.9 665.8 685.3 698 690.4 702.7 710.5 731.8 788.3 835.5 838.1 873.4 888.7 899.7 895.8 893.8 888.3 881.3 873.8 858.3 837.8 810.4 792.3 781 764.1 751.4 740.4 738.2 733.8 730.5 729.4 726.8 724.4 719.4 710.9 705.4 697.5 691.2 682.8 672 652.3
