Game/Highland_Data/StreamingAssets/GeoData/Data/ny/NY22.asc
ncols 200
nrows 200
xllcorner 320000
yllcorner 520000
cellsize 50
[rows 108 to 143 of 200, columns 0 to 80 of 200]
374.6 372 371.6 372.2 374.1 369.4 361.6 352.4 343.3 340.5 341.1 344 345.1 342 339.2 334.1 334.5 331.5 325.4 313.5 304 295.2 286.6 277.6 270.9 263 263 268.3 270.7 271.5 272.8 273.4 272.6 270.4 268.3 261.3 253.2 245.6 236.6 221.5 203.4 187 192.4 193.3 183.8 187.7 188.3 176.8 153.1 126.7 105.5 97.6 93.6 90.6 87.2 83.5 80.8 83.3 85.2 86.3 86.6 83.4 79.8 76 74.8 73 72.6 72.4 72.2 72 71.8 71.6 71.8 71.8 72.1 73.4 71.3 73.8 73.5 73 72.7
342.6 341.1 342.5 342.2 344.4 341.7 334.2 327.1 321.1 320.5 321.3 323 324.5 324.8 324.6 326.8 324.4 318.7 313.2 306.7 298.1 290.5 281.9 274.6 265.4 269.7 274.3 278.2 280.9 281.1 282.4 282.4 281.5 279.4 275.1 268.4 260.5 249.4 238.2 225.1 205 196.6 201.7 204.2 196.1 197.7 196.8 185.7 164.7 138.7 112.7 99.2 96 92.5 88.6 83.7 85.5 86.8 87.7 88.5 87.8 85 81.5 77.4 76 73.3 72.7 72.5 72.3 72.1 72 71.8 70.7 71.9 71.8 72.3 73.4 73.7 73.6 73.2 72.9
312.5 309.2 313.1 312.8 315.4 316.6 314 313.4 313.9 315.2 316 318.1 317.7 316.8 317.5 317.8 315.2 310.5 305.1 296.9 287.2 281 276 279.5 279.2 282.1 286.9 290.3 292.2 293 293.7 293.4 291.7 287.9 282.2 274.7 264.6 251.3 237.1 221.5 208.7 201.8 210.3 213.9 210.1 206.9 203.6 191.9 171.2 150.2 118 103.4 98.4 94.4 91.4 87.3 88 92.6 92.7 91.3 89.3 86.4 83.1 79 77.3 74 72.8 72.6 72.4 72.2 72.1 71.9 71.9 72.1 71.9 72.2 72.2 73.9 73.7 73.4 73.1
294.9 294.3 297.3 299.7 302.1 303.8 305 305.1 307.4 309.7 310.7 311.6 310.7 312.6 312.3 308.4 304.8 300.7 294.7 285.9 280.1 284.5 288.8 289.8 291.6 297.9 300.5 302.4 303.8 305.4 306 304.3 300.5 296.7 288.5 279.1 266.6 250.5 235.1 224.4 214.3 208.5 218.4 226.5 223.6 217.4 209.2 190.1 169 146.7 124.3 107.9 100.7 96.7 93.7 90.7 87 96.2 98.1 94.3 90.9 87.8 84.7 80.7 77.5 75.4 72.8 72.6 72.4 72.3 72.2 72.2 72 72.2 72 72.2 72.4 73.9 73.8 73.6 73.3
303.8 301.1 301.4 304.5 306.5 311.4 315.4 321.7 323.6 321.7 321 320.4 319.5 317.5 310.5 306.2 299.5 293.7 293 292.5 296.1 300.9 303.9 305.8 307.2 310.2 314 314.7 316.5 318.2 316.5 314.8 310.4 303.3 291.4 280.9 266.4 249.3 240 231.4 218.6 215 228.8 236 233.4 225.4 211.7 191.4 176.4 161.1 138.3 119.7 104.4 98.9 95.2 92.3 91 99 103.9 101.1 93.6 90 86.2 81.9 77.7 76.2 73.1 72.8 72.7 72.7 72.7 72.7 72.5 72 72.2 72.4 72.6 73.6 74.3 73.6 73.7
316.5 319.2 317.4 317.9 319.7 325.4 335.1 343.8 345.9 338.9 326.7 325.4 325.3 323.7 317.7 309.2 299.3 296.4 300.1 303.5 307.8 313.4 316.1 318.2 320.9 325 325.7 327.4 329.2 329.7 327.9 325.3 318.2 309 296.7 280.7 263.5 249.9 245 235.7 221 222.9 238.8 243.9 240.9 234.6 223.2 211.9 195 173.8 156.3 132.5 107.5 99.9 96.3 93.2 96 104.2 110.2 112.4 101.6 91.6 87.4 83.3 77.2 76.5 73.7 73.3 73.1 73.2 73.2 73.2 73 72.3 72.2 72.3 72.5 73.6 75 74.3 74
345.1 345.3 342.2 339.2 338.9 342.8 351.7 358.8 360.3 353.4 339.5 330.4 329.5 327.2 318.4 308.8 300.4 302 308.1 311.4 313.7 318 322.2 325.9 330.6 333.9 337.8 340.7 341.6 340.3 338.8 333.1 325.3 316 301.5 280.6 261.1 252 246.6 237.5 222.1 229.9 246.4 250.2 246.6 242.1 236.2 226.7 210.3 186.8 165.3 141.3 115 102.7 97 92.9 100.1 111.7 118.2 125.1 114.7 98.9 88.3 83.8 79.8 77.1 74.4 74 73.6 73.7 73.6 73.5 73.3 72.8 72.3 72.2 72.5 72 74.5 75 74.4
386.6 380.4 375.6 370.8 366.9 372.7 380.1 379.4 374.8 363.9 352.5 336.5 333.1 328 317.8 309.2 301.1 307 311.9 316.1 318.4 323.2 329.8 335.1 340 344.5 349.4 353.9 355.8 352.7 347.7 339.3 329.6 319.9 301.3 280.3 264.1 255.7 248.6 241.3 227.7 242.2 255.2 258.4 253.4 247.5 244.4 235.6 214.9 189.5 163.3 142 119.3 105.8 98.7 94.9 105.4 120.9 129.4 134.9 124.3 106.9 92.5 83.1 80.5 78.1 75.2 74.6 74.2 74.2 74 73.8 73.4 73.1 72.7 72.4 73 74.1 75.1 75 74.7
424.7 412.2 411.3 405.4 394.2 401.2 403.7 396.4 386.3 374.5 362.9 347.3 336.4 328 318.2 310 301.1 309.5 314.7 319.3 323.1 331.6 342.2 346.3 351.4 357.5 363 368.9 369.4 365.5 358.5 346.5 333.3 320.5 300.4 281.5 267.6 258.7 250.9 245.5 233.8 247.4 261.9 265.4 260.5 254.3 247.8 236.2 215.7 190.9 163.4 142.3 127.7 111.9 103.3 98.3 109.7 125.4 138.1 146.6 132.9 117.6 102.7 88.8 81.2 78.5 75.5 74.9 74.9 75.4 75 74.7 74.1 73.5 73 72.6 73.8 74.5 74.5 75.3 74.9
451.5 436.6 435.8 432.1 418.8 417.7 412.4 403 391.5 380 367.7 354.3 343.5 328.2 317.5 305.6 308.5 313.9 319.8 325.9 329.9 340.9 353.4 358.9 363.7 372 378.2 381 379.5 373.2 363.3 350.8 334.9 317.7 299.7 281 269.6 259.6 252.5 245.2 246.9 256.3 265.4 269.8 266.8 260.1 249.3 235.3 216 191.1 165.5 150.5 139.9 123.4 107.8 103.9 112.8 129.5 146.7 153.7 142.4 126.4 110.9 94.6 82.1 79.2 75.7 75.7 75.6 75.4 75.5 74.9 74.5 74 73.7 74.3 74.3 73.8 74.8 75.7 74.9
468.5 451.6 443.8 437.6 430.4 422.9 412.9 399.1 388.9 378.8 368.5 356.5 341.4 326 315.9 311.5 311.5 318.9 325.6 331.1 335.9 350.3 361.1 368.5 377.1 385.5 390.6 390.6 387 379.3 366.7 351.6 330.6 310.4 297.3 283.3 270 259.7 253 244.5 263.5 269.6 273 275.6 274.3 267 254.9 239.7 218 192.1 169.7 158.9 149 132.1 113.7 109.2 115.8 132.6 153.4 157.7 146.5 132.6 118.2 103.6 85.1 79.9 77.8 76.1 75.8 75.6 75.5 76 76.5 74.9 74.8 74.6 74.4 74.2 74.1 75.4 76.4
467.6 455.8 442.4 435 424.2 412.4 401.7 390.8 382.4 373.2 364.1 351.2 335.7 323.5 313.9 318.1 314.7 324.2 330.7 335.5 343.4 358.6 370 381.6 392.8 399.5 400.5 399.5 394.3 382.4 368.8 353.5 335.2 315.1 299.9 286.1 273.4 263.9 252.8 263.3 276.4 278.7 280.1 282.5 283.2 275.2 262.4 246.9 223.5 198.3 179.8 171.5 157.6 136.2 118.5 113.5 116.1 134.9 157.5 161 147.7 134.8 120.6 106.2 87.5 80.9 77.8 77.1 76.8 76.5 76.1 75.9 75.9 76 75.3 75.2 75 74.7 74.5 74.4 75.9
457.2 441.4 435.6 419.2 407.6 398 387 379.9 372 363.3 353.2 339.8 329.3 320.2 322.5 323.1 319.8 328.4 335.6 340.3 351.6 366.9 380.6 395.5 407.8 409.9 409.8 406.6 396.8 384.6 370.7 353.5 336.5 316.2 301 288.4 278.3 262.6 261.2 278.4 287 287.8 288.3 290.4 292.1 283.4 268 249.8 229.7 205.1 185.9 182.4 168.4 142.9 123.3 116.2 120.2 140.1 163.3 166.1 150.3 137 121.4 104.8 89.7 82.6 79.4 78.2 77.9 77.4 76.9 76.7 76.4 76 75.7 75.4 75.2 75.1 75 75.1 75.9
444.2 428.7 413.4 396.2 384.8 377.6 366 359.2 352 345.4 337.2 330.2 329.6 327.7 328.1 324.2 321.7 331.7 340 345.1 363 376 390.4 406.5 416.4 420.9 420.4 411.3 400 385.6 371.4 353.5 334.9 316.9 301.8 289.3 280 267.7 275.2 289.2 294.8 296 296.6 296.9 296.1 285.9 272.4 254 230.6 209.9 196.5 193 180.7 148.3 125.4 117 127.7 143.5 164.9 165.9 152.1 139.3 124.8 109 92.9 85.1 80.5 79.2 78.7 78.2 77.7 77.3 77 76.7 76.1 75.9 75.6 75.4 75.3 75.3 76.2
428 410.6 393.8 369.6 360.7 354.1 356.7 355.2 352.2 347.6 343.1 340.8 336.9 333.4 332.5 328 324.8 335.5 344.7 355.7 374.2 391.7 406.6 422.2 431.3 433.5 431.2 417.3 401.2 384.9 369.4 352.2 336.5 319.2 301.6 289.3 276.2 281.1 287.5 297.2 302.2 303.9 303.2 303.1 299.8 291 277.5 256.6 236 218.1 208.1 204.9 184.5 152.6 128 117 129.8 149 163.8 165.7 154 139.6 122.9 108.6 93.7 86.3 81.6 80.6 79.7 79.2 78.7 78.2 77.7 77.3 76.7 76.3 76 75.8 75.4 75.3 76.1
406.4 388.8 372.2 383.2 382.3 380.2 378.2 370.9 366.3 364.2 360.6 354.9 347.3 341 336.2 331.1 329.9 341.8 349.6 366.1 386.8 408 427 439.6 448.1 445.9 433.7 417.7 399.3 382.3 366.6 352.8 338.9 322.8 303.7 292.5 277.5 290.1 298.1 305.2 312.8 310.8 311.4 308.8 305.2 295.5 279.9 258.9 240.9 225.4 220.8 218 193.9 158.5 130.3 117.4 128 151.2 153.5 157.2 148.7 134 117 102.2 91.2 85.7 82 81.2 80.6 80.1 79.5 78.9 78.3 77.7 77.2 76.8 76.5 76.3 76 74.3 76.4
388.3 391.9 396 396.9 397 396.5 394.3 388.6 386.2 382.6 376.4 369.2 361.5 349.5 338.9 334.2 334.4 346.8 354.5 375.5 397.4 423 448.3 455 459 451.9 435.7 417.7 398.7 382.5 366.9 353.1 339.4 325.3 306.9 294.2 286.5 297.1 304.8 314.9 320.7 319.8 320.9 316.9 308.8 295.3 280.8 264.5 249.6 233.9 227.7 228.7 199.4 163.8 131.8 117.8 124.1 148.1 151.8 146.4 135.4 122.5 106.1 94.7 86.1 83.2 82.3 82 81.1 80.5 79.8 79.2 78.6 78.1 77.6 77.1 76.9 76.6 76.3 76 76.7
416.9 414.9 411.7 411.6 412.5 412.4 411.1 408 405.4 401.1 395.2 383.7 375.2 353.8 341.7 337 337.7 350.2 362.1 382.5 406.3 435.7 458.7 466.4 464.9 455.1 435.2 413.5 398.9 384.2 369.4 353.2 337.7 323 307.2 295.5 293.6 305.3 312.3 321.9 328.1 330.1 330.8 322.2 311.7 299.3 285 271.7 253.5 235.6 233.2 231.2 201.3 168 139.6 119.7 118.8 137.9 143.5 141.6 129.6 112.7 99.1 88.6 84.5 83.5 83 82.4 82 80.8 80.2 79.6 79.1 78.3 77.8 77.5 77.4 77 76.6 76.6 76.8
432 431.6 429.3 430.8 430.8 431.4 429.5 429.4 425.7 420.4 412.6 400.1 382.1 359 346.2 338.3 344.3 354.8 368 389.1 416.3 447.1 468.8 473.4 468.5 453.3 432.8 415 399.9 384.2 370.1 353 337.4 321.2 307.6 295.7 300.1 312.5 321.4 329.3 336.1 337.4 334.6 328.6 315.6 301.9 289.1 273.6 256.4 239.1 240.5 232.4 208.2 174.5 144.6 116.5 112.1 126.2 122.7 118.2 113.5 92 89 86.9 85.7 84.8 83.6 82.7 82.3 81.3 80.5 80.1 79.9 79.1 78 77.9 77.9 77.5 76.7 76.3 76
447.5 449.7 449.9 451.5 453.6 454.4 452.8 450.7 442.2 436.8 423.4 404.6 381.7 360.9 348.4 339.7 348.6 359.9 374.8 395.7 421.6 451.6 473.5 478.6 468.2 451.9 433.7 416.3 400.1 384.1 369.4 352.9 337.4 321.2 307.5 294 307.2 319.3 327.8 336.6 343.3 344.9 342.6 330.1 315.3 300.3 287.9 272.1 256.9 246.7 247.3 235.3 211 176.3 146.8 121.2 108.7 102.3 95.3 92.6 89.7 89 87.8 86.7 85.7 84.6 83.7 82.7 82.2 81.4 81 79.8 79.8 79.1 80.3 78.1 77.8 77.3 77.5 77.3 77
461.6 467.1 468.7 473.4 477.4 480.9 477.3 467 456 440.2 421.5 401.6 380.4 361.6 350.7 340.7 352 364.2 378 396.2 420.4 446.2 466.8 475.1 468.7 452.1 433.8 415.9 400.3 384.4 368.1 351.9 336.1 319.8 306.2 300.3 314.9 326.7 334.4 343.8 350.8 348.4 343.6 328.9 313.8 300.4 288.1 273.7 260.5 254.3 247.5 228.8 199 170.6 144.5 118.8 101.7 99 97.7 96.3 91.5 88.5 85.8 87.1 86.1 85.5 83.9 83.4 82.7 82.1 81.1 80.5 80.1 79.5 78.7 78.5 78.4 80.5 78.8 78.2 77.3
480.3 487.5 491.6 499 501.8 501.3 494 475.6 456.5 436.2 416.8 397 378.2 362 351.6 345.5 358.5 371.2 383.9 403.1 425.8 451.3 474.8 483.1 470.7 453.7 433.2 415.9 401.1 385.2 366.3 349.8 332.9 317.6 305.8 309.8 322.2 332.7 341.3 351.1 358.5 351.7 345.3 332.8 316.3 302.1 289.5 277.4 266.3 256.7 236.2 209.6 185 161.3 139.2 112.5 101.8 102.5 101.5 101.5 100.6 92.9 87.7 87.5 87 85.9 84 86.4 85.4 82.6 81.7 81.8 81.1 80.1 78.9 78.6 77.9 78.5 76.1 77.7 79.2
500 510.8 516.8 524.2 526 518.8 501.7 475.6 451.3 428.6 409.2 389.7 373.9 361.2 348.4 354 365 378.6 394.5 415.2 438 462 482.7 484.6 467.6 451.8 431.1 414 398.4 381.7 363.7 346.6 329.2 314.6 311.6 317.5 329.1 340.9 349.2 360.2 363.3 355.6 348.5 333.9 319.1 304 290.1 272.1 251.9 237.1 215.1 191.6 171.5 151.2 122.2 105.5 107 106.5 106.3 105.6 105.4 97.6 88.2 90.6 91.5 91.6 92.5 92.1 89.7 86.2 81.6 82.4 79.2 80.6 78.9 78.5 78.7 76.1 78.5 77.4 77
518.1 534.8 540.9 547.1 539.1 524.5 502.6 477.1 451.4 428.2 408.4 387.6 372.1 358.6 351.6 359 369.3 384.6 404.7 426 448.4 470.9 487.2 485.8 465.3 446.4 427.1 410.5 394.6 377.7 360.5 342.2 325.7 313.5 318.3 325.2 335.2 347.4 357.2 367.2 364.7 356.7 344.9 331 315.6 299.2 281.7 261.8 231.5 205.8 190.1 172.5 154 124.4 108.3 115.6 116.4 115.8 118 115.3 110.5 98 95.1 98.3 97.8 96.5 97.1 95.5 92.3 87.6 84.2 81.4 80.6 81 79 79.6 78.9 78.3 77.8 77.5 77.5
533.6 556.1 566.2 564.6 550.3 530.1 504.3 477.7 450.9 427.8 405.3 385.6 370.2 357.6 358.7 365 376.5 393.5 414.7 436.3 457.1 479.5 492.5 482.3 460.9 440.7 423.4 407.5 388.3 371 354.8 337.4 321.9 319.7 327.4 334.3 343.5 351.8 364.7 372.2 367 355.7 341.6 321.8 297.9 276.2 252.3 229.7 208.5 187.6 168.2 148.4 122.9 115.3 121.6 123.4 124.4 129.9 127.9 124.4 117.5 101.6 100.7 103.3 104.4 104 100.4 99.7 97.7 91.8 86.7 81.8 79.7 79.8 80.2 79.4 78.8 77.9 77.8 77.8 77.7
546.8 570.7 581.8 576.8 560 533.9 505 475.9 449.2 422.9 402.2 384.1 369.7 362.1 366.4 372.6 386.1 405.4 426.3 447.6 470.7 489.9 491.2 476.2 454.3 435 418.9 401.8 382.2 363 346.4 331.8 322 328.1 335.1 342.7 351.6 359.7 370.9 373.7 360.3 340.3 319.6 298.4 273.8 250.9 229.1 207.4 187 167.9 141.6 127.8 129.7 131.9 130.7 130 131 132.6 130.7 126.8 119.8 103 105.4 107.9 108.7 109.5 105.2 104.5 103.3 97.4 90.4 85.2 79.7 79.1 79 78.8 78 78 78 77.9 77.9
559 581.6 594 588.9 563.5 534.7 504.7 476.4 452 427.8 403.9 385.2 368.9 372.1 374.7 383.4 399.6 419.6 439.4 458.4 481.7 495.7 487.1 469.3 448.6 429.5 413 394 374.7 356.4 340.4 327.9 327.2 334 340.8 348.5 358.4 367.3 374.2 363.8 343.2 318.9 296.2 275.2 252 229.9 207.3 185.2 161.8 134.8 130.9 140.7 143.9 140.9 139.2 138.9 136.9 135.7 132.8 128.7 119 111.7 113 112.6 113.9 114.6 110.3 110.7 110.4 105.7 98.9 90.8 85.5 77.5 79.2 78.8 78.2 78.1 78.1 78.1 78.1
576 596.6 608.8 593.8 564 533.6 502.8 478.3 456.2 434.7 411.9 388.4 373.3 377.4 384.6 398.7 416.5 435.1 454.3 473.3 488.9 497.4 480.9 462.3 441.2 422.9 402.9 384.9 366.6 350.5 336.2 327.6 333 340 346.3 355.8 366.1 372 364 342.9 319.1 297.1 273.1 251 230.3 208.9 184.4 158.5 145.6 150.1 149.6 149.7 150.6 151.6 152.1 149.2 146 144 136.2 129 121 121.5 119.7 117.6 119.4 119.2 116.7 117.6 118.7 121.1 116.6 101.5 92.4 83.2 79.7 79.1 78.5 78.3 78.3 78.3 78.3
595.2 613.2 617.9 591.6 561.3 530.3 501.9 480.6 459.1 438.8 415.4 393.4 376.5 382.9 395.9 414.8 433.4 452.3 470.3 490.9 499.4 490.1 471.5 452.1 432.4 414.8 395.1 376.3 360.4 343.7 332.1 334.8 340.7 347.4 355 362.7 370.4 364.5 341.1 318.5 296.9 274.9 251.5 230 209.7 188.5 160.7 148.3 154.4 156.7 156 156.3 158.4 161.9 160.1 158.6 156.1 148.3 134.7 128.8 131.8 129.5 126.9 123.6 124.1 123.6 124.4 124.5 129.5 131 134.5 112.2 101.2 90.4 77.8 79.5 78.7 78.6 78.5 78.5 78.4
617.3 631.1 621.3 589.4 557.1 527.5 503.4 480 459.2 439.7 416.6 397.3 383.1 399.1 412.9 430 451.7 472 491.4 506.3 504.1 485.9 463.1 444.3 424.3 405.8 386.1 368.1 353.2 341.2 337 342.1 348.6 355.2 359.1 366.4 363.5 341 317.3 295 274 252.8 230.6 210.8 192.1 171.3 151.6 158 160.6 162.9 166.9 168.2 169.5 169.1 168.1 167.6 161.5 149.7 131.3 137.6 139.6 136.7 135 131 129.8 130.1 133.5 132.4 143.7 146 137.9 121 107.5 96.1 84 80.1 79.3 79.1 78.9 78.6 78.6
641.1 646.4 617.7 584.5 554.7 526.9 501.2 478.8 458.3 436 417.3 396.6 405.2 417.6 431.9 447.6 470.4 491.6 508.8 519.5 505.1 481.4 458.8 438 416.9 397.2 379.1 362.4 349.9 342.2 345.9 349.5 354.1 358.5 365.3 358.4 337.3 315.4 293.2 271.8 251.8 230 210.5 193 177.5 151 160.2 165.5 167.1 170.6 173.7 176 176.8 175.3 173.3 172 165.2 154.2 132.9 147.6 150.8 147.7 143.4 138.9 139.9 142.2 147.4 141.4 152.2 160.2 146.9 125.7 111.6 99.7 89.8 79.2 80 79.8 79.4 78.7 78.7
662.4 649 613.2 581.4 552.3 523.8 499.5 478.9 456.8 434.2 410.8 414.4 425.4 438.8 456.2 471.2 491.5 511.1 526.2 518.2 495.3 473 451.7 431 410.5 391.4 374.1 359.2 352.3 350.2 353.1 353.5 357 362.2 354.8 334.9 313.1 293.3 270.9 248.5 229.3 211.8 193.6 178.7 165.7 154.5 167.3 170.6 173.5 177.5 180.2 183.1 184.4 183.2 177.1 174.4 171.8 153.7 147.7 160.6 164 164.4 155.1 152.6 154.5 156.1 159.3 149.5 153.5 165.4 151.9 130.6 115.8 106.3 93.7 84.7 80.5 81.1 79.8 79 78.5
673.2 640.9 607.5 577.1 549.9 522.1 499.7 478.4 456.1 434.5 425.8 438 449.1 463 481.9 498 512.3 530.3 526.1 502.6 482.7 463.2 444.1 423.8 405.9 388 373 363.8 359.7 361 359.9 358.6 357.8 348.8 331.3 310.6 290.1 268 246.5 227.2 210.9 195.2 176.5 168 162.9 156.3 172.5 176.3 180.9 185.7 188.7 190.6 190.8 187.2 180 179.6 172.5 154.4 165.6 171 177.9 177.2 172 168.8 171 173.4 173.9 161 150.3 161.2 153 133 119.3 108.9 97.2 90.2 83.3 81.1 80.1 78.4 79.2
671.9 634.4 603.8 574.3 548.6 523.2 500.9 478.1 457.7 440.4 450.9 461.2 473 489.1 511 524.2 533.4 526.8 507.4 489.4 470.3 454.1 437.3 417.9 401.6 385.9 376.8 372.5 369.2 370 368.6 357.5 340.4 322.4 305.1 286 263.6 243.7 225.8 209.2 193.9 176.5 167.6 159.8 159.1 175.4 178.8 183.5 188.2 192.6 195.7 197.9 197.1 191.1 184.3 181.3 164.3 160.4 174.6 183.3 187.3 183 185.3 184.9 189.6 192.8 189.7 174.3 154.2 152.4 149.1 130.9 121.7 110.5 99.1 90.5 83.1 82.3 80.2 79.7 79.4
660.9 628.3 600.1 571.5 546 520.4 496.1 470.1 465.9 469.7 475.3 485.4 499 518.7 537.4 542.1 527.8 508.4 490.3 474 458.5 443.8 430.2 414.3 400.8 391.1 385.1 381.3 375.2 367.2 348.9 331.2 314.8 297 279.6 258.9 240.3 223.7 207.2 191.4 174.4 163.9 165.4 173.4 179.7 182.4 186.6 192.1 196.8 200 202.6 203.6 201.3 195.5 189.6 184.2 162.3 187.8 185.1 192 196.2 196.7 198 200 206.7 211.2 202.6 185.6 164.6 152.6 142.5 128.6 119.3 108.7 98.4 90.3 79.9 81 79.9 79.9 79.9
658.3 626 596.1 570.8 545.3 517.3 506.8 497.6 494.4 497 501.9 511.1 525.6 544.4 553.2 532.2 510.1 490.3 471.8 456.9 443.8 433.9 423.5 412.9 402.4 392.7 384 374.3 357.4 339.5 322.3 304.4 288.3 271.1 252.3 235.8 219.5 205.5 189.6 172.7 165.9 170.2 180.8 183.9 186 188.4 193.2 199.8 203.3 206.1 208.3 208.5 206.8 202.4 195.5 177.4 186.9 199.7 197.2 199.1 208 208.6 213.7 217.3 225 225.3 209.5 185 163 149.4 136.1 124.6 113.4 105.5 96 89.8 83.2 82.1 80.2 80 80.4
