Game/Highland_Data/StreamingAssets/GeoData/Data/ny/NY24.asc
ncols 200
nrows 200
xllcorner 320000
yllcorner 540000
cellsize 50
[rows 74 to 110 of 200, columns 84 to 167 of 200]
43.9 45.7 46.1 47.1 47.5 49.1 49.2 49.9 50.9 51.5 51.8 52.1 52.7 53.4 53.2 53.7 54.5 57.5 59.4 59.2 58.5 58.9 61.3 62.5 62.8 65.9 66.1 66.6 67.1 66.6 64.9 60 54.5 56.5 64.5 66.6 66.3 66.6 66.6 67.6 68.2 68.9 69.2 70.4 71.2 72.9 73.9 75.1 76.2 77.3 78 79.5 80.9 82 82.8 83.5 84.2 85 85.1 85.1 84.9 85 85.7 85.6 85.2 83.8 83.9 84 84.1 84.3 85.1 84.9 85.3 85.4 84.8 85 83.6 83.7 82.9 82.6 82.8 82.6 81.4 81.5
46.1 46.7 47 47.6 48.5 49.3 49.8 49.6 49.6 50.7 51.3 51.9 52.8 53.4 53.6 53.5 54.3 56.9 60.7 61.6 60.1 61.5 62.7 62.6 61.5 64.7 66.1 66.5 66.8 67 64.8 61.7 58.9 53.9 57.5 66.6 67.8 68.3 68.7 69.2 69.7 71 71.7 72.6 73.5 74.6 75.6 76.5 76.8 78.4 79.7 81.9 82.4 83.2 84.7 85.7 86.1 85.8 86 86.2 86.1 86 86.2 86 86.3 86.2 85 83.1 83 82.7 82.7 83.1 83 83.3 83.9 84.4 84.9 84.7 84.8 85.9 85.6 85.8 84.9 84.5
45.5 46.7 47.1 48.2 49.3 50 50.2 50.1 50.1 50.4 51.4 52.2 52.9 53.5 54.1 54 54.5 56 59.7 61 61.5 62.7 64.4 64.1 62.9 64.3 65.1 65.2 66.7 65.5 59.5 58.3 56.6 51.4 59.7 67.3 68.6 69.3 69.7 70.4 71.1 71.9 72.8 73.5 74.8 76.1 77.2 77.9 78 80.5 81.4 82.7 83.6 84.2 85.7 86.5 87.2 86.4 86.4 86.7 86.6 86.5 86.2 85.5 85.6 84.9 83.6 82.6 83.3 83.1 83.6 85 86.5 88.2 88.5 89 89.6 89.8 89.9 89.4 88.9 88.4 88.2 87.8
45.2 45.4 47 48.7 50.4 51.7 51.3 51 51 51.3 51.9 52.6 53.2 53.9 54.5 55.3 56.3 57.3 59.2 61.1 62.4 63.4 64.3 64.5 64.3 64.2 63.9 64.6 65.1 64.4 59.4 57.2 54.7 53.9 62.3 68.3 69.7 70.3 70.9 71.7 72.4 73.3 74.1 75 76 77.2 78.2 79.4 80.1 81.3 82.2 83.3 84.4 84.4 85.7 85.9 86.4 86.7 86.6 86.6 86.6 86.6 85.9 85.2 83.7 82.5 81.6 82.3 83.5 84.1 85.2 86.8 88.8 89.4 89.5 90.1 90.8 90.9 90.9 91.4 90.6 90.1 89.4 89.1
55.7 57.5 56.7 49.9 53.5 55.4 52.2 52.1 53.2 53.5 53.9 54.4 54.8 55.4 56.2 58.1 58.5 58.4 58.7 60.3 61.7 62 62.8 64.2 64.4 65 64.5 65.2 65.8 64.3 57.3 54.1 52.3 55.8 64.5 68.2 70.8 71.4 72.1 73.1 74.1 74.8 75.6 76.4 77.4 78.4 79.4 80 80.7 82.1 83 84.1 84.5 84.5 84.7 85 85.4 85.7 85.6 85.4 86.4 85.7 84.2 83.3 78.9 81.8 82 83.1 86.2 87.8 89.2 90.2 90.6 91.3 92 92.2 92.4 92.5 93.5 93.7 92.3 91.2 91.3 90.4
58.3 59.2 54.9 51.7 58.1 58.9 56.2 55.4 57.9 59.5 60.4 60.5 60.4 60.2 60.2 61.7 62.9 63 63.6 63.3 64 64.5 63.9 64.2 64.8 65.6 66 65.2 65.9 62.7 55.1 53.8 56.9 57 55.9 62.4 68.4 70.9 72.3 73.1 74.1 74.9 75.3 76.1 77.4 78.6 79.4 80.2 80.6 81.7 83.3 83.6 83.9 84.1 84.5 84 84.5 84.9 84.4 85 85.4 84.2 82.4 76.6 77.5 79.4 84.9 87.9 88.8 90.4 90.5 91.1 92.6 93.5 93.9 94.8 95.3 95.5 95.8 95.7 94.8 94 93.9 93.5
55 54.4 51.1 54.3 61.6 62.8 62 62 63.9 65.1 66.3 65.8 65.4 64.2 64.3 65.6 66.3 66.5 66.9 67.4 67.9 67.5 67 67.6 67.8 67.1 66.8 66 65.7 54.8 55.8 60.9 64.1 67.3 64.4 60.8 59.7 65.2 68 69.7 71.8 73.7 74.6 75.4 76.9 77.6 78.3 79.1 79.7 80.3 81.8 82.3 83.2 83.7 83.9 82.7 83.3 83.7 83.1 83.6 83.5 82.4 78.2 75.8 80.8 83.1 86.7 87.3 88.4 89.7 90.9 90.9 93 93.4 94.2 95.5 95.9 96.4 97.2 97.5 97.6 96.9 96.4 96.5
59.6 60.5 53.6 56.9 64 66 67.2 67.3 66.8 67.6 67.5 67.2 67.1 66.7 66.5 67 67.3 67.5 68.6 69.2 69.6 70.4 70.6 71 71.4 71.5 71.3 68.2 66.8 55.6 56.6 58.4 57.9 64.8 69.6 67.1 64.9 62 64.3 65.7 67.9 70.9 72.8 73.8 74.6 75.3 76.4 76.6 77.2 77.8 79.9 80.7 81.7 82.8 82.9 82.5 82.7 82.3 81.8 82.5 82.2 80.3 73.8 81.4 80.8 82.7 84.8 85.5 86.3 87.3 88.1 89.5 90 91.4 92.4 93.2 95.1 95.1 96.4 97.3 97.5 97.7 97.7 97.9
61.6 61 55.8 56 62.8 64.9 65.8 66.6 67 67.4 67.5 67.4 67.2 68.7 68.6 68 68.2 68.4 69.7 70.6 71.1 72.6 73.2 73.9 74 76.7 73.6 71.5 68.5 65.4 60.2 61.2 58.5 67 72.4 73.5 71.1 65.6 63.2 64.5 65.2 66 69.4 69.6 69.9 70.9 71.7 71.8 71.6 72.7 74.8 75.7 77.8 78.6 79.8 79.9 80.5 80.5 80.3 81.3 80.2 78.7 74.1 82.4 78.9 83.5 84.2 83.2 84.5 85.7 86.6 86.8 87.4 88.3 89.1 89.8 93.5 91.8 92 92.8 93.9 94.4 95 95.4
61.6 60.5 56.7 57.3 63.4 65.1 65.2 63.3 63.8 64.7 66.8 67.1 67.4 68.4 68.9 69 68.7 68.4 69.6 70.6 71.4 72.7 73.2 73.4 73 71.9 71 69.3 67.9 66.8 65.4 63.9 61.4 71.3 75.8 75.6 74.9 74.9 69.6 65 64 64.6 65.4 66.2 66.6 67 67.2 67.3 67.8 68 68.2 69 68.5 70 72.3 74.8 76.8 77.4 77.5 79.1 76.5 73.8 77.1 80.3 78.8 82.8 81.8 84.5 85.6 86.6 87.1 87.9 89.5 90.8 91.8 92.9 94.4 95.8 96.4 96.1 96.3 95.9 95.6 95.8
64 63.2 61.4 58.4 64.6 66.6 67.2 64.9 61 61.3 62.1 63.5 65.5 66.8 67.5 68.1 67.8 67.5 67.4 68.6 69.1 69.2 69.6 70.2 69 68 67.6 67.7 68.1 67.5 65.2 61.5 60.7 73.1 76.2 76.2 75.4 75.7 76.2 75.8 71.6 69.6 70.2 71 70.7 69.6 71.5 71.1 71.7 72.3 73.2 73.8 74.1 74.1 69.5 69.2 69.7 71.9 71.9 73 72.6 72.9 75.7 76 78.1 79.4 82.3 83.1 84.5 85.3 86.1 87.5 88.5 89.7 90.8 92.2 94 95.9 96.7 98.2 98.1 99.1 100.3 99.6
67 65.2 64.3 57.5 62.6 65.3 66 63.8 60.7 60.7 61.9 62 63 64.3 65.2 65.9 66.6 66.4 66.7 66.5 66.7 67.7 67.1 66.8 67.8 68.3 69.2 69.1 69.4 68.2 68 65.9 61.7 63.2 76.2 76.4 75.6 77.3 77.6 77.2 76.6 76.6 77.5 76.5 74.4 74.1 75.8 76.4 76.8 77.7 78.6 79.1 79.7 79.5 73.6 70.8 70 70.4 71.4 72 73.3 73.8 73.9 77.8 81 82.7 82.6 83.8 84.3 84.7 85.2 85.8 87.1 88.1 89.1 90.8 92.5 94.3 95.8 97.3 98.1 99.1 100.1 100.7
69 66.9 66.5 65.1 63.4 58.4 61.4 63.8 63.3 65.6 65.2 63 62.8 64.2 65.3 67.4 67.4 67.1 66.9 67.2 67.5 68.5 69 70.3 72 72.1 71 69.3 70.2 70.5 69.8 66.6 62.7 60.9 69.9 75.9 75.9 78.1 78.1 77.7 77.3 77.3 78.2 77.3 74.7 76.2 77.1 78.1 78.8 79.4 80.2 80.9 81.7 81.8 81 78.8 74.2 70.7 71.1 74.2 79.6 82.3 81.4 82.7 83.3 83.4 83 84 84.6 85 85.2 86.5 87.4 88.2 89.4 90.7 92.1 93.6 95.1 96.7 98.2 99.2 100.2 101.1
69.4 68.5 68 66.3 64.2 60.2 64 65.6 66.7 68.6 68.7 65.1 63.5 64.2 65.3 67.2 68.6 68.9 68.5 69.7 69.9 69.9 69.8 69.8 70.3 70.7 70 70.5 72.6 72.9 72.3 71.2 69.5 61.1 64.4 68.6 73.7 77.7 78.2 77.9 77.7 77.6 77.7 76.8 75.4 76.9 77.1 78.1 79 79.9 80.7 80.9 81.6 83.2 84 83.6 82.7 79.6 77.6 81.8 85.6 86.4 85.1 85.9 86.5 85.9 85.8 85.6 85.3 85.1 85.8 87.2 87.5 88.6 89.8 91 93.2 94.6 96.8 98.7 100.3 101.4 102.4 103.3
68.5 67.5 66.8 65.7 64.8 62.4 68.6 68.6 68 68.4 69.9 68.6 68.3 69 68.7 67.9 68.8 68.8 70 70.5 71.4 72.2 72.8 73.1 74.2 74.5 74.4 73.7 73.2 73.4 73.3 72.9 72.3 67.4 62.3 61.8 66.2 75 77.6 78 77.8 77.7 77.2 76.9 75.7 76.1 77.1 77.9 78.3 78.8 79.9 80.1 81.5 82.6 83.1 83.9 84.6 85.5 85.1 85.6 87.6 88.2 87.3 87.4 87.5 87.3 87.1 87.4 87.4 87.1 87.3 87.8 88.3 89.5 90.8 92.1 93.9 96.2 98.5 100.4 102.3 103.5 104.8 106.7
68.5 67.6 66.6 66.3 65.9 62.5 66.4 67.4 67.8 68.8 69.9 70 70.1 69.5 68.9 68.8 69.8 70.9 71.4 72.1 73.5 73.1 73.6 74.5 74.2 74.3 74.1 73.7 73.9 73.8 74 74.3 74.1 72.5 67.8 62.7 63.2 67.6 74.7 77.1 78.2 77.6 77.2 76.8 76.9 77.9 78.5 79.5 80.4 81.3 82.1 83.8 84.5 85.3 86.4 87.5 88.2 89.3 89.8 90 90.5 90.6 90.8 90.1 90 89.4 88.5 88 87.9 87.5 87.8 89.5 90.7 91.7 93 94.4 95.8 98 100.1 101.7 103.7 105.8 107.8 109.2
68.6 67.5 66.1 65.4 64.4 64.6 65.8 66.9 67 67.4 68.8 68.7 69.3 69.3 68.6 69.2 70.5 70.9 71.5 71.9 73.6 74.4 75.7 76.1 76.3 77.3 77 76.9 76.5 74 73.7 73.9 73.9 75.6 75.5 66.1 63.7 66.7 71 75.8 78.2 78.2 80.2 80.3 79.9 82.1 82.9 84 85.3 86.3 86.9 87.9 88.6 89.1 90.1 91.2 92.3 93.3 94.1 94 93.9 94.6 95 95.3 95.2 94.5 94.3 94 91.8 90 87.8 87.2 89.7 91 92.6 93.9 95.8 97.9 100.2 102.4 104.6 106.7 107.7 109.7
68.7 67.3 65.9 67.1 65.5 65.3 65.1 67.7 67.5 66.8 67.2 67.7 68.1 68.3 70.8 70.6 71.8 73.3 74.9 75.6 75.3 76.6 76.9 76.6 76.7 76.5 75.6 75.2 74.8 73.8 73.7 74.9 76.8 78 78.1 71.9 64 65.9 69.3 73.9 77.1 78.2 80 81.4 82.4 82.6 84.5 85.9 86.9 87.9 88.9 90.5 91.4 92.5 93.7 94.8 95.6 96.4 97.5 98.2 98.7 99.2 99.5 99.5 99.5 99.6 98.9 97.1 96.7 95.3 92.3 88.1 87.9 90 91.2 92.8 95.1 97.5 99.6 101.6 103.5 105.5 107.3 108.8
69.9 67.8 66.3 68.7 68.3 66.7 67 67.8 69 70 69.6 69.2 70.7 71.9 72.5 72.8 72.6 73.4 74 73.9 73.9 73.9 74.6 74.4 74.7 74.4 75.7 75.2 75.1 74.4 74 75.6 77.5 78.7 79.9 80.1 66.3 65.9 68 71.4 76.1 78.6 78.5 80.1 80.7 81.8 83.2 84.4 85.5 86.6 88.2 89.8 90.7 92.4 94.1 95.2 96 96.8 97.9 99 99.9 100.5 100.8 100.7 100.8 100.9 100.7 99.3 98.3 97.6 96.1 92.7 89.2 88.7 90.1 91.8 94 96.1 98.1 100 101.9 103.7 105.2 106.7
71.1 68.7 68.4 70 70.7 70.9 71 70.9 70.9 70.9 70.9 70.4 70.4 71 71.1 71.5 72.3 73.7 73.6 74.8 75.7 76.2 76.7 77.1 77.4 77.9 78 77.4 77 76.5 74.5 75.5 77.4 79 79.9 79.7 76.1 65.4 66.8 68.5 72.3 77.3 77.9 79.3 80.9 82.2 83.5 84.8 85.6 87.5 88.2 90 91.5 93 94.5 95.5 95.9 97.1 98.9 100 100.6 101.4 101.6 101.3 101.4 101 101 100.5 99.4 98.7 96.5 94.2 91.8 89.9 89.6 91 92.9 94.9 96.8 98.7 100.7 102.7 103.9 105.2
70.7 69 67.4 68.9 69.7 70.3 70.6 70.6 70.8 71.7 71.9 71.5 71.9 73.2 74 74.9 76 76.7 77.5 77.7 77.7 78 77.7 77.5 77.6 77.8 76.7 76.5 75.9 75.3 75.5 75.2 77.1 79 78.9 80.5 79 68.3 66.6 67.6 69.3 72.4 74.5 76.8 80.3 83.3 84.4 85.7 86.9 88.6 89.8 91.2 92.6 94 95.4 96.3 96.5 98.9 100 100.9 101.2 101.6 101.8 101.5 100.7 100.4 100.4 100.3 98.8 98.5 97.8 96.6 95.2 92.8 90.6 91.1 92.9 94.6 96.5 98.9 101.3 103.2 104.4 105.4
69.2 70.4 70.4 70.7 70.9 71.8 72.1 72.1 71.5 71.5 72.3 72.6 73.4 74.2 74.4 74.9 75.5 76.1 76.9 78.1 78.6 79 79.5 80.2 80.3 80.2 79.6 79 78.8 78.8 78.5 76.6 76.4 77.5 79.3 80.5 79.8 77.4 65.9 67.1 68.5 70.2 71.8 75.2 78.2 80.6 83.5 86 86.9 86.8 89.7 92.1 93.5 94.8 96 95.4 97.7 99.7 100 98.2 98.8 98.9 96.4 96.5 96.2 94.8 96.3 98 98.2 96.6 98.6 99.4 98.4 95.9 92.4 92 94.4 96.5 99.1 101.2 103.7 105.2 107.8 108.8
71.8 72.3 72.8 73.1 73.3 73.5 73.5 73.4 72.5 72.6 73.4 73.9 74.7 75.9 76.9 77.9 78.8 79.6 80.6 81.5 82 82.1 82.9 83.9 84.4 84.3 83.5 83.1 82.7 82.2 81.8 79.9 76 77.3 80.4 80.6 79.5 78.4 72.9 67.4 68 68.8 69.7 70.8 74.2 76.8 79.1 80.8 82.1 83.4 86.8 89.7 91.7 92.9 92 92.3 95.2 95 93.4 91.6 90.3 90.1 90.7 90.6 90.8 90.2 90.2 90.3 91.2 91.5 92.4 93.3 92.4 93.2 91.9 94 95.1 97.2 99.3 101 103 103.1 104.4 104.6
72.4 72.6 72.7 72.9 73 74.1 74.3 74 74.9 75.9 76.9 77.6 78 79.1 80.4 81.4 82.2 83 83.7 84.5 85.1 85.3 86 86.5 86.9 87.1 86.8 86.5 86.2 84.6 83.8 81.6 76.8 77.7 81 82.5 83.4 83.2 82.1 75.6 67.6 68.4 68.8 69.7 69.6 69.8 70.3 71.7 73.4 76.4 81 83.2 85.7 86.2 85.2 86 87.2 87.6 87.2 85.8 85.3 85.3 86.2 86.2 86.3 86.1 85.7 84.9 85.6 86.3 87.1 88 87.9 88.2 89.3 89.8 91.2 93.1 94.8 95.9 97.4 97.9 98.1 98.1
72.8 72.9 73.3 73.9 74.5 75.3 75.7 76.6 77.7 79 79.8 80.3 80.7 81.5 82.1 82.9 83.7 84.1 84.6 85.2 86.1 86.8 87.2 87.6 88 88 87.6 85.7 83.4 80.2 78.9 78.1 77.5 79.5 82.9 84.1 84.3 84.6 84.7 83.3 78.9 76.5 78.1 80.3 78.8 73.8 70.7 70.8 71.1 70.8 72.3 75.2 77.3 78.2 78.2 78.9 80.9 81.8 80.6 76.6 77.3 77.5 79.4 78 77.3 79 78.5 78.8 79.1 82.5 81.4 81.9 83 82.9 83.2 85 86.2 87.9 89.3 90.8 91.1 91.8 92.6 93.4
73.9 74.6 75.3 75.4 76.5 77.3 76.3 78.4 79.2 79.7 80.6 80.9 80.9 81.2 81.6 81.9 82.3 82.4 80.8 82.3 83.1 84.7 85.1 86 86 82.3 79.8 78 77.2 77.6 77.3 77.6 79.2 81.9 83.3 84.2 84.5 84.7 85.1 85.1 84.1 82.9 84.3 84.3 83.9 84.3 82.5 79.1 73.9 73.7 71.3 72.1 72.9 73 74.2 74.4 75 74.6 74.5 75.8 77.4 76.8 77.4 78.6 79.8 78.6 80 79.6 78.3 79.3 79.3 79.7 80.3 80.4 81 80.9 81.4 81.8 82.2 82.5 83.5 83.7 84.3 85.6
74.5 75.1 75 75.9 75.5 75.6 76.1 76.6 77 77.7 77.9 77.8 76.2 75.8 75.7 76.9 77.2 76.2 76.5 76.4 76.7 77.2 78.1 77.8 79.3 80.7 80.7 82.5 83.6 81.7 84.3 85.3 87.6 88.3 87.7 88.1 88.6 88.2 88.1 88 88.5 87.6 88.6 88.6 88.8 89.3 89.5 89.1 88.2 76.6 86.5 79.3 74.3 76.6 81 81.9 80.3 79.9 82.2 84.5 80.8 82.8 83.9 84.2 86.2 87.8 88.7 88.6 86.9 81.9 80.4 79.3 79.8 80.2 80.2 80.5 81.1 81.4 81.2 82.3 82.7 83 82.7 82.9
72.8 74.1 73.2 73.1 73.1 73.4 73.8 74.6 74.4 74.8 75.4 76 77.1 77.5 80 82.4 83.8 84.3 85.2 85.3 83.1 83.1 85.1 87.5 88.6 91.3 91.5 92.2 91.7 92 91.7 92.7 93.3 93.4 93.2 92.9 93.1 93 92.7 92.6 92.5 92.4 93 93.3 93.9 94.4 94.8 94.3 91.8 83.9 82 91.1 94 94.2 95.2 96.2 96.4 96.5 95.7 96.1 94 93.7 94.6 92.9 95.2 96.6 97.2 99 99.1 98.1 96.5 95.1 92.8 88.7 90.1 90 88.3 87.5 87.4 87.4 86.8 84.6 87.1 87.4
75.6 75 76.1 76.1 76.6 77.5 78.4 79.3 79.3 79.3 80.5 82 82.9 84.2 85.8 87.3 88 88 89.3 90 90.9 91.6 92.6 93.2 93.8 94.5 95 95.3 95.9 95.9 95.9 96.3 96.6 96.7 96.4 96.3 97 97.1 97.1 96.4 96.6 96.9 97.1 97.5 98.1 98.1 98.5 98.9 98.2 95.5 90.4 86.6 90 91.6 93.9 94.8 95.6 97.7 98.6 100 99.4 98.7 100.1 100.8 100.6 101.5 102.4 103 103.1 104.4 103 102 102.7 103.1 103.2 100.8 99.6 98.9 98.7 99.8 99.6 97.9 99.7 101.6
77.2 78.3 79.5 80.3 81.4 82.2 83 83.8 84.7 84.1 85.8 86.6 87.5 87.9 88.8 89.6 90.3 90.7 91.9 92.5 93.3 93.5 94.7 95.8 96.4 97 97.4 97.9 97.8 98.1 98.4 98.8 98.8 98.7 98.5 98.5 98.7 98.9 99.1 98.9 98.9 98.7 99.4 99.5 99.8 99.9 100.1 100.2 100.3 101 100.6 100.5 101.4 101 101.5 102.6 103.2 103.7 104.1 104.2 104 101.1 104.1 103.7 102.6 102.8 103 103.4 103.3 104.6 106.2 105.5 106.2 107 107.7 108 108.2 108.8 109.8 110.5 110.9 110.2 110.8 110.8
79.9 80.8 81.8 82.5 83.2 84.1 84.2 85.4 85.4 85.6 87 88.1 89 89.7 90.2 91.2 91.9 92.7 93.4 94.1 94.3 94.4 95.5 96.6 97.2 97.7 98.7 99.1 99.2 99.3 99.3 99.6 99.9 99.9 100 99.7 99.9 100.3 100.5 99.9 100.5 100.6 101.2 101.6 101.5 101.9 102.2 102.6 102.8 103.3 103.8 104 104 103.8 104.6 105.5 106.2 106.8 107.1 107.5 107 107.6 108.6 108.5 108.4 108.2 107.7 106.6 107.8 107.7 108.4 109.4 109.8 110.5 111.3 112.1 112.2 113 113.3 113.9 114.3 114.4 114.1 112.6
81.5 82.8 82.9 83.2 83.9 84.8 85.5 86.7 87.7 88.4 88.9 89 89.5 89.3 89.8 90.9 92.3 93.1 94.1 94.6 94.8 95.2 96.2 97 97.5 98 98.8 98.5 99.8 100 100 100.4 100.8 101 101 100.4 101.4 101.7 101.8 101.4 102 103 103.2 103.7 103.7 104 104.9 105.2 105.2 105.3 106.3 106.7 106.5 106.5 107.1 108.4 108.4 108.8 108.9 109 107.9 107.9 109.6 111 110.9 111.4 111.7 109.4 111.9 112.2 112.6 113.9 114.7 115.3 115.5 115.6 116.6 116.6 117.2 117.4 117.7 117.9 118 116.1
83 84.7 85 86.6 87.5 88.4 88.8 88.1 89.5 87.9 86.4 87.5 89.3 90.2 91.4 92.1 92.8 93.8 94.7 95.1 95.3 95.7 96.6 97.2 97.8 97.8 99 97.3 91 91.5 96.9 100.5 101.3 100.8 101.8 102.3 102.9 103.2 103 103.3 103.5 103.5 104.7 104.9 105.4 106 106.9 107.6 107.6 107.7 108.5 109 108.5 109.2 109.7 110.4 110.4 109.4 109.4 109.6 109 109.4 109.6 110.1 110.9 111.9 112.9 112.1 112.7 113.7 114.1 114.8 115.3 115.7 116.2 116.6 117.4 117.3 117.2 118.3 118.2 118.4 119.1 116.9
83.4 86.1 86.3 83.8 83.6 77.2 74 73.7 74.1 74.1 73.9 74.9 76.7 82.2 88.9 92.7 94 87.9 91.3 94.9 95.9 96.2 97 96.5 86.1 84.3 81.5 85.6 82.4 84.1 87.4 91.1 95.2 97.4 99.9 100.7 99.2 95.7 90.2 94.6 97.3 98 101.1 103.1 103.2 103.9 104.4 104.8 105.3 105.7 106.3 106.8 107 107.6 108.6 109.2 109.5 110.1 110.1 110.2 111.2 111.2 111.3 112 112.5 113 113.5 113.6 113.9 114.3 114 114.6 115 115.4 115.6 116 116.4 116.9 117.5 117.8 118 118.3 118.8 117.8
70.8 78.5 78.7 72.9 71.7 67.9 71.6 72.1 71.9 69.2 71.6 70.5 70.7 74.1 77.4 80 83.3 86 88.9 90.3 88.2 93.5 88.4 80.4 87.2 92 91.8 82.2 86.4 90.2 85.5 83.8 83.8 92.1 93.3 90.9 90.4 88.3 92.5 91 92 95.3 94.6 98.2 101.4 102 103.1 103.1 103.5 104.1 104.8 105.1 106.5 107.6 108.1 109 109.9 111 111.9 112.7 112.9 113.3 113.9 114.7 115.1 115.4 115.7 116.2 116.4 116.2 116.6 116.9 117.4 117.8 117.9 117.7 117.7 118.1 118.7 119 119.1 119 118.7 118.6
65.1 65 68.3 70.5 66.5 66.2 66.4 69 73.6 73.8 69.6 69.7 74.9 73.5 73.5 74.7 75.6 75.8 78.2 81.3 88.8 82.1 82.1 98.2 98.9 100.2 100.9 101.6 101.8 100.9 101.3 101.3 97.2 88.3 90.3 86.6 90 91.5 97.8 98.2 94 93.6 93.1 95.8 97.2 102.6 103.9 104.3 105.3 106.1 106.8 107.4 108.8 110 110.8 111.7 112.4 112.8 113.4 114.9 115.4 116.2 116.2 116.9 117.6 117.8 118.2 118.6 119.1 118.8 119.1 119.4 119.7 120.3 120.3 120.1 120.1 120.2 120.3 120.4 120.3 120.3 120.4 120.8
71.7 71.9 68.7 70.4 73.3 77.7 80.7 79.5 81.5 82 78.5 79.8 87.9 76 78.5 80 79.4 78.6 85.3 90.5 97.1 99.1 100.6 101.6 102.1 103.1 104.1 105.3 105.9 105.6 105.8 105.3 105.1 102.7 95.5 98.6 96.2 94.8 99.5 100.2 101 101 94.5 96.3 96.2 100 103.5 105.2 106.4 107.4 108.2 108.6 109.6 111.3 112.9 113.7 114.1 114.6 115.1 116.5 117.4 117.8 118.8 118.5 119.6 120.3 120.6 121 121.2 121.5 121.6 121.7 121.7 122.7 122.7 122.5 122.4 122.8 122.7 122.7 122.8 121.9 122.6 123
