Game/Highland_Data/StreamingAssets/GeoData/Data/ny/NY29.asc
ncols 200
nrows 200
xllcorner 320000
yllcorner 590000
cellsize 50
[rows 0 to 34 of 200, columns 78 to 155 of 200]
255.2 256.9 256.3 255.4 252.7 249.8 243.4 236.1 226.5 219.5 209.1 203.8 198.9 194 194.2 193.9 196.1 192.9 190.8 192.3 203.5 217.1 227.6 238.3 244.6 248.7 251 249 247.2 249 247.7 246.2 244.7 240.5 235 229.4 225 220 213.4 199.4 199.8 200.1 200.5 202 202.1 203.2 208.8 212.7 216.4 223.3 229 238.5 250.6 265.9 283.9 296.5 307.2 315.6 316.4 312.1 308 302.9 296 289.3 283.2 281.7 281.7 281.7 288.9 296.4 304.7 311.9 317.2 321.9 327.4 332 335.2 338
255.4 255.7 254 253 249.8 244.7 238.8 232 226 219.9 210.5 204.7 198.9 193.7 193.4 194.3 194.6 193.2 191.6 194.7 208 222.8 230.5 238.3 243.4 245.8 246.6 244.2 245 244.5 242.8 238.8 236.2 232.5 227.7 222.1 218.5 212.4 205.9 197.8 199.5 199.8 200 200.9 202.6 204.7 210.3 213.4 217.7 225.8 234 242.7 255.7 272.4 288.1 299 308.6 313.9 313.6 305.8 300.9 296.3 289 283.9 278.6 278.8 281.8 284.4 292.2 301.1 308.4 314.6 319.6 322.7 327.3 329.3 332.2 334.7
255 255.1 253.6 251.7 247.8 241 236 230.6 226.8 220.6 211.6 205 199.2 195 193.3 197 193.2 191.7 192 199.9 214 229.5 232.1 237.1 242.1 244.9 244.1 241.6 241.5 240.6 238.4 234.4 229.2 225.2 221.7 217.1 213.2 208.9 206.1 199.4 198.7 199 199.2 200.8 203.6 208.5 212.8 214.8 223 230.4 237.8 246.8 260 277.4 290.3 300.4 307.5 311.5 306 299 293.7 289.8 284.4 277.2 276.6 280.5 283.9 287.9 296.2 305.6 312.7 317.9 320.7 323.3 325.6 327.6 329.1 330.6
254.3 254.4 253 249.6 245 238 234.3 229.9 226.2 221.1 211.3 204.8 199.2 192.9 192.9 194.3 191.4 191.9 188.7 207.7 221.3 229.7 232.8 236 240.4 242.5 239.2 238 236.7 236.4 233.3 230.6 227.1 223 218.8 214.4 210.4 207 204.9 197.7 196.6 198.4 199.3 202.3 206.4 211.1 215.7 220.8 227.9 234.6 241.7 251.4 264.4 279.8 290.9 301 306.4 306.7 299 291.9 287.5 283.1 278.8 275.1 277.8 283.5 286.8 293.7 302.6 310.8 316.9 319.2 319.9 322.2 323.8 324.8 325.2 326.2
253.3 254 250.6 247.6 242.2 235 231.7 227.9 222.7 216.6 208.4 202.9 196.6 192.4 192.7 193.5 191.5 191 195.9 213.8 223.7 231.7 233.4 234.6 237.4 237.6 235.1 233.6 232.1 230.4 228 227.4 223.8 217 214.4 210.5 206 203.6 198.4 197 196.5 197.9 200.6 206.6 210.5 214.3 218.5 225.1 230 236.8 244.8 256.4 270 281.5 291.7 299.8 302.4 299.3 291.7 285.5 280.8 277.3 273.3 275.7 281.3 286.5 293.5 302.8 311.4 316.6 317.4 318.2 317.9 319.2 320.3 321.3 321.2 322.6
250.7 249.8 246.5 243.5 241 233.2 230.1 227.1 221.6 214 207.1 201.2 194.8 192.5 192.1 191 189.8 189.2 203.5 219 229.1 234.1 232.5 233.6 235.6 234.1 231.4 228.9 227.7 226.7 224 221.6 214.6 209.9 207.8 205.9 200.9 196.5 196.3 196.6 196 201.9 206.6 208.8 212.7 216.5 222.4 227.7 233.3 240.3 251.1 260.1 272.7 281.2 289.8 295.6 297.8 292.4 283.9 280.9 278.8 275.7 272 279.5 288.7 294.3 304.3 313.2 317.5 318 316.5 316 314.5 315.2 316.5 316.7 316.9 319.1
245.1 245.6 244.3 240.9 235.9 224.7 228.3 225.3 219.5 213.2 206.8 200.2 193.6 191.8 191.7 190.8 190.9 191.7 205.4 220.5 230 230 230.3 233.9 236.9 231.7 228.5 227 222.2 222.5 219.6 212.3 207.4 202.3 200.6 195.6 195.2 195.4 195.5 195.2 197.1 205.3 208.6 212.3 215.1 221.3 225.4 231.9 238.3 244.9 255.6 261.9 273.5 281.7 289.3 292.6 291.3 283.8 280.2 278.5 276.5 265.8 276.7 285.7 292.5 301 313 318.6 319.4 316.9 314.6 312.2 311.2 311.4 313 311.8 313.1 316.7
240.9 241.2 241.1 239.1 234.6 224.4 219.9 208.6 216.5 210.6 203.7 197.6 193.4 190.5 191.6 190.8 189.3 198.1 208.5 220.1 226.6 227.8 230.1 232.4 233.9 227.6 223.1 223.1 220.3 216.2 215.2 207.8 202.9 195.8 194.8 194.8 194.6 194.4 194.4 196.3 204.5 208.5 211 214.3 217.9 222 230.6 236.6 244.3 252 259.7 267.8 278 286.6 293.2 292.5 285.7 279.6 277.6 275.2 272.7 273.8 281.6 293.4 297.5 308.2 316.8 319.3 316.8 313.1 309.7 307.5 306.8 307.1 309.5 308.4 312.7 315.4
239.4 239.9 241 241.2 238.7 231.9 226 218.2 210.4 200.8 199.9 195 194.1 191.3 191.1 189.6 190.5 203.3 209.4 220.1 226.3 226.7 228.8 230.3 229.3 223.7 218.4 217 213.1 212.3 208.5 202.5 196.9 193.8 193.8 193.9 194.2 194.6 195.3 205.7 207.7 209.8 213.4 216.8 220.7 228.2 236.4 242.8 250.6 259.3 265.1 275.7 288.2 295.1 297.9 290.1 278.3 275.7 274.4 272.8 262.5 275.8 285.3 295.1 302.9 314.5 317.7 316.5 311.9 307.7 304.8 303.7 302.6 302.8 304.5 309 311.7 314.4
240.3 246.5 248.2 246.5 244.1 237.2 230.3 220 217.8 215.2 210.6 207 196.7 191 190.1 190.1 189.8 199.4 207 217.9 223 225.2 226.8 227.7 225.9 217.3 213.8 210.4 206.1 206.8 204.1 200 193.9 193.5 193.4 193 193.5 196.7 204.2 207.9 210.9 213.1 215.4 219.1 225.2 233.6 242 250.5 258.2 266.7 275.2 287.5 294.2 299.4 294.8 283.3 272.4 271.9 271 265.2 270.6 278.4 288 296.7 307.6 313.5 313.8 310.9 306.4 302.2 300.9 299.7 298.5 300.7 304.5 308.9 310.9 313.4
248.2 254.8 253.8 253.1 247.8 242.9 237.3 231.9 233.1 229.2 219.3 209.6 201.8 188.6 190.2 189.8 189.4 198.5 203.1 211.9 217.9 222.2 224.1 224 219.4 210.9 207.6 203.9 201.9 200.8 199.4 197.1 193.1 192.8 192.3 192.8 196.2 203 207 210 213 215.9 219.2 223.2 230.2 238.9 247.5 256.3 267.6 276.1 284.7 292.7 297.6 301.6 291.8 276 268.4 268.1 267.6 258.5 271.6 280.9 290.5 300.3 307.7 308.9 307.9 304.1 300.1 298 296.7 294.6 296.1 302.1 305.7 309.1 311.8 314.3
260.7 261.5 262.5 261.2 253 246.6 240.6 241 239.8 234.8 224.6 216.6 207.4 193.8 189.2 189.4 189 193.9 198.3 206.2 214.1 218.7 220.4 218.1 212.3 203.9 201.2 200 198.6 197.9 197.8 194.6 192.4 191.3 192.7 195.1 201.7 205.4 208.9 212.1 215 217.9 222.1 226.7 237 247.3 256.2 266.4 277.3 285.3 290.9 296.5 298.7 295.3 283.3 269 265.2 265.1 259.5 265.7 270.9 283.1 294.2 302.7 303.6 304.2 301.3 297.2 294.6 293.3 292 290.8 297.2 303 308 311.6 313.9 316.4
270.5 269.1 271 266.9 256.4 249.7 242.8 244.7 244.9 239.3 227.2 217.7 208 198.6 197.2 188.8 187.9 189 190.5 202 210.6 215.8 216.4 213.8 204.4 198.4 197.1 197.2 196.1 196.5 196.6 192.7 190.9 192.1 193.9 200.3 203.5 206.6 210.4 213.2 216.5 219.8 223.7 232.3 245.9 255 264.5 275.1 282.6 288.6 295 296 294 288.5 277.2 262.6 261.7 260.7 254.3 264 273.1 286 295.7 300.2 300.6 298.7 295 291.7 290.6 287.8 287.2 291.1 297.4 305.3 310.8 314.5 316.8 317.9
270.7 271.1 268.3 263 253.4 248.9 249.4 250.6 242.6 238.1 227.8 218.2 207.6 205.8 202 191.5 188.4 188.3 188.7 195.7 206.8 211.7 210.4 204.9 198.7 195 195.1 195 195 195.8 192.6 191.2 191.5 192.9 199.9 202.9 205.7 208.2 211.6 214.4 217.4 221.3 228.1 242.4 253.7 263.2 273.2 282.1 284.8 290.5 292.9 291.3 287.1 280.5 264.6 258.5 258.1 251.8 259.4 264.4 280.2 289.2 293.5 296 295.4 292.6 288.8 287.8 286.9 284.4 287.9 291.4 298.2 306.6 312.5 316.2 318.3 317.3
268.9 268.4 264.4 258.3 256.7 253.6 252.5 251.6 243.1 236.2 227.9 223.1 211.5 214.8 207.1 196.7 189.1 188.2 187.8 190.4 202 206.9 204.6 199.7 194.1 193.4 193.4 194.3 195.9 195.1 191.9 190.2 191.5 199.5 202.7 205.4 207.8 210.1 213.2 216.2 219.3 225.6 237.6 250.1 261.3 270 278.6 283.9 286.4 288.7 287.5 283.4 277.4 266.6 255.5 254.8 248.7 250.8 260.4 274.1 288.8 292.5 292.8 292.1 290 286.7 284.6 284 282.9 282.8 288.7 292.3 300.9 309 314.4 318 318.4 315.3
266.2 264 261 260.2 260.5 258.8 254.2 254 252 239.8 233.5 223 222 220.6 211.7 199.5 195.1 188.3 188.2 186.6 199.6 201.8 198.2 194.7 192.9 192.1 192.7 195.4 193.8 191.1 189.5 190.6 191.3 200.3 204.3 207.5 209.9 212.3 215.4 219.7 227.6 240.3 252.4 262.9 270 274.6 281 284.3 285.5 283.9 279.9 273.5 267.1 258.4 252.1 246.2 250.5 258 271.7 286.1 289.1 289.5 288.5 286 283.6 280.7 280.1 280 279.4 282.8 288.8 296.1 304 311.1 315.6 318 317.5 313.1
264.2 262.5 261.4 261 260.6 260.1 256.5 263.5 258.7 244.6 233.2 226.3 230.9 223 214.1 201.9 193.4 189.4 187.9 187.6 188 196.1 194.2 195.3 194.4 190.9 192.5 194.8 190 189.3 190.3 190.4 198.9 202.8 206.9 209.4 212.3 214.8 218.8 229.6 242 255.2 266.1 275.6 280.7 282.5 283.6 284 281.2 276.5 272 265.8 261.6 254.9 245 249.5 257.3 269.5 284.5 287.5 286.9 284.9 282.1 279.4 276.6 275.9 276.3 276.8 281.4 287 292.7 299.3 305.4 311.2 314.8 317.2 316.2 311
263.4 262.1 260.9 260.7 260.5 259.2 258.7 267.4 266 253 240.4 238.4 232.8 226.2 217.1 200.5 195 190.7 188.8 187.6 187.9 187.6 195.3 197.3 192.4 189.8 190 188.9 188.5 190.5 189.7 197.2 200.2 204.5 208.5 211.9 215 218.5 228.6 240.2 252 264.6 278.5 286.3 288.7 288.5 287.6 281.4 274.7 268.1 263.2 259.7 257.2 252.4 247.4 259.7 268.2 279.7 287.7 284.9 281.9 279 276 272.6 267.8 273.4 275.3 280 285.2 289.8 294.4 300.9 305.9 310.4 313.9 315.8 313.6 308.9
262.2 261.7 260.5 260.2 260.1 260.1 260.4 270.3 268.8 255.8 243.3 243.7 231.7 224.9 210.1 201.3 200.4 192.7 189 188.3 187.4 187.7 187 197.7 194.1 189.2 188.9 189.1 195 193.7 195 200 202.5 206.3 210.5 213.8 218.5 224.7 235.7 245.6 261.8 276 285.5 291.9 296.7 296.1 292.7 281.7 268.4 263 259.6 257.2 254.7 246.7 250.9 263.3 275.1 281.6 281.6 278.6 275.3 272.4 269.1 263.6 270 274.7 279.3 285.2 291.3 294.8 297.8 302.5 305.9 309.3 312.6 313.6 311.1 306.6
260.8 260.4 259.9 259.7 259.7 259.7 262.2 268.3 265 252.4 247.3 243.4 233.5 219.7 209.9 207.8 197.1 190.7 188.9 188.3 188.4 187.7 187.1 197 194.7 188.7 188.5 189.1 194.7 194.2 197.2 202.2 206.4 209.3 213.9 217.9 223.2 231.9 243.1 255.2 267.9 280.6 289.9 298.6 305.3 304.2 296.6 281.8 267.2 260.5 256.4 254.9 251.2 239.1 251.2 264.9 274.3 277.9 275.6 272.1 268.7 265.5 260.5 267.2 272.6 278.8 286.5 294.2 297.6 301.1 303.9 304 305.3 308.7 311.9 311.6 308.2 303.9
259.5 259.1 259.2 259.2 259.2 259.2 262.1 265.5 260 251.3 245.2 240.4 229.4 220.4 212 200.2 192.9 189.1 188.1 187.8 188 187.5 186.7 191.9 194.1 188.3 186.3 191.6 193.1 194.3 198.9 204.6 208.5 214.2 218.1 224.2 231.4 241.5 250.6 262.2 275.4 286.3 294.6 305.4 309.3 307.9 300.9 281.1 269.7 257.6 252.3 251.2 244.7 240.5 248.9 262.7 269.5 270.9 268.5 264.7 260.8 254.7 262.8 270.3 278.6 287.1 294.7 299.8 304 306.8 306.8 304.9 304.9 307.5 310.8 309 305.3 299.5
258.6 258.6 258.7 258.7 258.7 258.7 261.3 261.5 253.4 248.5 243.9 238.4 229 217.4 208.1 197.2 191.8 189.6 188 187 187.7 187.3 186.8 185.9 192.4 187 188 191.4 193.9 195.7 201.6 206.2 211.4 217 224.5 230.8 238.5 249 258 273.5 284 293.6 303.8 312.2 312.4 307.5 298.9 290.3 272.9 259.7 251.8 247.8 241.4 236 247.3 257.3 262.8 262.8 260.6 257.1 250.9 257.7 266.9 274.6 282.4 291.1 298.4 303.6 306.6 307.1 305.9 303.5 303.5 305.6 306.4 304.3 300.5 293.5
257 257.5 257.8 258 257.5 257.4 256.9 255.3 249.8 244.3 241.4 236 224.1 215.4 203.2 195 192.2 189.4 187.7 187.2 187.5 187.1 186.8 186.2 186.3 186 187.5 190.1 194.5 197.7 202.5 207.5 215.1 223.7 232 238.1 247.3 255.5 267 277.7 291 301.3 311.7 313.8 313.3 307.8 301.8 291 275.8 265.2 254 246.2 243.1 229.3 241.1 250.2 255.3 255.3 253.3 248.5 253.1 261.3 271.1 278.6 285.5 292.6 299.7 304.4 304.9 304.3 302.9 300.3 300.4 300.5 299.9 297 293.7 287.5
254.7 255.7 256.3 256.3 256.1 255.9 254.7 249.7 244.6 242 236.7 231.1 225.3 220.7 200.1 201.4 199.1 191.8 187.4 187.6 187.7 186 186.6 186.4 185.7 186.3 187 188.9 194.3 199.1 204.6 212.3 222.5 232.6 242 250.1 256.1 263.8 273.2 283.5 296.8 304.3 310.7 315.1 313.5 307.6 300.5 296.4 288.9 272.5 259 245.2 239.8 228.8 239 245 247.7 247.8 246.3 247.3 256.3 265.2 275.3 280 286.9 294 300.1 301.8 301.3 299.8 297.9 295.6 294.2 293.5 292.1 289.4 286.5 282
252.5 253.6 254 254.1 254 253.3 250.1 247.1 243 239.1 234.8 227.6 222.1 207.6 210.9 212 205.8 191 187 186.9 187.2 187 186.8 185.4 186.8 186.2 186.5 185.2 195 202 208.2 221.4 231.6 243.4 255.2 263.7 268.3 271.5 279 289.7 298.6 303.7 310.2 311.7 309.5 303.8 304.4 296.4 283.2 274.9 259 247.2 236.7 228.2 235.9 238.4 241.3 241.3 237.9 249.3 258.2 268.6 278.2 283.5 288.4 293.2 296.6 296 295.3 293.3 291.4 290.3 289.4 288 285.7 283 279.9 276.5
250.1 251.3 251.4 251.5 251.7 249.2 246.2 243.2 240 234.8 229.1 217.6 221.4 218.6 218.5 217.8 206.2 191.6 187.8 186.3 186.7 186.5 186.5 186.5 186.5 186.2 184.7 186.2 196 204.4 214.5 228.2 241.4 255.9 266.3 273.8 279.7 283.7 288.2 297.5 305.4 306.8 307.4 307.5 304.2 300.1 296.8 290.4 279.6 261.7 253.2 243.8 231 224 232.6 234.2 235.1 231.8 244.2 249.7 258.8 269.2 277.9 282.4 285.4 287.4 288.7 289 289 287 284.6 284.6 284.7 282.8 281 278.5 276 271.1
247 248.6 249.9 250 249.4 246.6 242.6 239.1 235.4 225.7 228.4 227.8 227.3 223.5 220.8 219.7 204.6 194.6 188.1 187 186.1 186.1 186 186 186.1 186.1 186.1 187.9 197.8 210 221.4 237.8 252.5 265.7 272 277.4 287.1 292.2 299.5 306.4 310.7 307.5 303.2 299.9 292.4 286.5 283.1 274.9 260.2 251.7 239.7 231.8 226.2 226.3 225.8 226.9 228.7 237.8 243.1 249.6 258.7 267.1 273.4 277.3 279.2 280.2 281.1 282 282.7 280.7 280.1 280.3 280.2 279.4 277.9 275.5 270.5 269.3
244.3 245.5 247.1 248.4 246.6 244.1 240.2 236.2 229.8 231.7 232.5 233.4 235.9 228.2 220.4 211.4 202.6 193.9 188.1 186.4 186.2 185.6 185.6 185.5 185.6 185.8 185.8 190.3 204.4 216.1 229.7 244.9 258.4 267.5 271.8 284.9 294.4 299.1 302.3 308.5 310.5 302.5 293.5 282.8 275.6 269.6 265.7 255.5 250.1 239.5 229.6 223.5 216.5 217.7 220.9 223.2 223.2 230.1 239.1 246.5 255.1 261.8 266.9 269.7 272 273.3 274.2 275 275.8 275.5 275.7 276.2 275.8 275.4 274.3 269.7 266.7 271.7
243.6 243.1 245.2 246.1 243.7 241.2 237.9 234.1 235.1 233.3 236.1 240.1 237.2 230.3 223.9 221.6 209.4 198.2 190.8 186.7 186.4 186.2 185.2 185.1 185.2 185.3 183.8 193.8 211 218.9 231.2 247.5 260.1 266.2 279.3 287.4 297.9 301.4 301.3 305.6 304.4 288.2 275.9 266.1 260.2 253.3 249.2 245.8 237.6 228.5 222.8 217.8 214.8 221.7 228.1 232.8 234.8 234 229.6 238.4 252.2 257.1 261.2 263.8 266.4 267.4 269.3 270.1 271.2 272.1 272.5 272.4 271.1 269.9 267.7 269.1 274.6 280.6
243.9 240.6 243.5 243.2 240.8 238.6 236.7 235.9 235.9 236.5 238.5 239.1 236.5 232.8 229.3 221.2 212.7 204 189.4 187.8 187.6 186.4 185.9 184.9 184.9 185.5 185.7 192.8 203.9 216 228.6 246.7 256.3 266.7 277.3 285.9 296.1 298.2 296.7 297.7 287.8 274 261 253.1 246.1 240.8 236 231.3 225.4 221.5 215.2 212.7 223.8 231.8 238.5 243.7 247.1 245.8 236.7 236.3 244.1 248.9 257.4 259.4 261.4 264.1 264.9 266.1 267.7 269.3 268 265.5 258.8 260.9 268.6 277.1 284.8 290
243.2 239 240.5 241 239.3 237.2 236.3 236.4 236.4 238 239.5 239.6 239.4 232 230.2 221.6 207.9 197.1 187.6 186.4 186.4 186.3 185.9 184.6 184.1 185.2 185 190 201.4 211.7 226.5 241.7 253.2 264.1 275.7 284.2 293.1 293 288.2 285.7 274.4 260.3 249.1 240.4 234.1 227.5 223.7 219.5 215.9 208.6 215.2 227.9 237.2 242.4 251 256.9 260.2 257.9 248.8 245.1 240.8 240.6 245.1 244.9 252.6 251 251.8 251.6 252 251.1 258.7 259.7 265.7 270.7 278.7 286.8 293.4 297.5
242.2 238.3 237.2 237.4 237.4 236.7 236.3 235.9 236.9 237.6 241.4 242.2 237.6 231.8 226.9 213.7 209.3 192.4 187.1 186.5 186.2 186.6 185.8 185.5 184.1 184.9 185.2 187.8 197 207.6 219.1 235.2 247.2 259.2 271.6 281.7 290.4 287 278.3 274.8 262.7 249.1 237 227.4 220.1 219.5 219.1 211.4 208.5 223.2 231.9 240.7 248.6 255.9 262.7 266.7 268.4 262 261.5 259.5 256.1 252.6 245 249.9 251.4 252.6 256.2 260.8 264 267.3 268.3 269.8 273.6 278.7 285.4 291.5 297.3 301.2
244.5 241.9 239.5 237.4 235.5 235.4 235.4 236.3 237.2 238.8 241.6 238.2 234.7 231.1 222.2 212.2 201.3 192.6 187.6 187.1 186.1 186.6 186.4 185 184.1 183.6 184.3 183.7 190 203.9 214.1 226.5 240.6 251.2 264 275.1 281.5 277.8 269.4 263.4 249.7 235.8 223.4 214.8 211.6 212.5 206.9 217.3 227.9 235.9 244 253.5 260 267.7 269.6 272.5 270.1 272.4 273.1 272.9 268.6 263 256.3 256.8 259.5 263.6 267.5 271.9 275 275.3 273.9 275.2 279.7 283.1 287.9 293.2 297.8 302.2
247.2 244.7 242.7 240.4 238.3 235.6 235.4 236 235.5 238.6 239.6 238.4 231.6 227.3 218.8 209.3 198.8 193.2 189.6 187.1 186.3 186.3 186.1 186.7 182.8 184.3 184.3 183.8 184.8 198.6 207.4 218.8 234.3 247.5 258.1 268.9 274.8 270.8 259.5 250.5 236 221.3 213.8 204.8 203.2 210.8 222.2 232.4 240.4 249.2 259 266.3 273.8 274.9 278.5 278.1 275 277.3 277.9 276.4 274.6 265.7 262.1 262.9 266.6 272.7 277.3 279.8 279.7 277.1 275.6 278 281.4 284.5 288.6 293.2 297.7 302.2
250.1 247.6 246 244 239.5 236.6 234.1 233.6 236 238.5 237.8 233.5 231 226.4 216 206.5 198.6 192.9 188.6 187.7 190.9 189.7 189.4 188.7 183.6 184.4 184.1 183.9 184 191.4 203.7 213.3 227 241.1 252.2 263.3 266.2 260.2 247.5 235.8 222.3 213.1 203.8 206.4 214.5 225 236.5 246.3 256.4 265.8 270.4 273.8 280.7 281.9 279.1 277.3 277.7 276.7 275.1 274.5 272.8 266.4 265.1 267.3 273.1 277.7 279.3 280.1 278.8 276.7 276.2 278.6 281.4 284.4 288.6 293.1 297.7 300.7
