Game/Highland_Data/StreamingAssets/GeoData/Data/ny/NY32.asc
ncols 200
nrows 200
xllcorner 330000
yllcorner 520000
cellsize 50
[rows 70 to 104 of 200, columns 0 to 77 of 200]
405.3 432.5 459.4 484.1 506.3 525.1 542.1 558.4 571.7 577.7 581.7 586.1 592.7 598.3 599.6 598.4 596.4 589.9 585.9 584.7 579.8 569.6 546.3 531.6 517.1 505.1 488.7 465.7 435.1 401 424.3 454.3 484.3 506.5 516.6 522.3 522.3 517.4 509.4 507.9 503.7 495.3 479 449.1 417.2 386.6 354.8 322.3 297.7 328.3 354.3 363.2 362.4 352.8 343 331.6 313.9 296.7 278.7 264 251.3 245.4 232.2 236.6 234.4 228.6 224.2 219.8 214 209.3 202.4 197.8 192.7 190.6 188.8 187.7 185.1 185.5
398.9 425.7 451.1 473.4 493.5 509.2 524.5 539 551 560.6 566.8 575.1 581.4 585.6 584.9 582.2 578.1 571.6 571.2 570.7 560.9 541.6 515.6 497.6 487.8 478.3 464.7 453.5 427.8 392.4 411.6 437.7 461.9 479.2 487.5 491.6 487.9 481.9 474.2 471.3 464.2 453.2 443.2 418.6 395.9 373.2 348.7 317.5 282.2 312.3 331.3 336.8 334.6 329.1 322.1 308.1 286.9 270.5 257 247.6 241.4 237.7 221 225 222.8 218.6 213.4 210.4 201.7 201.6 204.7 199 190.7 183.1 182 182.8 178.8 182.1
390.3 414.6 437.7 458.9 482.5 499.8 518.4 532.9 544.7 553.9 558.6 565.1 570.6 570.4 568.4 567.4 561.5 556.2 555.8 553.8 544.4 523.8 492.1 472.4 461.2 455 447.8 436.1 419.6 384.3 390.2 416.1 435.8 449.3 457.9 458.4 453.9 445.9 439 433 425.1 415.8 405.5 386.5 370.1 351 333.7 314 282.3 297.4 312.5 307.8 305.9 300.2 294.5 280.4 263.5 251.5 243.4 236.5 231.2 229.5 222.1 211.5 212.8 211.5 207.5 197.3 199.6 199.5 194.5 190.3 185.7 180.9 177.1 177 172.2 173.3
374.6 406.1 431.3 457 479 498.2 513.2 526.4 534.9 544.6 551.1 556.9 556.6 557.7 556.2 551.9 546.3 543.5 540.2 536.5 528 507.7 471.2 452 439.3 433.8 425.2 414 402.9 373.8 367.7 393.8 407.8 417.7 424.1 422.3 416.6 409.7 404.6 396.1 390.2 381.2 372.2 359.3 344.2 329.2 314.4 292.5 260.7 284.1 284.1 280.2 275.5 270.4 264.5 255 244.5 238.7 234.8 230.5 226.6 221.2 217.4 203.4 202.4 202.6 194.2 198.5 196 193.9 189.3 184.6 181.4 180.4 177.7 171.5 169.1 168.5
372.8 398 429.7 456 477.9 494.9 507.2 519.2 527.8 535.7 542.7 545.2 545.8 545.6 543.8 539.3 534.3 531.3 527 520.7 513.9 488.1 458 436.7 420.6 408.4 399.8 390.2 380.5 365.5 345.7 366.3 376.8 385.4 389.8 388.9 384.2 377.2 369 361.6 355 347.6 339.2 329.1 316.6 303.8 293.1 279.7 252.1 264.4 260.9 255.4 251.3 247.1 243.1 239.8 234.4 230.9 227.6 224.6 220 214.3 207.8 198.8 191.7 191.4 191.9 190.4 190.8 187 182.3 178.6 176.2 175 175.8 170.6 165 164.8
359.8 390.4 429.4 454.5 473.5 487.6 499.8 508 517.8 526.4 530 530.4 532.6 532.1 530.2 527.2 524.9 521 514.6 509.5 500.5 474.2 444.4 421.2 405.7 388.5 377.9 368.4 358.6 346.2 319.8 338.9 347.7 352.5 353.8 355.7 349.3 344.1 336.7 329.4 322.1 315.8 307 297.5 288.1 279.8 271 261.2 248 247.1 245.2 241.5 238.6 235 230.9 229.2 225.8 222.5 219.6 216 211 205.9 200.1 189.5 183.5 186.7 184.8 183.1 181.1 176.6 175.2 173.9 170.9 170 167.9 166 161.7 160.4
353.2 392 427.4 450.9 467.7 480.2 492.5 499.9 505.9 511.8 515.5 517 517.7 516.1 515.1 514.4 512.2 508.7 506.6 502.2 493.3 467.2 438.5 411.6 392.8 377.6 363.8 351.8 343.7 333.5 309.8 313.9 320.8 321.9 323.3 320.9 314.9 310.6 306.7 299.7 294.7 288.8 279.6 272.4 265.7 259.8 253.4 247.1 239.8 228.2 234.2 232.8 229.7 227.5 224.2 221 215.9 211.6 206.7 203.5 197.1 193.5 186.4 181 180.1 178.8 179.6 177.2 175.3 171.3 170.5 168.5 166.8 165.5 160.1 159.2 158.6 157.4
354.5 390 424.3 445 458.6 471.3 482.7 490.1 494.8 498.8 501.6 502.1 502.8 501.6 502.1 500.7 498.2 499.4 497.2 489.2 482.3 464.4 434.3 406.1 384.4 366.3 353.2 340.5 329 320.4 310.7 288.5 298.9 299.2 303.4 302.4 296.2 289.5 284.3 279.2 277 269.7 261.4 254.5 249.2 245.1 241.1 237.1 231.2 223.9 214.7 226 223 218.8 214.2 206.2 205.2 200.4 194.7 189.7 183.7 182.2 177.3 174.4 175.2 175.7 174.7 172.9 171.1 166.5 164.8 164.6 162.6 162.4 152.3 151.7 153.9 155.3
356.2 390.6 420.7 439.3 450.4 460.7 469.1 475 480.1 483.7 486.5 490 489 487.8 488.8 484.2 480.2 479.2 478.2 471 460.3 448 431 401.3 377.9 355.1 335.7 325.4 315.2 306.4 297.5 280.8 281.5 279.7 283.4 284.4 278.8 275.3 270.9 264.8 260.9 255.2 248.1 242.6 238.8 235.5 232.4 229.2 223.5 217.5 213.7 216.9 212.9 207.9 203.7 197.4 193.8 188 183.2 178.8 177.6 172.8 171.2 170.8 170.3 170.4 167.5 167.3 165.6 162.9 159.5 158.7 157.4 158.2 150.3 150.7 151.9 153.1
361.2 392.3 410.1 424.6 434.3 444.1 453.6 461 465 467.3 471.3 472.1 469.9 468.5 465.3 462.7 459.8 456.7 454.8 447.9 438.4 427.1 413 395.8 370.8 345.8 321.9 307.7 299.7 291.7 283.5 275.3 268.9 267.2 265.9 265.1 262.8 260.5 257.9 252.7 247.9 243.5 237 232.5 230.7 227.1 222.3 218.3 212.4 210.2 205.9 200.4 200.7 197.5 193.8 189.2 185.9 181.4 178.5 174.6 170.9 167.9 164.6 165.8 166.2 166.3 163.6 161.4 161.2 158.9 152.6 152.5 151.3 148.9 149.2 149.7 149.7 150
360.7 383.4 398.6 410.4 419.6 428.1 436.2 442.6 446.2 449.3 450.6 450.9 450.6 447.2 443.4 440.9 439.6 435.7 432.6 429.2 424.8 407.5 394 377.3 353 331.6 309.7 293.2 282.1 275.7 269.5 264.3 256.9 256.3 253.3 249.9 249.4 247.8 243.3 238.7 234.2 230.4 227.6 225 221.4 215.3 210 205 203.3 202.5 199.5 189.9 190.2 189.2 186.6 183.6 181.8 178 174.8 170.8 166.3 164.3 162 162.6 162.4 161.8 161.5 160.1 157.3 154.1 150.3 148.2 148.3 148.7 149.1 149.2 149.1 148.4
353 371.4 385.4 394.4 399.8 407.4 413.5 419.1 423.6 426.5 428.8 430.5 426.9 424.5 421.7 419.9 417.5 411 411.1 412 402.6 384.4 378.4 354.8 333.8 318.5 298.9 278.2 268 262.5 258.1 255.3 248.7 246.2 246.2 242.4 238.4 234.6 230.9 227.4 224.6 221.3 218.6 214.6 208.7 203.9 199.3 196.3 195.8 195.8 193.4 189.5 185 183.3 182.7 179.6 177.5 173.3 171.5 168 162 158.4 158.9 159.7 159.4 158.5 158.4 157.3 155.2 152.9 149.9 147.9 147.7 147.8 148.9 148.2 148.2 152.7
339.5 353.3 364.9 372.3 381.3 386.1 389.3 389.7 394.3 396.8 400.3 402.9 402.5 401.2 398.7 393.2 389.1 386.6 386.7 384.1 367.2 356.4 342.2 332 313.9 299 282.5 264.7 256.1 252.4 249.3 246.8 243.5 236.6 239.4 236.8 233 229.1 224.7 220.6 216.5 213.6 208.6 203.7 200.9 197.2 194 191.3 189.7 189.4 187.4 183.9 178.8 178.6 178.2 175.7 172.9 168.7 167 163.2 157.9 154.9 155.9 156.8 156.2 155.3 155.4 154.6 152.8 150.7 148.6 147.4 148.2 147.5 148.1 148.8 152 156
320 333.1 343.9 352 358.3 363 365.3 365.9 365.8 369.2 373.3 375.7 376 376.4 372 367.7 364.9 362 358.2 352.4 343.3 334.2 320.7 307.5 296.2 284 267.9 255 247.4 243.6 241.4 238.2 235.3 227.3 230.4 228.3 224.6 221.5 217.1 212.3 208.3 205.6 200.9 196.8 193.7 191 190.6 187 185.5 183.8 181.7 179.5 175.4 174.4 172.9 170 165.9 164.7 161.6 157.2 154.1 152.4 153.7 153.4 153.2 152.8 152.5 152.3 150.1 148 146.7 147.9 147.8 148 149 155.7 159.3 161
302.1 313.4 321.4 326.4 333.5 337.9 340.9 342.5 340.6 340.3 345.3 345.8 347.4 349.4 346.9 343.9 338.6 333.5 327.3 322.8 318.7 308 296.3 286.9 277.4 266.3 254.8 245.9 239.8 237 234 230.8 227.4 221 215.4 216.8 215 212.2 208.7 202.6 198.9 197 193.6 190.6 185.7 184.2 183.6 182.7 180.8 179.4 177 174.9 172 170.1 168.7 165.8 163.5 160.3 156.1 152.6 150.1 150.2 150.8 150.9 150.9 150.9 150.3 148.5 147.4 146.7 146.2 147.5 147.4 147.5 154.3 159.6 162 164.4
284.8 292.5 302.8 309.7 314.3 319.1 322.4 323.3 321.4 318.7 319.6 323.7 322.2 324.1 323 321.2 314.6 308.2 303.7 301.5 295.4 286.6 277.8 270.4 261.7 251.7 244.8 238.8 234.9 232.1 228.8 223.5 219.2 215.1 209.2 203.9 204.7 202 199.2 195.5 191.7 189.4 183.5 180.6 180.2 179.3 178.8 178.2 176.3 174.6 172 170.4 167.8 166.8 164.7 162.3 160.6 158 155.1 151.7 148.2 148.4 148.7 148.5 148.4 148.4 148.6 146.6 146.2 145.6 147.2 147.2 147.2 151.1 159.2 162.3 164.3 167.3
272 281.1 289.6 292.9 294.7 299.4 301.5 303.7 303.4 303.2 304.9 306.1 306.8 303.5 300.1 297.2 293.2 291.9 288.2 283.4 277.8 270.6 260.9 255 250 241 237 234.8 231.8 228.5 223.8 217.7 212.2 209.1 205.1 197.2 196.4 194.7 192 189.2 187 184.1 179.7 176.5 175.8 174.7 174.2 173.5 171.5 169.3 167.3 165.3 165.2 162.6 158.8 159.9 158 155.6 153.1 150.1 147.1 146.8 146.7 146.6 146.7 146.5 146.3 146.3 146.9 145.5 147 147 152 158.9 162.1 164.6 167.5 171.1
257.5 266.2 273.3 279.9 280.7 281.3 281.1 284 286.1 286.1 286.1 288.2 289.4 286.2 282.7 278.1 272 268 266.3 263.8 259.4 253.8 247.3 240 237.7 234.1 232.7 230.6 228.2 225.4 218.4 212.8 206.6 202.6 199 193.7 189.2 186.7 185.9 184.4 182.1 179 176.5 173.8 170.7 170.1 169.9 168.8 167.3 164.5 162.3 161 160.3 156.1 157.9 156.9 155.1 153.4 151 148.1 145.8 145.6 145.6 145.7 145.9 145.9 145.4 146 145.2 144.5 147.3 148.1 157 160.7 163.5 166.7 169.8 173.3
241.8 250.8 258.1 262.9 265 267.6 267.3 267.5 268.8 268.9 267.5 267 267.5 266 264.4 261.1 257.1 254 252.2 248.8 246.5 241.3 238.9 234.5 230.8 229.5 227.9 224.9 221.5 217.1 208.5 206.6 200.3 196.3 192.9 189.5 185.2 183.1 177.3 175.9 176.9 173.9 171.9 170.1 167.6 165.8 165.3 163.8 162.4 159 157.9 155.9 155.8 155.9 155.5 154.2 152.6 151.1 148.9 145.1 144.9 144.8 144.7 144.7 144.5 145.1 145 145.5 145.5 146.2 149.3 153.9 153.3 159.3 164.9 169.4 173.4 174.2
228 238.6 246.4 252.1 256.3 258.8 260.3 261.6 261.4 259.7 256.8 254.7 253.6 252 249.5 247.7 245.6 243.8 242.3 239.4 236.1 231.9 229 226.8 224.4 223.1 220.3 216.9 212.3 205.9 199.1 195.4 192.7 189.1 187.6 185.5 180.9 178.2 175.6 173.8 164.2 166.2 168.1 166.2 163.1 159.9 160.3 159.5 158.3 154.9 153.9 153.9 153 154 153.9 152.7 150.1 148.7 144.4 144.1 143.9 144 143.9 144.1 144.2 144.6 144.9 144.8 145 144.4 155.1 158.8 158.2 157.4 166.5 171.6 176.5 173.3
219.7 229.4 237.2 243.7 246.4 248.5 250 251.4 251.7 251.1 249 248.4 247.4 245.7 242.4 239.3 239.3 236.5 233.2 229.8 225.8 221.5 219 216.5 212.3 209.5 207.8 206.7 203.7 197.3 192.4 189.1 185.9 182.8 181.5 179.3 177.4 173.1 170.8 170 167.2 163.4 159.8 162 160 155 153.9 154.3 153.1 151.7 151.8 150.5 152 152.4 152 150 147.3 143 142.9 143.4 143.6 143.5 143.6 143.8 143.3 144.5 144 143.8 148.5 154.6 159.9 162 164.5 161.2 164 171.5 174.8 175.3
211.4 220.2 227.6 233.1 238.7 240.3 242.8 242.7 243.4 243 241.8 239 238.8 237.3 234.5 231.5 231 226.9 222.7 221.1 216.3 212.4 210.3 206.3 204.2 200.8 196.9 198 195.2 190.1 187.3 183.8 180.7 177.4 176.2 174.2 172.4 170.2 166.9 165 163.5 162.7 158.1 154.9 153.8 150.4 149.2 148 146.9 148.1 148.8 149.1 149.9 147.9 144 142.3 142.3 142.6 142.7 143.2 143.5 143.5 144.4 143.1 145.7 150 153 156.1 159.8 162.1 163.6 166.3 169.4 170.7 168.8 164.3 165.9 169.7
202.6 210.6 217.5 223.4 228.5 232.4 235.1 235.3 236.5 236 234.7 232.5 230.5 228.7 228.1 224.9 223.6 221.7 219.1 215.8 211.3 208.1 205 201.1 198.7 198.4 189.8 183.7 182 182.8 181.2 179.8 176.5 171.9 170.6 170.1 169.3 166.3 164.4 161.1 158.9 156.6 154.8 152.3 150.1 148.5 145.8 144.9 144.7 147.4 145.4 146.3 145.8 144.8 142.9 142.1 142.2 142.4 142.7 143 143.2 143.6 142.2 143.8 147 151.9 156 159.7 162.4 165.3 167.9 169.9 171.1 176 175.3 174.2 174.1 175
194.3 199.5 207.4 215.1 220.3 224.9 226.6 228.5 229.1 229.8 227.8 227.2 224.7 223.6 222.3 219.1 216 213.4 212 209.1 206.6 203.9 200.4 195.3 190.7 186.3 181.4 175.1 171.6 170.8 172.4 173.8 171.9 166.9 165.2 164.7 163.5 162.6 160.5 158.2 156.1 154 152.4 150.9 149.4 147 144.7 142.5 144.4 146.2 143.8 143.3 143.7 143.3 141.6 141.9 142.1 142.3 142.6 142.9 143.2 142 143.4 147.8 151.7 155.3 158.6 161.2 163.6 166 167 172.8 177.4 179.3 179.2 177.9 177.6 178.9
186.4 191.6 199.1 206.4 213 217.9 219.9 221.6 221.8 222.3 221.1 220.9 219.3 218.2 216.5 213.8 210.2 207.2 204.5 203.2 201 198.1 194.8 189.8 185.9 178.9 172.6 168.4 164.9 164.8 165.7 165.6 163.9 162.2 160.6 159.7 159.4 158.5 157 155.3 153.8 151.8 150.6 148.5 146.6 146.1 144 143.9 143.5 143.9 144 143 141.7 141.3 141.4 141.6 142 142.2 142.5 142.7 141.8 143.5 146.4 148.8 154.4 156.4 158.9 161.7 164.5 166 170.2 174.3 178.2 183.1 183.3 182.5 181.6 181.5
179.6 184.6 192.1 198.5 203.7 206.6 209 212 212.2 214.7 215.5 215.4 214.3 213.8 211.6 208.2 205.3 202.1 200.3 199 196.7 192.2 189.4 184.8 178.1 173.8 169.5 165.3 161.2 159.8 160.8 160.4 159.6 158.2 157.2 154.3 154.2 153.7 151.9 152.1 151.6 149.5 148.6 146.7 143.7 143.2 144.3 143.4 143.3 143.3 143.3 141.2 141.1 141.2 141.5 141.6 141.9 141.6 142 141.6 147.2 149.2 149.6 148.2 152.4 156.7 159.9 163.5 165.8 169 171.7 175.2 178.9 184.8 185.8 184.9 184.8 185.5
173.2 176.9 183.8 189.8 193.8 198.5 201.8 204.7 207.7 209.8 210.6 210.3 208.3 207.1 204.6 201.5 200.2 197.8 196.6 194.9 191.6 187 184.4 179.9 174.1 169.9 165.7 161.8 158.1 156.5 156 154.8 153 152.8 153.4 149.8 150 149.1 149.2 149.5 149 147.2 146.8 144.7 142.8 142.3 141.5 140.7 143.7 144.5 142.6 141 141.1 141.2 141.4 141.6 141.5 141.8 144 147 150.3 152.1 153 152.8 152.4 155.1 158.4 163.2 166 168.9 172.1 175.2 179.6 183.9 185.5 186.3 187.8 188.8
165 168.9 176.3 181.6 186.5 191.9 197.6 200.9 203.7 205.9 206 205.1 203.5 200.4 197.4 196 194.1 191.4 190.1 188.6 184.5 182.1 179.3 176 170.2 165.8 161.5 160 159.1 157.4 155.5 153.9 150.7 147.9 147.1 146.7 147.1 146.9 146.5 146.7 146.2 144.3 142.6 140.3 141.1 141.4 140 139.8 140 141.3 141 140.6 140.8 141 141.3 141.6 141.2 143.7 147.6 150.5 153.4 155.2 156.9 158.6 158.4 158.8 158.1 160.9 165.1 168.6 172.6 176.3 179.5 181.4 183.1 185.4 188.7 190.7
157.7 162.8 167.5 173.5 180.7 188.1 194.1 197.5 199.7 200.6 200.1 200.7 198.7 197.2 196.1 193.5 189.5 187 184.7 182.7 180.2 177.8 174.8 172.1 169.1 165.1 162.6 162.6 160.7 157.9 156.9 155.5 152.7 149 143.8 144.2 142.6 141.9 141.9 142.5 142.4 142.3 141 139.5 139.2 139.4 139.5 139.4 139.6 140 139.7 139.8 139.9 140.8 140.9 141.6 141.1 145.9 150.5 155.4 157 158.5 158.7 160.5 161.1 162.8 162.7 164.3 167.8 171.3 174.7 177.6 179.3 181 183.5 186.2 189.9 192.3
151.8 158.9 163.5 169.6 175.3 184.3 189.2 194.7 196.5 196.9 197.7 197.3 195.4 195.5 193.8 190 186.1 182.9 180.2 178 175.5 173 172.6 171.6 169.2 167.6 166 164.3 160 158.1 158.1 156.6 151.4 146.2 142.3 140.3 134.3 138.7 141.1 140.1 139.2 139.4 139.7 138.5 138.5 138.9 138.7 139 139.5 140.2 140 140.3 140 140.2 140.2 142.1 146.9 152 155.5 160.1 159.1 162.2 163.1 164.8 166.6 166.8 168.2 169.6 171.9 175 178.3 181.2 182.9 183.6 185.4 188.3 191.2 193.5
143.6 157 162 166.1 172.6 182 187.9 191.9 194.5 195.4 195.9 195.5 195.3 193.8 189.9 185.5 182.4 179.9 176.5 173.3 169.3 166.5 168.1 171.3 170.6 168 166.6 163.1 158.7 157.5 155.7 153.1 146.1 141.3 135.7 135.9 136.2 134.6 136 136.7 136.8 137.2 137.7 137.8 138.3 138.8 138.9 138.7 138.9 139.6 141.3 142 142.8 143.6 146 150.1 153.5 155.2 158.1 165.9 165.5 168 169.8 170.8 171.1 171.6 173.7 174.6 176.3 178 181.4 183.8 185.6 187.3 187.9 189.9 193.5 196.2
141.7 155.5 158.5 162.9 170.9 179.3 184.8 188.7 194 196.2 195.7 194.4 192.9 191.5 187.5 183.3 179.8 175.4 171.9 168.2 164.7 148.1 165.3 167.1 164 160.5 161.6 161.2 157 153.8 150.4 145.5 142.1 134.5 135.7 135.9 136.1 135 135.8 136.8 136.3 136.5 136.8 137.4 138.1 138.6 139 139.3 138.4 138.8 140.6 143.4 145.4 147.7 150 155.5 156.2 162.2 166.4 170.5 171.4 171.6 174 175.6 176 177 178.6 178.9 180.7 182.4 183.7 186.1 188.2 190.3 192.4 194.1 195.8 199.1
144.8 152.1 155.1 161 167.8 174.1 182.7 188.7 192.8 194.2 194 192.8 190.5 188.4 183.5 177.4 172.8 167.7 165.5 156.3 146.2 137.6 139.8 135.8 132.3 133.1 141.5 151.9 156.4 154.8 147.9 142.8 141.6 133.9 134.8 135.1 135.8 136.7 136.5 136.7 136.2 135.9 136.2 136.7 138 138.3 138.8 138.3 139 137.7 140.1 144 146.9 151.4 154.1 157.3 162.1 166.6 171.1 174.5 175.5 174.4 176.7 178.6 179.3 180.5 182.4 183.4 184.7 186.2 187.7 190 191.9 193.9 196.7 199.1 199.8 203.8
146.3 148 149.6 155.4 161.8 170.4 179.1 186.1 190.2 191.3 191.6 188.1 186.3 183.3 179 171.2 159.6 157.3 148.5 132.7 130.2 135.6 137.4 135.6 140.7 140.1 133.1 139.6 149.6 146.8 144.4 144.6 135.4 134.2 134.2 134.8 135.5 136.2 136 136 137.1 135.7 135.7 136.1 137.9 137.1 137.3 137.2 138.4 141.7 144.8 148.3 150.8 153.3 157.5 161.9 166.3 171.8 175.7 177 178.7 178.5 179.4 181.4 182.5 183.2 184.7 186.3 187.9 189.9 191.8 193 195.5 197.8 200.3 203.3 205 205.6
138.9 138.9 144.7 150.1 157.6 166.2 175.4 182.5 185.9 186.9 184.8 183.1 182 177.8 172.6 163.6 143.2 135.6 130 134.2 151.3 159.4 157.8 157.2 158 155.2 130.5 133.3 140.1 144.6 142.8 137.1 134.1 134 135.2 135.3 135.4 135.8 136.9 135.8 136.8 137.5 135.3 137.9 139.7 140.6 143.4 145.5 145.4 147.4 149.8 152.5 153.3 155.7 159.5 168.4 172.8 176.8 178.8 180 181.5 182.2 184.1 186.7 187.5 188 188.8 189.4 191.7 195.3 198.5 198.2 200.3 202.2 204.8 207.2 209 210.2
