Game/Highland_Data/StreamingAssets/GeoData/Data/ny/NY34.asc
ncols 200
nrows 200
xllcorner 330000
yllcorner 540000
cellsize 50
[rows 105 to 139 of 200, columns 0 to 79 of 200]
122 125 126.2 127.1 127.4 127.6 127.4 127.5 128 128.6 128.7 128.4 128.3 130 129.5 130.7 133.2 135.3 137.4 139.3 140.5 141.2 141.5 142.1 142.1 142 141.9 141.8 141.3 139.4 136.2 133.8 129.9 130.3 130.7 131 131.4 132.2 132.2 132.6 133.9 134.6 135.3 135 135.1 134.6 133.4 130.5 124.3 127.2 127.1 125.8 125.5 124.7 123.4 122.6 122 121.3 115.8 114.8 114.8 122.2 123.9 125.1 126.5 128.4 128.1 127.9 129.2 129.6 129.7 130 129.8 130 128.8 128.4 127.6 125.9 123.8 120.8
122.1 124 125.8 127.8 129.4 130 131.3 131.9 132.3 133 133.5 132.9 134.2 135.2 136 136.1 138.1 139.8 141.5 142.3 142.8 142.8 143.1 143.5 143.6 143.6 143.6 143.5 143.1 139.6 136.6 131.9 132.5 133.2 133 133.1 133.4 133.9 133.8 134.8 135.2 135.7 135.9 136 136.5 136.2 135.4 132.5 127.9 130.4 128.7 127.6 127.2 125.7 124.6 124.2 123.5 122.8 117.2 116.2 117 120 122.1 123.2 124.6 126.5 127.4 128.7 129.9 130.7 131 130.6 128.9 128.3 128 127.9 128.3 127.7 126.4 124
123 124.1 124.9 126.8 128.9 130.9 132.1 134 135.3 136.1 137.4 137.9 138.8 139.6 141.1 141 142.3 143.6 145.2 145.8 145.4 145.5 145.7 145.9 145.9 146 146.1 146.1 145.1 142 138.7 135.4 135.4 135.5 135.6 135.9 136.2 136.1 136 136.5 136.5 136.8 136.7 136.6 137 137.4 136.9 133.7 130.3 133.4 131.5 129.2 127.2 126.5 126.1 125.8 125.1 124.4 123.3 115.4 116.3 121.3 121.5 121.8 122.7 123.6 125.7 126.8 128.2 130 130.9 130.6 128.7 126.8 125.8 125.7 126.2 126.8 126 124.6
126 126.8 127.5 129.1 130.1 131.1 132.4 134.4 136 137.8 139.6 141.2 143 145 145.7 145.6 146.6 147.7 149.2 149.6 149.4 149.4 149.9 149.5 149.7 148.9 148.5 148.6 147.4 144.7 140.6 136 138.4 138.1 138.3 138.5 138.6 138.3 137.9 138.3 138.1 137.7 137.8 137.6 137.9 138.1 136.9 134.5 133.7 135.5 133.2 131 128.8 127.6 127.2 126.8 126.6 125.7 125 118.6 116.5 116.6 122.3 122.3 122.8 123.1 123.8 124.8 126.1 127.1 129.4 129.9 128.6 126.8 125.3 124.9 124.3 123.1 123.9 122.9
127.3 128.9 130.3 131.6 132.5 133.9 134.8 136.1 137.4 138.7 140.3 143.2 144.7 147 148.3 148.9 150.1 151.8 153 153.5 153.6 153.8 154 154.1 153.6 152.7 151.8 151.4 149.3 144.7 142.9 140.5 141.3 140.9 141 141 140.8 140.2 139.7 140.1 140.2 139.5 138.6 138.6 138.9 138.5 137.5 132.8 136.1 136.3 134 131.7 129.9 128.5 126.5 125.8 125.9 126.1 125.7 120.9 117.5 118.1 118.7 123.1 122.7 123 123.7 124.3 125.4 126.5 126.3 127.9 127.3 126.5 125.1 125.1 124.8 123.4 121.7 120.3
125.1 125.1 128.9 130.9 134.1 136.3 137.7 139.8 141.3 142.5 143.7 145.1 146.8 148.8 150.8 151.7 153.4 154.8 156.1 157.1 157.5 157.5 157.7 158.1 157.1 156.4 155.7 154.1 152.2 148.9 147.1 141.9 147 146.5 146 145 142.9 142.2 141.6 141.8 142 141.3 140.5 139.5 139.2 139.1 138.2 132.8 137.2 137.2 134.8 132.6 131 129.4 128 126.8 125.8 125.2 124.1 122.4 122.1 118.2 119.3 125.4 124.5 123.7 123.4 124.2 125.1 125.7 125.7 125.9 126.2 124.9 124.7 123.9 123.9 123.2 121.3 119.9
129.9 130.4 131.5 132.1 132.8 133.7 137 139.4 142 144.8 147.5 149.1 151.3 152.8 153.8 155.4 156.6 157.9 158.6 160.1 161.3 161.9 162.5 161.2 159.9 158.9 158.3 157.4 156.1 153.4 151.7 150.1 149.1 148.9 148.6 147.4 145.7 144.7 144.2 144.6 144.2 143.2 142.2 141.3 140.3 139.8 138.3 138.1 138.5 137.8 135.6 133.6 131.9 130.2 128.5 127.9 126.7 124.9 124 123.5 123 119 120.3 126.3 126.2 125.8 125.2 124.9 124.6 125.3 125.7 126.1 126 125.1 125.1 124.1 123 122.3 122.6 121.4
135.6 135.5 135.9 136.4 137.2 137.5 138.4 139.2 139 141.4 145.5 148.9 151.8 154.6 156.4 160.2 161.4 162.6 162.5 164 164.3 165.1 164.8 164.7 163.9 162.6 161.4 159.1 158.2 157.1 155.1 149.1 152 151.5 150.9 150.3 149.6 148.8 147.5 147.2 147.6 146.6 144.3 143.1 142.1 141.1 138.6 139.4 139.5 138.4 136.5 134.5 132.8 131.1 129.4 128 126.6 125.6 125.1 124.7 122.5 118.2 121.9 122.7 126.5 127.4 126.9 126.5 125.8 125.2 125.6 126.2 125.8 125.4 125.4 124.8 124.2 123.6 123.1 123.1
141.6 141.5 141.4 141.7 142.2 142.8 143 143.7 145.1 146.1 147.1 147.7 151.6 152.6 155.1 158.6 161.9 164.1 166.5 169 169.6 169.4 168.5 167.8 166.5 165.1 163.6 162.4 159 158.2 154.1 156.9 156.1 154.7 153.9 154 153.3 152.4 150.9 149.8 149.7 148.6 146.9 145.3 143.5 139.8 141.8 141.1 140.5 138.9 137.3 135.5 133.8 132.1 130.4 128.6 127.9 127 126 124.2 122.2 121.4 120.8 123.9 124.6 126.7 127.7 127.7 127.8 127.6 127 127 126.5 125.4 125.2 125.2 125.6 125.1 124.8 124.7
146.6 147.4 147.8 148 148.3 148.1 147.3 147.8 149.5 149.9 150.5 151.7 153 156.3 157.6 159 159 161.1 163.4 166.7 169.5 171.7 173 172.4 170.9 169.5 167.5 164 159.5 156.4 155 157.6 158.6 157.7 157.5 157.7 156.2 155.2 153.8 152.2 151.5 150.3 148.5 146.3 144 142.8 143.4 142.7 141.4 139.7 138.1 136.4 134.7 133.1 131.4 130.2 129.4 128.5 126.9 123.4 124.2 125.2 122 125.2 125.4 125.8 127.5 128.3 129 129.5 129.3 129.1 128.7 127.5 126.3 125.8 125.6 126.2 126.3 126
151 151.1 152.4 152.7 153.1 152.9 152.9 153.6 154 154.2 154.6 155.3 156.8 157.9 159.3 160.4 161.3 162.6 163.5 165 166.5 168.5 170.9 172.4 173.2 173 171.3 168.3 160.8 158.2 156.3 156.3 157.3 158.1 158.7 159.8 159.7 158.7 157 155.1 153.3 151.8 150.1 148 144.9 145.2 145.1 143.8 142.5 140.8 139.5 137.9 136 134.4 133.4 132.3 130.5 129.3 128.4 123.1 123.1 126.5 124.9 126.5 126.3 126.7 127.7 128.5 128.9 129.4 129.9 130.7 130.5 129.5 129 127.9 126.6 126.4 127.3 127.2
154 154.8 156.6 156.7 156.8 157.4 158 158.3 159.1 159.2 159.6 160.2 161.4 162.3 162.6 163.5 164.5 165.6 166.1 167.2 168.4 169.6 170.3 171.1 172.1 173.5 172.6 170.8 167.2 163 158.4 157.6 157.3 157 157.5 158.2 158.4 159.2 159.1 157.7 156 153.8 151.7 149.5 147.3 146.9 146.3 145 143.6 142 141.4 139.8 137.8 136.4 135.3 134.3 132.5 130.8 129 122.8 125.2 127.7 127.2 127 127.6 127.1 127.6 128.4 128.9 129.3 130.4 131.1 131.8 132.1 131.5 130.7 129.9 129.2 128.2 128.1
158.3 158.7 159.5 160.3 161.2 162.4 163 163.6 164.3 164.8 165.2 165.4 166 166.7 166.9 167.5 168.3 168.7 169.1 170.2 171.1 172.1 172.7 173.7 173.6 173.9 173.8 170.9 167.8 164.7 161.9 159.6 159.2 158.4 158 157.6 157.2 157.5 158.2 158 155.1 153.2 150.5 150.6 149.2 147 146.3 145.5 144.7 143.6 142.2 140.6 140.1 138.8 137.5 136.1 133.8 133.2 131.6 124.6 128.3 129.5 126.5 128.6 128.9 128.5 128.3 128.1 128.8 129.7 131 131.7 132.3 132.2 132.8 133.3 133.3 132.5 131.7 131
160.9 162.3 163.6 164.6 165.4 166.6 167.7 168.2 168.5 169 169.5 170.2 170.6 170.9 171.1 171.4 171.9 172.5 172.7 173.5 174.4 175.2 175.2 175.8 176.1 176 176.4 175.1 172.4 170.3 166.9 163.2 161.1 160.4 160.2 159.6 159.2 158.2 157.2 155.4 155.1 154.9 153.7 152.7 151.1 148.4 146.2 145.3 144.9 144.4 143.1 142.1 141.4 140.6 139.4 137.3 135.8 132.9 126.3 127.4 131.4 131.6 126.7 130.2 130.1 130.1 130 129.5 129.4 130.1 130.7 131.8 132.8 133.6 134.2 134.6 135 135 134.8 134.3
162.7 163.9 165.9 167.2 168.7 169.9 171.2 172.3 172.9 173.6 174.1 174.5 174.2 174.8 175.7 176.6 177.1 177.4 177.6 177.9 178.5 179.2 179.1 178.7 179 180 179.7 178.8 178.1 176.2 173.4 170.1 165.9 162.5 162 161.6 160.9 160 158.4 157.9 156.8 155.8 155.3 155.2 152.5 149.8 147.3 146 144.6 143.6 143.1 142.6 142.5 141.5 140.5 136.3 132.6 124.9 128.9 128.2 135.4 132.7 127.1 131.9 131.9 131.7 131.6 131.3 131.7 131.8 131.9 131.7 132.1 133.7 134.5 135.1 136 136.8 136.8 136.2
163.2 165.4 167.4 169.4 171.2 173 173.9 174.9 175.9 177.4 178.3 178.5 179.2 179 179.5 180.3 180.9 181.8 182 182.4 182.6 183.2 183 182.5 181.8 182 182.6 181.5 181.8 181.2 179.3 176.7 173.6 168.3 164.5 163.6 162.7 161.8 160.8 160 159 158.1 157 155.6 153.8 151.4 150.5 148.6 146.7 144.9 142.6 142.4 137.6 139.2 139.7 134.6 131.2 130.4 133.1 136.8 137 131.4 133.4 134.7 133.8 133.6 133.2 133.6 134 133.5 133 133.3 132.8 132.9 134 135.2 136.6 137.2 137.9 137.8
162.3 164.9 167.4 170.1 172.3 174.8 176.2 177.5 179.2 180.7 181.9 182.8 183.7 183.7 183.8 183.9 184.4 185 185.9 186.6 187 187 186.4 185.7 184.9 184.5 184.6 183.9 183.2 183.7 183.1 180.9 179.2 175.3 171 166.6 165.1 162.3 163.1 162.2 161.3 160.1 158.9 157.6 156.2 154.5 153 151.2 149.3 147.4 145.1 144 142 142.2 138.3 131.8 130.8 135.9 140.2 140.7 137.8 132.3 137.4 138.2 137.3 136.2 136.1 135.4 135.3 135.1 134.7 135.1 134.6 135.4 135.3 135.1 136.3 137 138.2 139.1
160.6 164 166.9 169.8 172.4 175.4 178 180.3 181.9 183.6 184.9 186 187.1 188.2 188.2 188.3 188.5 188.9 188.9 189 190.1 189.7 189.8 189.4 188.4 187.2 186.8 186.5 185.5 185 184.8 182.5 181.6 179.3 176.8 173.3 167.3 165.3 165.3 164.4 163.2 162 160.8 159.6 158.2 156.3 155.1 153.7 151.8 149.6 147.5 146.1 144.6 141.3 135.6 131.5 133.9 141.1 142.5 142.1 135.8 133.9 141.2 141.2 140.4 139.8 139.1 138.3 137.3 136.4 136.5 136.8 136.5 137 137.3 137 137.3 138.4 139.2 140.4
157.2 162.1 166.4 169.4 172.2 175.5 178.6 180.9 182.7 184.1 187.3 188.9 190.4 191.3 191.5 192.2 192.9 193.6 193 192.8 193 192.6 191.9 191.2 191.2 190.1 189.7 189.1 188.4 187.5 186.5 185 183.3 181.4 179.4 176.6 173.1 167.8 167.6 166.3 165.1 163.9 162.7 161.5 160 158.7 157.6 156 153.5 151.8 150.4 148.9 147.2 138.7 134.3 132.7 139.4 142.2 143.6 143.5 136 133.1 143.2 143 143.3 142.7 142 141.2 140.3 139.2 138.5 138.3 138.2 138.6 139.2 139 138.7 139.9 140.7 141.4
150.1 157 163.1 167.2 170.9 174.4 177.8 181.1 183 184.7 188.2 190.9 192.5 194.6 196 196.6 197.2 197.8 197.5 196.8 196.4 196.6 195.4 194.4 192.1 192.3 191.8 190.5 189.9 187.8 187.2 185.8 184 181 177.8 176.1 173.9 171 170 168.7 167 165.7 164.5 163.3 161.9 160.5 159 157.1 155.3 154.6 153 151.4 149.5 140.4 135.5 142.4 145.4 144.4 144.1 143.2 139.1 135.9 137.2 142.5 144.4 145.5 144.9 144.3 143.6 142.5 141.8 140.7 140.4 140.1 140.4 140.9 140.4 140.8 142.3 142.7
151.5 150.3 156.6 162.5 167.4 171.8 175.9 179.7 183 185.4 189 192.5 194.7 196.6 198.2 199.5 200.7 201.3 201.4 200.4 199.4 199.8 199 197.4 195.7 195 194.2 192.5 191.4 189.8 189.9 188.9 187.7 186.3 184.2 181.1 176.8 175 172.8 170.9 169.1 167.6 166.3 164.9 163.5 161.9 160.3 158.8 158.2 157.3 155.7 153.8 144.8 138.8 146.8 149.2 148.4 147.3 146.4 145.5 144 143.1 140.9 139.7 143 146.8 146.9 146.6 146.1 145.8 145.5 144.4 143.5 143.3 142.4 142.6 142.2 142.2 143.8 143.9
158.1 154.9 153.7 155 160.1 166.1 171.8 176.4 180.7 184.6 188.4 192.1 195.8 198 199.8 201.1 202.4 204 204.5 203.9 202.5 202.3 201.6 199.9 199.8 198.7 197.8 196.8 195.7 194.5 193.2 192.2 191.2 189.8 187.9 186.3 184.4 181.5 177.2 174.1 171.7 169.9 168.2 166.8 165.4 164.2 162.7 161.3 160.7 159.6 157.9 149.5 141.8 141.6 152.5 152.5 151.9 150.9 149.5 148.3 147.6 146.4 145.5 144.8 139.9 144.4 148.7 148.7 148 148 148 147.8 146.8 145.9 145.1 144.2 143.9 144 145.2 145.5
163.3 161.9 160 160 155.9 159.5 166.2 171.7 176.3 180.9 185.7 190.5 195 198.1 200.1 201.9 204.4 206.3 206.9 206.7 205.9 205.1 203.7 203.3 202.7 201.5 200.9 200.1 199.3 198.3 197.3 196.2 194.9 193.5 191.8 190.2 187.8 185.4 184 181.7 179.4 175.4 171 169 167.6 166.5 165.2 163.7 162.9 161.7 159.8 148 142 151.3 156 155.4 154.8 154.2 152.8 151.9 151.2 150 148.8 148.1 147.4 141.4 144 146.4 150.1 150.3 150.4 150.3 150.1 149.2 148.2 147.4 146.6 145.5 145.8 146.7
172 168.8 166.8 165.6 163.7 161.5 160.1 165.8 172 176.5 181.4 186.1 190.9 195 198.5 200.6 204.3 206.8 208 209 208.3 207.5 207 206.1 204.7 203.4 203.7 203.3 202.7 201.6 200.1 199.9 199.3 197.1 195.7 194 192.3 190 188 185.9 183.3 180.5 177.2 172 169.9 168.9 167.5 166.2 164.7 163.2 161 151.3 151.5 159.1 158.6 158.2 157.5 156.9 156.2 155.5 154.7 153.5 152.3 151.5 150.8 149.3 147.3 145.6 145.5 150.4 152.6 152.1 152.3 152.3 152 150.7 149.6 148.6 147 147.4
179.1 176.1 175.1 173.1 169.7 167.6 166.7 164.4 165.1 172.2 177.1 181.7 186.3 190.6 195.6 199.2 202.3 206.7 208.9 210.3 210.3 209.8 208.7 207.9 206.8 204.9 203.8 204.7 204.9 204.6 204 203.9 203.7 202.3 200.8 199.3 198 194.8 191.6 188.8 186 183.2 180.4 176.3 173.6 170.9 169 167.4 166.5 165.1 160.1 145.5 159.2 161.9 161.1 160.6 160.4 160 159.4 158.9 158.3 157.1 156.2 155.4 154.2 152.1 151.7 151.1 149.2 147.6 147.6 153.2 154.2 154.3 153.3 152.9 153 151.8 150.1 148.8
188.7 183.9 182.4 179.4 176.8 174.5 171.6 170.7 166.7 168.5 172.3 177.6 182.8 187 191.9 196.4 200.3 203.3 206.1 208.7 210.9 211.2 210.8 210 209 207.1 205.7 204.7 204.8 205.6 205.7 206.3 206.8 207 206.3 205.1 202.4 198.3 194.5 191.7 188.8 186 182.8 178.7 175.9 173.2 170.5 168.6 167.7 166.8 159.7 154 164.7 164.3 163.7 163 162.6 162.4 162.5 162.4 161.9 161 160.2 159.4 158.3 155.3 155.1 154.8 153.5 151.7 150.5 148.7 154.7 156.1 156.4 155.6 154.9 154.8 153.2 151.2
195.9 193.9 191.8 187.8 185.1 180.9 177.3 175.8 173.3 173.9 172.1 173.9 179.3 184 188 192.9 196.6 200.4 204.2 207 209 210.6 211 210.7 210.3 209.2 208.2 206.4 205.5 204.7 205.6 206.6 207.3 208.3 209.4 208.6 205.7 201.3 197.7 194.9 191.9 188.9 186.4 181.5 178 175.3 172.6 169.9 168.3 166.6 161.7 149.8 165.4 166.7 166 165.4 164.9 164.6 164.3 164.9 164.7 164 163.1 162.4 161.4 159 158.3 157.6 156.6 154.9 153.9 150 149.9 155.2 157.1 157.9 157.3 156.9 156.4 155.3
203.7 201.2 200 197.4 196.1 192.3 187.7 182.3 179.1 178.1 176.7 177.2 176.3 180.2 184.7 188.8 194.1 198.6 200.9 203.5 206.3 207.7 208.7 210 210.2 210.4 208.6 208.4 207.9 206.9 205.1 204 204.6 205.6 207.7 208.4 208.3 205.1 201.7 198.5 194.9 191.4 189.3 185.8 180.8 177 173.6 170.8 167.7 165.2 162.6 151.1 164.9 166.4 167.7 167.8 167.6 167 166.7 166.4 166.7 166.1 165.5 164.9 163.9 162.3 161.3 160.4 159.7 158.3 156 154.5 153 151.7 154.4 156.9 159 159.2 158.6 158
210.9 207.4 204.6 203.9 202.2 200.5 197.7 192.7 189.8 185.8 182.1 180.7 177.8 179.2 183.1 186.5 190.3 194.7 199.5 202.8 205.5 207 208.9 210.3 210.2 211.3 211.1 210.5 209.3 208.6 207.5 206.5 204.7 203.5 203.4 204.6 205.6 206.1 204.6 202.2 198.3 195 192.3 188.8 184.1 179 176 172.8 169.9 167.3 165.8 162.9 153.3 160.5 164.2 167.2 169.2 169.6 169.1 168.7 168.2 167.7 167.4 167.1 166.2 165.3 164.2 162.4 162.9 160.9 158.2 156.6 155.6 153.9 152.2 154.6 158.1 160.1 160.2 159.9
219.2 216.4 212.5 212.4 209.3 207.3 205.5 201.7 199.5 197 193.2 190.3 182.6 180.5 180.8 185 188.5 192.4 195.7 199.9 204.2 208.5 210.9 211.6 212 212 212.1 211.3 210.9 210.4 208.9 208.2 207 205.9 203.9 200.7 201.2 201.5 201.4 200.2 198.7 196.4 194.7 191.8 187.8 182.6 177.1 174.6 171.2 171 169 166.4 163.6 157.5 155.3 155.4 164.1 168.2 170.5 171.1 170.6 169.9 169.3 169 168.4 167.6 166.7 165.6 165.6 163.1 161.1 158.8 157.1 155.7 154.9 152.3 156.3 158.1 159 160.2
225.7 223.6 222.4 220.2 217.9 215.3 212.9 211.1 208.6 206 202.5 200 192.5 188.7 184.6 183.5 186.8 190.1 193.6 197.2 200.1 204.8 209.5 213.4 215 214.7 214.6 214.1 213.4 212.7 211 210.2 209.1 207.8 206.4 204.4 201.7 197.7 196 194.8 193.7 192.1 191.3 190.1 189.3 185.2 178.2 174.7 175.3 173.8 171 170.1 168 165.9 159.1 162.2 163.1 166.1 169.5 171.2 171.9 172.7 172.1 171.7 170.2 169 167.9 168.3 167.1 165.1 162.9 160.7 158 157.5 155.9 154.5 156.8 157 157.7 159.6
233.6 230.7 229.2 227.1 223.8 222.3 220.8 219.2 217.5 215.8 212.8 209.8 204.6 202.7 192.2 190.3 189 186.9 188.1 193 198.1 202.7 206.1 210.8 214 217.4 218.3 216.9 216 215.7 214.9 213.2 211 209.5 208.5 206.6 204 202.6 200.6 198.3 195.8 192.6 188.7 184.2 182.8 180.8 180 179 177.5 175 173.4 172.7 171.1 165.5 160.7 166.5 167.3 166.1 166.4 169.3 171.4 172.9 174 173.9 171.9 170.2 169.5 169.7 167.4 165.5 162.7 160.8 161.2 158.6 157.1 157.4 156.4 157.9 157.8 158.9
241.5 239.4 235.2 231.5 229.9 228.5 227.6 224.9 224.7 222.8 222.6 219.7 216.9 214.2 208.5 200.4 194 192.8 191.8 188.2 193.1 198.9 203 207 211 214.1 216 217 218.5 218.7 217.7 216.6 215.1 213.9 211.8 209.1 206.4 204.6 202.6 200.5 198.3 196 193.3 190.1 187.9 185.9 183.9 180.7 178.7 177.2 176 175.1 173.8 166.2 165.1 171 170.8 170.1 170.1 169.5 170.5 170.8 173 173.5 171.7 171.2 170.7 170.2 168.6 166 164.1 162.9 160.3 158.4 159.2 158.4 156.6 157.7 158.5 159.4
251.1 247.6 243.2 239.9 236.6 234.2 232 229.3 229.9 229.6 228.6 226.3 225 223.7 220.5 215.7 207.4 198.4 196 192.9 191 193.6 199 204.1 208.4 212.1 214 216.8 218.9 220.2 220.8 220.4 219.4 217.6 215.1 212.4 209.6 206.1 203.8 201.6 199.4 197.3 195.1 192.9 190.6 188.3 186.3 183.4 181.1 179.7 178.6 177.6 176.1 166 169.5 173.8 173.7 172.8 172.3 172.6 172 172.1 171.9 172.4 172.5 171.9 171.3 170.4 169.8 168.7 166.8 164.5 161.7 160.6 160.7 159.9 158.6 157.9 159.9 161.4
259.5 255.4 251.8 247.6 245 242.2 239.4 234.8 234.5 233.2 232.6 231.7 230.6 229.1 227.6 225.1 222 215.8 206 198 195.1 192.3 194.5 201 206 210.1 212.8 216 218.5 220.7 222 222.6 222.2 221.1 218.4 215.5 212.4 209.4 205 202.8 200.6 198.4 196 193.7 191.9 190 188.3 186 183.8 182.4 181.1 179.8 173.3 166.1 173 176.1 176.6 175.9 176.3 175.7 174.3 173.5 173.4 173.3 173.6 173.2 172.4 171.7 170.9 170.6 169.7 168.4 164.7 163.5 163.2 162.6 161.3 160.3 159.5 160.9
