Game/Highland_Data/StreamingAssets/GeoData/Data/ny/NY43.asc
ncols 200
nrows 200
xllcorner 340000
yllcorner 530000
cellsize 50
[rows 35 to 69 of 200, columns 78 to 155 of 200]
181.5 181.6 181.1 181.1 180 178.9 177.6 177.4 175.9 174.4 173 172 169.7 167.2 169.3 171.8 174.9 176.4 177.7 178.3 179.3 181.3 183.2 186.8 188.9 189.2 189.6 189 188.2 188.6 188.9 187.7 185.7 181.8 179.7 176.8 174.2 172.8 170.7 170.6 170.9 171 170.7 169.4 169.9 169.2 169.1 170.4 173.8 175.2 176.3 177.4 178.6 179.9 178.4 175.3 172.3 170 167.6 167.5 168.5 169.3 170.5 169.9 169.1 167.3 165.4 163.1 162.2 159.7 158.8 158.9 158.8 158 155.6 154.4 153.7 151.6
182 181.9 181.7 182.4 182.6 181.5 179.2 178.8 177.3 175.7 173.8 173.3 171.4 168 168.3 171.3 174.8 176.8 178.4 179.5 180.7 182.1 183.8 186.7 189.8 190.6 191.4 190.7 189.7 190.3 191.3 190.7 189.4 185.8 182.3 180.2 177 175.1 172.7 171.5 172.2 171.2 171.7 170.5 170.1 169.6 169 169.7 172.3 174.4 175.2 176.2 176.8 176.9 176.5 173.9 171.3 169 167.4 165 163.6 163.3 164.1 166.1 165.5 162.2 160.1 159.7 159.7 156.9 155.6 157.2 157.9 157.8 156.7 153.4 151.4 151
182.5 182.6 182.6 182.6 183.3 182.3 180.9 180.6 178.8 176.9 174.9 173.7 172.3 170.6 167.6 171.2 174.8 176.7 178.6 180.1 182 183 183.4 185.6 189.4 191 191.9 192.2 191.5 191.5 192 193.2 192.1 190 186.8 183.7 181.4 178.3 175.6 173.4 173.5 172.5 172.8 171.9 170.6 170.5 170 169.3 170.8 173.3 174.2 175.1 175.2 174.7 173.6 172.2 170 167.2 165.8 164.3 162 160.6 158.6 159 160 158 156.1 155.4 155.2 153.6 150.9 151.7 154 156.4 157.3 155.4 153.1 151.1
183 183.1 183.2 183.3 183.2 182.9 182.9 182.9 180.5 178.4 176.2 174.4 173.7 172.2 169.7 169.7 174.3 176.8 178.7 179.9 181.4 183 183.6 185.5 190.4 191.1 191.9 193.2 192.9 192 192.8 194 194.7 193 191 187.3 185.1 182.4 179.8 175.6 174.9 174.6 173.5 173.2 171.2 171.4 170.9 170 169.8 171.7 174.3 174 173.1 172.2 171.3 170.3 168 165.9 164.5 162.9 161.1 159.9 158.6 156.7 154.8 154.1 153.4 152.1 153.1 151.9 149.8 147.7 150.5 155.8 157.2 156.8 156 153
183.3 183.4 183.5 183.6 183.8 184 184.3 183.8 182.8 180.8 177.8 175.5 174.9 173.4 171.4 168.8 172.9 176.1 178.7 180.1 181.4 182.8 184.2 186 189.9 191.5 191.6 193.6 194 193.1 193.5 194.8 196.1 195.1 193.7 192 188.7 185.4 183.1 179.7 176.1 176.4 175.5 174.1 173.2 171.6 172.5 171.2 170.4 170.3 173.1 173.8 172.7 171.4 169.9 168.6 166.7 164.9 163.2 161.8 160.6 159.7 159.3 157.5 155.5 153.5 151.9 150.7 149.9 148.4 146.4 145.6 148.1 153.1 157.2 158.5 157.9 155
183.6 183.7 183.8 184 184.1 184.3 184.3 184.3 184.5 182.9 179.8 176.8 175.9 174.5 172.5 169.6 171.7 175 177.9 180.2 181.9 183.4 185.3 187 189.6 191.1 191.2 193.6 195 194.7 193.9 195.2 196.6 197.1 195.8 194.6 191.8 188.8 185.9 182 178.4 177.8 176.8 175.2 175.1 173.1 173.2 172.3 170.5 169.7 171.5 173.8 172.3 169.8 168.7 167.4 164.7 163.1 161.8 160.7 160.3 159.2 158.6 157.5 155.8 153.6 151.4 150.2 148.7 146.7 145.1 144.3 144.2 148.8 152.7 155.7 157.5 156.3
184 184.1 184.3 184.3 184.3 184.5 184.4 185.3 185.8 184.8 181.5 178.6 176.6 175.3 173.8 170.9 170.3 174.8 178 180.8 183.1 184.3 186 188.4 190.8 191.4 190.8 192.9 194.9 195.7 194.8 195.5 196.8 197.7 197.5 196.3 194.2 191 187.1 183.9 182 178.3 178.2 176.7 175.8 174.9 173.7 173.2 172.1 170.4 169 172 171.9 169.2 167.8 166.2 164 162 160.6 159.1 159.2 158.7 157.5 157.4 155.7 153.9 152 151 148.5 146.6 144.2 142.7 141.1 141.5 146.4 151.1 153.1 155.7
184.6 184.7 184.7 184.2 184.3 184.6 184.9 185.7 186.1 185.5 182.8 179.9 177.9 176.6 174.7 171.6 169.8 174.1 177.2 179.9 183.2 184.1 185 189.3 192.1 192.4 191.4 192.1 194.5 196.1 195.4 195.4 196.9 197.6 197.6 196.8 196.1 193.6 190.7 186.7 184.6 180.9 178.5 178.2 176.9 176.7 175.3 174 172.9 170.9 169.3 169.3 171.1 168.1 165.7 164.7 163.1 161.3 160.1 158.7 158 157.4 156.8 156.6 155.3 154.4 152.8 151.6 149.6 147.8 143.6 141.5 140.8 140.8 140.2 143.7 148.3 152
185.3 185.3 185.3 184.8 185 185 185.1 185.7 186.1 186.1 183.9 181.3 178.8 177.2 175 172.6 169.4 173.1 176.3 178.9 181.1 183.1 185.5 188.6 192.9 193.7 192.8 192.4 194.2 196 195.5 195.2 196.8 197.8 198 197.3 196.5 194.8 191.5 188.8 185.9 182.3 179.2 178.9 177.5 177.3 176.6 175.1 173.5 171.7 170.5 169.6 169.2 167.3 163.8 163.7 162.9 161.4 159.8 158.6 157.3 156.7 155.9 155 154 153.1 153.1 151.4 150.3 147.4 142.8 142.3 141.5 141 140.3 141.6 142.9 148
185.9 185.8 185.7 185.4 185.4 185.3 185.5 185.7 186.1 185.9 185.7 182.8 180.3 177.4 175.2 173.8 170.9 171.9 175.2 177.5 180 184.1 187.6 188.4 193.3 194.9 194.3 192.9 193.7 195.3 196.2 195.3 196.5 197.7 198 197.4 196.6 195 192.5 190.7 187.2 183.6 180.5 179.1 178.2 177.6 178.4 176.2 174.1 172.1 170.2 168.4 167 165.5 163.3 162.5 162 160.7 159.6 158.5 157.3 156.2 155.5 154.8 153.4 152.3 153.1 152.5 150.3 146.4 142.5 141.9 142.2 141.1 140.4 139.5 139.9 143.4
186 186.1 186 185.9 185.8 185.6 185.4 185.3 185.6 186.7 186.7 185.5 182.1 178.5 176.8 174.5 172 171.3 173.6 176.8 180.5 184.8 186.3 188.6 193.6 196.1 196.1 194.4 194.4 195.3 196.4 195.5 195.7 197 197.8 197.1 195.6 194.9 193.3 191 187.8 184 181.5 180.3 178.9 178.4 178.4 177.1 174.6 173 171.3 168.9 166.2 165.4 163.1 161.7 161.3 160.3 159.2 157.9 156.9 155.8 154.7 154.4 153 151.5 153.4 154.8 149.9 144 143 143 143.1 141.5 140.7 139.7 139 140.2
185.9 186.2 186.1 186 185.9 185.3 184.9 184.9 185.2 186.4 187.3 186.2 183.3 180.1 177.5 175.2 173.1 171.4 172.6 175.5 179.2 183.2 185.7 187.7 192.1 196.5 197.6 196.1 194.9 195.9 196.7 195.8 195 196.2 197.3 196 194.7 193.1 192.4 190.4 187.9 185.5 182.5 180.3 179.3 178.7 178.4 178 175.8 173.6 171.6 168.7 166 163.6 161.9 160.8 160.6 159.7 158.6 157.6 156.7 155.1 154.1 153.8 152.4 150.1 152 154 147.8 144.5 143.4 143.8 144.2 142.3 140.8 139.8 138.4 139
186.1 186.1 186.1 186.1 185.7 185.2 184.7 184.2 184.1 184.5 185.5 185.2 183.8 180.9 178.4 176 173.8 172 171.8 174.6 178 183.2 185.4 187.2 188.9 194.2 198.4 197.8 196.6 196.2 196.8 195.9 194.7 195.6 196.5 195.7 193.8 191.4 190.2 189.2 187.7 185.3 182.8 180.8 179.7 178.9 178.5 178.2 176.7 174.3 171.9 168.3 167.4 165.1 162.8 160.8 160 159.1 158.1 156.9 156.2 154.1 153.3 151.9 150.9 147.3 147.7 149.4 146.6 144.2 143.5 144.4 145.2 143.6 142.1 139.9 138.2 137.9
186.1 186 186.1 186.1 185.7 185.2 184.6 183.6 183.4 183.3 184.7 185.6 184.4 181.8 179.3 176.8 174.4 172.9 171.7 174.1 177.7 181.6 184.1 186.2 191.1 193.7 195.7 198.8 198 197.2 196.9 195.6 194.5 194.9 195.6 195.6 193.6 191.6 189 187.6 186.8 185.2 183 181 179.9 179 178.6 178.1 177.3 175.3 172.9 171.8 169.4 166.4 163.3 160.3 159.1 158 157.4 156.5 155.8 154.2 153.1 150.5 146.7 145.7 145.8 145.8 144.3 144.2 143.8 146.7 146.5 144.5 143.6 140.6 138 136.9
186 186 185.9 185.9 186 185.6 185.1 183.3 182.8 182.8 183.2 184.3 185 182.8 179.7 177.2 175.4 173.7 172.4 174.2 177.9 180.9 182.3 185.7 191.2 195.1 197.3 198.1 199.5 198.4 197.4 195.9 194.5 193.8 194.8 195.1 193.3 191.2 189.3 187.7 187 185.4 182.9 181.1 179.9 179.1 178.4 177.8 177.2 175.9 173.5 173.6 171.6 168.1 165.5 161.6 158.2 156.9 156.6 156.3 155.6 154.5 152.8 149.2 145.7 147 145.8 144.6 144.6 144.5 146.4 147.8 147.3 145.8 144.6 142.7 139.2 138
186 186 186 185.9 185.8 186.1 185.3 183.5 182.5 182.5 182.3 182.9 184.6 183.4 179.8 177.4 175.9 174.3 173.2 175.3 178 180.7 182.4 184.4 188.9 193.9 199.4 198.3 198.2 198.3 197.2 196.3 194.2 192.8 193.2 194.2 192.5 190.8 189.1 187.9 186.8 185.5 182.5 180.9 179.9 179.3 178.5 177.7 177.2 176.4 174.1 174.3 173.3 170.1 167.4 163.4 159.6 156.5 156.2 156.2 155.4 154.7 151.7 147 146.6 149.8 149.3 149 148 147 146.3 147.7 148.1 147.9 145.7 143.6 140.5 138.2
186 186 185.9 185.8 185.8 185.8 185.3 183.7 182.6 182 181.6 181.3 181.8 181.8 179.8 177.1 175.4 174.1 174.2 176.7 178.5 180 181.1 183.3 186.7 191.5 198.7 202 200 196.1 195.7 196 193.9 192.3 192.1 193 192.8 191.1 189.5 188.5 187.4 186.4 182.4 180.9 180.1 179.3 178.4 177.7 177 176.1 174.7 174.2 173.4 171.7 169.2 165 161.5 158.1 156.3 155.8 155.1 152.4 149.9 147 149.1 150.7 150.3 149.5 148.9 148.2 147.7 148.4 149.2 149.7 147.6 145.1 142.3 138.6
186.2 185.9 185.8 185.8 185.7 185.8 185.8 184.5 183.1 181.7 180.9 180.2 179.8 179.4 177.9 175.8 174.4 174.5 174.6 177 178.1 179.5 181 181.7 184.1 189.1 195.4 201.2 203.3 199.6 195.3 195.9 194.1 192 190.7 191.4 192.2 191.2 189.5 188.5 187.4 186.5 183.8 180.5 179.5 178.9 178.4 177.8 176.8 175.6 175.1 174.5 174.2 173 170.6 167.4 163.2 160.2 157.2 154.5 152.3 149.6 148.2 147.5 151.3 151.2 150.8 149.9 149.7 150 148.8 148.9 149.5 150.9 149.3 146.4 144.8 140.7
186.6 185.9 185.7 185.7 185.7 185.8 185.8 185 183.3 181.7 180.9 180.2 179 178.2 176.4 175.3 174.7 175 175.4 175.8 177.7 179.2 180.6 181.2 182.2 185.7 191.6 198.3 202.6 202 196.9 195.1 193.3 191.2 189.6 190 190.5 191.2 189.7 188.3 187.2 186.5 185.7 181.9 179.8 179.1 178.2 177.7 176.9 175.6 174.8 174.4 173.6 172.6 171.1 168.9 166.1 162.6 159.3 156 153 149.6 148.1 152.3 152.5 151.6 151 150.4 149.7 149.8 148.3 149.8 150.2 151.1 150.7 148.1 146.4 144.2
186.4 185.9 185.6 185.5 185.5 185.7 185.4 184.8 184.1 182.4 181.2 180.4 179.2 177.2 176 175.2 175.1 175.5 176.2 176.3 176.8 178.9 179.6 180.9 182 184 187.9 193.8 197.8 201.8 201.4 197.1 193.4 189.6 188.6 188.2 189 189.9 189.4 188.2 187 187.4 186 184.3 181.2 179.7 178.3 177.2 176.3 175.7 174.6 174 173.2 172.4 172.2 170.4 168.1 164.8 161.5 158.2 156.1 150 148.2 152.5 152.3 151.9 151 150.6 149.3 148.8 148.6 149.7 151.1 151.2 151.1 150.4 148.1 146.7
186.5 186 185.6 185.3 185.3 185.4 185 184.6 184.2 183.1 181.6 180.8 179.1 177 176.4 175.4 175.4 175.8 176.4 176.5 176.8 178 179.2 181 182.1 183.2 185.6 191 194 198.3 200.5 197.7 194.4 189.3 187 186 186.9 188.4 188.6 187.7 186.8 187.1 186.7 185 182.6 179.5 178.4 177.7 176.8 175.8 174.5 173.9 173.2 173.1 172.7 171.2 169.1 167.1 164.8 160.7 157.4 150.1 148.7 153.2 152.8 152.5 151.4 150.9 149.6 149.3 148.6 149.3 151.5 151.4 152.7 152.5 150.7 148.5
186.8 186.3 185.9 185.5 185.3 185 184.8 184.6 184.2 183.6 182.4 180.9 179 177.8 176.9 175.9 175.7 175.9 176.6 177.2 176.4 178.4 179.3 180.5 181.3 182.5 183.7 188.4 191.2 194.4 198.5 197.8 195.5 191.1 186.8 184.1 184.4 185.8 186.3 186.8 186.7 186.9 186.9 185.9 183.7 180.9 179.1 178.2 177.4 175.8 174.6 174.1 174.2 173.3 172.8 171.9 169.8 168.3 167.2 163.9 158 149.7 149.2 153.9 153.9 153.5 152.3 151.1 149.9 150.4 149.9 148.8 150.6 152.2 153.4 153.7 153 150.5
186.8 186.7 186.2 185.6 185.4 185 184.7 184.5 184.1 183.7 182.6 181.2 179.8 178.7 177.5 176.6 175.2 175.3 175.7 176.5 176.1 177.3 178.8 178.9 180.3 180.2 181.1 185.8 188.8 191.8 195.8 196.5 195.5 190.9 186.3 182.5 181.9 182.8 184.5 186.1 186.7 186.9 186.7 185.5 184.5 182.4 179.7 178.8 178 176.6 175 174.3 174.1 173.5 173 171.9 170.2 168.4 167.9 164.4 156.7 149.7 152.3 154.6 154.9 154.2 153.2 151.5 150.7 150.9 150.8 150 149.6 152 153.8 154.8 154.5 152.7
187 186.9 186.5 186 185.5 185 184.6 184.4 184.3 184.1 183.1 182 180.7 179.5 178.2 177.2 175.6 174.9 175.1 175.5 175.8 175.5 177 178.3 178.7 178.6 180 183.1 184.6 188 191.8 192.4 193 190.4 185.8 181.8 180.4 180.5 182.2 183.8 184.9 185.3 185.6 185.5 185.2 183 181.4 179.9 178.9 177.7 176 174.6 174 173.6 173.2 171.8 170.2 168.8 167.7 163 154.4 149.8 157 156.5 154.5 153.6 153.2 152.5 151.8 152.2 152.1 151.6 149.9 150.4 152.5 154.3 155.6 154.6
188 187.5 186.6 186.1 185.5 185 184.6 184.6 184.5 184.3 183.7 182.8 181.6 180.3 179 177.7 176.4 175.7 175.4 175.4 175.6 175.5 176.3 177 177.4 178.1 179.5 180.6 180.8 182.6 186.7 187.4 187.9 188.2 183.9 181.3 180 179 178.5 180.7 183.2 184.2 185.3 185 184.2 182.9 182 180.6 179.8 178.4 176.8 175.3 174.6 174.1 173.6 172.2 171 169.7 168.3 164.2 154.7 150.3 157.2 158.3 155.4 153.7 153.3 153 152.5 152.6 152.7 151.8 150.3 150.2 151.2 153.9 156.4 156.1
189.1 187.6 186.6 186.3 185.8 185.1 184.7 184.7 184.6 184.5 184.6 183.6 182.2 180.7 179.6 178.6 177.3 176.1 175.9 175.6 175.3 175.4 175.2 175.7 177.8 178.4 179 180 180.1 179.8 180.3 181.6 181.8 182.7 181.5 179.5 178.5 177.6 176 177.7 180.3 182.8 184.4 184.6 184.3 183.4 183.3 181.3 180.5 179.7 177.9 176 175.2 174.6 174 173 171.9 170.7 169.2 163.6 155.8 150.9 155.8 159.9 157.2 154.1 153.6 153.3 153.1 152.8 152.5 152.4 151.4 150.5 151.1 152.9 155.8 156.9
189.9 187.6 186.7 186.5 186.1 185.6 185.2 184.8 184.7 184.7 184.5 184 182.5 181 179.9 179 178.2 177.1 175.9 175.6 175.4 175.2 175.1 175.1 177.8 178.4 178.2 179.4 179.8 180.3 179.7 179.1 178.2 177.7 177.1 177 176.3 175.7 174.9 175.1 177.3 180 182.8 184 184.3 184.2 183.7 182.2 181.5 181.1 179.4 177.1 175.8 175.3 174.7 173.7 172.4 171.2 168.3 163.3 155.5 152.3 155.9 161.3 159.6 156.6 154.3 153.8 153.6 153.4 153.3 153.6 153.4 151.3 151.4 152.8 155 157.1
190.2 187.7 186.9 186.6 186.3 186 185.5 185.1 184.7 184.5 184.2 184 182.8 181.4 180.7 179.3 178.7 177.5 176 175.7 175.4 175.2 175 174.9 175.3 175.7 177.1 178.7 179.5 180.2 180.9 180.8 179.5 177.3 176.4 174.4 173.6 173.7 173.9 174.2 174.8 177.2 180.4 183.2 184 184 183.8 183.5 183.1 182.2 180.6 178.4 177.3 176.3 175.4 174.2 172.7 170.5 167.2 162.6 155.9 154.1 157.2 161.1 161 158 155.2 154.3 154.2 154.1 154.4 154.6 154.5 153.4 152.3 152.5 153 156.1
189.9 188.9 187.4 186.7 186.6 186.1 185.8 185.3 184.9 184.5 184.3 184 183 181.7 180.7 179.7 179.2 178.2 176.8 176 175.8 175.4 175 174.7 174.5 174.8 176 177.5 178.5 180.1 180.8 181.5 180.1 178.3 176.2 174.6 173.9 172.8 173.2 173.9 173.9 174.4 177.3 180.7 183.5 184.1 183.8 184 184.2 183.4 181.9 180 178.5 177.5 176.3 173.1 169.2 166.1 162.7 158.4 154 156 160.6 163.2 163.4 161.2 158.5 155.2 154.9 155.1 155.5 156 155.9 156.1 154.3 152.8 153 153.1
191.1 190.7 189.1 187.3 186.9 186.8 186.3 185.7 185.3 185 184.7 184.3 183.2 182.2 181 180.2 180.1 179.5 178.1 176.8 176.1 175.8 175.3 175 175 174.4 174.8 177 177.2 179.3 180.9 181.4 181.2 179.7 177 174.7 173.7 172.8 172.8 173.6 174.3 174.3 174.6 177.4 181.1 183.8 184.1 184.4 185.2 183.9 182.3 181.2 179.7 177.1 172.5 168 165 161.8 156.9 152.9 155.3 159.7 163.2 165.7 165.7 164.8 161.9 158.6 155.7 156.3 157 157.6 157.5 157.2 156 153.7 152.9 152
191.7 191.7 190.1 188.3 187.1 187.3 186.9 186.5 185.8 185.5 185.2 184.9 184 182.5 181.5 180.9 180.3 179.9 179.3 177.7 176.4 175.8 175.4 175.3 175 174.7 174.6 175.3 176.1 178.5 180.6 181.6 181.4 180.1 178 175.2 173.9 173.1 172.7 173.1 174 173.7 173.6 174 177.6 181.8 184 185.2 185.2 184.6 183 181.4 177.9 172.7 167.3 162.5 158.4 153.6 154.7 157.8 160.8 163.9 166.3 168 168 167.7 165 161.5 157.2 157.1 158 158.9 159.4 158.5 157.8 155.5 152.7 152.6
191.6 192.4 190.9 189.1 187.5 187.5 187.3 186.8 186.5 186 185.2 184.1 184.4 183.7 182.7 181.5 180.9 180.6 180.3 178.7 177.2 176.1 175.9 175.3 174.8 174.6 174.4 174.9 175.6 177.5 179.2 180.6 181.5 180.9 179.2 177.6 175.5 173.7 172.9 172.8 173.5 172.9 172.9 172.8 173.7 177.8 181.3 183.2 184.8 185.7 184.1 181.2 174.2 167.6 162 156.5 156 156.9 158.7 162.1 166 168.6 170.5 170 168.2 169.5 167.9 163.9 160.4 157.8 158.6 159.5 160.5 159.9 160.2 157.9 155.1 153.4
192.2 192.7 192.4 190.8 188.2 188.2 188.1 187.3 186.8 186.1 185.8 185.6 184.5 183.7 183.1 181.8 181.4 181 180.8 180 177.6 176.7 176.6 175.7 175 174.4 174.5 174.9 175.3 176 178.1 179.8 180.9 181.5 180.2 178.2 176.1 174.5 173.4 173.1 172.7 171.9 172 172.2 172.2 174.3 178.6 181.9 183.9 185.1 183.8 179.3 171.1 163.9 156.9 160.1 162 162.6 166 170.3 172.5 172.5 172.3 171.3 169.6 169.9 170.3 168.4 165.7 159.7 159.2 160.2 161.2 161.5 161.8 160.4 158 154.7
193.3 192.6 193.7 193.1 189.6 188.8 188.7 188 186.8 186.1 185.6 185.2 184.4 183.5 183 182 181.3 180.8 181 180.8 177.5 177.9 177 177 176.1 174.7 174.5 174.8 175.1 175.5 176.6 178.7 180.2 181 181.5 179.6 177.6 175.6 174.3 173.3 172.5 171.8 171.5 171.6 171.5 171.8 174.8 179.5 182.9 184.4 183.4 176.5 167.2 158.3 158.5 167.8 172.5 173.6 175.3 176.1 175.4 173.6 172.7 172.8 171.4 171 172.2 171.4 169.9 164 160.1 160.6 161.6 162.3 162.3 162.3 160.4 157.2
193.6 193 193.3 193.8 191.8 189.6 189.4 189.1 187.4 186.7 186.1 185.4 184.3 183.3 182.7 182.1 181.5 181 180.6 180.7 178.4 178.6 178 176.9 176.3 175.6 174.8 174.9 174.9 175.2 175.6 176.5 178.9 180.4 181.6 181.1 178.9 176.7 174.7 173.8 173 172.1 171.5 171.1 171 171.2 171.9 175.8 179.8 182.8 182.5 174.7 165.1 157.7 163.1 171.4 176.9 178.5 178.9 178.2 177 175.6 174.3 173.6 173.2 171.5 172.4 174.4 173.2 167.7 161.5 161.6 162 162.7 162.9 164 162.2 159.5
