Game/Highland_Data/StreamingAssets/GeoData/Data/ny/NY51.asc
ncols 200
nrows 200
xllcorner 350000
yllcorner 510000
cellsize 50
[rows 105 to 139 of 200, columns 78 to 155 of 200]
296 289.7 284 278.7 272.6 268.7 266 265.4 266.5 266.5 268.4 264.6 260.5 256 251.6 244.3 235.1 226.4 233.6 239.4 243.9 244.9 245.7 250.8 255.2 253.2 249.4 248.1 249.2 248.9 249.3 252 254.2 255.7 258.3 261.2 261.8 261.3 264.9 268.6 264.6 261.2 259 256.9 254.4 252.9 253.2 256.3 256.5 256 257 259.7 262 261.8 265.5 265.9 266.2 271.1 274 275.5 279.6 284.1 288.6 292.7 296.3 298.3 300.7 301.1 300.8 300.2 296.6 295.7 295.4 300.8 302.4 301.3 304.3 309.1
296.3 292 287.8 283.7 276.3 271.4 268.4 268.1 269.5 266.8 267 264.7 260 255.2 249.6 244.1 234.1 227.6 234 240 244.3 244.2 246.1 250.5 254.5 254 248.2 246.8 249.9 248.8 249.3 251.6 253.9 255.3 257.3 259.6 260.4 260 263.7 268.4 264.1 260.9 259 257.1 254.9 253.3 252.6 256.8 257.1 256.1 255.9 258.6 260 261.3 261.6 263.8 265.4 272.6 276.9 274.1 277.2 282.5 284.2 287 290.2 294.4 297.8 298.8 299 298.7 297.8 296.2 298.1 303 304.1 303.5 306.5 311.5
296 292.6 288.9 285.2 277.8 274.2 270.9 270.5 273 271 264.7 262.1 259 253.1 248.1 241.5 236.3 226.3 231.3 239.6 243.1 242.5 245.7 249.9 253.7 253 247.9 245.4 246.4 248.1 248.1 250.6 253.2 254.3 256.2 257.7 258.2 258.7 261.4 267 263.6 261 259.1 256.7 254.9 252.8 251.8 257.2 259.3 253.9 254.7 257.2 259.9 260.7 262.3 261.6 265.5 273.4 278.2 274 276 278.5 283 283.6 286.1 290.2 294.5 295.3 296 296.8 297.8 297.2 298.5 304.1 306.3 305.3 308.9 314.3
296.5 293.3 289.9 286.4 279.2 276.5 273 272.9 274.6 271.8 267 263.2 259.4 254 249.1 239.5 236.5 232.8 229.3 237.2 239.5 240.1 243.6 248.6 253.3 251.3 246.7 243.3 243.6 244.1 248.7 251.1 253.2 254.3 255 255.3 255.4 257.1 259.5 264.9 261.9 259.3 257.7 255.8 253.9 252.1 250.7 256.2 260 255 254.9 255.7 258.2 260.7 261.8 262.4 265.2 273.5 279 273.4 271.8 274.2 277 282.3 284.7 287.7 291.4 292.6 292.4 294 298.1 298 299.7 304.5 308.3 307.8 311.2 317.9
295.8 293.1 290.2 287.1 281 278.9 275.5 274.6 274.6 271.8 268.3 264.4 260 255.7 247.7 245.4 242.3 236.8 228.6 230.8 234.6 238.6 243.4 248.2 252.3 250.1 245.2 241.2 241.2 242.3 246.7 251.4 253.4 254.2 253.9 254.1 253.4 254.1 256.9 261.9 258.6 257.3 255.1 253.5 252.5 250 248.7 255.5 259.5 256.2 254.9 254.4 257.3 260.6 261.4 262 265.4 273.3 279.2 273.3 269.6 271.3 274.2 277.3 281 285.4 288.1 290.7 291.9 293.7 298.6 297.9 301.9 307.5 310.8 311.4 315.2 322
295.1 292 288.8 285.7 283.1 281.7 277.5 274.7 273.8 271.1 268.4 264.5 259.1 251.5 250.9 247.8 242.2 240.8 229.9 229.7 231.4 236.4 241.7 245.9 249.2 247.8 243.7 237 235.5 240.4 244.8 251.2 253.2 253.3 253.4 253.4 251.8 250.5 252.9 257.9 256 258.3 255.2 249.8 247.9 246.1 247.2 254.4 257.5 255.5 255.3 254.5 257.3 258 261.7 261.6 265.5 272.8 279.3 273.2 268.7 269.7 271.4 273.4 276.3 280 286.3 289.7 291.8 293.4 299.1 297.6 303.3 309 312.8 314 317.9 324.7
292.3 289.9 286.5 285.8 286.2 283.8 278.3 275 273.1 271.1 268 265.1 260.6 255.9 252.5 248.7 244 243.4 240.8 232.2 229.7 232.3 237.7 242 244.4 243.9 241.3 234.3 234.9 237.9 242.8 250.2 252.7 253.5 253.1 253.5 250.7 248.4 249.3 253.3 255.2 259.6 258.1 250.7 245.6 243.6 244.7 251.5 254.5 252.5 254.1 254.4 253.9 257 258.9 260.4 264 271.2 278.8 272.7 266.5 267.4 269.7 271.6 273.6 277.9 283.6 288.2 292.5 295 299.2 298 303.9 309.8 314.6 316.3 321 326.6
292.7 291.2 289.9 288.9 289.1 284.5 279.5 275 273.2 272 270.4 266.2 262 257.5 253.6 250.1 246.6 243.7 241.6 235.1 234.5 232.3 230.5 237.5 239.2 238.6 234.9 233.8 233.8 235.2 239.6 246.4 250.8 252.4 252.9 253 250.3 248.4 247.8 250.3 255.3 260.3 259.2 250.6 244.6 243.2 243.8 246.5 250.3 249.8 253.2 253.7 252.5 253.2 255.8 258.9 262.9 267.6 274.4 271.4 264.9 266.1 267.9 272.1 272.4 275.8 281.4 287.1 291.4 295.6 298.4 299.7 306.8 311.8 315.9 318.2 323.1 329.2
297.7 295.5 294.5 293 289.6 284.2 279.4 275.3 275.5 275.2 273.3 268.1 263.2 261 255.1 251.3 248.5 244.5 243 239.4 237.5 235.6 234 232.3 232.9 232.5 233 232.7 233.1 233.3 233.3 242.9 248.2 251 251.8 252.3 249.5 248.3 247.3 248.3 254.8 260.2 259.5 251.6 245 243 243.6 243.6 244.4 247.5 252.7 252.9 251.8 251.4 252.5 255.7 261.2 265.4 273.7 269.4 264.1 268.2 271.4 269.3 271.1 274.6 279.8 285.3 291.6 297.1 298.6 300.5 308.4 313.3 317.3 320.1 326.1 331.6
302.7 301 298.4 295.4 291 284.8 279.9 276.9 277.8 277.9 275.8 270.6 265.7 262.6 260.1 256.4 250.5 246.3 244.2 239.9 241.1 239.7 236.3 237.7 232.1 233.7 236.6 237.1 237.4 237.7 233.7 233.3 245.9 248.6 250.2 250.7 249 247.5 247.5 250.5 254.2 258.9 258.6 252.1 244.5 242.4 242.5 243.9 243.8 245.7 250.7 251.2 250.5 249.7 251.1 253.3 257.4 263.1 267.9 265.5 264.1 269.2 272.6 274.4 271.4 273 277.2 283.8 291.2 298.2 300.6 301.4 308.9 314.4 318.9 321.8 328.3 332.8
305.7 305.3 301.1 296.2 291.8 286.3 282 279.6 280.5 280.8 278.5 273.3 268.2 265 262.1 258.3 254.9 249.9 245.1 242.5 243.2 238.2 240.8 237.8 237.7 239.9 241.1 241 239.3 239.4 240.5 233.6 234 247.4 248.3 248.9 247.1 246.5 246.1 251.3 253.4 257.8 257.9 252.2 243.1 242.2 243.7 246.5 246.5 244 247.6 249 246.7 249 250.2 251.8 255.3 259.8 263.4 263.3 265.9 270.1 273.7 275.5 272.2 272.4 275 281.5 290 297.9 301.6 301.7 309 316.2 319.7 323.6 330.3 334.3
307.2 306.6 301.7 296.4 292 287.6 283.2 281.9 283.3 283.9 282.2 277.2 271.4 268 265.1 259.7 256.1 253.1 249.8 244.3 242.3 240.1 240.2 240 244.5 246.1 246.6 245.9 245.2 245.2 244.4 238.5 233.7 235.6 246 246 244.2 244.4 244.9 251.5 251.4 254.8 256.5 250.8 243.1 241.7 244 247.7 248.9 247.5 244.5 245 245 246 248.3 250.2 253.4 260.6 261.5 262 264.8 269.9 274 275.7 272.7 272 273.1 279.6 288.5 296.6 301.8 301.8 306.2 316.2 321.1 325 332.6 336
307.3 307.5 302.7 296 291.6 287.4 284.1 283.3 285.2 286.7 284.8 281.3 276.6 272 268.3 261.7 258 254.7 250.1 246.6 243.3 241.3 240.2 244.1 246 248.5 250.5 253.5 253.9 248.8 247.4 244.6 234.9 233.3 239.1 242 241.6 241.1 243.8 251.4 250.9 252 253.5 248.8 241.2 246.4 248.2 249.2 249.8 248.6 246.6 244.9 245 245.3 246.1 248.7 251.6 260.4 257.2 260.7 264.1 270.7 275 275.8 272.9 272.3 273.8 277.7 284.9 294.7 301.4 303.4 301.3 315.8 320.4 325.2 332.4 336.7
306 305.5 301.5 295.8 290.8 288 285.2 285.8 286.9 288.5 286.1 283 279.4 275.5 271.4 265.7 260.8 256.7 250.6 246.4 243.3 241.9 241.9 245 247.6 250.6 254 257.7 256.2 252.7 249.6 246.4 237.5 233.8 234.1 240 239 237.9 241.7 249.7 250.6 249.8 249.4 243.9 241.7 248.6 252.3 251.6 250.4 249.6 246.6 245 245.2 245.5 245.9 248 250.6 256 256.8 260.5 263.9 269.8 274.9 275.9 272.8 271.9 273.2 276.2 282.3 291.3 300.2 304.6 301.6 311.9 318.8 324.9 331.5 332.9
304.9 303.6 300.5 294.2 291.4 288.6 287.1 287 288.6 289.7 287.2 284.4 280.8 277 273.8 269.3 263.7 259.2 249.4 250.7 251.8 249 247.3 248.1 251.6 253.5 256.9 261 258.8 254.5 250.6 246.9 238.6 235 233.7 239 238.3 237 241.1 248.1 249.7 247.2 245.7 240.7 244.1 250 254.2 252.6 251.2 250.6 245.5 245 245.4 245.8 246.5 248.3 250.9 254.5 256 258.5 263.3 269.2 274.1 274.9 272.1 271.5 272.2 274.8 281.7 290.1 296.9 302.9 301.1 301.5 315.4 322 329.4 331.6
304.6 302.3 297.2 293.6 290.5 290.6 289.7 288.1 289.3 290.7 287.9 284.6 280.9 278 275.3 270.7 265.5 256.1 262.4 261.1 255.7 253.5 252 250.8 253.5 256.3 259.6 263.2 259.8 253.5 249.7 245.2 239.4 235.3 233.9 236.3 237.7 236.9 239.9 245.9 247.9 244.8 242.7 237.8 244.9 250.3 254.9 254.6 252.5 251.4 247.1 244.8 245.7 246.5 247.4 248.7 250.8 252.8 255.4 256.8 262.5 269.5 273.5 274 271.7 271.3 272.1 274.3 279 287.1 293.8 300 296.9 300.6 304.9 315.3 325 331
306.8 303 299.3 297.6 294.2 294 293.7 289.2 289.5 288.3 285.8 283 280.4 278.3 275.9 271.9 267 259.3 266.7 265.4 259.2 256.2 254.7 253.1 254.3 257 260 259.2 257 252.2 246.8 241.8 237.8 236.9 233.9 234.1 236.7 236.5 237.1 242.8 243.6 242.4 238.8 236.7 244.7 249.5 254.5 253.9 252.2 252.2 248.5 245.2 246 247.1 248.1 249.1 250.7 252.6 256.6 258.3 260.1 267.8 272.7 273.2 271.4 271.4 271.7 273.9 277.4 284.5 289.1 294.5 294.2 298.9 300.2 308 317.9 326.4
309.9 307.9 303.4 301 298.9 297.5 297.2 293.2 289.8 287.1 284.1 281.5 279 277.8 274.9 271.1 265.6 266.9 270.9 268.3 264.6 259.2 257.7 255.9 254.2 255.5 256.3 255.7 253.3 250.1 244.9 238.8 236.7 236.4 235.5 234.4 234.8 235.9 237 239.2 239.2 238.4 236.7 236.2 244 249.1 253.8 253.1 253.1 253.1 248.7 245.8 246.2 247.1 248.1 249.2 250.6 251.7 260.1 256.8 260.6 263.9 270.2 272.1 270.7 271 271.7 273.4 276.6 281.2 286.1 292.8 292.2 290 299.5 302.4 311.2 320.3
314 312.2 309.6 305.4 302.2 300.9 300.1 294.7 289.6 285.4 282.3 279.7 277.9 275.4 272 269 264.9 269.8 273.7 270.5 267.2 262.5 260.7 257.8 253.4 252.7 252.9 252.4 250.3 247.5 244 236.6 238.3 239.7 237.7 236.3 234.8 234.8 235.3 237.1 236.2 235.4 235.2 235.6 241.5 247.9 253.6 252.7 253.3 254.7 251.3 246.1 246.5 247.2 248.1 249.2 251.1 251.2 262.6 257 258 257.3 265.4 271 270.1 271.1 271.7 273.3 275.3 278.7 282.3 288.6 289.9 287.3 295 299.2 306 313.8
317.1 315.9 313.9 310.1 306 304.5 302.2 295.9 289.5 284.1 280.7 278 275.5 271.7 268.1 269.5 271.6 273.8 275.8 272.5 268.9 264.1 261.8 258.1 252.8 250.9 249.7 249 247.2 244.5 240.8 237.5 240.6 240.7 238.5 237.6 236.8 234.9 234.1 234.9 235.4 235.6 235.4 235.8 239.5 245.7 251.4 251.5 253.7 255.3 252.7 246.2 246.6 246.9 247.4 250.1 252.6 254.9 263.9 259.2 261.6 266 265.1 261.7 263.7 270.4 270.8 273.7 275.7 277.2 280.1 284.9 286.2 285.8 288.5 299.4 300 307.9
320.1 319.4 317.6 312.9 308.9 306.2 302.6 295.3 288.9 283.3 278.8 275 272.3 270.5 272.2 274 275.5 275.3 276.4 273.4 269 264.5 261.1 256.9 251.6 246.6 246.4 245.8 244.1 239.3 238.7 238.1 242.7 242 240.4 239.8 239.2 236.6 235.9 235.3 235.2 235.8 236 235.6 238.6 242.4 248.1 250.9 253.5 255.2 252.7 246.7 246.5 247.5 249.3 252.7 253.6 255.7 264.4 258.7 262.6 267.3 268.2 269.1 269.8 268.1 270.4 273.7 275.7 277.4 278.7 283.6 284.7 284.9 285.9 292.9 298.7 303.1
322.7 321.6 319.5 314.5 309.7 306.2 302.1 294.4 288.2 282.8 278.8 274.5 274.1 274.2 276.7 277.8 278.8 276.5 275.6 272 269.4 266.7 262.8 256.9 252.6 247.2 242.1 242.4 240.3 239.3 238.4 240.2 245 244.3 242.5 241.8 242.3 239.9 238.2 237.3 235.9 236.1 236.2 236 238.1 240.4 244.9 250.7 252.3 254.1 251.4 247.1 249.1 251 253.4 254.1 254.2 256.2 265.1 259.7 262.7 268.5 270.1 270.2 271.2 271.6 270 272 273.5 274.7 275.8 277.3 280.4 283.3 284.7 289.6 297.6 298
324.8 323.5 319.4 313.2 308.9 305.6 300.3 293.3 287.6 283.2 281.4 279.5 278 278.3 280.9 282.2 283.2 279.1 276.1 274.9 272 268.6 263.3 258.6 254.4 247.3 241.7 240.8 240.6 239.6 239.2 241.3 245.9 245.9 244.6 244.6 246 245.9 244.1 240.4 237.7 236.1 235.8 235.8 238.3 242 247.3 251.8 253.1 253.8 249.6 248.1 250.4 254.6 257.8 256.1 255.7 257 265.1 262.6 263.8 270 271.5 271.1 271.3 272.5 272.3 274.7 276.5 276.3 279.4 279.5 281.1 280.3 283.2 288.9 294.7 297.7
328.1 323.9 317.7 311.9 308.1 304.1 298.7 293.2 288.4 282.7 284.6 283.5 281.6 281.6 283.7 286.8 286.2 281.9 277.2 276.2 272.8 269.5 264.5 259.3 254.8 249.1 242.2 241.7 240.4 239.7 239.9 242.5 244.9 245.9 245.3 245.8 248.8 248.9 247.2 244 238.4 237.3 236.4 235.9 239.3 243.8 248.7 251.5 253.5 253.5 250.2 249 251.7 256.7 259.6 257.7 257.1 258.1 266.4 264.2 265.1 271 272.8 272 271.6 271.1 272.9 275.7 275.6 279 280.3 282 283.9 283.8 285.6 285.7 286.6 297.3
328.7 322.3 317.9 311.3 307.4 302.5 297 290.9 286.7 287.6 288.2 287.2 285.3 285.4 287.3 290 287.5 283.3 278.1 275.7 272.9 269 265.1 260.6 254.5 248.4 243.2 242.2 241.8 241.5 241.1 243.1 244 245.7 245.8 248.1 250.3 250.9 248.6 245.2 239.3 237.5 239.1 236.2 238.6 244.9 249.7 253 254.1 254.4 251.1 249.8 254.2 258.5 261.1 259.7 259 260.2 266.4 265.6 266.3 272.1 273.7 272.8 272.5 273.9 276.3 274.6 278.9 280.7 281.8 284.5 286.2 287 287.1 291.1 286.6 292.6
328.5 323.6 318.1 311.3 303.1 297.4 293.2 289 289.4 290.3 291.7 290.2 289.8 288.6 290.7 291.5 288.3 284.2 279.6 275.9 271.6 268 264.4 260.8 255.8 246.5 243.9 243.3 245.8 245.2 243 244 244.3 245.1 245.7 247.6 251 252.1 249.4 245.4 239.5 237.9 240.5 236.3 239 245.6 250.7 254 255 256 252.1 251.3 255.7 259.9 261.9 260.4 260 261.9 267.9 267.2 267.9 273.2 273.9 273.1 273.6 275.1 274.2 279.4 280.5 283.5 284.6 287.2 289.1 291 291.1 294.6 299.4 292.1
325.4 320.4 310.7 310.7 308.8 300.9 295.7 292.1 292.4 294.1 295.4 290.8 289.8 290.9 292.3 292.7 288.9 284.8 279.7 274.5 270.2 266.1 262.2 259.1 252.6 246.3 245.1 250 250.3 250.7 249.7 247 246.1 245.1 245.2 245.8 248.8 250.4 249.1 245.3 240 238.6 241.5 238.3 238.3 246 251.2 254.3 255.2 256.5 252.4 252 257.1 260.8 262.2 261.3 261.8 262.9 268.3 266.8 268.7 274.7 275.3 274.3 275.2 274.3 279.6 280.4 283.2 286.5 287.2 290.3 292.2 293.9 295.5 298.4 301.8 302.5
324.7 322.5 321.3 319.5 313.7 306.4 302.3 296.6 295.9 297.8 298.8 292.1 291.9 294.2 292.8 293.7 289.8 285.2 277.8 271.6 267.8 264.5 259.5 254.5 249 253.1 254.9 255.6 254.8 255.1 253.6 251.2 247.3 245.1 245.3 245.4 246.3 247.7 247.8 244.8 240.2 239.9 242.8 240 237 245.6 250.8 253.3 255.4 256.3 252.2 252.9 256.4 260.9 262.3 260.9 262.7 263.5 267.3 267.8 270.1 276 276.7 272.5 278 278.7 281.2 283 286.6 290.3 291.1 295.3 297.2 298.5 298.5 301.4 306.8 306.2
324.6 328.2 327 323.1 319.2 313.4 305.7 300.3 298.9 301.6 300.7 296.3 295.8 297.4 294.8 292.8 290.5 285.8 279.2 271.4 266.7 262.3 256.2 250.9 257.5 259.8 261.9 263 260.7 260.3 260 258.8 251.5 246.3 245.6 245.6 245.3 245 245.1 242.3 240 239.8 242 236.9 238 245 249.7 252.8 255.3 256.2 251.8 252.6 258.5 258.6 260.8 262.3 262.9 264.9 268.5 269.2 272 272.4 276.1 279.2 280.2 283.7 289.1 297.2 299 299.7 297.3 297.5 299.9 301 301.9 305.3 309.4 307.4
327.3 331.3 328.9 324.8 321.3 316.7 309 303.5 302.7 304.2 303.2 301.1 301.1 300.6 297.6 293.9 290.5 285.4 279 272.1 266.8 262.9 253.2 257.8 261.9 265.2 267.1 268.2 267.8 266.1 265.6 262.5 255.7 250.8 247.1 245.9 245.3 243.4 242.1 241.1 240.6 240 237.2 237.4 239.8 244 247.5 251.2 254.1 255.6 251.1 254.1 261.1 261.9 260.3 261.8 263.7 266.1 268.4 271.2 272.5 278.5 279.9 280.6 284.2 283.9 298.8 298.5 299.8 301 299 300.7 303.5 304.6 305.3 307.8 311.1 308.2
334.7 332.8 330.6 325.4 321.5 317.6 312.2 305.4 304.4 306.1 307.4 306.7 305.8 302.9 298.4 295.1 290.6 285 279.3 272.6 267.6 263.6 254.8 259 263.3 267.4 269.5 271.4 273.1 271.5 269.4 265.6 259.5 254.9 249.2 246.8 245.9 243.8 241.9 241.1 240.6 239.3 236.8 237.5 240.3 243.1 245.2 248.8 252.1 253.6 250.5 254.8 261.6 261.8 260.6 261.3 264 266.5 268.7 273.7 275.9 279.8 282.8 285.5 287.5 288.8 292.8 297.4 300.1 304.5 303 304.6 307.2 308.3 308.2 309.6 312.5 308.7
336.7 332.4 329.1 325.6 320.9 317.4 313.2 306.6 305.1 309.6 311.2 309.8 306.4 302.8 297.7 293.6 288.3 283.6 279.3 273.7 268 264 256.8 260.3 265.7 270.1 272 273.9 277 275.8 272.8 268.2 262.2 257.5 251.9 248.5 247.2 243.4 241.8 240.4 239.1 238.1 237.9 238.1 240.2 242.4 244.2 246.6 250.1 252.1 250 255.7 262.8 262.3 261.5 261.5 263.8 267.9 269.3 273.7 276.7 281.6 284.3 286.4 290.2 294.6 297 297 303.9 308.3 307.2 307.6 309.8 310.8 310.6 310.9 313 309.1
338.1 331.6 326.9 323.9 320.3 317.3 313.5 307.6 305.6 311 311.8 308.9 304.6 300.1 295.3 291.6 286.5 281.9 278.2 273.2 268.3 263.6 258.2 268.1 269.1 272.2 274.6 276.3 278.3 277.6 274.5 270.1 266.2 259.3 253.8 250.1 248.9 245.6 240.5 239.3 238.7 238.3 238.3 238 238.7 242.4 243.7 245.6 248.4 249.6 250.1 256.5 262.6 262.6 262 262 264.5 269.4 269.2 274.8 277.9 282.9 286.2 289.2 292.8 297.9 300.7 300.6 307 311.1 310.2 309.5 312.5 312.6 312.2 312.3 312.9 308.7
340.2 333.4 326.7 321.6 318.6 315.7 312.3 309.1 308.4 311.4 311 308.1 304.5 300.1 294.2 289.3 285.3 281.6 276.3 271.8 268.3 259.8 269.4 273.1 273 271.6 275.6 278 279.6 277.6 274.7 271.5 266.7 260.6 258.5 252 249 245.3 242.2 239.4 239 238.9 238.7 238.3 237.9 242.1 243.9 245.5 247.9 248.9 249.9 257.6 262.3 261.9 262 262.4 265.4 270.6 270 276.6 280.5 285.1 288.4 292.3 296.1 301.5 304.4 304.2 310.5 313.9 312.8 312.1 314.2 313.9 313.3 312.7 312.1 308.9
341.8 335 328.2 320.4 316.1 313.8 310.9 308.4 308.5 310.7 310.4 307.3 304.1 300.1 292.8 287.7 283.1 278.7 274.6 269.8 262.2 269.8 273.5 276.7 276.6 273.3 274.4 276.6 278.2 277.3 274 270.3 265.2 262.4 261.7 253.6 248.3 244.4 243.5 241.9 240.3 238.9 238.7 238.4 238.2 239.7 243.6 244.3 246.2 248 249.7 256.9 262.9 262.1 261.7 262.4 267 272 270.9 277.8 281.2 287.1 290.7 294.6 298.9 304.3 307.5 307.6 314.1 317 315.2 314 315.7 315.8 314.7 313.4 310.1 309.8
