Game/Highland_Data/StreamingAssets/GeoData/Data/ny/NY52.asc
ncols 200
nrows 200
xllcorner 350000
yllcorner 520000
cellsize 50
[rows 0 to 34 of 200, columns 78 to 155 of 200]
133.2 133.8 133.2 131.5 130.1 129.3 129.5 130 132.1 134.3 133.3 128.5 121.3 117.6 121.7 122.4 116.5 107.7 116.8 117.2 118.5 119 117.7 119.5 121.8 122.3 122.8 122.5 121.4 121.4 121.1 120.2 119.6 118.7 117 114.1 96.2 95.5 96.8 99.2 100.7 100.1 99.6 99.2 99.2 99 98.6 98 97.7 98.7 99.5 95.5 104.7 114.7 115.9 116.1 116.6 117.1 118.2 119.8 120 122 122.1 122.6 122.6 124.2 127.8 130.8 133.2 134.1 134.1 131.7 129.4 127.4 126.3 123.4 119.3 115
135 135.6 135 133.2 131.5 130.3 130.4 131.1 132.7 134.6 134.2 129.3 122.4 116.2 119.4 115.7 110.8 107.8 108.1 107 105.5 103 104.9 110.5 121.3 122.4 123 122.8 122.3 121.7 121.3 120.3 119.4 118.8 117.8 115.4 97 97.6 95.7 99 100.6 100.4 99.8 99.5 99 99 98.5 98.2 103.6 103.3 107.6 110.9 115.5 117.9 119 118.8 119.6 120.5 121 122 123.3 124.4 124.9 127.2 126.4 126.3 129 131.8 132.7 134.3 134.6 133.6 131 128.8 127.4 124.7 120.8 115.8
136.3 136.8 136.5 134.9 132.8 131.3 130.5 130.2 131.6 133.2 132.1 124.4 119.6 112.5 108.4 105.6 105.5 105.3 105.3 103.5 103.3 105 105 104.1 101.7 120.8 123.2 123 121.9 121.7 121.4 120.2 119 118.3 117.8 108.7 97.2 97.1 98.1 95.7 100.4 100.6 100 99.9 101.6 102.9 101 104 107.8 107.8 107 112.6 116 119.3 121.7 121.6 122.5 123 123.6 124.3 125.4 126.4 128.6 130.1 129.1 128.9 130 132 132.9 134.6 135.3 135.4 133.5 129.9 128.1 126.3 122.4 116.7
137.1 137.9 137.7 136.2 134.4 132.6 131 130 130.4 131.3 121 114.1 108.3 106.1 106.1 105.8 104.6 104.4 103.6 105.5 105.4 105.2 105.1 104.9 103.6 105.9 123 122.7 122.2 121.9 120.8 119.4 118.2 117.8 117.3 116.8 112.2 97.5 98.3 98.2 95.7 101.9 107.1 109.6 109.6 108.5 107.8 107.7 108.8 110.7 108.6 112.2 116.4 119.9 122.9 124.1 124.5 125 125.8 125.9 126.7 127.6 128.7 130.8 130.7 130.6 131.6 132.1 133 134.6 135.8 137 135.4 131.6 128.9 126.1 123.5 118
137.2 138 138.1 137 135.1 133 130.8 128.8 129.3 123.5 112.9 106.8 106.5 106.3 105.2 103.7 103.7 104.7 105.8 105.7 105.4 105.1 104.9 104.9 104.6 101.8 108.8 120.2 122.6 121.5 120.6 119 117.7 116.7 116.2 116.1 114.2 100.7 98.2 98.8 96.8 100.1 112 112.3 110.7 109.7 109.1 109.4 110 112 112.8 110 116.3 120 123.2 125.8 127.4 128.3 128.3 127.1 127.8 128.5 129.5 131 132.3 132 132.4 132.8 133.2 134.2 135.3 137 136.2 133 129.7 126.6 122.5 117.9
136.2 137.1 137.8 137.4 135.6 133.4 130.7 127.9 124.1 114 107 104.8 103.9 103.7 103.8 105.9 106.4 106.2 106.3 105.9 105.9 105.4 104.7 104.1 104.3 103.9 100.9 113.5 122.3 120.9 119.4 117.9 117 116.1 115 115.1 112 100.8 100 98.9 98.4 96.3 109.2 113.2 112.7 111.6 111 111.2 111.2 113.2 114.8 114.9 112.8 119.3 122.9 126.6 128.4 129.9 130.3 129.4 129.5 130.2 131.2 131.1 132.8 133.1 132.8 133.6 133.4 134.2 134.8 136.5 137.5 134.9 131.5 128.4 125.1 120.4
134.7 135.4 136.6 136.7 135.3 133 128.3 121.5 115 106.3 104 106.3 107.1 105.1 105 106.9 106.7 107.1 106.8 106.8 107.1 106.6 105.6 104.9 104.2 103.9 100.6 106.5 121.6 120.5 118.4 116.6 116.1 115.6 114.8 113.7 112.3 102.4 101.2 98.9 99.3 96.4 98.3 113.4 114 113.3 113.2 113.7 113.2 114.4 116.5 118 116.6 116 121.6 126.4 128.6 130.4 131.6 131 131.6 131.8 132.5 132.5 132.9 134.2 133.3 134.1 134.3 133.8 134.6 136.1 137.4 137.7 134.8 131 128.3 125.8
131.7 132.1 132.6 133 133.6 128.5 118.2 108.6 104.5 105.9 107.7 107.5 107 106.2 106.3 107.2 107 106.3 106.4 107.2 107.4 107.1 105.7 104.8 104.5 104.3 103 102.7 120.2 119.8 117.6 115.5 115.7 115.7 115.5 114.8 112.6 101.9 101.5 100.3 99.4 97 99.2 104.2 114.9 114.3 115 115.7 115.9 115.8 118 119.5 119.6 118.1 117.8 124.1 127.6 130 131.6 132 132 132.3 133.1 133.4 133.1 133.8 134.6 135 135.3 134.8 134.6 135.6 137 138.3 138.4 134.6 131.6 127.6
124 123.4 123.1 124 125.9 123 108.1 105.5 107.3 106.9 107.7 107.6 107.1 106.7 107 107.5 106.7 105.7 104.8 106.5 107.1 106.4 105.2 104.9 104.1 104.1 103.4 100.4 105.3 106.2 108.8 111.7 115.3 115.9 115.7 114.9 112.8 103.1 101.7 101.2 99.6 97 98.9 99.2 112.1 115.9 116.3 116.9 118.1 118.3 118.6 120.5 121.5 120.7 119.2 120.5 124.7 128.6 130.9 132.2 132.2 132.2 132.9 133.9 133.6 132.9 134.3 135 135.6 135.7 135.2 135.8 136.7 138.4 139.7 138.2 134.9 130
114 112.5 112.5 114.7 117.5 116.8 104.6 107.8 107.5 107.1 107.5 107.3 106.6 106.3 107.3 107.4 107 106.3 105.6 106.4 106.9 105.8 105.4 105.5 104.4 103.7 103.7 100.4 103.1 103.6 104.7 104.4 104.3 115.2 115.8 115.4 113.9 109.9 102 102.1 99.3 97 97.7 99.5 98.4 116.1 116.8 117.9 119.3 120 120.3 121.3 121.9 122.5 121.4 120.1 122 126.4 129.7 131.8 132 132.5 132.2 133.8 134.2 133.5 133.3 134 135.1 135.6 135.7 135.6 136.4 137.9 139.8 139.6 137.5 133
109.8 110.2 110 110.3 110 104.6 107.6 107.7 107 107.1 107 106.8 107.1 107.2 107.3 107.3 107.3 108.2 107.7 107 106.3 105.6 105.5 105.4 104.7 104.6 103.4 102.1 100.4 102.3 102.9 103 103.2 103.3 112.5 115.8 114.7 112.3 102.4 102 101.4 99.7 97 99.4 99.8 115 117.1 118.4 119.8 121.2 121.8 122.6 123.4 124.6 124.1 123.1 122.2 123.5 127.2 130.4 131.8 132.3 131.9 132.7 133.7 134.1 133.1 132.9 133.9 134.7 135.1 135.6 136.2 137.6 139.1 140.2 138.6 135.4
109.4 109.2 109.5 109.3 108.5 104.8 108 107 107.7 107.8 107.9 108 107.9 107.8 107.7 107.5 107.3 107.1 106.7 106.4 106.3 105.9 105.2 105.5 105.2 104.5 103.7 103.2 102.4 100.4 101.5 102.3 102.9 102.6 102.3 102.9 114.3 111.9 104.9 102.6 101.3 100.3 98 97 99.8 114.2 116.8 118 119.7 121.9 122.9 123.5 124.5 125.6 126.3 125.4 124.4 123.4 124.5 128.2 130.6 132 131.6 131.2 132.6 133.4 132.9 132.5 132.5 133.4 134.2 134.8 135.2 136.3 137.7 139.2 139 137.3
109.4 109.2 109.1 109.2 107.1 105.6 107.9 107.5 107.9 107.6 108.2 108.2 107.9 107.8 107.8 107.7 107.4 107.2 107 106.7 106.4 106 105.8 105.8 105.7 105.4 106.6 108.2 103.1 101.9 100.3 101.5 100.5 100.7 101.5 101 103.6 112 105.5 103.1 102.9 102.3 100.4 98.1 97 110.8 116.2 118.1 119.3 121.2 123.1 124.4 125.2 126.2 127 127.1 126 125.8 125.4 124.1 127.8 130.4 131.3 130.3 131.1 132.4 132.2 132.1 131.7 131.9 132.7 133.5 134.1 135.3 136.7 138 139.1 138.4
109.6 109.3 108.7 108.5 107.2 105.9 107.8 108.3 108.1 108.5 108.4 108.3 108.4 108.1 107.8 107.4 109.5 106.9 107.8 106.3 106 106 105.5 105.4 107.5 111.5 114.6 112.6 114.8 110.3 108 107.3 102.2 101.7 100.7 99.9 99.6 98.9 101.9 102.8 102.2 100.2 100.8 101 100 97.1 106.2 117.1 118.4 120.2 122.7 124.6 125.8 126.9 127.7 127.9 127.9 127.6 127.5 126 124.9 127.3 129.3 129.5 129.7 130.8 132 131.7 131.5 131.5 131.4 131.8 132.4 133.7 135.3 136.7 137.9 137.6
109.7 109.5 109.4 108.5 106.7 106.9 107.9 109.5 108.9 108.8 108.7 108.5 107.9 107.5 107.3 107.5 114.4 109.5 110 110 106.4 106.7 113.6 118.5 117 116.5 115.5 113.4 115.2 114.9 113.6 111.4 109.1 103 102.6 102.3 101.9 101.5 98.9 98.9 101.2 101.3 100.9 100.5 100.6 99.6 97.3 115.1 117.1 119.1 122.1 124.9 126.4 127.9 128.5 128.5 128.5 128.7 128.5 127.3 126.3 126.4 128.2 128.6 129.1 129.8 130.8 131.4 131.3 131.3 131.4 131.6 131.9 132.3 133.5 135.1 136.4 137.4
109.8 109.5 108.5 106.9 106.7 108.5 118 117.2 117.2 117.6 117.6 116.8 111.4 107.9 108.1 109.5 113.1 109.3 109.7 110.9 107.8 113.6 121.1 120.6 118.4 117.1 116.4 114.9 114.5 114.9 114.6 112.6 110.2 109.5 106.9 102.8 102.3 102.1 101 100.7 98.8 99.2 100.9 101.1 100.9 99.6 98.9 113.2 116.3 119 122 124.7 127.2 128.7 129.4 129.2 129.2 129.5 129.5 128.8 128.1 127.7 128.9 129.7 129.4 129.5 130.4 131.2 131.3 131.3 131.4 131.6 131.9 132.2 132.5 133.6 134.6 135.5
114 107.9 106.7 107.5 109.8 118.3 120 120.8 120.5 120.7 119.9 118.5 115.6 110.2 109.8 110.7 110.9 109.4 109.1 108.9 106.5 112.1 119.1 121.2 119.5 117.9 117.2 115.7 115.5 115.3 115.1 113.7 110.9 109.2 107 104.1 102.3 101.9 101.7 101.7 100.9 98.5 100 100.6 100.8 97.8 113.7 113.6 116.9 119.5 122 125 127.5 129.4 130.6 130.4 129.7 130.4 130.7 130.6 129.3 128.4 128.5 130 130.2 130 130.5 131 131.3 131.3 131.4 131.6 131.9 132 132.2 132.7 133.2 134.2
106.7 110.1 113.6 114.7 115.4 117.1 120.3 121.9 122.9 122.9 122.3 121 119.2 111.9 111.1 110.9 110.3 110.4 109.2 107.8 106.8 108.2 113.4 118.5 119.8 118.2 117.5 116.3 115.3 116 114.7 114.5 111.9 109.3 106.6 108 106.7 102.3 101.3 101.3 101.3 100.9 98.3 98 99.1 117.9 118.3 116.5 117 120.7 123.4 125.5 128.1 130.3 131.3 131.8 131.5 131.1 131.5 131 130.1 128.7 127.9 129.3 130.7 130.7 131.2 131.5 131.7 131.8 131.9 131.7 131.3 131.6 132 132.2 132.6 133.3
114.1 115.7 115.8 115.8 115.5 115.1 118.3 121 123 123.3 124.3 123.1 122 117.8 112.6 110.7 111.1 109 109.9 108.2 108.8 109.5 108.3 112.5 117.2 118 117.3 116.3 114.7 115.2 115.7 115.1 113.3 109.4 107.2 109.9 109.6 105.9 102.1 101.2 101.7 108.8 121.6 124.2 123.7 122.9 121.6 119.7 118.6 121.1 124.2 126.4 128.6 130.9 132.5 133.1 132.5 131.3 131.6 131.6 130.8 129.4 128.5 129 130.2 131.3 131.8 132 132.2 132.4 132.6 132.5 132.3 132.1 132.4 132.7 133.1 133.3
115.2 115.9 115.9 116.1 115.6 116.8 117.7 118.2 120.2 122.4 123.7 124.4 124 120.4 115.7 111.1 110.6 109.9 111 107.6 110.4 110.7 108.8 109.5 114.1 116 116.3 115.5 114.8 114.4 115.2 115.1 114.3 109.8 108.4 111 111.1 111.1 111.6 113.1 115.2 121.8 124.9 126 126.2 125.6 124.8 123.2 121.2 121.9 125 127.7 130.2 132 133.4 134.2 133.9 132.6 131.8 132.1 131.4 130.1 129 129 130.1 131.2 132.1 132.7 132.9 133.1 133.3 133.4 133.1 132.6 132.9 133.2 133.6 134
115.9 115.5 115.2 115 114.5 113.6 116.8 116.2 117.3 118.3 120.5 118.8 116.4 114.8 114 113.1 112.2 111.6 111 110.4 110 110.1 109.7 108.9 110.9 113.5 114.8 113.5 113.9 113.2 113.9 114.7 114.8 111.3 109.8 112.5 113.2 113.2 113.6 115.5 117.4 121.5 124.7 127 127.9 127.9 127.2 126.4 124.3 123.4 126.6 129.2 131.1 132.5 133.8 134.3 134.8 133.6 132.5 132.2 131.9 131.1 130.1 129.2 129.5 130.7 132.1 133 133.6 133.7 133.9 133.8 133.8 133 133 133.4 133.7 134.5
115.5 115 114.6 114.1 114.2 113.3 113.1 112.9 113.4 114 114.9 116.9 116.7 115.7 113.3 110.8 110.9 111.1 109.8 108.8 107.9 108.9 111 110 109.2 111.2 112.6 112.7 112.4 112.2 112.1 114.1 114.8 113.5 114.5 114.7 115.8 116.7 117 117.5 117.9 119 122.8 126 128.2 129 129 128.6 127 125.1 126.4 129.4 131.3 132.9 134.9 135 135.5 134.6 134 133.4 132.8 132.3 131.5 130.5 130.2 130.4 131.5 133.2 134.2 134.5 134.6 134.5 134.5 133.6 133 133.3 133.7 134
115.2 115 114.7 114.3 113.8 113.5 113.3 113.1 112.8 112.4 112.2 112.1 112.4 111.5 111.4 112.2 113.9 113.9 113.4 111.6 109 108.4 113 113.6 110.5 109.4 110.5 111.5 111.4 111.9 111.6 112.8 114.7 111.3 113.3 115.8 117.3 118.2 118.9 118.9 119.7 120.2 121.6 125.1 128.2 130.2 130.6 129.9 129.2 128 128.7 130.1 131.8 133.6 134.8 135.4 135.7 135.5 135.2 134.7 134.1 134.1 133.8 132.3 131 130.8 131 133 134.4 135.4 135.7 135.5 135.1 134.2 133.8 133.4 133.7 133.7
115.7 115.1 114.8 114.5 114.3 113.9 113.5 113.3 113 112.6 112.5 112.6 114.4 116 115.9 116 118.2 117.3 114.6 115 112.7 109.4 116 117.9 115.2 113.7 111.2 111.6 113.7 112 111.7 111.6 111.6 111 114.1 117.6 119.7 121 121.9 122.1 122.5 122.8 122.2 124.4 128 130.8 131.8 132.2 131.5 129.8 128.2 130 132.4 134.3 136.3 137.4 137.7 137.6 137.4 136.8 136.9 136.7 135.3 134.5 133.4 132.1 131.8 132.5 134.1 135.8 136.5 136.8 136.5 136 135.2 134.5 133.5 133.2
115.9 115.4 115 114.9 114.8 114.4 113.9 113.5 113.1 112.9 113 113.7 115.2 116.9 117.4 117.1 118.7 119.3 117.4 116.7 115.4 109.5 115.9 120.2 119.2 118.4 117.9 114 115.5 114.8 113.7 112 111.3 112.3 115.6 118.9 121.7 123.7 125 125.6 126.7 125.9 124.8 124.2 126.8 130.4 132.5 133.5 133.6 132.2 130.2 130.4 132.7 135 136.9 138.3 139 139 139 138.9 139 139 135.1 136.7 135.7 134.3 133.1 132.9 133.9 136.1 137.3 137.5 138.4 138.4 137.4 136 134.7 133.1
116 115.7 115.9 116 115.9 115.5 115 114.4 113.9 113.8 113.9 114.2 115.5 117.4 118.3 118.5 119.8 120.2 119.3 118.1 118.7 110.7 113.3 121.2 121.7 121.6 120.6 118.1 117.3 117.6 117.1 115.1 113 112.1 116.2 120.1 123.3 125.5 127.3 128.3 129.5 129.3 129.3 127.9 126.7 129.1 132.2 134.4 135 134.1 132.7 131 132.8 135.4 137.4 138.7 139.8 140.4 141 140.9 141.1 141.2 140.8 139.4 138.3 137.1 135.8 134.5 134.4 135.6 137.1 138.2 139.3 139.6 138.9 137.3 135.5 133.8
116 115.7 116.5 117.2 117.1 116.7 116.3 115.7 115.2 115.1 115.3 115.2 116.1 118.1 118.9 119.6 120.8 121.1 120 120 118.7 111.4 110.8 116 122.2 122.8 122.6 121.5 118.5 119.7 119.5 117.8 115.4 113.1 115.9 120.4 124.3 126.8 129.2 130.2 130.5 130.3 130.7 129.9 128.1 128.3 131.3 134.2 136.1 136.2 135.3 133.4 132.9 135.7 137.5 139.4 140.5 141.5 142.7 142.7 143.1 143 146 142.4 141.5 140.3 139.1 137.9 136.3 135.4 137.7 139.6 140.4 140.6 140.4 139.2 137.2 135.1
116 115.8 116.3 116.9 118.4 118.5 118 117.2 116.8 116.5 116.6 116.8 117.7 119.3 120.7 121.3 121.8 121.9 122.1 122.1 121 114.2 110.6 110.9 114.6 122.6 123.1 123 121.2 121.1 121.4 120 117.6 112.8 112.3 119.8 123.8 127.2 129.7 131.8 133.7 134.7 134.4 133.3 131.4 129.6 130.7 133.5 136 137.8 137.8 135.8 134.7 135.7 138.4 140.1 141.7 143 144.4 145.1 145.3 145.1 148.2 145.1 144.4 143.4 142.5 141.2 139.3 138.2 138.4 140.2 141.5 141.6 141.6 140.6 139 136.9
115.9 115.5 115.8 116.5 118.4 119.4 119.8 118.9 118.4 117.7 117.6 118.4 119.4 121.2 122.5 122.6 122.5 123 124 124.4 122.3 116 110.4 110 111.2 117.5 123.3 122 122.9 121.8 122.2 121.4 118.9 114.4 111.6 117.8 122.5 126.3 129.8 132.2 134.3 136.3 136.6 136.2 134.8 133.3 131.9 133.4 135.4 138.1 139.1 138.5 136.6 136.9 139.3 140.7 142.3 144.2 145.8 147.4 147.7 147.7 149.5 147.8 147.6 146.5 146 145.3 143.5 141.3 140.6 141 142.3 142.7 142.8 142.2 140.9 138.6
116.2 115.3 115.4 116.3 118.2 119.8 120.4 120.5 119.7 119.1 118.9 119.1 120.5 122.9 124.2 124 123.6 124 125.4 126.1 124.6 121.5 111.6 109.8 110.5 113.2 116.6 122.8 123 122.6 122 121.9 119.5 114.9 112 114.8 120.6 124.5 128.3 131.7 134.3 136.6 138.3 138.4 137.6 136.2 135.1 134.2 135 137.9 140.1 140.4 139 139 141 142.2 143.8 145.5 147.3 149 149.7 149.5 150.4 151.4 150.6 149.6 149.2 148.6 147.2 145.3 143.9 143 143.1 143.5 143.7 143.5 142.6 140.5
116.6 115.7 115.4 115.9 117.4 119 120.1 121.2 121.2 120.7 120.4 120.1 121.4 123.6 125.3 125.4 124.9 125 125.9 127.1 126.3 125.1 117.5 109.9 109.9 111.3 114.1 118.8 120.7 119.4 120.7 120.8 119.2 114.3 112.9 113.5 116.8 122 125.9 129.5 132.9 135.9 137.8 139.9 139.8 138.4 137.6 136.7 135.4 137.4 140.2 142.2 141.4 141.9 142.8 143.6 145.3 146.9 148.7 150.5 152.1 152.1 152.3 155.8 153.2 152.8 152 151.4 150.7 149.7 148.3 146.7 145.4 144.8 144.9 144.7 144.5 142.8
117.8 116.7 115.7 116.1 116.5 118 119.3 121 122 122.3 121.9 121.6 122.2 124 126.1 126.8 126.7 126.6 126.5 127.9 127.5 127.5 119.2 110.4 110.3 110.3 115.2 117.4 117.5 117.5 118 118.4 118.1 116 114.4 113.9 114.9 118 123.3 127 131 134.9 137.4 139.7 141.2 140.8 140 139.2 137.8 137 139.7 142.8 143.5 144.1 145 145.9 147.3 148.6 150.5 153.2 154.5 155.2 155 157.5 155.6 155.5 154.8 154.3 153.7 153.4 152.3 150.4 148.5 147.5 146.6 146 145.9 144.7
119.6 117.8 116.7 116.3 116.6 117.1 119.1 120.9 122.1 123.4 123.4 123.2 123.6 124.6 126.1 127.4 128.2 128.2 126.7 128.6 129 128.9 124.8 116 112.3 110.7 112.6 116.6 115.9 117.3 117.3 117.6 116.4 117.3 116.5 113.9 115 116.5 119 124.8 129.2 133.2 136.4 139.2 141.3 142.1 141.6 141 140 138.7 139.8 143.3 145.2 146 146.9 148.5 149.8 151.1 152.8 154.8 157.3 158.5 158.2 158.3 158.2 157.9 157.7 157.4 157.2 156.8 156.1 154.2 152.2 150.4 148.8 148.1 147.5 146.5
121.7 119.3 117.6 116.9 117.1 117.2 118.9 120.9 122.4 123.6 124.2 124.7 124.8 125.8 126.5 127.6 128.4 128.1 127.1 128.2 129.2 129.7 128.1 122.9 118 113.7 111.4 113.4 118 117.9 117.5 117.5 117.7 117.5 116.7 114.4 115.6 116.4 117.4 119.9 126.3 131.2 134.3 137.5 140.5 142.5 143.2 142.8 142 141 140.2 143.7 146.1 147.8 148.9 151.1 152.5 153.9 155.4 157 159.4 161.4 161.5 160.9 160.5 160.4 160.2 160.2 160.3 159.9 159.8 158.2 156.5 154.2 151.8 150.1 149.1 147.4
124.5 121.8 119.3 117.9 117.6 117.6 118.5 120.6 122.4 123.8 124.8 126 126.1 126.4 127 127.8 128.5 128.4 127.5 127.4 128.5 129.4 129.3 126 118.2 119.8 111.4 113.7 118.8 119.2 118.2 117.8 117.8 117.9 116.4 115.1 115.5 116.2 117.2 118.4 122.5 128.3 132.3 135.6 138.9 142 143.8 144.2 144.1 143.2 142.2 143.6 146.7 148.6 150.9 153.2 155.2 156.7 158.6 159.7 161.7 163.5 165.7 164.7 164.6 163.7 163.4 163.3 163.2 163 162.8 162.2 160.9 158.6 156.3 153.5 151.5 149
