Game/Highland_Data/StreamingAssets/GeoData/Data/ny/NY53.asc
ncols 200
nrows 200
xllcorner 350000
yllcorner 530000
cellsize 50
[rows 140 to 174 of 200, columns 0 to 79 of 200]
166.1 163.3 168.9 169.7 173.9 180.8 182.9 179.2 178.9 182.1 183.3 182.6 183.5 181.4 183.3 185.6 187.9 189 188.9 187.1 191 192.5 192 189.2 187.3 186.1 184.8 185.3 187.4 189.3 190.7 191.9 192.5 194.2 196.8 199.8 200.4 199 200.7 202.6 206 208.1 210.6 213.4 218.9 222.7 226.3 228.3 228.9 229 230.1 230 228.8 227.3 224.3 217.9 218.6 218.4 218.4 218.8 213.6 211.3 209.6 206.8 204 200 196.1 192.1 188.7 185.6 183.2 181.3 180.5 180.6 180.6 180.5 179.5 178.5 176.8 174.8
166.4 163.9 168.6 171.9 176.4 181.3 183.7 179.2 181 184 184.5 184.7 186.1 185 183.8 187.5 191 192 192 190.7 192.2 195.4 195.6 194.3 191.9 190.1 189.3 187.5 188.8 192.3 193.3 193.8 194.9 196 197.3 199.8 201.8 201.5 202.3 202.2 202.9 205.4 208.3 211.2 213.8 218.4 222 225.2 226.6 227 228.1 227.5 226 225.6 223.7 219.5 218 218.1 218.4 218.1 217.4 215 212.2 211.2 207.6 203.3 199.3 195.5 191.7 188.6 185.6 182.2 180.1 179.2 177.6 177.8 177.5 176.6 175.1 172.9
167 163.1 168.3 174 177.3 181.3 184.1 182.1 181 185.7 186 186.6 187.8 188.8 187.6 187.4 193 195 194.4 194.1 194.4 196.8 199.1 198.7 196.8 195.2 193.4 192.2 191.4 194.3 197.3 197.9 198.8 200 200.5 202.1 202.7 203.3 203.7 204.6 205 205.2 207 210 212.3 215.6 219.7 224.1 226.8 227.6 228.4 227.2 225 224.1 223.3 221.9 218.9 218.1 218.4 219.7 220.3 219 215.9 215.3 211.2 207.1 202.6 199.2 195.3 191.9 188.9 185.5 181.8 179.2 176.9 174.6 174.8 174.1 172.6 170.5
165.5 164.2 166.7 174.1 177.2 181.8 184.7 185.9 181.8 186.7 186.7 188.7 189.8 190.7 190.8 189.4 194.5 198.2 197.6 196.5 196.8 198.6 201.6 202.8 201.9 199.8 197.9 198.3 200.6 202.3 200.9 202.2 203.5 204.6 204.6 204.7 205.3 206.6 207.6 208.1 208.8 208.9 208.8 211.1 212.6 214.7 218.3 222.3 226.5 228.8 229.2 229 227.7 226.1 224.6 223.5 221.3 219.4 219.9 220.8 221.8 222 220.6 218.5 215.3 211.2 206.7 203.3 198.5 194.7 191.9 188.3 184.5 181.2 178.3 175.4 172.4 170.1 169.1 167.6
164 166.1 165.2 173.5 178.5 182.4 185.3 187.8 185.9 185.4 189.4 190.6 191.4 192.2 193.5 192.8 194.9 200.2 200.9 200.3 199.5 199.8 202.6 205.5 205.6 204.4 202.6 203.1 203 203.9 203 206.1 207.7 209.3 210 210.4 210.2 210.5 211.9 212.9 213.5 213.3 212.6 213.3 214.8 216 217.8 221 225 229.2 230 229.8 229.1 228.4 227.3 226 223.8 222 221.6 221.4 222.4 224 223.7 222.7 219 215.6 209.8 206.7 201.7 198 194 191.6 187.6 184.2 180.8 177 173.9 170.4 168.2 167.3
164.1 166.4 166.1 172.6 181.2 182.6 186 188.1 188.6 185.5 191.8 191.6 192.2 193.5 194.9 195.5 197.9 200.8 203 203.2 202.4 201.9 204.2 207.9 209.2 209.1 206.6 203.9 203.9 203.5 206.3 208.9 211.1 213.5 215.4 216.3 215.6 215.4 216.8 217.5 217.7 217.5 216.8 216.8 217.4 218.5 219.6 220.9 223.9 228 230.6 230.7 229.6 229 228.3 227.4 226.1 224.8 223.1 222.1 222.4 224.4 226.8 226.9 224.7 220.1 212.8 208.2 203.3 200.5 197.2 193.6 190.7 187.1 183.3 179 175.6 171.9 169.1 168.7
163.9 165.4 165.4 170.4 180.4 183.7 186.7 188.1 186.5 187 190.9 192.7 193.4 194.6 196 196.2 199.5 202.3 204.9 206.5 205.6 204.1 206.1 208.7 211.6 212.4 211.2 208.7 207.5 207.1 209 211.9 215 217.5 219.5 220.8 222.1 221.3 221.8 222.7 223.7 223.4 222.7 221.8 221.6 222.4 223 223.1 224.3 226.6 230 231.1 230.2 229.5 228.6 228.1 228 226.6 225.1 223.2 222 223.8 226.5 228.3 226.1 221.4 215.2 209.9 205.7 202.6 199 196 192.9 189.6 185.8 181.4 177.9 172.6 170.7 169.7
162.6 163.9 164.5 171.7 182.6 185 187.7 187.6 188.7 190.8 191.2 193.7 194.4 195.7 196.5 197.7 199.4 202.8 206.1 208.6 208.9 207.1 207 209.5 212 214.3 214.2 212.8 211.2 210.1 209.4 214.2 216.9 219.9 223.2 225.4 228.2 228.8 227.4 227.7 229.8 229.9 229.5 228.2 227 226.3 226.3 226.4 227.1 227.6 228.2 230 230.3 230.5 229.8 229.3 228.8 227.5 225.6 223.7 222.7 222.6 224.6 227 224.3 220.8 216.5 212.3 207.9 204.1 200 197.5 194.6 191.2 187.9 184.5 177.1 175.2 174.9 172.5
161.4 162.8 164.5 173.1 180.3 184.6 187.9 187.7 189.2 192.2 194.5 193.7 195.6 196.7 198 198.8 199.2 202.5 206.5 209.7 211.3 210.5 209.4 210.6 213.3 215.8 215.2 215.1 214.3 213.9 211.1 215.8 219 222.2 226.1 229.2 232.2 234 234 234.7 235.3 235.7 235.6 235.1 233.3 231.2 230.3 230.1 230.9 229.6 229 229.2 229.9 230.8 230.8 230.2 229.7 228.6 226.5 225 223.6 222.2 222.1 223.8 223.2 219.8 216.2 212.2 208.7 205.6 201 198.2 195.2 192.4 188.3 181 179.3 180.3 178.2 173.2
160.4 161.9 163.5 171.2 178.4 184 188 188.7 190.2 193.2 195.1 194.8 196.2 197.3 198.9 200.2 201.9 202.9 206.6 210.1 212.9 212.9 212.4 213.5 214.2 216.5 217.2 217.6 216.8 216.5 213.8 216.6 220.3 223.5 227.8 231.3 235.1 238.5 240.2 240.4 240.7 241.2 241.2 240.4 239.2 237.1 234.7 234 233.4 232.4 231.2 230.5 230.4 230.9 230.9 231 230.2 229.5 227.8 226.9 225.1 222.4 220.2 220 220.9 219.4 216.2 212.2 208.1 205.5 201.8 198.1 195.4 193.1 185.8 187.3 186.4 184.4 178.8 176
158.9 161.7 163.2 169.1 177.9 182.4 188.2 190.2 191.2 193.3 195.5 196.9 198.1 198.3 199.9 201.1 203.7 203.2 206.7 210.4 213.3 214.7 214.3 215.5 215.7 216.6 218.9 219.5 218.9 218.5 217.6 216.6 220.8 224.4 228.8 233.3 237.1 241 243.2 244.8 245.3 244.9 244.7 245.3 244.4 241.7 239.4 238 236.7 235.3 233.9 232.7 233.1 232.5 232.6 232.6 232.3 230.6 229.7 228.9 226.9 223.6 220.2 217.6 217.2 215.9 214.7 211.4 207.2 205.4 201.2 197.7 195.4 190.7 191.7 191.1 189.4 185 181.3 180.6
154.1 161.2 163.3 167.6 175 180.5 185.9 189.9 191 192.9 195.3 197.6 198.8 199.6 200.7 202.6 204.1 205.1 206.6 209.6 214 217.1 217.9 217.6 217.4 217.5 219.7 220.7 220.8 220.3 219.7 217.5 221.8 225.1 229.7 234.6 238.7 242.5 246 248.3 249.3 249.4 248.2 247.7 248.1 246.3 244.3 241.3 239.6 238.6 237.7 236 234.9 234.9 234.1 233.7 233.1 232.2 231.3 230.9 228.4 224.5 219.7 216.8 215.2 214.4 212.2 209.4 205.9 203.4 200.1 197.8 193.3 193.8 193.9 192.8 190.7 186.2 185.7 184.8
147.7 156.6 163 164 173.6 179.6 183.6 189.4 191.7 193.8 195.3 197.9 200.1 201 201.9 203.3 204.9 206 205.7 209 213.8 218.1 219.6 219.5 219.8 219.1 219.5 221.9 222.4 222.5 221.7 220.5 222.3 225.3 229.6 234.4 239.2 243.2 247.6 250.9 253 252.3 250.8 249.5 249.3 248.7 246.6 244.2 242.2 240.3 239.5 238.1 237.2 236.1 235.2 233.5 232.2 231.4 230.5 230.1 228.3 225 220.1 216.9 215.1 212.9 211.2 208.6 205.4 202.3 199.8 197.6 196.5 196.7 195.6 194 190.8 190.7 189.8 188
145.2 153.6 159.8 161.9 169.9 178.3 183 188.1 192 193.4 195.6 198.1 201.3 202.8 203.6 204.6 206.1 207.4 208.6 208.3 213.6 217.9 220.4 221.2 221.4 220.4 220.4 221.9 224.1 224.1 224.1 222.9 222.9 225.9 229.1 234 239.3 243.4 247.4 251.2 254.6 254.4 252.7 250.3 249.7 248.6 247.5 246 243.9 241.2 240.2 238.8 237.5 236.4 235.9 234.2 232.7 230.9 229.6 228.3 227 224.3 219.8 217 214.5 212.6 210.5 208 205.6 203.7 201.5 199.6 200.2 198.5 197.3 195.3 193.6 194.4 192.1 190.3
143 146.6 157.5 161.1 168.7 174.9 182 186.5 190.9 192.5 196.3 199 201.8 204.4 205 206 207.8 208.3 210.6 208.5 213.3 217.3 221.1 222.8 222.9 222.4 222.5 222.6 224.6 226 225.7 224.7 223.8 226.3 228.9 233.2 238 242.9 247.5 251.6 255 256.2 254.1 251.6 249.4 248 246.9 246.5 245 242.5 240.2 239 237.7 237.1 235.6 234.5 233.7 231 229.1 228.3 226.4 224.5 220.6 217.7 214.7 212.4 211.2 209.2 207.3 204.4 201.8 201.2 201.6 200 199 196.2 196.9 196.6 195 193
143 143.7 150.2 160.2 166.5 172.9 178.7 184.6 189.1 192.5 194.7 199.1 201.6 205 206.4 207.3 208.9 209.7 211.4 210.5 213.6 217.3 220.6 223.5 224.4 224.5 223.7 223.9 225 226.8 227.3 226.6 225.7 227.1 228.9 232.1 237 241.9 247.4 251.4 254.1 255.8 254.6 251.8 249.4 247.5 246.6 245.8 245.8 244.8 242.3 240.2 238.9 237.8 236.3 234.2 232.8 231.9 225.6 228.3 227.4 225.2 222 218.6 215.8 213.7 212.4 210 207.3 205.2 204.1 203.3 202.7 201.9 200.8 197.4 199.1 199 197.4 195.8
142.9 143.3 148.5 157.3 165.3 171.3 176.5 182.8 186.8 191.4 195.4 199.9 201.6 204.7 207.8 209.1 209.8 211 212.3 213.8 213.5 217.4 221.1 224 225.2 225.5 225.3 224.8 225.9 227.8 228.6 227.9 227.1 227.9 229.5 231.5 235.6 240.8 244.9 249.7 254 256.1 254.9 252.6 250.6 249.5 248.9 247.5 247 245.9 243.9 241.9 240.5 239 236.7 234.5 232.7 231.4 230 228.6 227.2 225.4 223.6 221.5 218.7 215.6 213 210.7 208.6 208.1 206.3 205 205.2 204.5 203.3 199.3 201.4 201.2 200.8 198.7
142.5 142.7 147.7 154 162.7 169.1 174.5 179.8 185.7 190.6 196 199.7 202.1 205.8 208.6 210.4 210.3 212.2 213.2 215.5 213.4 218.6 221.1 223.9 226 226.9 226.9 226.1 226.6 227.5 229.7 229 228.1 228.6 229.9 231.7 234.4 238.6 242.4 248.9 254 256.4 256.4 254.5 253.6 252.9 252.2 250.9 249.6 247 245.1 243.8 242.6 240.8 238.6 236.3 234.1 231.9 230.4 228.7 226.9 225.3 223.8 221.8 219.3 216.2 213.8 211.9 210.7 209.8 208.1 206.6 205.6 205.7 204.3 200.7 204.1 203.6 203.1 202.1
142.4 142.8 145.9 150.5 158.5 166.1 172.2 178.2 184.5 188.9 195.4 200.1 203.7 205.5 208.6 211.2 211 212.6 213.2 215.2 214.1 218.8 221.3 224 225.9 227.3 228.1 227.5 227.3 227.7 229.7 229.9 229.1 229.6 229.8 231.2 233.5 236.3 240.5 246.9 253 255.8 256.7 257.6 257.1 256.9 256.4 254.9 253 250.4 247.9 245.9 245 243.5 241.8 238.9 236.8 234.2 230.8 230.4 228 225.4 222.6 221.1 218.6 217.1 214.5 212.3 211.2 210.6 210.3 208.4 206.5 205.2 204 205.4 205.8 204.7 206.5 205
142 142.6 142.9 147 154.4 162.4 169.8 176.2 181.9 187.8 192.2 197.7 202.8 205.8 208.8 211.7 213.1 213.5 214 214.4 217.1 219.6 221.7 223.7 225.7 227.4 228.3 228.5 228 228.3 229.9 230.5 230.1 229.9 230.2 230.8 232.9 234.9 238.7 242.2 248.4 255.1 257 259.4 260.9 260.9 260.1 258.8 256.9 254.2 252.1 249.9 248.5 246.8 244.7 242.8 240.4 236.6 234.2 231.1 228.6 226.2 223.9 221.6 220.6 218.3 215 212.9 211.9 211.3 210.7 209.3 207.6 205.9 204.4 206.4 207.1 206 207 207.4
141.9 143.4 142.5 144.3 148.9 159.7 169.2 172.3 179 185.3 190.3 194.9 201.1 206.1 208.3 211.9 213 214.2 214.7 214.6 216.6 219.1 221.4 222.9 224.9 226.4 228.1 229.2 227.9 228.4 229.8 230.8 230.5 229.9 229.7 230.8 232.7 234.4 236.3 239 244 250.7 257.3 262.4 265.2 264.7 264.5 263.4 260.7 258.6 256.4 253.6 251.9 249.7 247.5 245.6 243.8 240.2 237.3 233.8 230.8 228 225.5 223.4 221.5 219.5 217.1 214.1 212.4 211.3 210.1 209 207.3 206.5 206.3 207.2 208.4 207.7 207.1 209.3
141.7 141.8 142.4 144.3 145.6 155 167.1 171.6 176.2 182.1 188.5 194.9 200.2 206.6 208.8 210.5 213.6 214.8 214.9 214.9 215.5 216.8 219.6 221.6 223.4 225.3 226.8 227.7 228.2 228.1 228.9 230.3 231.3 230.4 230.1 231.3 233 234 234.8 237.7 242.3 248.2 257.4 263.8 268.1 268.4 269.1 267.6 265.5 262.8 260.6 257.3 254.7 252.6 250.5 248.4 246.5 243.3 240.7 237.2 233.8 230.8 228.5 226.7 224.7 221.6 219.6 216.8 214 212.1 210.8 209.2 208.1 207.2 207 207.7 209.4 209.3 207.3 208.3
141.6 141.7 141.9 142.5 143.9 146.4 156.1 165.4 172.2 178.7 185.4 192 199.1 205.5 209.9 211 212.4 214.4 214.8 214.5 214.2 214.8 216.8 219.3 220.3 222.2 223.8 225.6 226.9 227.5 228 229.3 230.8 231.5 230.5 231.1 232.2 234 235.9 237.6 240.1 246.4 255.7 263.1 268.4 270.4 271.5 271.6 269.7 267.6 264.1 260.8 257.7 255.1 253 251 249 247.3 245.1 241.4 238.5 235 232.2 229.9 227.7 224.9 221.8 218.9 216.4 214 211.9 210.1 208.5 208.1 208.2 208.5 210.3 211.1 208.7 208.2
141.6 141.7 141.9 143.3 143.9 144.2 149.5 160.3 166.8 173.8 181.1 188.4 195.7 202.2 207.7 211.1 211.8 213.5 213.3 213.4 213 212.6 213.3 215.5 216.9 218.4 220.9 222.7 224.4 225.7 226.4 228.1 229.7 230.6 231.1 231.1 231.8 234.2 236.2 237.1 239.6 243.6 252.2 262.2 266.3 269.1 271.7 271.6 271 269.7 266 262.7 260.1 257.6 255.6 253.5 251.7 250.3 247.6 244.6 241.5 238.5 235.8 232.4 228.8 225.8 222.7 219.7 218.5 216.4 214 212.2 210.6 209.9 209.4 209.1 210.7 213.3 211.7 209
141.6 141.7 141.7 142.3 142.8 143.3 145.5 153.8 163.7 169.6 176.6 184.2 192.4 199 205.7 209.3 211.6 211 211.7 211.3 210.9 210.5 210.3 211.3 213.3 214.7 216.4 218.9 221.5 224.2 224.8 226.5 228.5 229.9 231.6 232.1 232.3 234.9 237 238.3 239.7 242.4 249.9 260.2 264.6 267.9 270.9 271.8 271 269.3 266.7 264.1 262.3 259.9 258 256.1 254.5 252.7 249.1 246.3 243.4 240.5 237.4 232.7 229.4 226.1 223.1 220.5 219.2 217.8 216 214.4 213.1 211.5 210.9 209.9 210.8 214.2 213.5 209.7
141.5 141.5 141.5 141.9 142.4 143.6 144.3 148 158.2 163.9 172.1 179.6 187.5 194.9 200.7 205.4 208.9 209.4 209.1 209 208.8 208.2 207 206.9 207.9 209.5 211.6 213.9 217.5 219.5 221.1 224 227.3 229.4 231.8 233.6 233.6 235.7 238.5 240.1 241.4 243.3 246.9 255.3 263.2 266.9 269.2 270.2 270.2 268.8 267.9 265.6 264.1 262.2 260.3 258.4 256.2 254.5 251 247.7 244.9 241.6 237.4 233.2 230.2 227.1 223.4 221.5 220.1 218.7 217.3 217.4 215.5 213.7 212.7 211.6 211.1 212.1 212.4 209.6
141.3 141.3 141.5 142 142.5 143.3 143.9 144.6 149.5 159.3 166 173.9 180.7 188.3 194.3 200.6 205 205.3 205.9 206.1 205.8 205.1 204 203.6 203.9 204.5 206.6 209.8 212 215 217.6 221.1 225.6 228.6 232.7 235.2 234.5 236.8 239.6 241.8 244.1 245.5 249.1 253.7 260.8 265.5 268.1 268.8 269.3 269.8 268.7 267.2 265.8 264.4 262.4 260.5 258.6 256 253.5 250 246.5 243.6 239.8 236.3 232.3 228.4 227.1 223 220.9 219.5 219.2 219.4 217.6 216.3 215.1 213.9 212.2 210.2 209.3 207.7
141.3 141.3 141.3 141.8 142.3 142.5 143.5 145.9 146.7 151.2 159.1 167.5 174.3 182 188.7 194.1 198 201.1 201.7 201.8 201.7 201.3 200.8 200.4 200.5 201.6 202.5 206.2 210.8 212.7 215.5 218.6 222.9 225.9 230 233.5 235.1 236.6 241.3 244.5 248.1 249 250.7 255.4 260.5 263.9 267 268 269.9 270.5 270 269.3 267.9 266.2 264.3 262.4 261.2 258.7 255.8 252.6 249.1 246 242.7 239.5 235.7 231.5 228.5 226.1 223.7 221.3 220.4 220.2 219.4 217.6 217.7 216.5 214 211.8 209.5 207.1
141.4 141.5 141.4 141.5 141.8 142.4 143.6 146.7 148.2 148.9 154.9 160.4 166.8 172.1 179.9 186.3 191.2 195.1 196.7 197.4 197.3 197.4 198.3 198.4 198 198.9 200 202.7 206.8 209.8 212.9 216 220.3 225.8 229.9 232.5 234.9 237.1 242.5 247.2 251.7 253.4 255.5 259.2 261.7 262.3 265.7 268 270.2 271.5 272.3 271.5 269.7 267.7 266.1 264.6 262.9 260.8 258.3 255.4 251.8 248 244.9 242.3 239.3 236.8 233.4 229.8 227.7 225.1 222.7 221.8 220.8 219.5 220 220.5 218.4 216 212.4 208.8
141.7 141.6 141.4 141.5 141.6 141.8 142.6 144.3 148.7 148.3 151.5 156.8 159.8 165.2 169.9 177.2 181.8 187 189.5 190.3 192.5 192.7 194.5 195.4 195.9 197.9 198.9 200.6 203.5 206.9 209.3 214.5 219.2 225.4 230.4 236.4 237.9 237.7 241.2 249.6 254.7 258.3 261.6 263 264.5 265.7 267.4 269 271.5 272.7 273.5 273.7 272 269.4 268.2 266.6 264.7 263.1 261 258.5 254.9 251.4 248.2 245.1 242.2 239.6 235.9 233.6 231.4 228.7 226.2 223.5 222.4 221.9 221.2 223.6 223 220.7 217.3 213.2
141.9 141.7 141.5 141.4 141.6 142.1 142.6 142.7 144.8 148.7 151.3 153.9 155.4 156.9 163.7 167.6 173.1 177.8 181.6 183.9 187.2 188.9 190.7 192.4 194.4 197.1 197.1 199.6 201.1 204.2 206.7 209.5 217.5 222.7 228.1 234.1 236.1 239 243.7 250.8 259.3 264.5 269 268.1 268.7 269.2 269.9 270.2 272 273.3 273.9 274.5 273.2 271 270 268.4 266.9 265.6 263.8 261.4 258.4 254.9 251.6 248 244.8 242 239.2 235.1 233.4 231.7 229.1 226.1 224.6 223.9 223.3 224.3 224.3 223 220.7 217.4
141.8 141.8 141.9 141.9 142.6 143.7 144.7 142.4 144.5 146 149.6 153.1 155.9 155.8 156.2 158.8 165.6 169.8 173.3 176.3 181 184.7 186.4 189.1 192.2 194.1 195.8 198.6 200.5 202.4 204.7 209.6 215.3 221.3 227.5 231.4 234.6 238.4 243.7 251.1 259.1 270.6 276.9 275.1 272.7 272.1 272.1 272.1 271.6 273.8 274.7 274.7 274.6 272.6 271.3 270.1 269.2 267.8 267 264.7 261.2 258 254.8 251.2 247.5 243.9 241.2 238.5 234.5 232.7 232.3 230.3 227.6 226.2 224.5 223.2 223.4 223.2 221.8 219.7
141.9 141.9 142 142.3 142.9 144 145.6 145 142.5 141.6 143.7 150.4 154.6 156.9 157.4 157.1 159.9 164.3 167 171.7 175.3 179.2 182.9 186.4 189.6 192.6 195 196.6 198.6 200.6 203.1 208.7 213.9 219.7 224 228.9 233.1 236.4 242.4 250.2 260.5 271.6 277.8 281.8 278 276.2 274.7 274.3 273.2 273.2 274.1 275.7 275.7 274.4 272.8 272.2 271.2 269.9 268 266.3 263.2 260.1 257.6 254.3 250.6 246.5 243.1 240.8 237.2 234.3 233.7 232.9 230.3 229.3 227.1 224.6 223.8 223.8 223.4 221.2
142.7 142.6 142.2 143.5 144.8 145.9 146.6 148.5 148.6 144.5 142.6 144.9 152.5 156.4 157.5 157 157.1 160.6 163.5 166.9 170.3 173.5 179.1 183 186.4 189.3 192.7 194.4 196.8 199 201.8 205.7 209.6 214.6 220.2 226 229.2 233.3 238.1 245.3 252.9 261.1 266.9 272.2 276.5 278.2 276.9 276.2 275 274.3 274.2 275.6 276.4 276.6 275.4 274.3 273.2 271.1 268.7 266.1 264.1 262.2 259.5 257 254.2 248.7 244 241 239.2 236.5 235.1 234.1 233.2 231.1 228.9 226.7 225.6 225.6 224.4 222.5
145.4 144.1 143.5 144.1 146.7 146.7 146.7 148.1 149.5 147.5 141.3 141.8 146.8 153 156.5 157.4 157.1 157.8 161.1 161.6 165.6 170.1 173.5 177.7 182.4 186.5 189.4 192.2 194.7 196.7 199 202.4 206.3 210.9 214.8 219.5 223.9 228.2 233.3 237.5 243.2 243.7 255.4 260.6 266.5 272.1 274.5 275.1 275.1 274.3 273.3 275.4 277.6 279.3 277.5 275.4 273.6 270.8 267.5 265.3 264.2 261.9 259.3 255.9 251.8 248.2 246.3 241.8 238.2 237 236.2 235.4 233.7 232.3 231 229 227.7 227.8 226.2 224.5
