Game/Highland_Data/StreamingAssets/GeoData/Data/ny/NY55.asc
ncols 200
nrows 200
xllcorner 350000
yllcorner 550000
cellsize 50
[rows 70 to 104 of 200, columns 79 to 157 of 200]
113.2 123.1 137.5 140.8 141.1 141.4 149.1 154.6 158.6 163.6 169.5 173.9 177.2 180.6 184.4 188.8 189.6 186.6 182 177.5 172.6 167 163.7 165 161.5 158.4 162.9 166.3 167.5 164.3 174 193.2 208.2 207.2 219.7 232.7 240.4 249.8 252.6 258.9 263.3 269.6 274.9 275.3 276.7 278.3 279 278.7 279.5 281.2 285.3 291.5 299.9 304.4 308.8 314.2 323.9 332.7 347 366.4 377.1 375 370.9 363.5 351.7 347.1 345.5 345.5 344.4 348.5 349.6 348.8 349.4 344.4 338.4 333.6 332.4 332.7 330.3
110.8 121.1 132.1 135.4 140.9 142.4 149.3 155 159.8 164 170.1 173.4 177.6 182.1 184.1 182.2 179.1 176.1 171.9 167.1 161.7 156.4 155.7 159.9 158.7 154.6 164.2 155.1 161.7 166.1 181.1 206.1 214.3 213.3 225.3 234.1 243.4 247.1 251 253.2 256.8 265 274.9 275.7 275.8 280.3 281.1 280.6 280.2 281.3 285 290.2 296 301 306.1 313.4 324.5 334.2 347 364.7 377.4 378.9 374.4 366.2 353.6 348.4 347.8 348.7 346.2 351.3 352.7 358.3 357.1 348 342.8 341.7 343.2 339.2 335.1
112.2 112.2 126.4 136 140.4 142.8 152.1 155.9 160.4 164.4 170.1 174.5 179.6 182.6 178.3 171.7 166.6 164.1 161.8 157.4 153.1 149.6 149.7 152.8 150 157.7 158.6 153 162.3 175.5 193 212.2 218.5 220.5 225.2 234.3 241.4 244.9 246.3 247.2 252 261.4 270.7 272.9 274.8 279.3 281.1 281 281.1 281.9 285.7 289.2 293.7 298.2 302.8 314.9 325.6 332.9 346.2 360.1 374 380.5 378.1 370.4 358.3 352.1 350.6 350.1 349 351.5 356.5 365.3 364.8 355.1 350 351.5 349.9 344.2 338.5
115.2 115.7 117 132.3 138.4 145.6 153.3 156.2 161.6 163.3 169.8 174.3 177.4 175.6 163.2 153.9 150 148.9 147.4 145 142.8 142.2 142.8 145.2 146.2 153.7 154.4 151 159.9 182.3 198.5 213.4 219.5 218.8 226.4 230.3 235.3 238.2 239.5 241.7 247.1 254.7 260.9 269.3 273 276.2 279.5 281 281.2 282.9 285 287.4 291.1 295.4 301.3 313.8 324.8 331.1 340.3 352.7 369.1 377.7 380.6 374.7 366 356.6 352.5 350.4 349.1 350 358.7 369.1 371.1 362.4 358.3 358.5 354.3 347.6 340.9
116.7 118 116.1 125 139.5 146.1 153.8 155.8 161.5 162.5 167 170.7 169.9 162 144 125.9 126.9 133.7 131.6 132.1 132.7 132 133.5 138.4 143 155.7 151.8 149.5 163.2 177.5 194.8 208.1 218.6 223.2 223.8 226.6 230 233 234.5 237.1 241.9 248.8 258.4 265.7 270.6 273.6 277.1 279.4 281.1 283.8 285.7 286.6 287.9 294.3 299.3 311 321.4 326.9 336.7 348.3 360.6 372.8 378.1 379.8 373.2 360.2 353.8 349.8 348.3 350.2 358.6 367.2 373.9 369.7 365.2 364.1 358.4 351.1 344
117.3 118.1 118.9 114.3 127.1 132.6 142.1 147.5 154.3 159.7 161.8 162.9 155.7 140.4 126.1 130.8 131.6 129.2 130.6 131.6 133.2 134.7 135.4 136.8 139.1 141.3 144.7 148.6 157.7 173.8 188.3 202.7 212.3 219.6 223.8 224.1 226.6 228.5 230.2 232.9 238.5 245.1 253.6 261.9 267.3 271.3 274.8 277.3 280.8 284.7 287.9 288.4 289.8 294.4 299.3 306.9 317.3 326 334.6 345.3 357.5 364.8 371.4 374.4 368.2 357.3 351.2 348 347.5 351.5 358.6 366.6 378.8 375.2 373 372.5 362.4 354 348.8
119.7 121.7 121.9 122.1 115.6 113.5 119.2 126.4 135.3 141.5 142.7 141.2 130.5 127.8 131.4 135.2 137.7 140.2 140.3 140.8 139 137.9 138.1 136.7 138.9 141.2 142.5 150.4 157.5 168.7 183.4 195.7 206.6 213.6 217.2 220 222.7 224.4 226 231.1 236.8 242.4 249.5 258.5 265 269.3 272.7 275.7 278.9 283.5 288.7 290.2 290.5 293.2 297 302.7 312.1 323 331.5 338.9 349.9 360.6 364.5 363.3 356.4 349.8 346.7 345.2 347.2 352.5 358.6 365.7 381.5 379.8 382.2 381.8 366.7 356.6 351.6
125.1 122.8 126.6 127.6 130.3 131.8 122.9 116.1 118.7 122.6 123 127.8 132.2 134.8 136.5 140.2 144 147.6 149.6 149.4 148.7 146.8 143.9 139.3 138.1 139.6 141 147.7 156.7 164.8 173.8 186.5 198.3 204.3 210.2 214.9 215.3 217.5 217.1 225.4 234.7 242 248.1 254.7 261.6 267 271.2 274.3 277.3 280.3 283.9 290.3 291.5 292.1 294.4 298.1 306.3 314.2 323.6 332 342.2 349.5 359 356.9 350.7 346.1 342.9 343.6 347.2 352.6 358.2 365.9 382.2 385.4 389.9 384 369.7 360.9 356
127.1 125.4 130.1 132.1 133.5 137.4 141.1 138.5 137.6 136.4 138.7 142.5 144.6 142.4 142.3 144.7 147.2 148.6 149.6 150.8 151.3 152.1 152.6 152.2 137 138.8 141.4 142.1 145.9 154.8 164.2 172.8 185.1 191.1 196.4 202.3 207.6 203.8 214.4 223.5 231.5 239.8 245.5 249.9 254.3 259.6 265.8 271.2 274.2 277.7 280.4 285.7 292 292.1 292.7 294.6 300.4 306.8 313 322.9 332.7 341.8 348.5 353.3 345 338.7 338.5 341.1 345.8 351.5 357.6 368.7 384.6 392.6 397.2 388.6 373.2 367.5 363.1
131.4 130.5 127 132.9 133.6 135.5 138.8 140.8 142 144.1 146.8 148.6 149.4 149.2 146.9 148 149.1 150.2 150.1 151 153.3 153 154.1 161.5 152.3 156 156.5 144.6 143.5 145.6 153.3 167.1 169.9 153.5 164.6 183.4 190.9 196.7 212 219.4 226.4 233.6 239.8 243.3 247.1 255.3 261.5 266.6 270.2 275.2 278.2 282.3 287.3 292.1 293.4 294.3 297.4 301.8 305.4 312.5 321.7 333 340.2 341.7 336.1 333.8 334.7 338.2 343.7 349.8 360.3 375.8 387.8 396.3 399.4 392.9 379.9 374.9 369.2
133.9 136.1 131.4 129.4 133.3 135.2 138.3 140.2 142.7 145.5 149.7 148.8 148.6 149.2 149.8 150.6 151.3 150.9 151.8 153 155.4 155.6 163.4 155.8 158.2 168.2 168.4 162.6 151.6 144.6 146.7 150.4 147.2 154.7 152.1 156.4 174.8 191 198.7 206.6 217 224.8 230.6 236.4 239.8 250.5 258.2 263.1 267.1 271.4 275.8 279.7 285.1 289.7 291.5 295.4 297.4 299.2 302.4 305.5 312.5 322.7 333.3 336.1 332 330 331.7 335 341.4 349.3 363.9 382.6 390.1 393.9 397.1 395.9 388.5 383.3 374.8
136 138.2 134.5 130.3 134.1 137.5 138.9 140.5 143.7 147.1 149.9 149.3 149.2 150.1 151.9 151.5 151 154.1 154.9 153.8 153.2 157 158.9 159.6 164.4 178.1 163.5 173.9 168.6 160.9 150.3 145.1 150.9 156.6 154 150.8 165.1 184.4 190 194.9 202.3 214.2 222.3 228 234 238.9 248 257.9 264.4 269.2 273.1 276.9 280.1 286.1 291.6 296.3 300.7 298 299.6 301.6 307.7 316.5 327 330.5 328.1 325 328.1 331.3 337.1 347 360.6 374.3 388 389.2 393.7 396.4 392.6 389.5 382.3
140.7 140.6 134.9 131.2 133.3 135.9 140.3 142 145 146.1 148.7 150.5 152.4 153.1 154.6 151.7 152.5 157.4 162 156 157.2 160.7 161.5 165.2 167.7 184.9 173.8 176.2 177 175 168.5 164.8 169.9 172.2 162 153.2 156.6 164.3 176.2 186.3 193.9 202.6 209.3 218.2 226.7 228.2 234.5 242.9 253.6 264 269.2 270.4 274.9 279.9 287.1 292.6 295.4 294 295.8 299.3 304.2 311.9 318.4 324.8 325.3 319.7 324.5 327.1 331.2 342 353.3 365.4 378.4 385.6 388.3 392.4 393.6 391.6 387.4
138.9 137.6 134.5 132.7 133.4 134.1 137.6 143.1 147.8 146.2 147.9 149.6 152.4 155.3 154.7 153.2 157 161.2 163.2 157.7 160.6 165.4 164 168.5 172.4 185.9 173.9 176.2 178.7 183.5 183.4 180.7 183.3 177.5 168.9 155.1 156.1 159.6 161.8 170.6 180.4 191 197.4 204.1 215.5 220.6 225.1 231.3 238.3 246.4 252.8 259.3 266.9 273.6 280.7 288.9 291.5 292.4 295.3 303 305.8 309 312.8 315.2 316.3 314.8 319.6 323.4 328.5 336.2 345.2 358.2 366.3 375.9 383.2 384.8 388.4 389.2 388.2
139.6 135.8 134.9 134.2 134.1 138 136.4 142.1 147.1 147.1 149 150.5 152.1 154.2 155.3 155.1 157.2 158.3 158.2 157.3 159.8 166.5 168 172.8 179 182.3 176.9 177.8 181.2 186.6 190.4 189.3 185.6 180.3 174.6 172.3 163.6 159.2 158.9 163 163.5 166.9 182.1 190.5 197.4 208.7 216 218.8 224 229.8 236.4 244.7 257.8 266.3 270.8 277 282 291.2 296.1 302.3 305.5 306.9 310.9 310.8 310 312.1 315 319.8 323 328.9 338 348.8 355.8 362.5 370.3 377.1 380.4 383.3 384.8
140.4 137.2 136.4 135.4 134.3 136.1 136.8 142.3 147.6 148.2 149.9 150.5 151.1 151.8 155.5 156.7 158.5 159 160.9 163.1 167.2 165.7 172 177.2 188.9 182 178.9 180 184 188.7 191.5 191.6 188.5 185.7 177.6 179.8 178.1 176.1 175.1 176.4 176.1 172.3 167 167.3 178.7 190.1 201.5 209.2 213.3 220.4 228.1 236.2 246.6 258 264.4 267.9 277.7 292.4 295.3 299.5 305.1 305.4 308.1 308.1 305.1 308.2 310.6 314 317.9 321.9 327.7 337.2 347 352 357.4 364.7 371.5 377 378.3
142.4 138 135.4 135.5 135.7 138.2 137.2 143.7 150 151.5 151.1 150.6 151.4 151 155.8 157.6 158.2 160 164.6 165.3 168.1 173.8 179.1 180.6 189.2 181.9 181.5 183 185.5 191.6 194.7 195.2 193.4 190.5 187.5 188.2 189 187.2 185.9 188.4 186.3 180.9 174.9 168.5 166.3 174.3 185.5 194.6 204.1 213.2 221.2 228.2 235.1 242.7 254.2 264.9 272.7 289.4 295.6 297.9 304.7 305.1 303.9 303.9 303.4 305.2 304.9 308.1 311.2 317.4 323.6 328.9 335.5 341.7 347.1 354.3 361.1 367.3 372.1
137.8 136.7 137.4 137.5 138.4 140.1 139.8 141.5 151.5 150.9 151.2 149.7 153.6 156.7 158.2 160.6 158 160.7 164.6 166.2 172.3 178.9 183.8 185 190.5 184.7 185.2 187.3 190 194.7 198.5 198.4 197.2 196.6 197.6 197.8 198.2 195.3 197.7 197.3 193.9 191 184.9 177.4 172.4 167.3 173.3 183.1 189.1 197 210.4 223.1 230.1 236.9 248 262.1 269.1 278.6 296.6 297.2 298.5 302.8 304 301.4 301.1 302 301.2 303.1 303.3 310.3 318.7 323.6 325.9 329.8 334.7 343 351.9 357.2 362.5
136.3 138 139.9 142 141.8 142.3 142.3 139.4 145.2 150.3 153.8 149.5 155 158 158.5 160.7 157.5 161.8 167.3 168.7 175 182.1 186.1 188.5 190.6 194.5 188.9 191.1 197 199.6 203 203.3 203.2 202.3 205.3 204.9 203.6 203.8 205.2 204.2 201 197.7 195 189 180.5 171 171.6 173 181.6 188.1 196.5 209.2 225.5 233 241.7 254 266.9 273.3 280.8 295.9 296.3 297.2 299.4 300.7 298 296.7 297.7 298.2 299.8 301.4 307.9 313.3 317.1 319.8 323 329.6 337.4 346 352.5
136.5 141.4 142.6 143.6 143.8 143.2 143 141.3 139.6 144.5 149.3 147.4 152.8 153.5 156.6 159.8 156.8 159.8 172.2 172.6 179.3 186.9 190.8 193 194.9 199.5 193.1 195.6 203.2 205.3 208.8 209 209.2 210.2 211.8 211 210.4 211.6 212.2 211.9 209.5 206.2 202 197.5 192.7 174.9 171 172.3 174.2 182.6 189.8 199.6 215.1 230.8 238 245.6 261.3 270.4 275.1 281.4 294.2 294.9 293.4 293.2 296.2 293.9 293.2 294.1 295.8 295.5 297.9 302.5 307.3 310.4 315 319.2 324.3 332.4 342.6
139.9 143.3 143.5 144.3 144.1 143.2 142.8 142.1 140.5 141.8 144 147 149 155.7 159.2 163.7 160.9 160.7 169.3 177 185.8 192 195.1 197.9 199 202.9 198.1 202.4 208.3 212 214.5 215.2 216.6 217.8 218.8 218.4 217.9 217.4 217.1 217.3 215.3 212.3 208.8 205.6 197.9 186.5 177.4 172.8 173.9 172.2 184.1 192.7 204.8 216.8 232.9 239 249.4 266.5 271.8 275 279.9 289.8 291.6 288.4 287.7 290.7 289.8 288.9 289.2 291.2 291.3 292.8 295.7 300.2 304.7 311.7 315.1 322.3 332.9
142.6 144.4 145.1 144.7 143.3 141.9 141.6 141.6 141.7 142.3 143.2 145.6 150.5 159.9 163.2 162.8 162 164.8 174.7 182.5 190.9 197.4 201.5 204.1 204.6 204 205 209.3 213.6 217.9 220.5 221.2 224.6 225.5 225.9 226.2 226.1 225.1 224.1 222.5 219.9 217.5 215.2 211.9 205.4 193.3 196.9 193.2 187 178.8 173.6 183 197.6 207.7 220.2 233.1 240.7 250.8 267.1 272.3 274.4 276.9 282.7 283.7 279.7 280 283.3 285.8 285.5 285.6 286.2 286.4 289.8 293.1 297.7 304.7 310.2 314.3 322.7
144.5 145.3 145.7 145.6 144.8 143.6 142.3 142.8 142.5 142.3 143.4 145.7 151.9 158.8 161.6 164.5 162.5 171.6 184.8 191 197.7 203.3 208.1 210.9 211.3 205.8 208.6 212.5 218.5 224.5 226.6 227.7 232 232.4 233.7 234.7 235.4 233.7 232 226.8 226.2 226.6 224 218.9 211.5 194.9 205 203 196 186.5 179.4 177.7 184 198.6 208.6 220.7 230.1 237.5 248.4 265.4 270.3 271.6 272.1 273.7 274.9 275.2 275 276.2 279.2 280.3 279.7 281.6 283.5 285.1 289.2 295.7 300.1 307 311.6
143.5 147 147.7 148.3 146.7 145.5 145.6 144 143.1 142.3 143.3 145.4 150.5 155.6 157.5 159.3 167.6 177.5 194.1 204.1 205 210.2 214 217.7 217.5 209.4 210.4 218 224.6 230.4 233.3 235 238 239 242.1 244 245.6 243.9 240.6 236.6 231.4 231.5 231.9 224.9 216 199.7 212 209.9 208.9 199.6 185.7 181.1 179.6 179.3 197.4 207.5 217.3 227 231.3 243.1 260.2 266.4 266.6 265.8 266 268.3 271.7 272 271.2 270.2 271.7 275.3 277 278.8 280.4 283.6 290.4 295.4 299.1
146.4 149.1 153 154.5 149.4 147.8 149.9 145.1 143.8 142.5 142.5 144.2 147.5 151.5 153.7 159.6 173.9 184.1 196 211 209 216.8 221.5 224.3 221.3 212.9 214.5 224.1 231.9 236.3 239.5 242.3 243.7 248.4 251.6 254.3 255.8 254.1 250.3 246.3 242.7 238.6 232.5 228.5 215.9 214.9 218.4 218.9 218.2 210.6 196.6 186 181.2 180 183.1 195.1 205.5 214.2 223.6 229.9 239 251.3 257.8 258.9 260.7 261.6 261.9 262.2 261.6 262.6 262.6 266.6 270.4 271.9 272.8 273.8 278.6 284.7 286.7
146.2 151.4 154.8 155.2 150.2 151.2 155.1 149.3 145.9 143.8 142 143.6 145.4 147.2 150 160 176.8 187.9 196.4 208.4 210.1 223.9 226.5 228.4 222.2 214.7 217.7 227.7 238 242.3 245.8 248.5 251.8 260 262.4 266.8 266.8 263.9 259.8 255.3 252.6 248.6 237.4 231 213.6 221.5 222.5 226.5 225.4 216.3 202.8 192 183.4 181.3 182.4 184.4 187.7 193.8 204.1 219.6 229.6 235.7 242.4 244.3 250.1 253.6 256.3 256.1 254.7 252.3 255.3 258.9 261.5 264.2 263.8 260.8 259.5 260.9 267
147.9 151 154.6 155.1 154.6 156.9 156.7 153.4 150.5 146.1 144.3 143.6 145.3 148 152.3 161.4 178 191.6 198.9 207.4 213.1 228.2 228.1 228.2 220.4 214.9 220.3 234.1 242.5 248.2 252.2 255.4 263.5 268.6 272.8 274.9 276.8 272.6 267.3 264.3 261.7 253.6 244 233.3 227.6 228.8 230.6 231.9 229.2 224 211.2 203.6 194.2 187.5 186.8 190.3 194.4 193.8 188.1 198.2 212.4 225.6 230.2 232.3 236.1 239.9 246.6 248.4 246.5 245.4 248.2 249.3 247.8 244.4 254 265.1 276.2 283.1 289.7
149.4 152.2 155.5 158.5 158.3 159.1 156.1 155.7 154.2 146.6 145.5 144.8 147.8 148.9 153.7 168.4 181.3 194.1 202.6 208.4 214.9 227.4 230.1 227 218.7 215.7 228.3 240.1 248.9 254.5 259.3 262.9 274.4 275.1 278.6 283 281.4 277.2 273.5 269.4 263.3 255.2 245.4 235.6 236.1 239 239 241.1 239.3 230.3 219 212.5 208.9 201.1 204.2 204.3 208 208.9 196.8 187.8 191.7 204.6 221 226.9 230 233.9 237 240.2 237.8 236.6 236.1 236.3 246.3 260.1 266.2 272.7 280.7 287.6 293.9
149.3 152.8 157.3 160.4 162.6 163.2 155.8 156.5 154.5 147.9 144.3 145.2 147.8 149.8 154.3 174.9 188.8 196.6 205 209.4 216.1 223.7 226.8 222.2 215.6 221.7 237.7 247 254.6 263.3 263.9 268.9 276.1 280.5 285.3 287.6 284.1 279.2 273.9 268.9 263.3 255.1 244.1 242.3 241.2 246.5 248 249.3 243.8 236 226.7 219.7 213.9 208.9 212.4 211 215.7 221.1 211.5 203.9 192.8 194.4 206.3 217.5 224.6 227.6 228.6 224.1 220.4 230.9 241.1 249.9 256.8 263.5 269.5 276.9 285.6 291.3 297
150.8 152 157.4 158.9 164 163.8 158.6 156.3 155.2 151.2 144.9 146.3 147.9 151.2 157.8 177.9 191.9 198.6 205.5 210.8 217.3 224.4 222.7 216.3 217.2 231.2 244.6 255.9 263 270.7 270.5 275.9 282.1 283.3 286.2 286.5 282.7 278 273.3 269 261.1 253 251.6 253 251.4 250.6 252.6 250.9 247.2 239.8 232.4 225.9 218.6 213.4 220.6 217.7 217.8 219.8 219.8 206 191.1 193.2 199 211.4 217.7 215 212.8 227.6 235.7 242.5 249.1 256.3 263.6 270.7 279.5 284.4 289.8 294.8 301.3
153 155.2 156.2 158.4 166.2 162.9 159.7 157.4 156.9 153.2 153.2 155.7 152.9 153.9 159.5 176.5 191.1 199.5 205.6 213.3 219.5 224.5 218.7 216.6 225.8 242.8 254.3 264.9 272.8 275.9 279.3 288.2 289.1 285.9 287.1 285 282.2 278.1 272.4 264.8 257.8 256.1 257.7 260.6 257.3 252.6 254.9 253.6 251.3 246.4 239.6 231.9 226 219.2 220.3 222.2 222 224.6 223.7 208.9 193.2 195 199.9 204.8 206.1 214.3 224.9 232.9 241.6 247.8 255.6 265.6 275.3 281.5 285.8 289.1 293.4 300 309.9
156.4 155.5 156.9 157.1 165.7 162 159.8 157.3 157.8 153.2 153.2 153.2 153.2 153.2 161.7 172.2 191.4 201.9 208.3 215.3 222.1 227.2 225.3 220.9 237.6 252.5 262.6 273.1 280.5 283 285.6 292.8 292.3 290.3 290.4 287.2 283.4 274.5 268.8 264 263.1 265.8 265.2 266.3 263.6 261.3 259.4 257.6 255.6 251.9 246.6 239.7 232.3 225.8 224.4 224.9 229.2 231.6 225.8 216.6 198.6 193.7 196.8 200.7 212.3 222 229.6 237.7 246.5 254.1 264.6 273.1 283.2 287.2 290.2 293.3 298.7 307.4 317.3
156.3 156.2 158.4 156.3 160.6 162.6 158.3 157.5 154.5 153.2 153.2 153.2 153.2 156.3 162.2 169.4 187.7 204.1 211.4 216.8 225.4 229.4 228.9 235.3 251.8 262.1 271.3 280.1 286.6 285.4 292.2 297.6 296.6 293.6 290.3 284.7 278.7 273.6 270.6 272.5 275.5 273.2 272.2 272.2 271.5 269.8 266.4 263.5 261.1 257.8 252.6 245.7 237.3 231.9 229.6 227.4 227.8 228.8 226.4 221.6 205.5 194.7 195.6 198.6 212 224.1 232.3 238.7 248.3 258.9 270 278 286.8 290.7 293.3 296.4 303.5 315 324.5
159.8 157.5 159 157.6 156.5 159.8 153.2 154.3 153.2 153.2 153.2 153.2 153.2 160 163.9 170.9 186.4 202.6 212.3 219.4 227 232.1 235.1 247.1 260 269.9 278.8 287 293 293.8 297.9 302.6 298.7 290.5 284.1 280.5 277.3 276.4 279.5 282.9 280.8 280.9 281.4 280.4 279.2 276.3 273.2 270.3 267.5 264.5 259.6 250.9 242.5 237.1 234.6 230.6 228 224.7 220.2 215.2 207.8 205.3 197 198.2 211.1 225 233 240.8 254.1 265.4 278.2 284 290.1 293.3 295.6 299.1 310.6 323.5 336.4
156.7 158.4 158.9 155.6 155.8 157.5 153.2 153.2 153.2 153.2 153.2 153.2 153.2 162.4 167 172.3 185.8 202.5 212.9 223.2 228.7 238 247.6 255 266.6 276.4 287.1 296.3 297.6 298.3 304.6 306.3 294.3 286 282.9 282.4 282.1 285.7 287.9 288 287 288.2 288 287.3 286.3 283.7 281.2 279.5 276 271.7 265.1 255.9 247.8 240.7 236.6 232.4 228 220.5 221.5 220.3 223.6 217.1 200.3 198.8 210.4 224.6 234.9 243.9 257.3 275.5 283.2 282.6 292.4 295.6 297.6 302.9 315.9 331.8 344.3
