Game/Highland_Data/StreamingAssets/GeoData/Data/ny/NY60.asc
ncols 200
nrows 200
xllcorner 360000
yllcorner 500000
cellsize 50
[rows 0 to 34 of 200, columns 0 to 77 of 200]
346.9 349.2 351.7 353.1 356.2 364.8 363.4 361 357.8 355.2 354.8 351.6 349.8 347.7 342.9 337.6 333.6 330.1 326.6 324.7 323 323.3 323.9 328.2 331 333.8 335.8 337.7 338.8 339.8 337.2 337.9 336.8 336.6 338.5 349.9 348.3 346.8 346.1 353.5 352.8 359.4 362.9 365.5 367.7 371 372.1 370.6 369 367 363.7 360.8 357.6 354.1 351.2 348 344.9 344.7 343.8 343.9 346.9 352.4 357.6 362.1 364.2 377.8 382.5 381.8 388.7 389.1 388.9 385.3 381.9 380.6 379.2 378.8 377.3 376.7
346.2 349.5 352.9 356.2 359.2 367.5 367.4 365.3 358.7 356.5 356.2 353.8 351.4 349.4 344 338 335.1 331.7 329.1 326.9 325.7 326.2 326.5 330.9 334.4 336.2 338.5 339.9 340 338.7 336.8 336.9 337.1 336.3 338.2 348.8 350.6 348.2 348.4 357 354.9 359.2 365.1 366.9 368.8 370.8 371.9 369.6 367.1 365.1 360.2 356.7 354 352.1 349.9 346.5 345.2 344.5 345.5 346.7 349.2 355.6 361.5 365.9 368.2 381.9 384.9 384.7 389.1 389.6 388.1 383.2 380 378.5 377.4 378 376.4 375.4
345.6 349.5 353.3 359.1 361.8 364.8 367.7 363.8 358.2 356.9 355.2 353.9 352.8 351.2 345.5 340.2 336.6 333.5 331.5 328.7 328.4 328.7 328.6 334.4 337.3 338.5 341.3 341.5 340.6 339.1 336.8 335.7 335.2 335.3 336.5 341.7 351.5 350.3 350.9 358.8 356.9 359.2 367.4 367.9 369.4 369.9 369.5 367.4 363.8 359.6 356.7 352.6 350.1 347.6 342.3 343.7 342.4 342.7 345.4 347.9 351.7 357.3 363.2 368.6 371.5 383.1 387.4 387 388.9 387.6 385.5 382 378.8 377.1 375.8 372.6 372.3 372.5
344.7 349.1 353.2 360 364.7 365.5 367.2 363.4 361 359.4 358 356.4 354.4 352.5 346.9 341.9 337.9 335.3 332.8 330.7 331.2 331 331.2 337.6 339 339.7 342 342.2 341 338.9 336.9 335.2 333.6 333.1 333.4 335.5 341.4 350.5 352.1 359.6 359.5 360.7 365.5 368.7 369.3 367.1 365.4 362.1 358.6 355.3 352 348.4 343.6 340.5 337.1 334.9 336.3 339.8 343.9 348.4 353.6 358.5 363.4 369.3 373.8 382.7 387.7 388.2 385.8 383.6 382 379.3 376.7 375.1 373 370.3 370 367
341.8 347.7 353 359.2 367.1 367.6 367.6 365.8 363.2 362.4 360.5 358 355.3 352 347.3 343.9 340.9 337.5 334.4 333.4 333.5 332.6 332.6 336.5 340.4 340.3 340.6 340.8 340.4 338.5 335.7 333.1 330.6 330.2 330.7 329.7 332.9 340.7 346.5 354.8 360.5 362.2 364.7 368.4 368.1 363.8 360.3 357.4 354.3 347.1 342.3 336.7 328.8 323.6 321 320.6 323.2 331.2 340.9 347.2 354.7 360.5 364.2 368 372.7 376.5 379.1 381.1 381.3 380.1 379.1 377.3 374.9 372.8 371.3 362.4 358.9 358
337.5 346.1 352.1 357.9 365.6 369.5 369.7 368 365.7 364.6 362.2 359.4 355.5 351.4 348.5 346.1 342.7 339.5 337.2 336.5 334.6 334.2 334.2 337.1 341.7 340.3 339.7 338.8 338.3 336.3 332.5 329.4 327.6 326.5 326.6 325.3 325.6 331.9 337.5 343.8 352.2 359.4 362.8 365.4 363.1 360.2 353.8 347.1 340.2 335.7 332.1 325.2 319.5 313.5 310.4 310 312.8 319.6 330.2 343.7 352.5 360.7 364.2 367.4 370.5 373 375.6 375.2 375.5 374.9 375.8 373 370.8 365.6 361.4 357.7 352.5 351.9
333.1 340.2 350.2 356.2 365.1 371.5 370.9 369 368.6 367 363.4 359.6 355.6 352.2 350.5 348.1 344.2 341.1 339.5 338.8 336.9 336 335.6 336.4 340.9 340.4 339 336.4 334.9 331.4 326.2 322.6 321.3 321.8 321.8 320.4 320.2 324.1 330.4 334.7 340.7 350.2 355.1 357.9 351.3 341.5 336.9 333.3 326.8 324.8 320 315.2 310 305.7 301.7 302.3 305.8 311.7 319.3 330.5 346.9 356.4 361.4 365 368 369.3 369.6 368.4 366.2 365.5 364 364.9 362.3 361.2 358.9 354.4 348.9 345.3
328.4 335 343.1 352.8 363.3 370.4 372 370.7 370.9 369.5 363.8 358.6 355.9 353.2 351.9 349.4 345.6 343.2 341.7 340.1 338.9 337.8 335.8 335.7 335.6 336.1 335.2 332.4 328.8 325.1 320.6 316.3 314.9 315.4 316.3 314.4 314.3 317.9 323.8 329 333.3 335.8 338.2 336.1 332.4 329 325.4 319.6 318 313.2 309.7 305.5 301 297.6 295.2 296.1 299.5 305.9 311.8 320 332.5 346.2 355.9 359.8 363.3 365.1 364.3 363.5 361.8 360.6 359.9 359.4 358.4 357.8 355.5 349.3 341 335.3
323 330.1 337.1 344.8 355.7 365.4 370.1 372.9 373 370.5 362.1 355.6 354.1 352.3 350.2 348.5 345 342.3 341.3 339.2 337.7 336.8 333.2 332.6 331.4 331.5 329.8 326.4 321.8 318.3 315.3 310.1 307.1 308.6 309.7 307.8 308.2 311.7 317.1 322.4 326.1 327.5 327.3 325.3 322.5 320 315.3 310.7 307.5 304 300.6 297 291.4 288.7 288.5 289.4 292.7 299.2 306 312.5 320.5 331.8 342.9 353.3 356.6 357.8 357.3 356.7 355.3 354.9 354.5 353.7 353.1 352.3 347.3 338.2 330.3 323.9
317.3 322.9 329.9 333.9 340.6 351.9 359.3 368.1 370.8 366.9 359.7 353.8 352.8 349 347.7 345.4 343.8 341.9 339.8 338.2 336.2 332.3 329.6 328.2 327.1 325.5 323.2 317.3 312.7 310.4 308.4 300.3 298.6 301.3 302.9 300.1 300.7 304.3 309.1 314.2 320.6 320.4 319.9 317.8 315.8 311.8 305.5 301 298.8 295 291.1 285.8 283.6 280.5 280.9 283.3 286.3 293.3 299.2 307.1 314.2 319.7 328.3 337.1 345.2 348.9 349.5 348.7 347.6 346.6 346.7 345.6 344 341.5 331.6 322.3 316.7 311.4
311.7 316.5 322.5 326.4 331.8 335.4 342.9 353.2 357.6 358.5 354.4 349.5 347.3 343.8 340.2 339.6 339.6 339.3 337.5 335.9 333 328.6 325.5 324.1 322.5 319.8 314.6 305.2 302.9 302.4 300 290.3 288.6 293.7 295.4 289.7 290.3 295.4 301.9 306 309.9 311.5 311 308 306 302.5 296.9 292.3 290 287 283 278.8 275.6 274.7 275.7 277.5 280.8 287 293.3 299.5 307.8 313 315.6 321.6 328.3 336.2 337.5 335.5 335.1 335.4 332.6 328.7 324.6 317.8 310 305.9 303.8 302.8
306.6 311.6 316.7 319.5 322.7 325.9 329.3 335.9 341.7 345.2 343.4 339.2 336.6 334.1 332 330.9 331.4 332.5 330 330 327.7 323.1 319.9 318.1 316.5 312.4 306.4 296.6 295.3 294.6 291.9 281.3 282.5 287.5 287.4 281.9 283.3 286.8 293.9 299.9 302.3 303.1 302.6 296.7 296.5 293 288.9 285.1 282.6 280 276.5 272.9 270.2 267.7 272.4 274.2 276.4 281.1 288.1 293.8 299.2 306.3 307 309.7 312.1 314.5 316.1 317.5 316 313.3 310.5 309.3 306.7 303.5 301.4 299.5 298.2 298.7
302.3 306.7 311 311.7 312.6 313.9 319.3 323.2 328.8 332.5 331.6 329 327.7 324.4 318.8 316.2 318.2 317.8 315.6 317.5 318.7 316.1 313.9 311.3 307.9 302.7 295.9 289.5 287.4 286.1 283 275.2 277.6 281.3 280.9 277 279.8 282 286.8 293.3 297.2 296.4 294.4 290.2 286.9 285.7 283.9 281.5 277.6 272.2 269.8 268.1 265.5 265.2 268.6 270.7 273.6 277.2 282.5 288.4 292.9 296.7 299 300.6 302.7 303.2 302.3 302.1 300.7 298.5 297.1 298.5 297.9 296.5 295.3 295 294.5 295.5
297.8 301 305.8 305.4 304.7 306.5 309.3 312.6 315.9 319.1 317.2 318.6 318.5 315.5 310.6 306 306 306.5 305.9 305.6 309 307.7 304.6 298.2 294.6 290.7 286.1 281.3 279.9 277.9 273.6 269.8 272.7 274.9 275 272.8 276.6 278.8 280.5 285.9 289.4 289.8 287.3 283.7 281.2 280.9 280.2 278 274.1 267.7 265.2 264.1 261.9 262.2 265.3 268.2 271 274 278.2 282.7 286.4 289.3 291.5 294.5 296.3 296.3 294.7 292.1 289.5 290.1 291.2 291.8 292 291.6 291.2 291.1 289.5 293.1
295.5 296.6 300.4 300.1 300.2 301.5 302.5 303.8 304.1 305.7 306.1 308.4 308.6 306 303.4 299 295.3 296.2 295.6 296.5 298.2 298.1 293.9 288.8 285.2 280.7 277 273.5 272.6 269.8 266.2 265.6 269.1 268.4 269.1 269.3 273 275.6 276.5 276.6 279.8 281.4 279.1 275.9 276.3 276.5 276 274.4 270.8 264.9 263 261.7 260.2 260 261.8 265.3 268.4 271.6 274.7 279.1 281.8 284.1 286 287.1 288.2 289.4 288.3 283.5 281.4 284.2 286.7 286.7 286.4 285.3 286.1 285.5 288.1 290.7
294.7 293.7 294.8 296 296.9 297.7 297.2 294.4 292.2 294 295.6 297.6 298.2 296.8 295.3 293.2 286.1 287.5 286 286.5 287.4 286 282.9 281.3 273.9 269.2 267.3 265.1 265.3 264.1 262.7 262.5 265.2 263.4 263.8 264.7 269.8 272.6 273.4 272.8 270.1 270.6 270.2 270.1 270.2 270.6 271 269.8 267.1 263.1 261.2 260 258.4 258.4 259.1 262.1 266 268.7 271 274.4 277.5 280.2 281.3 281.5 281.8 281.7 278.9 273.9 275.6 278.1 280.1 279.9 279.2 278.8 279.8 280.7 284.5 287.5
294 292.5 291.6 293.7 292.3 293.9 291.2 285.9 283.5 285.2 286.2 289 289.6 288.7 289 287.5 281.5 279.4 280.6 280.8 280.6 280.3 278.2 274.7 268.7 263.8 259.7 257.6 258.5 258.5 259.8 259.9 262 260 258.2 260.5 266.5 269.6 271.4 271.2 268.3 263.1 262.1 262 263.8 264.5 265 265.2 263.3 260.5 259.5 257.8 256.2 257.6 258 260.8 263.7 266 267.9 270.4 273.6 276.2 277.6 278 278.6 276.3 272.7 268.8 271.1 273.5 274.5 271.8 270.2 271.9 274 277.3 281.1 284.3
292.9 291.1 289.7 291.1 291.6 291.2 287 280.4 278 279.1 280.2 282.8 283.5 282.6 283.1 282.5 277 274.2 275.8 276.9 274.7 273.7 273.3 270.9 266.2 261.8 257.2 253 252.7 254.5 256.9 257.6 259.7 257.5 254 255.7 262.6 265.7 269 270.4 268.3 262.1 258 259.2 258.7 259 259.7 260.5 259.2 258.6 258 256.2 256 257.3 257.6 259.1 261.9 263.8 264.6 267.2 270.3 272.7 274.4 275.6 276.8 275.5 270.5 266.9 268.1 269.4 269.3 267.4 265.9 266.9 269.7 272.6 277.8 281.2
290.4 289.4 288.8 288.8 289.6 288.7 284.4 276.3 271 272.4 274.3 277.1 278.1 276.6 277.7 277.8 272.9 269.9 273 273.2 269.5 269.3 269.5 268 263.5 260.9 256 250.8 250.1 251.7 254.5 255.7 258.8 255.6 251.1 251.7 258.5 262.9 267 268.8 267.7 261.7 256.6 257.3 256.6 252.5 251.1 253.3 253.7 256.5 256.3 253.8 254.6 256.7 256.9 257.5 260 261.5 262.7 264.7 267.3 270.2 271 272.9 274.7 274.3 269.9 266.3 266.5 267.8 267.2 265.5 264.2 266.3 266.2 269.8 274.6 278.4
289.7 288.1 288.1 287.6 285.9 286.4 282.4 275.6 269.9 269.2 269.5 271.2 272.3 271.5 272.2 272.7 268.5 265.8 269.7 271 267.2 265.9 266.2 264 261.4 259.5 255.1 248.9 248.7 249.2 252.8 253.8 257.1 254.5 249.1 247.8 254.5 259.6 264.1 266.3 266.2 261.2 254.7 255.8 256.3 252.2 247.5 247 250.3 254.9 254.8 251.2 253.9 256.7 256.7 257.3 258.7 260.9 262.1 264.2 265.9 267.8 268.1 268.5 271.9 271.9 268.8 265.4 265.5 266.2 265.6 264.1 263 264.8 264.1 267.5 271.9 276.2
290.4 289.2 288.1 287.4 284.1 281.8 281.1 276.2 271 268.4 267.6 267.3 267.5 267.2 266.5 267.6 261.6 261.8 266 269.3 265.1 262.1 263.2 262 260.2 259.3 255.3 248 247.9 248.2 250.6 252.8 255.4 252.9 246.7 246.6 250.5 256.2 261.3 263.9 262.4 258 253.1 254 255.6 252.7 247.1 245.3 249.5 253.2 253.2 249 253.4 257 257.2 256.7 258.8 261 262.2 264.3 265.9 265.7 265.8 264.3 267.8 268.5 267 264.4 264.4 264.7 263.8 263 260.3 263.5 263 266.6 270.1 274.9
291.3 290.3 287.7 286.6 283.9 281.9 275.8 275.5 271.3 268.3 266.4 264.7 263.6 262.8 262.5 260.8 258 258.1 261.8 265.5 261.2 257.2 260.3 260.1 259.8 258.2 254.7 247.6 247.2 247.7 249.6 251.5 252.9 252.2 247.2 245.3 246.3 251.8 258.3 261.1 258.2 254.4 251.9 250.5 251.5 251.2 245.3 244.7 248.7 251.6 251.1 247.4 251.8 256.4 257 256.5 258.6 261.1 262.4 264.3 264.7 264.6 263.9 261.5 261.9 264 263.7 262.8 262.4 262.6 260.4 259.7 258.2 261.1 262.6 266 268.5 272.6
291.4 290.7 286.8 284.1 281.1 279.9 277.2 271.9 270.9 267.6 266.1 264.1 262.3 260.5 259.3 258.9 257 256.5 256.9 261 257.4 254.2 256.7 258 259.2 258.2 255.4 246.9 246.5 246.5 248 250 250.7 250.2 247.5 245.3 243.4 249.3 255.3 258.4 255.7 252.3 251.3 248.7 248.2 246.8 244.1 244.2 247.8 250.6 248 246.2 249.7 255.9 257.1 256.1 258.6 261.2 262.6 264.1 264.3 262.7 261.1 258.8 255.9 257.6 259.7 259.3 260.5 260.6 256.9 256.3 255.6 257.5 262.1 264.9 266.5 271.5
291.9 290.8 286.9 282.6 280.5 278.9 275.9 276.6 274 267 265 263 261.5 260.3 258.5 257.4 256.4 256 256.4 254.5 253.8 252.7 253.7 256.5 258.4 258.7 256.2 247.4 245.6 246 246.9 249.4 249.5 249.5 247.9 245.4 242.4 247.1 252.5 256 253.7 251.1 250.4 247.6 245.5 244.4 243.7 243.9 246.9 248.4 245.2 244.9 248.2 254.3 257.2 255.8 259 261.2 262.9 264.5 263.4 260.8 259.5 256.8 253.9 254 255.5 256.7 259.8 260 256.8 254.4 254.4 257.8 261.1 263.7 265.2 269.7
289.8 290.2 286.9 283.1 280.3 279.3 276.1 277.6 274.9 267.2 263 261.4 260.3 260.3 258.6 257.1 257.1 258 258.3 255.1 253 252.1 252 255.5 257.3 257.8 256.4 248.6 246.3 246.3 246.9 248.9 249.8 250 248.4 245.7 242.1 244.3 249.9 252.3 251.7 249.5 250.3 247.6 244.7 243.3 243 243.8 246 245.4 243.6 243.9 247.6 253.2 256.5 255.4 258.9 261.1 263 264.2 263 259.5 259.3 256.7 254.4 253.5 254.2 256.1 259 260.8 258 253.5 253.4 255.1 259.5 261.6 263.7 269.5
284.3 287.4 285.8 282.4 280.6 279.3 276 276.4 276.6 268 262.3 260.2 259 260.4 259.1 258.2 258.4 261 260.7 256.9 252.8 251.8 251.2 254.7 256.5 256.5 256.1 249.6 247.2 247.1 247.4 248.1 249.3 250.3 248.8 246.1 241 241.4 246.8 249 248 246.6 247.7 247.3 244.6 242.7 243.8 244.5 244.6 243.3 243.1 242.4 245.9 251.9 255 255.1 258.6 261.3 263.2 264.1 262.4 259.2 260.4 257.8 255.2 253.1 253.4 254.8 258.9 260.6 257.9 254 252.4 252.3 257.3 260.3 262.7 271
280.7 281.7 282.2 281.9 279.8 278.5 275.9 277.4 277.1 269.3 262.5 259.5 259.1 260.7 259.4 258.7 259.9 262.6 262.8 259.1 255 252.4 250.5 252.6 254.7 254.8 255.2 250.3 247.6 247.8 247.5 247.8 248.5 250.5 248.6 245.2 239.9 239.4 240.8 243.1 244 243.4 244.2 243.4 242 241.8 243.8 244.3 242.8 242.9 241.8 242 245.8 250.4 253.1 253.8 257.3 261.1 263 263.6 261.8 259.7 261.3 259.9 256.9 253.7 253 253.7 258.1 259.9 257.9 254.7 251.9 251.7 255.4 260.2 262.7 270.7
278.6 278.3 278.4 278.2 278.2 277 275.4 277.3 276.9 269.9 263.5 261.1 259.9 260.2 259.6 259.4 260.8 263.8 264.1 261.4 257.8 254.5 250.4 250.6 252.8 253.7 254 251.3 248.5 249 248.6 247.9 247.4 249.4 247.8 243.5 239.4 238.1 237.5 237.2 237 238 240.5 239.5 239 240.2 242.5 244 242.5 241.4 242.3 243 244.9 248.5 252.6 253.2 255.4 260 263.2 263.3 261.7 259.8 261.7 261.6 258.7 255 253.3 253 256.1 258.1 257.2 255.1 251.8 251.1 254.3 257.6 263.4 270.6
278 277.8 276.9 276 275.6 275 274.5 276.4 275.8 268.1 264.2 262.2 260.6 259.9 259.7 259.5 260.9 263.8 263.9 262.5 259.6 255.9 251.6 249.9 252.7 253.4 253.1 250.7 249.1 249.9 249.9 247.5 245 247 246.9 242.7 239 238 237.3 236.7 236.3 236.1 235.7 235.8 235.7 237.8 240.5 242.2 242.2 239.2 243.8 244.1 244.8 248.5 251.8 251.6 253.7 258 261.7 262.9 261.7 260 261.8 262.2 260.8 257.5 255.7 253.7 251.2 254.9 254.9 254.8 252.9 250.6 251.9 255.4 263.1 269.4
277.9 277.4 275.4 274.5 273.7 272.8 274.7 276.3 273.6 268.2 262.1 261.6 261.1 260.2 259.3 258.3 259.1 262.4 262.7 261.4 259.6 256.9 252 249.6 250.8 253.7 253.2 251 249 250.1 250.9 247.8 245.2 246.9 245.9 242.3 239.6 238 237.3 236.3 235.7 235.5 235.2 234.9 234.9 233 238.1 239.3 235.7 239.3 242.7 244.6 243.9 246.7 250.1 248.8 252.7 255.9 259.9 262.3 261.4 259.7 261.5 262.8 261.9 259.6 258.4 255.5 251.5 251 252.2 254 253.1 249.8 251.3 256.5 261.6 268.5
278 277.1 276.5 274.5 274 274 276.8 277.8 275.1 268.8 262.9 262.4 265 263.2 259.2 257.8 257.4 259.3 258.9 258.2 258.1 257 252.7 249.3 250.4 253.4 252.8 250.3 248.8 250.6 251.4 247.9 244.5 246.4 245.7 242.6 240.2 239.2 238.9 238.2 236 235.6 235.5 237.2 239.3 234.8 233.1 236.7 231.8 238.6 242.8 244 242.8 244.4 245.8 248 252.4 255.7 259 261.4 260.4 258.6 260.6 262.5 262 260.3 259.6 257.2 252.6 247.7 249.7 253.2 252.9 249.2 252.3 256.4 262.4 267.9
277.4 276.8 276 275 275.2 276.1 277.7 278.7 275.8 269.9 263.5 264.8 267.3 264.9 260.6 258.7 257.1 257.4 255.7 255.7 255.4 255.3 251.7 249 249.7 253.2 252.4 249.3 247.5 250.3 251.6 247.3 244.5 245.6 246.2 242.2 241.1 242.3 242.1 240.5 238.2 236 235.9 237.5 240.1 234.9 231.5 232.8 233.8 237.2 241.2 242.7 240.3 240.4 243.3 248.3 252.5 255.6 258.3 259.8 259.2 258.1 256.7 259.6 259.3 259.4 259.4 257.4 253.2 246.7 247.6 251.5 251.7 249.3 252.8 257 262.5 267
275.1 275.7 275.9 275.4 275.5 276.5 278.7 278.9 275.1 269.7 264.8 266.9 268.9 266.4 262.5 260 257.6 257.7 256.7 253.5 252.3 252.3 249.7 248.9 249.5 252.7 251.9 248.4 246.6 249.9 251.2 247.8 244.6 244.8 242.8 244.4 243.3 243.8 244.4 243.1 240 236.5 235.4 238.3 241.9 236.3 230.8 231.4 231.8 236 241 241.8 238.7 238.9 242.8 248.1 252.4 255.6 257.7 258.2 257 255 252.1 255.2 255.3 255.4 257.2 256.7 253.3 246.1 246.1 249.4 248 249.3 253.2 257.8 262.4 266.2
273.5 273.9 274.9 274.9 275.4 276.1 277.5 277.5 274.1 269.5 266 268.6 269.8 267.5 263.8 261.5 258.4 257.4 256.9 252.7 251.2 250.6 249.4 249.7 247.2 251.5 251.2 247.1 245.7 249.1 251 247.6 244.4 243.8 245.4 245.7 244.3 244.7 245.5 244.7 242.2 237.1 235.1 233.6 239.4 234.5 230.9 231.2 231.5 236 240.4 240.4 237.4 238.1 242.6 247.9 252.3 255.3 256.6 255.8 254.2 251 247.7 248.2 249.7 251.5 253.8 254.3 250.8 245.1 244.1 245.4 246.1 250.2 254.6 258.6 262.2 265.7
273.4 271.9 272.9 273.1 274 274.6 274.7 273 270.3 268 268.4 270.2 269.8 267.3 264.4 262.5 259.1 258.3 257.5 252.7 250.8 250.2 251.1 251.9 250.8 246.1 248.3 246.3 245.4 248.5 250.8 248 244.7 244.1 245.8 247 245 244.9 246.2 246.2 245.5 242 237.8 233.3 232.3 231.6 230.7 230.7 230.6 235.4 239.1 238.7 235.6 237.9 242.3 247.3 251.5 254.1 255.5 254.7 252.1 248 245.4 244.9 246.4 248 250.8 252.2 249.1 244.1 243.3 244.2 247 251.1 255.3 259.3 262.4 264.7
