Game/Highland_Data/StreamingAssets/GeoData/Data/ny/NY66.asc
ncols 200
nrows 200
xllcorner 360000
yllcorner 560000
cellsize 50
[rows 70 to 104 of 200, columns 78 to 155 of 200]
137.2 139.4 139.2 140 138.8 138.6 139.8 142.1 139.3 146.1 149.7 151.5 149.8 153.8 153.9 148.3 147.3 147.5 149.2 142.2 138.1 137.8 137.4 137.6 137 135.9 136.7 136.9 138.5 138.8 136.1 134.1 134.2 137 142.1 147.5 152 159.3 172 176.1 174.8 174.7 173.5 174.5 175.6 176.4 176.6 174.4 163.6 143.7 144 145.2 160.3 167.9 174.9 180.9 185.9 190 196.4 203.6 208.9 212.1 212.1 211.4 211.3 211.1 213.4 225.8 224.9 223.7 222 225.3 226.6 230.9 246.8 242.7 237.2 233.2
145.7 147.7 147 144.8 147.4 139.2 142.6 140.3 143.1 145.1 146.2 148.7 152.3 152.9 152.6 150.6 148.2 147.5 150.4 144.5 140 139.4 140.3 140.3 138.7 137.8 140.5 140.7 139.1 138.8 138.4 135.7 133.9 134.1 139.2 144 148.2 154.5 162.5 170.3 175.4 176.2 174.5 172.8 173.1 171.9 168.3 165.2 157 156.6 142.5 139.4 156.8 170.3 172.4 180.8 186.5 194.5 200.1 208.9 210.7 210.9 210.9 211 210.8 211 216.3 219.9 220.6 220.8 223.9 228.4 230 244.4 239.7 235.5 232.4 232
148.7 149.4 150.8 148.6 150.3 146.3 145.2 144.1 149.3 153.2 150.9 149.8 151.9 150.9 149.8 151.1 147.6 149.9 151.2 147.9 146.9 146.7 147.8 146.2 143.1 140.7 141.7 143.8 142.7 141.4 141.5 140.5 134.1 134.2 136 140.5 145.4 151.9 157.4 163.4 171.9 173.4 172.4 169.5 164.9 162.8 159.4 151.7 145.5 142.9 140.2 139.7 162.9 176.9 182.9 189.5 194.5 200.7 207.6 209.7 210 210 210.5 210.4 210.2 211.4 214.9 219.5 224.8 236.5 243 235.8 241.9 237.3 234.4 233.4 230.8 226.3
142.3 146.7 150 148.9 151.1 152.9 153.9 153.7 155.4 153.7 154.4 153.5 149 151.2 148.1 147.2 144.8 148.5 150.2 150.7 150 149.6 149 148.3 148.3 147 146.6 146.4 145.2 143.7 141.3 140.7 138 134.2 133.8 136.5 141.3 147.1 151.7 158.7 165.4 167.2 165.5 160.8 157.9 156.3 149.2 142.6 142.1 155.1 163 161.5 176.6 183.8 190.1 198.3 203.7 207.6 209.2 209.2 208.9 209.4 209.8 209.9 210.5 215.8 221.9 231.7 240.4 248.2 247.8 242.3 236.3 230.6 231.8 229.1 224 225
148.7 150.9 150.8 150.1 151.2 153.3 152.9 151.8 150 147.2 146.7 147.1 147.9 146.3 147.9 148.4 145.2 144.6 145.6 148.9 151.7 154.1 152.7 151.2 151.4 150.9 150 149.3 147.5 144.5 141.8 138.2 135.4 134.4 133 133 136.3 141.3 146.7 152.9 157.2 157.9 156.5 153.8 150.2 143.2 134.6 148.9 161.5 168.2 173.4 180 186.9 192.3 198.9 206.2 209.3 210.8 211.4 210.1 208.4 208.7 210.4 212.2 216 229.9 248.8 252.4 247.8 244.8 238.4 233.9 229.2 227.8 228.2 221.9 220.2 217.1
157.5 156.2 154.4 155.6 154.3 152.6 151.7 150.7 148.7 148.5 148.1 148 147.9 146.5 146.6 146.5 145.6 144.4 144.2 143.6 145 149.8 152.5 152.3 152.4 152.3 152 151 148.2 143.1 140.8 137.7 135.8 137.3 134.2 132.1 133.1 135.4 138.2 145.5 149.7 147 148.8 141.1 134.4 139.1 151 162.9 169 174.3 182.1 189.6 195 200.9 206.1 210.4 211.6 212.1 211.4 209.8 208.5 209.2 210.9 216.6 228.4 247.6 248.8 244.8 239.4 234.1 230.9 227.7 227.1 225.1 220.3 216.1 213.9 208.7
169.2 168.4 166.8 163.5 158.4 155.8 156.7 155.1 151.2 150 150.1 149.8 147.7 147.2 146.9 146.5 145.7 145.1 144.6 144.2 143.8 144.5 148.8 149.1 143.3 140.8 141 139.4 137.8 136.8 135.9 136.5 138.1 138.1 142.4 134.9 132.1 132.3 132.7 138.3 144.2 144.1 133.3 139.9 150.5 159 164.5 168.8 174.4 181.1 190.7 197.3 202.2 206.1 209.4 211.4 212.2 211.9 209.9 209.3 208.7 210.1 214.1 219.8 224.6 237.6 239.2 233.4 228 224.8 223 224.7 220.4 216.1 211.9 207.7 205 202.3
176.2 175.6 173.3 170.3 165 165.5 165.4 163.1 159 154.6 152.6 151.6 149.4 148.3 148.4 147.7 146.7 147.7 148.3 147.1 145.1 143.4 142.5 142.4 144 144.8 139.4 138.3 138.8 137.5 138.2 140.8 142.6 138.2 136.4 142.5 134.1 132.2 132.3 133.4 137.9 132.3 136.5 148.6 157.9 162.2 166.7 172.9 180.3 187.3 195.2 202.1 207.2 210.1 212.5 213.6 213.6 211.5 208.8 208.9 209.5 212.2 217.3 216 212.6 211.1 228.3 224.2 220.7 220.2 220.5 215.9 211.4 207.4 206.3 201.4 197.7 195.7
179.1 177.4 175.7 173.7 171 170.7 168.5 165.7 161 157.8 154.7 151.6 150.2 149.7 150.5 151.4 152.3 152.8 152.7 151.7 151.1 149.9 148.6 148.8 148 142.7 141.7 139.8 143.8 147.7 147.3 146.5 147.4 140 131.8 134.2 143.2 132.8 132 132.4 132.5 133.4 137.4 149.3 157.1 163.3 168.7 176.4 183.9 190.5 198.6 206.4 211.3 213.1 214.5 215.6 215.2 212.9 209.1 209.2 210.7 211.5 209.5 206.7 204.2 204.3 212.6 216 215.7 215.4 214.6 208 203.9 202.4 201.4 196.3 194.2 194.3
182.7 180.8 179.3 176.7 173.8 172.5 169.7 165.4 161.8 160.4 156 152.2 150.9 150.5 151.2 151.9 151.6 152.7 152.7 151.3 150.8 150.5 150.2 150.3 149.5 149 147.5 147.6 147.3 147.4 147.4 148.5 148.1 144.6 136.6 132.2 135.3 133.6 131.7 131.9 130.5 133.3 140.5 149.3 157.6 163.4 169.6 177.5 186.2 192.8 201.1 208.4 211.4 212.8 214 214.5 214.1 211.9 209.2 212.8 206 203.6 201.8 202.2 203.3 208.3 209.1 210.7 210.7 210.9 208.1 202 199.9 198.2 196.4 193.8 194.2 194.4
184.3 182.8 181.1 179.1 176.4 173.5 170.1 166.2 164.9 162.2 158.3 153.9 152.2 151.4 152 152.4 152.5 152.3 152.3 152.4 152.1 152 151.2 150.3 149.8 149.3 152 155.2 154.7 152.5 148.3 147.8 147.5 143.9 140.4 133 132.1 133.7 130.7 131.9 131.6 133.2 141.2 148.9 158.7 164.9 170 177.7 187.4 193.6 202.4 207.5 209.1 210.2 211.4 211.9 211.6 210.3 206.6 213.8 204.9 199.2 199.2 201.6 205.6 205.4 204.6 205.2 202.6 200.7 198.2 196.8 196.1 194.9 193.3 193.1 193.3 193.6
183.5 182 180.7 179.1 176.4 173.8 170.3 167.8 166.2 162.8 159.2 158.2 155.4 153.2 152.9 153.2 153.9 153.4 152.6 151.9 151.6 151.5 151.4 151 151.2 155 161.3 163.5 164.3 162.6 158 153.6 152.7 151.8 150.8 141.9 133.8 134 129.7 131.5 131.4 132.6 138.2 148.5 159.4 164.6 170.1 178.6 187.1 192.5 201.4 206.6 207.1 207.4 208.3 208.9 208.9 209.7 207.3 205.3 202.1 200.5 201.4 207.4 205.6 202.8 200.3 199 197.5 194.2 193.6 193 193.1 192.9 192.6 192.8 193 193.5
182.3 180.6 179.1 177.5 175.2 172.9 171.4 169 165.9 163.2 163.6 164 163 160.7 154.1 154.7 156.1 156.2 155.8 155 153.9 152.1 150.9 150.6 151.7 156.4 162.5 165.4 165.6 162.9 159.3 155.9 156.3 157.7 158 152.2 141.3 138.5 130.5 130.7 130.7 131.2 134.7 149.2 158.3 163.5 168.5 175.1 184.4 189.7 197.7 204.9 206.6 207 207.4 207.5 208.5 210.3 214.1 207.5 203.4 202.6 205.9 204.4 201.7 199.1 197.5 195.5 194.2 193.5 192.9 192.4 192.2 192 192.1 192.8 193.3 196
182 180.4 178.9 177.9 176.8 175.9 174.1 171.4 167.3 166.8 167.1 165.7 159.9 156 155.7 157.8 161.2 161.9 161.6 160.6 158.3 154.4 152.4 152 152.6 155.1 161.1 165.7 165.2 161.7 159.5 157.9 157.9 159.2 162 157.8 145 143.5 132.8 130.2 130.3 130.4 131.9 149.9 158.5 161.3 165.9 173.7 180.6 186.8 193.6 202.9 206.6 207 207.4 207.8 209.8 210.9 211.8 210.4 207.8 204.2 198.8 200.4 200.2 200.1 198.9 197.9 196.1 193.6 192.6 192.1 191.8 192.2 192.4 192.9 193.6 194.1
183.9 182.7 181.8 180.9 179.9 178.4 175.8 172.7 169.6 169.1 165.6 158.6 157.4 161.2 163.2 165 166.2 166.2 166 165.1 164.4 160.3 153.8 152 152.7 154.6 160.2 165.8 165.4 161.8 161.4 160.6 160.1 159.8 161.5 160 146.2 141.6 130.7 130 130 130.1 131 146.9 156 160.6 167.5 172.9 177.2 182.8 192.1 201.7 205.8 206.8 207.3 208.3 209.7 210.2 209.6 208.2 207.3 204.8 200.5 197.4 197.8 199.9 199.9 198.6 196.8 195.1 193.4 192.1 191.8 192.2 193 193.3 193.7 194
187.6 186.3 184.8 183.3 181.4 179.4 176.3 172.9 169.6 166.6 160.2 160 165.4 168.3 169.3 170.2 170.5 170.5 170.2 169.8 168 165.6 162 158.3 155.6 155 157 161.4 164.9 164.2 163.8 164.3 163.7 163.1 162.7 160.7 147.8 141.5 130.5 129.7 129.6 129.6 130.6 139.1 151.4 159.6 167.6 171.6 176.1 182 190 199.9 205.2 206.2 206.3 206.9 207.6 208 207.7 206.8 206.3 205.2 201.8 197.4 195.2 196.7 196.8 195.8 194.6 193 191.9 191.2 191.5 191.5 192.9 193.4 193.6 193.9
188.5 187.6 186 184.3 181.3 178.1 175 171.4 167.6 163.5 164 168.5 170.6 172.4 173.7 174.6 174.7 174.8 174.6 173.7 172.2 170.6 169.3 167.6 166.1 163.7 159.7 161.4 163.4 165.8 166.6 166.7 166.3 165.5 165.8 162.6 151.2 141.5 130.2 128.8 129.1 129.5 130 138.4 153.6 160 163.9 168.2 173.4 181 189.8 198 202.7 204.7 205.1 205.4 206 206.5 205.7 205 205.2 204.2 203.1 199.6 194.8 194.1 193.6 192.7 191.8 190.9 190.4 190.9 191.2 192.3 192.8 193.1 193.5 193.6
186.4 185.6 185 183 179.7 175.7 172 168.2 165.6 165.1 169.4 174.6 178 180.7 182.1 182.4 181.7 180.4 178.5 177.1 175.7 174.6 173.2 171.8 171 170.2 168.1 166 165.9 167.4 168.7 168.9 167.8 166.9 166.3 164.6 156.9 143.7 137.2 130.9 129.3 129.4 129.7 137.1 150.9 158 161.3 164.2 169.6 178.5 187.4 194.8 199.8 202.7 203.5 205.1 206.1 206.7 205.7 204.7 203.7 202.9 201.9 200.3 196.9 193.8 192.6 191.6 190.7 190 189.7 190.2 190.7 191.7 192.3 192.4 192.7 192.8
186.1 183.6 181.6 178.9 175.6 171.2 169.1 167.2 168.7 167.4 175.5 180.2 183.9 186 187.2 187 186.4 185.1 183.5 181.5 179.5 178 176.5 175.4 175.1 175 174.1 170.7 168.9 168 167.8 168.4 168 167.5 165.7 163.5 159.3 145.4 136.1 130.8 128.7 129.2 129.5 136.8 147.8 154.7 157.6 161.2 167 175.1 182.3 189.4 194.6 200 204.6 208.4 210 210.1 209.4 208.3 205.8 203.1 200.8 199.4 196.7 195.3 193.6 191.5 190.4 189.7 189.2 189.8 192.2 193.8 193.6 192.2 192.2 192.3
183.3 180.1 173.4 173.3 171 170.1 172.2 173.8 175.5 172.1 181 184.5 186.7 188.7 189.6 189.7 188.7 187.9 187 185.5 184.2 182.9 181.6 181.8 183.1 183.1 180.8 177.1 174 171.2 169.6 167.5 168.3 167.7 166.6 164.7 159.2 149.7 136.1 130.3 130.1 128.8 129.1 135.3 144.3 149 156.1 164 171 177.5 181.9 188.4 194.5 199.6 204.8 209.6 212.3 213.1 211.4 210.5 208 205.3 202.5 199.6 196.6 195.9 194.8 192.2 190.3 189.4 189.3 189.4 192.3 194.4 195 193.7 192.9 193.5
184.7 181.6 176 175.5 176.2 177.5 178.5 180.2 181.1 174.3 182.4 189.5 191.2 192.3 192.3 192.2 191.9 191.1 191.1 191 190 189.4 189.6 189.8 189.2 187.8 185.9 182.9 176.5 170.6 166.8 165.4 165.6 166.8 167.1 165.4 161.2 154.1 142.9 133.4 130.7 128.9 128.2 131.8 140.9 149.6 157.2 164.9 171.9 178.2 183.9 188.7 192.6 196 199.8 204.5 207.9 209.6 210.2 209.4 207.9 205.5 203.3 201 197.5 194.9 194.8 193.8 191.1 189.4 188.8 188.8 190.8 194.4 196.1 195.3 193.8 194.9
183.7 179.9 175.4 179.6 182.9 184.1 185.3 186 187.2 186.4 176.4 187.2 194.2 195.6 195.8 195.8 195.5 195.5 195.6 195.8 195.3 195.2 194.7 193.8 192 189.4 186.7 183.5 180.1 175 167.1 163.8 159.8 162 165.2 164 158.5 154.9 147.5 140.8 130.3 130.2 129.3 127.6 140.5 149.9 158.6 165.1 171.2 177.4 183.4 187.3 191.4 194 194.8 197.3 200.3 203.1 204.6 205.3 205.3 204.7 203.3 201.4 199 195 194 193.5 192 190.3 188.7 188.5 190.6 194 196.1 195.1 193 194.3
181.8 176.3 180.1 184 186.6 189.2 190.6 190.3 190.9 191.9 187.9 180.4 189.7 195 195.4 195.4 195.1 195.1 195.9 196.3 196.7 196.2 194.9 192.8 190.9 188.8 186.4 183 180 176 170.9 167.3 165.8 163.3 159.9 151.8 146.3 142 139 134.8 134.6 130.8 129.4 127.8 139.1 149.1 158.6 163.8 170.3 175.9 181.1 185.2 189.5 193 193.3 192.9 194.1 196.5 199.1 201 201.5 201.8 201.5 201 199.3 197.5 194.8 193.8 193.7 192.8 190.6 189.7 190.1 193.6 195.1 193.8 191.7 193.1
180.4 180.9 184.7 187.2 191.3 194.1 194 193.9 194 194.8 194.5 188.6 187.9 188.8 191.1 192.6 193.2 194.1 195.2 196.3 198.1 197.9 196.4 193.8 190.7 187.6 185 182.2 179.9 178.9 175.9 170.6 166.7 160.9 147.1 149.4 151.1 151 146.4 145.7 137.6 130.5 128.4 127.3 135 142.7 151.5 158.9 165.8 172.6 178.5 182.5 186.5 190.7 192.3 192.9 191.6 191.2 193.2 195.8 197.4 198.9 199.8 199.7 199.3 198.2 196.1 193.6 194.3 194.2 192.7 191.6 189.3 190 191.9 192.2 191.5 192.7
186.1 189.5 190.6 192.5 196.6 198.1 197.7 197.3 197 197 196.3 186.1 193.9 194.9 193.4 192.6 193.9 195 195.9 197.5 199.7 199.8 198.6 195.9 192.7 189.3 186.4 184.4 183.5 179.8 174.4 168.2 159.4 155 155.1 161 161.2 159.7 156.9 152.1 137.6 128.9 127.7 127.5 132.3 137.6 144.4 150.7 160.3 168.5 175.9 180.1 183.3 188.4 191.9 192.5 192.2 190.6 187.7 190.5 192.8 195.2 197.1 198.3 198.8 198.3 197.5 195.3 194 195.7 194.4 193.6 191.9 189.9 188.3 189.7 189.5 189.9
194.3 196.4 197.1 199 202.4 201.9 201.1 200.2 199.4 198.9 197.1 190.6 196.9 196.8 195.6 194.5 195 195.9 196.3 197 199.2 200.8 199.7 197.7 195 191.7 189.8 185 178.5 173.6 170.7 169.3 166.5 161 158.1 155.9 154.2 156.6 157.1 149.2 135.1 130.1 127.6 126.3 130.1 133.3 137.7 143.8 153.1 162.9 171 176.7 180.1 185.2 190.1 191.4 191.2 190.7 187.6 188.2 189 190.8 193.1 194.9 196.4 197.5 197.8 196.4 195.3 196.6 197.5 196.2 195.3 192.8 190.5 187.2 187.4 189.7
200.2 203 203.2 204.1 204.8 203.6 202.7 201.8 200.3 199.3 191.3 196.7 198.4 198.2 197.4 196.3 196.1 196.6 197 196.5 197 198.6 199.5 195.6 190.2 185.9 185.7 187.5 171.2 171.9 177.5 180.3 179.1 174.6 168.5 160.8 151.6 148.4 147.7 143.1 132.6 128.2 127.6 126.2 129.1 131.1 133.6 137.7 144.7 155 164.1 170 174.9 179.5 184 187.8 190.1 190 188.4 185.5 188.2 187.2 188.9 191.5 193.4 195.3 196.8 197.2 195.7 199.4 201.6 201.5 199.6 196 192.5 188.1 186.5 189.4
200.3 206.7 208.4 208.3 206.6 206.3 204.8 202.7 201 198.5 197.9 199.9 199.6 199.4 198.8 197.5 196.8 197.5 197.3 197 196.3 195.7 194.9 196.4 197 193.1 185.9 172.2 179.3 184.8 185.7 185.2 184 179.7 172.6 171.2 164.8 155 143.7 142.9 132.5 128.9 127.7 126.3 127.9 129.6 131.4 133.5 137.8 146.4 154.6 161.5 166.6 171.5 175.2 178.7 183.5 187.9 187.7 172.8 186.2 183.1 188.4 190.5 192.3 193.7 195.4 197.1 199.7 201.6 205.5 205.1 203 199.1 194.7 189.7 186 189.3
200.9 210.3 212.9 212 210.7 209.7 207.3 204.9 202.5 197.3 201 201.4 201.2 200.7 200.2 198.7 197.7 197.7 198.3 197.1 196.2 195.5 193.8 190.9 183.9 177.3 178.9 185.3 189.8 189.6 188.7 188.3 187.2 184.1 181 178.3 171.9 165.5 157.1 145.1 138.8 130.2 128.6 126.4 126.7 127.6 128.7 129.9 131.4 137.7 145.2 152 157.3 162.8 165.5 170.8 174.9 178 181.1 173.2 180.6 172.4 187 189.1 190.8 192.2 193.9 197.5 199.3 200.9 206 205.9 203.7 200.3 196.8 192.1 185.1 187.2
207.9 214.4 214.4 214 212.4 210.5 208.7 206.5 201.6 204 203.8 203.2 202.4 202.1 201.4 200.6 200.1 199.7 199.2 198.2 197.2 197 196.7 189.5 192.9 195.2 195.5 196.2 196 195 194 193.3 192.3 190.9 188.3 184.3 176.9 171.1 165 150.6 134.6 135.6 130.4 128.3 125.7 126 126.4 125.1 125.3 129.9 135.2 141.2 146.6 153.1 155.9 165.5 167.8 170.9 173.7 177.3 163.9 173.6 184.8 187.6 188.2 189.3 191.3 194.6 195.2 200 203.8 204.4 203.2 200 196.5 192.7 187.6 185
214.8 215.8 214.6 213.7 210.8 210.5 209 207.4 201.9 206.4 205.6 204.9 203.8 203.6 202.7 202.2 202.3 202 201.7 201.4 201 201.1 198.4 197.8 202.4 202.7 202.2 202.1 201.8 201.3 200 198.8 198.1 196.9 194.4 189.7 182.6 175.5 168 155 138.9 130.6 131.4 129.6 126.7 126.3 125.5 125.3 125.1 124.2 126.4 133.3 139.1 144.9 148.4 154.2 158.1 162.7 165.3 166.5 157.9 171.4 182.5 185.5 186.5 187.5 188.4 190.7 190.7 195.8 199.6 201.1 200.7 198.8 195.9 192.7 189 185.6
217.7 216.7 215.7 215 212.7 211.4 209.4 207.5 207.3 207.6 206.9 206.7 206.5 206.8 206.5 206.7 206.7 206.1 205.8 205.3 205.6 205.9 201 202.8 206.6 206.5 206.5 206.3 206.2 206 205.6 205.1 204.3 203 200.3 195.4 188.5 179.7 172.9 161.2 148.5 131.9 130.7 130.1 130.3 126.4 125.5 125.2 125.2 125.2 124.9 127.5 134.1 140.3 141.7 145.7 148.4 152.5 155 152.2 159.2 167.8 176.1 183.2 185 186.2 187.2 188.3 185.9 188.2 193.8 197.7 198.9 197.5 195.5 193 191.2 189.2
219.1 218.2 217.2 216.1 212.4 212.7 210.7 210.7 210.2 210 210.3 210.3 210.6 211 211.1 211.2 210.7 211 211 210.9 210.9 211 204 210.8 211.1 210.8 210.4 209.5 209.1 209 209 208.9 208.8 207.3 204 197.8 190.1 183 176.1 166.1 155 141 134.1 131.8 129.4 128.4 125 125.2 125.3 124.9 124.1 124.9 128.1 132 135 138.7 141.3 144.1 145.2 146.3 156 163.7 169.8 176.1 182.4 184.3 185.7 185.9 183.5 186.9 193.6 196.4 198.4 198.2 197 195.6 194.4 192.8
220.6 219.6 218.3 216.8 215.8 213.6 211.1 212.8 213.9 215.3 216.4 216.8 217 216.3 215.6 215 213.6 213.8 214.1 214.2 214.6 213.9 205.3 214.4 214.8 214.5 213.6 212.2 211.4 211.2 212 212.6 212.1 206.4 200.3 193.4 184.1 169.6 160.5 157.2 154.9 146.4 137.5 133.7 131.4 129.5 128 127.6 125.4 125.2 124.8 123.9 123.8 125.1 127.3 131.9 135.2 137.2 136.8 144.4 149.8 156.7 163.1 170.3 177.4 182 182.3 182.2 183.6 192.1 198.6 200.5 200.9 199.8 198.6 197.1 196.4 195.6
221 219.5 218.4 217.1 215.4 214.1 215.3 216.6 218.2 219.8 221.1 221.6 221.6 220.9 219.5 218.3 217.2 216.7 216.8 216.4 212.5 213 216 215.2 217 217.8 216.9 215.3 213.6 212.9 212.5 211 207.4 202.4 191.3 179.9 183.1 185.9 181.4 175.3 165.5 155.3 148.8 141.3 133.3 132.4 130.9 128.9 127.6 125.9 125.1 124.6 122.9 124.4 124.4 126.2 128.9 131.5 133.5 138.9 143.9 148.7 157.5 163.8 170.7 177.4 179.7 169.3 184.8 194 200.8 203.1 202.9 201.3 199.7 197.5 195.7 195.2
