Game/Highland_Data/StreamingAssets/GeoData/Data/ny/NY67.asc
ncols 200
nrows 200
xllcorner 360000
yllcorner 570000
cellsize 50
[rows 70 to 104 of 200, columns 78 to 155 of 200]
274.7 274 273 272.1 271.7 271.1 270.7 271 271.2 270.9 270.3 269.6 269.2 268.9 269.4 269.3 269.3 269.4 269.4 269.8 269.4 266.4 269.4 267.3 271.1 272.6 273 272.7 272.3 271.6 271.6 270.6 271.7 273.1 274.3 275.2 276.1 276.3 276.2 276 275.8 275.2 274.6 274 274.3 274.3 274.2 274.4 274.9 275.5 276.9 279.4 281.6 282.5 283.3 283.5 282.5 282 281.1 280.4 280.4 280.1 280.2 280.2 280.1 280 279.8 279.3 278.6 277.5 276.2 274.9 273.1 271.7 271 271.7 271.2 270.5
274.9 274.2 273.4 272.7 272.1 271.5 271 271.3 271.5 271.2 270.6 270 269.1 269.3 270.4 271.3 271.3 271.2 270.6 270.5 269.3 266.5 269.8 272 275.3 275.7 274.9 273.7 273.2 273.1 273 271.9 271 272.7 274.3 275.2 275.8 276.7 276.7 276.9 276.7 276.5 275.9 275.3 275.6 275.6 275.5 275.9 277 277.8 278.8 280 280.7 281 280.5 279.9 279.5 279.7 279.6 279.6 279.6 279.6 279.4 279.5 279.6 279.5 279.3 278.7 276.4 275 273.2 272.3 273.1 273.9 274.1 273.6 273.4 273.8
275 274.3 273.4 272.7 272.3 271.9 271.4 271.4 271.6 271.5 271 270.4 270.1 270.9 272 273.1 274 273.8 273.3 272.8 273.2 273.1 274.7 276.3 279.2 279.1 277.3 276 274.8 274.1 273.6 273.1 272 271.5 272.8 274.2 275.2 276.3 277.4 277.3 277.5 276.6 276.8 276.5 276.6 276.7 276.8 277.6 278.6 279.8 280.1 280.5 280.8 280.4 280 279.1 278.4 278.8 278.7 278.4 278.3 278.3 278.2 278.4 278.8 279 278.4 276.7 272.9 273.4 275.1 276 275.6 275.8 275.7 276.6 277.4 277.7
275 274.3 273.5 272.8 272.1 271.6 271.5 271.5 271.9 271.8 271 270.5 270.6 272.3 273.6 275.9 276.7 276.4 275.8 275.1 275.2 276.2 277.8 279 281.1 280.7 279.4 277.8 276.5 275.4 274.9 274.1 272.4 270.8 272.1 277 279.6 280.9 281.6 281.2 281.1 281.9 282.4 282.6 282.8 282.6 281.9 281.4 280.7 280.8 280.7 280.8 280.2 279.5 278.8 277.9 277.1 277.1 277 277.1 277 276.7 277 277 277.3 277.5 276.2 273.5 276.8 278.9 279.8 280 279.9 279.7 279.6 279.9 280.3 280.4
275 274.5 273.8 273.6 273.2 272.5 272.4 272.3 272.3 271.6 270.6 270.4 272 273.6 275.3 276.9 277.3 277.1 276.3 275.4 275.4 276.4 278.3 279.8 281.8 281.6 280.5 279.5 278.2 276.9 275.5 274.4 271.1 271.5 277.1 283.7 287.7 288.6 288.7 289.2 288.5 287.5 287.1 285.3 284.6 284.3 283.8 283.2 282.3 281.7 280.8 280.2 279.6 278.6 277.3 276 275.9 275.4 275.2 274.7 274.8 274.5 274.4 274.4 275 274.5 273.6 277.9 280.5 281.2 281.8 281.7 282 281.8 281.9 281.6 281.7 281.5
275 274.4 274 273.9 273.8 274.2 274.3 274.1 274.1 273.4 272.4 271.7 272.6 274.4 274.6 275.6 276 276 275.8 275.2 275.5 276.8 278.5 280.3 282.1 282 281.5 281 279.8 278 276.2 274.3 271.6 274.8 283.8 286 289.7 293 293.6 293.3 291.8 289.6 287.9 286.1 284.9 284.4 283.8 283.1 282.1 281.2 280.3 279.7 278.8 277.5 275.5 276.4 275.7 275.9 275.9 276.3 276.4 276.6 276.4 276.6 277.2 275.9 277.5 280.5 281.6 282.1 282.7 282.8 282.8 282.8 282.6 282.3 282 281.8
275 274.6 274.1 274 274 274.6 275.5 276.1 276.3 275.9 274.8 274 273.7 274.4 273.9 274 274.3 274.5 275.2 275 275.4 275.9 278.1 280.6 282.7 283.7 283.2 282.3 281.4 279.4 277.6 275.3 273.1 275.4 281.3 285.8 286.2 290.8 291.3 288.9 287.3 285.1 285.1 285 284.4 284 283.4 282.1 281.2 280.5 279.6 278.7 277.6 276.3 276.5 278.2 278.1 278 277.9 277.8 278.1 278.7 279 279.1 279.9 280.3 280.7 281.8 282.5 282.9 283.2 283.1 283 283 282.8 282.6 282.4 282.1
275.2 274.9 275 275.3 276 276.8 277.6 278 278.4 278.3 277.3 276.2 275.5 275.1 274.8 274.3 274.1 273.9 274.5 275.3 276.2 277.5 279 281.8 283.9 285.1 285.4 285 284.3 283 281 278.9 276.5 273.8 276.1 279 281.5 282.4 283.2 282.1 283.1 283.6 284 284.5 284.1 283.7 282.9 281.6 280.3 279 277.5 276.5 276.1 277.1 278.5 278.9 279.2 279.4 279.5 279.3 279.7 280.2 280.5 281 281.4 281.7 282 282.5 282.9 283.2 283.4 283.3 283.3 283.1 283 282.8 282.6 282.3
276.6 276.5 276.7 277.4 278.3 279.1 280.3 281 281.7 281.3 280.1 278.4 277 276.5 276.4 275.7 275.6 276.4 277.3 278.2 279.7 281.1 282.6 284.1 284.8 286.7 287.8 288.9 287.7 287.3 285.7 283.1 280.9 279.2 276.8 276.2 275.7 276.5 278.6 280 282.2 283.3 284.1 284.6 283.9 283.5 283.2 282.4 279.9 278.6 278.8 278.5 278.5 279.6 280.2 280.5 280.6 280.5 280.7 280.9 281.1 281.3 281.5 281.7 282 282.2 282.5 282.8 283.2 283.5 283.5 283.5 283.5 283.3 283.1 283 282.8 282.5
278.2 278.2 278.4 279 280.6 281.8 283.6 284.6 284.7 283.6 282.5 281.1 280.6 279.1 278.6 278.2 278.9 279.7 280.5 281.1 282.9 284.6 285.5 286.1 286.1 285.7 289.7 290.7 290.5 290.1 289.1 287.2 285.4 283.8 282.4 281.5 281 279 281.4 282.2 282.7 284.2 284.5 284.5 284.3 284.4 284.1 283 281 280.2 281.3 280.5 281 281.8 281.9 282 281.9 281.8 281.8 281.9 281.9 282 282 282.2 282.4 282.7 283 283.2 283.5 283.6 283.6 283.6 283.6 283.4 283.2 283.1 282.9 282.8
279.8 279.8 280 280.2 284.2 287.3 289.2 289.5 289 288 286.3 284.2 283.5 283.1 281.9 280.9 281.7 283.5 284.6 284.3 284 287.4 289.1 289.3 289.1 286.8 289.7 290.6 290.9 290.6 289.7 288.1 286.6 285.2 284 282.5 279.6 281.9 283.6 283.1 283.6 284.8 285.6 285.2 285.3 285.4 285.2 283.9 282.3 281.8 282.3 282.2 282.5 283 283.1 283 282.9 282.8 282.6 282.6 282.7 282.7 282.5 282.7 282.9 283.1 283.4 283.6 283.7 283.8 283.8 283.7 283.6 283.5 283.4 283.2 283.1 283
282.2 281 281.3 283.7 288.9 292.1 294.5 295.7 295.2 294.3 293.1 291.6 290.8 290.7 289.2 288.8 289 290.1 290.5 289.6 288.8 288 291.5 291.5 291.1 289.7 290.5 290.9 291.5 290.9 289.6 288.1 286.1 284.9 282.8 281.5 283.3 284.2 284.3 285.2 284.9 285.6 286.3 287 288.1 288.7 288.7 287.8 286.6 285.9 285.1 284.3 284.2 284.1 284.1 283.8 283.6 283.5 283.3 283.2 283.2 283.2 283.1 283.2 283.4 283.6 283.8 283.8 283.8 283.9 283.8 283.7 283.6 283.5 283.4 283.3 283.2 282.9
286.8 284 283.8 289.3 294.2 298.4 301 302.3 302.7 302.7 301.3 300 298.9 298.9 296.8 295.7 296 296.3 294.9 293.3 291.9 289.3 291.7 291.9 291.4 291.4 291.5 293.5 294 293.7 291.4 288 285.7 283.4 282.7 284.2 286.6 287.2 288 289.4 290.8 293.1 294.4 295.4 294.6 294.5 293.7 293.4 291.5 290.1 289.4 288.1 286.8 285.7 284.8 284.5 284.2 284 283.9 283.8 283.6 283.7 283.6 283.7 283.9 283.9 283.9 283.9 283.8 283.8 283.8 283.7 283.6 283.4 283.3 283.2 283 282.9
294 290.7 285.4 292.9 299.9 304.6 307.3 308.5 307.7 307.2 305.8 304.4 303 302.8 300 298.8 298 296.6 295.3 293.8 292.7 290.7 292.3 292.4 292.3 292.4 292.6 294.6 295.8 295 292.7 288.5 285.1 286.3 287.7 290.4 293 294.1 295.6 295.5 297.6 299.7 300.7 300.2 298.9 298.1 296.5 294.4 291.8 290.7 290 289 288.2 287.2 286.2 285.5 284.8 284.6 284.4 284 284 284 283.9 283.9 284 284 284.1 284 283.9 283.8 283.7 283.6 283.4 283.2 283 282.9 282.8 282.6
300.1 297.8 293.5 291.9 300.7 305.5 308.2 308.3 307.7 306.8 305.7 304.5 303.7 301.4 299.8 299.1 298.2 296.6 295.6 293.8 292.6 292.9 293.6 293.4 293.5 293.6 293.7 295.6 296.2 295 292.9 288.8 289.1 293.3 295.3 296.8 298 298.8 299.9 299.8 300.1 299.6 298.8 298.5 298 296.6 294.7 292.7 291.4 290.8 290.4 289.7 288.9 288.1 287.1 286.4 285.6 285 284.6 284.3 284.3 284.2 284.1 284 284 284.1 283.9 283.8 283.7 283.5 283.2 283.1 282.9 282.7 282.6 282.6 282.5 282.4
307.1 304.8 301.9 296.6 297.1 304 307.9 307.9 307.5 306.7 305.8 304.7 303.8 302.1 300.7 301.6 300.8 299.4 298.3 297.8 297.5 297.1 296.5 295.3 294.9 294.9 294.9 295.5 295.5 294.3 292.6 289.2 289.6 293.1 295.2 296.3 296.9 297.2 297.1 297 296.6 296.1 295.2 294.6 294.5 293.4 292.1 291.7 291.5 291 290.6 289.7 288.6 288.4 287.9 287.1 286.4 285.6 285 284.5 284.5 284.4 284.2 284 284 283.8 283.6 283.5 283.3 283 282.8 282.6 282.4 282.3 282.3 282.2 282.2 282.2
313.9 312.3 310.1 306.7 303.1 302.1 307.6 307.4 307.1 307.4 306.4 305.4 304.7 305 303.7 304.4 304.2 303.9 304 304.4 303.6 302.5 301.2 299.3 297.3 296.2 295.9 295.6 294.6 293.5 292.2 289.7 291.8 294 295.3 296.1 296.5 296.7 296.7 296.5 295.9 295.4 294.4 293.6 293.3 291.6 291.7 291.3 291 290.4 289.9 289.1 288.1 288.1 288.4 287.8 287.3 286.4 285.3 284.8 284.6 284.3 284 283.8 283.7 283.5 283.3 283 282.8 282.5 282.3 282 281.9 282 281.9 281.8 281.8 281.8
317.4 315.9 314 312.3 309.9 302.2 307 307.1 307.7 308 307.4 307 306.9 307.1 306.8 306.3 306.2 305.7 305.6 305.1 304.7 304.1 303.2 301.8 299.8 298.4 296.8 295.9 295.1 294 293.8 293.4 293.4 295 296 296.5 296.6 296.6 296.5 295.9 295.4 294.6 293.7 292.8 292.2 290.9 289.9 290.1 289.3 289 288.3 287.6 287.2 287.6 288.6 288.8 288.4 287.3 286.2 284.4 284 283.7 283.6 283.4 283.3 283.1 282.9 282.6 282.3 281.9 281.6 281.4 281.1 281.3 281.5 281.5 281.4 281.4
316.8 315.9 314.5 313.3 309.5 307.8 309.6 309.7 309.7 309.1 309.4 309.3 309.2 309 308.6 308.2 307.4 306.6 306.3 305.8 305.2 304.5 303.4 302.2 300.7 298.9 297.9 296.8 295.8 296.1 297.5 297.5 296.9 296.4 296.8 296.8 296.9 296.6 295.6 294.4 293.9 292.7 291.7 290.4 289.5 288.8 287.1 287.2 287.1 286.8 286.4 286.2 286.2 287.1 289.7 291.1 290.5 289 286.7 284.6 283.4 283.3 283.2 283.1 282.9 282.7 282.4 282.2 281.8 281.4 281 280.7 280.5 280.3 280.6 280.9 280.9 280.8
315.2 313.7 311.9 309.7 307.8 311.8 313 313.3 313.2 312.7 312.5 312 311.6 310.9 310.5 309 308.2 307.5 307 306.6 305.9 305.7 304.5 303.1 301.7 300.3 299.2 299 300 300.5 300.6 299.8 298.5 298.3 297.8 296.8 296 294 292.6 291.7 290.7 289.3 287.7 286.8 286.3 285.5 284.2 284.5 284.9 284.8 284.7 284.9 285.1 286.4 290 289.7 289.7 288.1 286 283.1 283.1 283 282.8 282.7 282.5 282.3 282 281.8 281.3 280.8 280.4 280 279.7 279.5 279.3 279.7 280 279.9
313.1 312.2 312.6 313.9 315 315.8 316.2 316.3 317.1 316.4 315.3 314.5 313.6 312.7 312.1 310.8 310.1 309 308.3 307.5 307.2 307.4 306.6 305.7 304.1 302.7 302 300.8 299.9 299 298 296.7 295.7 295.4 294.8 293.4 292.2 290.4 288.7 287.6 285.7 284.2 283.6 283 282.4 282.2 282.1 282.2 282.6 282.5 282.5 282.5 282.6 283.4 285.1 286.3 286.7 286 284.6 282.6 282.9 282.6 282.4 282.3 282.1 281.9 281.6 281.3 280.6 280 279.6 279.2 278.9 278.7 278.4 278.7 279.1 279
314.3 315 316.1 316.8 317.8 319.5 318.4 318.3 319.3 318.7 317.5 316.5 315.6 314.6 313.7 312.1 311 309.6 309.6 309 308.9 308.6 307.9 306.7 305.4 304.2 303 301.9 300.1 297.9 296 294 292.8 292.4 291.3 289.5 288.1 285.9 284.5 283.9 283.1 283 282.6 282.2 281.5 281 280.5 280.6 280.4 280.3 280.4 280.3 280.1 280.8 282.3 283.3 283.6 284.1 283.5 282.9 282.6 282.2 281.8 281.6 281.5 281.3 281 280.7 280 279.3 278.8 278.5 277.9 277.8 277.7 277.8 277.8 277.9
315.3 316.1 316.5 316.9 317.2 318.1 318.3 318.5 319.6 319.6 318.9 318 317.1 315.8 314.5 313 311.7 310.5 310 309.2 308.9 308.6 307.4 306 304.7 303.3 301.9 300.4 298.6 296.2 293.9 291.7 290.2 289.3 287.7 285.8 284.2 282.9 282.2 281.9 281.8 282 281.7 281.3 280.4 279.7 279.2 278.9 278.2 277.9 278.1 277.7 277.4 279.4 279.6 280.7 281.9 282.6 282.2 282.3 281.9 281.5 281.2 280.9 280.7 280.5 280.3 280 279.6 278.8 278 277.6 276.5 275.4 276 276.2 276.2 276.2
316.4 316.8 316.5 316 316.4 316.4 317.7 318.7 319.8 320.8 320.9 320.1 318.5 316.5 314.7 313.6 311.6 309.9 309.4 308.8 308.3 306.4 304.5 303.1 301.8 301.1 299.9 298.3 296.2 294 292.2 290.5 289.2 287.8 286.5 284.9 283.6 281.9 281 280.7 280.1 280.2 280.2 279.9 279.1 278.4 277.8 277.1 276.1 275.7 275.6 273.8 274.3 275.4 277.1 278.6 280.6 281.1 281.4 281.6 281.4 280.9 280.4 280.2 280 279.7 279.2 278.8 278.3 277.7 277 276.1 274.6 273.2 273 274.2 274.3 274.2
316.2 316.8 315.9 315.1 314.8 314.7 315.7 318.3 320.2 322.4 323.3 322.2 319.8 317.6 315 312.4 309.5 307.7 307.1 306.6 305 302.9 301.2 299.1 297.7 296.9 295.7 295 293.9 292.5 290.8 289.6 288.6 287.2 286.1 284.6 283 282.6 282.7 281.8 280.7 279.9 279.1 278.4 278.6 278.9 279.4 278 277.3 276.5 276.2 276.4 276 269.9 273.6 277 279.2 280.5 281.6 281.1 280.8 280.1 279.5 279.1 278.8 278.5 278 277.5 276.8 276 275.3 274.2 272.7 271.4 270.5 271.6 271.8 271.4
315 314.6 313.7 313.2 312.9 313.4 315.8 321.8 325.2 326.7 325.3 324.7 321.1 317.5 313.6 310.3 307.2 304.9 303.4 303.7 302.2 299.8 297.7 296.5 295.6 294.8 293.9 293 292.2 291 289.9 288.7 287.7 286.6 285.3 284.3 284.2 284 283.8 283.3 282.2 281.3 280.7 280.6 280.9 282 281.8 280.1 278.7 277.9 277.3 277.6 278.2 274.1 270.5 276 279.4 280.4 281.2 281 279.6 278.7 278.2 277.5 277.1 276.4 276.1 275.7 275.1 274.5 273.6 272.5 271.3 269.5 267.5 269 268.9 268.8
314 313.5 312.6 311.4 311.1 311.3 311.5 317 320.2 320.9 319.2 317.8 315.7 313.6 311.1 308.2 305.1 302.8 301.9 300.8 299.6 298.5 297.6 296.8 295.9 294.8 293.9 293 292.2 291 290.1 288.7 288.1 287.4 286.1 285 284.8 284.4 284.1 283.9 283.3 282.5 282.3 282.6 282.8 282.9 283 282 279.5 278.8 277.9 278.3 277.8 271.1 274.3 277.6 279.2 279.6 280.2 280.3 278.8 277.2 276.3 275.4 274.8 274.1 273.8 273.9 273.5 272.6 271.2 270.1 269.1 267.9 265.3 266.6 266.8 266.8
314.6 313.8 313.6 312.9 312.3 311.6 311.1 310.3 313 312.9 312.2 311.2 309.9 308.9 308.2 306 303.1 302 301.1 300.1 299.4 298.9 297.9 297.1 296.3 295.4 294.5 293.5 292.4 291.5 290.4 289.2 288.5 287.9 287.1 286.3 285.4 284.6 284.1 283.9 283.3 282.6 282.6 282.9 282.7 282.9 282.9 280.8 280 279.3 278.4 277.9 276.4 266 275.3 276.8 276.6 276.6 276.6 275.9 275.2 274.7 273.8 272.7 272.2 271.7 271.6 271.6 271.1 270 268.4 267.4 266.5 265.3 263.9 265 265.7 266
316.9 315.8 315.1 314.3 313.6 312.7 311.8 310.3 308.7 308.4 306.2 305.2 304.2 303.8 303.6 302.9 302.1 301.3 300.5 299.7 299.2 298.7 298.2 297.4 297 296.2 295.7 294.8 293.5 292 290.6 289.4 288.4 287.3 286.1 285.5 285.1 284.5 284.2 283.8 283.2 283.1 283.1 282.9 282.2 282 281.4 280.7 279.9 279.3 278.4 277.1 274.8 266.4 273.1 275.3 274.9 274.2 273.8 273.4 273 272.2 270.9 270.1 269.6 269.2 268.9 268.8 268.4 267 265.6 264.9 264.2 263.1 261.8 262.6 264.9 265.2
319.7 318 316.5 315.7 314.7 314.3 313.5 312.2 311 309.3 306.4 304.5 303.6 302.8 302.2 301.8 301.2 300.6 299.8 298.8 298.4 297.9 297.3 296.9 295.9 295.3 293.5 292.5 291.2 290 288.4 287.1 286.6 286.1 285.6 285 284.6 284.3 283.8 283.4 283.3 283.6 282.7 281.8 281.2 281.1 280.9 280.3 280 279 278.1 277.1 275.6 271.5 265.5 272.4 272.5 271.7 271.1 271 270.8 269.4 267.9 267.5 267.5 267.1 266.9 266.8 265.8 264.8 264 263.1 262.3 260.4 259.7 262.9 264 264.3
321.4 319.3 318 316.5 315.4 314.7 313.6 312.2 310.7 308.9 306.7 305 303 301.7 300.6 299.6 299.6 299.2 298.6 298 297.3 296.3 295.4 295.1 294.5 293.5 292 290.5 288.8 287.5 286.7 286.4 286.3 285.8 285.4 284.7 284.1 283.5 282.8 282.3 282.1 281.9 281.2 280.5 280.3 280.2 280.2 280.2 279.4 278.3 277.9 277.2 275.3 273.2 264.9 266.8 269.9 269.2 268.5 268.8 268.9 268.2 267 266.9 266.5 266.1 265.7 265.3 264.5 263.8 263.1 262.2 259 256.2 260.3 261.1 262.1 262
322.4 320 318 316.1 314.8 313.3 312.1 311.4 309.7 308.2 306.6 305.8 304 302.1 299.7 298.4 298.2 298 297.3 296.7 295.6 294.3 293.4 292.7 292.1 291.5 290.2 289.4 287.7 286.4 285.9 285.8 285.9 285.6 285.2 284.5 283.3 282.5 281.7 281.2 280.8 280 279.4 279.4 279.7 279.5 279.5 278.9 278.5 277.8 276.4 274.9 273.6 272.1 269.7 258.7 267.7 267.2 266.8 266.8 266.9 266.6 266.3 266 265.6 265.2 264.7 264.2 263.6 262.8 262.1 260.9 256.3 257.1 258.4 258.2 258.2 258.5
321.3 318.3 315.6 313.9 312.9 312 311.5 310.9 309.6 308.1 306.6 305.9 303.8 302.2 300.4 298.9 297.8 297 296.2 294.8 293.5 292.3 291.3 289.6 288.1 287.6 287.4 286.8 285.3 284.6 284.6 284.1 284.3 284.7 284.6 283.3 282 281.2 280.5 279.9 279.1 278.4 277.7 277.6 278.1 278.2 277.7 277.7 276.6 275.4 274.2 272.9 271.6 270.7 270 259 261.8 265.2 264.8 264.8 265.3 265.2 265.2 264.9 264.6 264.2 263.6 263.1 262.3 261.5 260.8 259.6 256.3 254.6 255.5 255.1 255 254.8
315.7 312.1 311.2 312.1 311.9 311.4 310.8 310.5 309.3 308 306.6 305.6 303.2 301.4 300 299.8 299.6 298.5 298 297.5 295.6 294.5 293.7 290.8 288.8 287 285.5 284.6 282.9 282.2 281.4 282.4 283.4 283.1 283.1 282 280.8 279.8 279.2 278.2 277.4 276.7 275.9 275.9 275.7 275.3 275.5 274.9 274.1 272.9 271.8 270.8 269.7 268.9 268.2 265.6 257.4 261.3 262.7 263.7 263.6 263.2 262.1 261.7 262.2 263 262.5 261.6 260.6 259.8 258.4 258 255.7 250.5 253.5 251.7 252.8 256
308.5 309.3 311.5 312.6 312.8 312.3 311.9 310.3 308.5 307.4 306.2 304 302.8 300.5 299.5 299.7 299.5 299.1 299 298.7 297.7 296.4 294.5 291.8 289.1 287.5 286.1 284.8 282.7 281.4 279.1 278.5 280.2 282.6 281.7 280.6 279.5 278.5 277.7 276.7 275.8 274.8 274.2 274 273.5 273.1 273 272.3 271.5 270.5 269.4 268.4 267.5 266.6 265.7 264.4 261.6 255.8 262.1 262.4 261.6 258.9 257.5 258.5 260.6 261.4 261.2 259.6 257.8 256.3 254.5 253.4 251.9 249.8 248.5 252.1 256.6 257.8
