Game/Highland_Data/StreamingAssets/GeoData/Data/ny/NY69.asc
ncols 200
nrows 200
xllcorner 360000
yllcorner 590000
cellsize 50
[rows 140 to 174 of 200, columns 78 to 155 of 200]
316.7 314.6 310.7 311.3 310.8 316.3 321.4 320.3 326.3 329.8 331.8 340.4 346.1 356 363.7 370.8 374.3 375.1 375.4 374.4 371 364.6 360.6 358.1 353.6 347.8 339.1 334.1 324.4 319.6 319.6 327.1 333.7 338 339.9 342 342.8 339.6 337.9 337.4 337 334.5 330.5 330 330 330.2 329.7 327.4 325.2 324.7 323.9 320.1 314.3 310 305.9 301.5 298.4 296.7 293.7 291.9 291.1 289.7 287.8 285.4 288.9 295.1 300.3 301.6 303.8 308.4 312.6 318.7 322.1 324 324.8 323 318.1 319.1
316.8 312.4 306.5 306.6 305.5 313.1 317.2 318.4 324.2 326.1 325.7 333.1 333.8 347.6 358.1 365.2 368.9 369.5 368.6 369.5 366.9 362.6 356.9 354.1 351 345.3 340.1 335.2 329.4 321.5 311.5 316.6 326.2 332.2 336 338.2 339.4 338.6 336.6 334.7 333.4 331.9 330.2 327.5 326.3 325.9 324.4 321.4 318.3 317.2 318.8 316.9 312.5 306.8 302.2 298.1 295.2 293 290.3 288.3 286.4 286.9 286 283 286.9 292.2 297 299.4 301.8 305.3 310.4 315.4 319.1 320.7 320.8 319.3 314.4 317.9
306.9 308.1 300.7 301.8 303 311.1 312.2 316.5 321.3 324.3 321.9 328.8 327.3 339.2 349.8 357.2 361.9 363.9 363.1 363.5 360.6 356.9 352.9 348.8 346.6 344.1 341 337.2 331.8 324.3 314.8 307.3 318.8 326.5 331.4 332.6 333 333.2 332.7 330.5 328.8 328.5 327.4 324.1 321.4 320.3 318.9 314.9 310.5 311.6 312.8 312.2 308.9 304.6 299.1 295.7 292.6 290.7 288.1 286 285 284.3 283.5 281.7 284.6 289.8 292.2 295 299.2 303.3 307.5 311.9 316.4 318.9 318.6 316.7 311.2 319.1
297.9 298.6 295.5 296.2 299.1 307.5 307.7 315.1 318.4 320.9 320.1 323.6 325.2 328.3 337.9 346.8 352.6 355 355.3 356.2 354.7 350.8 348.4 345.9 345.4 343 339.7 337.5 332.5 325.2 315.8 303.3 310 319.3 323.8 324.8 324.8 325.1 324.8 323.1 322.8 321.8 321.8 318.1 314.7 314 312.7 308.4 303.5 303.4 305.9 305.4 302.9 298.7 295.1 293 290.2 286.8 284.9 285.1 284.5 283.5 282.3 279.5 282.8 285.1 288 290.9 295.6 300.4 305.2 309 313.8 317 315.8 314.7 309.4 318.9
291.1 290.2 288.5 292.1 294.3 300.8 305.9 311.4 315 318.2 318.2 316.3 320.6 321.7 325.8 334 340.5 344.1 345.3 347.4 347.4 345.2 343.2 343.6 344.5 342.1 339.1 336.2 332.5 326.4 316.8 304.6 303.2 310.4 315.3 316.7 315.7 313.5 312.9 315.9 314.6 313.5 313.3 313.3 310.6 307.1 306.7 303.1 297.7 297.1 296.8 295.2 294.1 292.5 290.8 290 288.3 283.8 283 283.1 282.8 281.7 280.9 278.1 280.6 282.6 285.4 288.1 292 296.9 302.6 307.4 311.3 313.6 313.3 310.8 307.8 316.9
283.3 279.9 277.4 284.7 289 296.1 300.1 304.8 311.2 315.2 317.3 314.8 314.1 318.4 320.8 325.5 326.8 333.3 338.3 340.3 341 340.7 342 342.6 343.6 341.5 339.5 335.3 331.2 325.9 318.5 309.6 297.5 301 305.3 306.1 303.1 297.1 303.2 305.4 307 306.4 306.3 306.3 304.3 300.2 299.2 294.8 288.1 289.5 288.5 287.5 287.4 287.4 287.4 286.6 285.8 283 282 281.2 281 281.2 278.1 276.1 278.3 279.5 282.9 285.3 289.1 293.7 299.9 304.9 308.3 310.7 311.4 306.8 307.1 315.8
276 270.6 271.8 282.8 285.9 290.9 291.8 299.2 305.2 310.7 313.6 313.9 308 311.1 313.9 317.2 319.6 324.8 329 330.7 333.3 336.4 338.6 340.4 341.3 340.7 337.8 334.3 329.3 324.2 320.2 313.7 304.2 292.5 294.4 294.6 291.8 291.2 289.2 292.5 298.6 299 300 301.3 297.2 290.2 289 286.8 282.8 281.9 282.8 283.7 284.5 283.4 283.4 284 282.6 280.7 280.7 278.6 279 279.9 279.7 275.6 275.8 277.1 280.5 283.2 286.4 290.5 295.9 301.9 306.2 308.7 308.4 301.8 306.9 317.9
270.4 271.3 273.3 279.5 279 286.9 291.8 290.8 297.4 302.9 307.6 309.7 308.1 299 306.5 309.6 311 314 318.1 320.5 323.6 329.9 333.5 335.3 336.6 336.9 334.5 330.8 327.4 324.4 321.3 316.8 311 302.2 292.4 286.4 285 281 278.3 281.6 290.6 294.5 297.9 297.2 292.2 280.3 284 283.6 279.4 278.4 281.9 283.1 283.2 282.7 281 280.6 280.2 279.4 278.9 277 277.5 278 277.8 273.1 275 275.4 278.2 281.1 283.7 286.7 291.7 297.1 302.7 305.9 303.8 297.9 309.3 318.8
268.7 271 273.4 275.4 276.7 277.6 284.4 287.2 285.7 293.3 299.1 302.7 304.5 299.8 294.3 300.1 300.2 302.2 308.4 312.7 317.5 322.9 326.8 328.9 329.9 330.7 328.4 324.4 320 320.7 319.9 317.4 314.5 309.1 300.6 292.6 285.6 280.5 272 275.7 286.2 292.8 295.8 294.9 289.7 281.9 275 279.5 275.4 272.2 280.9 281.7 281.2 280.7 279.6 278.9 278.1 277.2 276.5 275.4 276.1 274.5 272.8 272.1 274.1 274.6 275 277.9 281.5 282 284.1 289.1 295.7 301.8 295.2 298.8 309 319.1
265.4 265 269.6 272.8 275.1 275.8 276.6 281.1 278.6 285.5 290 293.7 296.6 297.4 291.5 291.3 293.4 294.2 300.8 306.3 313.8 318.2 318.7 321.9 321.9 320.2 320.6 318.7 313.9 313.8 316.8 316.6 315.7 313 308.3 302.2 295 286.5 276.1 269.3 280.5 288.1 291.8 291.9 287.7 280.3 273.5 268.9 270 267.4 276.4 279.7 279.3 278.4 278 276.7 274.7 273.9 274.2 273.5 274.5 271.8 269.9 272 272.7 272.5 273.7 274.9 277 279.4 281.1 284.8 286.5 288.4 296.2 302 309.7 320
262.2 260.2 260.6 266.3 270.1 272.3 273.4 273.9 273.1 279 282 283.9 286.9 288.8 287.5 284.1 285.7 289 293.5 302.8 310 313.8 314.3 314.7 312.8 310 313.4 315.1 313.2 309.8 310.4 313.5 315 314.1 311.4 306.4 300.2 291.8 279.8 266.8 272.9 280.2 285.4 286.2 283 277.7 271.2 264.2 260.7 259 272.7 275.3 277.7 277.7 276.6 274.8 273 264.7 267.5 270.4 273.4 268.7 270.3 270.5 270.9 272 273.5 275.3 276.1 278.4 284.2 291.3 295.1 298.3 299.8 303.7 312.9 321.5
256.9 257 254.4 259 263.6 265.6 266.9 269.5 270.2 271.4 274.7 274.9 276.4 277.8 277.5 277.8 277.1 282.9 286.8 296.7 303.6 306.3 306.5 305 303.5 305.9 309.5 310.4 310.6 308.7 305.2 308.9 311.9 312.2 310.4 307 302 294.9 283.6 271.2 262.4 270.8 276.2 277.9 275.9 271.3 265.3 258 250.6 250.1 264.4 272.2 275.2 276.8 274.4 265.5 263.5 264.1 265.9 265.8 267.5 268 269.1 269.6 270.2 271.6 272.7 274.4 278.2 283 288.4 295.9 302.1 305.2 306.7 307.7 317.4 323.5
250.2 252.3 251.6 249.4 255.2 255.6 256.6 262 265.7 265.2 268 268.5 267.5 267.2 266.8 267.9 270.3 275.4 283.1 289 294.8 296.4 293.5 294.4 294.3 299.9 303.4 305.6 306.3 304.9 303.9 303.9 307.2 309.1 308.5 306 302.4 296.8 288 275.6 259.3 257.7 264.3 269.2 265.7 261.5 255.6 245.9 241.1 241.5 248.4 268.4 268.5 272.9 264.1 264.9 270.8 272.6 272.7 269.5 267.3 267.4 268.7 270.7 272.5 273.9 274.2 277.3 282.1 286 291 298 304.2 309 312.9 316.5 321.4 326.5
242.4 245.4 246.3 244 246.3 245 239.7 252.6 260 263 262.8 262.7 263.2 261.1 257.6 259.6 265.4 269.5 279.7 282.9 285.7 285.9 288.1 287.9 290.9 292.4 296.5 298.5 299.1 297.8 300.9 302.4 303.5 303.6 305.4 304.9 302.5 296.8 288.5 277.2 263.3 250.7 250.4 254.3 252.9 248.8 244.7 236.7 246.6 253 254.5 252.9 256.8 262.3 268.5 274.9 279.2 281.1 280.8 278.1 274.3 274 274.4 275.9 276.4 277.7 276.3 280 283.4 286.9 291.4 300 305.6 309.5 313.8 319.4 324.2 328.8
235.7 237.7 238.9 238.1 239.8 239.1 233.7 243.7 253.6 259.7 261.5 260.6 259.6 256.3 252 253.6 261.3 269.3 277.3 280.7 280.9 282.9 285.2 286 285.9 286.5 287.2 287.9 291.7 294.6 298.2 299.8 298.9 295.3 299.3 300.5 299 294.5 286.6 275.5 263.2 249.9 241.3 238.2 237.2 232.7 242 246.9 257.2 263.5 265.9 268.9 272.2 276 279.2 282.8 286.2 288.3 288.2 285.7 284.7 281.8 280.9 280.8 281.7 280.9 280.8 282 287.1 292.4 297 302.6 306.4 309.9 312.5 318.5 323.9 329.5
231.7 232.6 232.5 232.2 233.3 234.4 231.1 238.6 248.4 254.8 258 257.9 255 252 249 249.5 258 268.1 275.2 278.5 278.7 278.5 281.1 283.6 284.6 284.4 280.1 275.4 282.4 286.6 291.5 294.8 295.7 293.6 288.7 292.7 292.6 288.9 281.9 271.2 258.1 244 233.5 227.9 242.9 256.8 266.6 268.2 267.8 271.5 275 278.3 281.8 285.5 287.8 289.3 292.4 294.3 294.4 293 291.7 288.6 286.2 285.7 286.5 285.4 284.9 282.3 290.1 297 301.8 304.7 307.6 311.1 312.4 314.6 319.1 324.8
226.8 229.3 227.4 227.5 227.5 229.4 228.2 233.7 244.8 249.3 253.3 254.9 251.2 248 245.8 249.2 254.5 264.6 271.4 274.8 274.3 273.9 278.3 281 283.9 284 283.2 278.7 272 274 280.6 288.1 291 290 285.5 283.1 284.9 282.3 275.5 264.5 250.8 231.6 224.6 229.2 249.3 267 270.5 270.6 272.3 275.1 279 282.6 287.4 290.8 293.2 294.4 296.6 298 298 297.6 295.9 293.6 291.5 291.1 291 289.9 289.9 287.7 290.6 298 303.1 306.7 309.5 311.7 313.9 315.2 319 322.2
224.7 226.7 225.9 223.8 223.9 224.4 223.7 230.8 240 246 249.6 251.5 250.1 246.1 242.4 247.2 252.3 260.1 266 270 270.8 272.9 277 279.4 282.9 284.2 285.7 284.4 281.9 273.3 270.3 279.6 283.4 284.9 283 278.3 275.9 275 267.5 257.5 244.9 228.8 229 239.1 252.7 268.9 270.4 272.7 275.9 278.6 281.7 284.3 288.9 293 295.6 296.7 297.2 299.3 298.4 299.6 299.2 296.9 295.2 295.7 296.5 295.9 296.3 295.6 293.4 295.7 301.1 306 309.6 311.4 312.8 313.7 316.5 321.8
222 224.2 224.9 222.5 221.1 220.6 221.5 225.8 233.8 240.2 244.2 245.7 244.9 241.3 239 242.9 249.3 255.1 259.1 264.5 266.9 272.1 276.7 279.5 282.3 286.1 287.2 286.2 283.5 279.3 268.5 270.7 275 277.4 277.7 275.3 269.6 267.1 262.6 253.4 239.7 220.1 233.4 251.8 262.2 267.1 273.1 275.7 279.1 282.8 285.1 287.2 289.7 293 296.3 297.1 296.7 297.7 299.1 299.3 300.1 299.5 297.1 298.8 300.4 301.1 302.3 302.5 301.6 301.2 300.5 302.4 307 309.5 311.1 312.7 315.6 318
219.3 220.6 223.7 223.5 221.7 219.8 218.7 221.5 224.5 230.7 235.2 236.7 237.6 236.5 235.7 238.2 244.7 249.7 255.2 261.4 266.7 273.8 277.1 279 282 285.2 286.8 286.2 283.6 279 272.7 262.3 263.8 268.1 269.7 269.8 266.4 260.6 255.9 249 235.6 222.8 234.6 247.9 260.4 268.1 273.6 277.4 280.7 283.8 285.5 285.4 288.4 291.7 294.5 296 296 296.9 298.6 299.3 299.8 300.6 299.4 301.5 303.5 305.2 306.9 307.9 307.4 307.9 308.8 308 307.9 308 309.5 311.9 315 318.2
216.3 216.3 222.4 224.1 224.5 223.7 220.7 216.9 218.8 221.1 224 223.6 229 231.9 235.4 239.7 244 247.8 254 264.3 270.7 276.3 277.9 278.8 282.4 284.9 285.3 284.3 281.8 278.3 273.3 266.5 259.5 256.7 258.5 260.6 260.4 256.8 251 244 236.3 220 231.6 246.4 257.9 266.5 272.4 275.8 278.2 281.1 283.2 283.7 286.1 289.9 291.8 293.6 294.1 295.5 297 297.9 298.5 299.9 300.9 301.9 303.4 307.1 310.5 313.4 314 315.1 315 314.9 313.9 312.9 314.6 316.7 317.7 322
216.7 213.6 219.2 223.7 225.7 225.5 223.6 219.7 212.8 216.3 220.1 223.7 228.3 234.3 237.9 242.5 247.6 250.3 255.6 266.2 273.8 278.6 279.7 279.1 282.8 284.1 284.1 282.1 279.8 276.4 272.7 268.1 265 259.6 249.3 251.2 252.1 250.5 245.9 242.7 232 218.9 228.6 243.1 254.1 263.6 269.6 270.9 271.3 276.2 279.9 281.2 285.4 287.6 288.7 289.5 291 293.1 294.7 295 296.2 298.5 301.3 302.9 304.7 307.7 311.9 315.6 318.8 319.9 320.5 322.2 321.6 320.2 320.8 322.8 323 325.8
218.1 213.4 214.3 220.3 224.3 225.1 223.8 221.1 216 214.9 219.2 222.4 228.9 235.6 239.7 242.7 248 251.4 254 266.1 274.5 280 281.6 279.9 282.1 282.9 283.4 281.9 278.2 273.8 269.4 265.3 261.6 257.7 251.1 241.1 243.1 243.4 240.8 236.8 220.2 218.5 230 239.6 249.4 260 266.6 270 271.8 271.8 277.1 280.6 282.5 285.1 285.2 286.4 287.2 290.1 292 292.6 292.8 295.1 300.3 305.4 305.3 308.1 311.2 315.6 320.6 324.3 325.3 326.2 326.9 326.9 327.1 328.5 327.6 328.2
218.9 216.2 210.6 215.1 220.2 223.3 223.4 220.8 216.7 209.9 216.4 220.8 225.7 233 238.7 242.7 245.7 249.9 251.9 264 272.9 280 282.8 281.2 281.8 281.9 281.7 280.9 278 273.2 267 262.2 256.6 251.7 246.2 242.7 236.5 235.6 237.6 230.5 213.2 217.5 229.1 236.3 245.1 255.1 261.6 266 270.3 271.8 273.7 277.8 280.1 282.3 282.6 283.9 285.1 286.5 288.6 289.5 289.7 290.2 293.5 303.7 307.8 308 310.6 314.8 319.5 324.7 328.8 329.8 330.5 330.4 330.8 330.9 329.8 329.5
218 217.3 213.1 208.5 214 219.3 220.8 220.5 218.3 210.8 208.6 216.9 221.3 227.5 235.5 241.7 244.8 247.7 252 260.8 269.7 278.6 282 282.2 282.2 281.5 280.1 279 277.1 273 267 259.8 252.4 244.5 239 236.8 236.4 232.4 232.8 223.6 212.5 219.4 226.1 231.6 239.4 250 257 263.3 268.7 270.4 272.1 274.1 277.6 280.1 280.9 280.6 282.2 283.4 285.6 286.7 287.7 289 289.8 298.4 306.3 310 310.8 314.6 318.7 324.7 329.2 332.6 333.6 334.2 332.8 332.5 331.3 331.8
213.7 213.9 211.9 207.3 207.5 213.2 215.6 216.7 217 212.4 204.7 211.5 215.7 218.7 230.3 239 244.6 247.7 250 258.1 268.4 277.3 282.4 282.6 282.7 281.8 279.9 277.1 275.2 271.5 267.3 260.1 251.2 243.2 235.8 234 235.2 234.2 228.3 215.9 209.5 219.2 222.5 226.1 232.9 243.7 253.4 260.4 265.9 268.7 268.9 269.6 271.9 275.6 278.4 280 279.3 281.3 283.3 284.4 287 288.3 288.7 290.1 298.8 309.6 311.7 315.1 319.9 324.1 328 332.7 335.5 337.3 336.7 334.5 333.3 333.5
206.6 207.5 206.7 204 200.4 204.4 208.1 210 210.2 208.7 205.7 204.2 208.6 212.9 223.2 234.1 241.9 246.6 247.8 254.8 263.4 273.7 279.7 282.5 282.2 280.9 279.5 276.6 273.2 269.8 266.6 261.1 253.1 242.8 234 233.9 235.2 235.6 229.3 218.1 208.2 210.6 213.2 219.2 226.2 236.6 246.8 254.7 260.7 265.4 266.7 267.6 267.6 268.9 272.6 275.6 277.2 277.6 280.2 283.1 286 287.3 289.1 289.7 289.3 303.6 310.6 315.2 318.2 323.9 328.5 331.5 334.4 337.8 338.7 337.5 335.5 335.8
197.6 198.7 198 196.1 194.8 194.2 198 199.4 201.5 202 200.2 198.2 201.3 206.6 214.2 226.7 236.4 244 249 249 258 268.5 275.2 278.8 278.8 277.3 276.2 274.9 271.9 268.8 267 261.8 253.8 243.4 233.9 233.7 234.8 235.7 230 219.5 208 205.2 208.4 215.9 222.4 227.8 237.5 246 255.8 262.7 266.9 267.7 267.3 263 263.3 269.9 273.6 274.2 276 280.3 284.2 287.2 289.6 290.6 289.8 300 309.1 315 317.5 322.9 327 330.4 333.3 336.8 339.7 341 339.9 339.2
189.3 188.5 185.9 185.7 184.1 187.2 191 193.5 194.8 194.2 193.6 194.7 196.9 198.7 207.4 219 230.1 238.1 246.2 249 254.6 262.6 268.7 272.7 273.1 271.5 269.6 270.7 271 270.2 267.4 262.2 254.4 243.4 235.5 230.6 234.7 235.1 230.1 221.8 210.8 204.5 201.6 210.1 218.3 223.4 225.2 238.1 249.5 258.5 264.9 267.4 267.5 262.7 255.5 261.9 268.1 271.1 274 276.3 280.3 284.3 288 290.1 290.5 298.9 305.7 310.4 317.5 321.8 327.1 330.2 332.1 334.8 338.2 341.4 342.9 342.9
183 183 183 183 183 183 183 185.7 189 186 191 192.4 194.7 197.3 204.1 213.3 224.5 232.9 239.9 242 249.5 256.1 261.7 264.7 264.8 264 265.3 265.8 268.6 267.8 265.5 261.6 254.9 246.5 238.5 228.5 231.7 232.6 229.4 222.5 213.2 202.6 201.5 203.9 214.2 218.8 222.7 230.2 241.6 252.2 261.1 266.2 267.4 264.3 257.6 251.1 261.7 267.1 270.1 274.1 276.7 280.3 284.5 286.8 288.6 294.9 299.3 301.8 316.1 321.2 324.8 329.5 331.6 333.9 336.3 339.1 341.5 344
183 183 183 183 183 183 183 183 187.4 191.7 191.3 191.7 193.1 197.2 202.9 210.3 218.9 227.5 233.5 238.1 240.6 248 253.5 254 257.8 260.4 264.4 265.8 266.4 266 265.3 262.1 257 250.3 241.9 231.5 228.8 227.9 224.8 220 213.3 205.3 200 201.8 204.7 211 217.2 224.3 235.5 246.9 256.3 261.9 264.5 262.9 257.3 250 256.6 262.3 265.5 270.4 273.9 276.7 280.4 282.8 281.2 288.2 293.8 294.8 305.4 319.3 323.6 327.5 331.3 333.6 336.1 337.9 339.3 341.8
183 183 183 183 183 183 183 183 188.9 193.9 194.3 192.6 193.2 198.2 204.1 208.2 214.7 222.2 227.8 231.9 232.2 239.6 246.5 251 252.9 256.4 262.5 265.5 266.2 266 266 264.3 260.7 253.9 244.9 234.6 228.6 221.1 218.8 215.6 209.6 202.4 199 198.1 199.5 203.1 209.7 218.6 229.1 240.1 250.3 256.5 260 260.1 256.6 250.7 250.1 256.4 261.5 266.2 270.3 274 277.5 279.7 278.8 280.2 286.2 290 297.9 313.3 322.8 326 329.4 332.9 335.5 337.4 339.2 340.3
183 183 183 183 183 183 183 183 183 189.5 192.3 193 193.6 198.1 203.7 207 211.2 217.2 222.4 225.7 227.5 232.1 239.9 245.4 248.6 251.3 259.1 264.3 266.8 265.2 265.9 265.6 262.7 257.6 249.5 240 231 221.7 216.9 211.9 203.3 199.2 197.8 196.8 198.7 199.1 205 214.1 222.3 232.4 241.7 248.3 253.2 255 254.2 249.3 246.7 249.3 255.8 261.3 265.7 271.4 274.9 277.1 276.6 273 280.3 289.1 293.1 304.3 319.6 324.9 326.4 330.1 333.3 335.4 337.4 339
183 183 183 183 183 183 183 183 183 182.6 182.6 188.5 191.5 198.4 203 203.9 197.1 212.7 217.1 220.3 221.2 228.1 234.9 240.7 243.9 248.9 256.5 262.8 265.6 265.6 263.1 264.4 262 259.2 253.5 246.9 238.1 228.5 219 209.5 201.1 199 197.6 195.4 194.8 196.8 202.8 212.8 214.6 222.3 231.6 238.2 243.6 248.7 249.6 247.7 242.8 246.8 252.9 258.1 262.9 268 271.4 273.4 272.8 269.3 279.2 287.4 291 296.7 311.2 321.2 323.8 326.6 329.4 330.6 332.1 334.8
183 183 183 183 183 183 183 183 182.6 182.6 182.6 182.6 182.6 192.9 199.8 201 193.3 207 212.3 214.4 217 222.6 229.2 234.7 239.4 242.5 251.2 259.4 263.6 265.3 263.3 261.1 261.4 259.2 255.4 250.3 242.5 233.8 222.8 209 203 203.4 199.5 194.7 193.3 193.8 199.7 208.5 213.2 214.2 221.6 228.1 236.3 242.5 245.8 245.7 242.2 245.8 252 256.3 260.1 263.7 266.7 268.5 268.7 264.2 274.7 283.8 286.6 290.5 299.2 318.6 323.3 324.2 325.6 327 327.1 328.1
