Game/Highland_Data/StreamingAssets/GeoData/Data/ny/NY71.asc
ncols 200
nrows 200
xllcorner 370000
yllcorner 510000
cellsize 50
[rows 140 to 174 of 200, columns 0 to 77 of 200]
234.7 233.7 232.2 231.8 230.5 227.7 225.3 225.1 225.3 222.5 217.4 212.6 207.9 202.6 200.1 198.9 198.7 200.7 202.2 204.6 205.5 205 201.7 200 195.7 191.8 188.8 185.9 182 180.4 183.6 182.5 182.3 182.4 182.6 185.8 186 187.2 191.5 194.7 196 198 200.6 201.6 203.1 201.5 199.3 197.1 198.3 198.3 195.4 193.8 191.5 190.9 188.8 187.2 186.2 184.1 182.3 180.7 180.1 179.6 179 177.7 178.9 180.8 181.7 182 180.7 178.7 176.3 174.1 171.4 168.9 167 165.1 163.2 165.5
236.6 235.3 234 233 231.1 228.1 225.6 223.9 223.6 222.2 216.8 211.7 207.6 201.1 200 199.7 199.6 202.1 206 207.6 207.8 208.6 207.7 201.1 200.8 195.7 192.2 189.3 184.6 181.6 188.7 189.7 187.5 185.7 190.3 191.7 192.1 190.3 193.6 197.1 200 203.1 204.9 206.1 207.3 205.7 202.8 199.9 196.8 195.5 195.1 195.2 190.8 188.5 188.1 187.6 185.1 184.2 181.8 178.7 179.5 178.7 176.5 174.5 174.2 176.5 178.6 179.6 178.7 177 174.4 172 168.3 165.2 161.3 159.3 158.5 159.7
237.9 237.1 236.2 234.3 231.7 227.7 224.6 222.5 220.8 220 215.3 210.2 205.3 203.1 201.3 201.2 203.5 205.9 208.8 209.2 209.5 209.4 203.5 202.5 202.3 203 197.8 193.3 188.3 181.7 188.1 194.5 194.9 188.3 197.1 198.4 197.5 194.7 195.8 199 203.1 206.3 208.7 210.1 211.3 210.5 207.6 204.2 201.1 197.9 197 195.7 191.7 187.8 187.1 185.9 183 181.3 178.6 175.2 173.2 172 170.3 169.2 166.8 168.7 172.1 173.2 174.2 172.7 170.3 167.5 162.7 158 155.6 154.6 154.6 154.5
230.2 239.2 238 235.1 232.6 227.3 223 220.7 218 215.8 211.8 207.6 204.1 203.4 204.7 207.1 210.1 211.2 211 210.6 210.2 209.6 204.3 203.1 202.5 202.7 202 196.8 194.1 181.5 188.2 199 199.3 193.1 201 203 202.4 198.4 197.3 200.2 204.2 208.7 211.2 213.5 214.8 214.7 212.7 210.2 206.7 202.9 200 199 195.1 188.2 184.6 180.9 177.8 176.2 177.2 172.3 171.3 171.5 171.2 170.8 170.1 167.4 164.7 165.5 166.1 165.5 163.5 159.1 157.1 157.5 157.6 156 154 152.9
222.7 226.5 236.3 235.5 233 227.1 221.6 217.8 215 213 210.6 208.3 206.4 206.4 208.3 212.4 214.5 214.8 213.7 212.1 210.9 209.8 209.6 208.4 203.4 204.4 202.3 201.6 196.4 182.5 187.7 199.6 202.1 197.6 202.7 205.8 205.3 201.7 198.3 201.1 205.6 210.7 213.7 215.6 216.4 217 216.4 214.3 211.9 208.1 204.4 201.8 200 191.4 185.8 183.3 182.2 179.2 177.9 177.4 175.3 175.4 175.1 175.1 174.2 171.6 168.3 163.9 161.9 160.5 160.1 159.6 161.5 163.9 163.7 162.6 160.7 158.4
225.5 225.8 226.6 227.7 230 229.5 222.8 219.7 217.3 215 213.3 213.1 211.4 211.9 211.4 216 217.3 217.3 216 213.5 211.4 210.2 209.5 208.7 206.9 204.3 203.2 203.4 198.6 183 185.8 198.7 203.3 200.9 202.3 206.6 206.4 202.4 200.7 201 207.2 211.7 215 217.1 218.4 219.1 218.9 217.6 215.5 212.2 207.6 204.9 202.4 195.2 189.5 189.5 187.1 185.7 184.7 184.5 183.4 182.1 181.4 181.1 179.6 177.4 173.6 169.4 166 163.7 162.2 160.5 162.7 167.3 169.4 169.4 168.1 166
232.5 232.9 231.8 231.7 234.5 230.8 226.4 224.3 221.9 219.6 219.4 220.2 219.4 217.2 216 218.4 219.1 218.6 217.8 215.3 213.3 210.7 209.2 208.1 207.2 204.9 204.5 205.3 202.4 186.6 185 199.4 203.4 200.9 202.4 204.7 206 204.2 201.2 204.2 209.1 213.3 216.3 218.2 219.5 220.4 219.4 219.1 217 214.2 210.6 206.8 203.1 197.3 193.9 193.6 192.9 192 190.5 190.4 189.5 187.7 186.2 185.6 184.4 182 178.4 174.3 170.8 167.4 163.9 162.7 163.1 166.7 170.6 171.6 170.9 169.3
239.2 238.6 237.8 237.7 238.7 236.6 231.5 227.6 225.2 223.4 222.2 224.1 223.7 221.3 218.8 219.3 219.9 219.4 218.7 216.4 213.8 212 209.2 209.1 207.5 205.7 204.8 205.9 204.1 194.8 184.6 200.5 202.9 201.8 202.7 204.2 206 205.8 204.6 206.5 210.3 214.1 217.5 219.2 219.6 219.4 219.7 218.6 216.9 214.3 210.8 207 202.9 197.2 193.2 194.8 196.1 195.7 194.7 193.9 192.3 190.5 188.5 187.9 186.4 183.7 179.6 177.4 172 168.2 165.3 163.7 162.4 163.8 169.1 170.1 169.7 168.3
245.5 244.5 242.7 241.8 243 242.4 235.7 230.9 228.2 226.5 222.7 226.3 226.3 224.3 221.2 219.5 220 219.1 218.4 216.9 214.3 212.4 210.4 209.3 207.7 206 204.7 205.8 204.8 195.6 183.7 200 202.4 202.6 203.5 204.8 206.4 208 206.9 208.8 211.8 215 218 219.8 219.5 218.2 217.1 216.2 214.4 211.9 208.4 204.4 199.1 194.1 192.2 194.8 197.1 196.6 195.8 194.2 191.9 190.1 188.6 187.2 185 181.6 177.5 176.2 171.7 167.5 164.6 161.7 160.5 159.9 163.6 163.5 162.8 162.5
250.9 249.9 247.2 245.7 245.6 245.8 240.7 233.6 230.3 228.2 225.2 226.8 227.4 225.7 221.6 219.7 220.1 219.1 218.5 216.9 214 212 210.2 208.4 207.3 206.3 204.3 204.8 204.6 193.5 187.4 195.7 202.3 203.7 204.3 205.5 207.6 208.2 209.8 210.7 212.7 215.3 218.4 218.4 217.8 216.5 213.6 211.7 209.6 206.1 202.5 197.3 193.5 194.4 192.3 191.6 193.8 195.3 193.8 191.6 189.9 189.9 187.5 185.4 176.9 174 172.8 164.6 163.7 161.2 161.7 159.7 158.3 156.6 154.3 156.4 156.8 154.3
254.7 254.3 250.8 248.9 247 248.6 244.5 236.4 231.9 229.5 226.1 226.3 227.5 226 222.4 219.3 219.8 219.7 218.2 216 213.3 211.8 210 208.1 206.7 205 203.4 201.7 199.2 188.2 187.2 206.4 202.3 204.8 206 207.3 208.4 210.5 211.3 213.4 214.2 216.3 217.1 215.8 215.3 212.8 210.6 207.5 205.5 201.5 196.5 192.7 193 193.5 192.8 190.7 191 191.9 190.4 188.7 186.9 184.4 178.1 178.7 182.2 180 177.3 172.7 167.3 163.9 158.8 156.7 156.3 155.4 154.5 153.5 153.4 153
257.7 257.9 254.9 250.8 249.1 250.1 246.9 238.8 233.6 230.7 227 225.2 226.2 224.6 221.8 218.5 218.5 214.7 212.9 215.3 212.7 210.2 208.6 206.9 205.1 202.8 200.3 192.4 187.1 184.5 188.3 198.1 206.7 204.9 205.9 209 209.7 212.6 213 215 215.5 216.7 216.8 215.1 212.5 210.8 208.6 204.9 203.9 198 193.1 191.4 191.5 192.8 192.2 190.2 189.6 188.2 186.7 186.1 181 186.6 188.1 186.2 183.1 183 180.6 175.4 169.7 164.8 161 157.8 155.7 155.3 155.4 156.5 155.6 156.3
259.4 260.6 258.4 253.9 251 251.1 247.9 239.8 234.6 231.2 227.1 221.9 223.3 221.5 219.7 216.9 215.1 218.8 215.5 211.6 209.9 208 205.3 204.7 203.1 200.5 187.6 186 185.4 188.3 195.6 200.7 202.3 206.5 208.4 210.3 211.2 213.4 214.6 213.5 215.4 216 215.6 213 209.9 208.8 207 204.7 202.5 197.6 192.3 190.8 190.4 190.9 191.2 189.3 188.5 186.7 185.4 183.7 184.5 187 188.8 187.6 187.2 186.4 183.3 178.2 172 166.7 162.6 159.8 157.4 157.7 155.5 160.7 163.6 165.9
260.3 261.7 260.6 256.3 253.3 251 247.2 240.3 235.9 231.5 226.4 219.7 217.9 217.2 217.1 216.4 218.4 219.1 216.5 213.3 201.8 198.2 193 195.4 199 196.7 186.7 193.2 193.5 194.7 197.6 200.9 203.5 205.4 208.3 210.6 211.9 214.5 215.7 214.3 213.5 214.2 213.2 210.4 207.7 207.8 205.9 203.9 201.8 197.9 192.9 190.6 189.9 190.3 189.9 188.7 187.2 185.4 183.3 183 185.4 187.4 189.9 190.7 190 188.7 186 182.6 174.4 169.6 164.5 158.6 162.4 160 157.5 161.7 165.9 169.4
260.1 260.6 261.6 258.3 254.9 249.5 244.8 239.1 235.5 230.1 223.7 218.3 217.9 217.3 217.2 216.7 218.2 218.7 217.3 213.7 209.7 206.6 203 199.7 191.7 189.1 188.1 197.1 194.2 195.2 198.9 201.6 203.7 205.2 207.9 210 213.1 214.2 215.1 214.5 212.6 212.7 210.3 207.7 206.2 206.6 205 203.7 201.6 198.2 194.1 190.9 189.4 189.8 188.8 187.9 187.3 185.8 186.5 185.8 185.9 187.1 189.8 191.7 191.8 190.9 187.9 183.8 177 172.1 168.4 161.8 165.1 162.7 159.4 158.4 164.4 168.7
259.9 258.9 260.6 258.6 254 246.5 241.3 235.4 232 226 220.6 219.5 218.7 218.1 217.1 217.9 218.8 219.2 217.3 213.6 210.6 206.5 203.6 200.5 197.9 189.2 188.6 198.9 198.1 198.5 200.3 201.5 204 205.2 207.3 210.2 212.7 210.3 213.5 212.7 209.7 210 207.1 205.4 204.8 205.1 204.8 203.2 201.7 197.4 195.2 192.8 190.8 190.1 189 188.9 188.9 188.7 188.3 187.9 187.4 188.3 189.4 191.6 191.6 190.3 188.4 183.6 177.5 174.2 171 164.1 168.8 165.8 161.2 158.5 158.7 162.4
259.8 257.9 257.7 255.3 250.1 240.1 231.9 229 225 223.1 221.3 219.9 218.7 218.2 218.8 219 219.8 220.7 218.5 214.1 211.5 207.5 204.6 199.6 191.4 189.7 190.8 200.7 202.2 202.8 203 202.9 204.8 206.2 207.4 209.9 211.6 209 211.9 211.4 210 207.7 204.9 203.5 203.7 203.9 203.6 203.1 201.5 198 198 195.4 193.4 194 192.6 192.7 192.2 192.2 191.4 190.7 189.9 189.7 190.1 191.2 191.4 190.2 187.3 182.8 178.5 174.6 171.8 168.2 171.8 170.9 164.8 160.4 157.9 157.6
256 254.2 250 246.8 238.9 242.3 239 231.4 225.4 223.8 222.4 220.4 219.8 219.8 220.5 221.9 222.1 222.9 220.3 215.8 213.5 209.5 202.3 201.6 198.9 190.8 188.3 201.4 204.9 205.8 205.7 204.4 205.9 207.6 207.6 208.5 209.8 210.2 209.1 209.2 206.8 205.9 203.6 203.3 203.2 203.1 203.1 202.8 200.7 198.9 200.5 197.3 197.2 198.4 197.6 196.6 196.3 196.2 195.7 194.4 193.1 192.1 191.9 191.7 190.9 188.8 186.1 181.7 177.7 175.4 172.3 171.1 173.5 174 171.8 165.1 162.1 160
252.2 251 250 249.9 249.1 246.3 241.6 235.4 229.6 225.2 224.9 222.9 223.6 224.6 224.9 224.6 225.6 226 223.4 218.2 215.3 204.1 207.6 203.9 199.8 192.9 188.3 198.8 205.8 207.6 208.1 206.9 206.4 206.7 208.3 208.3 208.3 207.4 209.2 204.1 203.9 205.1 203.4 202.9 203.4 203.1 202.4 200.3 199.6 199.9 200.7 199.3 199.2 200.6 201.8 200.4 200.1 200.3 199 197.8 196.4 194.5 192.9 191.3 189.6 186.8 183.8 179.9 176.1 173.2 171 171.8 174.1 175.9 176.4 172.8 168.5 166
255.6 256 256.5 255.4 254.1 250.1 246.6 241.4 235.4 230.5 231.1 230.8 230.5 230.9 231.4 229.9 229.8 229.1 225.7 219.7 216.6 212.6 211.1 205.7 201.7 196.1 190.3 195 204.6 208.4 209.2 207.5 206.5 205.6 205 203.7 202.5 202 201 210.2 202.8 205.5 204.5 202.5 202.9 203.3 202.3 200.2 200.9 199.8 199.3 199.4 200 201.5 204.5 203.1 202.4 202.5 202.2 200.7 198.8 196.1 193.7 191.2 187.7 183.4 180.1 176 173 171.1 168.9 169.1 171.8 175.5 179.4 178.5 176.3 174.8
263 263 262.7 260.7 258.8 255 251.3 246.7 235.5 236.2 236.4 240.4 239.3 238.7 238.1 235.6 235.1 232.9 229.1 222 215 217.5 214.4 208.7 203.3 200.3 196 189.8 200.7 208.5 210 208.5 207.4 206.5 203.5 201.1 199.8 198.8 198.9 201.5 210.2 206.5 206.4 204.3 202.2 203.1 202.4 202.2 202.7 200.2 200 199.6 199.4 200.1 204 205.4 203.8 204 204 202.6 200.1 197 193.5 188.9 183.1 177.9 175.1 174.2 173.6 171.6 170 170 170.6 173.6 177.4 179.2 178.8 179.1
267.2 267 266.5 264.9 262.7 258.9 255 247.2 240.3 242 239.9 246.3 245.2 244.7 243.6 241.6 239.9 236.7 231.7 225.1 220 220.3 217.5 212.2 206.5 202.4 199.8 189.5 191.7 204.9 209.2 208.7 208 206 202.5 200.5 198.5 198.4 199.4 200.6 203.3 210.1 208.3 205.8 202.5 202.3 202.2 204 205.1 203 202.1 202.1 201 199.2 198.8 199.8 198.7 200.5 202.7 201.2 196.9 191.5 185.8 182.3 178.9 177.9 177.4 177.6 177.4 175.1 173.5 172.1 172.1 172.5 173.3 174.3 177.4 178.8
269.7 269.3 268.4 266.5 264 261.1 256.8 246.6 248.8 245.7 243.1 249 249.3 248.7 248.9 246.8 244.8 240.5 233.8 227.9 222.1 221.5 220.8 215.9 209.3 204.9 201.7 196.6 190.2 193.2 205.1 207.7 206 203.8 200.7 198.6 198.5 199 199.7 200.9 203.4 206.5 208.2 206.2 202.6 202.9 203.8 206.3 207.4 205.1 205.3 206.2 206.2 203.6 202.7 201.6 199.7 196.7 196.1 194.2 193.7 191.9 188.4 186.8 183.3 181.7 180.8 181.9 180.7 178.2 177 175.3 176.5 175.7 174.5 173.1 173 174.2
270.9 270.4 269.5 267.8 265.3 262.5 258.8 251.6 252.1 248.9 247.5 248.5 251.6 250.7 252.3 251.6 249.2 244.3 236.5 230.2 224.8 223.2 223.5 218.5 214.7 208.5 205.3 200.2 195.6 190.8 194.5 200.3 202.7 198.9 196.9 200.6 202.6 202.7 201.9 202.3 203.7 205 205.1 204.7 205.1 206.5 207.7 208.5 208.9 207.5 207.4 209.6 211 210.6 209.3 208.2 206.2 203.3 201.4 199.9 199.3 197.3 193.6 191.7 189.4 188.3 187.9 186.8 184.9 181.2 179.4 179.3 179.4 178.9 177 174.8 173.6 172
271.9 271 269.9 268.8 266.5 264 259.8 252.4 255.5 252.2 251.1 248.7 251.4 251.3 253.5 254.7 252.6 247.4 239 232.9 225.2 226.6 225.9 223.5 218.1 212 207.7 202.3 197.6 191.6 190.3 191.1 193.3 199.3 203.6 204.9 206.9 208 205.5 205.7 206.3 206.2 207 207.1 208.4 209.9 210.8 211.3 210.1 209.8 209.5 210.9 214.2 215.1 214.2 213 211.2 208.8 207.2 205.8 205.1 202.5 199.1 197.2 195.9 194.4 193.1 191.9 188 183.5 181.4 181.3 180.6 179.4 177.6 175.5 173.8 172
268.8 270.9 270.6 269.7 267.2 264.5 260.5 257.9 257.7 255.3 254.4 252.1 251 251.1 253.1 255.9 254.8 249.1 240.6 232.8 228.6 227.9 228.7 226 223.3 216.4 210.9 204.7 198.6 192.5 191.8 191.1 195.9 203 205.3 207.7 210.5 211.6 210.4 210.5 211.8 212.7 211.9 213.5 212 215.4 215.4 214.2 213.2 212 211.7 212.9 215.7 217.6 216.5 215.3 213.7 211.1 210.3 209.5 208.9 206.7 203 201.3 200.6 199.1 197.5 195 188.9 184.4 182 181.7 180.4 178.5 176.3 173.6 173.3 171.2
270.1 268.2 268.2 267.9 266.5 263.8 259.6 260.3 260.2 257.2 257.2 256.1 253.7 251.9 251.4 255.1 254.8 249.2 239.2 229.8 231.9 230 230.7 228.3 226.7 220.2 212.3 205.2 199.7 192.6 191.8 191.2 196.9 204.7 208.4 210.7 213.7 214.5 213.5 215.3 217.4 218.8 217.9 218.6 219.3 217.4 218.4 217.5 216.1 214.2 213.1 214.2 217.3 218.8 217.6 216.1 214.6 212.5 211.4 210.9 210.4 208.8 206 204.8 204 201.9 199.4 195.4 188.7 184.6 183.2 180.7 177.7 175.6 174.1 170.3 171.1 168.6
267.5 266 264.9 263.7 262.6 259.9 261.9 263 262.3 258.2 259.4 258.7 256 252.8 249.3 251.7 251.5 246.5 235.7 238 234.3 231.7 231.7 229.9 229.5 222.8 213.1 208.9 200.4 194.5 192.2 191.2 196.7 205.4 209.9 212.9 215.6 216.8 216.8 217.5 220.3 222.4 221.8 221.7 222.7 218.5 220.2 220.1 218.5 216.6 215.2 215 218.1 218.9 216.6 215.2 213.7 210.8 209.8 209.2 209.6 208.4 206.4 205.3 204.6 202.5 199 194.3 186.8 184.3 182.9 179.4 174.6 171 169.4 168.3 166.8 163.6
269.8 265.7 263.1 263.4 263.1 264.5 264.9 265.5 264.1 259.8 260.3 260.5 257.5 253.8 247.6 244.9 244.3 239.9 240.1 240.5 235.9 232.8 232.3 230.8 230.8 224.5 217.5 211.5 202 196.3 192.4 191.7 195.3 206.8 210.6 213.2 216.3 217.3 217.5 219.1 221.9 224 223.6 222.8 223.3 221.6 216.4 220.3 218.7 217.8 216.1 215.6 217.6 217.2 213.6 212.7 211 208.1 206.9 206.5 206.8 206.3 204.6 203.8 202.9 200.5 196.7 190 185.8 183.5 181.9 179.1 175.6 172.6 170.1 164.8 162.1 160
271.8 269.6 267.3 264.8 266.9 268.4 269.1 269.1 266.6 260.8 260 261.4 257.9 252.1 247.9 244.4 243.2 241.2 243 242.3 237.5 233.8 231.9 229.6 229.1 223.7 220.3 213.5 204 198.1 192.3 192 194.3 207.9 210.9 213.5 215 217.8 219.1 220.7 223.6 225.9 224.8 223.1 221.6 220.1 217.3 218.1 217.5 217.1 215.5 214.5 215.3 213.7 209.6 208.2 206.8 204.3 202 201.5 201.3 201.7 200.4 198.6 195.7 192.8 189 186.3 185 183.8 181.9 178.3 175.6 173.9 170.7 166.3 165 164
274 272.2 270.3 266.7 270.6 272.1 272.5 271.9 268.7 262.1 257.5 259.2 255.3 250.6 247 248.7 247 244.6 243.5 242.7 239.1 233.6 226.9 222.7 223.7 224.7 220.4 213.9 204.9 198.6 193.2 192.6 195.1 204.3 211.6 214.2 216.1 218.7 220.4 222.2 224.9 226.9 226 222.8 219.7 217.2 215.7 214.7 212.7 213.4 212.4 210.4 207.3 204.6 203.5 202.5 201.8 199.7 198.4 196.7 195.2 194.8 193.3 192.4 190.5 189.6 188.8 186.3 184.9 183.2 180.2 177 175.6 174 170 167.2 167.8 167
278 274.6 272.6 268.5 273.2 275.5 275.4 274 269.9 263.2 259.4 257.3 253.6 252.2 250.5 252.4 250.1 245.5 244.5 243.5 239.1 232.4 226.1 226.7 217.8 218.7 215.6 211.9 204.7 196.9 192.9 192.4 194.9 201.2 209.1 214.6 217.4 220.6 223.3 223.7 226.2 227.4 226.3 223.5 220.2 217.3 215 214.2 206.9 206.4 206.2 203.9 201.2 199.1 197.6 197.1 196.7 196.3 194.6 192.6 190.1 189 189 189 190.4 191 189.6 186.4 183 181.2 178.1 174.6 173.7 172.3 168.8 167.3 168.2 167.7
281.5 274.2 273.3 270.1 274.4 277.2 277.1 275 270.5 265.7 261.6 258.8 256.3 254.1 252.9 254.5 252.1 246.9 244.7 243.4 237.6 229.7 228.7 225.8 218.3 212.1 210 207.4 201 194.3 192.5 192.8 195.5 202.5 211 216 219.7 222.1 224.9 225.1 226.2 227.6 227.7 225.6 222.4 218.4 215.6 211.9 205.4 201 200 197.7 195.5 195 193.4 193.4 192.4 191.3 189.9 187.8 186 186.1 185.4 185.4 188.1 189.7 188.2 184.2 179.7 177.2 174.3 171.1 169.7 168.7 165.7 164.9 165.9 165.9
286.1 279.3 271.9 271.9 274.7 277.7 277.4 275.1 270.8 266.4 265.3 261.7 258.7 256.2 255.2 256 253.2 246.1 244 240.2 233.3 230.8 226.7 223.2 215.6 208.8 204.1 200.4 196.3 193.4 192.9 193.9 199.7 206.7 213.5 218.4 222.3 225.8 226.9 227.6 227 227.9 228.6 226.3 222.7 219 215.9 210.6 204 197.6 195.6 193.6 192 191.1 190 190.2 189.1 186.9 184.8 181.3 181.8 182.4 178.6 180 182.6 185.6 184.4 179.2 173.5 169.5 168.4 166.7 165.1 164.9 163.9 163.1 162.1 161.1
286.3 281 274.6 272.8 272.7 276.4 276.2 273.5 271.1 269.5 268 264.9 261.3 258.6 256.5 256.3 252.5 245.3 240.8 235.7 231.9 226.3 221.2 218.4 213.1 205.8 198.5 196.2 195 193.9 194.7 196.2 203.9 210.7 217.9 222.5 225.4 227.4 228.6 229 228.6 227.6 227.7 226.4 222.5 217.9 213.8 208.9 210.4 198.2 197 194.5 192.2 190.5 187.3 185.8 183.7 182.7 183.5 183.6 182.2 178.6 177.5 177.7 175.1 175 173.7 171.3 171.6 171 170 169.2 168 166.9 164.9 164.7 165.3 164.4
