Game/Highland_Data/StreamingAssets/GeoData/Data/ny/NY73.asc
ncols 200
nrows 200
xllcorner 370000
yllcorner 530000
cellsize 50
[rows 105 to 139 of 200, columns 0 to 77 of 200]
823.8 813.7 805.1 798.7 792 783.7 774.3 762.1 744.9 732.5 724.5 718.5 714.3 710.3 706.2 702.2 697.8 691.4 685.4 681.1 677 671.9 665.9 658.8 653.8 651.5 649.2 646.5 641.4 641.8 642.8 642 640.4 638.9 637 635.2 633.2 631.7 630 628 626.2 624.4 622.7 620.8 618.9 616.8 614.7 612.6 610.6 608.7 607.1 605.8 604.6 603.2 601.9 600.3 597.4 594.5 589.1 583.4 580.7 581.7 581.8 581.1 580.2 579 577.3 576.2 577.1 577.8 576.2 574.3 572 569.5 570.7 575.9 581.9 582.4
817.9 809.3 803 796.7 789.4 780.7 771.3 757.1 742 730.5 722.2 717.1 713 708.3 703.8 699.2 693.9 687.8 683.6 678.9 674 669.2 663.9 657.5 654 652.4 650.5 647.4 643.8 639 635.9 636.6 634.9 633.6 632.3 630.6 630 629 627.4 625.9 624.5 623.1 621.4 619.7 617.6 615.4 613.4 611.4 609.3 607.1 605.3 603.5 602.1 600.5 599.2 597.2 594.3 590.4 582.5 580.5 583.8 584.2 583.9 583.9 583.2 584.9 587 587.6 588.4 587.2 583.7 582.9 579.9 574.9 568.6 568.8 567.8 569.5
812.5 806.2 799.9 793.4 786 777.6 767.6 752.8 738.3 727 720.3 716 711.7 707 701.9 695.8 689.8 685.2 681.7 676.4 670.9 665.2 660.7 656.4 653.8 652.1 649.8 646.2 642.6 637.8 628 630.7 630 628.7 627.6 626.6 625.9 625.6 625.4 624.4 623.1 621.8 620.3 618.3 616.1 614 612.1 610.2 608.2 605.9 603.8 602 599.8 598.1 596.4 593.8 590.2 585.4 582.2 581.1 585.3 586.9 587 586.7 586 587.7 590.1 591.5 591.7 587.5 585.8 584.7 584.9 584.2 578.6 574.9 568.6 567.4
809.4 803.7 797.1 789.8 782.3 774.1 762.8 748.5 735.6 726.2 719.7 715.2 710.5 705.2 699.9 693.9 688.2 683.7 680.6 675.7 668.4 661.9 657.7 655.1 652.9 650.6 647.6 644.5 640.8 637 631.5 624.7 626.1 624.9 624.3 623.4 623.4 623.5 623.4 622.3 621.2 619.8 618.3 616.5 614.6 612.7 610.8 608.9 606.8 604.6 602.3 600.1 597.9 596 594 589.7 583.9 583.1 583.6 588.4 588.3 589.8 589.6 589.2 589 589.4 590.8 593.6 593.1 589.5 587 585.8 585.1 585 583 583.1 582 578.3
806.5 801 793 785.2 778.2 769.3 757.5 743.2 731.5 723.9 718.9 714.1 709.2 704 698.1 691.2 686.1 681.9 678.6 673.1 665.7 659.3 655.7 653.5 651.7 648.7 645.8 641.6 637.4 633.5 630.9 625.9 621.2 620.9 621.1 620.9 620.7 620.9 620.8 619.9 618.7 617.4 616 614.4 612.9 611.1 609.2 607.4 605.2 602.8 600.5 598.2 596 594 591.6 586.3 584.8 586.7 588.1 590.3 591.1 591.6 591.6 591.4 591.1 591.1 591.3 595 593.4 591.1 588.2 585.9 585.3 585.2 584.2 583.9 583.1 581.8
802.7 796.1 788.2 780.9 773.9 764.6 752.4 738.9 728.7 721.8 717.2 712.4 707.4 701.8 695.8 689.8 684.4 680.3 674.5 668.5 662.6 656 653.3 651.3 649.5 646.7 642.3 638 633.8 630.7 627.8 625 621.9 618.9 617.3 618.1 618 618 618 617.5 616.3 615 613.7 612.5 611 609.3 607.5 605.5 603 600.9 598.7 596.1 594 591.9 589.3 587.2 587.1 589.8 591.2 592.3 593.6 594 593.7 593.3 593.1 592.6 592.4 592.6 593.9 591.7 587.9 586.1 585.9 585.9 585.6 585.1 584.3 582.8
797.2 790.3 783.3 776.9 769.3 760.4 748.5 736.1 726.3 720.1 715.4 710.9 705.6 699.3 693.9 688.3 683 677.5 670.5 664.5 659 654.6 652.7 649.4 645.6 642 638.4 634.4 630.4 628.3 626.1 623.6 621.4 618.1 613.7 615 615.2 615.3 615.3 614.7 613.7 612.5 611.3 610.2 608.8 607.4 605.7 603.4 601.3 598.9 594.5 591.3 590.9 589.6 588.3 586.9 590.5 592.4 594.1 595.2 596.1 596.1 595.8 595.4 594.8 594 593.8 593.6 592.4 591.2 589.3 587.6 587.5 587.2 587 586.3 585.4 583.9
790.9 784.6 779.1 772.5 764.7 756.3 745.1 733.5 724.5 719 714.1 709.2 703.9 696.1 690.5 685.2 679.6 673.7 667.4 661.8 656.9 655.1 653.1 648.9 643.6 637.3 630.7 627 625.4 625.6 625.4 623.5 621.4 618 614.9 610.3 611.7 611.9 611.9 611.4 610.6 609.9 608.8 607.3 605.7 604.5 602.3 599.8 597.3 590.8 591.3 589.9 589.3 587.7 588.5 590.4 593 594.8 596.6 597.6 598.5 598.5 598.1 597.8 596.6 595.4 594.8 594.8 594.5 594 592.9 591.5 589.9 589.3 588.1 587.3 586.3 585
786.3 779 773.4 767.5 760.5 753.5 741.9 730.2 722.8 717.4 712.6 708 701.6 694.2 687.8 682 676.5 671.5 665.8 660.3 656.9 654.8 652.3 647.4 642.4 635.8 627.2 622.1 619.9 620 622.5 622.2 621.1 618.6 616.2 613.1 609.1 606.9 607.1 607.7 607.2 606.3 605.5 603.4 601 599.5 597.6 591.8 593.3 593.4 592.8 591 591.4 591.8 592.1 593.1 595.2 597.4 599.2 600.3 600.8 600.9 600.6 599.9 598.6 597.1 596.1 596.3 596.6 596.2 595.4 594 592.5 590.6 589.1 588.1 587 585.9
781.6 774 767.3 762.4 757.8 750.9 738.5 727.3 720.6 715.6 710.8 705.3 698.6 691 685.6 679.8 674.4 669.3 664.5 660.8 657.5 653.9 649 642.9 636.5 628 623.3 621.9 621 618.7 617 616.6 615.4 613.6 611.8 609.5 607.4 604.9 602.8 602.5 603.6 602.5 601.1 599 595.9 595.3 594 593.7 595.5 595.3 594.6 592.2 593.4 594.9 595.2 595.4 597.4 599.7 601.7 602.7 603.2 603.1 602.7 601.8 600.6 599.5 598.7 598.4 598.6 598.1 597.6 596.4 594.5 592.7 590.8 589 587.8 586.6
776.3 767.9 762.8 758.5 752.8 742.6 732 723.7 718.2 713.8 708.8 702.4 695.4 688 682.4 677.5 672.2 667.1 662.3 657.9 653.3 648.3 641.6 634.4 628.5 627.7 625.9 623.9 623.1 621 618.6 616.7 615.2 613.4 612.2 611 609.5 608.3 606.6 605.3 601.8 600.2 598.8 601.7 599.4 598.9 598.7 598.6 598.7 597.5 595.8 593.5 595.1 597.1 598.6 598.3 599.6 602 604 604.9 605.2 605 604.6 603.7 602.6 601.5 600.6 600.7 600.6 600.3 599.7 598.3 596.3 594.4 592.5 590.8 589.2 587.6
769.9 763.4 758.5 753.2 743.4 732.5 725.8 720.4 716.4 711.7 706.1 699.6 691.4 684.3 679.3 673.8 667.9 663.2 658.2 652.3 644.9 638.7 634.6 632.4 632.4 631.2 629.7 627.8 625.6 622.7 620.6 620 619.2 618 616.6 614.8 612.9 610.7 608.4 607.3 606.2 604.3 602.1 602.9 602.7 602.5 602.4 601.6 600.7 599.4 597.1 595.2 597.9 600.1 601.4 602.3 600.9 604.3 606.3 607.3 607.4 606.9 606.4 605.8 605 604 603.1 602.8 602.7 602.4 601.6 600.3 598.3 596.2 594.4 592.8 591 589.3
765.7 760.8 754.1 744.9 734.7 726.3 721.7 718.6 714.8 708.5 701.6 694.7 686.8 680.8 675.1 669 662.7 657 650 645.9 643.5 643.8 644 642.3 639.2 636 633.4 631.7 628.8 625.1 622.6 622.2 621.1 619.5 618 616.2 613.6 611.5 609.6 608.5 607.8 606 604.3 605.6 605.7 605.5 605.2 604.3 603.2 601.4 598.9 598 600.2 602.7 604 605.4 605.3 606 608.6 609.5 609.4 608.9 608.2 607.8 607.3 606.4 605.5 605.2 604.8 604.5 603.5 602.2 600.3 598.3 596.4 594.9 593 591.1
760 753.6 746.4 737.4 729 722.7 718.5 715.9 712.3 703.9 695.9 688 681.9 675.4 669.6 664.4 657.8 655.4 657.2 657.3 655.3 653.7 651.7 649 646.2 643.7 639.8 636.2 633.1 627.1 625.3 624.4 622.6 620.7 618.9 616.8 614.2 612.7 611.3 610.2 609.2 606.7 607.6 608 608.1 608.1 607.9 606.8 605.6 603.9 601.1 602.3 604.5 605.3 606.7 608 608.6 608.1 610.1 611.1 611 610.6 610.1 609.9 609.5 608.7 607.7 607.2 606.9 606.5 605.4 604.2 602.5 600.5 598.7 597.1 595.2 592.9
761.2 750.4 740.9 731.2 722.2 716.5 710.5 705.1 700.8 695 686.9 681.8 676 671 667 663.6 664.1 665.6 664.4 662 659.6 657.4 655.7 653.8 651.4 648.5 644.7 641.2 635.2 629.9 628.8 626.3 624 622.1 620.2 618.4 616.1 614.7 612.8 611.1 609.7 609 610.1 610.5 610.6 610.7 610.4 609.5 608 606.3 602.3 604 607 608.2 609.5 610.1 610.7 610.6 611.4 612.6 612.6 612.3 612.1 612 611.9 611.1 610.1 609.1 608.8 608.1 607.2 606 604.5 603.1 601.4 599.8 597.2 595.3
768.5 757.4 744.5 733.4 727.5 722.8 717 710.9 703 697.9 691.7 689.6 686 681.2 677.3 675.3 674.6 672.3 669.1 665.9 663.2 660.5 658.4 657 654.8 651.7 647.9 642.7 638.6 634.8 631.1 628.4 625.6 623.5 621.7 620 618.1 616.4 614.5 612.4 611.2 612.1 612.4 613 613.1 613.3 612.9 612.2 610.7 608.6 604 607.4 608.9 610.4 611.6 612.3 613 612.6 612.9 614.1 614.4 614.2 614 613.9 613.9 613.7 612.8 611.8 610.8 610.1 609.1 608 606.7 605.4 604 601.9 599.7 598.1
770.3 766 753.5 743.1 738.7 733.4 726.3 721.8 717.6 712.9 708.7 704.5 699.1 692.8 687.3 685.3 684.5 678.6 674.4 670 666.4 663 660.9 659.1 656.8 653.6 650.1 646.3 641.6 637 633 630.2 627.5 625.4 623.8 622 620.2 618.2 615.9 613.8 615.2 615.6 614.9 615.5 615.6 615.8 615.6 614.5 613 611.4 606.7 609.4 611.8 612.9 613.6 614.2 614.7 614.3 614.5 615.7 616.2 616 616.1 616.5 616.9 616.3 615.9 615.1 613.9 612.4 611 609.9 608.6 607.3 606 604.1 602.5 601
771.6 768.9 763.5 755.3 749 742.3 734.4 730 726.1 722.1 718.4 713.8 708.4 702.9 698 694.6 691.3 685.2 678.5 674.1 670 666.1 663.8 661.1 657.8 655.7 653.1 648.3 643.9 639.5 635.3 631.9 629.2 627.4 625.8 624.3 622.3 620.3 617.3 617.3 618.8 618.4 617.6 617.7 617.8 617.8 617.2 616.4 614.8 612.4 608.8 612.5 613.9 614.7 615.4 616.1 615.9 615.5 615.3 617.1 618.2 618.3 618.8 619.2 619.8 619.8 619.4 618.6 617.1 615.7 614 612.5 611.1 609.8 607.9 606.1 604.4 603
772.4 770.6 767.9 762.4 756.4 748.8 741.2 736.6 731.9 727.1 723.8 720.1 715.5 710.2 704.4 700.1 696.4 691.4 683.4 678.3 674.2 670.2 665.9 662.7 660.3 658 655.6 651.3 646 641.2 637 633.7 631.2 629.4 627.7 626 624.2 623.4 618.3 620.6 621.8 620.5 619.9 619.3 619.2 618.9 618.2 617.1 615.6 612.2 613.3 615.4 616.2 617 617.7 617.9 617.7 617.3 617 619 619.9 621 621.6 622.2 622.6 622.7 622.7 621.9 620.4 619 617.6 615.9 614.5 613 610 608 606.4 605
773.2 773.3 771.2 767.6 762.4 754.7 747.1 741 736 731.6 728.2 724.6 720.7 716.4 710.4 705.3 701.1 696.4 688.4 682.3 677.2 671.6 667.8 665.5 662.7 660.3 657.8 653.6 648.3 643.3 638.8 636.2 633.2 631 629.3 627.7 626.6 624 621 624.7 624.5 623.1 622.3 621.2 620.7 619.7 618.5 616.8 613.9 612.5 616.8 618.4 619.5 619.9 619.7 619.8 620.6 620.6 619.5 621.2 622.5 623.7 624.6 625.2 625.5 625.7 626 625.2 623.9 622.8 621.4 619.5 617.9 615.7 613.6 610.5 608.4 607
775.3 775.3 774.4 771.2 767.3 761.6 753.9 746.2 740.4 736.4 732.4 728.7 725.1 721.4 716.6 711.1 705 700 692.4 687.5 680.9 675 671.1 667.7 664.4 661.5 658.8 655.3 650.7 646.9 644.2 640.4 636.5 632.9 631.1 629.3 627.1 623.6 624.4 627.7 627 625.8 625.2 623.6 622 620.2 618.6 615.1 613.8 615.3 619 621.7 622.7 622.7 622.7 622.7 623.6 624 623 623.7 625.1 626.4 627.3 628.2 628.5 628.7 629 628.6 627.6 626.8 625.2 623.4 621.5 619.2 617 613.9 610.5 609.2
777 777.8 777.1 774 770.4 765.9 761.4 754.3 747.6 742.4 737.4 732.9 729.2 726.1 721.4 715.7 709 701.3 697.3 694.4 689.7 681.4 674.3 670.5 666.6 663.4 660.6 657.8 655.4 652.3 650.5 646 639.3 635.1 632.5 630.1 626.1 626.7 628.2 629 628.7 627.9 626.8 625.1 623 620.6 617.8 615.9 617.8 619.3 621.2 623.6 625.8 626.4 626.4 626.6 627.4 628.4 627.2 627.6 628.2 629.6 630.7 631.1 631.4 631.7 631.7 632 631.2 630.5 629 627.1 625 622.6 619.9 617.1 613.5 611.5
780.5 782.5 782.5 778.9 773.7 769.8 766.2 762.3 756.2 750.4 744.5 739.1 734.9 731.6 726.6 720.1 713.6 706.7 703 700.3 696.4 688.3 679 673.3 669.2 666.2 663.3 660.6 658.5 656.5 654.6 648.6 641.6 637 633.7 629.9 630 630.3 630.2 630.5 630.7 629.6 628.2 625.5 622.6 619.8 618.7 620 621.9 622 623.4 626.5 629.1 630 630 631.2 633 633.8 632.4 632.5 632.9 633.6 634.2 634.4 634.7 635.2 635.1 635.3 635.1 634.2 632.7 630.8 628.4 626.1 623.1 620.2 617.1 614.2
783 788 789.7 786.1 780.4 775.1 771.5 767.7 763.2 757.8 752.1 746.1 742.2 737.5 731.6 725.1 720.5 714.9 708.7 704.5 699.4 692.8 684.1 676.8 671.9 668.2 665.3 662.7 661 658.5 653.7 648.6 642.9 638.3 634.3 633.6 633.5 633.8 634.5 634.3 632.5 631.1 628.4 625.2 623 622.4 622.7 623.9 625 625.6 628 630.2 632.4 633.7 634.5 636.9 638.7 638.5 638.3 637.6 638.9 639.2 639.4 639.8 639.2 639.7 639.9 639.5 639.1 638.1 636.7 634.3 631.9 629 626 622.9 619.8 617.2
784.3 791.2 795.8 793.8 788.8 783.6 779.2 774.8 769.1 763.9 759.4 753.9 749.4 743.9 737.2 730.2 725 720.6 714.8 709 703.9 696.5 689.2 681 674.7 670.1 667.5 664.9 662.2 658.9 654.6 649.9 643.4 638.1 637.9 638.5 638.9 639.3 639.1 637.1 634.9 632.5 628.9 627.3 625.4 625.6 626.6 627.6 628.4 630.2 632.8 635.6 637.7 639.2 640.5 642.7 644 641.9 644 643.9 645 645 645 645.4 644.9 644.8 644.8 644.5 643.6 642 640.2 637.5 634.2 630.8 627.5 624.4 621.2 618.5
783.6 791.6 797.1 797.6 795.5 791.1 786.7 782 775.8 769.4 765 760.7 755.9 749.5 742.5 735.5 729.2 725.1 720.6 715 707.8 701.1 693.7 685.8 677.7 672.9 669.9 666.8 663.7 659.7 655.5 650.1 643.9 643.1 643.1 643.9 643.9 643.3 642.5 640.4 637.8 633.5 631.4 629 628.7 629.6 630.7 631.8 632.9 635.1 638.1 640.8 643 645.1 646.9 648.6 649.2 648.8 650 649.9 650.6 650.6 650.3 651 650.6 650 649.6 649.2 648.7 646.4 642.8 639 636.4 632.4 629.1 625.9 622.6 619.8
782.8 792.3 798.9 800.6 801.2 797.9 794 789.4 783.3 776.7 771 766.4 761.3 755.3 748.2 740.5 733.6 729.2 725 719.5 712 705.6 699.4 691.7 682.2 675.6 671.9 668.5 664.9 660.7 655.3 649.7 647.7 649.7 648.3 648.2 648 647.1 645.8 643.6 641 638.2 635.4 633 633.1 634.1 635.5 636.7 638.1 641 644.4 647.1 649.6 651.6 653.3 654 654.1 654.5 655.3 655.6 656.3 655.9 655.2 655.4 654.8 653.5 652.7 651.5 650.9 648.7 646.1 642.3 638.2 634.2 630.5 627.3 623.8 620.5
782.6 792.7 800 805.1 807.2 805.8 801.7 796.2 790.3 784.4 778.7 773 767.4 761 753.8 745.7 737.5 732.3 728.2 723.5 717.2 709.5 704.5 698.1 687.9 678.7 673.3 669.6 665.8 661.2 654.9 652.5 653.8 654 651.8 651.6 651.5 650.6 649.1 646.9 644.4 642.7 641.2 638.3 638.6 640 641.1 642.1 643.9 647.6 652.2 654.5 656.7 658 658.7 659.2 658.9 658.2 660.6 661.4 661.8 661.4 660.2 659.8 657.8 656.2 655.2 653.9 652.5 650.4 647.9 644.2 640.3 636.3 632 628.4 624.7 621.4
780.2 790.5 798.9 808.6 814.3 814.9 810.8 804.7 798.1 792 786 780.1 773.5 766 758.2 749.5 741 735.7 731.5 727.1 721.9 714.1 707.3 701.6 693.3 682.5 675.5 670.9 666.8 661.4 656.8 658.1 658.3 656.7 655.6 655.1 655 654 652.4 650.3 649 647.8 646.3 644.6 645.2 647.2 648.2 649.3 651.7 656.1 660.4 662.4 663.7 664 664.5 664.4 664 663.2 664.9 666 666.6 666.5 665.2 663 660.3 658.3 656.8 655.1 653.6 652 649.1 645.4 641.5 637.8 633.8 629.6 625.8 622.2
776.4 787.2 798.8 809.6 818.4 824 820.4 813.8 807.1 800.3 793.7 786.4 778.9 770.3 762.5 754.7 746.3 739.1 734.7 730.3 725.6 718.8 710.6 704.2 696 686.1 678.3 672.4 666.6 663 662.1 662.9 661.8 660.4 659.6 659.5 658.7 657.6 656.2 654.5 653.2 652.3 651.3 650.5 650.8 653.7 655.6 657.3 660.5 663.9 667.7 669.6 670.4 670.6 670.2 669.8 668.9 668.7 668.6 670 671 670.9 669.1 664.5 661.6 659.5 657.4 656 654.3 652.4 649.3 646.7 642.9 639.4 635.6 631.3 626.5 622.6
775.3 784.2 796.2 808.1 818.7 830.3 831.5 825.1 818.6 810.6 803.6 794.7 785.2 775.4 767.4 759.3 750.2 742.6 737.6 733.1 728.6 722.8 715 707.4 697.9 688.5 680.7 673.5 669.5 668.1 667.1 666.5 665.5 663.9 663.7 663.7 663 661.9 660.4 659 657.8 656.9 656.4 656 656.1 658.6 661.9 664.7 667.8 671.5 675.1 677.7 677.8 676.3 675.5 673.8 672.6 672.7 672.6 674.2 675.2 675.3 672.7 666.9 662.1 659.6 657.5 656.2 654.7 652.3 649.5 647.5 644.3 640.5 636.6 632.3 627.7 623
773.6 781.1 791 803 814.1 827.1 837.8 837 830.6 821.5 812.8 802.8 791.6 780.6 771.2 763.2 754.2 746.1 740.4 735.7 731.1 726.2 718.3 709.5 699.9 691.3 682.7 676.3 675.4 674 671.7 670.3 668.9 667.2 667.3 667.6 667.2 666.1 664.5 663.1 662.4 661.6 661.2 661.1 660.5 664.5 668.1 672 675.7 678.9 681.9 684.4 683.9 680.8 678.1 676.3 675.1 675.4 676.3 677.6 679.1 678.7 676.4 669.9 663.9 660.2 657.6 655.9 654.5 652.7 649.6 645.7 643.6 639.7 635.9 631.5 626.9 622
771.1 778.8 788.2 797.6 808.6 818.9 832.2 841.2 839.3 831.2 819.2 808.8 796.7 785.1 775.4 767 758.5 750.3 743.5 738.5 734.2 728.6 721.1 711.2 702.2 693.3 685 682.5 681.9 679.6 676.8 674.7 672.5 670.6 671 671.3 670.8 670.2 668.6 667.2 666.8 666.2 666 666.1 666.1 669.4 673.7 678.2 682.3 684.8 687.5 688.9 687.6 682.9 679.9 678.2 677.2 677.4 678 678.6 679.1 679.6 677 670.7 664.2 659.8 656.8 654.8 652.5 649.7 646.2 642.6 639.8 636.5 632.8 628.8 625 620.8
768 777.2 784.2 791.4 801.1 811 822.8 838.2 841.5 837.8 825 812.1 800.9 789.2 779.6 770.6 762.4 754.6 747.6 741.7 737.3 731.7 725.2 717.3 709.7 701.2 695.1 692.5 688.2 683.1 681 679.3 677.2 674.2 674.6 674.7 674.2 673.5 672.1 671 670.8 670.9 670.5 669.7 669.3 672.4 679 684.2 687 689.4 691.2 691.5 689.1 683.5 681.1 679.3 678.3 678.2 678.4 679.1 678.5 678.7 672.8 667.1 661.8 658.1 655.6 652.3 650 646.7 642.3 639.1 636 632.5 629.2 625.9 622.4 619.1
763.6 773.1 780.2 786.7 794 802.5 813.7 829.4 842.4 840.1 827.1 814.7 803.2 791.7 782.6 774.2 766.3 759.1 751.9 745.8 740.5 735.2 729.7 723.6 717.2 710.3 704.9 701.4 691.4 692.1 687.7 683.8 680.8 679.1 679.3 679.1 678.5 677.8 675.5 674.9 675.5 676 675.4 673.7 673.1 676.5 684.4 688.7 690.8 692.4 693.3 693.2 689.9 683.3 680.9 679.6 678.5 678.5 678.9 679 678 674.9 666.9 662.9 659.1 655.9 653.7 651 647.9 644.1 640.4 636.8 633.9 631.3 627.4 623.6 620.4 617.2
