Game/Highland_Data/StreamingAssets/GeoData/Data/ny/NY74.asc
ncols 200
nrows 200
xllcorner 370000
yllcorner 540000
cellsize 50
[rows 70 to 104 of 200, columns 78 to 155 of 200]
361.1 361 360.5 361.1 359.9 358.1 357.4 357.5 357.5 354.6 350.2 352.9 353.8 355.2 355.4 354.2 354.7 353.9 351.4 349.5 348.6 347.4 345 345.8 347.8 347.2 341.1 339.9 341.6 344.6 358.8 372.9 382.7 385 387.7 390.6 392.8 395 396.9 398 398 399 399 397.6 399.8 402.1 410.9 417.5 421.6 437.1 444.6 445.3 445.5 459.5 471.7 477.4 482 487 497 504.9 509.8 515.4 523 530.3 533.4 536.6 542.6 545.7 547.9 549.5 550.8 551.1 550.9 550.8 549.3 547 543.1 540.3
364.2 364.6 364.5 364.7 363.8 362.2 362.7 362.9 361.6 359.3 354.3 355.8 357.7 359.2 358.3 358 358 356.2 353.3 351.1 349.8 348.2 349 349.3 347.5 348.2 344.9 342.1 341.6 342 344.1 357 367.4 375.9 380.8 385 386.3 388.5 392 392.4 391.4 396.1 395.4 394.1 395.9 398.6 403.1 409.8 422.3 434.2 427.3 434.7 452 462.1 468 470.4 479.6 486.2 492.8 503.1 508.7 514.1 520.5 526.9 531.5 536.3 544.1 548.8 550.9 552.6 552.8 552.6 552.2 552.4 551.5 549.1 547.3 545.1
367.6 368 368.7 368.8 368 367.9 368.7 368.1 365 363.4 358.7 361.6 363.4 363.5 363 362.4 361.2 358.5 355.6 353.8 352.2 350.5 351.4 353.7 355.9 350.3 345.2 343.1 342.7 341.4 342.3 343.4 347.6 355.7 360.3 365.6 370.3 375.1 380.6 385.3 388.6 393 391.3 390.8 392.5 395 400.2 406.8 416.5 420.1 426.5 440.2 449.3 449.8 463.1 472 480.2 485.1 489.9 502.1 508.2 513.6 519.6 525.3 529.8 535.6 545 550.8 552.6 553.7 554.3 554.2 554.5 555.4 553.3 551.2 549.7 548.3
372.5 372.5 373.2 374.1 372.7 373 374.7 371.7 370.1 368.7 364.4 367.3 368 367.8 367.1 366 364.2 360.9 358.2 357.1 354.9 353.4 354.8 356.4 357.5 358.1 350.7 346.7 345.2 344.2 346.6 348.1 346 345.8 344.7 349.4 355.2 364.8 370.2 377.2 387.5 390.8 389.2 387.3 391.1 393.8 398.4 404.1 409.9 418.3 428.9 438.9 441.7 447.9 466 475.2 481.1 482.9 487.2 499.4 507.8 513.7 519.6 524.3 527.9 534.6 542.8 549.7 552.7 553.9 555.1 555.8 556.4 556 554.8 553.2 553.4 551.2
377.6 378.4 378.5 379.6 379.8 380.5 380 377.5 376.7 375.5 372.7 373.7 374 373.7 372.1 370.4 367.9 363.9 360.6 359.8 357.7 357.5 358.6 360.3 361.5 362.1 357.8 354.8 352.5 354.6 356.7 356.6 350.9 347.7 347 348.2 351.3 356.9 373.3 382.3 388.5 388.7 386.5 388.3 391.1 394.2 397.6 404.4 412 419.6 430.5 435.1 439.7 451 466.4 477 479.3 480.5 484.6 494 506 512.3 518.7 522.6 526.6 532.9 540 547.1 551.1 553.5 555.3 556.9 557.7 556.8 556.1 555.8 557 554.8
382.6 384.4 385.3 385.9 387.3 387.7 386 384.8 383.8 382.3 378.8 380.4 380.3 380.1 378.6 375.9 371.4 367.2 365.9 362.7 361.8 362 363.7 364.8 365.7 365.8 363.8 361.8 360.7 360.7 360.4 359.2 352.5 350.2 347 346.3 349.1 352.3 369 384.2 387.1 384.5 384.8 389.2 393.1 394.7 400 403.1 408 414.2 419 431 442 452.2 466 475 476.4 477.5 482.9 489.4 502.9 510.5 515.7 519.7 525 530.8 536.7 542.7 548.5 553.9 555.7 557.5 558.4 557.6 557.1 558.7 559.7 558.2
388.3 391.2 392.4 392.9 394.5 393.9 392 392.6 391.8 390.2 387 387.5 387.3 386.4 383.2 379.8 375.5 373.9 371.6 368 367.1 367.8 368.7 369.6 370.5 368.5 366.1 365 362.7 363.2 362 359.8 351.5 354.4 347.6 346.9 348.6 352 363 380.3 383.1 383.8 389.5 392.9 398 402 400.7 407.9 413.5 421 427 433.1 440.3 450.9 462.3 471.9 471.9 473.4 480.6 487.3 497.9 508 513.1 518.2 523.6 529.1 534.5 539.8 546.2 552.9 555.9 557.8 558.7 559 558.8 560.3 561 560.4
396.2 398.7 400.2 400.7 400.9 400.3 399.2 400.2 399.4 398.7 396.4 395.3 394.6 393.2 389.9 386 384.1 380.4 375.5 374.2 374.3 374.9 375.4 375.5 374 370.9 368.3 366.9 365.7 364.9 363.4 358 355.2 357.2 350.2 348.6 348.6 351.5 360.2 365.5 372.7 387 391.9 396.8 402 405.7 406.4 411.2 417.6 426.8 431 434 438.3 448.6 457.9 464.2 462 472.8 480.6 486 494.1 504.4 510.7 515.9 522.4 528 534 538.5 544.1 551.3 555 557.2 558.6 559.6 560.5 561.9 562.8 563.4
404.9 406.7 408.2 408.3 407.8 408.2 406.5 407.3 406.4 403.8 403.2 402.9 402.4 399.9 397.2 393.8 391.3 387 382.4 381.5 381.5 381.5 380.4 379.8 376.7 372.3 369.9 368.4 367.7 366.7 364.3 356.3 361.3 358.1 351.4 349.1 349.1 350.8 355.7 362.7 381.6 387.5 392.6 398.1 404.6 409.5 412.4 412.6 419.5 428 430.9 434.1 437.8 444.1 452.6 454.6 463.4 473.4 481.3 485 491.1 499.5 508.8 513.9 519.7 526.9 532.5 536.9 542.3 549.3 553.8 556.6 558.6 560.1 561.8 566.1 567 566.4
413.3 415.1 415.9 415.4 416 415.8 414.7 414.5 413 410.5 410.3 410 408.4 407.2 405 402.2 399 393.2 390.9 389.2 389 388.5 387 383.3 378.5 374.1 371.9 370.5 369.3 367.1 361.7 363.1 363.7 361 355.1 350.4 349.8 351.5 354.1 368.8 382.1 388.2 393.5 398.9 406.3 412.5 414.9 410.9 421.7 428.2 431.4 434.1 436.4 440.3 444.5 449.1 460.6 474.1 479.8 483.3 489.2 497 507.2 512.2 515.9 521.5 530.2 536.3 542 547.7 552.6 557.2 559.3 560.8 564.8 569.6 570.3 567.7
422.1 423.5 423.3 422.9 422.3 421.7 421 420.9 418.5 417.8 417.4 417.1 415.1 413.6 411.3 408.9 405.4 401.6 399.8 397.9 396.1 394.7 391.1 385.5 379.1 375.2 373.9 371.9 368.8 363.1 365.2 366.8 365.7 362.4 356.7 351.3 350.8 351 351.6 368.9 380.6 388.6 393.7 400.1 408.2 413.8 416.6 413.4 421 426.9 431.4 433.3 435.2 436.8 440.4 447.6 459.5 473.7 477.3 481 488.7 495.7 504.4 508 516.1 524.1 531.2 537.3 542.4 547.4 553.8 559.6 561.1 563 568.9 570.8 570.7 570.1
429.3 430.2 429.5 429.1 428.5 427.6 427.6 427.5 425.7 425.5 425.3 424.3 422.3 420 417.5 414.5 410.5 409.2 407 405.1 402.2 399.7 393.8 386.5 379.9 377.1 374.5 370.9 367.1 369.9 370.1 368.8 365.9 363 356.2 352 351.7 351.4 353.5 360.7 370.7 387 393.1 400 408.2 414.1 417.4 417.3 420.4 426.1 430.3 431.8 432.5 435 441.3 448.4 460.1 469.6 472.4 480.1 487.7 493.1 498.6 507.1 515.3 523.5 531.6 538.8 542.7 547.4 554.7 562.2 564.4 567.7 569.6 570.9 571.7 571.2
436.9 435.9 436.2 435.6 435 435.7 435.2 434.8 433.1 433.5 432.9 431.1 429.2 426.8 424.4 421 418.2 416.3 412.3 411.1 408.1 401.8 394.9 387.3 381.1 379.6 374.7 373.4 370.7 373 371.6 369.2 367 363.7 359.5 352.8 352.8 352.5 353 355.8 364 383.8 391 396.4 405.9 413.7 417.5 418.9 418.9 424.1 428.9 428.6 431.1 433.6 442.5 449.3 459.2 463.3 471.3 479.6 488.2 494 501 507 513.7 521.3 529.7 537 541.9 547.2 554.1 561.8 566.6 568.4 569.9 571.2 571.7 571.3
443.6 443.1 441.9 442.9 442.8 442.5 441.8 440.4 440.4 440.8 439.7 437.6 436.3 433.5 430.9 427.3 424.8 423.1 420.1 415.3 410.4 402.9 395.5 388 384.4 380.4 376 376.5 376.4 374.9 372.6 370.7 368.6 367 363.2 355.8 354.1 353.4 353.3 354.1 359.7 374.9 389.8 394.8 402.5 413 417.6 419.8 419.1 422.1 425.4 427.1 433.9 440.9 445.6 449.9 455.5 463.8 470.4 477 487.1 493.4 500.3 505.5 512.7 519.5 527 535.5 542 546.1 553.1 562.5 566.5 568.3 570.4 571.9 571.8 571.5
449 448.9 449.2 449.9 449.4 448.6 448.1 447.8 447.6 447.9 447.6 446.7 443.8 439.8 438.7 435.8 432.9 429.5 425.5 419.9 412.2 404 396.3 391 386 381 384.7 378 378.5 376.4 374.9 373 371 369.3 365.7 360.3 355.7 354.3 354.4 352.9 357.4 366.8 387.5 393.3 400.5 411.5 417.4 420 421.1 422.2 423.8 427.3 436.4 445.1 449.2 450.7 454.5 461.9 469.2 476.7 483 490.4 497 504.5 512.9 519.2 525.9 534.8 541.1 545.9 552.3 560.4 565.3 567.8 569.9 570.9 571.2 571.3
454.2 455.6 456.3 456.4 456.3 455.8 455.1 454.7 455 455.4 456 455.6 454.8 449.8 445.3 442.5 439.6 436 430.2 422.2 414.3 405.9 398.5 392.7 385.8 382.9 387.3 383.4 381 378.7 376.7 375.2 373.4 370.9 367.1 360.7 361.7 356.1 355.1 354.7 355.4 361.7 382.4 393 398.2 407.5 416 418.8 421.2 422.4 424.5 430.7 439.4 446.9 450.3 451.9 456.4 461.1 468.2 474.3 483.1 491.3 496.6 505.3 513.3 518.9 524.6 532.5 538.3 544.1 550.7 560.5 564.3 566.6 567.9 568.4 569.3 570.2
461.8 463.1 464.2 464.4 464.2 462.5 461.4 461.4 463.1 463.8 463.9 464.2 463.3 460 454.7 450.7 447.3 441.6 433 424 415.9 407.3 400.2 394.5 386.1 389.3 387.7 386.1 383.9 381.4 380.3 378 375.3 372 367.8 364 366.3 363.4 359.4 356.2 356.4 356.4 368.6 391.8 397.7 404 413 417.9 420.6 423.5 427.3 434.7 440.1 446.2 448.7 452 455.6 459.8 467.8 473.8 480.9 489.3 495.4 504.8 514 518.4 522.9 528.2 534 542.3 548.4 558 564 565.5 566.5 567.2 567.5 567.9
469.1 470.7 473 472.3 470.8 470.1 469.9 470.7 471.7 471.4 472 471.8 471.3 468.4 464.6 460.6 454.5 446.9 436.1 426.5 417 409.4 401.8 395.4 394.4 391.3 392.5 390.7 387.4 384.9 383.2 380.2 377.1 373.2 368.7 369.1 368.8 365.7 367.2 360.6 357.4 357.7 360.4 378.9 395.5 400.6 409.1 415.6 418.7 424 428.6 434.8 439.8 444.9 447.3 451 455.5 460.1 468.8 475.2 480 488.1 493 502.5 511.7 516.9 521.8 525.3 530.8 539.1 544.5 552.1 561.7 565 565.4 565.9 566.2 566.3
478.5 480.2 480.3 479.6 478.9 478.5 479 480.3 480.7 480.9 481.6 481 479.2 475.6 471.8 466.8 459.8 451.7 439.4 428.3 418.6 410.2 403.8 398.1 395.7 396.7 396.2 394.1 391 389.4 385.7 382.4 379.7 374.5 368.7 371.3 372 369.8 370.7 366.3 361.1 359.5 358.5 363.9 387.9 397.2 402.6 412.1 415.6 422.5 429.6 434.7 440.1 442.9 445.6 449.5 454.3 460.4 469.2 476.3 480.2 486.6 492.2 500.2 507.5 512.9 517.5 522.7 528 535.6 540.9 544.4 549 553.3 555.7 558.3 560.5 558.3
485.4 486.8 486.7 485.3 484.3 484.3 486.2 487.5 488.9 489.7 489.7 488.5 486.5 483.2 478.5 471.5 464.2 455.6 443.5 430.9 421.4 413.6 406.7 399.6 401.7 401.1 399.9 397.3 395.7 392.9 389.4 386 380.9 374 374.9 375.3 373.1 373.6 374.2 371 366.2 361.9 358 360.6 368.5 391.4 398.5 405.6 413.3 421.2 430.6 434.9 439.2 442 444 447.7 451.8 457.8 465.5 473.7 479.4 485.2 491.3 497.2 502.9 508.2 512.5 518.2 523.2 529.4 536.6 540.3 543.5 546.8 549 550 550.6 551.1
492.2 493.8 492.1 492.2 491.1 491.5 493.3 494.5 495.3 496.4 496.6 495 492.6 488.8 483.5 476.1 468.2 458.7 447.1 433.4 424.8 417.3 410.1 401.2 406.7 405.4 403.9 401.9 400.1 397.1 393.2 387.6 383.6 380.5 379.2 379.2 376.4 377.5 376.9 374.1 370.7 366.3 360.7 360.5 361.8 376 393.1 398.5 408.3 416.5 430.2 432.8 437.2 439.4 442.6 445.1 448.8 454.7 462.3 467.4 473.1 479.6 485.9 493.9 500.5 505 508.7 512.8 518.6 524.7 530 536.5 538.5 543.7 545.2 546.2 546.8 547.1
497.4 497.9 497 496.9 496.2 497.6 499 500.3 500.9 501.5 501.5 500 497.4 493.8 487.4 480.2 471.1 460.8 448.2 436.9 428.9 419.8 412 406.2 413.4 412 409.2 407.3 404.8 401.7 395 391.5 389 383.3 383.1 381.7 380.9 380.7 380 378.6 374.8 369.6 364.7 362.6 364.1 366.5 383.3 393.2 400.2 411.8 425.2 428.9 433 438.6 441.1 443.4 445.8 451.4 457.8 462.3 466.4 471.6 477.6 486.8 494.9 500.4 504.8 508.1 512 519.1 524.5 528.6 532.5 537.3 539 539.4 540.1 540
501.3 501.4 501.2 500.8 501.7 503.2 504.3 505.3 505.9 506.6 506.2 504.2 501.2 496.6 490.2 482.3 472.9 464 453.2 441.9 433.5 424.3 421.5 415.5 419.5 417.6 415 413 409.9 404.8 401.5 397.4 393.6 388.8 387.7 386.8 385.2 384.4 383.5 382.2 378.1 373.1 369.9 360.5 364.7 366.7 374 385.7 394 401.7 412.1 419.2 428 434.4 438.6 440.6 442.7 447.4 452.1 457.1 462.4 466.9 470.5 475.4 483.2 492.1 497.7 500.9 504.7 508 515.4 519.5 524.1 527.8 529.4 530.5 531.3 531.5
503.2 503.9 505 505 506.7 508.1 509 509.6 509.6 510.8 510.3 507.9 504.1 498.5 491.8 485.1 476.4 465.6 456.8 446.9 437.5 433.5 427.7 420.2 424.2 421.4 419.6 417.1 414.2 406.1 408 402.5 398 394.5 394 391.3 390.2 388.9 388.2 386.2 383.2 380.3 372.3 362.9 364.7 366.9 369 373.7 386.4 393.9 402.3 410 420.3 427 434.2 437.5 439.8 444 449.1 453.5 458.4 463.5 466.8 468.3 473.3 480.7 488.7 492.5 495 499.4 503.9 512.4 515.8 517.4 519.9 519.9 520.3 521.4
504.9 507.3 507.8 509 510.1 511.5 512.7 513.8 514 514.1 513.1 511 506.2 500.3 494.2 486.5 478.4 470.2 460 451.1 444.9 439.1 424.7 429.5 428.5 425.9 423.9 421 418 413.5 413.3 407.6 403 400.5 399.1 396.7 396.2 394.7 393.3 390.6 387.4 382.1 369.3 364.1 363.2 367 368.2 370.5 375.9 385.9 393.5 401.5 411.6 419 429.4 433.4 438 442 446.1 450.3 454.1 458.4 461.8 464.8 467.5 472.2 477.3 484.4 486.8 490.5 499.2 501.7 505.9 507.9 509.6 510.1 509.2 511.8
507 508.8 510 511.6 511.9 512.4 514 515.3 516.6 516.8 515.5 512.4 507 501.3 495.6 488.4 481.2 473.4 463.8 455.5 448.6 437.6 433.1 436.5 432.9 430.5 427.9 424.9 421.7 420.7 418.3 415 409.7 407.1 403.7 403.4 402 400.4 397.7 394.3 391.3 387.2 376.1 366 364.1 367 367.9 369.3 370.8 373.6 386.3 395.1 402 410.7 420.4 428.6 434.3 439.3 442.4 446.8 451.1 455.1 458.3 460.7 463.2 465.4 468.6 473.2 477.7 481.3 487.8 490.1 496.6 501.8 503.5 504.5 503.6 504.7
508 509.1 512.1 513.8 513.4 514.1 515.5 516.9 518.6 518.9 517.1 513.6 508.7 503.1 496.5 490.6 483.2 473.7 466.4 457.6 452.5 444.6 444.5 442 438 436 433 429.6 425.7 425.6 423.1 420.2 416.8 412.5 410.6 409.4 407.4 404.6 401.8 397.3 394 391.1 386 373.7 364.6 367.3 368.4 369.5 371.1 372.1 375.1 387.2 396.2 401.9 408.5 415.6 426.4 434.2 439.3 443.8 447.3 450.8 454.1 457.6 460 462.3 464.1 467.8 470.3 474 475.9 481.6 488.5 493.3 497.6 498.2 499.1 499.5
503.1 507.6 513 514.5 514.8 516.1 517.2 520.3 521.3 519.7 517.5 514.1 509.9 504.3 498.8 493.4 485.6 475.3 467.6 463.7 458.2 446.1 452 447.8 444.1 441.8 438.3 434.1 428.9 429.9 427.5 424.4 421.3 418.2 416.8 414.4 412 408.9 405.7 400.3 396.8 392.9 387.1 377.9 368.9 366.8 366.9 368.7 369.8 371.8 372.6 375.3 386.1 395.7 399.5 403.8 417.4 423.8 432.9 439.3 441.5 444.8 448.1 450.7 457 459.7 462.6 464.4 466.5 468.4 470.7 474.5 480.3 484.4 488.7 493.3 492.3 489
500.5 505 510.8 514.9 516 517.4 520.3 522.5 522.9 521.1 517.6 513.7 510.6 506.2 501.5 495 484.9 478.2 474.6 468.9 456.4 460.6 458.4 454.7 450.7 448.3 445 439.3 437.7 434.6 431.7 428.6 426 423.6 421.6 419.4 416.8 413.2 409.2 403.2 399 394.5 387.8 379.2 373.7 369.2 374.6 374.3 372.4 370.3 373.1 373.9 377.5 384.6 388.9 402.4 409.8 416.8 422 427.5 434 437.8 441.5 444.7 448.1 456.8 460.4 461.5 462.9 464.7 466.6 469.7 472.2 475.6 479.5 483.5 481.7 477.7
497.9 502.4 506.4 515.2 517.3 519.7 523.5 524.3 524.1 522.1 517.6 516.3 513 508.5 501.5 495.9 491.2 486.3 480.2 468.2 470.4 469 465.1 460.9 457.9 454.8 451.4 444 444 439.8 436 433.4 431 429.3 426.6 424.2 421 417.1 412.2 406.3 401 394.4 388.1 378.5 374.6 374.8 378.6 380.8 381.7 379.3 371.2 374.5 376.2 379.2 384.2 393.9 401.3 406.3 411.9 417.6 423.7 428.9 434.5 438.2 440.4 448 453.3 456.6 460.1 459.6 462.7 466.8 468.8 470.1 471.4 475.6 469.7 467.3
495.5 500.3 504.7 513 518.2 521.8 524.5 524.6 523.3 520.4 519.2 517.8 514.4 508.9 506.6 501.9 497.1 492.3 483 481 479.4 475.4 471.1 467.1 462.6 457.5 453.8 450.8 449 445.3 441.9 439.1 437.3 435.6 432.4 427.2 425.3 419.8 414.6 408.1 401.4 395.2 388.7 381 377.1 376.9 382.1 383.5 385.3 387.3 385.3 376.2 373.5 378 382.4 384.1 393.6 399.6 403.3 407 411.6 416.1 422.3 426.3 431.5 437.3 443 447.8 451.3 456.3 457.2 463.5 467.9 466.3 465.5 467.3 462.5 457.6
488.5 493.9 498.2 508.6 516.1 516.8 523.5 523.4 522.2 521.1 520.2 519 513.8 513.9 510.7 507 502.3 497 488.1 489.6 485.6 480.8 476.8 473.3 467.5 462.4 459.4 458.7 455.5 452.8 449 445.8 444.3 441.6 437.6 431.9 429.6 423 415.6 408.3 401.5 395.6 387.2 380.5 381.1 377.5 384.6 386.8 388.6 390.7 393.3 391.6 380.2 377.3 377.1 376.6 377.9 383.6 387 394.7 404 407.9 411.9 416.8 422.3 427.5 432.4 437.5 443.8 447.2 451.3 458.8 465.6 461.8 460.8 457.8 452 447.2
492.9 497.8 503.2 515.2 520.1 521.9 522.4 522.7 522.4 521.4 520 518.7 518.3 517.3 515.7 512.5 507.8 501.7 497.6 496.7 494.4 488.3 482.4 479 473.5 469.5 467.9 466 462.4 459.9 457.8 454.6 452.7 450.2 444.9 440.1 433.9 425.8 417.6 410.3 404.2 396 388.7 384.8 385.1 380.8 386.6 390 391.9 394.4 396.1 395.2 388.8 381.9 382.8 381.3 390.8 393.8 398 384.2 392 397 402.6 408 412.9 418.3 423.2 429.1 435.4 439.2 444 451.9 455.2 456.1 455 448.3 442.7 439.2
492.1 497.2 502.7 515.8 520.5 522 522.6 523 523.3 522.3 521.4 520.6 520.8 521.9 520.6 517 511.8 506 506.3 503.3 502.7 498.5 491.8 488.4 485.4 481.5 478.4 475.6 471.8 468.1 464.9 461.2 460.4 455.6 450.1 443.7 435.6 425.9 418 411.3 405.3 394.4 388.9 389.9 389.4 386.2 386.7 391.9 395.5 397.2 398.4 394.6 393.4 389.1 389.1 385.5 394.6 398.9 399.7 391.9 385.6 388.4 391.8 397 402.2 408.5 414.7 419.7 425.1 430.3 434.6 441.1 446 447.3 442.4 438.1 434.8 426.5
491.4 496.7 503 515.8 520.4 521.9 522.8 523.3 524.1 523.4 523.1 524.2 526.2 526.4 524.3 521.2 516.9 513.8 515.1 513.4 510.9 508.9 504.4 499.6 494 491.1 489.2 485.3 481.1 476.7 472.5 470 466.5 459.1 454.4 445 436.2 426.7 419 412 405.1 395.2 391.7 394.3 392.7 389.6 392.3 391.7 397.7 400.3 400.2 395.7 397.1 398 396.7 388.2 397 401.7 405.1 405.2 402.9 398.8 392.2 393.2 391.5 392.1 399.2 404.2 407.1 419.2 428.3 430 434.9 435.8 432.2 430.2 421.7 436.3
