Game/Highland_Data/StreamingAssets/GeoData/Data/ny/NY93.asc
ncols 200
nrows 200
xllcorner 390000
yllcorner 530000
cellsize 50
[rows 0 to 34 of 200, columns 79 to 157 of 200]
360 358.3 355.7 351.9 345.4 338 326.9 315.3 299.1 306.3 307.3 301.4 295.1 287.2 286.4 285.1 281.3 265 266.3 293.3 310.1 329.9 338.5 341.9 343 343.3 345 350.3 356.1 361.5 367 375 383.8 392.4 399.9 407.1 413.7 419 421.9 422.9 423.5 424.3 424.7 425.4 429.2 425.2 421.3 419.2 415 409.5 404.1 399.6 394.9 385.5 385.6 379.7 375 369.3 358.2 359.1 353.6 349.2 343.7 337.9 338.3 336.1 335.9 333.5 328.6 321.9 319.2 317.9 314.5 307.3 306.2 304.3 301.7 299.6 298
357.8 355.7 352.6 347.7 342.1 334.7 319.4 305.9 311.3 313 308.7 302.6 297.3 290.5 284.4 282.3 281.1 267.8 263.8 280.2 298 318.9 334.6 338.3 339.1 339 339.3 342.2 347.9 354 359.2 366.7 375.7 385.4 394 401.3 409.8 416.5 418.7 419.3 418.4 419.1 418.7 420 419.8 417.3 415.1 410.2 407.3 402.8 398.2 394.4 389.2 386.3 374.9 369.7 365 357.2 354.7 350.5 345.2 340.4 337.7 337 333.3 332.7 331.5 329.7 327.6 326.6 321.9 317.1 312.1 307.1 300.9 298 295.6 293.9 292.6
354.2 353.3 351.2 345.6 337 325.5 314 324.6 321.3 310.6 305 300.9 296.3 291 286.7 282 279 273.5 262.9 268.9 288 305.8 322.5 326.7 333.3 335.5 336.7 338.3 344.1 349.9 356.1 360.3 369.3 378.6 390.5 398.5 409.9 414.7 415.5 416.5 413.3 414.3 414.5 415.4 414.4 413.2 411.3 407.9 404.7 402.6 398.8 395.9 392.1 386.1 380.2 372.8 367.1 360.9 355 348.6 341.9 338.1 336.3 334.9 331.9 327.6 327.8 326.2 323.6 321.3 317 311.4 306 303.5 299 296.3 293.8 292.5 289.1
343.2 344.8 344.2 335.4 323.6 329.7 332.1 327.5 321.5 312.5 303.3 297.4 294.8 292.3 289 285.8 284.3 278.4 258.1 264 273.1 294 306.7 315.2 320.9 329.6 331.7 335.4 338.4 343.8 351 356.9 365 375.1 387.6 393.7 404.3 407.1 408.6 407.6 407.8 408.5 409.6 409.8 409 407.4 406.3 404.4 402.2 399.6 395.9 393.1 387.2 381.9 376 369.7 364.8 358 352.6 347.2 341.2 341.2 336.5 330.1 327.5 325.8 318.9 318.7 316.2 314.8 311.5 305.9 303.6 301.1 297.7 295.6 291.5 289.9 289
345.9 344.2 342.5 341 338.6 336.9 331.9 325.2 318.3 309.9 301.1 296.9 293.6 290.7 287.2 283.6 281.9 278.9 262.9 261.9 264.8 279.2 295.8 304.8 314.5 319.7 323.5 328.7 333.6 339.2 347.1 355 362 370.2 379.1 388.8 393.4 398.2 400.1 399.2 399.2 399.6 400.2 402.2 403.2 403.1 403.6 403.4 400.7 397 393.9 391.4 386.6 381.8 376 370 363.3 360.1 355.5 350.5 348 345.2 341.8 337.3 332.4 325.6 319.7 318.9 314.6 306.5 305.9 302.4 300.8 297.9 294.3 292.1 289.2 286.9 284.3
349.3 346.8 344.4 342.2 339.2 334.2 329.4 323.6 317.6 309.6 300.6 296.5 293.2 287.8 284.2 280.7 277.7 278.6 264.8 260 261.4 266.3 282.6 294.8 301.8 310 314.2 319 330.2 335.1 342.4 348.6 357.5 364.4 372.3 380.4 387.8 388.8 390.7 392.7 391.1 392.1 393.1 393.3 393.8 395.2 395.6 395.1 395.1 393.5 389.7 385.9 381.6 377.6 374 369.4 364.2 359.3 355.6 352.3 348.2 343.2 339.7 333.1 329.1 327.7 322.7 317.1 313.8 309 304 300.2 295.7 292.7 289.2 288.8 286.9 281.8 281.2
351.3 348.2 344.4 340.7 335.2 330.2 325.3 321.1 317.1 309 301.2 293.6 291.8 286.2 283.7 279.7 276.2 275.7 267.6 256.5 258.5 263.4 269.2 284.8 293 297.2 307.5 318.2 328.1 333.2 338.4 344.7 350.1 358 363.5 371.3 376.9 380 381.1 383.4 381.2 382.3 381.8 383.2 384 385.3 385.4 385.9 385.3 383.8 381.2 377.7 375 372.2 369.8 365.7 361 355.2 351.9 348.2 344.1 340.6 338.2 334.4 330.5 325.9 321.8 318.2 313.6 310 305.7 301.4 298.3 295.4 291.7 284.7 283.2 281.3 276.9
352.4 347.8 344.5 339 332.3 327 323 319.6 314.8 307.8 299.9 291.5 288.4 285.5 282.3 278.5 274.9 274.5 275.2 258.7 257.5 257.3 263.8 273.4 281.9 292.8 303.4 316 328.9 332.4 335.5 341.2 345.6 350.5 357.5 361.5 368 371.1 371 372.1 371.4 371.8 371.9 372.7 373.2 373.8 374.1 374.3 373.4 373.6 371.5 368.9 366.7 362.9 360.2 356.9 353.3 349.3 345.9 342.8 339 336.4 332.3 329.5 325.8 321.7 319 316.3 313.6 309.1 304.5 301.5 298.8 295.8 292.9 288.6 283.1 277.3 271.8
349.7 344.3 340.1 334.2 330.1 325.1 321.5 317.9 310.1 306.6 302.5 295 288.8 283.9 281.5 278.2 275 272.2 272.6 271 254.9 257 263 266 279.3 288.8 298 312.2 322 329.6 331.6 336.3 340.8 343.5 349 353.4 356.8 358.6 362 362.8 362.9 362.6 362.7 362.9 363.7 364.4 364.6 364.4 363.5 362.4 361 359.2 357.4 354.3 352.2 349.4 346 341.9 338.4 335.1 332.2 329.3 326.2 323.7 320.9 319 316.1 313.5 310.9 307.9 303.6 301.4 298.4 294.9 291.7 288.2 284.4 280.2 276
344.5 339.2 334.5 331.1 327.2 324.4 321.2 314.9 312.7 309.4 300.7 294.3 291.7 285.9 281.6 278.6 275.1 271 269.2 269.2 266.5 255.7 256.6 265.2 276.7 283.8 291.6 301.6 314 323.1 328.3 331.3 333.8 337.5 338.6 342.7 345.4 348.2 351.7 352.3 352.4 352.5 353.9 354 355.4 354.5 355.2 355.7 355.6 355.1 353.2 352.2 349.9 347.3 345.1 342.3 338.3 333.7 331.2 328.7 326.2 323.3 321.3 318.8 316.3 313.8 311.3 309.3 306.7 304.4 301.4 298.5 296 293.1 289.4 285.5 281.5 276.9 273.3
337.6 334.1 331.5 328.9 326.5 323.7 319 317.4 313.6 307.4 303.3 301.8 295.9 290.4 283.3 279.4 274.6 270.6 268.2 266.8 266.6 259.4 254.8 260.1 272.2 278.8 285.9 293.3 307.2 316.3 325.3 327.9 328.3 327.7 327.9 329.2 329 335.1 337.2 339.4 339 340.5 341.8 342.7 343.8 344.7 345.3 345.5 345.9 345.2 344.8 344.2 342.7 340.5 338.2 334.9 331.4 328.2 325.5 323.5 321.7 319.8 316.7 315 312.2 309.8 307.4 305.2 302.4 299.8 297.3 294.5 291.8 288.8 284.4 280.1 276.8 271.6 267.2
334.4 330.8 328.3 326.5 323.7 321.5 321.4 319.1 312.8 308.9 310.3 307.6 301.7 295.2 286.5 280.3 276 270.8 267.9 264.7 265 261.3 254.1 254.9 268.2 274.3 281.6 287.8 297.3 309.7 318.7 325.6 321.4 324.8 313.5 312.6 310.9 310.6 310.8 318.1 314.1 324.7 321.7 322.5 335 336.5 337.8 339.4 340.4 339.8 339.2 338.1 336.6 335.1 332.2 329.7 327.2 324.2 322.6 319.6 317.4 315.6 313.2 311.8 309 306.8 304.8 302.2 299.6 297 294.1 290.9 287.5 283.3 279 275.2 270.9 265.8 261.2
340.1 337.1 333 330.6 327.6 326.4 324.9 317.5 315.5 316.5 315.3 312.5 306.8 297.8 285.3 280.9 275.3 271.3 268.7 265.1 262 258.9 252.6 253.8 263.8 269.5 277.3 283.4 291.1 300.4 314.6 323.4 319.4 315.4 313.9 313.3 311.4 309.8 308.5 316.4 314.9 320.5 311.6 309 320.1 325.6 328.8 330.9 333 332.6 332.6 331.7 329.6 328.9 328.5 326.6 324 322.2 319.2 316.7 313.5 310.9 308.8 307.9 305 302.2 300.3 297.6 296.2 293.1 290.2 287.4 283.8 278.9 274.6 271 267.5 263 259
344.4 339.7 334.9 330.9 328 327.2 327.3 323.2 322.5 321.4 318.7 314 304.8 293.8 293.4 284.9 279.3 274 269.5 266.6 264.2 261.3 254.9 248.3 254 263.7 273.3 279.6 283.9 293.3 307.5 316.9 323.9 320.1 322.4 319.9 314.2 319.1 309.5 306.5 315.5 315.6 312.4 306.1 305.7 304.5 314.4 320.6 322.3 322.9 323.3 322 321 320 318.4 317.3 316.5 315.3 313.8 309.3 307.3 303.9 301.7 301.3 299.6 297.2 295 293.1 291.6 288.1 286.3 284.3 281 276.7 272.8 269.8 266.2 261.5 256.8
344.5 338.8 333 330 327.6 326.2 324.7 325.4 324.6 322.2 317.1 308.4 306.1 304.8 289.4 288.4 287.3 280.3 273.4 269.2 265.3 262.2 259.4 254.9 244.6 254.3 265.4 275 280.3 287.9 295.8 308.1 313.4 316.4 316 316 311.2 312.2 311.8 307.6 303.1 304.9 306.5 305.6 307.6 301.6 300.5 306.6 309.1 309.2 310.6 309.6 308.6 308.1 307.5 306.2 304.5 303.4 303 300.9 299.5 295.2 291.5 292.4 291.6 290.2 288.4 287.6 285.7 283.9 282.4 279.8 277.2 274.1 270.7 267.1 263.7 259.9 254.2
341.3 334.8 331 328.7 327.2 326 325.1 323.7 321.6 317.2 310.4 314.1 313.2 306.2 296 289.2 289.8 287.1 279.8 273.9 269.2 264.1 261.5 258.5 252.8 246.1 257.6 269.6 275.5 279.6 290.1 293.6 294.8 294.3 294.6 292.9 288.5 291.2 292.7 293.6 288.4 289.6 287.1 287.3 287.7 285 281.6 288.2 292.6 294.5 297 296.2 293.8 292.4 292.3 290.4 289.3 289.5 288.4 287.6 285.7 284.6 283.5 283.3 282.2 282.9 282.3 281.8 280.7 278 275.8 274.3 272.1 269.4 268.3 265.8 261.9 256.7 251.9
336.9 333.4 330.1 328 326.8 323.9 316.8 315.4 314.4 314 318.3 315.9 311.7 304 296.8 287.3 287.7 287.2 282.2 278.1 272 266.7 263.7 261.1 257.2 247 247.3 265.2 271.1 272.4 279.9 286.1 287.1 287.5 286.3 284.7 282.2 281.3 281.2 280.6 280.6 281 280.3 278.2 278.1 277.5 269.4 269.5 272.7 277.9 281 284.6 285.3 283.6 282.2 281.9 281.1 279.5 278.8 277 273.2 272.6 271.4 272.9 270.9 269.9 269.8 271.3 272.2 271.2 268.4 266.3 264.2 262.8 261.9 259.5 257.3 252.2 246.2
334.3 332 329.6 326.5 322 317.2 317.7 319.4 322.5 320.8 318 314.7 310.3 303.9 292.4 285.8 286.7 286.7 284 280.7 276.4 271.7 268.7 263.1 256.5 251.1 244.6 260.4 266.9 267.3 271.4 273.9 277 277.6 278.5 278.2 278.2 277.8 274.9 275.6 277.3 277.9 277.2 275.7 275.2 273.8 267.3 259 258.3 256.8 258.3 259.2 262.6 264.7 266.8 268.4 268.5 267.1 266.7 267.3 262.5 259.9 261.5 261.1 259.5 258.8 259.3 259.2 262.2 262.4 262.1 260.2 257.2 254.8 252.6 250.2 247.1 242.7 236.7
333 328 325.2 322.1 322.2 323.9 324.4 323.9 322.6 319.3 316.7 314.9 311.7 303 289 284.5 286.7 286.1 283.5 281 278.9 277.4 274.3 266.7 255.5 253.1 243.4 257.4 261 262.6 263.4 267.5 269.9 267.4 267.8 267.1 267.8 267.3 266.7 264.9 266 263.5 263.8 262.9 262.2 261.9 258.7 255.1 253.3 252.5 249 246.1 244.3 245.2 249.3 249.9 252.1 254.1 256.3 257 255.2 249.5 248.7 248.3 248.1 246.2 246.2 246.5 246.1 246.8 247.1 246 245.4 244.3 240.7 238.3 234.4 231.2 225.5
329.9 327.1 327.9 328.6 328.2 326.7 326.2 324.6 320.9 317.5 315.8 314.3 311.4 302.5 286.8 283.2 285.5 284.5 282.3 278.7 275.8 276.2 275.8 268.8 253.1 248 241 256.6 257 258.8 259.6 260.2 259.5 259.6 260.1 259.4 259.9 261.6 259.9 256.7 257.8 256.7 255 254.1 254.1 254.1 252 249.2 247.7 247 244.9 244.6 242.9 242 242.5 236.6 243.6 246.6 246.9 248.2 247.5 244 241.1 239.4 239 237.7 236.6 235.8 234.5 235.1 231.7 230.4 229.1 227.6 227.4 225 223 220.6 218.7
333 332 331.2 329.9 327.9 325.6 324.5 321.9 318 315.4 313.5 311.3 308.1 302.5 293.3 282.2 276.8 280 279 274.2 269.5 270.1 268.6 260.9 249 246.3 236.6 250.4 251.3 253.5 255.2 256.3 255.9 255.8 254.7 253.3 252.7 253.8 254.4 251.9 249.2 247.4 247.8 244.1 242.5 243.3 241.8 239.9 238.4 238.1 236.7 236.8 237.9 236.7 236.5 234.9 234.6 238.3 238.5 240.9 240.9 238.6 235.7 233 231.9 230.2 228.1 225.8 227.3 224.4 221.7 223.7 223.6 222.2 222.2 219.6 217.8 213.5 211.9
331.2 330 328.8 327.8 325.8 322.7 318.4 314.9 311 307.9 304.2 302.7 299.7 296.2 293.9 288.7 281.5 272.5 274.5 267.7 261.8 263.7 261.2 252.1 247.8 244.4 236.9 244.4 245.1 245.8 248.1 252 254.4 253.7 252.9 250.9 247.6 248.2 247.3 245.9 244.7 241.9 239.9 238.5 236.5 235.8 235.5 234.2 233.3 233.3 233 233.2 233.8 233.1 233.7 233.7 232.3 231.2 230.9 232.8 233.9 234 233.2 230.1 226.1 223.7 222.2 218.6 215.3 213.6 217.4 212.7 214.1 213.9 213.9 213.6 211.7 210.3 209.9
323.4 321.3 320.5 318.9 316.2 312.2 309.3 304.2 301.3 296.5 291.2 291.7 289.4 286 285 281.5 277.6 269.8 263.3 261.1 258.4 254.9 250 245.3 244.4 240.9 235.5 237.8 241.2 242.2 244.1 247.1 249.4 247.4 246.7 245 242 238.9 238.5 239.5 239.8 238.4 236.1 234.4 232.2 229.7 230.3 229.6 229.4 229 229.1 229.3 230.3 230.7 232.5 231.7 231.6 231.6 230 228.8 228 228.1 228 227.1 224.4 218.7 213.6 212.7 212.6 212.4 212.2 212.2 212.1 212 211.5 210.7 210.1 209.4 209.1
321.3 317.1 312.7 304.5 303.5 296.9 292.8 290.1 287.6 284.5 281.7 281.3 279.9 276.4 273.3 269.1 262.8 259.3 259.6 256.5 255.6 250.4 246.7 242.7 242.6 228.1 234.7 235.5 235.3 236.4 239.2 239.8 239.5 239.3 240.1 239.8 237.8 236.3 235.2 235 235.4 234.6 233.6 231.9 230.2 226.7 223.2 226.3 228.4 224.8 222.3 220.8 220.9 223.2 225.2 225.7 227.2 229.7 228.7 226.8 226.7 226 226 223.3 214.6 213.8 214.1 213.3 213.3 210.1 210 209.9 209.5 208.4 210.8 210.2 209.7 209.5 206.5
310.4 306.3 305.3 302.6 300.2 297.2 294 288.5 287.6 281.6 277.1 272.1 270.9 270.6 266.1 263.6 261.6 256.8 256.3 253.4 248.9 245.5 242.1 239.9 235.8 230.5 234 234.1 234.1 233.8 236.8 235.7 236.1 235.7 235.3 235 234.5 233.5 233.3 232.6 231.7 230.8 230.7 227.4 224.1 221.1 220.9 220.3 221.3 219.9 219.7 218.3 217.7 217.7 217 216.8 216.4 216.4 215.9 216 215.7 216.3 214.8 213.9 213.5 213.4 213.9 211.1 211.9 212.4 211.9 211.9 211.3 211.1 210.5 209.7 214.8 214.7 214.7
300.9 297.9 296.9 294.7 291.9 289.1 286.3 283.6 280.2 276.3 272.4 268.2 267.1 265.3 263.6 261.3 258.5 254 251.4 247.9 245.7 241.5 240.2 238.1 233.2 230.8 232 233.3 232.8 232.3 233.2 233.7 233.6 231.7 233.1 231.6 227.8 225.1 228.4 227.3 225.2 222.4 221.4 221 221.6 221.2 220.6 219.9 219.2 219.1 218.9 217.9 218 217.8 217.4 216.6 216.9 216.2 216.1 216 215.8 214.5 214.5 214.2 214.4 214.2 211.6 212.9 213.3 212.6 212.5 212.6 212.9 211.9 214.9 218.6 219 218.5 218.3
293.1 290.2 288.5 286.3 283.8 282.1 279.5 277.7 274.4 271.3 267.8 262.6 261.9 260.3 258.6 256.3 250.9 247.2 245.6 244 241.4 240.9 238.9 235.7 231.7 230.2 226 232.7 231.9 231.2 230.7 231.2 228.9 228.1 226.1 225.6 224 222.9 222.4 222.5 222.5 221.9 221.6 220.6 221.2 220.3 220.6 219.8 220 219.6 218.8 218.1 218 217.9 217.8 217.5 217.3 216.1 216.1 215.3 214.9 215.2 215.1 214.7 212.2 212.7 213.3 213 213 213.1 214.1 216.2 216.4 216.6 219.4 218.5 219.4 220.3 220.3
282.9 281 280.1 278 276.9 275.5 272.8 269.6 267.3 264.3 261.4 259.1 256.8 255 251.8 248.7 246.6 245.1 243.7 241.6 238.4 237.6 233.3 231.3 229.6 229.1 228.5 230.5 230.9 229.5 229.5 229.2 228.2 227.1 226 224.2 223.4 223.2 223.1 222.5 221.5 221.3 221.1 220.7 220.3 219.9 219.5 219.5 219.7 219.3 219 218.1 218.5 218.4 218.2 217.7 217.3 216.9 216.4 215.6 215.6 215.3 211.6 212.6 214 213.9 213.6 213.3 215.5 217 215.9 220.6 220.2 221 218.7 220.2 220.7 221.6 222.3
271 269.8 269.3 269.2 268.3 267.2 265.5 262.8 261 258.2 254.8 252.9 251.2 248.6 246.6 244 241 238.5 234.9 232 232.8 234.5 230.1 229.6 229.3 228.9 227.8 229.1 229.2 227.6 227.3 227.1 227.9 225.1 224.2 224 223.5 222.7 223.1 222.5 221.6 221.1 221.1 220.5 220.3 219.6 219.4 219.6 219.4 219.2 218.6 218.1 218.6 218.9 218.6 218 217.4 217.1 216.5 215.9 213.1 215 215 214.9 217.7 216.5 218.1 225.1 223.8 220.8 217.6 223.8 222 222.4 222 222.8 222.6 223.3 223.5
258.3 257.2 256.3 256.4 255.8 254.7 253.9 253.2 250.2 247 243 238.8 239.4 238 238.9 235.2 233.8 233 233 231.6 232.8 230.1 230.3 229.6 229.3 229.2 227.5 227.9 226.8 226.1 226.2 225.5 225.7 224.4 224.5 224.3 223.7 223.5 223.3 222.9 222.8 222.3 221.6 220.5 220.7 220 219.9 219.1 219.4 219.2 218.7 218 217.8 217.9 217.6 217.2 216.6 214.1 217.9 219.6 219.6 219.9 220.5 218 219.9 222.3 223.5 226.9 225 223.8 223.1 223.2 225 224.6 225.3 224.5 224.9 226.2 225.4
250.6 250.5 248.8 247.5 247 246.4 244.8 244.1 241 238.3 237.5 235.2 234.8 234.5 234.3 233.7 233 232.7 232.3 232.2 231.1 230.8 230 230.2 228.8 227.7 224 227.5 226.5 225.9 225.8 225 224.9 224.3 224.2 223.8 223.1 222.9 222.1 222.2 221.7 221.5 221 220.6 220.5 220.3 219.9 219.5 219.1 219 218.5 218.2 217.4 214.2 214.2 219.4 225.7 230.8 229.8 226.1 225.3 226.2 228.8 231.7 229.3 227.4 227.9 228.1 226.6 229 226.9 224 229.7 229.2 228.8 226.7 228.5 228.9 229.5
246.4 245.4 243.3 243.1 242.5 242.7 242.5 242 240.2 238.2 237.2 235.4 234.6 234.3 234.1 233.8 233.2 232.2 231.9 231.8 230.7 230.4 229.6 228.9 227.6 225.8 230.5 232.6 228.3 225.1 223.8 223.6 225.2 224.3 225.1 224.3 220.9 221 219.9 221.8 220.4 220.5 219.2 219.1 219.9 220.2 220.1 219.1 218.5 218.5 220.2 224.7 228.3 233.6 235.2 240.6 236.4 231.8 233 232.5 233.9 237.4 240.2 238.9 234.7 235.7 234.1 230.2 231.7 233 232.9 228.2 232.9 232.7 230.8 229.4 231.7 232.4 234.3
239.7 238.2 235.7 237 238.4 238.7 238.8 238.2 238.2 236.9 235.3 235 234.7 233.8 233.7 233.5 232.4 231.8 229.5 228.9 228 227.2 226.7 226.4 233.6 243.1 243.9 244.2 243.3 241.7 240.9 240.1 238.9 236.6 234.8 232.9 227.9 224.6 223.2 222.6 222.2 220.4 221.8 222.8 226.2 228.5 230.6 232.6 234.1 239.4 242.5 243.7 248.8 245.2 244 240.7 238.8 239 239.8 240.7 241.8 244.4 245.5 244.7 243.4 241.7 237 237 237.4 237 234.9 235 238.8 234.6 234.7 236 238.5 239.7 242.1
240.3 239.6 239.2 237.6 236.3 236.2 235.3 234 233.5 233.2 232.4 231.8 232 232.3 232.3 231.9 231.7 231.7 233.6 234.4 235.7 236.3 238.5 243.6 247 248 249.7 248.9 246.7 244.7 243.4 242 240.8 239.6 238.8 238 238.3 239.7 239.8 239.2 239.2 240 241 242.7 244.3 245.6 247.5 249.3 249.8 249.8 249.4 251.7 252.3 249.6 244.2 245.1 246.3 247.6 249.1 249.2 248.5 249.4 248.5 247.5 245 241.8 241 241.4 242.2 241.5 236.5 236.2 236.4 236.8 241.4 242.9 243.1 247.5 249.6
243.4 240.8 239.8 239.1 239.8 239.2 238.6 237.3 236.3 234.5 235.2 235 234.9 234.2 235.1 238.6 238.5 241.5 245 242.9 243.7 243.9 245.6 248.1 251 250.6 250.6 250.1 248.6 248 247.2 245.5 244.3 243.9 243.4 244.4 244.7 246.6 248 246.5 247.7 248.5 253 252.9 254.1 254.6 255.3 257.8 259.2 259.3 257.4 257.9 257.4 255.8 256.1 254.3 255.1 255.6 255.8 254 253.3 252.5 251.1 248.5 245.7 245.5 246.3 246.8 246.7 243.6 237.5 243.6 244.9 243.8 248.2 249 250.8 254.6 255.4
