Assets/StreamingAssets/GeoData/Data/sy/SY18.asc
ncols 200
nrows 200
xllcorner 310000
yllcorner 80000
cellsize 50
[rows 0 to 37 of 200, columns 0 to 83 of 200]
114.6 98.5 71.3 85.8 88.5 86.4 84 85.1 91.3 97.1 97.4 93.4 95.8 98.1 98.9 98.5 98.1 97.6 96.1 94.5 92 87.6 82.2 84.6 84.6 85.3 84.4 82.3 79.7 77.3 76.4 79.3 84.5 88.5 92.7 95.2 97.2 101.2 103.7 105.1 107.5 110.2 114 115.7 115.7 116 114.3 112.9 110.7 107.9 102.2 98.2 95.8 91.8 86.6 84.3 80.5 74.2 70.8 67.5 63.2 59.6 57.9 55.4 51.8 46.5 42.6 41.2 39.2 38.8 38.4 37.2 35 33.9 32.9 35.2 36.2 37.2 38.5 40 42.4 43.7 46.2 48.6
118.2 100.6 78.2 89.5 94.2 94.8 92.4 92.7 95.7 99 99.7 97.8 99.8 100.1 100 102.5 103.2 103.1 103.4 102 99.1 95 89.3 82.7 77.8 78.6 77.7 77.1 76 73.2 73 78.2 82.9 86.8 90.1 91.9 93.7 96.8 99.1 101.1 104.9 107 107.7 108.6 110 110.4 109.8 108.3 106.4 101.6 96.8 92.6 89.9 87.3 83.1 81 77.2 72.3 66.5 63.5 60.4 56.7 54 52 48 43.2 40.7 38.6 38.1 37.3 36.4 35.5 35 34.4 31.7 34 36.3 38 39.4 41.9 45.1 47.1 50.2 52.7
119.4 103.7 83.2 93.9 99 103.1 101.2 99.5 102.5 103.1 104.3 102.8 102.8 106.5 106.2 107.1 108.3 108.3 110.4 109.7 104.9 98.1 91.2 85.1 79.8 75.2 73.4 73 72.8 70 71.6 76.2 80.1 83.3 86.6 88.3 91.4 93.5 95.6 97.2 100.4 101.4 101.6 103.1 104.9 104.8 104.7 103.3 100.4 97.5 91.8 87.7 85.7 82.2 80.1 76.5 71.8 68.3 63 60.8 56 52.9 51.7 49.7 44.6 40.9 37.3 36.1 36.3 36.3 35.7 34.8 34.3 33.9 33.1 33.4 36.3 37.8 41 44.1 47.5 50.5 54 56.7
120.5 110.8 99.1 96.9 102.6 107 107.6 105.9 108.2 107.9 109.6 110 109.6 112 112.8 112.2 114 113.5 115.6 114.3 107.7 100.8 93.1 86.5 81.8 77 71.4 68.4 66.8 66.5 69.2 74.5 75.5 77.9 81.4 84.5 88.2 90.3 91.4 93.2 95.1 96.3 96.7 98 99.8 99.7 99.1 97.5 93.9 91.5 86.4 82.4 80.9 79.9 76.3 72.8 67.5 63.4 59.8 55.5 53.7 50.4 48.2 44.9 41 37.3 34.4 34.3 34.5 34.6 34.5 33.2 33.2 33.1 31.9 34.5 36.7 38.8 42.7 46.4 49.2 52.3 56.9 60
114.7 114.4 104.6 100.7 105.7 110.6 113.2 113.4 115.9 115.5 115.6 115.4 115.5 118.3 120.9 122 121.4 120.3 118.9 115.3 109.6 102 94.6 87.8 83.4 78 72.4 67.6 64.3 63.5 65.6 68.4 70.3 74.9 78.1 82.4 84.9 85.7 86.4 88.7 90 90.3 92.1 93.4 94.3 95.2 95.1 92.7 89.1 85.4 81.7 77.3 75.7 75.6 72.5 68.5 63.2 60.1 56.1 52.6 49.6 47 44.1 42.2 38.5 34.8 33 32.7 32.6 32.3 32.3 32.3 32.4 32.3 31.5 34.9 37.1 40.2 44.2 48.8 51.5 55 59.7 63.5
111.3 115.4 107.7 106.4 109.7 114.8 119.3 120.3 121.6 123.4 122.6 122.3 122 127.6 132.1 131.3 126.9 125.3 121.8 115.4 109.1 102.8 96.5 90.8 86.6 80.4 75.9 70 65.1 61.5 62 63.6 66.5 70.3 73.8 78.3 80.1 80.7 81.8 83.9 83.2 84.3 87.9 88.1 88.1 89.2 88.9 85.9 82.8 80 76.2 72 69.7 70.1 68 64 60.4 56.7 53.9 50.4 46.4 44.5 40.9 38.2 36.7 34.2 32.2 31.8 31.8 31.7 31.7 31.6 31.5 31.5 30.7 34.3 38.2 41.7 46.3 51.2 54.7 57.9 61.8 66.7
109.9 115.8 114.1 109 113 118 123.7 126.4 130.3 133.6 133 133.5 133.4 141 140.8 137.7 132.5 129.1 124 118.5 112.4 106 100.2 94.4 89.1 82.9 76.6 71.8 66.8 61.8 58.9 60.6 64.6 67 69.6 72.7 75.7 77.2 79.2 81 81.2 81.9 81.3 81 81.3 84.8 84 81.6 76 73.2 70.5 68.5 66.7 63.7 62.3 60.2 56.1 51.9 49.6 47.7 42.9 41.6 37.9 35.3 34.4 32.7 31.3 31.2 31.2 31.1 31 30.9 30.8 30.7 30.6 34.4 39 43.5 48.4 53.3 58.6 63.1 64.7 68.6
111.9 116.4 114.9 115 117.7 121.6 128.6 132.4 136.6 140.1 142.8 145 148.7 149.8 148.3 143 137.6 133.8 128.2 122 115.9 109.4 103.8 97.2 89.2 82.9 77.2 72.1 67.1 62.2 58 58.8 59.3 63.3 65.5 68.5 70.6 72.7 76.1 78 78.5 78.6 78.5 76.3 80.7 79.3 79.3 78.1 71.9 69 65.4 65.5 62.2 60.4 57.5 55.5 52.7 47.9 46.6 43.4 41.1 39 35.9 32.6 32.6 31.9 30.8 30.8 30.6 30.5 30.4 30.3 30.2 30.5 30.8 36.9 41 45.5 50.3 55.4 61.1 66.8 70.1 71.9
108.2 112.6 117.6 122.1 124.5 128.2 133.6 138.2 142.4 146.5 149.7 155.4 159.1 159.9 157 151.6 144.3 138.5 132.5 125.8 119.6 112.8 106.5 98.8 90.5 83.6 77.8 72.4 67.5 62.8 59.9 53.7 57.3 58.8 61.3 64.3 67.1 69.1 72.3 74.1 74.9 74.2 73.6 72.5 71.9 74.6 73.8 73.3 69.4 64.5 61.2 62.2 58.8 56.3 54.9 51.6 48.1 44.9 42.4 41.3 39.7 37.3 34.4 30.9 31.2 31.1 30.2 30.5 30.5 30.2 30 29.8 29.8 30.5 32.6 38.4 42.6 47.6 51.7 58.5 64.2 70.1 73.6 76.3
104.3 111.1 117.7 123.6 127.5 130.4 136.3 141.3 146.3 152.6 159.7 166.3 173.2 174.8 167.5 157.5 149.7 141.3 135.3 129.3 121.1 112.8 107.8 99.9 91.9 85 78.7 72.8 67.8 63.8 61.6 60 54.8 54.8 55.6 59.1 61.9 64.6 67.4 69.5 70.2 68.6 69.1 68.2 68.8 70.5 68.9 67.2 65.4 61.7 59.1 57.4 55.6 51.6 50.8 47.9 45.8 43 40.3 39.7 37.6 34.8 32.5 29.7 29.7 30.1 29.6 29.9 30.2 30.1 29.9 29.4 29.5 29.8 34.1 39.5 46 50.2 54.6 62.1 68.3 74.4 77.2 81.3
105.1 110.9 116.9 122.7 128.1 133.7 138.2 144.3 150.4 156.5 167.3 181.6 190.4 192.8 181.8 165.4 153.6 146.4 140 131 122.1 113.8 107.3 102.1 95.1 87.4 80.5 74.5 69.3 65.7 64.2 63.5 57.6 52.8 52.6 54.7 56.7 58.8 62.2 64 64 61.8 64.9 62.9 62.9 62.3 62.3 61.2 59.6 57.2 54.5 52.1 49.6 48 47.1 45.4 42.3 39.8 38.2 38 35.1 33 31.3 29.8 29.4 29 29 29.3 29.6 30 29.6 29 29.9 31.9 36.7 41.5 47.1 52 57.7 64.8 71.8 78.6 81.2 85
103.2 109.4 115.9 121.8 128.8 135.4 141 147.6 154.9 161.4 176 196 206.7 207.2 194.3 176.4 161 151 144 134.1 125.8 118.1 110.5 104.4 96.3 89 82.5 76.7 70.9 66.4 62.1 59.7 56.4 53 49.5 50.3 52 53.9 55.8 57.6 58.2 58 60.4 59.7 59.2 57.7 56 54.2 53.2 52.5 50.8 47.9 44.7 44.4 43.2 42 41.5 38.3 36 36 33.8 31 29.4 28.8 28.4 28.2 28.5 28.8 29.1 29.3 27.5 28.9 29.3 30.8 37.4 42.9 48.4 54.5 61 67.3 75 81.9 84.8 91.5
98.4 105.5 113 120.3 126.7 133.3 141.2 148.7 156.5 161.9 182.6 201.4 210.8 209.7 202.3 187.4 169.7 157.1 147.9 138.9 130.8 122.8 113.9 105.4 97.5 90.4 84.4 78.6 74.1 67.9 61.7 58.4 58.1 54.5 51 48.6 48.2 50 49.7 51.9 53.1 55 56.3 55.7 53.3 52.9 50.9 49.2 47.7 47.4 46.7 45.5 42 40.6 41.1 41 40.6 37.4 34.2 34.5 32.3 29.4 29.1 27.9 27.5 27.8 28.1 28.2 27.7 26.7 29 27.5 30.1 32.8 38.8 44.5 50.4 56.8 63.3 70.5 78.9 85.7 92.5 97.4
94.3 102.8 110.5 117.9 124.5 130.6 139.7 148.3 156 167.4 182.3 200.1 209.5 209.7 206 195.3 178.5 165.1 153.1 143.1 134.3 125.4 116.4 108.1 100.5 93.2 87 81.8 76.6 69.1 63.4 60.9 60.7 57.9 54.4 50.7 46.3 45 45.6 46.9 48.8 50.5 51.4 50.6 49.3 49.4 46.7 43.7 43.4 42.8 41 41.6 39.6 37.6 37.7 39.1 40.2 38.5 34 31.9 30.8 29.2 28 27 27.1 27.5 27.8 27.6 27.4 26.3 26.9 29.2 30.6 34.7 40.6 47.1 53.1 59.6 66.1 73.8 82.4 89.9 97 103.2
93.4 101.6 108.4 114.6 121.3 129.5 139.4 147.3 155.4 167.5 181.5 201.4 209.1 208.1 204.5 201.1 186.5 171.7 158.1 147 137.6 128.6 119.7 111.3 103.9 96.7 90.9 85.4 78.7 73.4 69.1 65.8 63.4 61.3 57.4 52.8 49.6 47.2 44.3 43.3 43.4 45.6 46.6 45.7 44.8 45.5 42.3 40.8 39.3 39 37.6 37.4 37.3 35.4 35.7 37.8 38.3 37.8 34.5 31.3 30.2 29 27.3 26.5 27 27.3 27.2 27 25.8 25.4 26.8 29.6 33.1 35.9 41.4 47.6 54.6 62.1 68.8 77.6 85.9 93.7 101 108.9
92 99.4 103.1 108 119.6 129.7 138.4 146.7 154.9 166.3 181.5 200.6 208.1 208.8 205.6 202.3 191.5 176.1 159.5 147.9 139.5 131.8 123 114.5 107.5 100.4 94.9 88.8 82.9 77.2 74.1 71 66.1 62.7 57.4 53.5 51.9 50 49 44.4 42.5 41.3 42.7 41.8 41.3 41.2 39.7 38.2 36.7 35.7 35.1 35.1 35 33.7 34.3 35.5 36.1 34.4 32.2 29.9 28.5 27.7 26.4 26.4 26.9 26.7 26.5 26.3 26.1 24.5 26.4 30.8 34.6 37.5 43.6 49.6 56.5 63.9 72.8 81.5 89.2 97.1 104.9 118.2
86 93 102.5 112.1 120.1 129.1 137.5 145.6 153.5 161.5 176.5 198.3 206.8 207.4 205.7 202.7 195.2 180.7 163.5 149.8 141.3 133.4 125.6 118 111 104.5 98 91.9 86.1 80.5 76.4 72.5 68.3 63 58.1 55.8 56.2 55 50.5 48.8 48.3 44.4 40.2 39 39.2 37.6 36.8 34.7 34.9 35.1 33.6 32.6 32.4 32.9 32.7 33.4 33.4 32.5 30.1 28.1 27.3 26.5 25.8 26 26 25.8 25.5 25.8 25.3 25.9 24 32.2 36.8 41.5 47.5 53.2 59.7 67.9 77 84.3 92.4 100.8 109.4 126.5
87 96 103.8 111.1 119.1 127.2 135.5 143.2 151.7 161.6 177.5 196.4 204.6 206 204.8 202.5 200 186.4 169.1 154.4 144.8 136.8 129 122.2 115.6 107.8 101.2 95.1 89.3 83.7 78.8 73.6 69 66.7 62.4 61.7 59.5 56.6 53.1 52.2 53.6 51.9 45.8 41.8 40.2 38 35.1 33.8 35 32.7 31.7 31.1 31.4 32.1 32.1 32 31.2 30.8 29.8 27 26.2 25.4 25.2 25.1 24.9 24.7 24.8 25.3 24.9 24.2 27 34.7 39.7 44.1 50.5 57.9 64.8 73.2 80.5 89.6 97.6 106.2 115.7 132.4
83.4 94 102.1 108.6 116.8 125.7 133.8 141.4 149.9 160 178 194.3 203.5 204.6 203.8 201.6 200.8 192.1 175.6 160.8 148.2 140.3 132.6 125.5 118.5 111.5 103.7 97.8 91.6 87.4 82.3 76.7 71.5 70.9 67.5 64.3 59.2 55.5 57.8 55.3 59.2 56.1 47.1 48.6 45.6 42.1 38.4 34.8 32.5 30.2 30 29.5 30.6 30.8 30.9 30.8 29.1 29.7 28.4 25.9 25.1 24.7 24.6 24.6 24.4 25 24.7 23.1 24.2 29.1 33.2 36.9 42.7 48.1 54.4 59.6 66.5 75.3 82.9 92.1 102.3 110.6 122.8 139.1
91.5 97.2 102.4 103.8 113.8 124.9 133.7 142.4 150.8 161 180.5 194.3 201.4 202.2 202 201.7 199.7 194.5 184 168.4 153.4 144.5 137.4 129.6 121.8 114.3 107.1 100.8 95.3 90.2 84.5 78.8 74 70.8 68.9 63.4 58.1 62 60.7 60.4 61 55.7 51.3 53 50.7 44.3 41.4 38.2 34.4 31.8 30.3 29.4 29.2 29.6 29.4 28.4 28.3 28.8 26.9 24.8 24.4 24.1 24 24 23.9 24.4 22 23.8 26.1 31.9 35.7 40.3 45.4 52.5 59.9 66.2 73 81.9 88.1 96.5 105.3 115.2 129 143.1
97.5 102.7 107.6 114.8 122.4 128.3 135.1 143.8 152.9 163.5 181.4 194.2 195.1 199.6 201 200.8 199.8 197.9 190.5 177.3 162.6 148.9 140.1 132.8 125.5 118.1 111.3 104.1 96.3 88.3 82 77.3 74.6 70.6 68.3 63.2 64.8 66.7 62.3 61.4 57.4 53.6 58.4 59.5 54.8 51.5 46.8 42.1 37.3 33.8 31 30.1 27.2 28 27.5 27 27.1 27.5 25.6 23.8 23.7 23.5 23.6 23.7 23.4 22.6 21.9 25.2 30 34.9 39.6 44.3 49.8 56 65.2 72.8 79.6 86.6 93.1 99.7 108.5 120.6 135.3 148.3
103.2 108.2 113.2 120.2 127.6 132.3 139.7 146.8 156.4 170.5 188.8 188.9 191.8 195.4 197.8 198.8 199.1 199.4 196.3 187 173.3 158.4 144.3 135.4 127.7 119.8 112.6 105.3 97.5 88 82.6 81.4 76.9 72.2 66.7 62.8 65 65.4 62 59.5 55.3 57.1 69.7 65.9 59.1 53.1 47.3 44.6 39.5 36.1 33.6 30.3 28.1 26.1 25.9 26 26.3 24.9 24.5 22.9 22.9 23.7 23.8 23.2 22.7 22.2 22.7 28.7 33.9 38.7 43.5 48.5 55.5 62.9 71.6 79.6 85.2 91.3 98.4 104.9 114.4 127.6 141.5 154.6
106.1 111 117.1 123.7 130.7 138.1 145 151.8 164.7 179.7 190.9 183 184.5 190.1 194.9 195 197.1 198.4 197.3 191.7 182.8 167.7 151.1 138.1 129.6 121.5 114 106.5 98.4 88.3 88.5 85.9 80.1 73.8 67.4 66.9 64.5 62 59.8 58.6 56.3 60.6 69.9 69 61.2 56.1 51.3 47.1 41.7 37.1 34 31.9 29.7 27.2 24.8 24.9 25.2 24 22.9 22.2 22.3 23.7 23.5 23 22.6 18.7 22.2 32.8 39 43.1 47.6 52.6 58.8 67.5 76.4 82.6 90.3 96.4 103.4 111.9 122.2 135.4 148.7 160.6
106.9 112.3 118.3 125.4 132.6 140.6 148.7 158.5 174.6 190.7 187.5 177.9 173.9 183.7 193.4 192.9 194.7 196.3 195.1 190.2 185.5 172.8 154.6 141.3 131.7 123.7 115.9 108.1 98.7 94.8 96.2 91.4 84 77.7 76.3 73.3 68.9 63.9 59.8 57.7 58.3 60.8 66 68.2 60.9 57.4 55.4 46.3 41.9 40.8 39 34.1 30.8 28.1 26.1 22.5 24.5 23.4 22.6 22.1 22.4 22.7 22.3 22.5 22.5 20.5 27 35.5 42.2 47.9 52.2 57.2 63.7 72.1 81.8 87.6 94.9 102 109 120 131 143.6 156.4 167.3
107.9 114.1 120.2 127.8 135.4 143.1 152.4 169 186.1 194.3 184.5 173.9 168.5 172.6 185.1 190 192.1 192.6 191 187.8 184.5 172.4 153.4 140.5 131.9 124.5 117.5 110.6 104.4 102.2 100.8 96.5 89.9 84.7 82.9 78.8 74.3 69.1 65.7 62.8 61.5 58.5 59.7 55.4 58.6 58.8 53.2 46.5 51.4 47.7 44.4 40 33.6 28.9 25.7 23.4 20.9 23.1 22.5 22 21.5 21.4 21.3 21.5 18.1 27.7 34.3 39.5 45.3 51.9 58.3 64.3 69.6 77.3 86.8 93.9 101.5 109.6 120.2 131 141.7 151.9 163.1 170.8
111 117.4 123.4 129.9 138.8 148.5 158.4 177.9 195.6 192.4 183.1 171.9 161 161.1 169.5 181.1 187.3 188.1 186.7 182.4 175.4 163 148.2 137.6 129.9 125.3 119.8 114.2 107.9 104.7 101.8 98.4 94.7 91.4 89 84.7 79.4 74.1 70.2 68.1 63.3 57.4 56.2 53.9 53.5 53.3 49.8 51.3 51.4 47.7 44.9 40 36.5 31.1 26.2 25.1 23.3 19.9 21.9 20 20.1 20.1 20.3 19.3 22.7 31.3 37.1 43.1 49.7 55.9 61.8 68.1 74.4 80.6 89.7 98.7 108.9 119.9 131.6 141.6 150 159.3 167.7 172.1
110.9 116 122.2 133.5 142.4 153.1 166.4 185.7 198.3 190.5 181.9 170.4 156.6 151.1 158.3 169.4 175.1 178 175 169.5 163.1 152.3 141.1 132.5 127 122.5 117.9 113 106.7 101.7 99.5 98.6 98.7 100.2 95.4 90.4 84.4 79.2 74 70.1 64 59.2 57.2 54.5 52.1 49.5 47.8 47.4 46.3 44.3 41 38.8 32.6 30.8 27.3 24.3 23.6 21.1 20.1 17.3 17.4 16.2 16.2 18.7 27.6 34.7 40.6 46.8 54.6 60.4 66.1 72.6 79.1 85.4 92 101.3 116.1 129.3 140.9 150.6 157.6 164.1 169.8 172.7
111.1 118.3 126.8 136.3 143.6 155.4 172.8 193.2 196.3 189.1 180.8 167.6 153.2 145.5 150.1 156.1 160.7 164.4 161.3 153.6 145.6 138.2 132.2 125.4 121.1 117.3 113.6 108.4 102.3 97.8 95.4 96.5 100.4 103.3 101.8 97 90.1 83.7 78.2 70.6 64.9 59.1 57.6 55 51.1 51 51.5 47.4 43.7 40.7 38.6 35.8 33 29.7 27.5 23.3 22.6 21.2 18.3 13.5 15.2 17.4 19.7 26.6 32.6 38.2 43.3 49.6 56.1 63.5 70.3 76.3 82.6 89.6 95.8 105 119.9 135.9 149.9 158.5 164.5 168.1 171.3 172.8
111.5 118 127.1 136.5 145.8 155.4 176.1 196.2 195.1 188.1 179.5 165.7 151.2 142.8 141.7 143.5 146.6 148.2 146.6 139.4 133.3 127.4 123.3 119.2 114.9 111.2 107.3 102.4 96.8 92.5 91.8 94.9 100.3 104.8 105.4 103 98.1 89.1 80.3 72.2 64.4 58.7 57.7 54.5 57.8 63.3 62.9 58.4 53.2 46.5 38.8 34.6 31.6 28.2 25.2 22.8 21 19.9 19 13.9 16.3 18.6 22.1 27.7 34.5 40.1 46.6 52.6 58.8 65.2 71.7 78.3 85.6 92.8 99.8 109.9 125.4 141.2 156.6 165.2 167.9 169.7 171.1 172.4
111.7 118.5 127.4 136.8 147.2 157.8 177.4 195.6 193 187 176.3 163.3 151.2 140.3 135 135.5 136.4 136.7 133.8 129.2 124.4 119.5 115.4 110.9 108.5 103.5 101.5 96.8 91.3 87.2 87.8 92 98.5 104.5 106 105.1 101.8 94.5 83.4 73.7 65.9 59.9 57.4 58.8 63.9 65.5 64.9 61.5 54 45.8 39.8 33.8 29.8 26.2 24.3 21.7 20.8 19.6 17.7 13 17.4 20.3 24.5 29.7 36 42.7 47.7 53.7 61.4 68.6 75.1 81.7 88.6 95.5 103.9 115.7 131.2 146.6 161.5 166.8 168.9 170.2 171.6 172.3
112.5 119.9 127.8 137.9 148.3 160.8 180.2 196 192.3 186 177.1 163.3 148.8 137.9 130.8 130.3 130 128.6 125.4 121.5 116.5 111.8 107.6 103.1 98.9 97 95 91.1 86.3 82.1 82.7 88.3 95.9 102.7 104.8 103.4 100 98 87.6 76.7 66.9 61.6 57 57.8 61.2 65.4 63.1 59 52.2 46.1 39.4 33.6 29.6 24.8 22.2 21.4 20.4 16.9 12.9 14.1 19.5 22.2 25.8 31.7 36.6 43.5 48.9 54.4 61.3 69.4 77.8 84.2 90.6 98.6 106.8 120.6 135.7 151 164.1 167.5 169.4 170.7 171.7 171.8
116.3 122.4 129.9 139.8 149.7 164.3 185.4 197 194 187.6 180.6 167.3 153.6 140.5 131.5 124.7 120.6 119.8 117.1 113.7 109.4 104.7 100.3 96.2 91.7 89.9 89 85.7 81.5 77.3 78.8 84.6 92.9 99.2 99.8 98.1 95 93.8 83.7 73.7 64.2 58.8 55 53.5 57.3 59.3 59.1 56.9 53 46.7 39.2 33.7 29.8 24.8 21 20.1 17.4 14.4 11.1 15.8 18.6 21 25.8 32.3 36.7 44.3 49.4 56.2 61.8 70.1 77.6 86.1 93.1 101.2 110.7 125.4 141.1 156.3 165.7 167.9 169.9 171.1 171.2 171.2
119.3 126.3 135.1 144.2 152.7 167.4 187.3 196.6 195.9 189.6 182.9 174.2 161.8 148.8 135.2 126.9 119.3 113.4 109.8 106.1 102.1 97.6 93.4 90.1 85.8 83.5 83.3 79.5 76.1 72.1 75.8 81.7 89.3 94.8 94.2 92.3 89.6 89 79.5 69.9 61.3 56.8 53.4 50.9 50.6 51.8 58.1 56.6 53.1 47.8 41.2 34.7 22.2 23.5 19.8 18.4 14.9 11.7 12.8 16.8 18.6 20.8 26.7 32 38.5 45.9 52.4 58 63.4 70.4 77.9 85.5 94.9 103.3 113.2 128.9 145.2 161.2 166.9 169.3 170.6 170.5 170.5 170.5
123 128.7 137.4 146.7 156 173 191.5 195.3 196 192.1 186.7 179.8 168.7 157.4 142.1 129.4 121.5 113.4 104.9 100.4 96 91.3 86.4 83.5 79 76.5 76 72.6 70.9 70 74.1 79.3 85.3 89.2 88.1 85.6 82.9 81 74 63.4 57.2 53.8 50.4 49.2 48.7 50.9 59.8 55.4 53 46.7 40.8 33.6 26.8 22.3 19.2 15.7 12.4 12 13.9 17.8 18.6 20.6 27 32.6 39.5 45.9 52.4 57.8 64.5 71.2 78.9 87.8 95.6 105 116.7 134.8 153.4 164.7 168.1 170.7 171.4 170 169.9 169.9
127.6 132.1 140.5 150 163.3 178.3 191.8 194.9 194.1 191.7 189 185 177 165.9 150.4 133.9 124.9 116 107.4 100.3 94.6 89.9 89 83.9 79.1 73.2 69.6 67 65.6 67.7 72.1 77.5 80.8 82.4 81.6 78.5 75.4 73.2 68.6 59.1 53.2 50.2 47.5 48.1 46.8 48.3 56.2 53.3 46.4 42.1 37.5 31.3 26.6 18.6 18.2 13.8 9.7 12.1 14.4 17.5 18.9 20.6 25.5 33.2 39.8 45 51.1 57.7 64.4 71.1 80.3 88.1 96.1 104.7 118 136.6 158.2 165.6 168.5 169.3 169.5 169.6 169.5 169.4
129.4 137.1 144.7 153.6 171.4 186.8 193 194.8 193.6 191.5 190.1 186.9 181.3 172.4 159 145.2 130.2 121 112.4 104.9 100.6 97.5 96.4 92.3 82.2 75.2 68.5 65.2 62.3 65.1 69.7 74.3 75.9 75.8 74.7 73.1 69.3 66.6 63.9 55.7 50.6 47.7 44.7 47.9 47.3 44.5 42.2 39.6 39.4 37.3 32.5 27.1 22.3 16.9 16.2 14.1 9.9 11.8 15.6 18 19 21 26.4 33.6 39.8 44.8 51.8 57.6 64.3 72.2 79.9 87.4 95.8 104.4 116.2 136.9 157 164.9 167.8 168.7 169 169 169.1 168.2
131.8 139.9 147.2 157.6 173.9 189.9 193 193.2 192 190.8 189.1 186.6 183.9 177.6 168.4 157.2 140.2 127.6 118.8 111.5 107.2 103.4 100.7 94.8 85.4 78.8 72.3 67.4 61.5 60.8 65.2 68.7 70.6 70.1 68.5 67 64.7 60.7 57.3 52.2 48.6 45.6 42.9 45.7 52.3 54.4 49 46 38.2 31.5 28.6 24.9 19.9 16.1 15.3 12.6 9.3 12.2 15.4 17.7 20.2 22.3 26.9 33.2 38.7 44.3 51.6 57.2 64.3 71.7 79.3 86.8 94.3 104.5 123 136.6 154.3 164.5 167.4 168.4 168.8 168.8 168.8 167.6
135 142.6 149.7 162 176 187.9 193.3 192.4 191 189.4 188.5 186.9 184.2 180.9 175.3 167.1 153.1 138.6 127.2 118.4 115.6 110.9 104.5 97.7 89.5 82.6 76.7 70.1 63.2 58.4 59.7 64.5 66.2 66.7 65.2 63.1 59.5 56.5 53.2 50.3 47 43.6 40.6 45.5 55.8 58.9 53.3 44.5 37.4 32.1 26.8 22.4 18.6 15.2 14.2 10.9 9.8 12.8 15.8 17.8 20.1 22.9 26.7 31.5 37.9 44.1 52 58.4 64.4 71.3 78.8 87.2 94.5 104.1 119.7 136.7 152.7 165 167.2 168.3 168.8 168.6 168.5 167.6
