Assets/StreamingAssets/GeoData/Data/sy/SY67.asc
ncols 200
nrows 200
xllcorner 360000
yllcorner 70000
cellsize 50
[rows 0 to 36 of 200, columns 85 to 169 of 200]
41.4 45.1 44.2 41.7 39.2 36 32.2 30.9 29.8 28.4 27.2 26.5 23.6 21.3 20.1 19.2 18.5 16.9 16.9 15.2 13.1 12.4 11 9.4 8.3 7.7 9.3 7.6 6.8 7.4 7.1 6.2 5.5 6.6 5.5 5 5.1 5.2 7.6 8.5 8.9 8.7 7.9 6.2 5.3 1.8 3.7 5.3 6.5 5.7 3.9 9 12.1 14.7 16 15.4 11.3 7.6 3.6 1.8 1.4 0.9 -0.2 0.6 1 -0.2 1.3 1.6 2.8 2.9 7.4 4.2 2.1 2.2 2.5 1.4 1.6 1.5 3.8 5.9 3.2 -0.6 -0.6 -0.6 -0.6
37.2 44.1 44.7 38.1 37.5 31.9 29.7 27.9 26.5 25.3 24.7 23.6 21.3 19.2 17.8 17.1 16.4 15.5 14.9 14.2 12.1 11.2 10.4 8.9 8.2 9.4 10.4 7.4 7.4 10.7 9 7.3 6.5 7 7.5 7.5 8.5 8.7 10.4 11.1 10.3 9.9 8.7 6.5 3.9 2.2 6 9.1 8.8 7.8 5.1 10 12.1 14.4 15.8 16.2 15.5 12 7.3 3.4 1.8 1.3 1.2 0.9 0.8 0.8 1.4 1.1 1.9 2.8 2.1 1.6 1.4 1.5 1.7 1.9 2.1 2.2 4.6 4.6 1 -0.6 -0.6 -0.6 -0.6
34.4 40.7 43.3 36.7 32.8 31.6 30.3 27.5 25.5 24.3 22.1 20.6 19 17.2 15.7 15 14.5 14.1 13.2 12.5 11.3 10.3 9.4 10.2 11.9 14.3 14 13.6 12.9 12.5 10.9 9.6 8.2 9 10.6 11.5 12.3 14.5 14.9 14.2 12.6 10.2 8.4 5.8 2.3 6.5 10 11.5 10.7 8.6 7.5 11.4 11 14.3 16.3 17.8 16.4 14.3 11.2 6.4 2.9 1.3 1.3 1.4 1.3 1.2 1.2 1.3 1.7 2.4 2.9 1.6 1.4 2.2 1.2 1.8 1.2 2.8 4.8 2.8 0.3 -0.6 -0.6 -0.6 -0.6
38 47.4 37.2 30.3 32.3 32.1 31.3 30.3 29.3 26.4 24.1 21.7 20.3 17.7 14 13.6 13.8 14.5 13.4 12.7 11.8 11.9 13.6 14.3 16.2 16.4 14.5 14.6 14 14.1 13.6 12.6 10.9 9.9 13.3 15.8 17.3 18.7 17.8 16.3 14 10.3 7.6 5.2 3.8 8.5 12.5 12.6 11 8.9 8.8 9 11.8 14.3 15.6 16.8 16.7 15.2 12.5 7.9 3.3 1.3 1.3 1.3 1.3 1.4 -0.2 1.3 1.5 2.4 2.9 2.9 1.7 1.5 1.4 1.6 2.4 2.6 3.8 1 -0.6 -0.6 -0.6 -0.6 -0.6
44.7 54.1 37.1 32.1 35.2 41.7 38.4 36.1 33 30.7 26.9 24 22.5 20 18.6 15.5 15.5 15 15 14.7 14 14.3 15.3 15.6 17.3 16.9 16.6 15.8 15.4 15.1 15.1 15.1 13.5 12.2 16.5 19.1 21.1 20.1 19.1 16 13.3 10.4 7.4 8 6.7 8.5 11.8 12.9 12.6 11.2 9.2 9.3 11.6 12.8 14.2 15.3 15.9 14.9 12.9 9.3 5 1.3 1.3 1.3 1.3 1.3 0.1 1.3 1.3 1.9 2.9 2.9 2.5 1.8 1.1 1.4 2.3 3.8 2.5 -0.6 -0.6 -0.6 -0.6 -0.6 -0.6
49.9 56.6 35.3 34.7 48.9 46.7 42.5 38.8 35.3 32.8 28.7 26.3 24 21.2 15.3 16 16.1 17 16.9 16.7 16.2 16.4 15.6 16.3 17.6 16.9 16.3 16.8 16.4 17.1 17.5 17.7 16.9 17.3 20.2 23.3 24.1 21.9 18.7 15.4 11.9 9.6 9.7 10.9 7.3 8.6 11.4 13 14.2 13.7 11.4 9.7 11.9 13.9 13.8 14.6 14.6 13.8 12.5 8.4 4.5 2.1 1.3 1.1 1.3 1.3 1 1 1.3 2.4 3 2.7 2.5 1.6 1.4 2.8 3 3.8 0.9 -0.6 -0.6 -0.6 -0.6 -0.6 -0.6
50.2 51.2 34.8 43.7 49.9 47.2 43.7 39.6 36.3 32.7 28.8 25.9 23.7 24.4 24.7 23 24.7 20.9 22.1 21.4 20.5 18.8 19.3 19.3 18.4 17.8 17.6 17.6 18 18.9 19.7 19.7 19.6 21.6 23.4 26.2 25.1 22.5 19.1 15.3 11.9 9.9 11.3 10.9 7.7 8.9 11.4 13.8 15.8 15.7 13.1 10.9 12.9 14.4 15.7 14.4 12.7 12.5 10.1 7.1 4.2 2.4 1.3 1.2 1.3 1.3 1.3 1.3 1.3 1.6 2.5 2.8 2.5 2.4 2.8 1.9 2.9 3.5 0.4 -0.6 -0.6 -0.6 -0.6 -0.6 -0.6
45 46.3 45.7 46.4 45.5 42.5 40 38.3 35.3 31.6 30.3 28.9 30.3 27.9 25.2 24.5 25.2 23.7 23 23.7 23.3 23 21.3 20 19.3 18.6 18.4 18 18.6 19.3 20 21.3 22.2 22.6 24.4 25.7 25.3 23.2 18.8 15.4 12.3 10 10 10.5 9 8.9 11.4 13.7 15.9 16.7 13.7 13.6 14.1 16 17.2 15.7 13.8 12 8.9 6.8 4.4 1.7 1.3 1.3 1.6 1.3 1.3 1.3 1.5 1.4 2.6 2.8 2.4 2.3 2.5 2.5 3.7 1.6 -0.6 -0.6 -0.6 -0.6 -0.6 -0.6 -0.6
37.7 39.7 39.8 42.7 42.9 40.1 37.2 35.6 34.3 31.3 31.1 29.7 27.7 27.4 27 25.8 24.5 24.1 24.3 24.2 24.3 23.5 22.4 21.7 19.5 18.7 18.2 17.5 17.9 18.5 20 20.8 21.7 22.9 24.1 25.1 24.6 23 19.8 16 12.7 10.4 9.8 9.4 8.9 9.8 11.4 13.4 16.3 17.9 15.2 14.9 16.2 16.3 17.1 16.5 15.1 13.7 10.5 8.2 5 3.6 2.3 1.3 1.3 1.3 1.3 1.3 1.4 1.6 2.5 2.9 1.5 1.9 1.9 2.4 2.8 0.9 -0.6 -0.6 -0.6 -0.6 -0.6 -0.6 -0.6
30.5 33.1 32.9 34.9 36.4 37.1 35.7 32.9 32.3 31.5 31.3 30.5 28.9 28 27.2 26.6 25.8 25.2 25.7 24.6 24.7 24.4 23 21.4 20.2 18.5 18.1 17.1 17.4 18.2 19.9 19.9 21 23.2 23.1 23.5 23.6 23.1 20.5 15.9 13.1 10.7 10 10.5 11.5 12.5 13.6 15.7 18.6 20 18.7 17.7 17.3 18 17.5 18.2 16.4 15 12 8.7 6.5 5.1 2.4 2.5 1.3 1.3 1.3 1.3 1.3 4.1 2.8 2.8 2.1 2.3 2.4 2.6 3.7 0.5 -0.6 -0.6 -0.6 -0.6 -0.6 -0.6 -0.6
24.5 26 26.5 30.2 31.4 31.2 31.8 30 29.7 30.2 31 31.1 29.6 28.8 27 26.7 26.4 26 25.8 25.5 25.3 24.1 22.9 21.6 20.1 20.1 18.2 17.7 18.1 18.5 19.6 19.5 19.9 20.6 22.6 23.8 24.3 24.7 23 18.9 14.9 12.2 11.4 12.4 14.4 16.8 18.1 19.7 21.9 22 19.6 17.5 17.5 17.2 17.4 18.3 17.3 16.3 13.7 10.5 7.7 6.2 8.1 3.5 3.2 1.3 1.3 1.3 2.1 1.8 1.7 2.1 2.1 1.7 2.6 3.2 3.1 0.3 -0.6 -0.6 -0.6 -0.6 -0.6 -0.6 -0.6
17.8 21 22.9 24.3 26.1 26.7 27.1 26.1 27 26.6 28.9 29.8 29.1 29.1 26.3 25.2 24.9 24.7 24.4 24.6 23.7 23.5 22.9 21.6 20 19.2 18.5 18 18.5 18.9 19.4 18.9 20.2 21.4 22.6 24.3 24.4 25.2 24 21.3 16.8 13.7 13.1 14.8 18.7 21.6 23.5 24.2 23.1 21.6 19.7 16.5 15.2 15.2 17.3 18.8 18.8 17.4 14.9 12.2 9.1 8.9 9.7 10.9 9.6 3.5 1.3 1.3 1.3 1.1 1.1 2.5 1.9 1.5 1.5 2.8 1.1 0.2 -0.6 -0.6 -0.6 -0.6 -0.6 -0.6 -0.6
15.9 18 19.2 20.8 22 22.4 23.4 22.2 23.4 23.6 25 26.8 26.8 28.4 26.3 24.1 24.5 22.9 23.7 24 23.6 24 22.2 21.6 20 19.1 18.1 18.1 18.3 18.8 18.8 18.5 20.8 21.9 22.6 24.1 24.6 25.2 25.9 23.6 20.3 17.4 18.6 21.6 23.1 24.6 24.4 22.8 21.9 20.4 18.8 15.4 13.6 14.9 17.9 19.1 19 17.9 15 12.8 10.8 8.5 10.9 11.6 10.4 9.3 3.7 1.9 1.3 1.3 1.2 2 2.4 1.9 2.5 3.5 1 0.2 -0.6 -0.6 -0.6 -0.6 -0.6 -0.6 -0.6
13.8 15.3 16.4 17.5 19.7 19.2 19.9 17.6 19.3 19.9 19.8 22.5 23.7 23.7 23.7 22.7 21.7 21.6 22.2 22.3 22.8 22.1 21.4 21 19.5 18.2 17.5 17.1 17.1 18.8 18.3 19.5 21.3 22.2 23.4 24.2 24.8 25.3 25.5 25.7 23.9 21.6 22.8 24.8 23.9 23.3 23.2 20.7 20.2 18.8 15.6 13.6 12.6 14.6 17.6 19.8 18.9 17.9 15.8 13.2 10.6 7.5 9.5 9.8 10.4 8.8 4.9 5.2 1.3 1.3 1.7 2.4 2.9 2.9 3.1 3.5 1 0.2 -0.6 -0.6 -0.6 -0.6 -0.6 -0.6 -0.6
11.3 13 14.2 15.5 16.3 17.1 16.4 16.2 16.3 17.2 17.7 19.4 18.8 21 21.3 21.7 20.6 20.1 20.3 20.6 21.4 21.8 20.6 19.2 18.4 17 17.2 17 17.6 17.9 19.5 21 22.7 23.4 23.8 23.9 24.2 24.5 24.6 25.2 24.7 23.9 23.8 23.3 21.6 21 19.3 18 16.5 15.7 13.7 10.9 13.3 15.3 18.8 19.4 18.2 16.6 15.9 13 11.4 8 7.2 8.6 9.5 7.9 6.1 2.5 1.3 1.3 1.6 2.1 2.3 3 3.6 3.7 1 0.3 -0.6 -0.6 -0.6 -0.6 -0.6 -0.6 -0.6
10.2 11.6 12.4 13.1 13.8 14.5 15.5 14.2 14.5 15.7 16.5 17.2 16.4 16.4 17.7 19.8 19.8 19.5 19.4 19.2 20.3 21.1 21.1 20.2 18.2 16.8 16.9 17.4 18.2 18.4 20.2 21.8 22.5 24 25.7 24.9 25.1 24.1 23.8 24.7 24 22.9 22.7 21.7 19.9 17.7 16 15.3 13.3 12.4 10.4 9.7 13 14.4 18.1 18.2 17.8 16.4 15 12.7 9.8 7.1 7.2 7.2 8.3 7.7 7.1 4.2 -0.6 -0.6 -0.6 2.3 2.5 3 4.2 3.3 1.2 0.4 -0.6 -0.6 -0.6 -0.6 -0.6 -0.6 -0.6
8.9 9.3 9.9 10.6 11.2 11.9 13.2 11.8 10.6 12.9 14.6 15.1 13.1 13.7 15 17.6 19 18.9 19 19 18.9 19.6 20.5 19.5 18.3 17.4 17 17.6 19.4 20.2 21 23 24.2 25.1 25 24.6 23.1 23.4 21.9 22.5 22.5 21.7 21 18.1 16.4 14.6 12.7 11.2 10.2 9.5 8.2 9.2 12.3 13.7 15.6 16.6 16.6 15.6 14.4 11.6 9.4 6.3 5.7 7.1 8.9 9.4 8.2 3.3 -0.6 -0.6 -0.6 2.1 2.9 3.6 4 4.5 1.9 0.5 -0.1 -0.6 -0.6 -0.6 -0.6 -0.6 -0.6
7.1 7.3 7.8 8.4 9 10 10.7 10 10.5 12.7 12.8 12.7 11 11.1 13.1 15.5 17.3 17.7 18 17.8 18 18.5 19.9 18.7 17.6 17 18 18.6 19.9 20.6 22.5 24.4 25.4 25 24.2 23.3 23.2 22 20.4 19.8 19.7 19.5 18.4 16.1 13.7 12.6 9.4 8.3 6.9 6.5 7.1 7.9 10.4 12.3 14.1 16 15.3 14.5 12.4 10.2 8.4 5.3 4.6 7.1 8.1 8.8 5.3 -0.6 -0.6 -0.6 -0.6 2.5 3.5 3.8 4.2 4.5 2.7 0.7 0.1 -0.6 -0.6 -0.6 -0.6 -0.6 -0.6
5.3 5.2 5.8 6.6 7.5 10.1 9.3 8.5 9 9.3 10.8 9.5 9.1 10.5 12.4 16.1 18.7 19.3 18.3 17.4 17.1 18.1 18.8 17.8 16.5 17.4 18.5 21 20.9 22 23.6 23.6 24.5 24.3 23.3 22.9 21.9 20.5 18.8 18 17.6 17.3 15.6 13.4 10.5 8.4 6.3 5.4 2.9 2.6 3.7 5.6 8 10.9 12.6 14.1 13.1 12.3 10.8 8.9 5.9 3.8 4.5 8.8 8.1 9.1 5.1 -0.6 -0.6 -0.6 -0.6 2.1 2.8 3.5 4.2 4.6 3.3 0.9 0.3 -0.6 -0.6 -0.6 -0.6 -0.6 -0.6
-0.6 1.1 3.4 5.9 8.3 9.1 8.9 9 7.3 6.2 6.2 7 8.5 11.5 14.1 17.7 20 19.4 18.6 16.9 16.3 17.3 17.1 16.9 16.2 17.5 19.1 21.1 21.5 22.1 22.9 22.9 23.1 22.7 21.8 21.2 20.5 18.9 16.8 16.1 15.6 15.3 13.3 11 9 6.1 3 1.8 2.8 1.8 2.2 3.1 5.8 8.5 11 12.6 11.6 12.1 8.1 6 4 2.4 7.4 6.8 8.2 6.9 4.9 -0.6 -0.6 -0.6 -0.6 2.1 2.7 3.3 3.9 4.5 4 1.7 0.6 0.1 -0.6 -0.6 -0.6 -0.6 -0.6
-0.6 0.4 2.1 4.9 7.5 9.5 8.8 7.4 6.7 5.1 5 7.4 10.3 15.2 18.4 21.1 20.7 19.4 18.1 16.1 15.5 15.8 15.5 15 15.7 17.5 18.5 19.7 20.8 21.5 21.5 21.4 20.9 20.3 20.2 19.4 18.3 17.5 15.2 14.1 13.6 13.3 11.2 9.6 7.1 3.8 3.6 6.7 6.9 4.6 2.7 2 4.4 7.2 10.3 10.3 9.8 8.6 6.6 4.8 2.3 2.5 7.4 5.8 7.1 5.2 4.1 -0.6 -0.6 -0.6 -0.6 2.3 2.9 3.5 4.1 4.2 4 2.4 0.9 0.4 0 -0.6 -0.6 -0.6 1.6
-0.6 0.5 1.6 5 7 8.7 8.1 7.1 5.7 4.7 5.6 8.2 12.3 17.2 20.9 21.7 20.2 18.6 17 15.7 15.1 15.1 14.9 14.5 14.6 15.6 18.5 18.6 19.4 19.6 19.5 18.8 17.9 17.7 17.4 17.6 16.1 16.1 15.2 13.4 11.9 10.2 9.7 7.5 4.7 3.6 8 9 9.3 6.1 3.1 2.4 3.3 6.5 8.4 9.3 8.6 6.7 3.9 2.5 2.7 3.4 2.2 4.4 5.5 3.6 -0.6 -0.6 -0.6 -0.6 2.8 2.6 3.1 3.7 3.6 3.6 3.6 2.6 1.8 0.9 0.7 0.8 3 2 2
0.8 -0.3 2.5 4.2 6.3 7.3 7.7 5.9 4.4 4.7 6.9 10.6 15.6 19.2 21.8 21 19.3 17.5 15.8 15.4 14.5 14.4 14.2 13.9 13.7 15.1 15.8 16.8 17.5 17.8 17.1 16.5 14.7 14.7 14.6 14.4 13.6 12.9 12.7 11.9 9.9 7.5 7.1 4.3 3.9 6.7 10 10.5 9.2 6.6 4.1 2.4 2.8 5.3 7 6.9 5.9 4.4 3 3.2 3.1 9.5 2.4 3.3 3.1 2.5 -0.6 -0.6 -0.6 -0.6 2.6 2.9 3.1 3.1 3.2 3.7 4 3.9 3.4 1 2.4 3 3.4 -0.6 -0.6
5.2 4.8 5.7 6.4 6.2 7.2 4.2 3.1 3.5 5.2 9.1 14.2 18.4 20.6 20.4 19.6 18.5 16.6 14.8 14.5 14.6 14.1 13.6 13.3 13.3 13.5 14.8 15.3 15.1 15.4 14.8 14.5 12.5 12.2 11.8 12.2 10.8 11.4 9.5 8 6.7 6.3 4.7 5.9 6.4 8.9 9.2 8.8 8.7 6.9 4.1 2.4 2.5 1.4 4.9 4.6 3.5 2.9 2.8 3 3.4 13.5 2.7 2.3 2.6 2.7 -0.6 -0.6 -0.6 -0.6 2.2 2.8 2.6 2.7 3.1 4 4 3.9 3.5 -0.6 -0.6 -0.6 -0.6 -0.6 -0.6
8.9 8.5 7 8 9.2 8.5 3.3 1.1 4.8 7.5 12 16.6 19.2 20 19.6 18.2 16.6 15.7 14 14 14 14.8 14.3 14.2 13.4 12.9 13.3 13.3 13.7 12.9 12.7 11.6 10.5 10.1 9.9 9.3 10.2 10.8 9.1 5.8 6.9 7.8 8.9 8.7 8.8 9.3 7.4 7.2 7 5.1 2.9 2.7 2.9 2.7 1.6 2.7 3.9 2.9 2.7 2.5 3.2 14.6 2.5 1.9 2.1 2.5 -0.6 -0.6 -0.6 -0.6 -0.6 2.4 3.1 2.5 3.2 2.9 2.8 2.5 -0.6 -0.6 -0.6 -0.6 -0.6 -0.6 -0.6
13 13.3 11.1 11.4 10 7.9 3.5 2.3 6.2 10.3 13.9 16.4 17.8 18.6 18.4 16.7 15 14 13.6 13.3 13.7 14.9 15.6 14.5 13.8 13 13.7 12.2 13.1 11.5 12.3 11.1 10.8 10.5 9.5 9.3 8.2 8.6 9.4 8.3 9 9.7 9.7 8.8 8.5 7.5 6 5.3 4.8 3.4 2.2 2.8 3.4 2.8 2.2 3.5 3.7 2.9 2.7 2.7 3.5 15.7 2.5 2.3 2.3 2.4 -0.6 -0.6 -0.6 -0.6 -0.6 -0.6 -0.6 -0.6 -0.6 -0.6 -0.6 -0.6 -0.6 -0.6 -0.6 -0.6 -0.6 12.7 15.8
13 13.1 12.7 11.9 9.6 6.4 1.7 1 6.1 9.6 12.9 15.7 16.2 16.2 16.2 16 14.4 13.8 13.7 13.6 14.4 14.7 15.2 14.9 14.2 14.1 13.3 12.9 12.8 11.9 11.7 11.8 12.1 12.4 11.5 10.1 8.5 9.5 9.4 9.3 9.8 10 9.4 7.9 6.2 5 4.5 3.4 2.5 2.8 3.3 4 3.9 3.8 3.7 3 3.4 3.1 3 3.1 3.4 16.8 3 2.3 2.4 3.3 3.6 2.4 -0.6 -0.6 -0.6 -0.6 -0.6 -0.6 -0.6 -0.6 -0.6 -0.6 -0.6 3.8 11.3 15 17.2 19.4 20
10.8 10.9 10.5 9.1 7.1 3.7 1 1 5.3 8.9 12.8 13.7 13.9 13.9 13.8 13.8 13.6 12.8 13.3 14.2 15 15.9 15.5 16.1 16.3 15.1 14.6 14.2 14.5 13.7 12.9 12.5 13.1 12.7 11.4 10.1 9.3 10.1 9.4 9.4 9.4 9 8.1 6.3 4.7 3.3 3.6 3.3 5 5.9 7.3 9 8.4 5.4 6.8 7.7 9.2 7.6 4.5 5.8 6.7 15.5 3.6 4.1 6.2 9.1 8.5 11.5 11.8 10.4 13.9 14 16.7 12.2 8.4 -0.6 -0.6 -0.6 9.2 10.9 13.2 17 19.7 20.3 15.4
0.9 7.8 7.9 6.9 5 1 1 1.3 7.3 10.2 13 13.2 13.3 13 12.7 12.5 11.9 12.3 13.1 14 15.8 16 16.4 15.8 15.8 16.3 16 17 16.3 14.9 14.1 13.3 12.5 12.9 12 11 10.4 10.3 10.7 10.6 9.3 8.7 7.9 6.6 6.1 5.4 4.3 7.1 9.1 12.1 16.1 16.2 13.8 10.5 12.4 13.7 15 13.4 7.4 9 16.6 15.7 10.4 12.7 13.8 14 15.4 17.6 17.6 19 19.5 19.1 18.2 15.8 13 3 2.3 4.8 9.2 9.9 13.1 17.7 18.6 13.9 -0.6
0.1 0.7 2.8 2.6 0.8 1 1 0.9 9.9 11.7 12.6 14 13.1 12.8 12.4 11.8 11.6 12.7 13.4 16.1 16.9 16.9 17.6 19 18.5 18.8 18.8 17.7 16.6 15.8 14.4 15 13.5 13 12.5 12.2 12.1 14 12 12.5 11.5 10.8 9.6 8.4 8.4 7.3 7.2 8.7 11.9 17.9 23.1 22.9 21.2 20.4 22.3 21.9 21 16.3 11.8 16.9 20.6 20.9 20.7 21.3 19.3 18.9 19.5 19.1 18.8 19.3 18.5 18.4 17.3 14.9 13.3 5.5 2.3 3.4 8.9 12.9 13.8 10.9 5.2 1 -0.6
-0.6 -0.6 -0.6 0.4 0.3 0.5 0.7 1 9.7 12.1 13.5 14.2 13.8 12.7 11.6 9.9 11.1 12.8 14.3 16.2 17.3 18.1 18.7 19 19.4 19.4 19.7 18.4 17.2 15.2 14.9 15.4 15.5 15.2 14.1 15 15.8 15.9 16.4 16.4 15.9 15.5 13.6 13.3 10.9 9.6 8.2 11.8 13.1 21.6 27.3 28.5 29.2 29.8 29.5 28.4 26.9 18.6 20.1 26.4 29.2 29.6 24 27.8 27.9 23.9 23.3 20.8 18.1 17.1 16.6 16.1 14.4 12.9 11.7 4.9 3.1 9.3 11.1 12.8 4.7 -0.6 -0.6 -0.6 -0.6
-0.6 -0.6 -0.6 -0.6 -0.2 0 0.5 0.9 7.8 11 12.1 12.8 13.3 12 9.7 8.3 10.5 12.4 14.4 15.6 16 16.4 16.4 17 17.1 16.9 17.5 17.9 16.6 16.2 15.9 16 16.3 17.5 19.1 19 19.3 20.4 22.5 22.7 21.8 19.7 19.2 17.1 15.1 12.4 11.7 14 19 26.1 31.6 34.9 35.5 36 35 33.4 29.5 24.5 27.9 32.9 33.7 34.4 31.5 31 30.7 29.9 26.1 22.4 17.5 15.1 12.8 13 10.6 9.7 7.7 4.5 5 8.8 11.4 -0.6 -0.6 -0.6 -0.6 -0.6 -0.6
-0.6 -0.6 -0.6 -0.6 -0.4 -0.1 0.3 0.7 0.5 10.2 9.8 11.9 11.8 10.9 9.1 6.2 8.2 11.3 11.4 11.6 9.5 11 10.6 11.7 12.7 14.2 16.1 17.5 18.9 18.3 18.4 18.9 19.7 20.7 21.9 22.9 24.5 28.1 30 30.9 31.5 27.8 21.9 21 19.2 14.8 15.6 15.3 23 29.6 35.7 42 42 40.8 39.6 36.8 30.9 29.5 32.5 37.5 38.5 36.6 33.3 32 32.5 30.5 26.5 23.6 18.1 14.1 11.9 9.8 8.5 7 5.9 4.5 5.5 5.7 -0.6 -0.6 -0.6 -0.6 -0.6 -0.6 -0.6
-0.6 -0.6 -0.6 -0.6 -0.4 -0.1 0.2 0.6 0.8 1 1.3 4 5.3 6.3 7.7 5.7 6.6 7.3 6.8 7.5 6.8 7.4 8.8 11.4 14 16 18.3 20.4 21 21.8 22.5 23 23.5 23.5 27.3 28.6 30.6 32.3 33.1 34.1 34.5 32.3 29.2 25.1 19.9 15.7 16.5 24.6 28.8 34.6 41.6 44.3 43.2 42.4 40.4 39.1 37.6 38.5 40.4 40.8 39.3 36.2 34.1 25.4 30.3 28.3 23.5 21.9 18.1 15.2 13 11.3 10.7 8.6 8.2 6.7 7.5 13.8 -0.6 -0.6 -0.6 -0.6 -0.6 -0.6 -0.6
-0.6 -0.6 -0.6 -0.6 -0.4 -0.1 0.2 0.5 0.7 0.7 0.7 0.7 0.7 0.7 0.9 3.4 2.7 3.6 3.6 4.3 5.5 8.8 11.2 13.7 18.4 21.8 23.9 23.7 24.6 25.5 27.4 27.9 29.3 31.1 32.3 33.6 36 36.4 37.1 38.3 37.3 34.4 31.6 26.5 21.1 22.2 27.3 30.3 36 41.6 46.4 46.5 46.4 44.9 42.5 43 44.1 45.2 44.5 42.9 40.4 39.1 35.7 32.4 29.5 26.4 23.8 21.5 18.8 17.6 19.5 17.7 16.7 15.3 12.5 10.6 12.5 18.5 14.7 -0.6 -0.6 -0.6 -0.6 -0.6 -0.6
-0.6 -0.6 -0.6 -0.6 -0.5 -0.1 0.2 0.3 0.4 0.5 0.5 0.2 0 0.1 0.5 1 3 4.2 5.4 6.8 10 12.9 16.2 18.7 22.4 26.5 29.4 29 28.9 29.4 31.4 33.7 35.6 37.5 35.8 38.5 40.8 40.5 38.8 37.2 35.8 32.9 29.4 27.1 26.1 29.4 35.4 39.8 46.2 48.3 48.9 49 48.1 47 46.3 46.4 47.4 47.7 47.4 46.4 44.3 42.7 39.5 37.8 25.6 30.9 29 27 25.2 25.5 25.8 24.9 24.1 21.7 19.1 16.3 20.7 23.2 25.7 -0.6 -0.6 -0.6 -0.6 -0.6 -0.6
-0.6 -0.6 -0.6 -0.6 -0.5 -0.1 0 0.1 0.1 0.2 0.3 -0.1 -0.6 -0.2 0.4 0.9 4.3 6.9 8.4 10.6 13.3 17.3 20.8 25.9 27.9 31.9 32.9 34.9 33.6 34.6 38.3 40.2 42.1 44.1 43.9 45 46.6 44.7 43.1 41.7 37.2 36.7 31.3 31.9 34.1 39.1 45.6 49.8 49.6 51.9 50.4 50.2 48.8 48.2 47.4 47.9 48.6 48.8 48.4 48.1 47.9 46.6 44.4 40.9 31.1 35.9 33.5 31.4 30.6 29.5 29 27.7 26.2 23.4 21.4 22.3 24.9 25.5 22.2 4.2 -0.6 -0.6 -0.6 -0.6 -0.6
