Game/Highland_Data/StreamingAssets/GeoData/Data/se/SE05.asc
ncols 200
nrows 200
xllcorner 400000
yllcorner 450000
cellsize 50
[rows 105 to 139 of 200, columns 78 to 155 of 200]
229.6 228.4 228.6 227.6 226.7 225.8 224.7 223.5 222.4 219.6 216.8 212.5 209.7 210.3 212.4 213.9 215.1 215.6 216.4 216.5 217.3 217.9 218.1 219.4 220 222.2 222.8 225.1 227.1 229.1 229.7 228.9 225.9 223.3 221.1 218.4 215.4 212.4 210.2 209 207.9 207.6 207.8 207.8 208.9 209.9 211.2 210.6 209 205.9 202.1 198.2 193.8 188.5 182.8 179.6 175.9 173.2 170.5 167.6 156.7 143.2 142 152 154.2 152 151.7 152.6 149.3 144 137.6 133.4 130.2 128.1 125.9 109.3 108 102.1
226.7 225.3 223.7 222.9 222.8 222.5 221.1 221.2 220.4 218.5 215.7 211.7 207.1 203.1 203.1 205.4 206.8 208.4 209.4 210.5 211.3 212.6 212.6 215.6 218.3 219.9 220.5 220.1 219.8 220.7 223.8 226.2 227.3 225.7 222.9 218.8 215.2 211.2 208 206.7 206.2 206.2 205.2 205.5 206.7 207.8 209.6 210.2 208.5 205.3 201.4 197.9 194.7 189.5 184.2 179.4 175.1 170.2 166.4 161.6 151.6 139.6 138.9 150.1 152.4 150 148.6 148.5 145.5 140.9 136.2 132.2 128.4 124.2 120.2 107.8 107.9 101
227.9 227 225.8 224.5 223.2 221.1 215.8 219 217.8 216.6 214 209.8 205 201.4 198.3 199 200.4 201.4 202.7 204.6 205.5 207 209.3 214.4 217.2 218.8 219.3 216.5 215.1 214.2 217.1 221.8 224.6 224 221.8 219.2 216.4 213.1 209.9 208.3 206.9 205.8 205 204.3 205 206.1 207.7 208.8 207.5 204.4 201.3 197.3 194.7 188.8 184 178.4 173.8 168.7 163.7 156.4 144.8 135 138.8 148.7 150.3 147.2 145.4 143.7 140.6 137 132 129.9 126.1 123 111.5 107.4 105.1 101.3
227.8 226.4 224.7 223 221.5 218.7 216.5 215.3 214.2 212.8 209.3 205.8 202.5 199.3 195.4 194.7 194.5 195.3 197.3 198.4 199.7 202.3 206.8 210.8 213.6 216.7 217.9 216.7 212.6 210.6 213.4 218.7 221.5 220.1 218.2 217.8 218.1 217.3 215 212.7 210.8 208.8 206.7 205.3 202.8 204.1 205.9 207.3 206.9 204.2 201 197.3 193.7 188.4 181.2 177 172.2 167 161.4 152.4 138.7 132 136.5 144.3 146 143.5 140.8 138 135.4 132.6 126.5 125.2 124.4 116 107.2 104.4 103.1 100.9
225.3 224 222.2 220.3 217.8 215.1 212.6 210.5 209.1 206.9 206.6 205.7 203.2 200.3 196.4 193.5 191.6 191.2 192.7 194.1 193.3 198.2 201.5 205.1 209.3 212.7 215.1 214.7 211.4 208.6 212.1 217.9 221.4 218.8 217 217.1 219.6 219.8 217.4 215 211.8 209.3 207 205.5 203.8 201.5 204.3 205.9 206.3 204.3 200.6 196.3 191.3 186.2 180.3 174.6 169.1 163.6 156.5 143.9 130.4 130.3 132.9 137.5 141.1 139.3 136.5 134.1 131 127.9 125.8 124.8 122 108.9 103.6 102.3 102.4 98.3
222.4 221.4 220.1 217.7 214.7 212.6 211.5 211 210.4 210.2 209.3 208.6 206.3 203.4 199.5 195.8 192.6 190 188.4 189.8 189.6 192.2 194.3 197.6 202 207.2 211.3 212.7 209.2 206.8 211.5 218.4 221.9 218.6 217 218.1 221.4 222.1 219.6 215.8 211.7 208.5 206.7 204.5 203.5 197.6 201.9 202.8 203.6 201.9 197.6 191 187 183.8 176.3 170.8 164.9 159 148 135.8 128.1 133.2 134.7 133.4 136.1 135.2 133.5 131.4 127.9 124.6 121.8 120.6 120 104.6 101.7 101.8 101.8 99.5
219.1 221.1 220.8 218.1 214.8 213.3 213.1 212.1 212.3 212.6 212.4 211.3 209.4 206.8 202.9 199.3 196.5 192.8 190.5 186.9 187.7 187.9 189.1 191.1 195.2 202 208.7 212.2 209.9 206 208.8 216.3 219.6 218.2 216.7 219.3 222.7 223.3 220.3 215.8 211.2 206.7 204 202.7 201.2 198.3 194.5 196.1 196.7 194.7 190 187 184.7 180.1 172.2 167.3 161 154.3 141 128.7 131.2 137.4 136.2 131.6 132.7 133.3 132 129.2 125.3 120.9 113.3 97.4 97.8 97.8 100.3 97.8 97.8 109.6
219.5 218.8 216.3 213.5 212.8 212.5 213.3 213.7 214.6 214.7 214.6 213.2 210.8 207.3 203.6 200.2 197.6 194.8 192.4 190.6 186.3 184.5 184.4 187.3 191.6 198.5 206 210.7 210.4 207.5 205.2 209.8 214.2 214.6 212.9 215.3 218.8 220.4 219.8 216.1 210.9 206.1 202.8 199.1 197.8 194.6 187.1 189.8 189.6 187.7 183.7 180.4 176.8 172.2 165.9 160.5 154.5 147.6 136.9 125.7 134.1 137 135.7 132.8 129.4 131.3 130.5 127.7 123.7 118 97.3 99.4 100.8 101.6 100.1 105.3 118 139.1
213 211 210.2 210.5 211.4 211.9 213.8 215 216.1 215.8 214.7 213.1 210.2 206.3 202.9 200 198 196.3 194.9 192.2 189.7 187.8 185.1 184.4 190.6 195.4 202.4 207.1 208.8 207.4 203.3 205.6 208.8 210.9 210.8 210 210.5 210.7 210.4 208.6 205.1 200.7 198.1 195.7 193.1 190.6 181.3 186 183.7 181.1 177.3 173.7 168.8 163.8 158.7 154.2 149.9 141 132.1 123.6 128.9 134.5 133 131.3 127.7 128.3 128 125.1 120.2 114 97.1 100.1 100.7 101.1 102.4 109.8 131.2 139.9
205.4 205.8 207 207.9 208.6 210.4 212 213.6 214.9 214.6 213.9 211.8 208.9 205.2 202 199.8 198.5 197.6 195.9 193.9 190.5 187.5 184.7 180.4 189.2 193.9 199.6 204.1 205.9 205.2 203.3 200.2 204.9 207.6 209.2 207.9 205.6 203.6 200.9 198.7 196 193.4 190.9 188.3 186 184 178.9 178.8 177.9 175.1 171.8 168.3 163.7 158.4 152.4 148.3 145.9 141.6 137.7 128.2 122.2 129.2 129 128.5 126.9 125.1 125.3 121.6 114.5 107.3 105.5 97 99.6 101 103.7 118.6 133 140.6
204.6 205.1 205.7 206.3 207.3 208.9 209.7 211.8 213 213.6 212.6 211.3 208.5 205.9 203.3 201.9 200.9 198.9 197.1 195 192.3 187.5 184 180.6 187.3 191.8 196.3 199.1 200.8 201.1 200 196.9 198.2 200.6 202 201.3 198.9 197 195 191.1 190 187.1 184 181.4 178.7 176.8 173.5 169 171.3 169 165.9 162.8 158.9 153.8 148.1 141.6 140.8 137.1 133.7 128 121 121.7 121.4 124.3 125.3 122.2 119.5 114.5 106.3 105.4 105.1 104.1 96.8 100.6 108.9 128.8 132.8 139.5
204 204.4 205.6 206.3 207.4 209.8 211.4 213.2 215.2 215.6 214.5 213.5 211.4 208.8 206.1 203.3 202 199.9 197.9 195.7 193.4 188 185.5 181 183.5 190.9 193.6 195.2 195.6 195.8 194.9 192 191.2 191.4 192 191 190 188.4 187.4 186.6 183.9 181.3 178.7 175.4 171.9 168.9 166.6 159.4 162.8 161.4 158.7 156 154 150.5 145.5 140.5 133 132.5 123.7 121.1 121.3 122.1 119.9 116.1 121.8 122 118.1 106.7 104.9 104.8 104.8 101 96.8 96.8 121.1 128.8 132.5 139.2
203 205.2 206.1 207.7 208.2 211.4 213.1 215.7 216.6 218 217.8 216.4 213.7 210.8 207.7 205.1 202.4 200.6 198.7 197.2 194.9 190 187.5 183.6 186.6 189.2 190.6 190.9 190.8 190.4 189.5 188.4 186.5 185 183.5 181.2 181.5 179.1 180.4 180.7 179.6 178 175.8 171.3 166.6 161.7 158.3 152.5 153.8 152.9 151.2 149.5 148.2 146 142.4 137.8 132.7 126.3 121.5 125.7 121.5 125.2 123.4 118.4 111.8 118.7 115.1 105.1 104.4 104.8 101.5 99.2 99.1 96.8 125.9 128.5 132 137.8
200.7 202.3 203.2 205.3 207.8 211.3 213.5 218.2 220.8 221.6 221.4 219.9 217 214 210.1 206.8 204 201.8 201.7 200.5 199.2 196.3 193.3 184.5 177.9 182.4 185.1 184.3 184.6 185.2 186 186.4 185.8 182.6 178.9 175.2 173.4 171 172.8 174.2 174.4 174.1 173.1 169.7 164.8 158.9 149.8 147.4 145.2 145 143.2 142.4 141.6 139.8 137.1 133.2 128.5 122.2 121.1 126.2 122.5 123.3 122.3 119.9 116.9 110 106.5 104.8 104 101.5 100.5 96.9 96.6 98.2 125.8 128.4 131.9 135.9
199.6 200.6 202.5 205.1 207.9 211.2 215.8 219.5 222.3 224.2 224 223 220.2 216.6 213.4 210.8 208.4 206.9 205.7 204.6 202.7 199.6 194.9 189.8 183.6 174 170.9 179 179.5 179.9 181.1 182.9 183.4 181.8 178.8 175 170.7 164.3 163.6 164.2 166.2 167.1 167.1 164 159.9 155.5 146.7 144.5 140.7 138.5 136.2 133.2 132.6 131.2 129.9 125.2 120.1 117.6 121.9 122.7 119.8 120.3 120.5 117.9 116.1 115 108.5 104 102.8 100.5 99.1 96 112.2 120.9 125.6 128.4 131 135
200.6 202.5 205.3 207.4 210.4 213.5 215.7 217.2 219.8 221.8 223.3 221.9 220.8 216.9 215 212.8 210.8 208 206.9 205.3 203.2 201.2 198.9 194.5 189.4 184.9 168.7 171.5 178.1 177.8 177.4 179.2 180 178.8 176.6 173.6 170.8 166.9 161.3 158.1 157.8 158.1 157.8 156.1 153.4 149.1 145.9 142.5 138.1 136.3 135.7 133 130 125.2 122.6 119.1 116.7 116.9 118.9 117.9 116.6 117.1 115.9 114.5 112.8 115.4 112.5 103.8 101.1 99.1 95.9 105.8 115.3 117.8 120.7 123.6 127.9 132.3
200.6 202.9 207.8 208.9 211.5 212.9 214.6 215.6 216.7 218.3 218.3 219.1 214.9 213.6 212.8 211 209 207.2 206.2 205 204.4 201.8 198.6 194.7 188.7 184.1 172.3 158.7 177 177 174.2 174.9 175.2 173.9 171.3 168.8 167.1 163.8 161.2 157.8 153.7 150.9 149.8 148.5 146.8 143 140.6 139.3 136.7 133.4 132.3 131.8 128.7 125.3 122.8 119.7 115.9 114.4 115.3 114.4 114.8 113.2 112.3 111.2 111.6 113.3 113.6 110.4 100.3 98.8 97.1 101.5 105.9 115.8 122.5 128.9 131.3 133.3
200.1 201.4 205.1 207.5 208.8 210 212 212.7 212.4 211.3 210.7 208.4 208.2 208 207.3 206.7 205.5 204.9 203.9 203.1 201.6 199.3 196.6 193.2 188.9 183.6 178.2 155 163.6 174 171.8 168.6 169.5 167.8 166 162.4 161.3 160.9 159.4 157.2 153.5 149.2 145.6 145 142 139.5 139 136.2 137 135.7 129.4 126.5 123 120.7 120.8 117.5 114.5 113.2 112.2 111.4 111.2 110.6 110.9 110.3 110.7 112.3 113.6 113 99.4 93.4 100.2 100.7 107.5 119 125 131.4 136.2 139.8
197.3 200.3 202 204.2 205.7 207.5 208.8 209.2 208.9 207.2 205.3 203.2 202.3 201.5 201.2 201.5 201.7 201.3 200.6 200.2 198.7 197 194.8 192.8 189.1 183.9 177.4 161.9 147.9 165.5 164.1 163.2 165.9 162.5 163 161.4 156.8 158.6 158.2 155.3 152.7 149.7 147.3 144.5 143.5 141.8 140 140 139.6 138.2 136 132.6 127.7 123.8 116.8 114.7 113.6 111.9 109.7 108.8 107.8 109.1 110.2 110 110.6 111.3 113.2 113.8 99.1 93.4 99.6 99.7 99.9 110 121.2 130.4 138.8 142.7
195.6 197.5 200.4 202.7 204.3 205.2 205.9 206 204.9 202.5 200.2 198.3 197.5 197.6 197.9 197.7 198.6 197.9 196.6 195.6 194.7 193.5 192.1 190.3 187.3 182.8 176.1 168.4 142.8 144.2 152.7 152.9 157.2 155.4 155.6 155.8 153.3 152.3 151.6 149.6 147.4 145.6 145.3 144.7 142.5 142.9 143.7 142.3 140.8 138.6 136.1 133.2 129 123.6 115.3 112.6 111.5 110 108.2 107.3 106.6 109 110.2 110 109.4 110.2 111 113.8 104.1 93.4 99.7 99.5 99.4 101.7 112.1 126.5 135.5 144.9
193 196 198.8 201.3 202.2 203.1 203.2 201.6 199.8 197.3 194.3 193.5 194.3 194.7 195.4 195.2 194.5 193.1 189.4 187.4 186.1 186.6 185.9 185.1 182.7 179.1 172.1 165.3 152.9 142.4 133.5 138.6 147.9 148.1 146.1 147.1 147.4 144 145.7 145.9 145.5 145.3 144.4 143.1 143.3 144.2 144 143.1 141.3 139.1 136.4 133.6 129.7 124.3 113.1 110.9 110.2 108.9 108.1 106.4 106.2 108.1 110.5 110 109.2 110.4 110.9 113.2 101 93.4 99.4 99.1 99.5 100.5 108.2 122.9 131.4 140.9
191.6 194.6 196.3 198.4 199.3 200.2 200.6 198.9 195.4 191.2 189.4 187.5 189.2 190.7 191 191 190 187.1 183.9 180.2 175.9 171.5 170.2 168.2 167.8 165.1 161.2 157.2 150.7 145.7 138.9 125.2 136.5 138.2 139.7 142 140.4 138.6 137.3 138.4 140.8 143 143.7 144.6 145.8 145.6 143.9 143.2 141.8 139.4 136.8 133.9 130.7 125.9 114.1 110 108.6 108.1 107.3 106.5 106.1 106.7 110.1 108.9 111.2 111.8 110.2 110.5 100.3 93.4 99.2 98.7 98.9 98.9 105.7 122.8 128.2 137.2
188.9 191.9 192.5 194.1 195.3 195.5 196.3 194.9 192 187.7 184.1 181.7 183.2 184.4 183.7 182.9 180.4 178.9 176.4 173.2 171.9 166.1 159.2 154.6 151.8 149.1 144.1 139.1 134.8 132.4 128.5 124.9 127.4 131.7 132.9 133.9 133.3 131.4 130.3 129.9 131.7 135.6 138.6 142.6 146.6 147.7 145.7 143.1 140.4 136.9 134 131.3 128.5 124.7 114.7 109.7 108.4 107.4 106.5 106 105.3 106.7 107.6 108.7 110 109.2 108.9 110.1 105.1 93.4 98.5 98.8 98.9 98.8 109.3 121 125.7 132.7
187.2 188.5 189.4 189.6 189.9 189.1 188.6 187.4 183.2 179.7 176.1 174 176 177.3 176.4 175.3 173.3 170.5 168.5 165.8 163.4 161.5 156.9 150.4 143.7 138 132.7 128.6 125.9 125 124.5 124.3 124.2 123.8 123.3 123.4 124.1 123.8 124.1 124 123.4 126 130.3 136.3 143.9 146.3 148.7 146.2 140.8 136.3 131.8 127.5 123.7 120.1 114.3 111 109 107.2 106.1 104.6 104.3 104.9 105.3 108.1 108.2 107.7 108.2 108.1 105.2 95.3 97.1 98.3 98.6 99.2 108.7 118.7 121.1 125.8
186.5 186.5 186.9 186 185.1 183.7 181.5 178.7 175.8 171.9 168.8 165.2 168.3 169.9 169.5 167 163.1 160.2 157.2 155.8 154.4 152.6 150 145.8 140.5 133.7 128.4 125.7 123 122.5 122.7 122.1 121.5 121.8 120.2 118.6 117.7 116.9 117.8 118.9 118.5 120.7 120.9 126.1 131.6 137 143.3 146.8 142.4 136.1 130.4 125.4 120.3 114.9 111.6 110 108.3 107.7 106.5 105 103.4 103.8 105.6 108.9 107.7 107.1 107.7 107.6 100.3 96.5 94.4 97.7 98.5 99.6 108.1 116.7 119.5 122.1
180.9 181.7 182.4 182.8 179.7 177.2 175.4 172.3 169.8 166.7 163.8 157.9 161.8 162.6 160.3 156.1 153.6 149.8 146.4 144.7 143.3 142.5 141 136.8 133.1 127.6 126 123.7 122.2 121.4 121 120.1 119.2 119.4 118.3 117.6 117.1 116.5 116.2 116.6 114.9 114.2 113.6 118.6 118.8 123.3 128.7 133.2 131.5 129.6 125.8 121.3 115.4 111.7 110.2 108.3 106 103.9 102.8 104.2 103.8 102.4 103.9 106.7 108 107.6 107 106.8 98.6 96.6 93.4 95.9 98.2 100.3 113.4 117.9 119 120.8
177.6 172.5 173.6 174.8 172.5 171.9 170.5 168.4 164.9 164.9 159.3 153.7 152.7 152.9 149.9 147 144.9 142.6 140.2 138.2 136.8 134.2 133 130.8 128.3 125.1 124 123.1 122.1 121.8 120.5 124 127.5 124.9 124.9 124.1 123.6 123.1 122.5 119.9 118.5 117.6 114 112.8 110.6 119.1 117.4 119.1 121 120.3 119.2 115.9 111 110 109.1 106.5 104 102.9 102.8 102.5 102.9 102.6 101.9 102.6 105.8 106.9 106.8 105.3 98.3 97.6 93.4 96.3 97.3 105.7 116.7 119 120.7 122.2
178.3 176.5 172 161.8 162.8 156.8 161.3 160.1 154.9 155.5 155.9 154.1 146.7 146.1 144.7 140.7 138.1 136.6 134.6 133.8 133 131.7 130.3 127.4 125.4 124.6 123.8 123.4 126.1 126.6 127.6 133.4 136.6 137.9 140.6 147.5 141.1 122.8 118.6 123.1 126.2 121.3 122.1 121.7 117.3 111 114.1 113.7 114.3 113.4 112.4 111.4 108.6 107.3 105.7 105.1 103.8 103 102.9 102 102.4 102.1 101.1 101.3 102.7 104.4 105.8 102.2 97.8 97.4 93.4 95.7 98.7 114.1 118 120.3 122.4 124.6
176.4 173.2 171.7 168.5 166.9 164.3 157.3 151.6 153.5 148.2 147.2 146 144.3 141 139.9 136.4 134.1 133 132.9 132 130.7 127.7 126.9 125.8 125.6 128.2 128.8 130.8 131.8 131.6 138.6 145.3 150.6 156.4 165.9 150.9 124.3 118.7 133.6 153.2 133.2 123.5 121 121 120.9 120.7 115.2 106.6 108.4 108.1 110.6 108.1 107.5 106 104.7 104.6 103.7 103.5 102.5 103.4 102.6 102.9 100 100.5 101.2 101.5 104.1 101.1 97.4 96.9 96.3 93.4 102.1 115.3 118.5 121.5 124.4 126.4
174.6 172.2 169.9 165.9 162.1 159.7 156.2 152.1 146.5 146.5 143.2 140.7 138.8 138 136.2 134.7 133.4 133.1 131 129.4 128.3 127.5 127.6 130.1 131.9 133 134.1 135.8 139.2 141.8 140.5 157.3 171.8 175.3 158.6 151.7 136.2 139.3 152.7 144.4 133.6 125.5 121.9 120 119.7 120.8 120.1 120.2 113.2 111.1 108.8 105.2 108.9 104.4 104.1 102.7 103.1 101.9 101.9 102.5 102.1 101.1 99.4 101.5 101.1 101.2 102.7 98.2 97.1 96.6 96.3 93.4 100.4 113.6 117.8 121.1 124.9 127.1
166.8 166.4 165.9 164.7 162.9 158.2 153.3 150.6 148.4 146.5 145.3 144.8 143.4 142.4 140.8 136.8 132.8 129.4 129.4 128 130.5 131.6 134.2 136.2 138.6 140.4 143.5 149 155.1 157 155.7 158.2 169.1 171.6 170.7 168.3 164.1 158.4 153.4 147.4 140.4 133.9 128.4 124.3 126 119.5 118.9 119 120.3 117.5 115.9 113.8 111.3 109.8 107.6 105.4 103.6 101 99.8 99.8 99.3 100.4 99.7 99.4 98.6 98.5 97.6 97 96.5 96.2 95.6 95.2 102.6 109.8 116.3 120.6 125 128.1
160.8 160.2 159 158.7 157.3 155.3 152.3 149.3 147.1 145.7 145 143.8 142.3 140.3 136.9 135.6 133 129 132.8 135.1 137.4 139.7 143.3 149.6 155.3 160.1 162.9 166.4 166.1 164.4 162.5 161 161.9 161.9 162.1 161.3 158.4 155.5 152.3 149 144.6 140.1 136.1 132.3 129 121.3 118.1 120.3 121.6 120.1 122.8 119.2 116.6 115.4 114.1 106.8 107 106 103.9 100.6 98.2 97.8 98.9 99.1 98.3 97.7 97 97 96.5 95.7 93.4 97.4 104.7 106.2 113.7 119.6 125.6 130.6
155.3 152.8 149.8 148.7 147.8 146.4 145.4 144 145.1 142.8 143 140.3 138.6 135.5 133.3 130.7 133.8 136 142 143.8 146.2 150.8 157.3 164.7 171.5 172.9 172.9 172.3 170.6 169.6 167.7 164.1 161.5 159 156.1 154.6 152.5 150.8 149.4 147.1 145 142.2 139.6 136.1 128.5 121.7 122 123.6 127.7 129.6 125.4 125.4 123.2 121.9 118.9 112.2 105.1 106.4 106 102.1 99 97.8 99.1 98.5 97.5 97 96.7 95.8 94.7 93.1 104 103.6 103.4 105 109.4 116.7 124.3 133.1
147.4 145 143.1 142.3 140.6 140.1 138.5 138.1 138.5 139 136.6 135.1 133.6 132.5 134.2 136.3 141.3 146.9 152.2 156.5 162.1 172.3 178.1 182.9 183.1 180.8 178.1 176 175.3 173.7 169.3 168.2 165.2 162.1 158.9 155 151.9 148.8 145.5 143.7 142.3 141.6 140.2 136.2 125.8 125.7 129.2 130.8 133.2 133.7 132.3 128.2 126.9 124.8 121.4 112.7 108.5 103.9 103.3 100.1 98.1 95.9 97.7 97.5 97.2 96.9 96 95.3 92.8 101.6 103.4 103 102.3 103 107.3 114.1 120.9 128.7
141.4 141.5 141 140.4 139.8 139.6 140 139.3 140.2 138.6 137.7 136.5 135.6 135.3 139.8 150.3 153.2 161.2 168.2 178.4 184.2 188.4 188.5 188 186.7 184.8 181.3 180.2 179.2 175.9 175.7 172.4 170.8 168.2 165.4 161 156 152.1 148.4 145.4 143.8 141.1 137.3 130.3 135.4 134.2 137.2 140.5 142 142.3 141.5 136 127.2 127.4 122.2 114.3 107.3 102.8 101.7 98.8 98 97.3 96.9 97 96.8 96.5 96 92.3 96 97.6 99 100.3 99.7 100.5 105.4 112.4 120.1 126
