Game/Highland_Data/StreamingAssets/GeoData/Data/se/SE19.asc
ncols 200
nrows 200
xllcorner 410000
yllcorner 490000
cellsize 50
[rows 140 to 174 of 200, columns 78 to 155 of 200]
173.5 172.7 172.4 171.7 171.8 170.9 169.9 169.3 170 168.4 167.9 166.9 166.7 166.2 165.9 165.4 164.6 163.6 163.6 163.3 162.3 162.2 162.2 161.7 160.6 160.4 160.3 160.9 157.8 157.7 162 161.6 163.2 164 163.3 164 164.4 164.9 165.4 164.8 164.8 164.2 163.2 161.4 160.1 158.4 158 156.6 155.1 153.4 151.9 150.7 148.8 147.3 145.6 144.2 142.4 146.6 146.7 147 146.9 146.6 148 147.8 148 147.6 145.4 142.5 141 139.3 138.3 137.1 135.9 135.9 135.7 134.7 133.6 132.4
173.7 172.4 172.4 173.1 173.2 173.5 172.8 171.9 171.2 170 169.2 168.8 167.4 167.1 166.3 165.6 164.9 163.8 162.3 161.9 162.5 161.5 161.5 161.9 161.6 161.6 160 160.8 161.2 159.3 153.3 150.7 161 161.7 161.2 161.6 159.9 160.1 159.4 158.6 159 159.5 157.9 152.7 149.8 149.8 150 149.7 149.7 148.1 145.8 145 144 142.2 140.6 140.2 137.1 142.7 143.7 145.3 146 146.3 145.5 145.5 144.6 145.7 144.9 142.4 142 140.7 139 137.3 135.6 135.9 135.5 134.7 134 132.2
173.7 172.8 174 173.4 173.9 173.7 173 172.2 171.4 170.8 169.8 168.9 168.7 169.3 168.8 168.1 167.4 166.9 166.8 165.8 165.1 164.6 163.9 163.8 163.5 163 163.1 163.2 163.4 163 162.7 159 151.9 150.1 150.1 149.7 148.6 149.1 147.2 150.4 150.8 145.2 146.5 145.7 153.1 150.9 146.8 143.1 144.1 141.1 140.7 138.4 137.8 136.3 138.4 135.6 134.6 135.2 135.3 139.4 142.9 144 144.7 144.8 143.5 142.7 142.7 143 142.5 141.6 140.5 138.5 137.4 136.7 136.2 135.4 134.7 133.8
172.8 173.1 173.4 173 173.3 172.9 171.8 171.2 170.5 169.3 168.1 167.9 168.8 169.8 169.9 168.7 167.5 166.7 165.6 165.6 165 164.7 164.9 164.8 164.7 164.8 165 165.3 164.9 164.6 164.1 163.5 162.6 161.3 160.6 158.9 157.3 156.2 157.7 158.7 158.1 152 148.7 158.3 158.5 157.7 156.3 155.3 154 152.2 150.5 149.2 147.3 144.9 143.9 142.1 140.9 139.5 136.2 131.4 131.2 137.9 140.8 141.7 142.1 141.5 140 139.9 140.1 140.7 140.3 139.7 138.4 137.6 136.7 136 135.1 134
171.4 171.1 171.9 172.3 173 170.9 169.8 169.1 168.8 168.8 167.6 166.7 167.3 167.2 167.5 166.4 165.9 165.5 164.4 164.5 164.3 164.6 164.9 165.4 166.2 167 167.1 166.9 166.4 165.8 165 164.4 163.7 162.5 161.7 161.2 160.3 159.8 159.4 159.1 159.5 159.2 159.5 159.6 159.4 159.1 158.6 157.6 156.6 155.4 153.9 152.7 150.7 149 147.2 145.4 143.8 142.3 141.1 139.3 136 131.3 133.8 135.9 138.6 139.1 138.6 138.3 137.3 136.4 136.9 137.5 137.3 136.6 135.8 135.1 134.5 133.2
170.7 169.6 170.4 168.6 168.9 168.8 168.1 167.5 167.8 167.8 167 165 165.4 165.9 164.9 164.4 163.2 162.9 162.7 162.9 163.4 163.4 165.1 165.7 166.7 167.3 167.6 167.4 166.9 166.4 165.9 165.2 164.4 163.6 162.6 161.5 160.7 160.1 159.8 159.7 159.4 158.9 158.3 159.4 159.8 160.1 159.5 159.5 158.8 157.6 156.5 154.8 153.1 151 148.7 147 145.2 143.4 141.8 140.5 139.2 137.8 132.7 128.9 131.7 134.1 135.5 135.9 135.9 135.5 133.9 133.8 134 134 133.5 133 132.1 131.1
170.2 170 169.4 169.6 168.2 168.5 168.3 167.8 167.2 166.4 165.6 164.3 163.7 164.3 163.4 162.4 161.5 160.9 161 161.3 161.6 162.2 164.2 166 166.9 167.6 167.7 167.4 167 166.5 165.6 164.9 164.1 163.8 162.8 161.9 161.6 160.6 160.2 160.2 159.5 158.6 157.1 157.6 158.4 159.3 159 159 158.8 158.2 156.9 155.3 153.2 150.9 148.9 147.4 145.9 143.3 141.9 140.5 139.3 138 136.6 133.7 129.1 128.4 129.4 132.2 132.7 132.7 131.8 130.8 130.1 130 129.9 129.4 129.2 128.1
171.4 171.1 170.9 170.8 170.5 169.5 168.8 167.4 165.9 164.9 164.4 163.5 163 162 161.5 160.8 160.1 159.9 159.8 159.9 160 160.6 162.3 163.8 164.7 165.3 165.8 165.6 165.6 165.1 164.9 164.7 164.5 163.9 162.9 163 162.3 161.4 160.7 160.1 159.1 158.4 157.7 156.1 156.4 157 157.1 157.4 157.3 156.9 156.3 154.8 153.2 151 148.9 147.5 145.2 143.3 141.8 140.2 138.8 137.9 137 136.2 135.1 132.6 126.5 126.8 127.1 126.7 126.7 126.1 125.9 125.5 125.2 125.9 125.9 125.2
171.1 171.2 170.9 170.5 170.8 169.9 168 166.8 165.4 164 163.5 162.9 162.3 162 161.6 160.6 160.3 159.9 159.5 159 158.8 159.2 159.9 161.2 161.9 162.4 162.9 163.2 163.2 163.5 163.6 163.9 164.1 163.9 163.4 162.7 162 161.2 160.3 159.2 158 157.1 156.6 155.8 154.7 154.8 154.9 155.3 155.8 155.5 154.7 154.2 153 150.5 148.6 146.8 144.6 142.3 140.6 138.9 137.9 137 136.1 135.4 135 134.5 133.3 128.3 125.7 124.3 125.4 126 124.4 122.2 122.2 121.5 121.8 122.1
170.4 170 169.7 169.7 169.3 168 167 165.9 165 163.6 162.6 161.8 161.3 161.1 160.5 159.9 159.5 159.7 158.9 158.6 158.5 158.6 158.6 159 159.4 159.7 160 160.6 161.3 161.8 161.8 162.1 162 162.8 162.1 161.3 160.8 159.8 158.6 157.8 156.5 155.6 155.2 154.5 153.7 153.3 153.1 153.7 154.2 154 153.8 152.7 151.7 149.8 147.2 145.1 142.8 141.1 139.3 137.9 136.9 136.1 135.2 134.7 134.4 134.1 133.9 133.5 132.6 130.7 129.5 129.2 128.2 127.1 125.6 121 119.9 120.1
168.5 168.1 167.9 167.2 166.7 165.5 164.9 164.6 164.1 163.3 162.4 162.9 162.5 162.2 161.6 161 159.8 158.8 159.1 158.6 158.5 158.2 158.2 158.1 157.8 157.5 158 158.5 158.9 159.6 159.8 159.9 159.9 160.4 159.8 159.5 158.7 158 156.8 156 154.2 154.2 153.8 153.1 152.6 152.4 152.6 152.8 152.8 152.5 152.2 151 149.3 148.2 146.5 144.4 141.9 140.5 139 137.7 136.5 135.6 134.8 134.3 133.8 133.4 132.8 132.7 132 131.1 130.5 129.1 128.1 127.2 126.2 124.2 121.9 122.5
166.6 166.1 165.4 165.3 164.4 164.1 163.9 163.7 163.4 163.3 162.9 163 162.1 162.1 161.8 161.7 160 158.5 157.8 157.7 158.1 157.8 157.6 157.5 157.4 157.2 157.6 157.4 156.8 157.1 157.6 158 157.9 157.5 157.2 156.7 156.2 155.9 155.7 154 153.9 153.1 152.6 152.3 152 151.9 152 152.1 152 151.8 151.1 149.6 148.9 147.2 145.6 144.1 142.3 140.5 138.8 137.5 136.2 135.3 134.6 134.5 133.3 132.5 131.7 131.3 130.7 130.1 129.5 127.8 126.9 125.5 124.1 122.7 124.5 124.6
165.1 164.4 163.1 163.2 163.5 163.4 163.8 164 164.2 164.5 163.8 162.8 161.8 160.8 160.5 159.9 159 158.2 156.9 156.7 157 157.1 156.9 156.8 156.8 156.9 157.9 158.1 157.1 156 156.2 156.7 157 157 155.8 155.2 154.5 154.4 154.6 153.8 153.6 153.3 152.8 152.2 151.8 151.4 151.4 151.6 151.6 151.3 150.4 149.5 148.6 147.9 146.7 145.5 143.5 141.4 140 138.6 137 135.5 134.5 133.7 132.9 132.2 131.3 130.5 129.9 129.1 128.2 127.5 125.9 125.9 126 125.2 125.1 125.2
161.7 160.5 159.5 161.5 161.6 162.5 162.9 163.4 163.9 164.2 164 163 161.9 161.5 160.2 159.1 158.1 157.2 156.2 157.4 157.7 157.4 157.4 157 156.9 157.1 157.7 158 158.4 156.4 155.6 155.4 155.5 155.7 155.9 154 153.3 153.4 153.7 153.8 153.5 153.3 153.2 152.9 152.6 152.2 151.9 151.7 151.7 151.3 150.9 150.3 149.5 148.5 147 145.6 144.7 143 141.4 140 138.6 137.3 136.1 134.9 134.1 133.2 132.4 131.7 131.1 129.9 128.7 127.7 126.1 127.8 127.4 125.9 125.4 124.8
161.2 163 160.3 158.3 157.4 159.2 160 160.9 161.9 162.5 162.4 161.9 160.9 160.2 158.9 157.9 157.2 155.5 154.2 156.4 157.8 158.2 157.7 157.8 156.8 156 156.5 156.5 156.9 156.2 155.8 154.8 154.3 154.1 154 152.8 152.2 152.4 152.7 152.9 153.5 153.7 153.5 153.4 153 152.6 152.4 152.2 152.1 151.4 150.9 150.4 149.6 147.9 147.3 146.3 145.3 144.3 143 141.4 140.2 138.7 137.2 136 135.3 134.4 133.6 132.7 131.5 130.4 129.2 128.3 127.9 127.6 126.9 125.8 124.7 123.8
164.7 164 163.4 161.3 158.9 155.9 157 158 159.4 159.7 159.6 159 158.3 157.1 156.1 155 154.2 152.6 152 153.5 155.3 155.7 155.7 155.5 154.9 154.2 153.7 153.5 153.5 153.6 153.5 152.5 152.4 152.3 152 150 150.6 150.9 151.9 152.5 152.3 152.9 153 152.5 152.1 152.2 152 151.9 151.7 151.3 150.6 149.9 148.7 147.7 147.1 146.1 145.1 144.1 143.5 141.8 140.1 138.7 137.2 136.8 136.3 135.4 134.3 133.1 131.8 130.7 130.1 129.5 128.8 128.1 127.1 126.2 125.5 124.5
165.7 164.3 163.3 161.8 160.4 158 156.1 155.1 156 155.9 156.5 156.2 155.1 154.4 153.1 151.6 151 150.1 149.6 150.4 152.7 151.7 152.8 152.5 151.7 151.1 150.6 150.7 150.9 151.1 151 150.3 150.2 150.1 150 149.1 148.4 149 149.5 150.6 150.4 151 151.1 151 151 150.9 150.8 150.5 150.2 149.9 149.4 148.7 148 147.2 146.4 145.4 144.2 143.5 143 141.6 140.1 138.5 137.1 136.6 136.4 135.3 134.6 133.7 132.4 131.2 130.8 130.3 129.6 129 128.1 127.1 126.2 125.2
166.4 164.9 164 163.1 162 160.4 158.9 157.2 155.2 153.5 153.4 153.5 152.7 152.1 150.8 149.4 148.3 148.1 146.9 148 149.4 149.3 150.3 150.1 148.5 149 149.3 149.2 149.3 149.3 149.7 148.6 148.2 148 147.5 146.8 146.6 146.6 147.1 148 148.7 149.2 149.7 149.5 149.3 149.5 149.5 149.4 149.3 149.2 148.3 148.1 148 147.1 146.1 145.1 143.7 143.1 142.2 141.2 139.8 137.6 137.1 137 136.8 136.4 135.6 134.5 133.2 132.1 131.5 131.1 130.4 129.8 129 128.1 127.1 125.8
167.6 165.7 164.9 164.2 163 161.6 160.7 159.5 157.8 155.6 153.5 152.1 151.2 150.5 149.3 148.9 148.6 147.8 146.8 147 145.1 145.3 148.1 147.9 146.7 146.6 146.9 146.3 147.5 147.5 147.6 147.9 146.9 147.3 147.2 145.8 145 144.4 145.2 146.3 146.9 147.2 148.4 149.1 148.3 148.8 148.7 148.6 148.6 148.7 148.2 148.1 147.9 147.1 146.1 145 144.2 143.2 142.3 141.6 140.2 139.8 139.5 139 138.8 138 137.1 136 134.9 133.7 132.5 131.8 131.2 130.6 130 128.9 127 124.9
167.9 166.4 165 164.8 164.2 163.3 162.4 160.9 158.8 156.9 155 152.3 150.8 150.4 149.6 149 148.3 147.5 147 146.6 145.6 144.3 145.4 145.5 144.3 145.3 145.2 144.9 146.9 146.7 146.8 146.5 145.9 146.2 146.7 146.2 144.8 144.3 145.1 145.7 145.2 144.7 146.3 147 146.8 147.3 148.4 148.3 148.2 147.8 147.4 147.3 147.1 146.3 145.5 144.9 144 143.5 142.6 142.3 141.7 142.4 141.7 141.1 140.7 139.8 138.7 137.6 136.6 135.6 134.4 133.1 132.1 131.5 130.9 129.5 127.3 124.6
166.8 165.5 164.8 165 165 163.8 162.8 161.2 159 157.1 154.5 152.3 151.5 150.6 149.8 149.1 148.3 147.6 146.8 146.4 145.7 144.8 142.7 143.9 143.3 144.2 143.6 141.6 141.4 143.1 144.6 145.7 144.6 144 144.1 143.9 144.2 143.9 145.1 144.9 145.1 144.8 145 145.7 146 146 146.5 146.8 146.9 146.2 145.9 145.7 145.6 145.2 144.6 144.1 143.4 143.1 142.5 142.7 143.1 143.7 143.4 142.8 141.9 140.9 140 138.9 137.8 136.9 136.3 135 133.7 132.5 131.8 130.4 129 125.5
164.8 162.9 163.4 163.2 163 162.6 161.8 160.4 158.5 156.9 154.7 153.6 154.7 153.4 152 151.3 150.4 149.4 149 147.8 146.6 146.4 146.1 145.3 144.4 142.9 141.2 139.7 138.9 138.9 137.9 137.3 136 137 138.4 142.4 142.9 143.3 143.7 143.9 145 145 144.8 145.3 145.5 145.8 145.4 145.2 145.1 144.7 144.5 144.4 144.3 144.1 143.6 143.1 143.8 143.7 143.4 143.7 143.5 143.6 143.2 142.3 142 141.2 140.3 139.4 138.5 137.7 137.2 136.2 135.1 133.7 132.6 131.5 130 128.6
162.9 161.5 161.3 161.7 161.1 160.7 160.3 159.5 158.5 156.7 154 158.3 158.7 156.9 155.5 154.8 154.1 152.6 151.1 149.9 149.4 148 147.2 146.2 145.5 144.6 144.1 143.6 144.2 144.2 143.4 144.4 143.1 137.3 132.7 134.3 136.1 136.7 139.8 141.6 142.7 143.7 143.3 143.8 143.7 144.1 144.3 144 143.8 143.7 143.8 143.6 143.5 144.2 143.9 143.8 144.1 143.9 143.6 143.2 142.9 141.6 141.5 140.6 139.9 138.9 137.9 137 136 135.2 134.7 134.3 134 133.1 132.6 131.8 131.3 130.1
161.5 161.8 160.8 160.8 160.3 160.4 160.2 158.4 156.3 155.6 158.7 161.1 161.1 160.1 158.8 158 157 155.5 153.2 152 151.1 149.3 148.2 147.6 147 146.7 146.3 146 146 146.1 146.1 145.4 144.3 143.3 142.3 139.2 131.5 130.1 130.8 132.9 137.5 142.4 142.5 142.7 142.7 142.5 142.8 142.5 143.3 143.6 143.2 143.1 143.2 143.8 144.4 144.4 144.3 143.8 143.2 142.7 141.6 140.1 139.7 138.4 137.2 136.2 135.2 134.1 132.9 132.2 131.8 132.1 132.1 131.7 131.5 131.3 130.8 129.6
161.5 161.9 160.6 160.4 159.8 158.7 158.2 157.8 158.4 159.3 160.1 160.9 161.2 160.5 158.7 158.2 157.3 156.6 154.9 154.4 153.6 152.4 151 149.8 149.2 149.3 149.1 148.8 148.4 148.5 148.2 147.3 146.2 144.7 143.7 143.7 143.2 138.4 130.1 126.9 130.2 139 141.3 141.9 141.5 141.3 141.5 141.6 142.8 143.6 143.1 142.8 142.9 143.4 143.8 143.7 143.5 142.9 142 141.7 140.5 139.3 137.9 136.9 135.5 134.3 133.5 132 130.4 129.5 129.2 129.9 130.2 130 130.2 130.6 130.6 130.4
161.5 162.6 161.7 161.2 160.5 160.1 160.2 160.3 160.2 159.9 159.7 158.8 158.7 158.3 157.5 158 157.4 157.3 157.5 156.8 155.7 154.4 153.9 152.9 151.4 151.7 151 151.5 151.8 150.9 150 148.8 146.5 145 143.4 142.4 141.7 141 141.4 134 127 130.8 139.8 141.9 140.9 140.3 140.5 141 141.1 141.4 141.8 142.4 142.4 142.9 143 142.8 142 141.7 141 140.6 140.1 139.1 138.2 137 135.6 133.8 132.4 131.3 129.6 129 128.3 128.4 128.3 128.6 129 129.3 129.9 130.2
163.9 163.3 164.2 163.3 162.6 161.8 162.6 161.9 159.3 159.1 157.9 156.8 156.8 156.4 157 157.3 158.3 158.8 158.7 158 157.2 156.4 155.5 154.9 153.4 152.3 151.6 151.3 151.5 151.4 151.6 149.6 147.1 145.3 143.6 142.8 141.2 139.9 141 139.5 129.6 128.1 139.8 140.7 140.3 139.5 139.3 139.2 139.1 139.3 139.5 139.9 140.4 141.2 141.2 141.2 140.4 140.3 139.7 139.1 138.8 138.7 138.1 137.1 135.7 134.3 133 131.7 130.3 128.9 128.3 127.9 127.7 127.5 127.7 128 128.6 129.2
167.2 167.6 168.1 167.6 167.1 166 165.6 163.4 160.9 158.1 156.1 155.6 155.3 155.8 156.7 157 157.8 158.4 158.6 157.8 157 156.2 155.2 153.7 151.9 151.1 150.6 150 150.3 150.5 151.4 151.1 148.8 146.9 145.8 144.1 141.7 139.8 138.9 139.8 133.3 124.6 136.7 138.5 139.7 139.1 137.3 137.5 137.2 136.9 137 137.8 138.3 138.7 138.7 138.4 137.3 138.6 137.6 136.7 136.4 136.4 136.5 136 135.6 134.5 133.1 131.7 130.6 129.5 128.6 128.2 127.4 126.8 126.4 126.7 126.8 126.9
172.2 172.6 173.1 172.5 170.1 168.4 166.4 163.4 160.6 158 155.6 155.8 155.8 155.4 156 156 156.4 157 157.5 156.7 155.9 155.1 153.8 152.5 150.3 149.7 149.4 148.4 149.1 149.8 151 151.2 150.2 148.2 146.3 144.1 142 140 138 137.3 134.1 125.3 131.3 137.4 137.9 137.2 135.4 134.8 134.5 134.2 134.3 134.9 135.6 136 135.5 135.6 134.5 134.7 135.4 134.6 134 134.2 134.3 134.3 134.2 133.7 132.8 131.9 131 130 129.1 128.2 127.5 126.8 125.8 125.3 125.2 124.7
177.4 177.7 176.9 175.3 172.8 170.3 168.3 164.4 161.1 158.2 156.4 155.7 156 155.8 155.1 154.4 155.8 156.3 156.5 156.2 155 154 151.6 150 149.2 149 148.3 148.1 148.7 149.2 150.9 150.9 149.7 147.6 145.5 143.4 141.3 139.1 137.8 134.5 129.5 126.1 121.1 132.7 135.6 134.4 133.4 132.4 132 132 132 132 132.5 132.4 131.8 132.1 132 130.9 132 132.2 132.1 131.8 132.1 132.5 132.8 132.7 131.9 131.6 131.1 130.3 129.4 128.7 127.9 127.2 126.3 125.2 124.9 123.5
179.5 179 178.1 176.5 175 172.7 170.4 166.7 162.7 159.5 157.8 156.6 156.1 156.2 156.2 156 156.3 157.1 157.2 157.3 156.3 154.1 153.4 150.7 148.5 148.6 148.6 148.6 148.8 149 149.6 149.2 148 146.6 144.3 142.2 140.6 138.7 137.7 138.5 136.9 131.6 125.3 121.2 124.7 131.8 132.2 130.6 130.3 129.7 129.7 129.8 129.4 129.2 128.7 128.7 128.6 128.4 128.5 129.4 130.1 130.3 130.3 130.2 130.9 131.1 131.1 131.1 130.7 129.8 129.1 128.4 127.8 127.2 126.4 125.4 124.4 123.1
179.8 179.3 178.6 177.5 175.9 174.7 172.4 169.4 165.8 163.3 161.8 159.4 158.9 159 158.9 159.3 159.7 160.1 160.4 159.7 158.7 156.3 154.5 152.8 151.3 149.8 148.9 149.1 149.5 149.4 148.9 148.3 146.7 145.4 144.4 143 141.6 140.7 140.2 140.1 139.3 136.5 135.6 135.7 122.6 117 123.1 126.1 121.7 124.1 127.2 127.9 127.8 127.1 126.8 125.7 125.4 125.5 124.8 126.8 127.6 127.6 128.1 128.2 128 128.4 128.7 128.8 128.8 129.3 128.2 127.6 126.9 126.8 125.8 124.8 123.9 123.3
180.9 180.8 180.1 177.7 176.8 175.7 174.2 171.6 169.6 167.8 165.7 163.5 163.3 163.2 163.5 163.4 163.8 164.2 163.6 161.8 160.1 158.1 156.6 155.1 153.4 151.9 150.9 150.6 150.3 150.9 150.4 149.5 148.3 145.8 144.9 143.6 142.8 141.8 140.8 140.9 140.6 139.4 134.2 133.3 130.6 121.4 116.7 114.8 114.1 113.6 115.2 125.3 126.6 125.7 124.8 124 122.8 122.9 122.1 122 125.5 125.6 125.3 125.3 125.3 124.9 125.3 126 126.5 127 126.9 126.7 126.4 126 125.7 124.7 124.2 123.6
181.4 180.4 179.3 176.8 175.1 174.9 174 172.6 170.8 169.4 168.7 168 168 167.6 166.9 166.8 166.8 166.3 165.2 162.7 162.7 160.7 158.5 157.1 156.3 155.5 154.4 153.5 153.1 152.6 151.8 150.3 148.8 147.2 145.5 143.2 142.8 141.9 140.8 141.7 141.3 140.2 138 136.2 128.9 128.8 129.5 127.9 121.6 111.8 110.8 113.4 126.4 125.1 124.2 123.2 122.2 120.7 120.1 118.6 117.2 117.7 119.3 120.7 120.5 120.9 120.7 121.2 121.9 124.1 124.3 125 125.1 124.7 124.5 125 124.5 124.2
179.3 177.7 177.9 176.1 173.9 174.2 173.2 172.9 171.6 170.9 170.2 169.6 169.3 169.1 168.8 168 167.3 166.7 165.1 162.7 162.6 161.9 159.8 158.2 157.9 157.3 156.5 155.4 154.3 153 151.6 149.9 148.1 146.3 144.5 142.8 141.9 141.1 140.2 140.6 140.4 139.4 137.8 135.8 129.7 126 127.3 127.8 126 120.1 108.6 109.6 125.6 125.6 124.5 123.6 122.6 120.8 119.1 117.8 116.6 114.3 114 114.1 113.8 113.7 114.8 116 116.6 119.7 120.4 121.9 122.7 123 121.9 123.4 124.4 124.5
