Game/Highland_Data/StreamingAssets/GeoData/Data/se/SE38.asc
ncols 200
nrows 200
xllcorner 430000
yllcorner 480000
cellsize 50
[rows 152 to 189 of 200, columns 0 to 85 of 200]
49.7 50 50 48.7 48.5 48.2 47.5 47.5 49 50 50.3 50.1 49.9 48.9 47.5 45.6 43.6 42.5 43.1 42.7 42.9 42.6 42.3 43.7 42.7 39.7 40 41.2 42.7 45.1 46.3 47.6 47.4 45.4 42.9 40.8 37.9 34.6 33.1 32.1 32.2 32.9 33.3 30.3 30.4 30.1 30.2 33.8 34.9 36.3 36.3 36.6 36.5 36.3 35.9 36 37.3 40.7 36.4 35.5 34.4 33.8 33.2 33.2 33.4 33.4 33.4 33.8 33.8 33.4 33.1 33.1 33.4 33.6 33.5 33 32.1 32 31.2 30.3 29.3 28.4 27.2 26.2 25.7 27.8
49.4 49.6 49.8 48.4 47.5 47.4 47.6 47.7 49.3 49.5 49.8 49.8 49.4 48.5 46.5 44.7 43.2 41.8 41.1 40.4 40.6 41.1 41.4 41.9 40.6 39.1 39.8 41.5 42.7 43.8 45.5 46.9 47.6 46.2 43.6 41.3 39.2 36.4 35.3 34.4 33 31 31.7 30.7 30.3 30.6 30.8 34 34.7 35.6 35.5 36.5 36.6 36.2 35.5 35.2 36.4 37.2 36.1 36.2 34.2 33.6 33.1 33.2 33.5 33.9 33.8 33.8 33.8 33.8 33.8 33.8 33.8 33.7 33.7 33.6 33.2 32.2 31.4 30.5 29.7 28.8 27.5 26.5 26.1 24.9
48.2 47.8 48.3 48.5 48.7 48.2 47.6 47.7 48.3 49.2 49.7 49 48.7 47.6 45.7 44.3 42.8 41.2 39.8 38.9 38.5 40.1 43.5 40.2 38.5 38.3 39 41 42.9 43.9 44.9 46.2 46.5 46.2 44 41.8 40.5 39.6 38.6 36.1 34.5 31 31.3 30.9 30.1 30.4 31.1 34.2 34.7 34.7 34.9 35.5 36 35.6 34.9 34.6 35.4 36.2 36.8 36.6 34.2 33.6 33.2 33.2 33.8 34.4 34.3 34 33.6 33.5 33.5 33.4 33.5 33.9 33.8 33.7 33.6 33.1 31.9 31 30.2 29.3 28.2 26.9 25.8 24.7
48 46.6 47 47.8 48.3 48.8 48.9 49.4 48.5 49.3 49 48.1 47.3 46.2 44.7 43.9 42.4 40.8 39 37.4 36.5 37 40.7 38.8 37.6 37.4 38.2 40.2 42.4 44.1 44.8 46.2 46 45.5 44.1 41.6 41.1 40.8 38.9 35.2 33.7 31.1 32.5 33.7 34.3 31.8 31.9 33.9 34.5 34.6 34 34 34.5 34.9 34.5 34.3 34.4 35.5 35.9 35.4 34.3 33.7 33.3 33.3 34.3 34.8 34.8 34.4 33.9 33.6 33.2 33.2 33.4 33.8 33.8 33.8 33.7 33 32.6 31.5 30.7 29.8 28.8 27.6 26.9 26.3
47.1 47.2 46.9 47.2 48.3 49.1 50 49.9 49 48.2 48.6 48.5 46.1 44.8 43.5 42.8 42.4 41 39.5 38.1 36 36.2 41.3 39.4 38.2 37.3 37.8 40.1 42.3 44.4 44.4 45.7 45.5 44.7 43.6 41.6 39.7 38.9 36.5 33.9 33.1 31.7 31.3 35 36.5 35 31.6 33.4 34.1 34.5 34.5 34.4 34.1 34.5 34.2 34 34.1 34.3 34.6 35.3 35.6 34 33.4 33.8 34.5 35 35.1 34.7 34.1 33.7 33.3 33.2 33.2 33.7 33.8 33.7 33.5 32.7 32.5 31.9 31.2 30.3 29.3 28.2 27.7 28.3
46.7 46.4 46.5 47.4 48.8 50.6 50.3 48.4 49.4 49 47.8 46.9 46.4 44.2 43.2 41.8 41.8 41 40.2 39.4 37.3 35.8 36.8 41 39.6 37.4 37.8 40.1 42.5 44.7 44.4 44.2 43.7 42.9 42.4 41.3 39.5 37.9 36.7 35.1 34 31.6 33.2 36.2 40 37.5 33.6 32.2 34.1 34.4 34.8 34.7 34.4 34.3 34.1 34 33.8 33.9 34.1 34.7 34.6 33.4 31.2 33.7 34.7 35.3 35.4 34.6 34 33.7 33.4 33.4 33.3 33.2 33 33 33.2 32.8 32.7 32.1 31.3 30.5 29.5 28.4 28.2 29.2
47.6 47.8 48.1 48.5 49 50.5 51.2 50.9 50 48.8 47 46.6 46.3 44.7 42.4 41.7 41.5 41.2 40.6 40 37.8 35.9 36 36.5 37.9 37.3 38.4 40.3 42.7 44.6 44.2 42.7 41.9 40.7 40.4 40.2 39.3 38.1 37.2 36.3 33.8 31.5 35.1 37.8 40.5 40.5 37.1 35.7 34.6 32.4 33.9 34.3 34.6 34.6 34.4 34.2 34.1 33.9 33.8 34.3 34.4 34.7 31.6 33.9 35 35.4 35.4 34.6 34.4 34.1 33.6 33.3 33.2 33 33.3 33.4 32.8 32.7 32.4 32 31.6 30.5 29.6 28.6 28.5 29.2
45.6 47.2 47 48.5 49.3 50.7 50.4 50.1 47.5 46.8 46 45.3 45.3 44 42.1 40.8 40.1 40.3 39.9 38.4 36.4 36.2 35.6 36.5 36.8 37 38.1 39.6 42.1 43.7 43.9 42.4 40.5 39 38.5 38.5 38.4 37.5 37.2 35.5 32.2 35.1 39 39.1 39.4 38.8 36.4 35.6 35.6 34.8 33.6 33.9 34.3 34.6 34.6 34.4 34.3 34.2 34 34.1 34.5 33.5 34.2 34.4 35.1 35.1 35.1 35.2 34.8 34.4 33.9 33.3 33 33 33.4 33.7 33.5 32.6 32.1 31.6 31.2 29.8 29.4 28.3 27.5 28.3
45.2 45.9 47.4 47.1 48.3 49.6 49.7 48.5 46.7 45.7 46 45.3 43.3 42.7 41 40.1 39.7 39.2 38.8 37.3 36 36.1 35.3 36 35.9 36.8 37.9 38.9 40.9 42.7 43.8 42.1 40.1 38 36.3 35.5 36.2 35.8 34.4 32.4 33.5 39.9 42.1 42.1 40.6 37.9 35.7 33.9 35.4 35 34.5 34 34.2 34.3 34.3 34.2 34.1 34.3 34.2 34.1 33.6 34.4 33.7 34.7 35.1 35.6 35.8 35.8 35.2 34.7 34.1 33.6 33.1 33.1 33.2 33.2 33.7 33.1 32.3 31.6 30.9 30.4 29.4 27.9 27.4 27.7
45.1 45.1 46.2 46.4 47.7 48.9 49 48.9 46.8 45.1 45.2 44.7 43.1 41.6 40 39 38.6 37.7 37.1 36.6 36.5 35.4 35.2 35.3 35.6 37.1 37.7 38.8 39.9 41.8 43.4 42.2 40.2 37.7 33.9 32.6 32.2 32.6 33.3 35.2 38.9 42 45.3 46.9 44.1 40.3 36.5 34.5 36.2 36 35.6 35.3 33 34 34.2 33.9 34 34.2 34.1 33.9 33.5 34.7 33.4 34.9 35.1 35.8 36.1 35.9 35.7 35 34.5 33.8 33.3 33.2 33.4 33.2 33.5 33.5 32.9 31.9 31.7 31.1 30.4 28.7 28 27.3
45 45 45.2 46.1 47.7 47.8 47.7 48.4 46.8 45 44 44 42.1 40.6 39.3 37.8 37.1 36.8 36.7 36.7 35.7 35.2 35.1 34.9 35.1 38 38.8 38.6 39.2 41 42.6 42 39.8 38.5 34.8 32.7 32 34.6 35.4 36.5 39.9 42.3 45.5 48.5 47.2 44.8 40.5 39.7 39.5 38.2 37.1 36.2 34.7 33.9 34.1 33.7 34 34.1 35 33.7 33.5 34.9 35.5 33.1 35 35.5 36.1 36.2 36 35.4 34.8 34.1 33.6 33.2 33.2 32.8 33.4 33.3 33.2 32.8 32.2 31.6 30.8 29.6 28.7 27.8
45.2 44.6 45 46.3 46.7 46.8 47.6 47.9 45.1 43.1 42.3 42.5 41.5 40 38.9 38.2 37.6 36.3 35.3 35.3 35.3 35.1 34.9 35.4 35.3 36.5 38.7 39.3 39.7 39.9 41.4 40.9 39.9 38.9 35.6 32.4 32.3 35.9 36.3 36.9 39.8 41.9 43.9 46.6 46.3 46.1 43.6 42.1 40.6 38.2 37.2 36 34.3 33.3 34 33.6 34.7 36.8 35.2 33.9 34 35.1 36.1 33.3 35.1 35.5 35.9 36.6 36.6 36.3 35.2 34.4 33.9 33.4 33.2 32.9 33.2 33 33.3 32.9 32.3 31.6 30.9 30.9 29.4 28.6
45.4 44.3 45 45 45 45 45.4 44.5 43.6 41.6 40.5 40.4 39.3 38.5 38.7 38.3 37.8 36.7 35.7 35.3 35.3 35.4 35.3 35.7 35 35.4 37.7 38.9 39.7 40 39.8 40.2 39.3 38.6 35.5 32.5 33.9 35.6 36.2 37 39.8 42.4 43.3 44.8 45.9 46.4 44.5 42.1 39.9 37.5 36.4 36 34.6 33.9 33.1 34 34.6 34.5 33.6 34.1 34.5 35 35.5 35.1 33.9 35.4 36.3 37 37.2 37.2 36 34.9 34.2 34.1 33.5 33 32.6 32.9 33.4 33.1 32.6 32.2 31.7 30.8 30 28.8
45.7 45.4 43.6 43.1 43.8 43.8 43.1 42.2 42.3 40.7 39.4 39.4 38.8 38.6 38.2 38.1 37.5 36.8 36.6 36.2 35.6 35.3 35.2 35.9 35.2 35.9 35.7 36.9 38.4 39.5 39.9 39.3 39.1 37.9 34.9 32.7 35.3 37.2 36.9 37 39.8 42.7 43.4 44.1 45.5 46.6 46.1 42.8 39.7 37.6 37 35.2 34.2 34.1 33.2 33.7 33.6 33.8 35.1 35.2 34.7 34.7 35.4 36.2 33.9 35.6 36.4 37.3 37.7 37.7 36.8 35.6 34.6 33.8 33.4 32.9 32.4 31.8 32 32.2 32.4 32 31.7 31.1 30.2 28.5
45.4 45.2 44.4 43.6 42.2 42.8 42.1 40.2 39.8 39.1 39 38.6 39.3 38.4 38.1 37.8 37.6 37.5 37.3 36.4 35.6 36 36.9 37 36.5 35.1 35.9 34.7 36.5 38.2 38.9 40.4 39.6 37.6 34.9 32.9 36.5 37.6 37.1 37.1 40.1 42.8 43.2 43.6 45.3 46.4 46.6 43.1 39.6 39 38.5 35.8 32.4 34.9 34.3 33.3 33.2 34.1 35.6 36.6 36.1 35 35.3 36.1 34.6 35.3 36.1 37.1 37.8 38 37.4 36.3 35 34.1 33.5 32.9 32.6 32.5 32.6 31.1 31 31.3 31 30.1 28.3 26.6
44.8 44.7 44.1 43.4 42.1 40.8 40 38.8 38.9 39 39.1 38.8 38.6 38.5 38.3 38 37.8 37.7 36.8 36.2 36.9 38.9 38.4 37.8 37.4 36.1 35.7 34.6 35.2 37.2 38.4 40.6 39.3 37.1 34.6 34.1 37.1 37.1 36.5 37.2 40.1 43 43.6 43.9 45.1 45.5 47.1 44.4 40.9 40.7 40.4 38.9 35.8 35 33.4 32.2 32.8 32.7 34.8 36.8 37.1 35.6 35.1 35.1 37.3 35 35.8 36.7 37.9 38.4 38 36.7 35.1 34.6 33.8 33.4 33.5 33.2 33 32.6 30.7 29.7 29.3 29.5 30.3 30.2
44.5 43.9 43.5 43 41.8 40.2 38.7 38.6 38.8 38.9 39 38.7 38.6 38.5 38.4 38.2 38 37.5 36.3 35.7 37.7 40.7 40.6 39.9 38.5 37 36.1 35.7 34.4 35.8 37.8 38.2 39.9 37 34 34.8 36.1 36.9 37 39.7 40.9 43.2 44 44.1 45 45.3 45.4 44.5 42.1 41.2 40.6 39.7 37.9 36.3 33.9 32.2 32.6 32.4 33.5 36.1 37.4 36.3 35.4 35.3 35.2 35.4 35.6 36.3 37.4 38.3 38.6 37.6 35.6 34.6 33.6 33.4 33.8 33.6 33.3 32.9 32.5 32.2 31.5 31.6 31.2 31.2
43.3 42.2 42.1 41 40.2 38.8 38.7 38.8 38.7 38.8 38.8 38.6 38.6 38.6 38.5 38.4 37.8 37.4 36.7 36.1 39 41.4 41.9 41.1 38.2 37 36.1 35.9 34.5 34.6 35.9 38.1 40.6 37.3 34.6 34.5 37.7 38.9 40.3 42.8 42.2 43.2 42.8 43.3 44 43.9 43.7 43.6 42.1 41.8 41.4 39.5 37.6 34.7 32.7 32.1 32.6 32.8 32.9 34.1 36 36.5 35.7 35.2 35.6 37.4 35.2 36 36.7 37.5 38.1 37.7 36.5 34.5 33.6 33.3 34.1 33.9 33.6 33.1 33.1 32.8 32.3 32 31.2 31.2
41.4 39.8 39.3 39.1 38.8 38.7 38.5 39.2 38.8 38.6 38.7 38.7 38.6 38.6 38.1 37.8 37.7 37 36.2 36.1 39 41.2 42.4 41 39.2 37.2 36.1 36 34.7 34.3 35 35.6 36.6 37.1 34 36.5 39.1 40.1 41 42.8 42.7 42.8 43 41.9 42.8 42.1 41.7 41.8 42.4 43.6 42.8 40.2 37 34.2 33 32.8 32.5 33.3 32.7 32.8 35.4 36 35.1 35.1 35.4 36.5 37.1 36.1 36.3 36.5 37.2 37.5 36.1 34.7 33.5 33.6 34.3 34.2 33.8 33.5 33.1 32.7 32.6 32.1 31.3 31
39.8 39.3 39.3 39.4 38.9 38.6 38.7 39.1 38.9 39 38.8 38.8 38.6 38.3 38.3 37.7 37.4 36.8 36.7 36.3 38.3 41.2 42.3 42 40.5 38.1 36.3 36.2 35.2 34.4 35 35.1 35.8 35.2 35.7 39.4 41.6 41.4 42.1 42.2 43.1 42.9 42.7 41.6 40.5 40.8 40.3 40.8 41.9 44.1 45 41.9 38.5 37.1 34.2 32.9 33.2 34.1 33.6 33 33.9 34.5 34.7 35.4 35.9 36 38.5 36 36 36.1 36.9 37.1 35.9 34.6 33.4 33.8 34.4 35 34.6 33.6 33 32.3 32.4 32.2 31.4 31.3
39.7 39.2 39.2 39.6 38.7 38.6 38.5 38.3 38.7 39.2 38.5 38.4 39 38.8 38.3 37.8 37.4 36.9 36.6 36.4 38.1 40.1 42.5 43.3 42.3 39.9 37.3 35.7 35.1 34.9 34.6 35.2 34.6 34.6 38 43.1 43.2 42.8 43.4 43.2 43.5 43.1 41.8 41.5 40.7 39.7 39.4 39.9 41.7 43.5 46.2 44.6 41 38.4 35.7 33.3 34 33.5 33.5 33.4 33 33.4 33.5 35.2 35.9 35.8 37.5 38 35.5 35.9 36.3 36.5 35.5 34.3 33.3 33.8 34.7 35.8 35.3 33.9 33.1 32.6 32.1 32 31.6 31.8
39.5 39.3 39.3 39.2 38.9 38.9 38.7 38.6 38.9 38.6 38.7 38.9 39.2 38.8 38.4 38 37.6 37.1 36.6 36.2 36.9 38.6 41.5 43.6 43.6 41.7 39 37.3 35.8 35.7 36.2 36.1 35.3 36.8 41 43.8 44.2 44.4 44.3 44.5 44.6 43.4 42.6 40.2 38.8 38.9 38.4 38.9 41.4 43.7 46.5 47.1 43.7 40.4 38.2 34.5 33.4 33 32.3 32.4 33.2 34.4 33.3 34.4 35.1 36.1 37.8 40.8 35.5 36.3 35.6 35.9 35.4 34.2 33.1 33 34.5 35.6 36 34.3 33.2 32.8 32 31.7 32.3 32.4
39.5 39.7 39.8 39.5 39.2 39.1 38.9 39 38.7 38.4 38.5 38.6 39.2 39.1 38.6 38.2 37.8 37.3 36.9 36.6 36.2 37.2 40 42.9 44.7 43.5 40.9 38.9 37.8 35.9 35.5 35.7 35.5 37.2 41.6 43.9 44.5 43.8 44.2 43.8 43.3 42.4 41.3 40.5 39.3 37.3 37.8 38.7 40.7 43.3 46 48.3 45 41 37.6 33.9 32.7 33.1 32.6 32.5 33 33.3 33.2 34.2 35.1 36.4 36.7 41.7 34.9 35.7 35.6 35.8 35.4 34.4 33.1 33.1 34.1 35.2 35.9 34.9 33.9 32.5 31.9 31.6 32.1 32.3
39.7 40 40.2 39.9 39.6 39.3 39 38.8 38.5 38.4 38.5 38.8 39.3 39.3 38.9 38.4 38 37.6 37.3 37 36.6 36.5 37.9 41.3 44.2 44.6 42.9 41 39.8 38 35.5 34.9 35.9 39.2 42.7 43.1 43.1 42.7 42.7 43.4 43.6 43.3 41.7 39.1 38 36.8 36.9 38.1 40 42.6 45.2 47.5 45.7 40.9 36.9 33.4 33.3 33 32.7 32.4 33.2 33.3 33.2 34 35.5 36.7 37.2 37.9 42.2 35.7 35.8 35.4 34.9 34.5 33.7 34.2 35.1 35.3 35.4 35.2 33.6 32.5 31.7 31.3 32 32.2
39.9 40.2 40.5 40.1 39.7 39.3 38.9 38.5 38.3 38.4 38.6 38.8 39.5 39.8 39.5 38.9 38.2 37.5 37.4 37.2 36.6 36.7 37.3 40.1 43.1 45.3 44.5 43.4 42.4 40.6 38.6 36.7 36.4 38.7 42.1 42 41.2 41.4 41.5 42.2 42.8 42.3 40.9 38.2 37.2 36.5 36.8 36.9 39 41.6 44 45.8 44.2 40.5 37.6 33.7 33.5 33.1 33 33.3 33.3 33.3 33.4 34.2 35.8 36.9 37.5 37.2 43 35.7 35.7 35.3 34.9 34.4 34.7 35.1 35.3 35.5 35.5 35.4 33.8 32.3 31.4 31.6 32.1 32.4
40 40.2 40.3 40.2 39.8 39.3 38.9 38.5 38.4 38.6 38.7 38.9 39.3 40.2 39.7 39.1 38.4 37.6 37.4 37.3 37.2 36.6 37.2 38.5 41.6 44.7 45.7 45.1 44.4 43.3 41.2 38.1 37.2 39.5 43.1 40.4 39.7 39.3 39.4 39.9 40.7 40.9 39.6 37.1 36.4 36.2 35.6 36.7 37.7 40.2 42.1 43 42.1 39.5 36.8 33.9 33.1 33.5 33 33.2 33.2 33.1 33.2 34.3 35.5 37 37.8 37.4 40.2 42.5 35.8 35.6 35.2 34.8 34.8 35.1 35.3 35.7 35.6 35.3 34.1 32.5 31.2 31.4 31.6 31.5
39.8 40.4 40.3 40.1 39.9 39.3 39 38.9 38.9 38.9 39.1 39.2 39.2 40 39.9 39.5 39.1 38 37.5 37.3 37.6 37.4 36.8 37.8 39.6 43 45.2 45.7 46.4 45.7 41.6 38.3 37.9 41.5 40.6 39.9 40.1 39.4 38.8 39.4 39.4 39.1 38.6 37.7 35.3 34.8 34.7 34.7 34.9 38.2 39.6 40.2 39.4 38.2 34.2 33.5 33.5 32.7 32.8 32.7 33.2 33 33 33.9 35.5 36.8 38.1 37.9 36.9 42.9 36 36.5 36.7 36 35.2 34.5 35.1 35.7 35.6 35.1 34.5 33 31.3 30.8 31.1 31
39.5 39.8 40.7 41.2 40.5 39.7 39.7 39.5 39.4 39.4 39.5 39.6 39.2 39.7 39.8 39.7 39.1 38.2 38.1 38.5 38.5 38.4 37.5 36.3 38.2 40.9 43.5 45 46.2 45.4 42 39.4 38.3 41.2 40.2 40.5 41.6 40.9 40.1 39.5 40.1 40.2 39 38.6 37 35 34.7 34.8 35.2 34.8 35.3 35.8 36 35.1 33.2 33.8 33.4 32.4 32.4 33.3 33.2 33 33 33.6 36 37.3 38.2 38.5 36.7 35.8 44.3 37.1 37.4 36.9 36.1 34.9 35.1 35.6 35.9 35.5 34.4 32.9 31.4 31.2 31.4 31.8
39.7 39.6 40.5 41.8 41.1 40 40.1 40.2 40.1 40 39.5 38.9 38.6 39 39.4 39.1 38.8 38.4 38.8 38.7 39.3 39.2 38.3 38 36.7 38.6 40.8 43.2 44 43.4 41.9 39 37.2 38.7 39.7 41.5 41.9 41.8 41.6 41.4 41.3 41.7 40.8 39.7 38.4 36.5 35.7 34.5 35 34.6 35.1 34.7 33.9 33.2 33.1 33.8 35.7 32.7 32.8 33.4 33.2 33.2 33.8 36.2 36.6 37.8 38 37.3 36.3 36.8 44.2 40.6 38.2 37.4 36.7 35.3 35 35.5 36 35.8 34.2 32.6 31.9 31.3 31.4 31.4
40.2 39.8 40.2 41.5 40.9 40.7 41 41.6 42 41.6 40.5 38.8 38.1 38.7 38.9 38.5 38.1 38 38.7 39.4 40.4 40.1 39.3 39 37.4 37.1 38.6 40.5 40.8 41.2 41.2 39.1 37 42.7 43.3 43.4 43.8 44 43.9 43.9 44 42.8 42.3 41 39.7 37.9 37.1 35.8 35 34.5 34.8 34.8 33.7 33.9 34.7 37.7 36.1 33.8 33.2 33.4 33.6 34 34.3 36.5 37.5 37.5 38.5 38.5 39.4 38.4 39.1 43.5 37.8 37.4 37 35.8 34.9 35.2 35.8 35.9 34 32.8 31.7 31.2 31.3 30.9
39.5 40.2 40.2 41 41.6 41.1 41.6 42.1 42.3 42.1 40.6 38.7 38 38.7 38.5 38.2 38.1 38.1 38 40 41.6 41.2 40.2 39.6 38.1 36.9 36.9 37.9 37.9 38.9 40.2 39.3 37.8 41.5 45.9 44.8 45.4 46.5 47 47.1 46.2 44.6 44.3 42.5 41.1 39 37.8 37 37 36.4 35.2 34.5 33.8 33.5 34.6 36.8 34.3 33.2 33 33.7 35.6 35.7 35.2 36.2 37 37.7 38.8 37 39.1 39.3 38.2 39.5 43 37.4 37.1 36.8 35.5 35.1 35.4 35.9 34 33.1 32 31.3 31 30.8
38.2 38.6 39.2 39 39.3 39.7 40.3 41.2 40.6 40.5 39.9 39 38.1 38.4 38.3 38.2 38.2 38.1 38.1 40.1 41.9 42.5 42 41.5 39.6 37.9 36.9 37.1 37.3 37.5 38.3 38.6 39.3 42 46.6 47.1 48.4 50 50.7 49.9 48.5 46.8 45.8 44.4 42.2 40.1 38.6 37.7 38.2 39.5 39.5 36.9 35.3 34.1 34 34.2 33.9 33.2 33.2 33.3 34.8 36.1 35.9 36.6 37.3 37.9 38.5 39.6 40 40.2 39.5 38.2 42.5 37.6 37.6 37.1 35.9 34.6 35.3 35.6 34.2 32.9 32 31.3 31.2 31.2
38.3 38.2 38.3 38.5 38.6 38.5 38.7 39.4 39.2 39.1 39.1 38.4 38.3 38.4 38.3 38.3 38.3 38.1 38.1 38.9 41.7 42.6 42.6 42.7 41 37.8 37.2 36.4 36.7 36.9 37.7 38.9 39.9 42.3 44.3 47.5 51.2 52.9 53.9 53.3 51 48.7 47.3 46.4 43.3 41.2 39.3 38.7 39.4 39.4 39.5 38.4 36.9 34.6 33.5 33.7 33.9 33.3 33.4 33.4 34 36.3 37 37.7 38.1 38.6 38.7 39.8 40.8 40.9 40.1 39 39.6 41 37.9 36.9 36.2 34.6 35.1 35 34.5 33.1 32.2 31.8 31.4 31.5
38.3 38.2 38.2 38.2 38.1 38.5 38.7 38.2 38.4 38.5 38.9 38.5 38 38.3 38.4 38.4 38.3 38.2 38.2 38.2 40.5 41.4 42.7 42.9 39.8 37.4 36.8 36.4 36.7 37 37.6 39.1 41.4 41.8 43.3 47.6 52.5 55.5 56.9 55.8 53.2 50.6 48.6 47.2 45 42.6 40.5 39.6 39.7 39.8 39.8 38.8 37.2 35.2 33.7 33.4 33.7 33.3 33.1 33.2 33.5 35.1 36.9 38.9 39.2 39.5 38.2 40 40.4 41 40.3 39.5 39.1 39.8 38.3 37.5 36.5 35.1 34.1 34.7 34.9 33.7 32.2 32.1 31.7 31.3
38.7 37.9 38 38.3 38.1 38.9 38.7 39.1 38.4 38.3 38.5 38.5 38 37.9 38.2 38.4 38.4 38.5 38.4 38.3 38.8 40.2 41.9 41.9 38.6 37.7 37.2 36.3 36.6 37 37.4 39.7 41.8 41.6 43.1 47.4 52.9 56.3 58 56.8 54.3 51.2 49.4 47.9 46.7 44.1 41.7 40.3 40.8 41.9 41.5 40.3 38.4 36.9 35.1 33.7 33.3 33.5 33.1 34 33.9 33.9 37.3 39.7 40 39.4 40.2 39.7 39.9 40.6 40.2 39.6 39 40.1 38.7 38.4 37.1 35.8 34.2 34.1 34.7 34.2 30.8 29.9 32.1 31.5
40.2 38.6 37.7 37.8 38.3 38.4 38.5 38.5 38.4 38.3 37.9 38.1 38.2 37.9 37.5 38.1 38.2 38.5 38.6 38.4 38.1 38.9 40.5 39.7 37.7 38.6 37.6 36.6 36.6 36.8 37.3 38.8 41 42.5 43.1 47 51.8 56 57.5 56.8 54.3 51.4 49.9 48.7 47.2 45.3 42.9 42.7 42.6 43.1 43.2 41.8 39.5 38.1 37.1 34.9 34.3 34.3 33.6 33.3 33.3 33.8 36.6 40.1 40.4 36.7 40.3 39.8 39.8 40.4 40.2 39.3 38.9 39.5 40.5 37.7 37.8 36 34.3 33.7 34.2 34.3 33.3 32.4 31.9 31.6
41.2 39.4 38.9 38.1 37.8 38.2 37.9 38.6 38.2 38.1 38 38.1 38.3 38.1 37.7 38 37.7 38 38.4 38.2 37.8 38.3 37.8 37.4 38 38.2 37.7 37.1 36.3 37.1 37.4 38.9 39.5 42.5 43.4 45.9 50.5 54.5 56.2 55.6 53.9 51.2 49.2 48.4 48.3 46.5 45.1 44.1 43.6 44 44.5 43.1 40.8 38.6 37.9 38.1 38.2 36.9 35.5 34.1 33.3 34 35.7 39.7 39.9 38.3 39.8 40 39.8 39.7 39.5 39 38.9 39.5 40.6 37.5 37.3 36.5 35 33.8 33.8 34 33.8 32.8 32.2 31.8
45.2 41.5 39.2 38.7 38.2 38.2 37.8 38.4 38.3 38.3 38.1 38 38.1 38.1 37.8 38 37.2 37.6 38.3 37.9 37.3 37.7 37.6 38.2 38.1 38.1 37.7 37.2 36.7 37.1 37.7 40.5 39 39.6 43.5 45.8 49.2 52.8 54.8 54.2 52.6 50.5 49.1 48.8 48.7 48.6 46.5 45.5 45.2 44.8 44.8 44.2 41.4 40.1 39.6 39.3 39.9 39.2 36.9 34.3 33.6 33.6 33.8 37.2 39.2 39.6 39.7 40.2 39.8 39.5 39.9 39.4 39 38.9 39.9 38.8 37 36.3 35.2 34 33.8 34 34.3 33.7 33.1 32.3
