Game/Highland_Data/StreamingAssets/GeoData/Data/se/SE79.asc
ncols 200
nrows 200
xllcorner 470000
yllcorner 490000
cellsize 50
[rows 140 to 174 of 200, columns 78 to 155 of 200]
225.2 222.3 215.7 210.3 205.9 200.9 194.6 188 181.8 174.3 165.4 156.6 143.9 128.7 117.3 110.9 102.8 97.4 106.4 117.8 127.9 135 137.1 134.4 121.7 104.3 104.5 113.6 122.4 131.8 142.8 153.8 164.8 175.2 180.8 186.6 192.6 198.9 204.4 209.6 211.8 212.8 212.5 212.2 212 212 212.8 213.7 214.5 215.4 216.2 216 216.9 217.5 217.9 217.5 217.1 216.6 218.3 220 222.7 225.2 228.3 230.4 232.3 233.5 234 234.4 235.2 235.1 234 232.1 230.8 230 231.7 233.7 235.7 234
223.2 221.2 214.6 209.3 205 200.2 193.6 187 180.5 173 164.5 156.2 145.1 130.6 118.4 111.5 101.6 96.3 99.9 117.1 130 134.2 135.5 126.7 114.8 100.3 107.5 118 127.7 138.9 150.1 161.3 172.5 179.9 185.6 191.4 197.6 203.7 208.6 210.9 212.2 211.1 210.6 210.3 210.3 210.3 211 211.8 212.7 213.1 213 212.7 213.3 213.9 214.3 214 213.6 213.1 214 216 220 223.3 226.5 228.4 230.3 231.4 231.9 232.5 233 231.7 230.5 228.9 227.7 226.8 228.9 231 233 231.8
220.9 219.2 213.9 208.1 203.7 199.5 193.3 186.6 179.9 172.7 164.5 156.1 147.6 133.4 119.8 112 104.9 95.2 101.6 118.1 129.7 132.4 125.9 115.7 104.4 101 112.6 123.5 134.5 145.8 157.1 168.3 177.8 184.4 190.6 196.3 201.6 207 210.1 211.2 210.5 209.5 208.7 208.5 208.4 208.7 209.1 209.5 209.8 210.1 209.8 209.7 209.8 210.4 210.6 210.5 210.1 209.7 211.2 214.3 218 221.6 224.5 226.4 228.4 229.2 229.7 230.1 229.8 228.2 227 225.6 224.5 223.4 225.7 228 230.3 229.3
218.5 217 212.5 206.8 202.4 198.3 193 186.3 179.6 172.8 164.6 155.8 147.3 135.5 122.8 113.6 105.9 97.3 100 116.5 126.2 125 118.4 110.7 98.3 106.1 117.7 129.7 141.2 152.3 163.6 174.2 181.9 189.1 195.6 200.9 206.1 209.2 210 209.4 208.6 207.8 206.9 206.6 206.7 206.9 206.6 206.4 206.3 206.8 207 206.9 206.8 206.8 206.9 207 206.6 206.9 209.7 212.8 216.3 219.8 222.5 224.5 226.5 227 227.3 227.4 226.6 224.6 223.5 222.3 221.1 220.2 222.5 224.7 227.1 226.6
216 214.9 211.6 206.1 201.1 197.1 192.9 186 179.4 172.8 164 155.2 146.4 137.5 126.6 116 107.2 98.5 100.3 113.8 122.8 117.9 111.3 106.5 98.3 109 123.2 134.9 147.2 158.9 169.6 177.3 185.6 193.4 198.9 205.1 208.2 208.4 207.9 207 206.2 205.4 204.6 204.3 203.7 203.3 203 202.8 202.8 203 203.2 203.2 203.2 203.2 203.4 203.6 203.6 205.6 208.7 211.9 215 217.8 219.8 221.7 223.3 224.4 224.7 224.6 222.8 220.7 218.9 217.6 217.2 216.9 219 221.4 223.9 224.1
213.3 212.5 210 205.4 200.3 195.6 191.7 185.6 179.1 172.3 164.6 155.9 146.5 137.8 128.9 120.1 109.1 98.5 99.6 110.4 114.3 109.6 103.3 97.7 105 117.5 129.5 140.3 152.6 164.9 173.1 180.5 189 195.4 201.6 205.2 206.2 206.1 204.9 204.1 203.4 202.7 201.9 201.4 200.7 199.8 199.4 199.2 199.3 199.3 199.4 199.5 199.8 200.4 200.3 200.3 201.6 204.3 207.4 210.5 213.6 215.4 216.6 218.4 219.7 221 222.1 220.8 218.6 216.3 214.2 212.6 212.8 213.7 216.1 218.4 220.8 221.4
210.7 210 208.3 204.2 199.1 194.2 190.3 184.9 178.7 171.4 164 156.4 147 139 131.1 122.2 111.4 94 97.4 105.9 105.9 99.9 95.2 104.7 113.9 125 135.4 145.8 157.5 167.6 175.3 183.5 191 196.7 201.9 203.4 203.5 202.8 201.9 201.1 200.5 199.9 199.1 198.5 197.7 196.8 195.9 195.8 195.8 195.9 196 196.3 197.2 198.1 198.4 198.7 200 202.7 205.7 208.8 211.9 213.1 214.2 215.2 216.6 218.1 218.3 216.7 214.3 211.9 209.8 207.8 209 210.6 213.4 215.6 217.4 218.3
207.5 207.5 206.4 203.1 197.9 192.8 188.8 184.5 178 170.9 163.9 156.9 148.4 139.9 131.5 124 114.2 94.8 93.4 101.4 101.3 93 101.5 110.4 120.1 131.2 141.3 151.6 161.7 170.2 177.7 186.8 192.2 197.6 200.8 200.7 200.5 199.6 199.2 198.6 198 197.1 196.2 195.6 194.6 193.7 192.8 192.6 192.7 192.7 192.8 194 195.1 196.2 196.3 196.6 199.1 201.2 204.2 207.2 209.8 211 212.3 213.2 213.9 215.3 214.4 212.9 210.5 207.8 205.9 203.7 206 208.2 210.3 212.2 214.1 215.3
204.5 205 204 201.9 196.8 191.7 187.1 182.8 177.6 170.6 163.6 156.6 148.8 140.2 132 124.7 115.4 105.4 94.2 96.6 96.7 96.7 106 115.8 126.4 137.5 147.7 156.9 165.4 172.2 181.4 187.1 193.8 195.6 197.2 197.7 197.3 196.7 196.4 195.9 195.1 194.2 193.3 192.6 191.4 190.5 189.8 189.7 189.6 189.6 190.3 191.9 193.5 194.2 194.2 195.3 198.2 200.1 202.6 205.4 207.7 209.2 210.5 211.3 211.3 212 210.6 209.1 206.3 203.2 201.3 198.9 203.1 205.1 207 208.8 210.7 212.2
201.6 202.4 201.4 199.8 195.9 191.1 186.2 181.5 177 170 163.1 156.3 149.3 140.5 132.2 124.4 115.3 105.6 95.3 92.9 94.1 103.6 113.8 123.6 132.6 143.6 152.2 160.6 167 175.3 182.3 188.4 195 195.2 195.1 194.7 194.2 193.7 193.1 192.5 192 191.3 190.4 189.5 188.3 187.3 186.8 186.7 186.7 186.7 187.9 189.3 191 191.6 191.6 194.2 196.4 198.2 200.6 203.4 205.3 207.1 208.7 209.4 209.4 208.4 206.9 204.8 201.7 198.7 197.3 195 199.6 202.2 204.1 205.9 207.6 209.7
198.6 199.6 199.1 197.4 195.1 190.4 185.6 180.8 175.9 169.6 162.8 156 149.2 140.8 131.8 124 114 102.7 94.1 90.4 99.2 110.2 120.2 129.1 138.7 148.4 155.6 162.5 170 177.9 182.1 189.1 192.5 192.6 192.2 192 192 191.3 190.1 189.1 188.5 188.1 187.5 186.3 185.1 184.1 183.9 183.8 183.6 184.2 185.6 187 188.4 188.2 189.9 192.7 194.3 196 198.5 201.1 202.9 204.8 206.6 207.8 207.9 206.3 204.2 200.2 197 195 193 191.9 196.2 199 201.5 203.5 205.4 207.8
195.5 196 196.2 195.3 193.5 189.5 185 180 175.1 169 162.2 155.2 148.2 140.4 131.6 123 113.1 101.1 93.1 93.8 104.6 114.6 124.1 133.5 143.3 150.8 157.8 164.7 172 177.9 183.4 188.9 190 190.3 190.2 190.2 189.8 189.1 188.3 187 185.2 183.9 183.7 183.1 182 181 180.8 180.6 180.7 181.8 183 184.4 185.5 186.7 188.7 190.7 192.3 193.8 196.7 199.3 201.3 203.2 204.8 206.3 206.6 204.4 201.1 196.1 193.3 191.2 189.2 189 192.8 195.8 198.7 201.2 203.5 206.4
192.3 192.6 192.9 192.2 191.4 188.5 184.2 179.1 174 168.4 161.4 154.2 147.1 139.4 131.2 121.6 111.6 99.1 89.8 97.7 108.6 118.3 127.7 136.2 144.8 153 159.9 166.9 172.3 177.3 184 187.7 188 188.4 188.4 188.2 187.6 186.9 186.2 184.5 182.7 180.8 179.7 179.6 179 178 177.6 177.5 178.2 179.4 180.4 181.7 182.8 184.8 187.3 188.8 190.4 191.8 195.1 197.8 199 201.5 203.2 204.2 204.4 199.9 195.9 191.9 189.9 187.9 183.8 185.9 189.4 192.7 195.9 199.3 202.8 204.6
188.3 189.4 189.3 188.6 188 185.9 183.6 178.4 173.3 168 160.7 153.5 146.3 138.4 130.1 120.3 109.2 96.4 88.6 101.4 111.7 120.4 128.5 137 145.4 154.4 161.7 167.3 171.9 177.9 183.9 186 186.1 186.4 186.5 186 185.3 184.6 183.3 181.5 179.8 178.1 176.3 175.5 174.7 174.3 174.4 174.6 175.8 176.9 178 179.1 180.7 182.7 185 187 188.1 190 193.3 196.3 198.1 200 201.3 202 202.1 197.1 191.7 188.2 185.3 183.5 179.3 183.3 186.7 189.4 193 196.9 200.6 202.4
184.2 186.2 185.8 185.2 184.6 182.7 180.8 177.8 172.9 167.3 160.1 152.9 145.8 137.4 128.7 117.9 106.2 93.9 90.7 103.7 113.3 121.5 129.6 137.7 146.2 155 162.1 167.7 173.1 178.8 182.5 184.4 185 184.8 184.4 183.8 183.1 181.8 180.3 178.5 176.6 174.6 172.7 171.7 171 171.2 171.5 172 173.2 174.4 175.5 176.5 178.5 180.8 182.7 184.1 185.7 188.6 192.6 196.3 198 199.8 200.9 201.8 201.6 195.2 189.9 185.9 182.8 179.5 176.6 179.9 184.1 186.4 189 191.5 195 198.2
180.2 182.5 182.4 181.7 181.1 179.5 177.6 175.7 171.4 166.9 159.9 152.6 145.2 136.9 127.4 116 103 89.4 92.9 104.7 113.7 122.1 130.5 138.8 146.9 155.6 162.2 168.2 173.5 178.3 181.4 182.6 183.1 183 182.5 181.5 180.1 178.8 177.1 174.8 172.8 170.8 169.1 168.3 168 168.5 168.9 169.4 170.4 171.5 172.7 174.1 176.1 178.4 179.2 181.5 185.3 189.7 192.7 196.5 198 199.3 200.5 201.2 200.7 192.8 188.1 184.3 180.7 178.4 175 177.2 180.1 182.7 184.8 186.3 189 193.4
176.3 178.7 180.4 179.1 177.8 176.3 174.4 172.4 169.7 165.5 160.3 153 145.6 137.3 126.8 114.7 99.8 88.3 95.9 105 114 122.4 130.9 139.3 147.7 155.9 162.2 167.9 172.5 176.5 179.8 181.1 181.1 181 179.6 178 176.7 175.4 174.3 172.1 169.8 167.5 165.8 165.2 165.3 165.9 166.3 166.7 167.7 168.7 170.2 172 173.9 175.1 177.7 181.6 185.3 189.9 194.2 196.7 197.5 198.6 200.1 200.9 200.3 194.3 188.8 183.4 179.6 177.2 171.8 173.9 176.1 178.4 180.8 182.5 185.7 190.8
172.4 174.8 177.2 177 175.3 172.6 170.7 168.5 166.6 164 158.9 153.5 146 136.9 125.6 112.9 95.1 90.2 97.6 105.2 114.4 122.8 131.2 139.5 147.9 156 161.9 166.8 170.5 174.3 177 178.8 178.6 177.8 176.1 174.5 173.4 172.3 171.3 169.3 167.2 164.9 162.9 162 161.7 163.1 163.7 164.1 165.1 165.8 167.4 169.3 170.9 171.9 177.5 181.4 185.3 189.5 192.9 194.6 196.2 198 200.2 202.4 201.4 196.9 190.7 185.2 179.3 176.4 170.8 170.4 172.8 175.2 176.8 178.3 183.5 189.3
168.9 171.4 173.6 174.5 172.3 169.3 166.3 164.4 162.5 160.9 156.3 151.8 145.3 137.2 125.1 110.1 92.9 89.6 97.8 106 114.6 122.9 131.2 139.6 148.7 156.1 160.9 165.3 168.5 171 173.5 175.5 175.8 174.6 173.2 171.9 170.4 169.2 168.2 166.4 164.4 162.3 160 158.8 158.5 159.5 160.8 161.5 162.3 162.4 163.6 166.1 169.6 173.5 176.6 180.5 183.8 186.6 190 191.9 195.6 198.2 200.5 202.6 202.7 197.3 192.4 187.3 179.9 174.7 169.4 167.9 169.8 172 173.8 176.4 181.7 187.6
165.4 168.2 171.6 171 169 165.9 162.2 160.3 158.6 157 153.9 149.8 144.7 136.9 124.3 107 92.1 86.7 96.1 105.2 114.3 122.9 131.3 140.4 149.2 155.1 159.2 162.5 165.3 167.7 170.1 172.2 173.2 172.1 170.8 169.5 168 166.5 165.1 163.5 161.5 159.5 157.4 155.7 155.4 156 157.3 158.8 158.9 159.1 160.5 164.3 168.6 172.8 175.9 179.2 181.6 184.2 187.1 190.9 195.2 197.8 200.4 203 202.5 199.6 193.6 185.8 178.8 173.1 168.1 166.1 167.3 169.2 171.3 173.8 178.6 184.7
162.8 166.2 169.2 167.7 165.7 163.3 159.1 156.2 154.5 152.7 150.9 147.8 143.5 136.8 125.5 108.7 89.4 86.8 95.4 104.5 113.6 122.5 131.1 140 147.7 152.8 156.3 159.5 162.1 164.5 166.7 168.7 170.1 169.7 168.4 167 165.6 164.1 162.3 160.4 158.6 156.6 154.5 152.9 152.3 152.6 154.5 156.7 155.7 155.8 158.8 163.1 167.4 171.2 174.8 178.1 180.7 183.3 187.2 191.4 194.7 197.4 199.9 202.4 201.5 198.6 192.3 184.1 177.3 171.5 166.3 163.4 164.2 166.4 168.6 171.4 175.5 180.5
161.4 165.6 166.6 164.6 162.4 159.9 156.8 152.2 150.1 148.4 146.9 144.2 141.6 136.3 127.7 111.1 93 88.9 95.3 104 113 121.8 130.5 138.4 145 149.4 153.3 156.5 158.9 161 163 165 166.2 166.3 166 164.6 162.8 160.9 158.3 156.5 155.1 153.3 151.5 150.5 149 149.3 151.5 152.5 152.6 154.2 158.3 162 166.2 169.9 173.8 177.5 180.4 183.3 187.6 190.8 193.5 196.1 198.8 200.9 200.2 197.4 191.2 183.7 176.1 169.8 164.6 161.8 161.3 163.3 165.6 168.2 170.5 173.5
160.1 165 164.3 161.4 158.7 156.1 153.6 149.8 145.7 144.2 142.7 140.6 138.6 135.1 126.6 112.6 92.1 88.1 94.7 103.5 112.3 121 128.8 135.7 141.4 145.7 150.1 153.2 155.2 157.2 159.2 161.2 162.3 162.4 162.4 161.4 159.5 157.8 155.8 153.7 151.4 149.4 147.5 146.7 146.2 146.4 147.8 149 149.7 153.9 157.8 161.6 165.4 169.1 173 176.9 179.8 183.9 188 190.4 192.7 194.9 197.2 198.5 198.3 196.2 191.2 183.9 175.7 168.5 163.2 160.3 158.5 160.2 162.5 164.6 166.7 168.9
159.9 164 163.3 159.8 156 153.4 150.7 147 143 139.6 138.1 136.8 135.5 132.2 125.4 114.3 99.9 84.4 90.4 98.7 108.6 118 126.8 133.7 138 142.3 146.6 150.4 152.3 154.3 156.2 158.1 158.6 158.5 158.5 158.1 156.8 155.4 153.4 151 148.3 146 145 144 143.8 143.8 145.7 147.2 149.9 153.9 157.6 161.4 165.2 168.9 172.6 176.3 180.4 184.5 187.9 190.4 192.6 194.3 196 197.2 197.6 195.8 191.7 183.8 174.9 167.6 162.3 158.9 156.6 157 159 160.9 163 164.9
160.3 163.4 161.7 158.1 154.3 150.7 147.5 144 140.5 136.5 133.5 132.3 131 129 124 115 101.3 90.7 82.8 94.1 106.7 116.6 125.4 130.3 134.6 138.9 143.2 147.2 149.9 151.8 153.7 155.1 155.3 155.2 155.2 155.1 154.4 152.9 150.5 148 145.2 143.1 142.2 141.6 141.4 141.4 143.5 146.9 150.4 154.3 157.6 161.2 165 168.7 172.4 176.3 180.6 184.9 187.8 189.4 191 192.7 194.1 195.4 196.6 194.9 190.5 183.1 173.2 166.2 161.8 157.9 155.1 153.7 155.6 157.6 159.6 161.7
160.8 163.3 160 156.5 152.4 148.2 144.2 140.6 137.5 134.4 130.8 128.7 127.5 125.8 122 114.3 102.4 92.1 85.8 88.6 105.2 114.4 123.1 128.6 133 137.1 140.8 144.1 147.5 149.4 151.3 151.7 152.2 152.3 152.4 152 151.3 149.8 147.5 145 142.3 140.3 139.3 139.2 139.4 141.5 144.3 148.1 151.5 154.6 157.5 161 164.7 168.5 172.3 176.4 180.6 184.6 187.6 188.9 189.7 190.9 192.2 193.7 195.2 192.8 188.8 182.6 173.4 166.4 161.3 156.7 154.2 151.7 152.4 154 156 158.4
160 160.4 157.7 153.9 149.2 145 140.7 137.6 134.4 131.3 128.1 124.4 123.2 122.3 119.4 113.2 102.9 92.3 84.6 90.9 103.7 111.9 120.1 127 131 134.7 138.4 142.1 144.9 146.8 148.6 149 149.5 149.6 149.3 148.6 147.9 146.3 144.4 142 139.6 137.6 136.8 136.8 139.9 143.2 146.9 150 153.3 155.9 158.1 160.7 164.5 168.3 172.2 176.3 180.2 183.7 185.4 186 186.6 188.1 189.6 190.9 191.6 190.8 187.3 180.9 174.3 166.2 161.1 155.7 153.2 151 149 150.7 153.3 155.3
157.6 158.3 155.4 151.3 146.6 141.9 137.3 134 131.1 128.1 125.3 121.6 118.4 116.7 115.5 110.8 102.8 92.5 83 91.4 102.5 110.8 118 124.8 128.6 132.2 135.9 139.8 142.5 144.2 146 146.4 146.8 146.7 146 145.3 144.5 142.3 140 138.1 136.1 134.1 133.8 136.2 142.1 145.7 148.8 151.8 155 157.1 158.6 160.2 164 167.4 169.8 173.8 177.4 180.7 182.6 182.9 183.4 184.9 186.3 187.9 189.2 188.9 187.5 183.2 174.8 165.6 160.1 155.5 152.4 149.9 147.1 148.6 151.1 153
154.5 157.4 153.6 149 144.3 139.8 135.4 131.3 127.9 125 122.1 118.8 115.6 112.3 108.5 104.3 99.8 91.3 80 91.2 101 109.1 115.9 122.5 126.1 129.9 133.7 137.5 139.9 141.7 143.3 143.9 144.2 143.3 142.3 141.4 139.9 137.8 135.4 133.2 130.4 130.6 134.9 140.5 144.4 147.6 150.6 153.7 156 157.5 159.2 161.1 163.5 166.5 168.8 171.1 174.7 177.4 178.9 178.6 179.6 181.1 182.9 185.5 186.8 186.6 186.4 183.2 173.4 163.4 158.6 154.4 151 147.7 144.9 146.4 148.7 150
155.4 159.7 154.9 147.6 142.8 138 133.6 129.4 125 122 119.1 116.2 113 110 105.5 100.5 95.6 89.2 79.3 90.1 100.5 108 114.5 121 124.7 128.5 132.1 135.5 137.6 139.5 140.5 141.5 141.1 139.8 138.5 137.1 135.3 133.3 130.9 126.3 129.5 135 139.3 142.7 146 149.3 152.4 155 156.2 157.7 159.9 161.9 163 165.4 166.8 168.7 170.9 173.7 174.5 174.9 175.9 177.3 179.4 182 184.2 184.7 184.2 180.3 171 161.4 156.4 152.1 148.9 145.8 143 144.3 146.7 148
157.1 160.6 156.1 147.7 141.2 135.9 131.5 126.8 122.5 119.1 116.2 113.3 110.5 107.7 102.8 98.1 92.5 87.4 79.9 89.7 100.4 107.2 113.6 119.6 123.4 127.2 130.2 132.9 135.2 137.2 138.3 139.1 137.8 136.5 134.9 132.8 130.8 128.8 124.9 128 134.8 137.9 140.9 144.3 147.6 150.9 154 155.2 156.4 157.5 159.6 161.3 161.9 162.5 164 166.1 168.3 169.7 170.2 171.3 172.3 173.5 175.9 178.5 180.6 181 180.8 176.3 167.6 158.9 153.9 150.2 147.2 144.5 142.2 142.8 146.8 149
158.1 161.8 156.6 149.5 140.3 133.6 128.8 124 120 116.5 113.2 110.4 107.7 104.7 100.7 95.6 90.6 85.6 79.8 90.8 100.7 106.7 112.7 118.7 122.2 125.5 128.5 131.1 133.5 135.2 136.6 136.2 134.3 132.6 130.9 128.8 126.6 123.4 126.1 133.6 136.5 139.2 142.4 145.8 149.2 152.6 153.2 154.1 155.1 156.5 158.3 158.5 159 159.5 161.2 162.7 164 165 165.9 167 168.3 169.7 172.3 174.9 176.7 176.7 175.9 171.9 164.2 156.5 152.3 148.9 146 143.6 141.2 141.5 146.7 147.9
156.9 161.2 159 152.2 142.9 132.4 126.3 121.3 117.5 114 110.4 107.5 104.4 101.3 98.2 93.7 88.7 83.7 79 93.5 101.1 107 113 116.6 120.3 123.9 127 129.5 131.8 133 133.7 132.8 130.3 128.7 127 124.9 122.2 125 131.1 134.2 136.5 140.6 143.9 147.1 150.3 151.9 152.3 152.8 153.8 155.6 155.8 156 156.1 156.6 158.2 159 159.8 160.3 161.1 161 162.8 165.4 168.3 170.9 172.9 173.4 172.5 168.5 160.9 154.1 150.6 147.1 144.1 141.2 138.7 139.5 145.2 146.5
153.2 157.7 157.6 155.3 147.1 136.3 125.7 119.5 114.9 111.4 108.1 104.6 101.6 98.7 95.4 91.1 86.5 79 85.7 96.2 101.9 107.3 111.1 114.8 118.5 122.1 125.4 127.8 129.9 130.9 131.7 129 126.3 124.7 123.1 119.9 122.4 129.6 131.2 133.8 136.9 140.9 144.4 147.6 149.4 150.9 151.4 151.8 152.5 153.1 153.3 153.4 153.6 153.8 154.5 155.3 155.9 155.4 155.6 156.3 158.4 161 164 167 168.7 170 169.3 165.3 157.7 152 148.5 145.4 142.4 139.4 136.4 139.4 143 145.2
149.3 155.3 155 153.9 150.1 140.1 127.6 119.4 114.1 109.6 106.3 102.5 99 95.8 92.5 88.5 83.4 77.6 90.5 96.7 101.5 105.7 109.4 113 116.7 120.3 124 126 127.8 129.6 128.3 125.8 123.4 121 118.9 115.8 125.6 128.3 129.9 132.9 137.1 140.9 144.9 148.3 149.1 149.8 150.4 150.8 150.8 150.5 150.7 150.9 151.1 150.1 151.3 151.6 152.2 151.7 150.5 151.1 153.6 156.2 159.2 162.4 164.3 165.5 165.8 162.4 155 149.8 146.6 143.6 140.6 137.6 135.6 138.3 141.3 143.2
