Game/Highland_Data/StreamingAssets/GeoData/Data/se/SE81.asc
ncols 200
nrows 200
xllcorner 480000
yllcorner 410000
cellsize 50
[rows 123 to 163 of 200, columns 92 to 183 of 200]
2.1 2.1 2.1 0.8 2.2 2.2 2.1 2.1 2.1 2.2 2.6 2.9 3.3 3.8 4.3 4.3 4 3.8 3.9 4.1 4.3 4.5 4.3 4.7 4.1 4.1 4.1 4.1 4 -0.5 -0.5 -0.5 -0.5 3.3 2.9 2.5 2.2 1.8 1.5 1.1 0.8 1.4 1.3 1.2 1.1 0.9 1.1 1.6 2.1 2.4 2.6 2.8 2.5 2.9 3 4 3.6 4.2 6.5 7.3 8.1 12.2 16.5 22.1 31.3 39.8 45.1 47.4 48.1 47.3 46.2 45.7 55.9 51.4 51.6 52.3 51.9 53 53.8 54.6 54.7 55.1 56.1 56.7 56.3 56.9 56.2 56.2 56.1 55.1 54.2 53.6
2.3 2.3 2.3 2.3 2.4 2.4 2.4 2.4 2.3 2.3 2.6 3.2 3.7 4.2 4.5 4.1 4.3 4 4.1 4.4 4.5 4.3 4.1 4.6 3.9 3.8 3.7 3.8 4.1 -0.5 -0.5 -0.5 -0.5 3.3 3 2.6 2.2 1.8 1.4 1.1 0.7 1.4 1.3 1.1 1 0.8 0.9 1.7 2.1 2.5 2.7 2.4 2.9 2.9 2.2 2.7 3 5.5 6.1 6.3 9.6 11.8 17 20.8 28.2 39.6 44.4 46.9 47.7 46.8 45.6 51.1 53.5 52.1 51.2 51.7 52.3 53.2 53.6 54.2 55.4 56.5 57.1 57 57 57.1 57.1 56.6 56.2 55.5 55.1 53.1
2.7 2.5 2.2 1.9 2.7 2.6 2.6 2.5 2.5 2.7 3.1 3.5 4 4.5 4.6 4 4.3 4.3 4.4 4.4 4.2 4 3.9 3.8 4 4.3 4.4 4.6 5.1 -0.5 -0.5 -0.5 -0.5 3.3 3.1 2.6 2.2 1.8 1.4 1 0.6 1.1 1.2 1 0.9 0.7 0.6 1.7 1.8 2.4 1.9 2.2 2.8 2.5 2.7 2.9 3.2 6.5 6.7 6.3 8.4 10.8 14.1 20.6 26.7 35 44.3 46.6 47.1 46.4 44.7 44.2 44.5 48.3 48.6 48.6 48.6 49.3 53.5 54.1 56.4 56.8 57.2 57.1 56.9 56.8 56.5 56.5 56.4 55.7 54.5 53.4
2.9 3.1 2.9 2.6 2.1 2.7 2.6 2.6 2.8 3.2 3.6 4 4.4 4.7 4.8 3.8 4.2 4.5 4.4 4.2 4 3.8 3.7 3.9 4.1 4.4 4.7 4.9 4.2 -0.5 -0.5 -0.5 -0.5 3.1 2.9 2.7 2.5 2.2 1.7 1.2 0.8 0.4 0.4 0.4 0.5 0.6 0.5 1.2 1.2 2.2 0.9 2 2.8 2.8 2.9 2.7 2.6 6.1 5.7 7.6 8.8 11.8 12.2 18.3 27.5 35.3 42.5 45.8 45.8 45.8 43.6 42.9 44.6 48.2 48.4 48.4 48.5 48.6 54 54.5 55 57.2 57.3 57.6 57.7 57.7 56.9 56.9 56.6 56.5 55.4 53.7
3.2 3.3 3.5 3.3 3 2.7 2.9 3.6 4 4.4 4.5 4.5 4.6 4.6 4.7 4.7 4.6 4.5 4.4 4.2 4 3.9 3.7 3.9 4.2 4.5 4.8 4.8 -0.5 -0.5 -0.5 -0.5 5.8 2.9 2.7 2.5 2.3 2.1 2 1.7 1.2 0.9 0.7 0.7 0.6 0.6 0.6 1.4 1.7 2 1.7 2.2 2.6 2.4 2.2 2 1.8 4.9 6 7.4 8.9 9.5 11.5 14.9 24.2 32.5 39.5 43 43.6 44.4 42.5 42.2 43.8 48.2 48.2 48.2 48.3 48.4 54.8 55.4 55.5 57.1 57.6 57.7 57.6 57.5 57.5 57.2 56.8 56.5 54.9 54
3.4 3.6 3.8 3.9 3.8 3.8 4.3 4.3 4.3 4.3 4.4 4.4 4.5 4.5 4.6 4.6 4.4 4.4 4.4 4.3 4.1 3.9 3.7 3.9 4.3 4.5 4.8 4.8 -0.5 -0.5 -0.5 -0.5 5.3 2.9 2.4 2.2 2 1.8 1.6 1.4 1.5 1.4 1.1 1 0.9 0.9 0.6 1.5 1.6 1.9 1.3 1.8 1.8 1.6 1.4 1.7 1.9 5 7.3 8.4 8.6 8.2 10 12.4 19.3 28.2 36.2 39.8 42.2 43.3 41.7 41 43 46.6 47.8 48.1 48.5 49.3 54.6 56 55.8 56.4 57.6 57.5 57.5 57.4 57.3 57.2 56.9 56.4 54.6 53.7
3.7 3.9 4 4.2 4.3 4.2 4.2 4.2 4.2 4.2 4.3 4.3 4.3 4.4 4.4 4.5 4.3 4.4 4.5 4.3 4.1 4 3.7 3.7 4.4 4.6 4.9 -0.5 -0.5 -0.5 -0.5 -0.5 4.8 3.9 2.3 1.7 1.5 1.3 1.2 1.5 1.3 1.4 1.5 1.3 1.3 1.3 0.8 1.6 1.7 1.8 0.9 1.4 1.3 1.5 1.8 2.1 2.3 7.1 8.2 8.4 8.5 8.4 8.4 8.7 14.2 25.1 31.5 37.4 41.1 42 41.1 39.7 41.5 42.4 41.6 42.2 48.1 49.5 53.3 53.9 55.6 55.9 57.3 57.4 57.3 57.2 57.2 57.1 56.8 55.6 54.4 54.3
3.9 4.1 4.3 4.4 4.4 4.3 4.1 4.1 4.1 4.1 4.2 4.2 4.2 4.2 4.3 4.3 4.2 4.4 4.5 4.4 4.2 3.9 3.7 3.5 4.3 4.8 3.2 -0.5 -0.5 -0.5 -0.5 6 3.6 3.5 2.5 1.8 1.1 1.2 1.4 1.6 1.2 0.3 0.8 1.2 1.3 1.4 0.6 0.9 1 1.5 0.2 1.5 1.4 1.6 1.8 2 2.3 6.8 8.3 8.6 8.6 8.6 8.7 8.9 10.6 21.3 28.6 34.4 39.8 41 40.5 38.7 40.5 41.5 41.8 41.9 47.7 49.3 53.2 54.9 55.2 55.4 56.9 57.2 57.2 57.1 57 57 56.6 55.3 54.5 55
4.2 4.4 4.4 4.6 4.5 4.3 4.2 4.1 4 4 4.1 4.1 4.1 4.1 4.2 4.2 4.2 4.4 4.5 4.4 4.2 3.9 3.7 3.4 4.1 3.6 -0.5 -0.5 -0.5 -0.5 -0.5 3.2 -1.3 0 0.7 1.4 0.8 2 -0.1 -0.6 0.4 0.1 1.8 1.3 1.2 0.6 0.9 1.1 1.2 0.4 1.7 1.6 1.6 1.7 1.9 2.1 2.3 6.1 8.2 8.6 8.5 8.5 8.5 8.6 9.6 18.4 26.1 33.3 38.6 39.9 39.8 38.6 40.4 41.2 41.6 41.9 47.8 49.3 53.3 55 55 55 56.8 57.1 57 56.9 56.9 56.8 56.1 55.3 54.6 54.4
4.4 4.5 4.6 4.8 4.5 4.4 4.3 4.2 4.1 3.9 3.9 4 4 4 4 4.1 4.2 4.3 4.5 4.4 4.2 3.9 3.7 3.4 3.6 -0.5 -0.5 -0.5 -0.5 -0.5 4.4 3 3 2.6 1.8 1.9 2.1 2 2 1.8 1.3 2 2 1.8 0.8 0.9 1 1.2 1.4 1.5 1.9 1.8 1.7 1.9 2.1 2.2 2.4 5.2 5.4 8.4 8.5 8.5 8.6 8.4 9.3 16.9 23.6 29.9 35 38.7 39.1 37.8 39.1 40.9 41.4 42 47.6 49.2 49.3 54.9 54.9 55 55.3 57 56.9 56.8 56.8 56.6 56.4 55.7 54.9 53.9
4.6 4.6 4.8 4.8 4.6 4.4 4.3 4.2 4.1 4 4 4 4 4.1 4.1 4.2 4.2 4.3 4.4 4.5 4.2 3.9 3.6 3.3 -0.5 -0.5 -0.5 -0.5 -0.5 -0.5 3.4 3.3 3 2.5 1.2 2.3 2.3 2.1 1.9 1.9 1.5 2.4 2.2 2 1.7 1.8 1.9 1.9 1.7 1.8 1.9 1.9 1.9 2 2.2 2.1 3 5.2 5.7 8.4 8.4 8.5 8.8 11.1 13.9 16.5 22.5 27.6 32.6 35.9 37.3 35.5 37.2 41.1 41.5 42 47.3 49.1 49.5 54.9 54.9 55 55 56.9 56.8 56.8 56.3 56.6 56.5 56.1 55.4 53.4
-0.5 6.1 5 4.9 4.7 4.5 4.5 4.4 4.3 4.9 4.4 4.2 4.2 4.3 4.3 4.6 4.2 4.3 4.4 4.4 5 5.6 3 -0.5 -0.5 -0.5 -0.5 -0.5 -0.5 3.9 3.5 3.4 3.1 2.6 1.4 2.6 2.4 2.3 2.1 2 1.6 2.3 1.7 1 1.4 1.6 1.7 1.7 1.8 1.7 0.2 1.9 2 2.1 2 2.2 3.4 4.3 5.2 7.5 8.8 9.7 8.5 10.9 12.4 15 21.6 25.8 29.7 33 33.6 30.8 39.2 40.7 41.2 41.9 47.4 49.2 51.3 51.8 51.9 55 55 55.5 56.8 56.2 56.2 56.6 56.4 56.3 55.8 54.7
-0.5 -0.5 -0.5 -0.5 -0.5 5.6 5.7 4.6 5.1 5.7 4.9 4.4 4.5 4.5 4.5 5.1 4.3 4.4 4.5 3.9 3.3 -0.5 -0.5 -0.5 -0.5 -0.5 -0.5 -0.5 4.7 3.5 3.4 3.5 3.2 2.8 -0.4 2.8 2.6 2.4 2.2 2 2 2.3 1.4 1 1 1.4 1.5 1.5 1.6 0.4 0.4 0.9 2.1 2 2.3 2.3 1.6 2.2 5.3 7.4 8.4 9.4 8.6 10.1 11.6 13 20 23.5 26.9 29.7 30 27.2 39.8 40.7 41.6 42.4 46.6 48.6 51.2 50.8 51.6 54.3 54.6 54.8 56.5 55.7 56.2 56.5 56.4 56.2 56.1 54.2
-0.5 -0.5 -0.5 -0.5 -0.5 -0.5 -0.5 -0.5 -0.5 5.1 5.3 4.4 4.7 4.7 5.1 5.5 4.3 4.3 4.5 -0.5 -0.5 -0.5 -0.5 -0.5 -0.5 -0.5 -0.5 4.7 4.6 3.7 3.2 3.7 3.5 3.2 2.4 1.8 2 2.1 2.3 1.8 2 2 1.6 1.3 1 1 1.2 1.3 1.3 0.7 0.7 1.7 1.8 1.9 1.5 2.5 2.5 2.5 5.8 6.7 8 9 8.7 11.2 11.9 13.2 18 21.5 25 26.8 24 26.5 39.9 41 42.1 42.7 45.5 48.6 49.1 51.4 51.7 54 54.2 54.4 55.6 56.2 56.3 56.5 56.3 56.3 56.2 55.8
-0.5 -0.5 -0.5 -0.5 -0.5 -0.5 -0.5 -0.5 -0.5 -0.5 -0.5 -0.5 -0.5 2.5 2.6 2.3 -0.5 -0.5 -0.5 -0.5 -0.5 -0.5 -0.5 -0.5 -0.5 5.2 3.4 3 2.5 2.5 2.9 1.9 3.2 3.8 1.9 1.4 0.9 1.3 1.7 0.8 0.7 2.1 1.8 1.5 1.2 0.9 1 1.1 0.7 1 1.3 1.2 1 0.8 1.7 2 2.6 2.3 4.3 6.1 7.4 8.6 8.9 11.1 12.2 14.4 18.8 20.7 21.2 21.6 22.8 29.5 36.3 40.4 41.1 44.3 46.4 47.4 48.8 51.1 52.9 54.2 53.9 54 54.5 56.1 56.3 56.5 56.6 56.5 56.3 55.7
-0.5 -0.5 -0.5 -0.5 -0.5 -0.5 -0.5 -0.5 -0.5 -0.5 -0.5 -0.5 -0.5 -0.5 0.1 -0.5 -0.5 -0.5 -0.5 -0.5 -0.5 -0.5 -0.5 -0.5 -0.5 4.4 2.8 2.6 2.7 1.5 2 1.8 2.5 2.6 2.7 1.2 0.7 0.8 1.2 0.9 0.5 1.6 2 1.7 1.4 1.2 0.9 0.9 1.1 1.7 1.6 1.6 1.1 1.1 2.4 2.5 2.8 3.4 4.3 5.7 7 8.4 9.9 11.1 12.7 14.6 17.6 18.8 19.4 21 25.8 29.9 34.7 38.5 42 44.8 46.7 47.7 49.6 51 52.9 54.2 54.1 53.8 53.5 55.4 56.5 56.5 56.6 56.7 56.5 55.8
5 9.2 6.8 -0.5 -0.5 -0.5 -0.5 -0.5 -0.5 -0.5 -0.5 -0.5 -0.5 -0.5 -0.5 -0.5 -0.5 -0.5 -0.5 -0.5 -0.5 -0.5 -0.5 3.5 1.7 2.4 1.7 2.2 2.1 2 1.9 1.7 1.7 1.5 2.1 2.3 0.9 0.5 0.6 1.4 1.1 2 2.2 2 1.7 1.4 1.2 0.9 1.1 1.5 1.5 1.4 1.4 1.7 2.4 2.7 3.2 3.9 4.8 6.1 7.3 8.6 10.1 10.7 12.6 14.7 16.6 19.5 21.5 24.6 28 30.3 33.1 35.2 41.9 44.3 45.4 48.1 50.2 51.5 53.1 54.1 54.2 54 53.9 53.1 56.4 56.5 56.6 56.6 56.7 55.7
4.8 4.9 4 4.2 4.8 5.8 -0.5 -0.5 -0.5 -0.5 -0.5 -0.5 -0.5 -0.5 -0.5 -0.5 -0.5 -0.5 -0.5 6.5 5.1 4.7 4.3 3.5 2.3 0.9 1.4 1.9 1.9 1.7 1.8 1.4 1.6 1.5 1.5 1.6 3.1 0.9 0.4 1.2 1.5 2 2.2 2.3 2 1.7 1.4 1.2 1.3 1.3 1.3 1.3 1.2 1.9 2.6 3 3.5 4.2 4.8 6.3 7.7 8.9 10.2 11.1 13 14.3 16.4 20.1 22.3 24.8 28.4 33.3 36.1 39 43 44.3 44.8 46.3 49.3 51.8 53.6 54.8 54.3 53.7 54.3 53 53.4 56.4 56.6 56.6 56.6 55.8
4.6 4.6 4.1 4.2 4.3 4.4 4.9 5.6 7.3 6.8 -0.5 -0.5 5.2 6.5 5.5 4.3 4.2 4.8 5 4.1 3.6 3.4 3.3 3.4 2.3 1.6 1.1 1.6 1.6 1.4 1.5 1.4 -0.6 1.4 1.7 0.9 1.6 3.1 1.2 0.7 1 1.8 2.3 2.4 2.3 2 1.6 1.4 1.5 2 1.8 1.7 1.6 1.7 1.9 3.3 3.8 4.4 4.9 5.2 6.3 7.7 9.4 10.6 11.9 13.6 16.8 20.8 23.3 25.9 30.1 34.1 37.4 38.4 42.5 44.3 45.6 47.9 49.9 51.5 53.7 54.6 53.1 53.1 53.7 53.2 51.5 56.2 56.6 56.6 56.1 55.4
4.4 4.3 4.1 4.3 4.4 4.4 4.4 4.7 5.6 5.7 5.4 5 5.1 5.2 5.1 4.5 3.9 3.5 3.8 3.2 3 2.8 2.8 3 2.2 1.4 1.2 1.3 1.3 1.5 1.2 1.3 1 1 1.2 1.6 1.3 1.7 2.1 1.8 1.1 1.7 2 2.4 2.5 2.3 1.8 1.6 2.2 2.8 2.7 2.2 2.1 2.6 2.5 2.9 3.7 4.6 5.1 5.4 5.7 7.2 8.4 10 11.7 13.7 16.6 21.5 24.7 27.8 32.1 35.7 37.4 38.6 43.4 44.9 45.9 48.2 49.6 51.5 54.2 54.4 53.6 53 53.1 52.7 51.9 50.1 56.3 55.9 56.1 55.5
4.1 4 4.1 4.4 4.4 4.4 4.5 4.4 4.4 4.5 4.6 4.3 4.2 4.7 4.7 4.5 4 3 2.7 2.6 2.4 2.3 2.3 2.3 2.2 1.3 1.1 1 1.4 -0.6 0.7 0.6 0.8 0.6 0.8 1.7 1.1 1.4 1.7 2.1 1.9 1.8 1.6 1.6 2.3 2.5 2 2.9 3.6 3.1 2.5 2.4 2.5 2.5 2.4 2.6 3.1 4.1 5.3 5.7 5.8 6.1 8.2 9.6 11.8 14.1 16.4 20.7 25 29.4 33.8 36.7 40.5 43.2 44.3 45.3 46.9 48.5 49.3 51.4 52.6 54.4 53 53 52.7 52.3 51.8 50.1 49.6 48.1 49.6 49.2
3.9 3.7 4.2 4.4 4.4 4.5 4.3 4.1 4.1 4.2 4.2 4.1 3.9 4.2 4.2 4.1 4 2.7 2.6 1.9 1.8 1.8 1.8 1.8 1.7 1.1 1 0.9 1.1 1.1 0.8 0.7 0.6 0.4 0.4 1.6 0.9 1.3 1.6 1.6 1.7 1.7 3.1 2.2 2.4 2.6 3.5 3.1 2.7 2.7 2.5 2.4 2.4 2.4 2.3 2.5 2.7 3.3 4.6 5.9 6.3 8 9.1 9.9 11.3 14.5 16.8 19.8 25.5 29.7 33.7 37.8 40.6 43.5 44.4 46.2 46.8 47.9 50.4 52.1 52.5 52.8 52.8 52.8 52.3 51.8 50.8 50.2 48.7 47.6 46.3 45.8
3.7 3.7 4.2 4.5 4.4 4.2 4 3.8 3.7 3.9 3.8 3.5 3.5 3.6 3.7 3.7 3.1 2 2 1.4 1.3 1.3 1.3 1.2 1.2 1 0.4 1 1.1 1 0.9 0.8 0.6 0.5 0.5 1.3 0.8 1 1.2 1.3 1.5 1.6 2.4 2.7 3.2 3.6 3.4 3.8 3.4 3 3 2.4 2.3 2.3 2.2 2.4 2.6 3 4 5.3 6.5 7.8 8.9 10.1 11.3 14.1 16.6 20.9 26.7 31.1 33.5 37.5 40.5 43.2 44.6 47.2 47.7 49.7 51.2 52.2 52.6 52.5 51.8 51.1 51.2 51 50.3 49.6 48.4 46.7 46.5 45.9
3.9 3.8 4.2 4.3 4.1 3.9 3.7 3.5 3.4 3.5 3.4 3.1 2.8 3 3.2 2.3 1.6 1.3 1 1.2 1 1.1 1.2 1.1 1 1.1 1 0.9 0.7 0.3 1 0.9 0.7 0.2 0.6 1.4 0.7 0.9 1.1 1.3 1.4 1.4 1.3 1.6 2.2 2.6 4.1 4.2 3.4 3.5 3.6 3.3 2.7 2.2 2.2 2.4 3.3 3.8 4.7 5.9 6.6 7.6 9 10.5 11.7 13.4 16.7 22.1 29.7 33.6 35.9 39.3 41.1 42.6 44.2 46.6 48 49.3 51 51.7 52 51.5 51.3 50.8 50.4 49.7 49.5 49 48.1 47.1 45.6 45.6
4.6 3.8 3.9 4.1 3.8 3.6 3.4 3.2 3.1 3.2 2.9 2.6 2.4 2.3 2.4 1.7 1.2 1 1 1.1 1.3 0.4 0.8 -0.2 1 0.8 0.7 0.6 0.5 0.7 0.6 0.9 0.4 0 0.7 1.3 1.1 0.8 1 1.2 1.3 1.2 1.1 2.3 2 2.7 3.8 3.5 4 4.1 4.2 4.3 3.6 3 2.9 3.3 3.5 3.8 4.8 5.6 6.3 7.5 8.7 10.2 11.7 13.7 16.9 23.4 32 36.7 38.3 40.2 42.4 42.7 44.1 46.4 48.7 50.6 52.3 52.2 52.5 52.1 51.4 51 49.8 49.4 49.4 47.5 46.4 45.5 44.5 43.4
3.8 3.4 3.5 3.6 3.8 3.4 3.2 3 2.8 2.8 2.5 2.2 1.9 1.6 1.5 1.3 0.9 0.7 0.8 0.5 1.1 0.7 0.5 0.8 0.5 0.6 0.4 0.3 0.4 0.6 0.7 0.8 0.6 0.3 0.6 1.2 1.9 1.1 0.9 1.1 1.1 1 2.5 1.6 2.2 2.8 3.4 3.1 3.5 3.9 4.3 4.3 4.2 3.1 3.7 3.3 3.8 4.3 4 5.3 6.2 7.3 8.5 10 11.9 14.6 18 25.8 33.6 38.8 39.6 40.7 42.7 42.9 44.5 47.2 49.3 50.9 52.2 52.4 52 51.4 50.9 49.4 49.2 49.6 48.4 47.4 45.2 44.5 43.3 42.5
3.2 3 3 3.1 3.4 3.4 3 2.7 2.5 2.4 2.1 1.8 1.5 1.4 1.4 1.7 0.6 0.6 0.7 -0.2 0.5 0.3 0.2 0.8 0.6 0.3 0.1 0.2 0.4 0.6 0.7 0 0.9 0.9 1.2 1.6 1.9 1.6 1.1 0.9 1.4 1.4 1.2 1.5 1.9 2.5 2.9 2.8 3 3.5 3.9 4.3 4.6 4.3 3.8 3.3 3.5 3.9 4.4 5 6 7.2 8.3 10.4 12.5 15.4 21 28.4 34.6 38 40.3 41.1 42.3 44.1 45.6 47.4 48.4 50.1 51.3 51.7 51 50.4 49.6 48.9 49.1 49 48.5 45.8 44.9 43.6 43 42.3
3.4 2.9 2.6 2.7 3 3.3 3 2.6 2.2 2 1.8 1.6 1.5 1.3 1.2 1.4 1.4 0.5 0.6 0.5 0.4 0.2 0.4 0.7 0.6 0.4 0.2 0.4 0.5 0.7 0.9 1 1.3 1.6 1.8 1.8 1.7 1.7 1.3 0.9 0.9 2.5 1.3 1.5 1.7 2.2 3.3 3.5 3.6 3.8 4 4.3 4.8 4.3 3.8 3.4 4.2 4.5 4.5 5 6.1 7.6 8.6 9.9 12.2 15.7 21.9 29.9 37.1 40 40.7 41.4 42.3 43.8 45.2 47.3 48.5 49.3 50.1 51.1 50.3 49.4 48.7 48.7 49 48.4 47.9 46.3 44.5 44.3 42.9 42.5
3.6 3.6 3.2 2.3 2.5 2.8 2.8 2.4 1.9 1.8 1.7 1.5 1.4 1.2 0.8 1.2 1 0.7 0.4 0.2 0.6 0.7 0.3 0 0.7 0.4 0.3 0.5 0.7 0.8 1 1.2 1.7 1.8 1.7 1.6 1.5 1.9 1.4 0.9 1.1 1.2 1.4 1.6 1.8 2.2 4 4.1 4.2 4.4 4.6 4.7 4.7 4.3 3.8 3.8 4.3 5.4 5.2 5.5 6.9 7.9 8.9 10.9 13.4 15.7 21.7 30.8 39.3 40.5 41.2 41.9 42.5 43.7 45 46.9 48.8 49.4 49.9 50.3 49.9 48.9 48.1 48.2 48.3 48 47.6 46.3 45 43.6 43 43.1
3.8 3.5 3.4 3.1 2.3 2.3 2.2 1.9 1.8 1.4 1.4 1.5 1.3 1.1 0.7 1 0.8 0.6 0.2 0 0.3 0.6 0.6 0.7 0.8 0.1 0.5 0.6 0.8 1 1.1 1.2 1.7 1.5 1.4 1.3 1.2 2 1.5 1 1.4 1.2 1.5 1.7 1.9 2.7 3.2 4.1 4.3 4.5 4.6 4.6 4.5 4.1 3.7 4.3 5.3 5.8 5.5 6.2 7.7 9.9 10.8 11.6 12.7 15.4 22.9 31.9 40.2 41.1 41.6 42.1 42.6 43.7 45 46.3 47.9 49.4 49.6 49.4 49.3 48.4 47.4 47 47.1 47.2 47.2 46.3 45.3 43.5 43 43
2.8 2.3 2.9 2.6 2.3 2 1.8 1.7 1.6 1.5 1.5 1.1 1.2 1.1 0.6 0.5 0.3 0.1 -0.1 -0.3 0 0.2 0.3 0.8 0.8 0.7 0.6 0.7 0.7 0.8 0.9 1 1.5 1.4 1.3 1.1 1 2.1 1.6 1.1 2.1 1.2 1.5 1.9 2.3 2.9 3.4 3.8 4.1 4.5 4.5 4.4 4.3 3.9 3.5 3.5 4 4.9 5.9 6.6 8.3 10.6 10.5 10.8 13.7 17.3 25.8 34.5 40.5 41.2 41.7 42.2 42.5 43.9 46 47.2 48 48.7 48.6 48.4 48.2 48 46.9 46 46.4 45.7 46.7 45 44 43.3 42.7 42.7
2.2 2.1 2.9 2.7 2.4 2.1 1.7 1.5 1.4 1.3 0.9 1.1 0.7 0.8 0.8 0.8 0.8 0.6 0.4 0.3 -0.2 0.2 0.9 0.8 0.7 0.5 0.5 0.7 0.7 0.7 0.7 0.8 1.4 1.3 1.1 0.9 0.9 1.8 1.7 1.2 2.2 1.7 2.1 2.5 2.8 3.2 3.7 4.1 4 4.2 4.4 4.2 4.2 3.8 3.6 3.6 4.1 4.9 5.8 6.8 8.2 10.6 11.1 11.7 13.6 17.1 26.2 36 40.6 41.3 41.4 41.5 41.7 43.1 44.1 46.4 47.1 47.8 47.9 47.6 47.4 47.2 46.9 46 45.9 46.4 46.6 44.8 43.9 43.2 42.8 42.6
2.1 2.2 2.6 2.7 2.5 2.2 1.5 1.4 0.8 1.1 -0.3 0.9 0.2 0.9 0.8 0.9 0.9 0.9 0.9 0.8 0.4 0.9 0.8 0.6 0.5 0.4 0.3 0.7 0.8 0.8 0.8 0.7 0.8 1 1 1.1 1.2 1.4 1.4 1.4 1.3 2.7 2.7 3.1 3.4 3.3 3.2 2.9 3.4 4.1 4.2 4.1 4 3.9 3.9 4 4.2 5 6.8 7.1 8.2 10.5 11.9 12.3 13.8 19.6 26.6 36.7 40.2 40.4 40.6 40.8 41.4 42.5 43.6 45.8 46.3 46.9 47.2 46.9 46.7 46.5 46.4 46 45.4 46 46.5 44.8 44.1 44.5 44.6 44.5
2.3 2.3 2.4 2.5 2.6 2.3 1.3 1.3 1.2 -0.1 1.2 0.2 0.5 0.8 0.9 0.9 0.9 0.9 0.9 0.9 0.9 0.7 0.6 0.5 0.3 0.2 0.3 0.6 0.9 0.9 0.9 0.8 0.6 1.2 1.3 1.3 1.4 1 1 1.2 1.5 2.2 3 3 2.9 2.8 2.7 2.8 3.1 4.3 4.1 4 3.3 3.3 3.6 3.8 4.3 5.6 7.6 7.7 8 9.6 11.4 12.6 14.4 18.5 30 37.5 40 39.8 39.8 40 40.9 42.1 43.4 45.2 46.1 46.6 46.1 46 45.9 45.9 45.7 45.5 45.4 44.8 46.2 45 44.3 44.5 44 44.4
2.4 2.5 2.3 2.2 2.3 2.4 1.2 1.1 0.3 1 1.1 -0.1 0.5 0.7 1 1 0.9 0.9 0.9 0.9 0.9 0.5 0.4 0.3 0.2 0 0.2 0.6 1 1 1 0.8 0.7 1.4 1.5 1.6 1.7 0.7 1 2.4 1.8 2.8 3 3.1 3.3 3.2 3.1 3.1 3 4.2 3.7 3.3 3.1 3.2 3.5 4 4.4 6.1 7.6 7.6 8.3 9.3 10.9 12.6 14.9 19.3 28.7 35.9 39.1 39.5 39.3 39.2 40.2 41.5 43.2 45 45.8 45 44.8 45.2 45.2 45.3 45.3 45.3 45.7 45.7 45.6 45 44.5 44.3 44 43.6
2.5 2.6 2.4 1.9 2.1 1.4 0.8 1.1 1.3 1.2 1 -0.3 0.4 0.7 0.9 1.1 1 0.9 0.9 0.9 0.9 0.5 0.2 0.1 0 -0.1 0.1 0.5 0.9 1.1 1 0.9 0.7 1.3 1.4 1.5 1.5 0.8 2.1 2.2 2.4 2.8 3 3.1 3.3 3.4 3.4 3.4 3.3 4.5 4.2 3.7 3.7 3.9 4.1 4.2 4.6 5.4 6.4 7.5 8.6 9.7 10.5 12.9 15.2 17.9 27.9 34.4 36.8 38.3 38.1 38.5 38.9 40.2 42.2 43.9 44.6 44.6 44.5 44.8 45.1 45.5 45.5 45.4 45.5 45.5 45.2 44.4 44.1 44.5 44 43.5
2.7 2.8 2.4 1.7 1.4 1.8 1.8 1.2 1 1.2 0.8 0 0.3 0.6 0.9 1.1 1.1 1 1 1 0.9 0.4 0.1 -0.1 -0.1 -0.1 -0.1 0.5 0.8 1.2 1.1 1 0.9 1.2 1.3 1.3 1.3 1.2 2.1 1.4 2.6 2.8 2.9 3.1 3.3 3.4 3.6 3.7 3.6 3.3 4.3 4.2 3.9 4 4.1 4.2 4.8 5.5 6.5 7.7 9 10 10.7 12.8 14.9 18.2 26 32.9 35.1 36.6 37.3 37.6 37.8 39.3 41.3 43.5 44.6 44.8 44.4 44.4 44.8 45.2 45.6 45.5 45.5 45.6 45.3 44.7 44.1 43.5 42.9 42.5
2.2 1.8 2.3 1.4 1.6 1.7 1.8 1.9 0.9 0.8 0.4 0 0.3 0.5 0.8 1.1 1.2 1.2 1.1 1 0.8 0.2 0.2 0.1 0.1 0 0 -0.1 0.9 1.1 0.9 0.7 0.6 0.3 1.1 1.1 1 0.9 1.9 2.3 2.5 2.7 2.9 3 3.2 3.3 3.5 3.6 3.8 3.8 3.8 3.6 3.6 3.8 3.9 4.6 5.2 5.4 6.4 7.7 8.9 9.9 10.9 12.2 14.5 17.8 26.1 30.1 32.8 33.4 34.3 35.2 37.9 39.4 41.8 44.2 45.3 45.5 45.4 45.2 44.9 45.3 46 46 46 45.9 45.6 44.9 44.1 43.4 42.9 42.4
2 2 2.1 1.4 0.9 1.5 1.7 1.8 1.1 1.5 0.1 -0.1 0.2 0.5 0.7 1 1.3 1.3 1.2 1.2 1 0.7 0.7 0.3 0.2 0.1 0 0 0 1 0.9 0.7 0.5 -1 -0.4 0.1 1 1.8 1.6 2.6 2.7 2.5 2.7 2.8 3 3.1 3.3 3.4 3.6 3.7 3.7 2.8 3.4 3.5 4.2 5 5.6 5.3 6.4 7.6 8.6 9.6 10.6 11.9 14.6 16.6 21.2 26.3 27.6 30.2 33.9 36.8 38.9 41.1 43.1 45.5 46 46 46 46.1 46 45.8 46.4 46.3 46.1 46 45.7 44.9 43.9 43.3 42.9 42.4
2.6 1.8 1.9 1.4 0.9 0.6 1.2 1.8 1.8 1.8 0.8 0.4 0.3 0.4 0.7 0.9 1.2 1.4 1.4 0.3 0.3 0.4 0.4 0.5 0.4 0.2 0.1 0.3 0.8 1 1.2 1.1 1 0.8 0.3 0.4 1.3 2.1 2.1 2.7 2.9 2.8 2.7 2.6 2.8 2.9 3.1 3.2 3.3 3.6 3.6 3.2 3.2 3.9 4.6 5.4 6 5.6 6.3 7.3 8.3 9.3 10.9 12.6 14.5 16.4 20.4 25.2 30.4 34.4 36.7 38.1 39.6 42.7 45 46 46 46 46.1 46.1 46.3 46.4 46.5 46.4 46.3 46.1 45.7 44.7 43.7 43.2 42.8 42.4
2.4 1.9 1.8 1.3 0.9 0.4 0.7 1.6 0.2 0.2 0.6 0.7 1.1 1.2 1.2 1.3 1.3 1.4 1 0.4 0.6 0.6 0.7 0.7 0.6 0.5 0.3 0.3 0.4 0.5 0.7 0.9 1.1 1.2 1.3 1.1 1 2.5 1.9 2.7 3.1 3.1 2.9 2.8 2.6 2.7 2.9 2.9 3.1 3.3 2.5 3 3.6 3.7 4.3 5.1 5.6 5.5 6.6 7.1 8.2 9.5 10.9 12.2 14.2 16.3 20.8 28 33.3 36.5 37.8 39.1 40.7 43.2 45.8 45.8 45.8 45.8 45.9 46.1 46.2 46.4 46.5 46.6 46.4 46.1 44.5 44.5 43.4 43.1 42.7 42.3
