Game/Highland_Data/StreamingAssets/GeoData/Data/se/SE87.asc
ncols 200
nrows 200
xllcorner 480000
yllcorner 470000
cellsize 50
[rows 0 to 37 of 200, columns 0 to 85 of 200]
21.7 21.8 21.9 22.1 22.3 22.3 22.2 22.1 22 22 21.9 21.8 21.8 22 21.9 21.7 21.5 21.4 21.4 21.5 21.7 21.7 21.7 21.7 21.8 21.8 21.9 21.9 21.9 21.9 21.8 21.6 21.4 21.4 21.4 21.3 21.3 21.2 21.2 21.1 21.1 21.1 21.1 20.9 20.6 20.5 20.6 20.8 21 21.2 21.2 21.3 21.3 21.4 21.5 21.6 21.6 21.6 21.6 21.6 21.6 21.6 21.5 21.5 21.5 21.5 21.4 21.2 21.4 21.7 22 22.2 21.9 21.4 21.2 21.1 21 21 21 20.8 20.6 20.4 20.2 20 20.1 20.1
21.7 21.9 22.1 22.2 22.4 22.4 22.3 22.2 22.1 22 21.8 21.7 21.7 22 21.9 21.7 21.5 21.3 21.2 21.4 21.7 21.8 21.8 21.8 21.9 21.9 21.9 22 22 22 21.8 21.6 21.5 21.4 21.4 21.4 21.3 21.2 21.2 21.1 21.1 21.1 21 21 20.5 20.4 20.6 20.9 21.1 21.1 21.1 21.1 21.2 21.3 21.3 21.4 21.6 21.6 21.6 21.6 21.6 21.6 21.5 21.5 21.5 21.6 21.6 21.5 21.5 21.3 21.2 21.9 21.6 21.5 21.2 21 21 21 20.8 20.7 20.6 20.4 20.2 20 20.1 20.1
22.4 22.4 22.3 22.3 22.5 22.5 22.3 22.2 22 21.8 21.7 21.7 21.7 21.9 21.8 21.8 21.6 21.3 21.1 21.4 21.8 21.8 21.9 21.9 21.9 22 22 22 21.9 21.9 21.8 21.6 21.5 21.5 21.4 21.4 21.3 21.3 21.2 21.1 21.1 21.1 21 20.9 20.6 20.5 20.8 21 21.1 21.1 21.1 21.1 21.1 21.1 21.2 21.3 21.5 21.6 21.6 21.6 21.5 21.5 21.5 21.6 21.7 21.7 21.6 21.4 21.3 21.1 21 21.4 21.4 21.3 21.2 21.1 20.9 20.8 20.7 20.5 20.4 20.3 20.2 20.1 20.1 20.1
22.6 22.6 22.6 22.5 22.5 22.3 22.2 22 21.8 21.7 21.6 21.7 21.7 21.8 21.8 21.7 21.7 21.5 21.3 21.5 21.8 21.9 21.9 21.9 21.9 21.9 21.9 21.9 21.8 21.9 21.8 21.6 21.6 21.5 21.4 21.4 21.3 21.3 21.2 21.2 21.1 21.1 20.9 20.8 20.6 20.5 20.9 21 21 21 21 21 21 21 21.1 21.2 21.4 21.6 21.5 21.5 21.5 21.6 21.6 21.6 21.5 21.5 21.5 21.3 21.1 20.9 20.8 21.1 21.3 21.2 21.1 20.9 20.7 20.6 20.5 20.4 20.3 20.2 20.1 20 20.1 20.1
22.4 22.4 22.3 22.3 22.4 22.2 22 21.8 21.7 21.6 21.6 21.7 21.7 21.8 21.7 21.7 21.6 21.6 21.7 22 22.3 22 21.9 21.9 21.9 21.9 21.8 21.8 21.8 21.8 21.7 21.7 21.6 21.5 21.4 21.4 21.3 21.3 21.2 21.2 21.1 21 20.8 20.6 20.4 20.7 20.9 20.9 20.9 20.9 20.9 20.9 21 21 21 21.2 21.4 21.5 21.5 21.5 21.6 21.5 21.5 21.4 21.4 21.4 21.4 21.2 21 20.7 20.6 20.9 21.3 21.1 20.9 20.7 20.6 20.5 20.4 20.3 20.2 20.1 20 19.9 20.1 20.1
22 22.1 22.1 22.1 22.3 22.1 21.9 21.7 21.6 21.6 21.6 21.7 21.7 21.7 21.7 21.6 21.6 21.6 21.7 22.1 22.3 22.2 22.1 21.8 21.8 21.8 21.8 21.6 21.9 21.8 21.8 21.8 21.7 21.6 21.6 21.5 21.4 21.3 21.3 21.2 21 20.8 20.6 20.4 20.6 21.1 20.9 20.8 20.9 20.9 20.9 20.9 20.9 20.9 21 21.2 21.3 21.5 21.5 21.4 21.4 21.3 21.3 21.3 21.3 21.3 21.3 21.1 20.9 20.6 20.5 20.5 20.7 20.8 20.7 20.7 20.5 20.4 20.3 20.2 20.1 20 19.9 19.8 19.8 20.3
22.3 22.2 21.9 21.8 21.8 21.7 21.6 21.5 21.6 21.6 21.6 21.7 21.7 21.7 21.7 21.7 21.8 21.8 21.8 22.1 22.3 22.2 22.1 22 21.9 21.7 21.6 21.5 21.9 22 22 21.9 21.8 21.7 21.7 21.6 21.5 21.4 21.3 21.1 20.7 20.5 20.3 20.6 21.1 21.1 20.9 20.7 20.8 20.8 20.8 20.8 20.8 20.9 21 21.1 21.1 21.2 21.3 21.2 21.2 21.1 21.1 21.1 21.1 21.1 21.1 21 20.8 20.6 20.5 20.5 20.7 20.7 20.8 20.8 20.5 20.3 20.2 20.1 20 19.9 19.8 19.7 19.7 20.3
22 21.8 21.9 21.8 21.7 21.6 21.6 21.5 21.5 21.6 21.6 21.6 21.7 21.8 21.8 21.9 21.9 22 22 22.1 22.2 22.1 22 21.9 21.7 21.5 21.4 21.2 21.6 21.9 22 21.9 21.9 21.8 21.8 21.6 21.5 21.3 21.2 20.9 20.5 20.3 20.9 21.7 21.3 21.1 20.9 20.7 20.6 20.7 20.7 20.7 20.7 20.9 20.7 20.7 20.7 20.9 21.1 21.1 21 21 21 21 21 21 20.9 20.9 20.8 20.7 20.5 20.5 20.6 20.7 21 20.7 20.4 20.3 20.2 20.1 19.9 19.8 19.7 19.6 19.6 20.1
21.6 21.7 21.8 21.7 21.7 21.6 21.6 21.5 21.5 21.5 21.5 21.6 21.7 21.8 21.9 22 22 22.1 22.1 22.2 22.2 22.1 21.9 21.7 21.6 21.4 21.4 21.3 21.6 22 21.9 21.9 21.9 21.8 21.7 21.5 21.4 21.2 21.1 20.7 20.2 20.8 21.4 21.8 21.4 20.8 20.9 20.7 20.5 20.6 20.6 20.5 20.4 20.4 20.9 20.3 20.4 20.5 20.8 20.9 20.9 20.8 20.8 20.7 20.6 20.6 20.5 20.6 20.6 20.7 20.5 20.5 20.6 20.7 20.8 20.7 20.4 20.2 20.1 20 19.9 19.7 19.6 19.6 19.6 20.2
21.6 21.7 21.8 21.7 21.6 21.6 21.6 21.5 21.5 21.5 21.5 21.6 21.7 21.8 22 22 22.1 22.2 22.2 22.2 22.1 22 21.8 21.7 21.5 21.3 21.5 21.6 21.6 22 21.9 21.9 21.8 21.7 21.6 21.4 21.3 21.1 21 20.8 20.1 20.7 21 21.6 21.5 20.9 20.3 20.4 20.5 20.5 20.3 20.1 20.1 20.2 20.1 18.9 19.8 20.2 20.5 20.8 20.8 20.7 20.6 20.6 20.5 20.2 20.2 20.3 20.3 20.3 20.4 20.4 20.4 20.4 20.5 20.6 20.5 20.2 20 19.9 19.8 19.6 19.6 19.6 19.6 19.8
21.6 21.7 21.7 21.7 21.6 21.6 21.5 21.5 21.5 21.4 21.5 21.6 21.7 21.9 22 22.1 22.2 22.1 22 21.9 21.9 21.8 21.7 21.6 21.5 21.4 21.5 21.6 21.7 21.9 21.9 21.8 21.8 21.7 21.5 21.4 21.2 21.1 21 20.9 20.2 20.3 20.6 21 20.6 20.3 20.5 19.8 19.5 19.6 19.8 20.5 20.7 20.9 20.8 20.6 20.2 19.8 20.4 20.6 20.8 20.8 20.5 20.1 19.8 19.8 19.9 19.9 20 20.1 20.4 20.2 20.1 20.1 20.1 20.3 20.5 20.4 20.1 19.9 19.7 19.6 19.6 19.6 19.6 19.7
21.7 21.7 21.7 21.7 21.6 21.6 21.5 21.5 21.4 21.4 21.5 21.6 21.8 21.9 22 22.1 22.1 22 22 21.9 21.8 21.7 21.6 21.5 21.4 21.4 21.5 21.7 21.7 21.9 21.8 21.8 21.7 21.6 21.4 21.3 21.2 21.1 21 20.9 20.5 20.1 20.2 20.2 20.5 20.6 20.4 20.3 20.5 20.4 20 20.7 20.8 20.9 20.9 20.7 20.3 20 20.2 20.4 20.5 20.3 19.7 19.5 18.9 19.5 19.6 19.7 20.1 20.4 20.2 20.1 19.9 19.9 19.9 20 20.2 20.4 20.2 20.1 19.8 19.5 19.5 19.5 19.5 19.6
21.7 21.7 21.6 21.5 21.4 21.4 21.3 21.3 21.4 21.4 21.5 21.6 21.7 21.9 22 22 22 22 22 21.9 21.8 21.7 21.6 21.5 21.3 21.4 21.6 21.7 21.8 21.9 21.8 21.8 21.6 21.5 21.4 21.3 21.2 21.1 21 20.9 20.9 21.1 21.2 21.4 21.5 21.5 21.4 21.3 21.1 20.7 20.3 20.8 20.9 21 20.9 20.7 20.6 20.2 20.2 20 20 19.8 19.8 20.3 20.4 20.3 19.1 19.9 20.4 20.1 19.9 19.8 19.8 21.9 19.4 19.2 23.4 20.1 20.5 20.2 19.7 19.3 19.3 19.3 19.4 19.5
21.5 21.5 21.4 21.3 21.2 21.3 21.3 21.4 21.5 21.4 21.4 21.6 21.7 21.9 21.8 21.8 21.8 21.9 22 21.9 21.8 21.7 21.5 21.4 21.3 21.4 21.6 21.7 21.8 21.8 21.7 21.7 21.6 21.5 21.4 21.3 21.2 21.1 21 20.9 21 21 21.2 21.3 21.5 21.5 21.4 21.3 21.2 20.9 20.5 20.9 21.1 21.1 21 20.8 20.6 20.4 20.1 19.8 19.9 20.3 20.6 20.6 20.6 20.7 20 19.5 20 20 19.9 20 20.4 22.5 19.2 19.2 18.8 20.1 20.4 20.3 19.7 19.2 19.1 19.2 19.3 19.4
21.5 21.3 21.2 21.2 21.2 21.3 21.4 21.5 21.5 21.4 21.4 21.6 21.7 21.7 21.7 21.7 21.7 21.7 21.8 21.7 21.7 21.6 21.5 21.3 21.3 21.4 21.5 21.7 21.7 21.6 21.5 21.5 21.5 21.4 21.4 21.3 21.2 21.1 21 21 21 21 21.1 21.3 21.4 21.5 21.4 21.3 21.2 21.1 20.8 21.1 21.1 21.2 21 20.8 20.6 20.6 20.6 20.6 20.6 20.6 20.6 20.6 20.6 20.5 20.5 19.7 19.8 19.9 19.8 20 20.2 20.9 22.4 19.2 20.5 20.5 20.2 20.2 19.9 19.2 19.2 19.1 19.2 19.3
21.7 21.4 21.2 21.2 21.3 21.4 21.5 21.5 21.4 21.3 21.4 21.6 21.6 21.6 21.6 21.5 21.5 21.5 21.6 21.5 21.5 21.4 21.4 21.3 21.3 21.4 21.5 21.5 21.5 21.4 21.4 21.4 21.4 21.3 21.3 21.2 21.1 21.1 21 21 21 21 21.1 21.3 21.3 21.4 21.4 21.3 21.2 21.1 21.1 21.1 21.2 21.2 21 20.9 20.9 20.9 20.7 20.6 20.6 20.6 20.6 20.5 20.5 20.6 20.6 20.7 20.8 20.6 20.5 20.4 20.3 20.7 21.9 19.7 19.6 22.3 19.9 19.8 19.8 19.4 19.6 19.3 19.1 19.2
21.7 21.5 21.3 21.3 21.4 21.5 21.5 21.5 21.4 21.3 21.4 21.5 21.4 21.4 21.4 21.4 21.4 21.3 21.4 21.3 21.3 21.3 21.2 21.2 21.2 21.3 21.4 21.4 21.3 21.2 21.2 21.2 21.3 21.2 21.1 21.1 21 21 20.9 21 21 21 21.1 21.2 21.3 21.3 21.3 21.3 21.2 21.1 21.1 21.2 21.3 21.3 21.2 21.1 20.9 20.8 20.7 20.6 20.6 20.6 20.5 20.5 20.6 20.6 20.7 20.8 20.8 20.7 20.6 20.5 20.4 20.4 20.8 21.1 20.9 20.5 20.4 19.7 20.2 20.1 19.8 19.7 19.4 19.2
21.8 21.6 21.3 21.3 21.4 21.5 21.6 21.5 21.4 21.3 21.3 21.3 21.3 21.3 21.3 21.2 21.2 21.2 21.2 21.2 21.1 21.1 21.1 21.2 21.2 21.2 21.2 21.2 21.1 21.1 21.1 21.1 21.1 21.1 21 21 20.9 20.9 20.9 20.9 21 21 21.1 21.1 21.2 21.2 21.3 21.3 21.2 21.2 21.2 21.3 21.4 21.3 21.1 21 20.9 20.8 20.6 20.6 20.6 20.5 20.5 20.6 20.6 20.7 20.7 20.8 20.8 20.8 20.7 20.6 20.5 20.4 20.7 20.9 20.8 20.7 20.6 20.5 20.5 19.1 20.7 20.9 20.2 19.9
21.8 21.6 21.4 21.3 21.4 21.5 21.6 21.4 21.3 21.3 21.2 21.2 21.2 21.2 21.2 21.1 21.1 21.1 21.1 21.1 21.2 21.2 21.2 21.3 21.3 21.3 21.3 21.1 20.9 20.9 20.9 21 21 21 20.9 20.8 20.9 20.9 20.8 20.9 20.9 21 21.1 21.2 21.2 21.3 21.4 21.4 21.3 21.2 21.3 21.3 21.3 21.2 21.1 20.9 20.8 20.7 20.6 20.5 20.5 20.5 20.6 20.6 20.7 20.7 20.8 20.8 20.8 20.8 20.8 20.7 20.6 20.5 20.6 20.8 20.8 20.7 20.6 20.4 20.3 20.3 20.5 20.7 20.8 20.3
21.8 21.7 21.5 21.3 21.4 21.5 21.4 21.3 21.3 21.3 21.3 21.3 21.3 21.2 21.2 21.2 21.2 21.2 21.2 21.2 21.2 21.3 21.3 21.4 21.4 21.4 21.3 21 20.9 20.9 20.8 20.8 20.8 20.8 20.8 20.8 20.9 20.7 20.8 20.8 20.9 21 21.1 21.2 21.3 21.4 21.4 21.5 21.3 21.2 21.3 21.3 21.3 21.2 21.1 20.9 20.8 20.6 20.5 20.5 20.5 20.6 20.6 20.7 20.7 20.8 20.8 20.8 20.8 20.8 20.8 20.7 20.7 20.6 20.5 20.8 20.8 20.7 20.6 20.4 20.3 20.1 20.3 20.5 20.6 20.7
21.8 21.7 21.5 21.4 21.5 21.4 21.3 21.3 21.3 21.3 21.4 21.3 21.3 21.3 21.3 21.3 21.3 21.3 21.3 21.3 21.3 21.3 21.4 21.5 21.5 21.5 21.2 21.1 21 20.9 20.9 20.8 20.8 20.7 20.8 20.9 20.8 20.7 20.7 20.8 20.9 21 21.1 21.2 21.3 21.4 21.5 21.6 21.3 21.3 21.3 21.2 21.3 21.2 21.1 20.9 20.7 20.6 20.5 20.5 20.6 20.6 20.7 20.7 20.8 20.9 20.8 20.8 20.8 20.8 20.8 20.8 20.7 20.7 20.6 20.7 20.7 20.7 20.6 20.4 20.2 20.1 20.3 20.4 20.5 20.6
21.8 21.7 21.6 21.4 21.4 21.3 21.3 21.3 21.4 21.4 21.4 21.4 21.4 21.4 21.4 21.4 21.4 21.3 21.3 21.4 21.4 21.4 21.5 21.5 21.6 21.4 21.3 21.2 21 20.9 20.9 20.8 20.8 20.7 20.8 20.9 20.6 20.6 20.7 20.8 21 21.1 21.2 21.3 21.3 21.4 21.5 21.6 21.5 21.2 21.2 21.2 21.3 21.2 21.1 20.9 20.7 20.5 20.5 20.6 20.6 20.7 20.7 20.8 20.9 20.9 20.9 20.8 20.8 20.8 20.8 20.8 20.7 20.7 20.7 20.6 20.7 20.7 20.6 20.4 20.1 20.1 20.2 20.2 20.2 20.2
21.8 21.7 21.5 21.4 21.4 21.3 21.3 21.3 21.4 21.4 21.5 21.5 21.5 21.5 21.4 21.4 21.4 21.4 21.4 21.4 21.5 21.5 21.5 21.6 21.6 21.5 21.3 21.2 21.1 21 20.9 20.9 20.8 20.8 20.9 20.9 20.6 20.6 20.8 20.9 21 21.1 21.2 21.3 21.4 21.4 21.5 21.5 21.4 21.3 21.2 21.1 21.3 21.2 21.1 20.9 20.7 20.5 20.6 20.6 20.7 20.7 20.8 20.8 20.9 20.9 20.9 20.8 20.8 20.8 20.8 20.8 20.8 20.7 20.7 20.7 20.7 20.7 20.8 20.4 20.1 19.9 20 20 20 19.8
21.8 21.6 21.6 21.5 21.4 21.3 21.2 21.3 21.3 21.4 21.4 21.5 21.5 21.5 21.5 21.5 21.5 21.5 21.5 21.5 21.5 21.5 21.6 21.7 21.7 21.5 21.4 21.3 21.1 21 21 20.9 20.7 20.8 20.9 20.9 20.7 20.6 20.7 20.9 21 21.1 21.2 21.3 21.4 21.4 21.5 21.4 21.4 21.3 21.2 21.1 21.3 21.2 21.1 21 20.8 20.7 20.6 20.7 20.7 20.8 20.8 20.9 20.9 20.9 20.9 20.9 20.8 20.8 20.8 20.8 20.8 20.7 20.7 20.7 20.7 20.8 20.9 20.5 20.2 19.8 19.8 19.8 19.7 19.3
21.7 21.7 21.6 21.5 21.4 21.3 21.2 21.2 21.2 21.3 21.4 21.5 21.4 21.5 21.5 21.5 21.6 21.6 21.6 21.6 21.6 21.6 21.6 21.7 21.7 21.6 21.4 21.3 21.2 21 21 20.9 20.8 20.8 20.8 20.8 20.8 20.7 20.7 20.8 21 21.2 21.2 21.3 21.3 21.4 21.5 21.4 21.3 21.2 21.1 21.1 21.2 21.3 21.2 21.1 21 20.8 20.7 20.7 20.8 20.8 20.9 20.9 20.9 20.9 20.9 20.9 20.8 20.8 20.8 20.8 20.8 20.7 20.7 20.7 20.5 20.5 20.4 20.3 20.2 19.9 19.6 19.7 19.2 18.7
21.8 21.7 21.6 21.5 21.4 21.3 21.2 21.1 21.2 21.2 21.3 21.4 21.4 21.4 21.5 21.5 21.5 21.5 21.6 21.6 21.6 21.6 21.6 21.6 21.7 21.6 21.5 21.4 21.2 21.1 21 20.8 20.8 20.8 20.8 20.8 20.8 20.7 20.8 21 21.2 21.2 21.2 21.3 21.3 21.4 21.4 21.3 21.3 21.2 21.1 21.1 21.2 21.2 21.2 21.1 21 21 20.8 20.8 20.9 20.9 21 21 20.9 20.9 20.9 20.9 20.8 20.8 20.8 20.8 20.7 20.7 20.7 20.5 20.3 20.2 20.1 19.9 19.8 19.7 19.6 18.8 18.4 18.7
21.5 21.7 21.6 21.5 21.4 21.3 21.2 21.1 21.1 21.2 21.3 21.4 21.4 21.4 21.4 21.4 21.5 21.5 21.6 21.6 21.6 21.6 21.6 21.6 21.6 21.5 21.4 21.3 21.2 21.1 21 20.8 20.8 20.8 20.8 20.8 20.8 20.8 20.8 21.1 21.3 21.3 21.2 21.3 21.3 21.4 21.4 21.3 21.2 21.1 21.1 21 21.2 21.2 21.1 21 21 20.9 20.8 20.9 20.9 21 21 20.9 20.9 20.9 20.9 20.8 20.8 20.8 20.8 20.7 20.7 20.7 20.5 20.3 20.3 20.3 20.2 20.1 20 19.9 19.8 18.9 18.7 18.7
21 21 21.1 21.2 21.3 21.3 21.2 21.1 21 21.1 21.3 21.4 21.4 21.4 21.4 21.4 21.5 21.5 21.6 21.6 21.6 21.6 21.6 21.6 21.6 21.5 21.4 21.3 21.2 21.1 20.9 20.8 20.8 20.8 20.8 20.8 20.8 20.8 20.9 21.3 21.4 21.3 21.3 21.2 21.3 21.4 21.3 21.2 21.2 21.1 21.1 21 21.2 21.1 21 21 20.9 20.9 20.9 20.9 21 21 21 20.9 20.9 20.9 20.8 20.8 20.8 20.8 20.7 20.7 20.7 20.5 20.4 20.4 20.4 20.3 20.3 20.3 20.2 20.1 19.9 19.3 19.4 19.6
21.1 20.9 20.9 21 21 21 21 21 21 21.1 21.2 21.4 21.4 21.4 21.4 21.4 21.5 21.5 21.6 21.6 21.6 21.6 21.6 21.6 21.6 21.5 21.4 21.3 21.2 21 20.8 20.9 20.9 20.9 20.8 20.8 20.8 21.2 21.5 21.5 21.4 21.4 21.3 21.3 21.3 21.3 21.3 21.2 21.1 21.1 21 21 21.1 21 21 20.9 20.9 20.9 20.9 21 21 21.1 21 20.9 20.9 20.8 20.8 20.8 20.8 20.7 20.7 20.7 20.5 20.5 20.5 20.5 20.4 20.4 20.4 20.3 20.3 20.3 20 19.4 19.5 19.8
21.6 21.2 20.9 20.9 20.9 20.9 20.9 20.9 21 21.1 21.2 21.4 21.3 21.3 21.4 21.4 21.5 21.5 21.6 21.6 21.7 21.6 21.6 21.6 21.6 21.5 21.4 21.2 21.1 21 20.8 20.9 20.9 20.9 20.9 21.2 21.6 21.9 22 21.9 21.7 21.4 21.4 21.3 21.3 21.3 21.2 21.2 21.1 21.1 21 21 21.1 21 20.9 20.9 20.9 20.9 21 21 21.1 21.1 21 20.9 20.8 20.8 20.8 20.8 20.7 20.7 20.7 20.6 20.6 20.6 20.6 20.5 20.5 20.4 20.4 20.4 20.4 20.3 20.1 19.5 19.2 19.4
21.6 21.5 21.3 20.9 20.9 20.9 20.9 20.9 21 21.1 21.2 21.3 21.3 21.3 21.4 21.4 21.5 21.5 21.6 21.6 21.7 21.7 21.6 21.6 21.5 21.4 21.3 21.2 21 20.9 20.9 20.9 21 21.2 21.4 21.7 22 22.2 22.2 22 21.5 21.2 21.2 21.2 21.2 21.3 21.2 21.2 21.1 21 21 21 21 20.9 20.9 20.9 20.9 21 21 21.1 21.1 21.1 21 20.9 20.8 20.8 20.8 20.7 20.7 20.7 20.7 20.7 20.7 20.6 20.6 20.6 20.5 20.5 20.5 20.4 20.4 20.4 20.1 19.7 19.5 19.1
21.4 21.3 21.2 21.1 20.9 20.9 20.9 20.9 21 21.1 21.2 21.3 21.3 21.4 21.4 21.4 21.5 21.5 21.6 21.6 21.7 21.7 21.7 21.6 21.4 21.3 21.2 21.1 21 20.8 21 21.3 21.7 21.8 21.9 22 22.1 22.3 22 21.6 21.1 21.1 21.1 21.1 21.2 21.2 21.2 21.1 21.1 21 21 21 20.9 20.9 20.9 20.9 21 21.1 21.1 21.2 21.2 21.1 21 21 20.9 20.8 20.8 20.8 20.8 20.7 20.7 20.7 20.7 20.7 20.7 20.6 20.6 20.5 20.5 20.5 20.5 20.4 20.1 20 19.5 18.9
20.9 20.8 20.8 20.8 20.8 20.9 20.9 20.9 21 21.1 21.2 21.3 21.3 21.4 21.4 21.5 21.5 21.5 21.6 21.6 21.7 21.7 21.7 21.4 21.3 21.2 21.1 21 21.1 21.2 21.3 21.6 22 21.9 21.8 21.8 21.9 21.9 21.5 21.1 20.9 20.9 21 21 21.2 21.2 21.2 21.1 21.1 21 21 20.9 20.9 20.9 21 21 21.1 21.1 21.1 21.1 21.2 21.1 21 21 20.9 20.9 20.8 20.8 20.8 20.8 20.8 20.8 20.8 20.8 20.7 20.7 20.6 20.6 20.6 20.5 20.5 20.4 20.5 20.4 19.9 19.1
20.6 20.6 20.7 20.7 20.8 20.8 20.9 20.9 21 21.2 21.2 21.3 21.3 21.4 21.4 21.5 21.5 21.6 21.6 21.7 21.7 21.7 21.5 21.3 21.2 21.1 21 21.5 21.6 21.6 21.7 21.7 22.1 21.9 21.7 21.4 21.3 21.3 20.9 20.9 20.8 20.9 20.9 20.9 21.2 21.2 21.2 21.1 21 21 20.9 20.9 20.9 20.9 21 21 21 21 21.1 21.1 21.2 21.1 21 21 20.9 20.9 20.8 20.8 20.8 20.8 20.8 20.8 20.7 20.7 20.7 20.7 20.7 20.7 20.6 20.4 20.4 20.6 20.7 20.6 19.4 18.7
20.7 20.6 20.6 20.7 20.7 20.8 20.8 20.9 21.1 21.2 21.2 21.2 21.3 21.3 21.4 21.4 21.5 21.5 21.6 21.6 21.7 21.6 21.4 21.2 21 20.9 20.8 21.5 21.8 21.9 22 22.1 22.1 21.9 21.6 21.4 21.1 20.9 20.8 20.8 20.8 20.8 20.8 20.9 21.1 21.2 21.1 21.1 21 21 20.9 20.9 20.9 20.9 20.9 21 21 21 21 21.1 21.2 21.1 21 21 20.9 20.9 20.8 20.9 20.8 20.8 20.7 20.7 20.7 20.7 20.7 20.7 20.7 20.7 20.5 20.3 20.5 20.7 20.8 20 19 18.4
20.8 20.5 20.6 20.6 20.7 20.8 20.9 21 21.1 21.2 21.2 21.2 21.2 21.3 21.3 21.4 21.4 21.5 21.5 21.6 21.6 21.5 21.3 21.1 21 20.9 20.8 21.5 21.6 21.8 21.9 21.9 22 21.8 21.6 21.2 21 20.8 20.8 20.8 20.8 20.7 20.7 20.9 21.1 21.2 21.1 21.1 21 21 20.9 20.9 20.8 20.9 20.9 20.9 20.9 21 21 21.1 21.2 21.2 21 21 20.9 20.8 20.8 20.9 20.9 20.7 20.7 20.7 20.7 20.7 20.7 20.7 20.7 20.7 20.7 20.3 20.1 20.8 20.5 19.3 18.5 18.2
20.2 20.5 20.5 20.6 20.7 20.8 20.9 21 21.1 21.2 21.2 21.2 21.2 21.2 21.3 21.3 21.4 21.4 21.5 21.5 21.4 21.3 21.1 21.1 21 21 21 21.3 21.4 21.6 21.7 21.8 21.9 21.8 21.4 20.9 20.8 20.8 20.8 20.8 20.7 20.7 20.8 21 21.2 21.2 21.1 21.1 21 21 20.9 20.9 20.8 20.8 20.8 20.9 20.9 20.9 21 21.1 21.2 21.2 21.1 21 20.9 20.8 20.8 20.8 20.9 20.9 20.7 20.7 20.7 20.7 20.7 20.7 20.7 20.7 20.8 20.6 20.1 19.9 19.7 18.7 18.4 18.2
20.1 20.6 20.6 20.7 20.7 20.8 20.9 21 21.1 21.1 21.2 21.2 21.2 21.2 21.2 21.3 21.3 21.4 21.4 21.3 21.3 21.1 21.2 21.1 21 21 21 21.1 21.2 21.3 21.4 21.5 21.5 21.3 21 20.8 20.8 20.8 20.8 20.8 20.8 20.8 20.8 21.1 21.2 21.2 21.1 21.1 21.1 21 20.9 20.9 20.8 20.8 20.8 20.8 20.9 20.9 21 21.1 21.2 21.2 21.1 21 20.9 20.8 20.8 20.8 20.9 20.9 20.9 20.7 20.6 20.6 20.7 20.7 20.7 20.7 20.9 20.8 20.4 19.2 18.6 18.7 18.4 18.2
