Game/Highland_Data/StreamingAssets/GeoData/Data/se/SE89.asc
ncols 200
nrows 200
xllcorner 480000
yllcorner 490000
cellsize 50
[rows 0 to 34 of 200, columns 0 to 77 of 200]
235.2 238.6 241.5 241.8 242.1 241.7 241.1 240.4 238.5 233.7 227 222.8 217 208.1 203.4 199.7 195.5 189.6 180.8 170.7 163.5 159.4 153.7 143.4 130.3 123.4 125.1 125 125.7 135 142.4 151.3 158.4 167.1 174.2 179.8 185 189.6 194.3 196.8 199.8 211.3 215.2 216.6 217.6 219.2 219.9 219.2 217 216.1 216.3 213.5 210.4 207.4 202.5 197.6 196.1 196.1 195.8 198.4 197.7 196.5 194.7 193.7 192.4 192.7 192.1 192.3 192.4 192.5 191.4 189.8 189 187.5 186.3 184.5 183 181
231 234 238.3 241.2 241.1 240.8 240.4 239.9 238.6 233.3 227 222.8 216 207.5 203.5 200.3 196.4 189.5 179.1 168.1 161.3 155.5 145.4 133.7 126 123.5 125.4 126.5 129.1 139.8 147.9 154.8 161.2 169.3 176 182.5 187.9 192.2 196.7 199.5 209.6 215.3 217 219.2 221 221.9 222.6 222.4 224.7 223 220.1 218.3 214.9 212.4 209.1 205.3 199 195.8 195.6 195.4 197.7 199.2 197 195.5 194.4 193.9 193.6 193.9 193.6 193.2 191.8 190.7 189.5 188.4 187.2 186.3 185.3 183.7
227.4 230.3 233.5 238.3 239.4 239.5 239.2 238.4 237.6 231.7 226.6 222.1 216.5 206.9 203.7 201 197.5 188.9 176.5 166.4 159.4 151.8 138.7 130.2 125.3 123.7 125.9 128.9 139.3 146.2 151.1 157.7 164.3 171.2 177.9 184.2 189.4 196.1 199.6 205 213.8 217.2 219.9 221.6 222.9 224.5 226.3 229.5 230.9 230.1 226.5 222.9 219.2 216.8 213.9 210.6 207.7 205.5 198.5 195.6 194.9 193.5 192.8 192.3 191.7 191.6 191.8 194.4 194.7 192.5 191 189.2 188.1 187 186.7 186.7 186.1 185.3
222.4 226.8 229.5 232.5 235.9 238.2 238 237.2 234.9 229.2 225.2 221.1 215.4 206.9 202.5 201 196.6 188.2 175.5 164.9 156.7 149 140.8 130.5 125.5 127.3 132.5 141.6 144.9 151 155.4 161.6 167.8 174.2 180 186.4 191.7 198.2 204.3 212.5 216.8 218.8 221.5 223 224.8 226.8 230.4 233.2 235.5 235.4 232.1 227.9 223.7 221 218.4 215.7 213.6 211.3 205.3 201 197 194.8 194.4 193.8 192.1 191.4 191 190.9 190.7 190.3 188.5 186.7 186.3 185.8 185.1 184.6 185.4 185.9
218.3 222.7 225.6 227.9 230 233 236.2 235.4 232.1 227.1 223.8 219.4 213.8 207.1 202.2 201.6 194.5 185.7 174.6 163.4 154.6 147.1 140.3 131.7 127.6 127.5 138.2 144.8 150.6 154.3 160 165.6 171.8 177.6 183.1 189.6 196.2 202 210.7 216.5 218 219.9 222.6 224.2 226.4 229.6 232.9 236.5 238.7 239.6 237.4 234.5 229.7 226.7 222.8 219.9 217.9 215.1 210.5 210.2 209.2 207.8 206.2 205.3 202 192.8 190.6 190.3 189 188.1 187.5 187.8 187.2 185.9 184.8 183.7 183.1 183.6
213.7 218.4 221.5 224.3 226.6 228.8 232.2 232.3 228.4 225.1 221.9 217.6 212.1 206.1 202.1 202.4 194.5 184.3 175.4 163.1 153.1 146.6 142 136.5 129.2 130.8 135.1 148.3 153.5 158.6 164.2 169.8 174.7 180.7 186.7 192.9 199.7 207 215.1 217.9 219.4 220.9 223.7 225.5 228 230.8 234.2 238.2 241.2 242.2 241.6 239.2 235.8 232.6 228.4 224.6 221.5 218.9 217 215.7 214.5 213 211.6 210.4 207.5 197.2 192.2 190.8 189.9 193.9 194.9 200.4 195.8 189.2 186.4 186.1 185 180.7
208 214.1 218 220.7 223.7 225.3 226.7 226.8 225 222.4 219.5 216.2 210.7 204.7 201.5 201.8 195.3 184.3 172.8 163.2 155.2 148.9 143.9 141.2 137.7 138.6 131.1 148.1 155.3 161.4 167.5 173.5 179 184 190.1 195.3 202.6 210.8 217.2 219.1 220.6 222.4 224.5 226.7 229.2 231.8 235.4 239.1 242.3 244.7 244.6 242.6 239.4 236 232.3 228.5 225.3 223.2 221.8 220.5 219.2 217.5 216.3 215.1 216 210.6 200 203.6 204.4 202.8 201.1 201 194.7 191.5 188 186.3 185.1 181.5
201.7 208.5 213.8 217.3 220.2 222 222.9 222.6 221.3 219.6 217.7 214.7 209.2 203 200.5 200.4 195.1 183.3 172.2 163.1 157.3 151.6 146.9 143.6 140.7 138.4 133.3 147.8 155.4 163.5 170.1 177 182.9 187.5 193.1 198.9 206.8 216.5 218.9 220.3 222 223.9 225.6 227.7 230.4 233.1 236.1 239.9 243.6 246.3 246.6 245.5 242.2 239.2 235.7 232.8 230 228 226.5 225.1 224.1 222.5 221.9 222.2 218.7 216.6 216.6 214.7 210.2 206.5 206.2 205.3 203.4 199.3 196.3 190 188.6 191.6
196.9 204.3 208.9 213.1 216.6 218.7 219.2 218.7 217.8 216.8 215.4 212.3 207 202.3 199.6 199.3 193.7 181.9 171.8 163.1 157.7 154.3 148 140.6 136.7 133.6 137.5 148.1 155.6 164.1 172.1 179.3 185.6 190.5 196.2 202.5 211.3 218.2 219.7 221.2 222.8 224.4 226.1 228.8 231.5 234.2 237.2 240.6 244.5 247.4 248.5 248.2 245.4 242.7 240.4 237.5 234.7 232.6 231.6 230.3 229.3 228.2 227.1 226.6 225.9 225.5 223.4 219.7 215.8 210.6 208.2 206 203.6 201.3 199.6 196.2 195.2 195.3
191.1 199.1 204.1 208.2 211.4 214.7 215.8 215.3 214.5 213.4 211.8 209.1 203.8 200.2 198.6 196.5 190.7 182.5 173 164.2 159.1 153.5 147.8 142.2 135 131.8 139.9 147.7 155.5 164.2 173.5 180.9 187.1 193.1 198.8 206.7 217.1 219.5 220.5 221.3 223.1 224.7 227.2 229.8 232.5 235.5 239 241.9 245.1 247.8 248.8 249.3 248.4 246.5 244.6 241.4 238.8 237.3 236.3 235.2 234.2 232.5 231.6 230.9 230 228.1 224.8 221 215.5 213.8 212 208.3 204.8 202 199.9 197.9 195.8 194.8
185.4 193.2 198.1 202.3 206 208.4 210.4 210.4 209.8 208.6 206.8 203.2 200.3 198.4 197 193.8 188 179.6 169 162.5 160.3 158.1 153.8 144.7 137 133.6 140.7 148.1 156 164.8 174.6 182.6 188.9 195.3 201.3 210.3 219.6 221.3 222.3 223.4 223.4 225.4 228.1 230.8 233.5 236.3 239.5 242.3 245.7 248.1 249.6 250 249.9 248.7 247.2 245 243.2 241.7 240.3 239.2 237.5 235.6 234.1 233 231 228.3 224.9 220.9 218.1 216 213.2 209.7 206.9 203.5 200.8 199 196.9 193.7
178.2 186.8 191.5 195 198.4 201.2 202.2 202.5 202.3 200.6 198.8 197.5 195.9 195.3 193.6 191 186.9 178.5 168 166.2 163.6 160.1 155.1 146.1 135.6 134 140.4 147.9 156.2 166.1 175.7 184 190.7 196.9 205 218.6 221 222.1 222.9 224.1 224.6 226.6 228.7 231.7 233.9 236.7 239.6 242.3 245.2 248.4 249.7 250.3 250.8 249.7 248.4 247.6 246.5 245.2 243.8 242.2 239.9 238.1 235.9 234.1 231.8 228.7 225.5 222.3 219 216.3 213.3 209.7 206.9 203.4 200 198.1 196.3 193.7
172.5 179.3 183.7 186.7 189.9 192 193.8 193.7 192.2 191.2 191.4 190.6 190.2 191.2 188.9 187.3 184.9 179.9 173 168.8 165.2 161.3 152.3 142.8 134.8 134.1 140.8 149.3 158 167.8 177.4 185.3 191.9 198.9 208 220.6 221.3 222.1 223.1 224.4 225.9 227.2 228.5 230.7 233.3 235.7 238.7 241.8 244.2 246.8 248.5 249.9 250.3 249.5 248.8 248.5 247.8 247 245.6 244.2 242.2 239.9 237.3 234.8 231.7 228.7 225.6 222 218.4 214.9 212.1 209 205.7 202.5 199.4 197 195.3 193.3
165.4 170.4 173.2 175.9 180.1 184 185.7 185 183.7 182.8 183.5 183.7 183.7 184.7 183.5 182.7 182.5 179.5 174 170.1 165.6 160.7 151.6 140.5 134.9 131.8 142.6 151.2 159.6 170.1 179.1 186.5 192.9 200.6 212.4 220.5 221.2 221.9 223.2 224.4 225.7 227.1 228.4 230.4 232.5 235.1 237.9 240.7 243.1 245.4 247.2 248.5 249.2 249 249 248.7 248.9 248.1 247.3 245.7 243.7 241.1 237.8 234.6 231.3 227.6 224.2 221 217.3 214.4 211.3 208.2 204.6 201.5 198.7 196.2 194.3 191.6
158.6 161.6 164 165.4 169.2 173 174.8 175.6 173.9 174 174.7 175.6 175.5 176 175.8 177 177.4 174.8 171.8 168.8 164.1 155.5 145.8 137.4 134.2 135.1 144.7 153.1 161.4 172.7 180.7 187.1 193.7 202.3 214.6 220.4 221 221.5 222.5 223.5 225 226.1 227.5 229.3 231 233.9 236.4 238.8 241.3 243.7 245.4 246.4 247.4 248.3 248.4 248.6 249.1 249.2 248.3 247.2 244.9 241.4 238.2 234.8 231.1 227.2 223.1 220 216.9 213.9 210.9 207.2 203.5 200.5 197.6 194.6 192.5 190.1
153.7 153.2 153.5 154 157.3 159 161.1 162.9 163.6 164.3 164.4 163.9 162.5 162.7 163.7 165.2 166.7 165.6 162.7 160.5 157.4 149.8 140.4 135.7 132.8 137.7 147.9 155.1 165.1 175.5 182.2 188 195 203 214.1 220.1 220.8 221.2 221.4 222.2 223.7 224.8 226.4 228 229.7 232.3 234 236.1 239.3 241.4 243.1 244.3 245.6 246.8 247.4 247.8 248.4 248.4 247.4 246.4 244.4 241.9 238.6 235 231.3 227.3 223 220.3 216.9 213.5 209.9 206.2 202.6 199.7 196.9 193.3 190.7 188.2
151.2 149.4 147.1 149.3 148.5 148.6 150.6 151.4 152.1 153.1 153 151.3 149.3 149.1 148.9 148 149.5 152.3 151.1 149.1 146.3 143 136.5 134.9 135.4 141.2 150 157.7 168.2 177.5 182.7 189 197.2 205.2 213.3 219.6 220.3 220.6 220.7 220.8 221.9 223 224.6 226.5 228.1 229.9 231.5 233.6 237.1 239 240.9 242.2 243.9 245.2 246.5 247 247.7 247.7 247.4 246.3 244.7 242.6 239.3 235.6 231.6 227.3 223 220.4 217.1 213.3 209.8 206.6 203.6 200.4 197.5 194.9 191.8 189.2
159.2 159.7 159.2 157.2 154.2 149.1 145.9 145.3 145.3 144.7 143.5 142.6 139.9 141.3 140.4 141.1 141.6 141.9 142.1 139.7 139.2 137.9 136.6 135.6 135.9 142.7 151 159.4 169.9 178.9 184.4 190.6 198 205 213.1 219.2 219.6 219.9 220 220.1 220.3 221.6 223.1 224.9 226.3 227.7 229.4 231.8 234.9 236.8 238.8 240.9 242.4 243.8 245.2 246.5 247.1 247.5 247.7 246.5 244.9 242.9 239.3 235.9 231.8 228 224.2 220.6 217.6 214 210.7 207.4 204.5 201.9 199.3 196.7 193.8 191.4
167.9 169.7 170.9 171.3 169.8 166.4 155 148.4 144.6 146.7 151.7 152.9 152.1 147.6 142.9 139.7 139.3 139.3 138.8 138.1 137.4 136.8 136.5 134.7 135.8 141.9 150.6 159.6 170.6 178.8 184.5 190.6 196.5 203.2 209.6 216.2 218.4 218.9 218.7 218.6 219.1 220.3 221.6 223.2 224.8 226.4 228.1 230.4 232.7 235.1 237.6 239.4 240.8 242.4 243.9 245.6 246.6 247.1 247.3 246.8 245.3 243.6 240.3 236.9 232.8 229.2 225.5 221.9 218.3 215.1 211.1 208.7 206.3 203.7 200.7 198.2 195.9 193.8
182.4 184 184.5 184.8 184.1 181.1 170.5 167.1 161 160.3 161.3 160.7 158.4 156.4 153.1 150.9 148.5 146.8 146.3 145 145.6 142.8 136.4 135.9 136.2 140.5 149.9 159.4 170.1 178.3 184 189.1 194.4 199.4 205.4 210.4 215.1 216.8 217 216.9 217.8 218.9 220.1 221.6 223.1 225 226.8 229.3 231.9 234.3 236.8 237.8 239.2 240.9 242.5 244.3 246.3 246.9 246.8 247.1 246 244.2 241.5 237.9 234.6 230.4 226.7 223.3 219.4 216.4 213.7 211.8 207.9 204.5 202.3 199.7 197.7 194.8
193 194 195 195.4 193.7 190.7 186.6 181.8 172.2 170.4 169.1 167.6 165.9 163.6 161.7 161.3 161.1 160.9 160 158.2 154.7 148 137.8 137.5 137.1 136.4 148.2 157.9 169.9 177.7 182.7 187.5 191.9 196.3 200.3 204.5 210 213.6 215.2 215.6 216.6 217.6 218.6 220 221.5 223.4 225.9 228.5 230.8 233.3 234.9 236.2 237.7 239.4 241.2 243.4 245.5 246.8 247.1 247.4 246.7 244.8 242.7 239.1 235.4 231.4 228 224.6 221.4 219.1 216.6 213.5 209.6 206.4 203.9 202 199.5 195.9
201.8 202.4 202.3 201.6 199.9 197 193.4 188.3 183.6 178.5 175.6 173.1 171.8 170 168.7 168.1 167.9 167.9 168.4 167.6 162.7 153.5 141.2 137.9 137 136.6 144.3 155.6 167.1 175.2 180.9 185 188.4 192 196 199.6 202.7 206.9 211.8 213.8 214.9 216.1 217.2 218.6 220.3 222.5 224.8 227.1 229.3 231.7 233.2 234.7 236.5 238.2 240.1 242.4 244.7 246.6 247.5 247.8 247.2 245.7 243.5 240.4 237.1 233.9 230 226.5 223.9 221.2 218.7 216.1 213.1 209.7 206.5 203.3 200.3 198.4
209.6 209.1 208.6 207.3 204.7 201.7 198.1 194.1 189.7 185.6 182.2 179.3 177.1 174.9 173.3 172.4 172.6 172.9 173.1 171.9 168 160.5 148.9 138.6 137.1 136.7 139.1 149.5 160.8 170.2 177.2 180.8 184 187.5 191 194.3 197.1 201.3 207.2 211.6 212.7 213.9 215.1 217.2 218.8 221.1 223.4 225.7 227.9 230.1 231.9 233.8 235.7 237.5 239.2 241.5 243.8 246.3 248 248.5 248 246.8 245.1 242.3 239.1 235.8 232.3 229.2 226.7 223.8 220.7 218.2 215.3 211.4 208.1 204.7 201.3 202.9
214.1 214.3 213.5 211.5 208.5 206 202.5 198.7 195.1 191.5 188.2 185 182.9 180.7 178.8 177.8 177.9 177.7 176.7 174.9 171.3 165.9 154.8 143.5 137.5 135.1 138.7 144 152.6 162.9 171.2 175.4 178.7 182.8 186.4 188.9 192.7 197.3 202.8 208.3 210.6 211.7 213.8 215.6 217.3 219.7 222 224.3 226.6 228.8 230.6 232.5 234.8 236.7 238.6 240.6 243.1 245.6 247.8 249 248.6 247.7 246.2 243.7 240.8 237.7 235.1 232.3 229 225.6 222.6 219.8 216.7 213.4 210.2 207.1 203.1 206.1
221.3 219.9 218 215.3 212.1 209.8 206.4 203.4 200.3 196.5 193.8 191.1 189.7 187.3 185.9 184.5 184.1 182 180.3 177.6 173.6 169.7 160.4 147.2 137.6 137.1 138.1 141.7 146.7 154.5 161.5 167.2 170.9 175.3 179.1 183.6 188.6 193.4 198.2 203.5 207.6 209.7 212.2 214 215.8 218 220.7 223.2 225.5 227.9 229.7 231.5 233.7 235.8 237.8 239.8 241.8 244.5 247 248.2 248.8 247.9 246.7 244.3 242.6 240 237.6 234.4 231 227.4 224.5 221.6 218.3 215.1 211.8 208.1 208.8 210.7
223.7 222.4 221 219.2 217.3 214.1 211.1 208 204.9 201.3 200 197.1 196.3 193.9 192.9 191.9 190.1 187.1 184.1 180.3 176 170.8 163.8 149.9 140.3 137.9 138.3 142.2 145.7 148.9 152.3 156.9 160.5 167.9 172.2 178.8 184 188.5 193.3 198.4 202.4 206.2 209.3 212.2 214.1 216.4 219.2 222.1 224.7 227.1 229.1 230.9 232.7 234.9 236.8 238.9 241.2 243.6 245.8 247.7 248.4 248.9 247.8 246 243.8 241.4 238.9 236.4 233.2 229.7 226.4 223.4 220.4 217.4 213.8 211.5 214 215.1
225.4 223.9 222.2 220.5 218.8 217.1 214.9 212.7 210 207.7 205.2 203.3 202.2 201.1 199.6 198.4 195.8 192.2 188.3 184.6 179.3 172.4 164.8 150.9 140.2 138.4 139.3 141.6 144.5 149 158.7 165.6 174.1 179.6 184.7 189.9 192.7 193.2 193.9 196.4 199.9 203.4 206.3 210 213.4 216.5 219.5 222 224.8 226.9 228.7 230.4 232.2 234 235.9 237.9 240.2 242.9 245.4 247.6 250.1 251.1 250.2 248 245.4 243 240.4 237.8 235.2 232.1 228.4 225.9 222.9 219.8 216.3 217.1 218.3 219.3
227 225.3 224 222.3 220.5 218.7 217 215.7 214.2 212.8 211.5 210.2 208.8 207.6 206 204.3 200.6 196.7 192.6 187.5 181.6 173.8 164.5 150.1 138.2 138.8 139.8 143.7 147.1 155.3 164.4 171.5 177.6 184.9 190.6 195.8 199.7 201.8 201.6 201.4 201.1 203.5 206.6 210.4 213.2 216.7 219.3 222 224.4 226.3 228.3 230.3 232 233.7 235.4 237.5 239.6 242.2 244.8 247.7 251.1 253.4 252.4 249.8 247.1 244.5 242 239.3 236.7 234 230.5 228.1 225.6 222.9 218.5 221.9 223.7 224.2
228.9 227.4 225.8 223.9 222 220.3 218.8 217.6 216.3 215 214.4 213.3 212.6 211.7 211 209.5 205.9 201.7 196.2 190.8 183.9 175.5 162.4 147.5 139 139.9 142.4 145.2 149.8 159.2 167.7 174.2 181.2 189.7 195.5 200.3 205 206.4 206.8 206.2 204.5 205 208.5 212 214.7 217.3 219.4 221.7 223.9 225.8 227.8 230 231.9 233.6 235.3 237.4 239.3 241.6 244.5 247.8 251.2 253.8 253.5 251.6 249.5 247.3 244.3 240.8 238.2 235.8 233.2 230.9 228.4 224.9 222.7 226.2 228.3 229.3
230.9 229.4 227.6 225.6 223.8 222 221.1 219.5 218.1 217.1 216.3 215.1 213.9 212.9 211.6 210.1 209.5 205.9 200 194.6 186.7 176.6 161.6 146.4 139.6 139.8 143 147.6 152.9 162.5 169.9 176.6 185.6 194.4 200.7 205.2 207.9 207.8 207.5 207.3 206.8 206.9 209.2 212.7 215.3 217.8 219.9 221.8 223.8 225.9 227.9 229.9 232 233.7 235.3 237.1 239.2 241.4 244 247.8 252 253.6 253.1 252.2 251.3 249.2 245.9 242.3 239.8 237.6 235.4 232.8 230.4 226.5 227.6 230 232 233
233.1 231.5 229.5 227.4 225.7 224.5 223.5 221.8 220.1 218.9 217.7 216.2 214.6 213.1 211.6 209.8 209.3 208.3 203.7 196.5 187.7 177.3 161.3 145.7 139.6 140.1 145.2 150.7 157.8 164.9 171.8 180.8 191.4 199.1 204.9 207.8 208.2 208.1 208.1 208.1 209.2 210.3 211.5 213.3 215.6 218 220 222 223.9 225.9 227.9 229.9 232 233.5 235 236.9 238.9 241.4 244.2 248 252.1 253.6 253 252.2 251.2 249.4 246.8 243.9 241.5 239.2 236.7 234.5 232.1 230.9 230.5 232.4 234.3 235.3
236.3 234.4 231.5 230.3 229.4 228 225.9 224 222.2 220.9 219.3 217.4 215.2 212.9 211.1 209.5 208.6 207.7 205.6 197.8 188.9 177.7 161.2 146.1 140.5 140.8 147.6 153.1 160.4 168 175.4 185.8 196.3 204.4 207.3 208.2 208.2 208.2 208.2 208.8 209.7 211 212.9 214.7 216.7 218.3 220 222 224 226 227.9 229.5 231.2 233 234.8 236.6 238.6 241.3 244.5 248.6 252.9 253.6 252.9 252.1 251 249.2 247.4 245.5 242.8 240.2 237.7 235.5 234.1 233.7 233.5 234.6 236.3 236.8
239.4 237.5 235.9 234.2 232.5 229.5 227.7 226 224.3 222 219.5 217.5 215.6 212.2 209.9 208.3 207.1 206.5 204.2 197.7 189.2 177.5 160.8 146.8 139.5 141 147.5 154.8 163.5 171.1 179.8 189.9 202.7 207.1 207.6 207.8 207.8 207.8 208.1 209 210 211.5 213.1 215.1 217.4 219 220.6 222.2 223.9 225.8 227.5 229.3 231.2 233 234.9 236.7 238.6 241.4 244.5 248.4 253 253.9 253.1 251.9 250.9 249.6 248.1 246.6 244 241.2 238.6 236.9 236.4 236.6 236.7 237.5 238.4 238.8
241.3 240 238.3 236.7 234.7 231.2 230 228.3 226.5 223.6 219.5 217.2 215 212.1 208.6 207.2 205.3 204.2 202.7 196.7 187.7 174.5 155.7 144.6 141.7 142.8 149.7 158.6 166.2 174.4 184.2 194.5 205 206.7 207.2 207.3 207.3 207.3 207.7 208.5 209.7 211.2 212.7 215 217.3 219.1 220.8 222.2 223.8 225.6 227.4 229.2 231.1 232.9 235.2 236.8 238.6 241.6 244.6 248.6 252.8 254.2 254.1 253.3 252.2 250.1 248.6 247.1 245.4 242.7 241 239.3 239.4 239.3 239.3 239.9 239.8 239.2
241.6 240.1 239 237.6 235.8 233.3 232 230.6 227.8 224.2 220.1 216.6 214.3 211.8 208.2 205.6 203.7 201.8 200.3 195.7 185.5 167.8 149.6 141 142.7 147.5 153 160.3 168.9 178.4 188.1 198.5 204.9 206 206.6 206.6 206.7 206.7 207.4 208.1 209.4 210.9 212.4 214.3 216.2 218.2 220.2 221.9 223.7 225.8 227.8 229.6 231.1 232.9 235.2 236.9 239.3 241.9 244.9 249.1 253.2 254.9 255.9 259.1 256.2 250.6 249.1 247.6 246.3 244.6 243.4 242.1 241.7 241.2 241 240.9 240.4 239.6
