Game/Highland_Data/StreamingAssets/GeoData/Data/se/SE92.asc
ncols 200
nrows 200
xllcorner 490000
yllcorner 420000
cellsize 50
[rows 40 to 79 of 200, columns 88 to 175 of 200]
24.5 24.5 24.3 24.2 23.9 25.6 24.6 24.7 24.4 26.3 27.2 28.7 29.9 32.8 37.2 42.7 50.8 58.8 63.8 67.9 72.2 76.3 78.9 80.3 80.5 79.7 78 76.3 73.7 70.9 68.6 65.1 60.6 57.7 52.9 44.5 44.5 60.5 70.4 77.8 83.8 87.2 89.4 90.4 86.6 75 64.7 55.7 55.3 54.7 54.1 54.8 54.2 54.2 53.8 47.9 54.1 53.7 53.3 52.9 62.6 57 55.1 54.3 55.1 55.8 56.5 57.1 58.1 58.4 57.7 55.5 46.6 47 55.6 60.4 64.3 68.3 72.4 75.8 79.1 81.9 84 85.9 87.2 88.2 88.6 88.6
24.8 24.7 24 23.5 23.2 23.5 23.6 24.7 24.1 23.5 25.2 26.4 27.7 29.9 33.2 38.5 44.6 52.6 58.2 63.9 69.4 73.4 75.9 77.2 77.2 76.6 74.9 73 70.6 67.3 65.4 60.6 56.8 53.5 46.6 39.2 44.7 60.3 68.7 76.9 81.7 84.7 87.6 89 89 83.2 67.3 56 55.4 54.9 54.6 54.9 54.3 53.5 52.4 46.9 47.3 52.2 52.8 52.1 52.8 55 56.1 51.2 52.1 52.9 53.7 55.3 56.5 56.2 54.6 50.1 43.7 51.2 56.2 61.1 65.3 69.8 74 77.7 81.4 84.1 85.8 87.4 88.5 89.2 89.4 89.3
25.2 24.6 24.8 23.2 22.7 23 22.1 22.3 22.4 22.9 23.3 24.6 25.9 27.8 30.4 35.5 41.8 47.9 55.4 60.8 65.9 70.1 72.7 73.2 73.7 73.1 71.6 69.9 67.4 64.4 60.6 57.1 52.9 48.8 45.9 41.1 42.3 57.4 66.9 74.9 78 82.5 85.7 87.5 76.2 69.7 61.3 55.6 55 54.7 54.5 54.9 54.3 53.5 52.7 47.4 47 49.8 49.5 51.6 51.3 53.9 57.3 49 49.6 51.2 52.9 53.9 54.2 53.6 50.8 43.5 46.7 54.2 59.1 63.2 67.3 71.5 75.6 79.4 83.1 85.6 87.1 88.6 89.4 90 90 89.8
25.7 24.6 23.8 22.8 22 21.8 21.2 21.3 21.4 21.8 22.1 23 24.1 25.8 28.4 33.6 39.3 44.1 50.2 58.1 62.2 66 69.1 69.5 69.6 69.2 68.1 66.3 64.1 61.5 57.9 55.1 51.7 47.4 42.9 41 41.8 55.4 65.1 72.7 77 81.4 84.1 74.6 59.6 61.3 56.6 55.3 55.3 55.2 54.8 54.5 53.8 53 52.2 51.6 51 50.8 50 50.1 50.4 51.8 52.6 55.6 46.2 46.7 52.2 52 51 49.2 43.3 45.3 52.2 56.8 60.9 65.3 69.3 74 78.1 81.4 84.9 87 88.3 89.9 90.7 90.8 90.7 90.4
25.8 24.8 23.5 22.7 21.7 21.4 20.6 20.2 20.4 20.6 22.6 21.5 22.7 24.1 26.3 30.8 35.2 39.3 45.4 53.7 58.6 60.8 63.3 65.5 65.4 65.2 64.2 62.6 60.7 59.3 55.3 52 49.2 44.5 40.1 38.5 43.6 53.6 63.3 70.9 75.3 79.1 83.7 60.2 58.6 57.2 56.7 57.1 56.1 55.5 55.1 53.8 53.4 52.7 52.1 51.1 50.3 49.7 49.2 49.4 49.4 50.5 50.7 51.4 46 37.8 36.8 47.5 45.1 41.6 43.6 48.3 53.7 58.2 62.7 67.1 71.4 75.7 80 83.4 86.8 88.3 89.6 90.7 91.8 91.5 91.3 90.9
24.9 24.9 22.1 21.6 21.2 20.9 20.3 19.7 19.2 19.5 19.9 20.9 21.2 22.7 24.1 26.7 30.3 35.3 41.9 48.3 54.1 58.1 59.5 60.5 61.4 61.2 60.2 59 57.3 55 52.3 48.8 43.4 39.8 36.4 41.3 46.6 51.1 60.3 67.8 72.2 76.7 80.1 61.9 59 57.3 63 64 62.2 60.5 59.8 59.3 57.5 57.5 56.3 54.2 51.1 48.9 48.6 48.9 48.7 49.2 50.6 44.6 37.2 39.6 37.6 37.3 39.6 42.2 47.6 51.7 55.7 60.2 64.7 69.1 73.4 77.8 81.7 85 87.6 89.1 90.3 90.9 91.3 91.8 91.3 90.8
24.4 22.5 21.6 21.2 20.8 20.5 19.5 19.6 18.6 18.7 19.1 20.7 20.2 21 22.5 24.3 27.4 33 40.2 45.4 49.4 52.2 54.2 55.2 56 56.6 56 54.8 53.8 51.4 49.1 45.5 37.2 35.5 39 47.5 53.9 56.2 57.8 64.3 70.2 74.8 77.1 77.6 77.5 68.5 70.8 67.9 66.1 65.1 63.8 62.7 61 60.2 58.9 57 54.7 52.2 50 48.3 48.2 50.8 50.2 48.9 37.2 37.2 38.3 37.5 42.1 44.4 50.3 54.7 58.5 62.2 66.7 71.1 75.4 79.6 83.3 86.3 88.4 89.9 90.8 91.2 91.6 91.6 91.1 90.8
22.5 21.3 20.8 20.1 19.3 19.1 18.7 18.7 18.7 18.2 17.7 18.4 19.7 19.8 21.5 22.6 25 31.1 37.1 41.7 44 46 47.6 49.7 50.9 51.3 51.5 51.8 49.2 47.6 46 42.1 33.1 34.4 42.6 49.7 55.9 59.1 62.8 65.3 69 70.9 70.9 70.4 70.3 70.1 69.8 68.5 66.9 66.5 65.3 64 62.2 61 59.2 56.9 55.3 53.4 50.9 48.2 47.9 47.1 49 49.9 38 37 37.3 38 49.9 48.8 52.4 57 61.2 65 68.7 73.1 77.2 81.4 84.8 87.5 89.5 90.5 91.1 91.5 91.5 91.1 90.7 90.4
20.3 20.4 20.3 19.4 18.8 18.3 18.1 17.9 18.2 17.6 18 17 18.2 18.7 19.7 21 22.2 25.4 31.2 34.5 36.4 38.5 40.3 43.4 45.3 46.8 48.1 47.1 46.6 45.3 43.4 39.3 32.6 36.9 43.7 48.6 54.9 59.8 63.9 66.5 67.5 68.1 67 66.5 66.4 66.1 65.4 64.4 63.6 63.1 63.3 63.9 63.4 62.4 60 58.1 55.9 53.3 50.7 47.1 46.6 50.3 47.9 49.3 47.3 36.6 36.6 43.1 53.5 53.7 55.9 59.4 63.6 67.6 71.3 75.5 79.6 83.2 86 88.7 90 90.8 91.5 91.4 91 90.7 90.5 91.1
19 18.4 18.2 18.3 18.3 17.6 17.3 17.3 17.3 17.2 16.4 17.6 17.5 18.3 18.4 18.9 19.7 21.1 24 26.6 29.5 31.4 33.8 36.4 38.6 41 43.8 43 42.2 41.9 41.3 37 31 38.4 42.9 48.1 53.9 59.2 63 66.1 66.8 65.7 64.4 63.1 62.5 61.4 60.7 60.1 59.4 58.7 59.3 60.3 60.7 60.2 59 57.4 55.6 52.8 49.4 47.5 47.5 46.8 45.8 44.1 37 36.2 39.4 51.6 56.6 58.6 59.1 62.5 65.8 69.4 73 77 81 84.4 87.3 89.5 90.3 91.1 91.5 91.3 91.1 90.9 90.8 90.9
17.5 17.7 17.8 17.5 17.6 17.4 17.5 17.7 16.5 16.1 15.8 16.8 17.8 17.6 17.8 17.5 17.9 18.7 20.3 22.3 24.2 26 28.1 30.3 33 35.9 37.5 39 38.8 38.5 37.5 34.9 29.2 36.4 41.1 46.5 52.7 58.1 61 63.5 63.9 62.6 61.1 59.8 58.9 57.4 56 55.3 54.7 54.6 55.1 56.1 56.7 56.7 55.5 54 52.4 50 45.8 44.2 42.5 40.7 42.2 35.5 35.4 38.3 46.1 55.6 59.6 62.2 63.9 65.4 68.8 72.2 75.2 78.9 82.8 85.6 87.9 89.6 90.5 90.9 91.4 91.2 91 90.9 90.7 90.8
16.5 16 16.3 16.2 16.4 16 15.9 15.3 15.3 15.2 15.1 15.7 16.8 17.8 17.1 17.4 16.8 17.6 18.7 20.4 21.8 23.2 24.6 26.1 28 30.7 33.5 34.6 35.9 35.1 34.2 30.6 28.1 35.4 41.1 45.6 49.5 54.9 58.6 60.3 60.5 59.5 58.3 57.9 56.3 54.7 53.1 51.7 50.7 50.5 51.1 52 52.8 52.8 51.3 50.3 48.9 46.6 43.4 39.7 37.6 34.1 34.1 35.2 42.4 49.2 54.8 58.8 62 64.8 67.4 69.1 70.9 74 77.5 80.8 84 86.4 88.3 90 90.5 91 91.3 91.2 91 90.8 91.1 90.2
15.6 15.8 15.6 15.4 15.4 15.6 15.3 15 15.3 14.6 15 15.3 15.7 16.7 16.9 16.3 16.9 17.1 17.9 19.1 20.4 21.8 23 23.9 24.9 26.1 28 30.2 31.7 31.6 29.9 28.2 30.2 34.2 41.4 45.8 48.9 52.5 55.5 57 57 56.1 55.5 56.1 55.8 55 52.4 49 47 46.6 47.1 48 49.2 48.9 48.1 46.3 45 44 42.2 36.1 33.8 33.2 37 47.8 50.7 53.6 57 61 64.3 67.3 70 71.8 73.5 76.6 79.6 82.3 85 86.9 88.7 90 90.5 91 91.1 91.1 90.9 90.7 90.5 89.9
15.3 15.3 15 15 15.4 14.6 14.7 14.7 13.8 13.9 14.5 15.1 15.2 15.8 15.3 15.8 15.7 16.7 17.3 18.4 19.8 20.9 21.7 22.3 23.6 24.4 25.4 26.7 27 27.3 26.9 27.1 31.5 37.6 41 44.7 46.4 50.8 52.5 53.4 53.5 52 52 53.3 53.9 53.7 51.8 48.6 44.9 42.9 42.8 44.1 44.9 40.7 33.9 35.4 41.7 40.2 37.1 34.2 32.7 36.9 42.4 48.4 52.3 54.8 58.6 62.8 66.2 69.3 72.3 74.3 75.9 78.4 80.9 83.3 85.7 87.4 88.7 89.9 90.6 91 91 91 90.8 90.6 90.3 89.6
14.3 14.4 14.2 14.5 14.4 14.5 14.1 13.8 13.6 13.5 14 14.6 14.9 15.4 15.1 15.8 16.4 16.6 16.7 18.1 18.9 19.8 20.4 21.2 22.6 22.8 23.6 24.3 24.4 25.1 25.6 27.3 30.4 36.3 39.8 42.6 45.4 47.9 48.8 49.9 49.9 48.8 48.4 49.5 49.9 50.1 49.2 47.4 44.3 40.9 39.1 40.1 30.6 24.3 24.9 29 36.4 35.8 33.6 29.9 33.4 38 43.3 48.2 52.2 56.1 59.7 63.7 67.8 71.2 73.8 76.3 77.8 79.4 81.4 83.8 85.7 87 88.3 89.4 90.4 90.9 90.9 90.9 90.7 90.2 89.1 88.4
13.1 13.6 14.3 14.1 14.5 13.9 13.3 13.7 13.6 13.5 13.9 14 14.2 14.5 14.7 15.4 15.5 18.6 17.1 17 18.4 20 21.9 21.2 21.7 22 22.4 23.4 23.1 25.5 26.2 27.8 31.5 34.4 37.4 40.5 42.6 45.2 45.6 46.9 46.5 45.8 45.8 45.8 46.6 46.5 45.7 44.2 42.5 39.9 36.8 28.2 19.2 21.6 24.7 28.3 32.4 33.1 32.8 29.9 34.3 38.6 43.9 48.7 52.9 57.6 60.6 64.5 68.6 72.3 74.8 77.2 79.2 80.8 82.6 84.2 85.3 86.6 87.8 88.9 89.8 89.9 90 90.1 89.4 89.4 87.9 87.2
12.3 13.7 14.1 14.4 14.3 13.7 13.2 12.7 13.7 14 14.3 14.4 14.3 13.9 15 15.3 15.6 15.9 21.1 17.5 17.7 18 20 19.4 21 21.7 22.2 23.1 23.3 24.9 25.6 26.8 29.9 32 35.4 38.4 40.5 42 43.6 43.7 43.9 43.3 41.9 42.7 43.8 43.3 42.7 41.4 39.9 37.1 29.4 18.1 18.1 18.7 19.6 26.6 31.7 32.9 27.3 30.1 35.4 39.3 44.5 49.1 53.5 58.2 61.4 65.7 69.8 72.6 74.8 77.1 79.1 81.2 82.7 84.1 85.2 86.2 87.4 88.5 88.8 88.8 88.9 88.6 87.9 88 86.9 85.8
11.5 12.7 13.4 13.7 13.6 13.5 12.8 12.5 12.9 13.4 14 14.2 14.2 13.8 14.9 15.3 15.6 15.8 16 19.6 20.4 18.3 18.2 18.7 21 21 22.2 23.1 23.9 23.7 24.4 25.3 27.1 29.6 33.5 35.9 37.6 39.3 40.6 40.5 41.2 40.6 39 39.3 40.1 40.4 39.8 38.6 36.1 23.7 18.1 18.1 18.1 18.6 21 26.7 31.8 27.5 26.8 31.2 35.7 40.7 44.9 49.2 53.6 59.3 62 66.5 69.6 72.6 74.7 76.6 78.3 80.3 82.3 83.9 85.1 86.1 87 87.6 87.8 87.8 87.9 87 86.6 86.5 85.5 84.2
10.7 11.8 12.7 12.7 12.7 12.6 12.4 12.6 12.9 13.3 13.7 13.8 13.7 14.4 14.9 15.2 15.5 15.8 15.9 22 17.1 18.2 19.1 19.6 20.2 21.6 21.9 22.7 23.4 23.2 23.4 24.4 25.2 27.8 30.5 32.9 34.4 35.6 37.5 37.4 37.6 37.6 36.1 35.8 36.3 36.7 36.8 34.8 23.8 18.1 18.1 18.1 18.1 25.6 27.8 30.4 27.1 25.5 28.8 32.9 36.4 41.3 45.1 49.4 53.8 59.7 62 66.3 69.2 71.5 73.8 75.5 77.2 79.2 81.3 83 84.4 85.3 85.9 86.3 86.7 86.7 86.6 85.9 86 85.6 84.4 83.6
10 11.1 11.8 12 11.9 11.5 12.4 11.6 12.8 13.1 13.4 13.6 13.8 14.5 14.9 15.2 15.4 15.7 18.4 16 17.9 19.8 19.6 20 20.6 21.3 21.7 22.2 22.2 21.5 22.2 23.8 24.7 26 26.9 28.3 27.5 30.4 32.6 34.8 34.5 34.4 33.3 32.5 32.7 33.3 31.1 27.8 18.1 18.1 18.1 18.1 19.6 28.5 28.4 28 24.2 27.3 30.3 33.6 38 42 45.7 50.1 54.3 59.3 61.7 64.7 67.4 69.7 72.1 74.5 76.2 78.2 80 81.7 83.1 83.5 84.2 84.5 84.7 84.9 85.3 85 84.5 84.2 83.1 82.1
9.1 9.9 10.6 11.2 11.5 11.2 11.2 11 11.5 11.4 11.9 12.7 14.1 14.6 14.7 14.9 15.1 15.2 15.6 16.3 17 17.5 18.6 19.6 20 20 20.5 21.7 21.6 21 21.6 22.6 24.1 24.7 25.5 24.6 24.7 27.6 28.8 30.5 31.7 32 30.7 29.6 29.5 28.9 27.4 18.7 18.1 18.1 18.1 18.1 27.1 26.8 27 23.3 25.8 28.8 31.2 34.6 37.5 42.2 46.4 49.2 52.8 57.5 60.4 62.4 64.8 67.9 70.4 72.9 75.1 76.5 77.9 79.3 80.8 81.4 81.9 82.4 83 83.1 83.3 83 82.5 81.8 81.1 80.2
9 9.2 10.4 11.1 11.4 11.1 10.8 10.9 11 11.2 11.9 12.3 13.1 13.6 14.4 14.7 15 15.9 15.5 16.1 16.9 17 18.4 18.8 19.5 19 19.6 20.5 20.3 21.5 21.5 21.5 21.9 23.1 23.5 24.1 24.3 24.8 26 27.2 28.2 28.4 28.2 27.5 27.3 26 18.2 18.1 18.1 18.1 18.1 21.8 25.6 26.2 23.1 24.1 26.6 29.2 31.4 34 37.6 42.6 44.6 47.7 50.6 54 57.7 59.7 62.4 65.9 68.3 70.4 71.9 73.3 74.8 76.1 77.3 78.6 79.4 79.6 80 80.3 80.4 80 79.7 79.4 79.4 78.1
9.2 9.4 9.7 11.1 11.6 11.3 10.9 10.2 10.9 12 11.6 12 13 13.4 13.6 14 15.3 15.4 15.3 15.8 16.3 16.7 17.2 18 18.8 18.5 18.6 19.2 19.8 19.9 21.2 20.7 20.5 21.3 22.1 22.1 22.5 23.1 23.7 24.3 24.7 25.2 25.7 25.4 25.3 23.4 18.6 18.1 18.1 18.4 21.6 23.7 21.6 21.7 22.3 23.4 26 28.3 30.9 33.6 36.5 40.1 43.1 45.7 47.7 50.9 53.2 57.5 60.2 63.2 65.5 67 68.1 69.4 71 72.3 73.3 74.6 75.4 76 76.4 76.4 77.1 76.7 76.8 77 76 75.1
8.9 9.3 10.4 10.6 10.6 10.5 10.3 10 10.1 11.1 10.1 11.3 12.2 12.8 12.8 13.1 14.3 14.2 15 15.6 15.9 16.1 17.2 17.9 18.2 17.9 18.5 18.4 18.6 18.8 19 20.4 20.4 20.4 21.1 21.3 21.3 21.8 22.4 22.9 23.4 23.6 23.7 23.3 23.5 23.4 22.7 23 23.4 22.6 25.4 21.4 20.6 21.9 22 23.2 25 27.1 29.4 32.1 35.1 37.7 40.8 44.1 45 47.3 50.1 53 57.2 59.5 62.1 62.9 63.8 65.1 66.7 68.3 69.4 70.5 70.2 72 72.3 72.3 73 73.1 72.9 72.7 72.2 72.5
8.3 9.8 10.3 10.7 10.3 10.2 10.1 9.3 10.1 10.5 10.7 10.9 11.1 11.2 12.3 12.8 13.6 13.9 14.4 14.8 15.1 15.9 16.9 17.5 17.8 17.2 17.4 17.9 17.8 17.9 18.3 18.8 18.7 19.3 19.6 20.2 20.4 20.7 21.1 21.6 22.1 22.4 22.4 21.6 21.2 21.8 21.4 22.1 21.3 20.9 21.1 20.1 21.4 21.8 22 23.3 25 26.1 28.2 30.6 33.3 35.5 38 40.1 41.5 44.3 47 49.4 52 55.3 57 58.5 59.7 60.8 62.4 64.1 65.3 66.6 66.2 66.7 67.9 69.3 69.4 69.6 69.4 68.7 68.7 67.7
8.7 9.4 10 10.2 9.9 9.6 9.3 9.2 9.6 10.2 10.3 10.4 10.7 11.3 12.3 12.5 13 13.7 14.2 14.6 14.5 15.7 16 16.7 16.6 16.7 16.9 17.5 17.5 17.4 17.7 18.2 17.8 17.9 18.3 19.1 19.8 19.6 19.9 20.2 20.7 21.1 21.3 20.9 20.8 20.5 20.5 21 21 20.3 19.2 20 21.5 21.4 21.1 22 23.2 25.1 26.9 29.1 31.2 33.2 34.8 36.4 38.2 40.6 43 45.5 47.7 49.6 52.2 53.6 55 56.7 58.5 59.5 60.5 61.5 62.5 62.4 64.7 64.4 65.9 65.8 65.3 65.8 65.4 64.9
8.4 8.6 9.3 9.5 8.9 8.5 8.6 9.4 9.6 10.1 9.6 10 10.8 11.4 11.5 12 12.5 13.5 14.2 14.3 14.6 15.3 15.8 15.8 16.3 16 16.3 16.4 16.6 17.3 17.3 17.4 16.9 16.9 17.4 17.6 17.7 17.9 19.7 19.2 19.4 19.8 20 19 20.1 20.5 20.5 20.5 20.1 19.6 18.9 20.7 21.3 20.7 20.7 20.5 22.2 23.5 25.6 27.3 28.6 30.6 31.9 33.2 34.9 36.9 39.2 41.6 43.8 46.3 47.6 48.7 50.3 52.3 53.5 54.7 55.7 56.8 58.2 58.7 59.6 60.2 59.7 61.6 61.3 63 62.1 61.6
6.3 6.5 7.6 8.5 9.2 8.3 8.6 8.6 9 8.5 9.3 10 10.8 10.9 11.6 12 12.6 12.5 13.2 13.7 14.3 14.8 15.3 15.7 15.1 14.8 15.6 15.6 15.9 15.8 15.7 16 16.5 17 17.5 17.5 17.6 17.4 17.4 17.5 17.9 18.6 18.7 18.4 18.7 19.7 19.9 20.2 19.7 18.6 19.2 19.9 20 20.1 19.9 19.8 20.9 22.4 23.4 25.2 26.4 28.3 29.2 30.4 32 33.6 35.7 37.7 39.7 42.1 43.6 44.4 46.1 47.7 48.8 50 50.9 51.8 53.3 54.6 54.6 56.1 56.4 56.6 57.1 57.6 58.3 57
6.2 6.8 7.2 7.8 8.4 7.6 7.8 7.9 7.7 8.3 9.4 9.7 9.6 10.5 10.4 11.1 11.9 12.2 12.8 13.4 13.4 13.4 14.5 14.6 14.3 14.6 14.7 15 15.2 15.1 14.8 14.9 15.2 15.9 17 17.2 17.2 16.8 16.8 17 17.3 16.9 17.2 18.5 18.2 18.4 18.1 19 18.2 17.3 18.6 19.2 19.7 19.7 18.4 18.3 18.4 20 21.2 22.7 24.7 23.3 26.5 28 29 30.6 32.2 33.7 35.3 37.6 39 40.3 42 43.1 44.4 45.6 46.6 47.5 48.5 49.9 50.6 51.2 52.2 52.9 53.3 49.5 44.7 43
5.9 6.6 6.8 7.1 7.6 5.6 7.8 8.2 8.5 8.2 8.8 9.4 9.3 10.1 10.7 11.1 11.5 12 12.5 12.8 13.2 13.3 13.2 13.8 13.4 13.7 13.9 14.3 14.5 14.2 14 14.2 14.3 14.6 15.4 15.9 17.6 17 16.7 16.7 16.8 16.7 16.5 16.8 17.5 17.9 17.7 17.2 17.1 17.1 17.9 18.7 19.7 18.5 17.9 16.7 16.9 18.1 19.3 21.1 22.4 24 24.9 23.6 26.3 27.9 29.5 30.7 32.1 33.5 35.1 36.7 38.3 39.3 40.3 41.2 42.5 43.6 44.6 45.5 46.7 47.5 40.8 40.8 45.9 44.4 49 48.8
5.6 6.5 6.7 6.7 6.9 6.7 7.4 7.2 7.4 7.9 8.2 8.3 8.8 9.6 10.1 10.8 11.4 11.7 12 12.3 12.5 12 12.2 12.7 12.9 13.6 13.3 13.7 14 13.5 13.5 13.6 13.6 13.7 14.1 15.2 16.4 17.4 17.7 17 17.1 15.9 15.8 16.3 17.1 17 16.6 16.2 16 17.3 17.4 17.4 17.5 17.9 17 17 16 17.2 17.8 19.6 20.7 21.7 22.6 23.4 24.5 25.6 26.8 27.9 29.2 30.5 31.9 33.5 34.9 36 36.9 37.7 38.5 39.7 36.7 37.7 41.7 44.6 45.4 45.1 44.5 45.6 45.9 45.8
6.1 6.3 6.6 6.6 6.2 6.9 6.9 6.8 6.9 7.3 7.7 9.2 8.7 9 10.3 11.3 11 11.3 10.9 11.4 11.2 10.9 11.5 12.3 11.9 12.5 12.6 12.8 13 12.9 12.9 12.9 12.9 13 13.2 13.9 14.7 16.2 17.3 17.5 17.2 15.9 15.1 15.9 16.6 16.2 15.5 15.4 16 16.1 16.7 17.6 18.5 18.8 17.7 18.3 18.3 18.6 18.8 18.5 19.1 20 20.8 21.6 22.7 23.8 27.6 27.6 26.6 28.1 29.4 30.8 31.8 32.3 33.6 32.3 33.6 35.6 37.1 37.9 39.7 40.2 41.6 41.3 41.2 42 41.3 41.2
5.8 6.2 6.8 7 5.9 6.3 6.6 6.3 6.2 7.1 11.1 7.9 8 8.8 9.1 10.5 10.7 10.4 10.6 10.9 10.8 10.9 11.3 11.8 11.1 11.6 11.7 11.9 12.1 12.3 12.3 12.3 12.3 13.3 13 13.4 13.8 14.2 15.2 16.3 16 15.2 14.4 15.1 15.9 15.2 14.8 14.7 15.5 16.7 16.5 16.4 19.5 17.4 18.6 19 18.6 18.1 17.2 18.1 18.7 19.3 20.2 22.6 25.1 26.9 28.6 28.4 26 25.5 26 26.6 28.3 29.6 30.7 31.5 32.4 33.4 34 35 36.6 37.3 37.3 37.6 38 38.2 38.3 37.8
5.3 5.2 5.4 6.2 5.6 7.4 7.3 7.7 6.6 6.9 9.5 7.5 7.6 8 8.5 8.7 9.2 9.5 9.3 10.1 10.3 10.6 11 11.5 11.4 11 11.1 11.2 11.3 11.5 11.4 11.5 11.7 12.7 12.7 12.8 13.2 13.4 13.8 14.5 15 14.5 13.8 14.4 15.3 14.4 14.2 14 15.5 15.8 16.7 16.2 16.8 16.8 17.7 17.6 17.7 17.4 16.3 16.4 17 17.7 20.3 19.9 19.6 19.8 19.9 21.4 22.7 24.2 25.6 26.7 27.5 28 28.4 29 30 30.7 31.6 32.6 34 35 35.5 35.3 35.4 34.5 34.7 35
5 4.9 6.4 6.8 6.6 6 5.8 6.5 6.6 7.6 7.1 7.1 7.7 8 8.3 8.4 8.3 8.2 8.7 9.4 9.6 10 10.4 10.7 10.4 10.3 10.4 10.5 10.7 10.7 10.6 11 11.5 11 12 12.4 12.6 12.8 13 14.9 14.2 14 13.4 14 14.4 14.1 14 13.9 13.6 13.2 15.2 15.3 15.9 16 15.9 15.9 16.1 15.8 15.4 15.5 15.8 16.2 16.8 17.4 20.2 27.4 28.9 28.5 27 22.2 22.6 23.1 25.2 25.2 26.2 27.2 27.4 28.1 28.9 29.8 31.2 32.3 32 32 32.7 31.5 30.4 31.4
5.1 4.9 5.6 6.9 6.9 7.6 6.6 6.5 6.1 10.2 6.8 7 8.1 8.3 9.3 8.2 8.2 7.8 8.2 8.3 9.1 8.9 9.1 9.9 9.5 9.7 9.8 10 10.2 10 10.1 10.7 10.9 11.4 11.6 11.8 12.1 12.3 12.6 14.9 13.1 12.7 13 13.2 14 13.8 13.8 13.3 12.7 13.1 13.1 13.6 14.7 14 14.1 15.2 14.8 14.6 14.4 13.4 15.1 15.5 15.7 16.3 16.7 17.4 28.2 28.5 19.9 20.3 20.7 21.7 22.6 22.5 23.9 25 24.5 25.3 27 27.8 28.7 29.7 29.9 29.2 29.1 28.9 26.9 27.9
4.8 4 4.9 4.9 6.3 7.2 7 8.7 10.2 7.4 6.7 7.1 7 6.6 6.8 7.3 8.4 8.3 7.5 7.9 8.4 8.5 8.7 8.8 9 9.1 9.3 9.5 9.5 9.3 9.4 10.1 9.6 10.8 11.1 11.5 11.9 12.2 12.1 11.9 12.1 12.5 12.3 12.3 12.2 16 16 12.9 13.4 13.4 13.4 12.9 13.8 14.3 14.3 14.3 14.4 14.2 13.8 12.1 14.5 14.8 15.2 15.4 15.4 23.7 26.1 17.6 17.9 18.4 19 19.7 20.1 21.1 21.9 22.7 23.2 24.1 25 25.7 25.5 26.4 26.7 26.6 25.4 26 25.2 25
5 3.8 3.8 3.6 3.8 6.7 6.6 7.2 9.9 9.4 7.2 7.6 6.9 6.3 6.3 6.4 6.4 6.4 6.5 7.3 8.3 8.5 8.4 8.3 8.4 8.8 8.8 9 8.7 8.5 8.8 9.1 8.7 10.1 10.6 11.1 11.4 11 11.2 10.7 10.9 11.7 12.5 12.6 11.9 11.4 12 12.5 13.3 12.4 12.7 12.7 13.6 12.9 13.8 13.8 13.8 13.8 14 13.3 14 13.7 16.1 14.5 22.5 18.5 14.9 15.6 16.1 16.6 17.2 17.8 18.4 19.7 20.6 21.6 22 22.6 23.8 23.8 24.1 24.5 25.1 24.5 23.9 24.6 23 23.1
4.9 3.8 3.6 3.7 3.7 3.7 8.2 5.6 5.5 7.8 7.7 7.6 6.8 6 6 6.1 5.9 6 6.2 7.1 7.4 7.6 7.7 8 7.9 8.8 8.3 8.2 8.1 7.8 7.6 7.9 8.4 9.2 10.1 10.5 10.3 9.8 9.9 10.2 10.4 11.3 12 11.9 11.1 10.4 11.5 11.4 12 12.9 12.6 13.1 13 12.4 12.6 12.2 13 12 12.7 12.5 14.4 15.1 16.6 18.3 13.7 14 13.9 14 14.3 14.9 16 16.1 17.4 18.5 19.7 21 21.4 21.4 21.9 22.3 22.7 23 23.1 23 22.7 23.4 22 21.4
3.9 6.1 6.9 3.7 3.6 3.5 7.8 6.3 6.3 6.4 6.3 7.4 6.9 5.8 5.7 5.9 5.6 5.5 5.8 6.3 7 7.6 7.5 7.3 7.1 7.1 7.3 7.7 7.8 7.4 7.3 7.9 8.2 9.1 9.4 9.6 9.2 8.8 9.6 9.8 10 10.2 11.3 10.9 10.5 10.3 10.9 11.3 12.4 11.7 12 12.4 12.4 11.3 11.5 12.6 11.5 11.1 10.7 12.6 13.6 13.9 12.4 13.7 13.6 13.7 12.9 12.9 13.1 13.6 14.3 15 16.4 17.3 18.9 19.4 20.3 20.6 20.7 21.1 21.4 22.1 21.8 21.5 20.3 21 21.2 19.3
