Game/Highland_Data/StreamingAssets/GeoData/Data/nh/NH00.asc
ncols 200
nrows 200
xllcorner 200000
yllcorner 800000
cellsize 50
[rows 35 to 69 of 200, columns 79 to 157 of 200]
810.9 807.9 808.8 816.5 831.4 844.6 852.1 846.2 859.2 857.3 859.8 879 851.9 894.8 934.9 949 966.7 963.7 976.2 986.4 988.1 976.4 957.7 961.8 968.8 975.9 960.2 924.7 888 855.5 847.2 846.4 846.4 871.4 902.9 915.9 904.9 879.3 882.5 890.8 911 898.7 883 888.7 909.2 889.4 922.6 931 899.6 883 863.1 873.3 906.4 899.2 894.2 889.8 887.4 884 890.2 900.5 910.6 920 915.5 877.6 858.8 843.2 826.2 823.4 808 794.7 790.5 788.3 786.6 785.3 785.5 794.9 822.5 828.3 854.9
777.7 778.5 780.3 791.9 808.1 819.4 815.8 826.6 858.9 880.4 896 914.8 896.7 929.3 935.3 925.3 933 936 959.3 959.3 955.9 943.2 925.6 924.2 937.5 948.4 950 930.3 894.3 882.5 874.1 866.6 860 885.6 898.9 908 914.1 915.7 919.6 917.2 913 909.8 911.8 914.4 919.3 923.5 926.3 925.8 919.9 904.8 897.5 886.8 883.6 877.3 877 874.1 871.7 865.3 882.4 895.6 906.2 916 924.8 873.5 849.7 831.6 806.3 801.2 789.6 781.5 773.4 773.5 768.5 755.7 752.4 755.3 768.1 781.6 796.5
737.6 745.4 748.9 765.6 780.2 797.5 787.6 804.8 832.8 853.3 879.2 881 897.6 887.5 893.6 882.7 890.2 910.4 930.8 932.7 925.1 911.7 893.3 888.2 901.4 914.4 928.7 929.6 917.6 904 893.8 891.5 876 884.6 891.5 899.4 906 910.8 910.3 907.6 905 905.4 907.1 908.6 911.7 915 916.4 908.9 891 880.2 872.7 856.7 853 847.7 849.2 852.2 852.1 857.2 874.7 890.4 900.9 912.3 920.4 877.5 842.7 814.8 804.3 792.6 782.5 771.3 759.9 747.3 733.1 725.9 722.3 721.4 728.3 742.3 755.7
702.8 707.8 720.5 733.6 746.6 764.4 757.1 775.1 804.8 810.1 841 854.4 844 845.5 847.4 844 851 868.1 888.5 898 892.8 872.5 858.3 845.5 868.2 884.1 900.9 912.6 918.4 920.6 916.3 902.9 887.5 879.8 882.3 890.9 894.9 897.7 896.1 893.9 895.1 897.7 899.3 899.7 901.9 904.9 903.2 879.7 857.4 858 848.9 834.7 824.2 821.6 821.2 829.7 834.7 844.4 867.3 883 893.4 906.2 910.3 865.8 836.3 804.7 793.4 784.9 776.8 762.2 744.6 720.7 705.6 691.9 688.7 691.9 699.3 708.4 719.3
668.5 673.7 681.6 698.3 715.8 724.8 724 741.8 764.4 779.1 801.2 802.7 805.8 802.2 802.7 805.4 808.6 825.3 844.5 852.5 852.8 843.2 815.9 807.2 836.2 852.4 871.7 896.4 910.6 913.2 908 899.2 887.8 877.6 870.6 877 879.9 881.8 881.2 883.4 885 887.9 888.1 889.4 891.8 896.7 891.8 858.6 840.5 826.2 813.8 808.9 798.5 799.6 806.1 813 815.7 834.4 857.8 873.9 885.3 897.9 881.2 843.5 828.1 797 789.3 778.6 765.7 746.3 720.6 700.4 683.2 670.2 667.8 672.3 673.7 681.4 691.7
636.8 639.8 651.1 667.7 682.9 690.1 692.1 708.6 722.1 744.5 753.4 760.9 761.5 760.9 762.4 763.3 762.6 774.9 793.6 809.5 812.2 807.9 783.3 771.9 800.2 823.2 859.4 883.9 898.3 899.2 894.6 888.5 883.3 873.8 863.2 862.6 865.9 867.1 868.5 871.5 874 875 874.3 877.6 883.2 885.8 883.8 856.6 835.8 816.4 798.7 790.3 779.3 779.7 789 794.1 803.7 821.5 844.3 862.1 874.6 885.3 866 830 804 787.4 781 766.4 749 724.9 702.8 683.2 666.7 657.1 653.6 653.2 657.3 661 670.6
602 605.9 619.2 634.5 647 655.1 658.1 672.8 691.2 707.3 712.2 718.4 720.5 724.4 727.9 723.9 726.4 737 751 763.1 771.9 769.1 749.7 746.1 779.5 808.7 840.6 864.9 877.9 876.1 876.5 875.9 874.9 870.3 862.6 848.9 852.5 854.2 857.2 859.4 860.8 860.4 862.8 867.7 873.1 875.7 875 860.2 832.5 812.1 788 773.8 768.3 767.8 770.7 784.2 793.7 808.7 831.6 849 861.2 872.2 846.6 819.8 798.5 782.2 771.3 757.8 737.7 707.3 687.2 674.4 659.1 651.4 647.4 645.6 651.7 658.4 662.2
567.1 572.9 586.9 603.5 613.5 623.4 623.4 634 654.8 667.3 676.4 680.9 683.8 683.4 685.2 688.2 691.4 708.8 714.4 725.1 732.8 732.9 717.1 727 754.3 787.8 810.9 844.8 847.9 846.8 845.5 850.7 862.1 860.6 857 845.8 839.5 842.3 844.4 844.7 842.8 845 851.2 859.3 865.6 868.6 866.2 847 824.5 800.6 782.9 776.7 768.7 759.5 765.4 777.3 784.8 798.2 819.9 837.4 850.5 863.7 840.2 810.3 788.4 773.1 765.9 745.9 718.1 699.6 678.4 664.6 652.8 645.6 645.6 645.6 649.2 653.3 654.8
530.9 539 552.2 568 578.9 585.3 586.5 604.4 620 628.9 640.1 646.1 648.3 646.3 648.4 654.4 656.3 669.4 677.6 691.6 697.3 699.8 690.7 699 725.9 748.4 790.2 817 813.1 813.4 801.3 818.4 839.2 844.6 844.6 841.1 833.6 827.8 829 829.2 831.8 835.3 840.9 850.2 856.4 859.7 851.1 828.2 806.3 790.5 773.4 769.6 763.8 759.3 763.4 774.8 778.9 791.8 810.5 828.5 844.8 858.2 841.3 801.1 780 766.7 747.8 723.3 704.4 688.7 672.7 653.3 645.6 645.6 645.6 645.6 649.5 651 647.6
490.5 509.2 517 533.5 546.6 551.3 554.2 569.8 580.9 594.3 604.3 607.2 613.6 605.6 612.3 613.4 618.5 640.9 642.8 658.1 667.3 674.4 660.8 669.4 695.2 728.3 754.5 778.6 775 775.1 751.7 787 812.2 821.2 823.3 828.6 829.8 825.6 816.2 815.3 817.2 822 829.7 839.5 844.9 847.9 824.8 802.1 784.2 768.2 760.4 762.8 755.3 753.6 761.5 769.9 774.1 786.3 802.7 822.6 841.2 857 845.4 812.8 783.3 764 759.3 727.3 704.3 687.8 669.1 651 645.6 645.6 647.9 651.1 652.7 650.3 643.9
467.9 475.1 482.2 497.8 511.4 517.1 521.8 531.7 542.7 551.7 564.5 571.3 568.2 568.1 572.3 577.5 579.6 593.7 610 623.6 634.8 634.6 629.1 627.5 662.2 692.5 721.9 742.1 732.4 733.8 722.5 758.9 772.8 783.9 794.2 817.1 819.5 815.2 806.1 796.7 795.5 804.4 811.7 824.6 831.1 821.4 804 788 768.5 755.6 749.4 744.9 740 744.5 756 764 772.1 780.3 800.6 820.5 839.7 856.6 851.7 818.9 785.9 768.5 750.9 725.1 707.2 691.1 664.3 659 648.7 645.6 645.6 649.5 649.6 644.5 639.6
435.8 446 455.4 461.8 475.2 484.1 489.9 498.3 505.6 514.1 524.2 529.3 524.1 522.6 537.1 538.2 546.2 556.2 576.7 585 588.8 593.7 593.2 600.5 624.2 653 689.1 694 695.2 695.5 679.5 711.9 731.2 744.3 773.2 794.3 795.1 789.7 786.1 777.1 772.1 772.6 779.9 808 814.9 801.7 788.7 769.9 756.3 750.3 739.9 727.4 722.1 736.7 749.4 755.6 765.4 778.9 801.2 823.4 841 854.9 845.1 822.4 796.1 765.3 743 724.9 709.3 686.8 668.9 651.9 645.6 645.6 645.6 645.6 648.6 643.3 636.6
401.6 417.6 421.8 434.3 445.1 456.7 458.2 464.7 473.3 479 485.4 487.6 487.9 488.6 498.7 506.1 516.2 522.7 538 550.1 548.7 562.8 563 557.3 593.6 631 643.7 653 662 658.6 654.3 681 694.1 719.2 749.3 767.4 759.9 760.6 755.4 751.6 732.2 727.5 748.7 780.5 791.2 780.4 767.9 751.3 743.9 736.9 723.6 708.7 707.9 724.2 736.6 749 761.4 779.4 802.7 824.9 844.3 856.2 830 799.4 779.3 765.9 741.3 724 709.7 689.2 669.9 655.6 649.2 645.6 645.6 646 647 640.8 631.5
380.7 386.9 395.1 406.8 415.4 426.8 432.6 437.8 443.9 450.8 453.4 453.6 455.7 463.7 470 476 482.8 489.7 495.3 511.6 512.2 531.5 533.8 514.1 567.5 594.6 607.1 622.9 626.6 609.3 639.9 647.3 668.3 696.1 720.2 723.3 724.3 727 720.7 714.6 698.6 686.1 723.3 751.8 752.7 750.4 746.8 739.7 730.8 724.5 714.1 692.6 691 712 726.9 742.9 760.5 782.8 806.2 830.8 847.3 860.7 847.9 807.7 776 757.3 743 729.2 710.7 696.5 678.4 659.4 655.2 655 650.8 646.1 638 637.4 632.1
358.4 365.5 375.3 391.8 395.2 401 404.5 414.5 420.6 424.1 423 424.6 428.9 434.6 441.2 451.1 456 460.6 466.7 473.6 483.9 494.6 500.8 502.8 535.5 554.5 573.8 588.1 594.1 583.3 611.3 609 650.7 671.1 685.9 685.1 684.7 692 685.9 676.2 664.1 654.2 699.4 724.4 722.1 726.1 718.7 720.7 713.7 707.9 695.2 672.7 675.9 701.3 725.8 740.2 762.9 786.6 812.1 835.2 849.9 863.4 858.6 834.8 805.2 761.2 739.7 727.3 714.4 699.6 678.8 664.5 657.7 651.3 652.7 643.3 633.9 630.5 624.2
341.4 349.9 360.6 368.5 376.9 381.1 383.8 393.1 393.9 397.4 396.7 397.5 403.7 410.6 419.2 425.2 427.6 433.4 436.5 444.3 453.5 463.7 472.7 478.6 504.4 522.2 540.1 550.9 557.6 561 573.1 584.3 625.7 637.2 644.7 650.1 650.6 657 654.2 640.7 619.7 620.3 678.7 679.9 692.3 684.8 689.1 694 689.7 679.8 668.4 644.6 661.9 695.2 719.4 741.7 768.8 786.9 811.9 832.6 842.6 856.4 855.4 843.2 827.3 775.6 752.8 730.6 713 699 679.4 663.1 656.5 651 646.4 632.6 624.2 626.8 614.9
325.5 334.3 343.2 351 358.2 361.4 366.4 372.4 375.5 375.7 376.4 378.6 385.6 393.1 399.2 405 403.1 406.3 408.1 420.5 426.7 437.7 444.7 455.3 473.1 487.9 506.8 516.3 520.8 533 534.1 565.1 597.3 609.9 609.9 618.3 613.5 617.5 611.6 607.2 591.4 596.7 637.3 644.3 645.6 649.5 650.3 648.8 645.8 637.9 634.5 630.9 632.4 681.9 705.2 739.2 764.3 769.8 781.1 791.1 800.6 808.5 835.4 834.8 826 787.2 752.7 740.1 707.1 689.4 667.4 661.6 656.3 654.5 646.2 626.2 617.1 607.5 605.3
312.9 319 329.3 334.2 337.9 344.2 351.2 356.6 359.1 360 360.4 365 368.1 371.3 377.3 380.1 379.9 382.5 388.7 399.7 407.7 411.6 415.9 425.6 442.6 460.8 474.1 483.7 486.2 501.8 518.8 545 571 581.5 581.7 577 574.8 572.1 573.9 570.7 557.9 569.4 592.7 617.8 608.2 617.8 612 604.2 609.2 604.3 597.6 599.9 595.4 641.4 666.5 696.4 719.4 735.7 734.2 745.3 749.3 760 788.3 825.4 813.6 788.7 757.2 733.3 712.7 686.6 664.1 651.5 649.5 652.3 636.7 616.8 608.9 596.2 592.3
301.7 307.9 313.4 324.5 326.6 331.1 340.4 343 344.6 345.4 348 352.5 354.9 353.6 358.9 359.1 362.1 365.8 375.2 382.7 390 387.9 394.4 401.6 418.5 432.8 442.4 452.3 456.5 470.5 497.9 521.6 543.5 554.2 553.8 538.1 532.3 533.8 531.4 535.6 527.6 540 542.5 562.9 564.9 568.5 560 554.6 558.9 569.1 560 563.2 555.3 602.5 625.1 633.6 674.3 683.4 696.1 702.9 696.5 743.3 748.5 770.4 775.5 757.8 739.2 723.8 706.9 682.5 667.1 648 631.8 626 613 603.7 595.3 582.6 584.4
293 297.8 303.9 311.2 313.8 319.2 327.6 330.1 333.5 337.5 336.8 340.3 337.4 334.4 337.3 342.1 349.7 353.1 357.1 362 371 368.6 372.8 377.5 394.9 408.4 414.1 421.6 429.2 451.4 470.7 494.1 515.7 522.9 510.2 501.9 498.3 497.6 491.9 495 484.4 494.1 504.9 502.6 515.2 519.9 523.4 511.7 516.8 511.4 518.4 517.1 543.3 558.1 576.4 588.7 620 640.3 658.9 666.6 664.5 715.5 689.4 717 730.2 727.8 719.3 710.2 690.6 673.6 657.5 641.5 625 601.3 585.1 583.7 578.2 573 578.4
286.7 290.6 296.9 301 303.3 309.6 318.4 321.1 323 323.8 324.3 326.5 321 324.8 328.8 334.6 339.5 343 342.4 343.4 347.3 354.7 354.3 357.5 370.3 386.6 391.9 400 412.6 430.6 440.8 468 482.8 490.2 473.2 466.1 468.3 461.3 462.6 462.5 454 453.1 460.6 463.4 468.4 470.1 476.6 478.7 478.1 478.4 477.7 496.8 501.7 516.3 532.6 550.7 571.3 603.2 630.7 632.2 618.8 673.8 642.6 693.5 686.5 692.3 683.6 677.4 657.2 649 635.7 628.2 603.6 585.2 568.8 564.2 566.6 558.1 567.6
283.9 287.6 294.4 295.4 296.6 300.1 308.3 312.9 313.9 316.7 312.8 312 312.9 318.1 322.9 325.4 328.5 330 332 330 334.6 339 340.3 344.6 350.6 361.2 372.8 382.1 393.9 406.7 419 434.5 442.9 447.1 438.8 432 429.9 422 431.5 425.7 423.5 420.9 426.1 429.1 429.9 431.4 435.6 443 446.9 443.7 440.9 460 467.9 483.5 499.1 514.2 530.4 552.2 587.2 593.4 591 595 652.5 668.9 643.6 634.8 638.4 626.8 620.3 617.4 593.1 574.7 561 555.5 546.5 539.4 552.5 544.4 553
287.2 287.6 291.4 291.9 293.6 293.7 302.5 306.8 305.1 303.6 304.3 305.7 310.2 313 316.3 318.2 321.9 322.2 321.3 322.5 324.7 327.8 329.3 331.1 338.4 348.9 359.7 366 372.1 380.9 394.3 402.9 409 409.4 408.4 406.1 402.3 393.9 394.6 395.1 396.7 392.7 393 394.2 397.9 401.2 404.9 412.5 408.8 415.1 418.5 427.4 437.7 452.5 468.4 479.3 496.3 511.1 540.1 552.3 563.5 538.5 628.3 626.6 605.6 577.3 581.4 581.3 581.2 567.6 558.8 542 541.4 530.3 528.4 512.5 526.6 523.9 544
294.2 294.6 290.3 290 290 293.9 298 299.1 298 302.6 302.8 303.8 309.4 310.3 311.2 314.5 316.1 317.3 316.7 317.8 319.4 321.1 323.3 326 332.3 337.8 345.6 350.2 355.9 362.1 372.4 379 381.6 382.4 380 379.6 374.9 372.1 368.9 372 369.8 364.8 368.9 370.3 368.5 370.4 373.8 377.2 384.9 390.6 396.9 400.2 409.4 424 434.4 447.8 461.2 480.4 507.5 511.8 522.2 505.2 554.2 554.6 543.2 531.3 522.3 538.9 541.8 526.5 511.8 504.3 510.2 501.7 504.3 497 505.7 507.7 530.5
304.8 301.3 296.8 293.2 292.7 294.5 295.6 298.6 301.7 303.6 305.2 307.6 306.9 308.3 307.9 312.5 315.6 314.6 315.1 316.1 316.5 318.1 320 323.3 327.5 330.5 335.3 337.5 341.4 346.7 352.9 361.5 361.2 361 358.6 358.6 352.5 351 347.8 346.9 348.8 345.9 346.8 349.9 348.4 349.3 353.5 351.2 358.7 368.8 372.9 375.1 387.3 395.5 405.9 416 427.5 443.8 453.8 470.1 491.9 479.8 503.1 514.9 505.3 496.2 483.1 484.7 494.9 486.4 481.1 476.4 481.4 478.5 483.2 469.2 472 495 498.3
320.9 313.6 309.9 305.6 302.2 303.8 303.3 306.2 304.6 307.1 309.3 309.4 308.7 309.1 311.3 314 315.2 315.3 315.1 314.8 315.8 316 317.8 319.5 322.2 325.9 327.1 327.1 328.4 330.9 337.4 344.5 347.7 344.1 342.5 339.1 333.5 334.1 332.8 329.6 331.1 331.2 328.7 332.9 332 333.1 332.6 333.3 335.1 344.7 350.6 353.2 361.6 367.2 376.7 385.9 395 402.2 413.9 424 438.2 445.5 448.5 470 462.3 457.1 444.9 447.8 450.6 445.1 447.6 451.9 457.5 457.2 459 451.5 463.3 484.5 478.3
334 329.2 327.6 326.5 323.3 316.6 311.2 307 307.1 309.3 311.1 310.1 309.2 310.9 313.4 315.1 317.5 318.3 317.4 316.8 316.4 315.7 316 317.8 319.6 321.7 321.8 321.5 319.4 317.8 321.1 327.6 330.7 329.1 328.8 326.3 322.7 318.6 316.1 317.3 315.2 318.6 318.5 319.3 321.2 317.6 318.7 317.4 319.3 325.4 332.1 337.2 339.1 344.5 352.1 361.9 367.2 372.8 382.6 391.5 392.1 405.7 405.3 409.7 412.5 418.3 410.3 416.5 415.2 413.9 420.2 424.6 434.1 438.6 436.8 441 450.6 464.4 459.9
349.6 344.5 344.5 343.9 336.9 325.1 314.6 312.2 314.1 315.9 315.6 317.4 318 319.6 322.3 325.3 322 322.3 322.4 321.8 319.8 320 321.6 323.6 318.5 317.5 317.6 316.8 314.4 311.6 309.7 316.6 318.1 317.5 316.9 315.1 310.4 307.8 306.8 303.9 304.3 306.1 307.4 308.5 306.9 305.5 307.4 308.5 309 312.3 316 318.1 321.2 327.9 333.2 340.4 344 345.9 351.8 357.6 362 378.4 375.4 375.5 381.4 375.8 377.1 387.2 386 392.6 397.8 405.4 410.3 412.8 420.4 424.9 431.6 443.9 443.2
372 366.2 359 360.1 348.7 336.3 323.1 319.2 320.3 318.3 321.2 322.9 323.7 325.7 331.1 328.5 327.8 327.3 331.1 330.1 327 328.1 329.7 329 322.8 319.7 317.9 312.7 310 309 306.2 307.9 309 309.3 307.2 304 302.3 301.1 300.1 298 299.4 299.7 298.7 301.1 301.3 298 299.1 299.8 300.8 301.6 304.3 305.4 309 312.4 320.4 321.4 319.2 322.6 324.2 330 340.4 348.8 347.1 344.3 345.9 346.6 350.3 357.5 365.6 374.3 381.6 388.8 390.7 395.1 403.8 406 413.1 420 424.8
394.5 388.6 376.5 368.7 357.9 345.4 335.1 330.6 326 329.9 330.1 332 331.8 336.8 341.4 341.5 338.1 339.9 340.7 338.3 339.2 340.7 340.9 336.3 334.3 330.3 325.4 316.7 309.2 306.6 304 302.9 302.2 303.1 302.4 298.8 298.1 296.3 294.6 294.3 295.6 295.2 294.7 292.8 292.6 292.1 292.5 293.7 295.9 297.6 297.6 298.5 301.2 303 306.4 305.9 301.2 302.2 304.9 314.6 318.3 322.3 319 319.7 319 324.4 331.9 338.1 345.1 354.1 359.8 367.6 373.9 375.8 387 385.7 394.5 403.4 411.1
418.5 402.9 392.9 381.2 374.8 359.2 344 339.9 334.8 338.4 339.6 341.9 345 350.6 351.6 349.1 346.2 347 351 347.9 349 353.6 352.6 349.6 348.3 341.8 333.2 326.6 318 312.1 305.9 305 300 297.4 297.2 295.4 294.6 293 292.5 292 292.5 290.9 291 290.5 290.3 289.8 290.6 291.9 292.5 294.3 293.5 293.5 295 297.3 296.1 294 289.5 290.3 291.4 298.7 302 303.4 301.6 301.3 301.1 305.7 311.1 317.8 325 334.2 342.1 345.8 352.3 359.9 365 368.4 375.7 384.7 400.6
448.5 429.3 416.4 401.2 383.3 364.1 353.4 348.9 346 348.2 351.6 356.9 361.4 367.7 360.3 356 353.7 360.5 363.8 361.8 368 373.2 369 369.2 364.5 353.2 348.5 338.5 327.2 316.2 309.5 303.6 299.7 296.6 295.2 294.9 293.6 292.8 291.5 291.7 290.3 290.1 289.3 290.2 288.8 288.3 288 287.8 290.3 290.9 290.5 289.9 293.1 293.3 293.1 288.1 285.6 286.7 287.5 288.3 291.2 289.1 288.4 287.4 288.5 295.8 296.6 304.1 310.3 320.8 325.9 329 335.8 343.2 348.5 349.7 360.4 372.2 385.3
479.9 457.2 434.3 415.5 397 374.6 361.4 357.6 357.7 363.2 366.6 372.5 380.2 382.9 374.2 365.1 368.1 376.4 376.1 375.8 385.8 388.4 385.2 383.6 374.8 369.8 356.3 346.2 334.6 326.3 311.5 307.5 304.6 298.4 297.4 295.5 294.7 293.6 293.1 292.6 292.1 290.5 290.6 289.1 292.5 289.3 288.3 289.2 287.3 287.3 287.7 287 287.2 288 287.5 286.5 286.8 286.7 286.7 287.4 286.9 282 279.5 279.7 280.5 283 286.9 290.4 294.9 303.9 307.4 314.7 320.6 327.7 332.9 338.1 346.9 361.3 372.3
509.8 474.3 450.3 428.5 400.1 383.3 374.1 369 367.3 374.7 382.8 390.9 393.3 391.4 380.6 381.4 386.8 392.6 393.2 397.1 402 404.1 405.9 398.6 392.6 377.5 367.1 353.5 343.1 331.7 316.6 314.7 304.6 301 299.6 297.5 295.9 294.4 293.6 293.1 291.1 290.7 290.8 290.7 289.6 289.1 289.1 288.6 290.1 288.2 287 291.1 291 289.6 287 286.9 288.2 290 288.7 289.5 289.6 283.9 279.5 277.2 276.7 279 280.2 283.1 283.3 293.2 297.4 301.7 307.3 314.7 317.6 326 336.7 347.6 359.5
541.2 501.4 464.1 437.9 411.1 392 383.6 382.1 381.9 388.3 397.8 403.5 406.8 398.4 398.6 399.5 406.8 411.5 410.3 417.8 421.8 425 422 415.4 405.1 390.3 375.2 364.6 354.5 340.5 328.3 316 306.9 303.6 300.7 298.6 297.3 295.8 294.2 292.3 292.4 294 292.6 291.5 290.5 289.8 290.2 289.3 290.5 291.6 294 295.1 296.9 296.6 299.7 298.3 298.9 301 297.5 299.3 294.1 291.2 281.6 278.8 276.7 276.8 275.8 279.3 277.9 284.3 288.3 291.3 294.8 300.6 305.8 313.9 324.1 333.5 342.7
