Game/Highland_Data/StreamingAssets/GeoData/Data/nh/NH01.asc
ncols 200
nrows 200
xllcorner 200000
yllcorner 810000
cellsize 50
[rows 70 to 104 of 200, columns 0 to 77 of 200]
562.3 544.3 522.7 507.1 496.2 491 478.6 452.9 422 390.3 360.3 317.1 284.9 250 216.1 187.1 157.2 132.1 117.9 122.2 131.6 141.7 158.3 178.4 197.9 220.9 249.2 274 294.9 319.3 333.8 356.9 381.4 401.8 404.6 402.1 413.6 428.6 441.6 458.2 480.3 493.3 495.9 490.9 457.1 429.3 400.2 377.8 355.6 351.1 359 372.9 382.5 396.9 417.9 447.3 472.4 479.9 487.9 515.1 544.1 571.7 594.3 615.6 616.5 620.9 609 598.7 590.2 593.1 596.1 575.7 557.5 540 520.9 520.5 509.1 492.9
578.6 563.7 548.6 526.2 517.6 510.2 485.8 454.1 410.7 373.1 338.2 298.6 268.7 236 205.1 177.1 150.9 130.1 123.4 131.5 143.8 155.1 173.7 194.7 213.7 238.9 268.6 295.9 324 344.9 363.4 389.5 409.3 431 450.3 457.4 456.6 453.9 473.4 496.9 509.2 518.4 516.1 497.2 459.3 430 403.1 382.6 363.9 360.3 370.5 380.4 398.9 413.1 433.7 464.4 490.9 507.3 530.5 542.6 572 608.9 633.3 647.8 656.3 660.8 645.4 635.2 618.6 621 604.2 583.6 562.5 547.8 533.3 524.6 513.4 490.3
580.9 567 550.8 537.3 523.8 504.5 477.6 438.8 391 346.7 310.6 279.2 250 220.6 192.8 166.6 145.2 130.7 131.3 143.6 157.4 172.8 188 213.1 234.6 261.9 288.1 319.2 351 378.2 404.5 424.7 450.8 467.9 486.6 494.8 495.4 497.1 503.4 529.2 531.8 523 521.2 495.3 465.2 434.8 405.1 383.5 360.2 377.3 376.6 386.3 407.9 422.7 442.2 473.5 500.5 533.2 553.4 573.5 600.3 630.2 656.1 676.7 683 685.4 671.9 656.1 639.1 622.2 600.7 580.2 571.5 552.7 533.5 529 513.7 493.6
566 550.8 528.8 508.6 491.1 471 448.5 410.3 376.3 328.9 294.7 261.2 230.7 206.9 181.9 158.3 140.4 134.3 139.3 153.1 171.6 187.8 202.3 228.9 256.1 277.6 306.6 339.6 373.9 405.5 443.8 466.7 486.8 509.4 525 538.6 535.1 538.7 549.9 573 578.6 551.1 516.6 496.8 463.1 436.7 409.4 386.4 371.6 369.3 378.3 387.6 406.4 422.2 444.6 472.7 498.5 527.5 549.7 578.3 613.5 648.5 672 694.9 706.2 706.5 691.2 666.4 645.9 623.6 600.1 581.8 569.8 551.9 539 533 514.9 487.4
526.1 506.7 482.3 469 450.5 428.1 407.4 380.8 355.1 313.8 278 246.8 219.2 192.1 171.2 154.4 140.9 136.9 145.8 153.8 174.8 199.1 220.7 243.1 274.7 295.8 324.3 359.4 397.4 434.7 472.1 503 526.3 547.3 567.9 584 574.7 585.7 600.5 608.1 593.1 562.4 531.6 501 469.3 442.4 417.1 395.9 383.1 378.2 375.5 386.9 402.6 419.1 445.3 469.6 492.7 517.1 542.4 577.1 619.1 650.3 686.4 713.1 725.2 726.3 715.5 685.6 653.7 623.5 602.6 585.2 568.9 559.8 552.7 535.4 519.9 490.6
489.8 464.1 441.3 426.1 410.5 391.1 363.2 337.6 318 291.8 258.3 231.1 204.4 181 164.9 153.3 145.1 144.7 152.3 164.3 184.2 210 233.2 261.2 283.3 314.2 346.1 379.3 415.8 461.7 494.1 534.6 568.9 593.4 612.6 617 623.6 631.8 627 618 594.2 564.6 539 515.1 487.4 450.4 423 403.6 390.8 383.8 385.1 386.6 396 413.6 433.8 458.7 483.3 508.7 540.3 585.2 613.2 647.9 691 716.1 731.7 731.6 720.6 692.6 658.7 637.9 611.9 592.5 574.1 567.1 559.6 537 520.4 497
448.7 422.2 405.5 390.6 369.4 353.3 327.2 304.1 281.2 259.5 233 208.4 186.9 171.9 163.4 152.5 153.9 154.7 162.6 173.1 194.9 221.2 245.4 273.6 302.8 328.5 354.7 393.6 432.1 474.3 509.4 546.5 585.5 619.3 642.1 655.6 656.7 653.8 644 632.3 603.4 577 550.3 524.8 494.7 458.6 430.2 410 397.4 390.2 401 400.9 401.2 406.3 423.6 448.4 477.8 504 534.2 566.8 601.3 650.4 690.1 713.8 737.2 740.5 722.4 690.8 670.5 650.4 627.3 597.8 581.7 566.2 555.9 541 519.4 506.2
414.4 392.4 373 357 334.9 316.2 299.4 276.8 251.4 230.2 204.7 177.2 178.2 178.2 173.1 169.9 168.7 170.6 174.3 184.8 205.5 233.7 258.7 286.4 314.9 349.2 377.2 380.5 435.2 483 523.3 558.3 597.2 634.3 664 680.1 684.6 672.9 655.8 641.3 617.2 591.6 564 541.2 506.6 473.8 444.9 419.5 410.3 412.3 421.7 428.1 422.1 409.1 426.1 445.3 469.8 497.2 530.8 564.2 612.5 658.1 688.9 714.2 732.3 737.1 718.3 693.1 677.7 661.8 634.8 607.3 591.9 575.8 552.2 535.8 518.5 503
381.4 361.1 340 323.6 307.3 290 272.9 255.5 235.4 206.1 205 202.5 198.8 193.8 188.7 187.5 188.1 186.3 181.8 195.6 217.8 242.8 270.6 299.3 329 362.8 397.7 421.5 425.5 477.8 524.4 565.7 606 643.5 673.6 703.1 702.1 684 670.8 651 628.2 603.7 579.4 555.7 518.9 487.1 461.6 448.7 443.5 444.9 448.6 455 435.9 418.4 436.2 452.3 470 499.7 529.2 561.9 608.4 653.3 681.3 708.2 724.4 736.4 727.8 695.6 674.7 658.5 635 610.3 591.4 569.3 551.7 532.4 518.5 503.7
352.9 337 316.5 298.4 279.5 264.3 248.3 233.4 217.4 220 226.2 224.5 222.8 213 209.7 209.2 206.6 200.3 193.5 206.5 227.2 252.7 281 311 343.1 377.3 417.6 456.6 476.7 502.4 526.8 568.9 610.6 649.8 689.5 720.4 716.4 698.9 681.9 657.4 629 605.9 585.2 558.4 533.6 507.6 487.1 488 482.1 473.8 476.7 470.8 445.1 421.9 442.7 460.8 474.6 499.9 528.4 562.2 605.2 645.2 675.3 706.1 722.3 732.7 727.8 700.3 671.7 657.8 635.8 607 590.1 569.6 559.2 528.3 514.9 505.1
330.8 309.9 290 272.5 252.8 242 233.8 229.5 231.5 235.9 248.4 244.9 243.7 239.2 234.8 229.6 221.2 213.8 208.4 217.5 238.9 263.7 291.7 320.5 357.7 398.2 439.6 479.6 514.2 525.6 556.2 575.9 616.1 656.5 700.4 729.4 728.8 708.9 683.4 656.3 630.3 607.4 589.5 570.6 547.9 528.3 514.7 504.9 505.6 514.1 503.7 479.4 455.9 436.4 441.9 459.2 481.6 505.2 529.2 564.1 604.1 639.8 668 703.9 719.6 728.2 724.6 699 675.9 649.3 624.7 605.3 586.4 570.4 564.3 542 523.6 506.8
314.3 292.4 272.2 258 254.4 249.5 249.7 247 248.4 253.2 264.5 264.7 262.7 262.2 256.3 244.2 236.3 227.4 220.6 225 245.4 271.1 299.4 327.2 364.5 409.3 456.6 500 535.1 570.4 577.2 610.7 632.1 661.2 710.5 742.3 734.8 709.3 684.1 655.8 636.5 615.6 602.4 578.8 559.9 544.6 535.2 531.9 534.2 525.8 507 484.8 470.3 454 444.2 459.3 483.8 503 529.3 559.9 602.1 629.5 669.6 706 718.8 730.4 725 702.8 677.1 648.2 621.4 603 586.5 569.3 559.9 543.2 524.6 507.1
298.1 282.5 276 276.4 271 269.1 266.8 264.7 268.3 277.7 285.9 291.2 285.4 289.2 274 262.6 254.4 242.8 233.4 235.6 251.2 275.9 306.5 340.1 378.7 414.7 458.2 509.8 552.6 587.3 618.9 630.9 666.7 698.2 722.1 748.9 740.1 714.8 685.1 659.7 640.5 628.1 607.9 589.3 573.4 557.6 547.8 548.5 552.4 532.1 504.3 499 486.1 466.3 458.3 460.6 480.9 502.8 529.6 562 592.3 623.4 669.4 700 721.1 730.7 726.1 702.6 677 642.7 615.4 598.1 583.9 568.7 556.2 537.3 520.9 508.1
310.4 301.2 295 293.4 294.8 293.7 291.7 291.6 300.2 308.1 315.8 322.3 315.3 306.4 292.3 280.7 269.6 261.1 248.3 246.1 263.1 282.8 310.3 344.1 386.3 428.5 468.1 513.5 554.3 582.9 618.2 656.3 699.9 736.5 756.4 763.1 748.4 713.5 688 664.1 649.3 632.9 617.6 601.1 584.2 568.4 560.4 567.5 552.6 526.4 519.3 516.4 500.2 488 460.8 467.6 485.3 507.4 531.5 563.2 592 624.6 655.5 691.8 724.2 733.3 728.7 701.5 675.8 641.2 616.9 596.6 581 571.7 567.5 554.4 531 515.8
331 326.8 323.7 319.2 319.8 319.5 323.4 326.3 333.6 344.9 346.9 349.2 342.2 325.9 310.7 299.8 285 273.3 259.6 255.3 269.3 291 317.9 347.9 388.7 430.8 478.3 522.1 565.5 603.2 635.6 667.5 713.6 750.7 767.4 774.2 744.6 709.3 683.1 670.8 657.2 641.6 625.7 610.6 593.6 579.3 575.2 575.6 553.4 541.9 540.6 524.2 513.1 489.9 464 480.7 497.4 520.9 543.1 572 601.3 627.2 654.3 690 722.7 737 730 706.1 680.3 658.2 626 601.4 584.5 577.5 571.5 561.9 549.1 531.2
359 358.1 355.1 348.7 352.8 352.9 350.2 358 367.9 374.6 374.8 372.3 356.4 342 327.3 314.8 303.1 285.3 267.9 260.2 276.8 297.5 324.1 357.1 393 432 474.2 525.6 562.4 599.8 640.1 679.6 721.9 753.7 771.5 780.2 749.8 715.8 692.4 678.4 662 650 634.7 619 600 587.8 582.7 574.6 558.8 558.3 546.9 535.7 513.7 488.4 471.5 495 514.3 537.4 559.6 585.9 618.5 639.1 664.4 704.1 733.6 744.1 735 706.5 680.2 666.9 642.2 614.4 597.6 588 576.8 571 563 540.4
382.8 386.3 387.1 389.3 402.5 397.9 388.4 395.7 399.5 400.1 402.5 388.9 371.9 355.1 342.3 328.2 314 296 288.4 286.2 280.7 303.1 329 360.4 397.9 440.2 481.8 521.5 557.8 596.8 636.7 677.2 715.2 747.9 775.8 786.4 755.7 722.4 701.5 684 667.3 659 647.4 629.5 616.4 603.8 596.3 575.5 570.4 567.1 555.6 537.1 514 494.3 480.7 504.3 529.6 553.6 575.4 602 626.5 656.5 682 717.8 741.8 749.8 736.1 708.6 683.9 667.7 650.7 634.2 622.5 604.7 601.9 589.8 575.9 546.2
414.5 418.1 419.2 428 437 432.9 427.1 431.8 433.9 429.9 423.3 406.4 390.9 374 358.2 343.1 328.1 314.8 308.7 301.9 288.6 307 333 363.6 399.4 442 491 522.9 556.7 595.4 633.8 674.1 711.9 745.2 777.3 794.2 757.1 730.7 712.1 695.3 680.8 668.4 656.5 645.2 634.5 624.1 606.7 596 585.5 576.2 555.3 535.6 519.1 501.7 487.5 509.4 539.7 565.4 587 612.4 641.3 670 698.4 727.6 750.9 752.6 741.1 714.4 687.8 667.4 654.4 644.2 633.9 621.6 611.2 593.8 573.9 548.2
449.5 454.1 463.6 457.8 461.6 461.9 461.4 465.9 462.8 455.8 441.4 423 409.5 395 379.7 359.1 349.7 339.2 328.8 320.1 309.6 313.5 337.5 369 400.4 438.7 485.5 516.7 554.1 590.6 627.3 673.7 709.3 744.9 779.5 801.4 768.6 741.8 720.7 703.9 693.9 679 669.7 659.7 646.9 631.9 622.5 617.8 596.1 570.8 562.9 553.4 528.9 510 493.8 518.2 542.8 568.7 594.2 620.5 649.9 682.7 708 733.6 756.3 760 748.4 725.5 697.9 673.2 656.9 645.8 637.3 627.2 613.3 593.6 571.2 548.8
493.7 493.5 499.3 496.9 490.3 487.9 486.8 490.7 492 478.1 459.8 442.1 429.1 413.1 397.7 380.7 376 361.6 353.3 338.3 325.4 326.6 332.4 366.1 396.1 438.9 475.3 506.7 543.9 580.6 617.7 668.8 705.6 742.1 780 799.4 783 745 726.8 713.4 704.3 693.3 681.6 667.1 650.8 641.2 641.9 628.1 599.3 588.1 582.4 557.8 536.4 517.4 501.5 525 546.1 572.9 597.7 625.3 661 692.6 720.6 743.9 761.9 767.6 756.4 734.5 707.3 676.8 660.9 653.4 640.4 628.5 611.2 591.8 568.8 544.3
539.6 540.2 534.9 524.8 516.7 518.7 524.2 521.9 516.3 496.6 475.1 459.7 446.7 437.3 419.4 409 399.4 388.1 380.8 366.5 353.7 355.9 364.2 371.1 390.7 430.5 467.2 500.1 543.4 584.3 623.3 662 698.9 736.5 774.5 800 780.2 749.9 735.8 722.6 710.1 701.7 693.2 676.9 664.7 659.4 650.9 629.1 623 608 582.3 563.6 543.4 526.2 511.3 530.4 551.6 579 602.4 631.4 665 698.2 727.1 755.7 771.3 773.2 762.4 735.4 707.8 679 666.5 654.4 642.4 627.1 607.9 586.7 565.2 544.9
572.9 578.7 566.5 544.8 544.7 550.2 550.6 548.6 537.9 514.5 499.1 480.7 465.7 453.6 444.8 437 429.2 419.8 404.7 390.5 379 379.4 383.9 399.3 414.7 424.2 463 497.5 542.7 586.2 630.7 672.8 704.8 742.1 776.9 800.3 783.4 756.4 744.9 735.2 723.7 714.7 701.1 687.6 678.2 664 644.4 652 648.1 620 594.8 568.8 555.1 536.6 524.4 533.4 556.6 583.2 608.6 631.7 662.2 697.4 730.4 763.6 781.2 779.1 765.6 735.1 704.3 678.5 665.7 655 643.6 626.2 607.5 583.9 563.7 550.4
605.1 598.1 582.4 571.3 573.9 576.8 584.6 578.3 554.1 532.4 515.1 496.7 485.6 471.2 465.9 463.9 458.2 448.9 434.4 411.5 399.9 401.9 408 422.6 445.6 459.9 478.6 506.3 548.9 591.3 640.5 679.2 716 752 782.2 809.6 790.7 767.1 753.8 747 733.6 720 708.4 698.5 683.6 671.3 668.1 665.7 654.2 629.4 605.3 593.1 570.1 552.5 530.2 541.1 564.2 591.5 617.8 637.2 667.7 700.7 737.6 767.2 788.8 786.5 767.4 735.7 700.5 675.2 660.4 651.6 638.1 624.3 605.2 584.9 564.5 556.4
630.5 619.2 601.6 587.4 597.5 609.6 619.6 598.4 572.8 552.3 536.3 516.9 497.6 489.3 482.1 480.9 474.8 465.3 451.1 432.4 412.4 420.5 432.3 449.6 462.5 481.1 498.7 526.2 563.6 602.4 647.5 686.8 723.9 760 794.2 821.8 807.3 784.4 773.3 760.7 742.1 729.9 715.6 710.2 699.8 694.5 691.7 677.3 667.6 649.3 630.8 603.8 579.7 560.6 536.3 551.8 575 599.4 623 645 673 704 747.2 777.4 794.2 786.3 759.6 730.9 697.6 669.6 656 649.1 636 620.5 601.7 583.8 568.7 566.4
657.4 641.2 626.4 629.9 630.9 643 641.3 612.3 593.3 574.3 557.3 540.8 524.6 517.3 511.5 502.9 488.8 476 460.7 438.8 427.2 436.5 451.5 466.9 476.7 494 516.9 540 578.1 615.4 656.2 696 735.2 770.8 805.3 835.8 823.1 798.9 785.7 772 759.4 745.9 738 731.7 728.5 719.2 708 695.9 683.8 666.2 639.5 612.1 584.3 561.5 541.8 563.1 585.2 610.2 629.9 648 674.6 707.3 752.4 790.1 799.2 784.3 754.9 732.7 696.1 670.1 658.5 650.9 636.1 617.9 598.2 585.5 570.1 579.3
690 671.9 657.9 660.9 667.2 665 654 624.4 606.9 590.1 574.1 555.9 544.6 531.7 530 514.9 501.2 485.3 465.4 446 442.2 457.3 469.4 479.6 489 510.1 534.8 558.8 582.3 622.2 664.3 703.1 741.9 775 812.6 846.3 846.4 819.3 806.9 793.6 781.2 769.5 762.1 754.7 743.4 732.8 720.4 708 688.5 669.3 642.9 612.2 585.2 561.9 552.6 571.3 598 621.3 639.1 655.4 680.4 713.1 756.3 795.3 808.8 791 765.1 737.9 705.7 680.6 665.5 652.8 635.8 617.4 602.2 590 582.8 588.1
710 700.4 695 694.6 695.1 697 663.3 636.3 621 604.5 586.9 568.2 556.7 542.8 529.7 517.7 501.9 487 470.5 450.8 451.2 465.6 478.7 486.2 499.6 521.9 555.3 585.2 607.3 610.7 665.5 706.9 750.2 780.9 817.5 851.7 869.8 847.9 826.3 811.2 796.3 780 770 755 742.6 733.8 723 707.4 691.9 668.9 640.9 609 583.7 565.6 556.3 578.7 605.3 632.6 648.8 667.5 691.1 721 754.4 794 816 816.4 786.7 753.3 727.9 698.9 683.1 659.1 650 629.6 610.8 591.2 592.4 598.3
728.7 724 718.9 719.3 721.2 704.6 669.2 648.6 627.9 612.3 596.6 578.7 563.6 548.6 532.5 518.4 502.5 487.3 468.8 451.5 456.3 468.9 481.1 495.1 513.1 541.3 571.6 601.6 633.4 660.8 669.2 706.1 748.3 787.7 825.3 858.5 885.4 876 844.3 820 806.5 791 770.7 747.8 733.3 725.8 718.4 708.2 693.1 671.6 638.2 619.2 586.4 565.7 566.6 589.6 616.6 643.1 666.9 691.4 710.4 739.7 769.3 810.9 833.9 825.5 795.9 770 747.3 727.2 707.4 678.3 659.6 640.5 618.6 599.9 606.8 614.2
752.7 744.1 736.2 732.8 731.9 698.3 676.2 658.8 636.2 619.8 604.5 591 573.1 551.3 532.9 516.5 498.7 482.2 466.4 456.1 462.1 472 488.8 503.4 529.1 555.7 591.9 623.1 653.1 689.2 719.8 737.2 754.9 794.7 833.9 869 898.9 868.9 845.3 833.2 818.7 793.1 761.4 746.6 725.2 719.3 716.5 705.8 691.3 666.5 634.9 606.1 585.8 568.3 578.3 599.8 626.6 655.2 686.2 718.9 746.7 787.5 808.4 839.4 842.5 815.8 790.6 769.1 753.4 733.1 711.1 681.4 661 645.1 627.1 621.3 622 631.1
747.5 744.9 738.8 729 719.9 694.1 676.6 659.1 648 631.3 613.7 594.2 575.2 544.7 535.5 523.4 514.3 492.2 472.6 461.6 465.2 478.1 494.2 515.9 539 567.3 601.6 638.3 672.3 709.6 746.6 775.2 794.4 813.9 854.6 888.3 904.2 864.7 850.4 841.5 823.6 801.7 765.4 733.5 720.1 711.4 707.9 701.3 684.8 659.9 625 602.4 585.6 577.5 591.9 611.1 639.3 673.2 704.9 744.9 784.9 820 849.2 859.9 827.4 812.1 791.3 760.8 740.4 722.1 700.8 683 666.8 650.8 635.9 635.1 638.9 653.1
774.1 762.1 756.1 745.4 707.1 684.1 667.6 657 646 627.7 609.5 591.5 584.8 572.5 562 552.7 537.3 507.8 483.3 474.5 481.3 495.8 513.1 519 556.7 578.8 606.2 625.5 681.6 717.7 756.7 793.7 830.8 855.3 874 910.8 899.7 870.6 857.4 840.5 820.7 799.6 767.1 730.2 712.7 700.3 699.7 693.1 675.8 647.7 621 603.2 591.5 592.4 602.1 623.6 653 687.3 723.6 764.7 808.4 841.8 861 852.8 823.4 802 781.9 747.7 726 715.8 698 688.6 671 655.1 643.9 649.1 656.2 669
792.1 784.6 781.9 753.2 717.6 695.1 681.1 664.8 652.9 637.9 622.1 619.2 612.4 603.9 588 565.4 542.6 524.1 497.8 498.1 507.8 524.2 540.9 556.1 571.4 594.9 620.3 661.1 686 712.8 746.3 792.5 837.6 875.5 904.7 925.5 902.5 883.5 868.4 852.8 824.6 798.2 761.5 735 717.6 704.4 698.5 689.5 659.9 637.4 628.2 615.4 598.9 607.3 619.5 640.9 668.6 706.5 745.3 784.5 829.9 861.8 862 849.7 817 792.1 769.7 737.2 713.2 704.7 700.8 700 692.8 672.8 664 664.6 669.6 685.2
801.9 797.4 794.4 759.4 734.9 711.3 696.3 685.6 673 663.7 652.2 644.5 642.8 631.7 605.1 579.8 557.6 529 511.2 525.8 539.6 553 569.8 586.4 593.7 604.6 634.7 682.6 715 737.9 772.3 808.6 844.8 882 917.9 942.9 914.5 893.3 880.3 864.8 841 803.6 777 752.3 735.7 718 702.9 681.1 661 650.9 634.8 619.9 611.2 624.2 639.2 659.3 687.2 719.7 752.1 791 843.5 868.6 861 837.6 811.6 782.3 754 724.2 704.4 697.1 695.8 695.7 693.5 680.6 678 681.2 696.7 700.9
813.5 810.3 806.6 776.9 752.7 730.2 720.7 714.3 716.2 694 682 679.5 675.4 644.3 618.3 591.1 569.4 540.7 533.7 551 571.3 584.5 604.1 615.2 614.1 632.3 651.2 674.3 713.7 763.9 798.7 831.9 864.4 900.3 934.4 956.5 933.4 920 909 880.5 846.7 814.2 796.5 771.3 747.2 731.2 716.2 702 687.5 675.1 658.2 633.5 627 647.5 665.5 687.1 709.5 749.6 768 804.6 849.8 876.5 851.7 825 794.9 760.8 743.9 720.7 708.2 702.9 699.8 697 694.9 695.5 696.7 704.8 717.1 726.6
838 837 836.4 804 779.9 759.2 752 750.5 736.8 729.8 722.8 715.7 681.7 655.4 624.9 598.7 579.7 565.7 565.4 574.9 601.2 616.2 629.5 638.8 647.6 662.7 683.9 690.8 716.3 755.8 798.7 846 884.4 919.1 942.3 941.4 948.3 945.8 940.7 903.4 860.3 827.7 799.2 779.1 768.7 754.9 749.5 737.2 721.2 698 666.2 645.6 654.2 674.1 697 716.5 748.8 772.6 795.4 825.7 868.1 877.3 843.4 813.4 791.4 771.4 752.5 740.7 731.5 723.5 713.6 709.9 708.3 719.8 722.3 736 748.6 762.7
