Game/Highland_Data/StreamingAssets/GeoData/Data/nh/NH03.asc
ncols 200
nrows 200
xllcorner 200000
yllcorner 830000
cellsize 50
[rows 70 to 104 of 200, columns 78 to 155 of 200]
309.6 310.3 316 313.1 311.5 311.6 314.2 316.2 322 316.7 310.1 305.3 299.7 296.8 297.6 299.7 298 290.2 287.9 287.1 285.9 278.5 278.5 282.4 272.8 266.7 267.5 267.7 266.1 263.5 259.8 260.7 257.4 258.3 259.2 261 262.6 256.4 256.3 255.2 254.7 256 254.4 254.7 255.7 255.7 255.4 255.3 255.8 256 254.8 255 255.5 257.6 259.4 259.5 258.8 259.5 258.4 258 258.4 260.9 262.1 264.4 266.9 273.4 278.6 275.1 273.4 267.9 261.8 262 261.3 264 262.7 262.3 263.1 266.2
296.5 300.2 298.2 296.8 298.2 304.7 306 306.1 314.8 306.1 302.5 301.8 291.4 291.1 288.5 289.2 290.2 281.8 278.2 277.4 269 274.2 273.9 271.1 269.9 262.4 259.2 257.9 257.3 254.4 254.3 254.3 254.3 254.3 254.3 256.6 254.3 254.3 254.6 254.5 254.4 254.4 255.5 255.2 257.7 259.3 257.2 257.9 258.1 260.2 259.7 261.1 263.4 264.5 269.1 274.1 270.9 265.4 262.4 261.7 261.7 260.7 261.2 260.2 260.4 262.6 262.8 262.1 262.1 261 261.4 260.4 260.6 261.1 261.7 262.6 264.2 265.7
297.4 303.7 293.3 286.7 287.7 289.6 295.4 295.9 295.9 293.5 292.4 289.7 282.9 284.4 283.5 282.9 280.5 272 267.8 266.8 265.1 264.5 263.8 259.8 256.9 256 255.8 254.7 254.3 254.3 254.3 254.3 254.3 254.3 254.3 254.3 254.3 254.3 254.3 254.3 254.6 254.5 254.4 254.4 257.9 260.2 261.6 263.5 264.8 266.4 269.5 268.9 270.7 273.1 293.2 302.1 293.7 284.1 282.1 280 276.9 269.1 267 265.3 262.9 262.2 262.1 262.2 261.2 261.1 260.1 261.3 261.5 261.6 262.9 260.6 263 263.5
281.4 292.4 287.9 280.1 276.5 279.4 279.7 283.7 287.6 285.1 282.6 282.5 283 273.6 274.7 271.8 268.9 264.7 260.9 265.5 254.9 254.8 256.2 255.9 255.5 254.8 254.7 254.4 254.3 254.3 254.3 254.3 254.3 254.3 254.3 254.3 254.3 254.3 254.3 254.4 256.1 255.9 256.6 257 259.9 263 267.3 270.9 270.3 272.4 272.4 273.1 278.7 289 306.2 313 306.1 306.3 292.8 292.2 292.2 288.4 278.6 272.1 271.1 267.4 269.9 261.1 261.2 261.7 260.6 261.3 262 262.8 265.8 261.6 261.8 263.5
268.5 274 274.4 272.1 270.6 271.5 272.8 273.6 276.4 284 291.3 283.4 273.8 266.9 267.1 265.1 259 259.8 254.8 254.8 255.2 255 254.9 254.6 255.6 255.3 254.5 254.4 254.3 254.3 254.3 254.3 254.3 254.3 254.3 254.3 254.3 254.3 254.3 256.7 259.1 258 258.9 262 264 267.3 274.5 275.8 277.6 279.2 278.5 287.1 292.3 302.9 310.8 311.1 312.5 313 310.5 313.5 315.3 309.3 304.3 285.8 273.4 269.1 265.5 261.2 261.3 261.8 261.7 261.4 262.1 262.8 262.4 261.6 261.7 261.3
260.3 262.7 261.6 260.6 259.9 262.1 264.8 262.9 265.6 271.7 279.6 278.7 263.6 259.2 260 259.9 256.5 255.4 255.4 255.5 255.6 256.3 256.2 255.9 256 256.2 255.6 255.3 255 254.3 254.3 254.3 254.3 254.3 254.3 254.3 254.3 254.3 257.2 258.4 260.7 262.2 263.5 269.1 270.2 273.9 275.8 279.8 282 285.1 288.1 295.2 301.9 314.6 316.1 316.9 317.4 318.1 318.9 313.1 308.7 306.7 301.2 293.3 283.8 275.4 268.4 262.6 261.2 261.6 261.9 262.3 262.1 262.8 263.4 263.4 262.4 261.6
255.2 258.1 253.5 253 254.8 254.5 254 254.7 256 255.7 257 258.2 253.5 254.2 258.6 256.6 260.8 255.3 255.8 255.8 255.2 256.2 257 257 256.8 257.1 256.6 256.2 255.7 254.8 254.3 254.3 254.3 254.3 254.3 254.3 254.3 254.6 258.6 261.9 262.6 266.9 271.5 278.1 283.5 287.1 290 290.4 299 297.3 298.1 307.3 318.3 329.5 327.7 328.3 324.9 322.3 321.4 317.9 314.8 310.3 308.7 303.1 294.2 289.5 278.3 272.3 266.1 263 261.5 261.9 262.4 262.3 262.5 263.1 262.9 262.1
253.3 252.4 249.5 248.6 251.4 253.7 253.4 252.5 252.3 252.6 253 253.6 254.2 253.6 254.9 255.5 255.2 256.3 257.4 256.3 256.5 257 257.2 257.4 257.6 256.5 257.5 257.1 256.5 257.3 255.2 255.1 254.4 256.8 256.6 257.7 255.2 259.9 265.3 267.8 273.9 280.9 286.4 296.1 302.1 305 308.3 307.4 314.9 319.8 322.4 340.8 338 342.9 344.6 342.9 337.6 332.4 329.2 327.7 323.1 321.7 321.4 313.1 302.8 297.1 292.9 280.2 272.2 266.6 265.6 262.9 262.4 262.9 262.6 262.5 263.9 262.5
248.8 252 256 256.1 255.4 256.8 256.4 256.7 255.8 254.9 254.4 256.4 255.3 255.5 253.1 254.7 259 257.5 258.7 256.9 258 257.7 257.5 257.5 258.4 257.5 258.5 260.2 260 261.3 258.6 258.7 259 260.2 261.3 259.5 261.2 264.6 274.5 284.7 288.9 298.4 307.1 311 316.9 324.4 332 335.8 341.1 342.4 346.5 360.8 359.1 355.9 353.2 350.8 347.7 345.1 340.4 336.7 331 327.2 322.4 315 309.5 304 302 290.8 281.5 273.8 270 267.4 265.9 265 264.5 264.7 263.7 263.5
258.6 259.1 258.4 257.5 258.5 257.6 257.5 260 258.4 261 264.5 265.4 262.3 256.5 257.1 261.8 264.9 259.5 259 259 257.7 257.3 258 259.5 259.8 259.9 260.3 260.2 260.9 260.3 259.9 259.8 261.3 264.9 265.6 265.4 268.5 278.3 285.6 295.1 305.3 316.2 322.8 332.1 343 349.5 351 354.2 358.6 361.1 363.2 375.3 371.5 363.3 361.5 358.6 357.4 353.4 349.9 344.5 340.1 337.5 329 320.2 318.2 314.7 310.8 302.4 293.4 287.6 278.9 273.5 271.1 268.7 268.6 267.3 266.7 265.9
277.2 275.3 273.9 263.7 262.7 261.5 260.3 264.1 267 261.9 263.9 264.9 260.1 256.8 259.6 263.4 262.5 262.3 260.7 259.4 259.2 259.9 260.2 261.5 261.5 262.4 260.7 261.7 262.9 261.8 262.8 262.1 266 267.4 271.8 275.7 281.4 286.7 294.4 312.8 332.8 337.3 351.9 355.5 361.1 364.6 366.5 369.4 374.1 374.2 381.5 381.5 373.6 370.3 368.9 370.5 370.3 367.3 361.4 355.8 351.3 345.9 340.2 328.9 325.9 318.6 316.7 308.8 308.5 301.1 285.1 279.6 276.4 274.1 272.4 272.1 270.9 268.3
282.4 288 291.9 284.8 283.4 273.3 276 276.1 272.1 264.8 264 262 262.3 262.1 264 264.6 263.1 264 264.2 260.5 260.4 263 264.3 266.2 266.7 266.3 266.7 265.7 266.8 266.8 266.1 267.8 271.4 273.1 278.2 284.4 292.7 296.9 310.2 335.6 349.8 357.1 369.3 379.3 379.7 381 386.1 387.9 387.2 385.6 386.1 382.2 380.4 378.9 375.8 375.6 375.5 376.1 372.2 369.1 361.8 356.7 351 342.8 339 327.6 320.2 314.7 315.8 306.5 297.8 288.7 283.7 279.2 278.4 275 275.4 270
295.8 303 310.8 305.4 299.3 296.9 301.7 303.9 290.2 276.7 267.9 265.9 265.6 269.2 285.6 274.9 267.2 265.2 263.9 262.4 261.9 262.9 265.4 268.2 270 266.6 273.5 270.8 270.8 274.8 271.9 274.7 280.5 282.3 287.2 298.1 306.9 312.6 326.5 352 365.9 365.5 376.5 388.1 393.2 392.8 393.1 397.8 399.5 392.8 386.5 385.6 382.8 383.2 380.5 379.7 377.8 377.6 375.5 370.7 366 361.3 356.5 348 342.4 335.4 325.1 317.4 316.4 312.1 305 294.2 287 285.3 282.7 278.7 275.3 271.9
313.7 312.9 314.4 315.6 314.8 324.9 333.7 311.6 298 288.1 275.3 271.1 273.7 280.8 291.1 282.2 272.3 266.1 264.4 264.2 264 266.6 267.4 269.4 271.7 272.4 273.1 277.3 278.3 279.4 280.7 285.1 287.9 292.7 299.3 311.2 318.9 323.7 337.9 370 378.3 376.9 386.8 394.4 394.5 394 395.2 398.2 392.3 389.6 390.3 392.6 391 392.6 389 393.9 397.3 400.8 396.7 382.2 376.5 371.8 365.7 357.2 349.6 342.4 333.3 322.9 318.7 320.1 310 303.4 292.1 287.4 286.2 280 276.8 274.2
333.1 328.1 323.9 321.7 326.9 331.7 323.5 314.2 300.9 295.9 284.7 282.7 276.5 284.3 285 280.2 271 268 268.4 268.1 270.7 272 272 272.5 273.3 272.5 270 275.7 283 283 287.6 295.9 295.2 300.3 312.3 323.6 331 343.1 360 369.6 381.2 387.8 391.6 393.9 397.3 399.8 395.9 396.8 391.2 393.3 396.6 395.8 395.1 398.9 400.1 403.8 415.6 418.4 415.3 401.3 406.1 398.9 388.1 373.5 359.8 352.9 347.8 338 324.8 319.5 311.5 306.2 296.8 291.4 287.2 282 279.3 274.4
367.5 349.6 340.2 333.7 335.4 334.4 324.1 312.7 310.4 299.1 302.7 296.4 286.3 289.6 283.2 277.9 275.6 275.2 273 276.6 275.9 276 276.2 274.7 275.3 276.4 275.9 275.9 280 286.3 289.5 299.7 301.5 311.9 320.3 329.4 338.9 356.2 366.9 378.4 388.7 392.3 396.3 398.4 398.9 394.8 393.7 392 391.2 395.6 400.9 404.2 415.9 416.5 419.5 423.7 421.4 419.2 421.7 422.2 423.8 419 404.5 394.2 389.5 376.5 364.7 358.7 338.8 327.8 318.6 307.2 298 294 291.9 285.3 282.3 279.2
380.9 367.2 355.4 343 346.8 337.7 332.9 324.6 314.2 312.1 307.9 300.1 296.6 289 287.5 280.4 286.9 282.1 283.2 282.8 284.6 282.6 281.6 280.2 281.5 279.9 277.6 281.7 282.6 283.9 290.5 296.6 303.3 311.9 323.1 331.5 342.9 356.1 369.5 382.2 386.2 387.1 385.6 391.3 398.7 392 394.3 394.3 395.5 402.3 405.9 416.6 424.6 429 428.6 439 437.2 434.5 433.3 441.3 440.3 429.9 418 418.4 416.4 401.3 387.9 382.2 365.8 353.2 337 316.8 306 299.9 298.3 291.9 287.3 288.7
390.1 378.1 363.9 356.1 350.5 341.5 336.6 339.4 331 326.9 315.1 306.5 299 291.7 287.6 283.5 289.6 291.7 290.9 290.8 290.4 288.8 287.7 285.6 284.9 283.9 282.7 287.2 291.3 290.1 291.8 296.5 303.7 309.6 322.2 333.4 346.4 360.4 367.3 373.3 380.1 385.8 387.9 392.6 392 386.6 385.5 388.3 398.3 407.8 420.7 427.8 426.8 436 443.5 450.2 446.1 441.2 445.1 452.1 450.8 448.6 446.7 446.4 436.9 437.6 429.9 420.2 400.4 385.6 356.9 337.2 327.7 315 304.8 302.3 301.7 295.7
394.1 381.9 378.4 365.7 357.8 349.3 343.7 334.7 330.8 321.7 316 308.8 302.2 294.7 290.4 289.1 291.4 295.3 298 295.7 294.9 296.2 292.2 292.2 290.2 290.6 290.2 292.8 295.6 294.9 294.9 298.4 301.8 310.8 322.5 335 349.9 364.2 371 376.8 384.4 387.9 383.1 384.3 380.9 382.1 388 396.6 403.7 413.5 427 430.7 431.4 444.9 451 452.9 447.7 451.5 459.6 466.2 474.4 472.4 469.7 469.4 464.6 459.8 449.6 434.8 420.3 422.5 402.9 388.4 364.5 343.3 330.9 317.7 307.6 305.3
401.2 395.1 384.5 375.4 364.2 355.7 345.8 339 329.8 322.5 314 307 301.4 301.2 293.7 290.8 292.9 296.9 299.7 301.9 303.6 301.9 300 296.8 296.4 295.9 298.5 302.5 304 304.5 304.9 308.8 314.3 318.6 328.5 338.8 355.5 371.8 382.3 390.7 391.8 385.9 382.5 381.2 381.1 386.3 391 396.6 408.3 420.8 429.7 429.3 443.8 448.5 448.4 447.9 458.3 465.3 474.6 484.1 500.6 494.1 485.7 482.4 473.4 465.5 452.4 449.7 446.4 443.7 427.4 409.4 391.3 371.5 354.8 345.1 324.1 315.5
408.9 400.4 389.5 382.2 370.9 358.7 350.4 341.5 329.9 322.9 319.1 307.9 303.6 302 297.7 296.7 298.6 303.8 304.5 305.6 307.4 308 304.7 304.2 304.9 303.4 298.8 311.7 317.5 316.3 319.8 322.3 327.7 329.5 333.8 338.8 354 371.9 382.3 389.9 387.9 383.8 381.9 382 389 390.7 390.2 397.4 403.5 415.2 417 429.2 443.7 448.3 441.7 448.4 462 477.4 486.6 505.1 512.5 507.7 500.4 495.9 484.2 479.4 476.3 470.5 460.9 451.9 432.3 415.9 401.1 387.1 370.3 356.3 349.4 337.3
415 402.1 392.6 386.6 374.9 362.7 352.5 341.5 333.3 322.9 315.9 312.1 307.1 305.8 299.6 302.7 304.9 314.2 317.5 314.5 318.1 316.3 314.9 316.7 311.7 311.3 307.2 316.8 321.8 325.4 329.2 333.6 337.3 341 340.7 348.6 358.8 368.1 382.2 380 378.6 375.9 380.1 386.2 391.4 392.2 390.6 391.9 400.4 409.8 420.2 428.6 439.3 435.8 442.1 453.1 472.4 483.2 494.1 513.8 512.5 506.5 507 504.9 500.1 497.4 498 482.2 470.3 461.2 447 431 414.1 400.4 387.7 380.9 364.7 354.7
415.3 408.1 397.2 390 380.7 366.8 353.7 343.2 333.3 325.2 319 313.9 310.3 304.7 309.6 308.6 316.7 318.8 325.3 326.9 329.6 324 321.3 321.8 318 311.8 322.7 328.8 329.9 334.4 336.2 340.9 344.3 350 349.2 350.9 360.1 367.1 371.4 371.4 371.8 372.5 379.2 381.4 391 391.2 391.3 393 400 409.2 413.7 424.3 425.4 430.6 440.3 458.6 477.6 494.4 501.8 515.6 507.4 505.6 508.5 513.9 513.7 509 504.9 499.9 487.2 479 461.9 447.7 424.3 411.6 406.4 392.1 382.8 367.3
425.3 413.5 403.2 396 385.1 370.4 354.3 344.5 334.9 326.7 322.2 317.9 312.8 310.1 314.6 318 318.2 323.9 331.8 333.4 332.1 329.4 326.3 331.5 320.9 322 330.8 332 337.3 341.5 342.4 347.3 350.3 352.6 358.4 358.6 357.3 361.1 364.2 368.1 372.2 377.1 379.1 382.2 394.3 393.9 392.5 396.1 405.5 413.3 416.9 416.9 419.2 430.4 449.4 473.6 495.2 501.4 500.9 498.7 495.9 502 511.2 522 523 516.9 516.3 509.9 498.8 491.9 480 465.5 445.1 438.2 433.3 426.9 400.4 380.2
433 423.3 407 399.4 386.1 371.9 359.5 346.6 338 331.2 325.4 323.7 317.1 317.4 319.8 323.9 325.6 328 336.7 339 337.7 342 333.9 332.8 335.3 331.1 338.2 339.7 341.9 344.8 346.5 350.2 351.4 354 357.5 360.9 363.2 365 368.4 367.8 373.2 377 380.7 386.8 396.7 400.4 402.8 406.8 409.2 415.4 416 416.5 421.1 432.8 444.8 457.1 476.8 482.8 482.4 486.7 492 500.6 511 518.1 523.9 529 523 514.7 510.9 505.5 496.2 485.4 475.2 464.4 464.2 453.3 424.5 401.5
434.8 424.4 406.2 396.6 389.7 376.7 362.2 352.6 344.5 338.3 334.1 328.3 325.2 323.7 325.8 330.2 333.2 334.1 339.2 343.3 342.5 342.6 341.9 341.2 334.9 336.3 343.2 344.6 346 346.9 348.3 351.9 356.2 358.1 358.1 361.9 367.1 369.4 370.8 371.7 376.2 381.2 387 392.9 399.4 406.1 415.3 420.5 420.9 421 419.9 419.1 422.5 431.8 447.6 455.9 463.3 470.7 478.7 487.6 494.4 503.5 516.9 529.1 530.7 532.7 532.1 525.3 517.1 514.4 522.7 511.7 513.4 498.2 485.4 457.4 438.5 418.4
436.1 427.1 411.2 400.9 396.7 379.2 366.1 352.1 347.1 344.7 341.7 337.3 331.2 332 331.7 336.2 337.2 340 342.3 344.8 345.8 345.4 345.8 344.5 338.2 346.4 349.2 349.1 348.9 348.2 352.5 354.5 358.1 359.7 363.9 365.9 373.7 373.9 376.7 383.4 378.9 380.6 385.2 389 404.2 415.9 421.9 431.4 433.7 429.3 427 427.3 429.6 438.6 451.5 461.6 469.4 471.1 477.7 478.8 497.5 507.3 517.1 530.1 534.6 533.7 528.7 531.2 531.9 531.9 533.8 530.6 528.6 514.3 482.5 459.5 444.7 431.7
437.8 427.8 418 408.8 399.9 382.2 366.8 356.3 350.7 346.8 345 339.6 340.6 338.7 342.6 342.9 340.7 344.5 342.3 344.4 348.6 348 346.7 348.7 340.4 351.3 352.2 354.5 353.1 354 356.5 356.2 361.2 369.3 369.7 375.1 372.9 377.2 384.7 390 386.1 384.4 384.4 392.9 404 413.8 422.5 432.4 434 433.7 431.3 433.4 434.2 443.6 448.9 452.2 458.6 465.6 470.2 481.6 497.9 506.3 512 524.2 524.7 526.8 527.3 534.5 533.8 536.9 539.7 539.6 537.4 514.3 486.2 466 451.9 440.6
436.2 431.2 423.7 417.5 402.9 387.9 376.7 361.5 358.6 352.4 346.4 349.1 345.4 345.5 346.1 348.2 345.9 345.3 344.7 345.5 346.8 347 349.9 349.1 345.9 347.7 352.9 353.8 359.5 362.9 361.4 361.4 362.1 368.1 372.4 382.8 381.9 378 384.9 390.4 395.4 390.7 389.2 399.6 407.4 418.5 423.5 424 431.5 430.6 433.5 436.3 441.5 443.7 452.4 452.7 456.7 462.1 468.9 481.1 492.4 501.8 506.1 514.6 518.9 523.6 527.5 528.5 532.9 542.4 551.7 548.5 539.2 519.7 493.6 478.9 462.2 447.5
433.6 430.8 425.6 415.7 403 388.1 380.4 368.3 363.4 357.9 349.2 347.1 348.9 351.7 349.8 350 345.6 350.7 349.1 347.2 347.6 350.1 353.9 354.6 355.3 356.9 358.4 357.3 356.7 362.1 366.1 367.1 364.9 367.4 371.3 379.4 380.5 379.6 386.4 390.9 397.1 394.5 398.7 402.2 408.3 413.9 422 422.8 428.9 435.9 434.4 436 443.4 450.7 459.2 457.7 456.1 463.3 468.2 478.2 484 490.7 501.5 505.6 512.1 519.5 525.8 531.3 540.9 556.7 567.9 562.4 552.1 534.8 514.4 495.8 474.3 458.5
441.8 434.3 423.7 411 402.9 394 385.7 373.3 367.3 364.7 356 349.9 349.5 352.8 353.2 351.1 350.1 352 351.6 347.4 348.2 356.6 360.1 363.4 362.6 362.7 362.5 359 358.9 363.4 367.2 368.4 369.6 372.5 374.6 381.3 381.9 384.1 387.7 392.7 393.8 396.5 404.2 407.2 412.4 417.9 422 425.5 430.2 432.2 434.1 440.7 447.6 457.6 462.7 457.5 456.3 457.6 465.5 470.7 476.8 484.6 490.8 505.4 517.2 530.3 533 534.3 547.8 563.9 579.9 582.9 574.4 550.5 520.4 494.2 476.5 462.3
443.3 435.3 432 416.3 405.3 394 384.8 373.7 367.8 362.6 357.6 353.4 354.2 354.2 354.9 354.4 352.9 353 354.1 351.6 353.3 358.7 363.9 367.2 366 364.8 364.1 359.8 363.9 365.6 369.2 371.6 377.9 375.5 378.9 386.3 385 386.1 389.5 392.9 399.1 402.6 404.4 409.5 415.4 423.9 426.1 425.5 427.6 433.7 436.7 442.4 449.3 456.3 456.1 456.8 456.6 457.4 464 469.8 477.6 483.7 494.2 503.8 515 522.8 532.2 541.6 554.9 576.8 585.8 588.2 590.5 569.9 540.4 511.7 490.9 476.5
448.7 446 436.6 422.9 411.6 398.9 388.7 376.8 370.8 366.9 365 357.3 354.9 356.2 358 356.3 357.8 357.7 355.8 357.2 357.4 359.6 364.2 366.4 367.2 367.3 366.6 362 367.3 366.8 371.9 375.5 377.4 375.9 384.7 385.2 385.4 386.4 388 392.7 401.8 404.7 409.3 416.7 423 423.3 423.4 425 429.8 440.2 445.4 452.6 455.2 459.3 456.9 456.9 456.9 459.1 464.4 473.2 475.4 482.4 492.6 501.7 512.6 528.1 539.4 551 563.3 578.9 587.6 593.1 592.1 586.2 551.1 522.8 500.3 484.1
455.9 448.5 440.2 429.1 419.7 408.7 394.8 382.7 372.5 365.9 363.9 359.9 355.6 357.5 359.1 360.6 366.1 364.7 361.9 363.1 363 363.7 364.3 366.3 369.2 370.4 369.4 365.1 363.6 367.5 373.1 373.5 375.1 376.4 384.3 385.7 385.2 386.6 388.4 391.2 402.3 406.6 411.6 422.2 421.6 422.5 423.5 428 438.3 445.5 452.3 454.4 458.6 463.3 460 458.1 458.9 462.9 466.7 474.6 477.8 483.4 494.7 507.9 521.2 535.2 546.4 557 566.6 583.1 592.2 592.5 596.5 588.5 555.9 529.4 500.5 484.1
463.9 453.5 443.9 430.9 420 413.8 401 385.8 373.3 367.7 364.7 363.9 357.2 358.8 362.5 365 374.4 371.6 366.7 364.8 367 368.4 369.2 369.2 368.9 369.4 368.9 366.8 364.6 366.5 369.4 372.3 373.6 375.6 381.9 384 385.5 388 388.7 389.4 396.5 405.8 411.8 422.5 422.1 422 424.3 429.2 434.7 447.4 452.3 455.1 458.6 463.7 462.8 461.6 465 465.4 469.6 472.4 481.1 491.2 503 517.1 530.6 544.3 557.8 567 572 577.7 585.9 588.4 589.7 590.4 557.4 526.7 502.4 486.4
