Game/Highland_Data/StreamingAssets/GeoData/Data/nh/NH08.asc
ncols 200
nrows 200
xllcorner 200000
yllcorner 880000
cellsize 50
[rows 35 to 69 of 200, columns 0 to 78 of 200]
118.3 117 114 117.7 119.9 121.8 127 126.8 125.2 127.5 132.1 139.7 144.7 155.1 160 160.9 158.6 154.7 164.5 172.4 180 188.2 196.4 194.5 196.5 202.9 211.5 210.3 209.3 206.9 206.9 209.3 212.8 217.1 228.4 237.3 246.1 252.4 255.4 259.1 269 275.6 282.2 284.3 294.4 307.5 328 344.9 352.3 360.3 368.8 373.4 378.8 388.2 397.4 408 421.3 438.5 457.4 489 527.5 588.3 617.6 608.4 603.6 597.9 592.8 589.7 591 598.5 609.4 623.3 635.9 650.6 648.8 637.9 622 596.3 562
118.7 124.1 118.7 116.8 117.6 120.4 122.2 123 124.4 125.9 130.6 140.8 145.6 149.4 150.1 148 151.1 163 172.6 178.8 185.8 195.9 204.3 205.5 207 211.6 209.7 212.8 206.7 206.7 206.7 206.7 209.6 213.1 220.5 231.7 243.3 247.1 248.1 250.9 259.2 270.5 282 284.3 292.1 305.5 323.9 336.5 346 354.3 368.4 373.1 379.3 385.7 394.7 406.4 416.8 434.9 459.4 489.5 527.7 577.8 594.1 590.1 587 582.2 577.7 573.7 575 583.3 593.7 605 617.4 623.7 620.4 609.3 596.6 570 543.4
120.5 128.4 123 121.2 119.9 119.8 120.7 122.3 123.8 123.9 127.7 130.3 133.9 138.8 141.7 152.9 163.5 174 183.7 192.3 197.6 203.6 215 217.1 214.9 215.9 216.6 215.4 209.7 206.7 206.7 206.7 208.2 212.3 216 226.7 238 241.2 241.1 242.5 250.8 262.3 279.2 281.9 289.5 304.3 317.8 330.4 340.8 350.5 363.4 373.6 379.7 386.8 394.8 401.5 411.3 431.9 465.1 494.6 527.6 561.9 578.1 575.8 571.8 568 563.1 558.1 560.6 567.4 575.5 584.9 592.1 595.7 591.2 582.1 574.8 548.3 526.5
118.7 123.8 126.2 125.3 122.6 120.4 120.3 121.8 122.8 125.2 134 136.5 139.8 143.5 150.8 160.2 172 184.5 197.9 210.9 217.7 222 230 235.1 228.1 227.2 225.9 225.8 218 206.7 206.7 206.7 206.7 211.1 213.7 221.6 231.7 235.6 237.9 243.9 246.4 258 275 277.4 284.2 304.1 311.8 323.5 336.4 350.6 356.2 378.1 378.7 387.3 396.2 397.8 407.2 428 462.8 491.6 519 546 563.9 563.9 559.6 555.1 548.1 545.1 546.7 550.1 556.2 561.9 566.7 568.3 565.2 562.7 550.8 525.9 512.3
118.7 121.8 129.2 127.7 126.3 123.8 124 124 125.2 132.2 139.2 146.9 148.7 152.1 156.1 165.3 180.7 201.9 216.7 228.7 237.6 244.5 246.3 246.9 244.1 248.2 246.6 244.7 238.6 218.2 206.7 206.7 206.7 208.6 212 217.8 225.6 234.7 238.7 247.3 249.7 256.5 267.6 273.4 281.7 304.3 307.7 317.4 331.5 343.3 353.3 374.5 377.9 387.1 390.5 394 406.7 426.3 455.7 476.3 513 541.4 552 552.5 548.9 544.2 536.2 533 534.1 536.2 537.9 540 542.4 543.9 544.4 540.7 525.2 513 500.3
123 125.1 126.9 128.9 135.3 137 136.9 134.4 134.1 143.4 154.5 159.4 162.7 164.9 165 173.7 190 209.2 228.2 245.1 260.3 262.5 264.5 269.2 269.5 272.1 274.2 263.9 252.3 230.7 206.7 206.7 206.7 206.7 209.5 213 223.4 230.7 234.7 248.2 256.3 257.9 265.7 270.6 276.3 293.5 302.7 315.4 329.7 340.1 351.3 363.2 376 385.1 385.2 390.8 405.5 423.4 447.8 473.6 506.8 537.1 540.5 542.3 539.5 535.9 528 525.4 523.8 523.1 523.2 522.5 525.2 526.4 524.7 516.1 508.5 502.9 494.6
130.2 129.2 130.3 140.3 144.8 150 148.7 152.2 150 154.4 169.3 174.2 171.5 172.8 177.2 181.1 198.9 220 239.4 259.7 278.6 282.9 289 291.1 292.6 288.7 291.9 281.9 264.8 240.3 210.4 206.7 206.7 206.7 206.2 211.3 215.7 225.5 231.6 248.7 257.3 258.8 265.2 268.8 273.5 285.3 303.7 313.8 328.1 335.6 347.6 360.8 376.5 382.7 381.8 386.6 400.6 418.2 447.6 474 507.1 526.5 532.2 533.5 532 528 521.3 518.1 515.8 513 510.7 509.9 509.6 509 504.9 499.5 497.2 488.8 479.6
138.9 135.2 140.3 150.8 156.6 177.9 180.8 166.1 164.2 165.9 175.3 180.7 185.1 185.2 191.4 191.8 201.4 224.4 249 268.1 274.4 286 305.3 317.3 316.5 306.5 303.6 291.4 266.8 238.4 218.4 206.7 206.7 206.7 206.7 206.7 208.3 219.6 228.8 241 255.2 258.4 263.8 267.7 272.8 284.7 300.4 313.1 322.6 328.8 340.7 357.9 372.3 378.8 377.6 380.7 393.8 417.2 446.8 475.3 500.2 515.8 523.2 529.2 526.6 520.6 513.6 510.9 508.4 505.3 501.6 500.4 498 492.1 487.7 483.5 479.3 471.3 467.1
148.6 142.1 137.5 158.7 171.5 185.5 185.8 177.1 168.5 175.9 195.7 199.2 202 217.5 224.6 208.7 207.6 226.7 248.2 267.8 278.9 300.6 323.1 328.1 327.7 318.3 302.7 287.1 262.5 238 221.6 206.7 206.7 206.7 206.7 206.7 206.7 206.4 221.4 234 257.2 260.3 262 265.3 270.8 279 293.5 311.1 315.1 322.5 336.4 356.6 367.4 371.8 373 380.2 395.2 420.2 447.4 469 486.9 499 512.7 526.2 521.8 514.3 508.6 504.9 501.7 496.5 491.9 489 485.9 481.2 475.6 470 463.4 459.7 454.3
142.7 137.1 134.1 144.6 169.9 185.6 190.7 182.1 191.8 214.8 226.9 234.4 242.8 249.9 244.1 228.7 221.8 227.4 247.9 264.9 286.8 314.4 322.8 330.1 332.3 324.8 305.7 279.9 251.9 234.5 219.3 206.7 206.7 206.7 206.7 206.7 206.7 206.7 209.7 228.6 249.1 256.1 259.4 263.5 264 270.3 290.8 300.9 307 315.3 331 353.1 364.5 368.1 372.2 382.6 398.8 423.7 445.8 458 473.5 488.6 508.9 523.2 521.5 514.1 508.2 504.4 500.2 493.4 486.9 481.7 476.7 471.5 466.6 461.6 456.1 450.1 442.2
140.3 134.1 132.8 148.7 175.8 193.5 197.6 208.2 251.9 268.6 276.7 281.5 270.2 264.2 256.7 245.6 234.1 231.8 244.2 261.4 289.9 311.4 324.2 328.3 323.5 313.2 298.9 278.6 251.3 232.6 215.6 206.7 206.7 206.7 206.7 206.7 206.7 206.7 206.7 222.2 241.7 249.8 253.4 258 258.5 265 286.8 290.4 299.4 305.9 323.6 345.7 357.9 362.8 373 384.2 401.1 426.5 444.8 453.3 465.8 482.3 508 523.2 521 516.3 510.9 506.1 502.9 498.4 492.9 483.7 475.9 470.4 463.7 450 449.1 443 437.2
143.5 132 133.5 148.7 189.2 219.7 226.1 242.9 265.1 278.1 289.9 288 282.7 276.8 276.9 271.3 249.4 245.4 256.6 268.6 292.8 306.6 317.7 330.3 319.5 302 282.5 267.3 241.3 230.9 214.7 206.7 206.7 206.7 206.7 206.7 206.7 206.7 206.7 211.2 232.1 244 246.5 251.8 253.5 263.2 276.8 283.5 291.9 300.9 318.7 334.9 346.8 355.8 371 383.6 401.6 423.1 441.2 449.6 457.6 472.9 501.7 526.1 524 519.3 515.5 510.9 506.5 501.6 495.8 487.1 477.3 468.8 459.5 450.8 443 434.8 431.4
136.8 128.5 134.8 178.5 206.9 262.1 254.8 256.8 273.3 291.6 296.8 295.3 289.7 299.5 296.8 285.3 266.2 263.6 271.1 281 287.6 307.4 319.6 323.8 313 291.5 273.3 251.8 235.5 229.1 211.8 206.7 206.7 206.7 206.7 206.7 206.7 206.7 206.7 206.7 224.4 235.3 240.9 245.8 248 258.6 268.3 278.3 291.6 301.6 318.6 331.6 341.3 350.9 366.6 384.3 402.4 420.5 434.6 441.8 450.4 468.1 498.1 526 530.8 524.8 520.9 516.1 510 503.9 497.3 488.5 478.3 465.7 456.1 445.5 440.2 430.4 421.9
130 125.7 145.5 178.4 223.7 269.7 288 276.3 291.2 308.2 299.6 295.4 306.9 312.3 312.3 293.8 280.9 283.6 297.8 302.2 306 311.2 322.1 322 309.5 288.5 265.9 244.5 231.1 224.1 206.7 206.7 206.7 206.7 206.7 206.7 206.7 206.7 206.7 206.7 217 230.9 237.7 242.9 245.3 251.9 265.2 278.1 291.7 304.5 318.9 326.6 336 349.7 366.7 385.3 402.4 418.9 428.7 431.4 437.9 461.9 495.2 527.8 536.4 532.3 528.1 522.2 513.8 506.6 499.2 489.7 479.3 465.3 453.1 442.8 436.2 428.4 419.3
119.1 127.1 154.7 187.5 252.3 279.3 307.1 302.9 292.6 315 314.8 309.4 329.1 335.9 324 306 312.9 320.6 321.3 315.5 323.6 319.8 326.4 323.4 306.6 286.5 265.3 239.9 225.2 219.9 210.4 206.7 206.7 206.7 206.7 206.7 206.7 206.7 206.7 206.7 211.8 225.6 233.8 239.7 243.4 248.6 263.1 277.5 293 305.2 315.1 322.2 332.4 348 366.8 386.7 402.2 413.9 422.1 419.2 428.2 449.9 484.8 520.5 540.4 542.3 535 530.4 519 509.8 500.4 492.1 479 468 453.1 442.7 433 425.4 417.1
116.9 139.6 158.9 209.7 242.4 274.1 309.4 320.1 307.5 310.6 326.2 345.6 348.4 338 324.1 331.4 337.9 333.8 323.7 323.2 329.5 329.3 324.5 317.8 294.7 278.4 259.8 243 230.3 223.2 211 206.7 206.7 206.7 206.7 206.7 206.7 206.7 206.7 206.7 206.7 221.5 232.5 234.2 238 246.5 259.3 278.2 297.4 308.6 314.1 320.7 333.7 345.7 366.8 386.4 399.3 407.2 412.9 410 417.6 440.9 477.2 511.1 543.3 552.7 550.2 541.6 524.3 511.3 503.5 491.3 477.3 466.6 454.6 441 431.1 423.1 416.3
119.4 129.4 156.3 212.5 246.9 292 311.6 320.9 323.2 328.7 339.6 353.2 340.9 332.1 347.2 360.2 354.4 338.1 335.3 335.3 338.8 317.5 300 291.1 288.8 281.4 262.7 251 230.7 221.3 213.1 206.7 206.7 206.7 206.7 206.7 206.7 206.7 206.7 206.7 206.7 214.5 223.4 232 234.9 246.2 263.9 278 297.1 309.8 312.5 320.8 333.4 344.8 367.5 384.1 394.4 396.9 402.9 406.1 410.7 436.2 472.6 501.7 539.6 563.3 569.1 555.9 537.1 523.1 508.5 491.8 482.9 471.9 450.8 439.7 432.1 423.1 416.7
118 130.7 175.5 204.2 232.4 293.9 323.6 338.5 354.2 353.2 332.2 342 345.2 344.9 363.7 371.6 362.4 357.1 347.1 342.7 327.3 307.2 282.4 277.7 278.7 274.2 264.5 255.8 239.7 223.2 214.1 206.7 206.7 206.7 206.7 206.7 206.7 206.7 206.7 206.7 206.7 207.5 220.6 229.1 236.7 249.7 263.6 278.5 292.5 303 308.4 323.5 332 343.3 364.3 375.2 380.5 384.2 391.7 403.6 408.9 432.1 468.8 505.1 543.7 568.1 574.4 567 560.1 545.6 523.8 504.8 486 464 449.9 439.5 431.7 423.2 415.3
118.3 147.4 178.9 215 266 293 330.1 348.3 352.7 352.1 345.6 340.3 349.3 367.8 368.5 372 377.5 372.2 358.7 342 312.7 286.9 270.4 263.4 261.5 261.8 259 257.4 243.5 219.4 211.1 206.7 206.7 208.6 207.9 206.7 206.7 206.7 206.7 206.7 206.7 206.7 214 227.2 238.1 250.2 261.6 280 290.6 300.6 307.5 321.7 330.1 342.3 355.4 363.7 370.1 377.2 390.4 402 413.1 436.5 476.1 518.4 549.8 577.4 584.7 580.5 566.3 555.8 530.4 508 478.2 462.2 449.7 441.7 432.6 424.8 416.7
119.6 148.7 192.5 227.7 255.6 287.6 305.6 328.3 353.4 350.9 357.8 362.1 372.8 375.4 367.5 377.6 389.1 376.1 358.3 328.5 302.1 287.9 275.9 265 254.8 249.1 245.2 242 232.3 214.3 207.9 206.7 207.8 210.5 211.1 210 207.7 206.7 206.7 206.7 206.7 206.7 209.8 228.7 241.1 250.1 260.7 277.7 286.7 295.3 307 316.9 328.6 340.1 351.3 355.5 364.6 374.1 388.5 401.4 416.6 440.5 485.2 527.1 550.6 578.2 590.5 585.3 566.8 552.8 526.9 500.3 475.8 459.8 449.6 442.2 433.9 426.7 419.9
112.8 171.8 202.4 223.7 251.2 289.6 328.5 342.2 343 340.4 351.9 370 376.3 362.8 363.1 379.6 380.9 367.8 352.6 322.6 305.2 297.4 281.9 269.5 256.4 244.1 235.2 230.2 223 212.1 211.1 213.2 212.8 214.1 216.8 213.1 215.2 211.7 206.7 206.7 206.7 206.7 206.6 224 239.6 248 258.4 272.6 284.9 296.2 307.5 316.7 324.6 339.8 345 349.5 358.3 371.5 385.9 402.7 418.8 441.7 478.9 516.7 543.9 573 588.2 576.5 565.6 540.7 520.2 492.2 473.8 461.1 451.2 443.7 436.2 428.3 421.3
114 157.3 195.3 239.9 275.4 296.7 316.2 330 327.5 333 348.4 354 353.6 358 358.5 363 360.1 359.8 344.8 327.3 315.1 304.3 290.3 275.6 256.4 244 230.8 223.6 219.4 217 216.1 219.8 217.9 219.3 218.6 217.2 217.3 219.2 215 206.7 206.7 206.7 207.1 217 234.1 249 256.9 271.3 279.9 290.7 306.2 313.4 321.7 332.6 341 349.1 356.9 371.1 386.9 405.4 419.5 441.9 478.7 511.2 538.9 563.8 573.2 565.1 550.1 535.5 513 491.9 477.1 462.6 452.9 445.1 437.3 429.8 423.3
121.7 140.8 171.3 212.5 265.8 294.4 302.5 309.5 311.8 324 331.9 334.3 335.4 346.5 342.9 343 345.1 352.3 342.5 332.2 327.3 316.5 299.3 284.2 265.8 246.3 228.4 220 217.7 221.4 220.4 221.4 220.9 225.8 223.4 220.1 219 222.8 222.8 213.7 208.6 208.9 207.4 211.6 228.6 244.1 256.4 265 275.8 289.2 305.3 309.9 316.2 322.1 332.8 348.7 358.3 372 387.8 405.6 420.7 447.4 482.1 508.5 532.8 552.8 559.4 556.6 544.9 531.5 512.3 494.7 477.5 463.6 454.3 446.3 438.1 430.5 424.9
125.5 142.8 211.2 227.9 238.7 268 290.2 295.3 308.4 312.1 318.1 319.8 316.1 324.6 334.2 341.3 349 353.1 346.5 346.8 345.9 327.4 310.6 291.1 271.7 245.7 227.8 219.8 217.7 217.7 221.5 224.5 228.2 229.7 231.5 229.2 229.4 228.5 228.9 222.5 214.7 209.8 207.1 210.3 219.9 239.8 258 264.5 273.5 286.1 297.8 308.3 312.5 321 333.2 349.8 357.1 371.6 387.2 406.7 422.1 451.3 486.8 508.8 526.5 542.7 551.1 550.6 543.3 523.9 508.3 489.8 475.7 463.5 455.3 446.6 438.9 431.8 425.1
128.8 168 225 242.6 239.2 264 286.2 287.5 296.3 300.2 314.8 307.5 309.5 323.3 337.2 345.1 358.8 366.5 373.6 375.2 361.2 341 318.4 294.8 272.9 253.3 230 218.5 217.7 217.7 223.7 229 234.9 238.5 242.8 240.5 239.6 238.9 236.5 230.2 222.7 212.5 208.8 210.2 214.6 234 253.4 263.2 271.4 281.3 294.2 300.3 306.5 317 334.1 345.9 357.5 370.5 383.6 402.7 423 454.1 489.5 507.3 521.9 540.9 544.5 544.2 531.2 518.7 500.3 485.3 473.3 464.1 454.8 446.9 439.3 432 424.8
132.3 170.9 230.1 231.2 245.7 271.2 274.4 277 277.7 278.3 283.7 288 301.5 312.7 323.3 343.8 359.1 371 375.8 364.6 352.5 347.3 319.2 304.4 287 262.8 237.3 222 218.3 220 225.7 238.2 242 249 257.6 260.8 258.5 252.6 247.3 239.1 233.3 219.2 215.4 211.3 212.8 223.8 245.6 262.5 269.6 274.2 283.1 293.6 303 312.9 332.6 345.6 355.8 363.8 380.7 398.4 420 450.8 482.6 503.6 522.9 533.7 538.5 530.9 518.6 505.4 489.5 481.4 472.4 462.9 455.6 447.9 439.4 431.9 425.3
149.3 175.6 216.4 232.9 261.7 268 267.4 262 263.5 270.1 268.1 270.5 286.8 294.7 303.5 320.5 334.7 344.2 347.5 347.6 343.8 342 323.8 321.3 305.6 270.3 249.2 228.5 223.8 228.9 234.9 241.8 247.3 258.6 262.3 264.2 261.1 258 254.5 242 240.9 231.9 224.4 213.9 214.4 219 236.6 255 264.7 270.3 275.7 287.2 294.3 309.3 329.3 344.9 350.7 355.1 378.7 392.2 415 443.3 473.8 503.9 518.3 526.5 526.2 516.5 505.4 491 484.2 477.9 468.6 462 456.2 447.3 439.8 432.3 425.4
183.6 202.2 227 230.5 255.9 252 252.8 251.7 258.4 260.2 254 260.7 275 284.3 290.9 302.4 309.4 328.8 333.3 339 346.7 347.1 332.4 326.5 308 289.1 267.2 239.9 236.1 240.8 243.4 245.9 258 261.8 265 266.4 264.7 261.2 256.2 251.3 247.5 240.6 230.7 221.7 216.3 219.7 228.2 245.9 255.7 266.3 271.7 278.8 287.7 302.9 323.8 338.6 347.7 357 371.9 385.2 406 434 454.8 489.3 507.3 518.6 510.7 497.2 490.7 483.9 479.8 473.9 466 460.5 454.8 446.9 439.8 432.2 426.3
174.4 209 213.4 223.4 228.6 231.8 241.1 251.5 246.7 240.5 243.1 250.3 254.9 266.5 275.5 287.2 298.5 306.9 320.9 331.5 336.9 344.7 332.5 323.1 310.4 288.4 267.2 250.3 247 250.6 247.9 255.9 263 263.9 269.3 268.1 265.6 263.7 259.2 250.1 246.3 242.3 240.7 238.9 226.9 219.9 228 240.4 251.2 259.9 268.9 271.6 280.2 290.9 320.1 327.2 342.8 353.9 362.9 381.3 396.7 415.9 441.1 475.8 490.4 499.8 492.1 485 480.7 477.7 474.1 468.5 463.7 459.4 453.7 446.8 440 433.1 428.5
153.3 186.8 199.6 203.5 216.6 225.1 231.3 242.7 234.2 233.3 236.1 239.9 241.7 248.6 256.9 266.5 282.3 288.1 305.3 314.4 320.7 323.8 321.7 314 305.9 297.6 281.2 265.7 262.6 257.6 257.5 267.2 266.2 266.3 270.9 269 266.1 264.6 259.8 250.5 246.6 244 243.4 246 232.1 225.7 227 235.4 244.2 252.5 261.2 265.9 276 287.5 307.8 320.9 342.5 348 355.5 374.2 386.2 399 420.8 453.5 476.1 479.9 479.1 477.6 474.4 471.8 468.3 464.9 460.2 456.5 451.6 446.4 438.9 433.8 429.8
146.9 160.7 176.9 192.7 202.4 210.6 224 227.3 227.6 226.7 226.4 224.8 229.1 233.7 241.2 247.5 257.7 271.3 280.4 292.1 295.6 300.3 301.4 300.6 299.7 295.3 277.2 270.5 265.8 265.8 271.2 269.3 268.6 268.2 270.5 270.1 267.1 263.6 258.9 251.9 246.8 245.1 249.2 245.9 234.8 228.9 229.2 231.7 238.8 244.2 251.3 258.3 269 282.6 300.2 319.3 337.8 342.7 349.9 366.2 379.8 389.9 406.6 436.6 463.5 468.4 471.7 472.7 469.3 467.1 463.6 459.9 456.3 453.3 449.8 444.9 438.9 434.8 430.4
161.1 163.6 166.2 182.4 196.4 196.9 204.5 211.5 221.4 222.5 221.6 217.8 219 221.7 227.8 230.8 238.6 252.6 265.9 276.7 278 279.6 281.7 277.4 276.5 274.7 272 269 266.3 269.7 274.2 271.2 270.3 269.8 270.5 271.7 268.1 264.2 258.9 252 249.7 250 250 243.1 235.9 230.5 231.8 238.1 238 242.7 247.9 253.9 262.3 280.2 298.5 316.3 330.4 341.7 351.3 360.8 374.1 383.7 395 420.3 452.2 457.8 461.8 464.5 463.3 462.4 459.2 455.8 454.4 451.6 448.2 443 438.4 434.5 430.9
168.6 165.6 174.5 193.9 207.6 209.5 200.2 200.8 205.7 217.1 213.7 211.1 211.2 210.8 213.3 217.6 223.2 234.1 248.3 251 257.6 262.4 264.6 266.8 267.9 266.9 263.2 265.3 266.2 277.3 278.5 275 273.9 271.4 271.2 272.1 271.8 265.1 260 255.7 256.3 253.3 250.2 244.6 238.8 231.6 237.2 243.3 241.7 242 245.5 250.3 259.9 275.8 298.7 312 322.9 339.6 349.2 356 368 376.8 388.3 407.2 436 441.1 446.7 450 453.3 455.2 454 452.2 452.3 449.5 445.7 441.5 438.3 435.3 432.6
171.6 179.6 197.2 204.4 216.9 209.7 204.5 200.7 201.6 201.9 204.5 204.7 199.8 202.9 203.3 211.1 216.3 218.5 229.3 232.5 238.4 243.6 242.9 246 254 254.7 253.5 265.7 264.7 274.4 277.2 276.5 274.3 273 271.9 273.8 274 267.4 264.8 262.4 257.5 254.5 248.2 243.4 239.5 232.8 238.4 248.2 251.2 242 243 247.6 258.8 275 292.3 303.2 316.2 333.7 347.1 355.6 364.1 373.2 383.7 395.6 412.4 423.4 432.6 437.3 441 443.9 445.2 446 447.2 445.2 443.5 441.7 439.6 437.5 435.3
179.3 209.3 231.6 216.4 209.8 202.9 203.5 209.3 215 213.4 196.9 194.9 192.9 194.7 195.8 201.1 205.6 203.4 209.4 219 223.4 224.5 227.5 238.3 247.3 246.2 250.3 261.7 263.4 274.5 274.6 275.5 273 271.8 272 272.8 275.7 270.6 267.8 264.2 259.6 254.6 245.3 240.9 238.7 235.6 241.6 251.7 256.3 243.9 242.2 244.2 254.9 268 284.9 297.7 308.7 325.1 345.1 352 361.8 368.6 376.6 389.3 400.5 412.2 420.4 427.2 430.6 432.5 435.2 439.7 442.9 444.1 444.2 443.5 442.4 440.4 437.1
