Game/Highland_Data/StreamingAssets/GeoData/Data/nh/NH11.asc
ncols 200
nrows 200
xllcorner 210000
yllcorner 810000
cellsize 50
[rows 35 to 69 of 200, columns 0 to 77 of 200]
805.8 821.1 831.7 845.2 857.4 851.4 817.6 797.1 780.1 761.8 747.4 740.4 725.5 705.1 689.1 672.5 656.9 641.5 630.7 617.7 617.3 610.7 605.7 596.5 583.2 562.6 549.5 537 509.9 477.8 453.8 432.4 414.3 382.9 355.5 332.3 318.8 306.1 295.8 297 297.2 297.7 302.3 310.5 322.5 338.1 353.4 368.2 385.8 401.1 416.8 436 457.5 482.9 505.4 532.2 560.2 588.8 605.4 647.9 678.2 705.1 725.9 741.5 747.9 753.7 754.6 759.6 766.8 769.4 770.7 772.4 772.7 768.4 759.1 750.4 742.7 730.8
832.2 849.7 863.5 873.9 874.6 841.6 810.3 789.9 771.4 760 751.9 740.4 725.7 704.7 687.1 672 659.6 641.3 632 634.7 634.4 629.5 621.9 610.7 591.5 558.2 549.8 536.2 509.6 487 461.8 447.6 412.7 383.2 353.3 332.8 315.9 303.7 297.4 297.7 297.9 298.6 303.1 310.7 320.7 338.8 352.7 371.9 386.6 399.5 420.9 443.4 465.6 485.6 510.2 533.9 555 583.9 617 649.1 684.4 718.2 732.8 740.6 746.4 750.7 754.1 752.9 756.6 761.3 759.6 760.3 761.5 753.2 747.1 740.3 729.8 715.3
855.3 873.1 891 894.9 878.5 839.6 810.1 786 769.4 755.5 748.3 738.6 719.3 709.9 690 678.9 654.3 647.5 650.4 651.1 651.2 648 634.5 616 597.2 565.9 540.7 528.1 513.1 488 463.6 435.6 407.3 382.6 358 338.8 316.8 304.3 299.1 298.1 298.6 299.6 304.5 313.4 322.1 333.8 352.6 367.9 381.5 402.8 428.6 447.4 459.6 487.9 512.8 528.7 552.7 584.5 618.2 653.2 693.7 723.1 735.5 739.1 745.9 750.1 750.5 749 750.7 750.5 747.3 745.4 743.2 739.5 732.6 723.7 711.6 697.3
870.3 889.8 906.2 900 866.7 836.9 811.4 778.5 765 757.4 740 732.4 723.1 710.5 697.3 673 667.9 670.5 669.5 667.4 667.4 661.9 652 624 594.6 564.2 537.5 524.6 507.1 494.7 474.5 451 424.5 386.3 364.4 342.7 319 305.6 300.2 298.5 299.6 301.2 304.8 312.6 320.5 334.2 354.7 365.3 382.7 405.4 422.7 442 461.7 483.1 498.7 521.3 550 584 615.3 654.5 697 723 733.5 736 736.3 737.4 738.6 740.5 741.4 739.6 735.3 729.3 724.6 721.9 715.9 705.9 694.3 678.9
888 905.1 912.9 882.5 851 830.1 807.1 784.6 769.5 757.2 746.7 736.1 726.2 713 699.2 696.4 692 686.4 690.2 686 681 671.9 652.5 624.8 597.4 569.1 544.2 525 510.7 494.9 475 452.7 418.4 388.9 363.7 341 318.5 307.5 301.6 301 299 305.3 304.7 305.9 314.9 327.3 347.7 366.3 387.4 400 420.2 437.4 454.2 470.1 490.1 513.6 545.7 583.5 615.2 652.6 693.1 718.2 721.7 719.5 720.3 720.5 723.1 726.3 725.4 722.1 717.9 712.4 707.3 701.9 697.5 688.5 675.6 660.6
902.3 919.5 917.9 878.4 842.4 820.8 804.2 786.7 770.8 760.6 751.1 742.6 733.9 722 711.4 707.6 697.6 699.2 689.8 688.2 684.3 670.2 654.1 638.5 604.1 574.5 549.2 533.9 512.3 495.1 475.6 447.7 413.9 386 359.2 337.4 320.1 311.2 303.8 302.2 301.2 301.5 302.7 305.5 312.4 323.5 339.2 358.5 375.9 390.1 411.6 425.7 443 461.9 485.3 512.8 550.1 582.4 611.1 646.4 687.2 709.7 717 713.1 709.1 710.6 713.4 714 712.8 709.8 703.8 696.6 691 684.5 676.4 666.1 656.4 642.4
920.2 933.6 905.5 869.2 844.4 824.5 802.7 783.8 771.6 764.3 757.2 748.8 738.6 728.2 717.6 709.9 711 708.4 699.5 694.4 689.7 680.8 665.7 639.3 607.3 574.7 551.7 529.7 513.7 496.1 473.2 438.2 408.3 383.6 359.9 338.2 323.9 315.7 306.9 305.1 309.9 305.2 303.9 302.8 311.6 319.6 336 351.4 366.5 386 403.6 417.6 434.6 454.8 484 513.2 548.1 579.1 605 639.6 687.6 707 703.8 700.3 700.4 702 701.1 696.5 693.1 688 681.7 678.5 674.3 667.8 660.3 650.7 640.1 630.5
934.8 947.6 903 862.5 842.2 824 799.3 784.5 771.9 768.8 760.9 752 744.2 733.4 729.2 727.9 727.3 726.2 719.9 708.4 690.2 683.6 666.9 635.1 611.9 582.6 550.1 529.6 510.3 493.6 466.8 435.4 408.2 384 363.5 343 330 320.3 312.8 314.6 318.3 315.9 313.9 308.8 308.1 319.6 332.3 343.4 361.7 379.7 395.8 411.5 428.7 447.3 479.3 515.1 551.8 583.9 612.9 642.5 676.1 689.1 685.8 684.7 684 683.3 681.4 676.7 673.4 668.7 663.6 662.8 660.7 654.3 647.7 639.2 632.7 624.6
948.8 942.9 897 865.1 844.4 823.9 803.6 785.9 779.7 770.3 761.8 754.9 745.9 738.2 741.4 745.8 748.9 743.6 728 710.1 689.4 675.1 658 634.2 605.1 579.6 558.3 538.3 517.1 488.9 460.3 435 410.3 389.8 368.3 348.8 337 328.6 320.9 319.7 318 322.7 320.4 315.1 313.1 316.6 323.9 338.9 356.4 374.1 397.6 413.9 426.5 452.8 483.1 523.7 554.8 582.4 626.1 660 672.9 673.1 674.8 674.9 671.4 670.1 666 662 659.1 656.1 655 655.2 650 644.3 638.3 631.8 626.2 618.9
956.5 943.1 902.5 864.4 846.9 821.3 801.4 790 779.7 772 764.5 756.7 751.5 752.7 758.3 762.2 759.7 745.3 726.9 697.1 671.2 665.4 653.8 631.1 603.3 580.1 562.1 539.1 516.2 487 462.9 435.9 417.7 395 374.3 358.6 345.2 337.7 329 329.9 332.5 327.9 321 314.2 312.1 309.2 319.4 331 349 366.5 387.5 408.1 430.9 461.1 493.7 520.4 551.1 588.6 627.5 658.2 670.8 666.1 664.2 663.4 659.9 657.2 655.3 653 651.6 649.4 649.6 644.5 640.2 636.5 633.6 630.8 617.7 612.2
964.7 948.1 903.4 864.3 841.8 820.6 804.1 786.9 780.4 775.4 768 757.4 753.6 758.4 774.1 780 763 731.2 706.6 675 654.7 643 634.2 617.2 601.9 579.1 559.3 536 509.7 488.1 462.9 443.8 423.6 401.9 381.3 366.2 355.7 343 339.2 340.7 343 333 322 313.9 309.8 310.3 309 325.6 342.7 366.2 386.8 407.7 436.6 464.9 496.1 522.5 549.8 591.2 633.1 666.5 667 659.8 657.2 654.1 653.1 651.9 650.9 649.8 648.2 644.7 642 637.4 635.2 629.7 626 625 620 615.4
971.7 942.3 907.6 870.8 844.1 825.6 807.8 794 786.1 780.6 768.8 762.5 766 784.7 794 786.8 750.6 714.5 682.6 658.4 650.2 636.1 623.5 611.4 592.7 575.8 556 535.1 512.4 487.5 464.5 444.8 425.2 402.9 387.8 373 356.6 348.8 347.2 350.9 349.8 343.1 325.8 314.4 312.2 311.1 310.9 320.7 336.5 360.2 384.9 409.9 433.1 459.8 495.9 522.2 558.7 596.6 636.3 661.3 664.7 665.6 659.6 655.1 651.8 654.9 654.2 652.8 652.6 650.8 647.5 643 642.3 634.1 630.7 635.8 636 628.8
966.7 929.3 902.1 878.2 841.9 824.8 815.2 800.1 791.8 782.3 774.9 776.9 787.8 801.6 798.4 775.4 748 712.2 680.8 657.3 644.6 632 619.4 604.7 588.8 573.8 556.1 534.4 510.6 488.5 469.4 447.1 423.7 405.2 389.9 375.3 363.1 356.4 352.7 350.2 345.8 334.7 323 317.5 314.7 312.4 309.7 318.1 333.5 353.8 378.1 404.9 434.2 464.3 500.6 527.2 563.9 599.9 641.1 672.5 673.8 671.8 672.3 666.5 658.2 659.5 657.2 655 650.8 648.7 648.8 643.7 643.2 637.9 638.6 640.1 642.4 643.4
965.2 930.8 908.9 901.2 852.6 829.8 821.6 817.4 805.3 801.2 796.8 808.5 815.7 815 792.4 764.7 754.5 720.2 688.6 658.4 645.2 631.2 616.2 602.4 587.3 570.9 551.3 531.6 510.3 490.3 468.5 444.2 424.6 407.6 390.8 377.9 368.3 359.2 353 346.4 338 327.6 323.1 319.3 315.6 314.3 313.1 319.3 327.7 349.3 379.9 404.9 432.4 470.9 501 533.1 569.4 602.6 644.4 669.8 676 679.5 677.1 674.9 671.7 669 663.8 662.3 663.8 662.7 660.6 657 652.2 656.1 655.7 649.9 654.4 650.1
979.8 952.4 926.2 914.7 886.9 858.3 857.9 858.6 851.2 845.3 844 846.6 839.6 818.1 780 758.8 740 713.2 685.1 666.5 649.7 636.5 619.5 600.3 585.4 566.3 541.4 516.4 502.7 487.5 471.3 455.3 429.5 412.7 396.2 383.7 375.3 366.2 356.9 345.2 334.3 328.5 324.1 319.8 316.8 315.9 314.9 320.6 329.5 350.5 377.8 406.3 430.2 459.7 495 530.5 569.6 603.1 646.2 666.4 680.1 685.2 688.6 691.2 694.2 687 682 680.2 681.3 682.6 679.6 667.6 673.6 675.1 677.6 675.7 663.9 659.9
1007.3 982.5 944 924.2 915.9 899.2 900.9 899.3 902.1 884.6 871.9 855.8 830.6 800.5 778.8 753.3 731.2 709.5 691.9 670.5 649.4 635.1 617 599.8 578.8 560.9 551.2 531.7 513.3 498.4 480.7 450.7 430.5 415.3 404.8 389.1 375.1 364.9 356.1 340.8 333.2 327.3 323.2 318.9 321 317.3 316.3 324.8 332.6 352.4 377.6 406.5 444.4 468.4 502.1 532.9 564.3 603.7 637.8 677.7 691 699 708.5 716.6 723.4 714.3 713.4 710 703 701.9 692.3 687.7 688.3 690.3 689.6 681 675.3 670.9
1030.1 996.5 967.2 956.4 945.8 936.6 942.9 945.3 918.6 892.3 869.2 839.8 810.4 794.5 770.9 747.8 724.8 707.7 689.7 668.3 649.1 632.3 614.3 594.6 581.3 563.6 552.5 537.9 516.8 503.5 481 457.5 432.9 416.9 397.2 384.5 374.4 369.4 356.7 342.7 331.6 326.2 322.4 322.1 320.2 317 319.1 326.3 336.3 357 382.6 419.1 452.6 477.4 504 530.4 557.8 592.5 634.4 679.1 696.2 715 727.5 735.9 738.4 733.5 734.1 729.2 716.7 709.2 706.5 706.9 708.9 702 697.8 688.1 684.6 684.6
1027.3 1011.5 1001.4 991 973.6 966.7 956.3 932.7 892.9 874.3 848.6 822.2 792.7 777.6 758.3 740.2 717.7 701.2 683.8 658.4 640.9 627.5 612.4 596.8 583.2 568.7 555 537.7 522.3 503.6 477.4 456.9 435.2 417 400.7 384.5 374.3 366.8 353 337.5 330.8 326.9 325.2 323.1 317.2 318.1 324.5 333.5 344.9 362.5 386.3 413.8 442.9 476 502.5 526.3 549.8 587.2 624 666.5 700.1 724 733.7 742 748.2 751 754 746.8 732.2 725.2 723.8 725.3 731.7 726.8 719.4 705.1 700.2 701
992.1 994 985.6 976.7 960.8 944.9 926.8 903.1 875.5 854.4 829.1 804.3 775.5 760.7 747.6 730.3 708.5 690.2 666.4 656.2 645.7 631.4 610.6 598.3 587 573.1 557.8 538.2 522.4 498.8 479.6 460.8 440.6 419.2 401.8 384.1 371.4 363.9 346.2 337.1 332 327.8 324.3 321.2 318.4 320.4 328.3 339.8 353.6 364.6 386.1 413 440.8 472.5 498.3 521.4 548.7 580.9 625.1 660.8 692.2 716 731.2 742.1 752.4 761.9 766.4 761.2 751.5 750.3 751.6 754.1 750.2 746.6 740.3 724.5 717 715.3
965.5 943.6 921 924.4 933.4 914.4 897.7 872.3 850.7 833.2 802.7 773.3 758.1 739.9 728.6 712.5 694.5 679.9 658.2 655 643.8 630.2 614.5 600.5 588.8 573.8 557.7 538.1 520.5 503 482 462.2 441.6 420.7 400.1 384.1 368.9 352.9 341 335 331.3 327.6 325.1 323 317.9 323.7 333.5 345 358 369.1 390.6 411.8 440.3 468.2 493.9 515.7 541.4 579.4 620.2 656.7 683.9 702.9 721.2 737 753.3 764.4 775.3 788.5 781.6 781.4 787.2 789.2 776.7 760.7 749.2 738.1 733.6 731.1
901.5 876.7 875.1 888.8 885 884.9 864.3 843.2 821.9 807 777.6 754.4 735.5 717.8 700 688 677 665.7 651.2 643.2 630.3 618.6 606.3 596.9 586 568.9 551 534.9 519.2 500.3 479.6 460.4 442.2 421 399.8 378.4 361.3 348.7 341.5 335.7 330.5 328.7 325.5 323.1 318.1 329.9 345.6 357 363.3 373.9 391.8 416 440 464.8 487.8 509.3 534.7 570.8 608.2 640.7 672.8 694.6 715 730.7 746 757.2 767.6 778.6 785.5 792.3 802.9 812.4 801.6 788.8 768.6 759.2 757.1 756
850.8 827.5 824.6 860.4 833 828.7 820.4 803.5 796.5 774.1 750 731.6 711.6 695.5 680.8 671.2 656.8 644.8 633.8 622.4 609.7 599 592 584.9 570.1 556.8 543.4 528.6 511.7 493.5 475.2 456.3 431.4 413 390.2 371.7 357.2 347.1 342 336.3 333.3 330.3 326.5 323 325.1 335.6 353 360.6 366.1 378.9 396.5 417.3 438.3 463.4 484.9 506.1 531.6 564 597.6 625.6 657 685.8 707.7 723.6 735.3 747.1 761 776.7 786.6 796.8 811.2 815.2 812.2 813 797.2 790.8 786.6 783.7
795.9 784.8 785.6 778.7 780.7 776.3 770.3 763 756.2 736.6 720.5 703.6 691.5 677.6 664.5 651.5 641.9 628 615.6 602.4 591.7 584 580 570.9 553 541.1 526 512.8 499.2 481 465.6 447.4 426.2 403.7 383 367.7 354.8 345.8 340.8 338.6 335.2 331.1 327.9 327.3 331.1 344.7 361.7 364.2 369.5 381.6 396.3 416.2 436.7 460 481.1 499.3 522.2 546.7 577.7 607.4 640.8 664.1 690.7 714.7 733.1 746.8 758.7 767.3 781 794.9 809.3 812.6 815.7 816.1 814.5 821.9 822.3 819.2
758.4 753.3 749.4 742.7 739.6 736.9 734.8 727.2 718.9 708.6 700.7 685.5 669.6 657.2 646.6 635.9 624 610.3 593.4 588.7 579 572.7 565.5 554 540 529 514.6 501.3 488.2 471 455 433.7 417.5 395.7 374.8 358.4 351.8 345.5 338.2 336.3 334.5 327.5 331.7 323.4 331.7 346.6 355.9 363.9 375.9 386.1 397.2 414.3 434.2 455.6 473 490.4 507.9 529.6 561.2 589.2 609.5 631.6 669.9 702.1 726.4 743.2 747.7 759.1 776 793.7 812.5 813.6 811.7 818.4 826.4 835.3 840 843.8
733.8 724.7 717.5 712.3 709.4 710.2 709.3 700.7 692.5 686.7 677.8 666.2 653.1 641.1 628.8 619 608.1 593 583.9 576.8 570.5 563.4 551.8 540.1 529.9 519.1 506.2 491.3 476 459.5 439.2 420.9 401.5 384 368.1 358.1 351.5 345.1 342.8 348.9 345.6 338.3 329.2 329.5 333.3 338.5 355.7 361.5 375.4 384.6 397.1 413.4 431.8 450.5 466.1 480.7 494.5 513.6 534.3 557.8 583.1 618.9 649.3 676.3 701.9 721.5 729.6 744.6 770.9 785.1 799 810.9 817.9 827.3 834.1 840.8 846 849.3
717.5 705.5 696.2 694.3 692.8 692.8 689.4 683.1 678.4 673.8 665 654 641.7 629.6 614.7 607.8 597.8 586.4 579.9 571.3 560.8 550.1 540.7 529.7 520 511.4 496.6 478.4 459.3 442.7 420.6 409 393.2 377.6 367.4 359.7 353 347.9 352.3 352.1 347.8 339.6 330.1 331.8 336.1 342.8 349.6 358.1 368 382.3 391.8 405.7 424.4 434.5 447.3 458.5 479.7 497.6 511.1 540.1 572.5 600.2 628.9 653.8 672.5 687.9 692.6 741.3 775.5 795.3 802.1 809.7 819.1 830.2 838 845.3 849.2 850.1
710.7 699.8 692.9 688.8 686.4 683.2 679 674.8 672.5 667.7 660.6 645.2 634.1 619 604.9 598.2 588.2 580.8 572.9 564.2 552.8 542.8 534.7 522.2 510.6 497.8 481.6 457.2 438.5 422.2 407.2 395.1 382.9 371.5 364.6 360.7 349.8 353.3 359 356.7 348.5 341.5 334.3 332.3 336.8 346 360.1 362.1 370.1 381.6 393.3 408.4 425.7 442.7 459 475.5 496.3 516.1 534.5 545.5 549 580.4 608.6 621.2 641.5 664.2 689.7 724.3 767.5 791.1 812.6 821 830.9 838.8 844.9 850.1 851.9 853.1
721.9 709.2 698.1 696.1 688.6 680.7 678.6 672.1 664.1 660.2 655 648.9 639.5 615.9 599.2 583.9 570.8 569.1 564.6 555.5 544.3 532.8 520.1 509.9 493.4 478.2 455.1 443.2 428.6 410.3 397.7 386.5 375.6 367.1 358.9 357.7 360.7 364.8 360.8 356.2 349.9 339.3 337.9 333.2 340.4 351.6 365.6 365.9 379.1 384.9 392.3 406 424.1 441.6 457.7 476.1 497.6 516.5 536.3 561.3 584 592.4 594.9 637.4 666.8 692.9 717.8 731.2 760.5 793.8 814.5 830.3 838.5 846.7 853 856 856 856.2
725 713.5 706.1 701.4 693.6 686.9 679.6 673.9 667.9 660.5 653.7 645.4 628.1 604.9 596.1 587.7 574.8 564.3 551.8 539.7 532.4 517.2 503.9 487.9 473.9 453.3 440.3 427.4 413 400.6 387.8 375.9 371.6 364.9 366.4 367.8 369.9 372.4 365.4 360.9 351.8 343.1 341.6 337.1 339.5 345 358.6 366.4 379.8 384.9 390.9 407.2 423.3 443.2 458.4 477.7 499 517.4 536.7 567.1 597.6 624.8 638.8 646.3 665.1 695.2 727.8 761.3 785.4 810 826.9 837.8 846.1 852.3 855.4 857.2 859.6 862.9
730 719.7 710.2 704.6 697.1 690.6 684.7 676.8 665.4 657.1 646.9 631 615.8 598.5 589.4 581.3 571.1 558.3 545.9 531.4 506 499.2 486.4 471.6 453.7 441.3 428.2 416.8 404.7 393.1 380.3 375.2 373.6 374 376 380.7 380.7 380.7 372.7 368.8 360.9 349.4 347.2 342.5 342.4 342.6 350.6 362.1 373.7 382.7 389.4 402 420.4 440.5 460 476.5 498.1 516.2 538 569.4 603.4 639.3 664.9 682.6 694.2 713.2 735.4 766.8 803.7 825.4 835.4 843.4 852.1 857.4 860 866.1 870.7 873.9
737.6 726.4 720 709.5 705.6 697.8 690.7 675 666 653.6 635.9 621.3 602.6 591.6 580.4 569.1 557.9 544.6 528.5 513.8 499.1 480.6 468.2 454.8 442.6 430.4 419.6 408.3 396.5 382.5 382 383.3 384.8 384.7 390.7 395 397.6 393.6 386.2 377.8 366.8 357.1 353.9 348.9 346.1 348.8 346 355.2 369 379.8 390.1 403.1 419.8 437.2 455.7 474.7 494.1 515.7 538.5 575.8 606.6 643 675.4 705.7 725.7 746 767.4 789.7 818.8 832.7 844.2 849.9 857.4 863.6 870.3 876 879.7 881.5
747.9 739.1 726 716.9 709 704 694.8 676.7 662.8 648.8 633.8 614.3 593.3 581.9 566.5 552.8 541.5 527.2 513.8 494.2 481.1 465.7 450.8 443 434.2 422.3 407.8 391.2 390.3 392.1 391.5 397.1 398.3 403.8 407.5 410.1 413.3 407.9 398.5 388.6 376.2 364.5 362.1 354.8 351.2 352.9 348 351.8 363.9 377.1 391.2 401.1 416.4 432.7 452.4 470.8 493 512.8 540.6 569.8 602.3 642.2 676.8 715.5 748.9 776.7 796.6 814.5 829.6 842.5 851.4 857 864.9 873.3 879.5 883.6 886.4 891.9
759 743 725.6 715.5 708.1 704.6 693.8 675.8 661 651 636.9 608.4 584.2 570.7 558.6 538 528.9 508.3 497 479.2 466.5 454.1 441 431.3 419.6 410.6 398.7 402.4 403.7 404 406.4 411.2 416.4 422.5 427.6 428.5 426.3 420.2 406.1 398.5 384 374.2 371.6 365.7 358.8 357.4 352.3 347.5 360.4 373.7 386.8 401.7 415.5 432.4 447.7 466.6 487 509.9 535.8 564.4 597 638 677.9 717.6 753.9 786.8 805.8 821.3 837.8 850.7 859.4 863.6 869.1 879 885.7 892.8 899.6 909.6
770.6 745.4 730.7 720.4 711.5 703.2 692.9 677.6 666.4 653.4 635.1 597.7 578.5 564 548.2 532.7 515.3 498.1 477.4 465.2 453.9 447.2 434.5 423.3 414.3 409.9 413.7 418.4 418.4 418.2 424.5 434.2 440.1 445.8 451.8 447.2 443 432 419.6 409.1 398.7 389 383.5 377.8 364.3 362.9 354.1 353.1 358.5 368.4 383.6 400.3 413.5 429.6 445.1 464.2 486.6 509.6 532.8 561.2 592.8 639.3 672.7 710.6 755.3 788.1 809.2 827.9 842.9 856.5 866.9 870.7 877.1 887.8 895.4 902.7 909.9 923
770.1 751.2 734.6 722.7 709.8 700.8 690.2 680.9 664.8 646.1 610.6 585.6 569.7 556 540.5 524 503.1 487.4 470.6 456.4 447.7 427.8 421.4 422.4 419.2 425.6 430.1 435.6 438.8 438.5 449.7 461.7 462.1 471.8 476 471.1 457.6 443.5 433 423.1 412.1 404.3 390 379.4 369.4 366.5 359.5 352.7 358 368.3 379.9 394.3 411.2 426.6 442.7 461.6 486 509.5 530.1 555.6 587.6 628.5 662 705.4 747.7 790 811.8 829.8 844 857.2 870.2 877.8 885.3 896.2 905.5 909.1 909.9 873.9
