Game/Highland_Data/StreamingAssets/GeoData/Data/nh/NH12.asc
ncols 200
nrows 200
xllcorner 210000
yllcorner 820000
cellsize 50
[rows 136 to 169 of 200, columns 0 to 77 of 200]
581 588.8 597.7 605.6 616.9 629.9 647.5 668.3 685.8 717.3 751.6 777.2 806.9 831.3 851.9 872.8 891.4 912.4 933.1 954.2 970.2 984.1 997 1005.4 1017.3 1029.4 1040.1 1050.2 1013.5 974.9 947.8 936.1 925.3 912.1 875.4 845.6 828.9 817.6 801.7 790.7 775 760.5 747.8 736.6 723 720.3 706.4 696 690 685.2 678.9 658.5 641 624.5 614.3 611.5 615.8 611.9 614.7 623.1 628.7 638.5 652 654.8 659.6 662 675.2 687 709.6 718.2 731 751.4 758 749.7 735.7 703.5 650.1 634.6
577.7 583.2 593.9 605 614.7 626.9 640.2 660.9 681.1 704.5 738.8 762.2 791.5 820.2 847.1 868.4 890.1 912.1 930.9 948.5 964.5 976.8 989.4 996.2 1007.8 1018.3 1028.6 1036 1023 991.1 959.1 944.2 930.9 919.4 892.7 865.4 850.3 842.6 819.9 800.2 777.1 768.4 757.2 745.3 727.9 713.7 706.1 691.4 684.4 684.3 675.6 657.9 639 620.3 608.9 598.1 598.6 594.3 596.3 599.3 604.7 613.5 621.9 627.1 630.1 635 642.9 656.5 675.1 686 703.4 727.3 736.7 727.9 707.4 681.1 641.5 617.7
571.9 583.3 590.2 598.8 610.1 622.2 635.2 654.2 675.1 696.9 718.7 754.3 786.7 814.1 838.4 864.6 890 910.4 927.3 943.5 957.1 968.8 980.4 983.3 994 1000.8 1010.8 1020.5 1026.7 1006.1 975.7 951 931.3 916.2 905.4 886 873.5 852.5 835.4 811.2 797.6 783.7 773.2 754.7 737.4 717.4 702.9 691 682.2 681.4 662.9 647.3 629.6 617.6 605.4 592.4 585.1 584 583 580.6 584.4 594.4 600.5 600.7 604.4 607.2 614 624.6 637.1 659.6 681.8 695.2 713.5 710 698.6 659.2 617.6 595.3
571 581.7 588.8 596 604.1 615.9 629.2 646.4 668.3 691.8 717.2 750.8 778 801.2 822.6 854.9 886.1 903.9 920 935.8 949.2 959.8 970.6 967.3 974.9 972.9 984.4 999.6 1010.8 1018.7 1006.7 981.7 944.6 916.8 906.6 895.4 872.7 852 830.6 816.9 804.8 791 780 758.9 743.4 726.7 706.3 697.8 683.8 667.2 648 640.3 630.4 618.6 601.8 587.6 581 575.8 572.2 570.2 571.9 577.8 579.6 579.1 580.4 581.7 586.3 590.9 603.7 625.4 647.5 661.9 683.7 692 679.1 641.7 596.3 568.3
572.6 579.9 587.4 595 602.8 611.7 624.2 642.7 666.2 688.2 709.3 735.9 758.7 781.9 805.1 838.6 873 893 910.9 925.8 939.7 950.7 958.3 954.8 952.3 946.5 954.1 980 994.6 1004.7 1003.6 996.6 961.9 938.3 905.7 876.8 854.3 844.3 821.7 803.4 795.9 792.5 777.6 755.5 739.1 723.5 710.3 696.1 668.5 649.2 640.2 639.1 632.5 616.2 599 590.3 581.6 574.9 568.1 562.5 562.3 562.8 561.3 562.8 562.9 561.3 560.2 566.9 575.6 587.3 606.7 629.1 654.2 657.5 645.6 612.9 583.7 549
563.6 573 584.9 593.1 600.9 608.2 618.8 634.9 658.9 674.2 693.7 713 733.3 753.8 781.3 810.1 848.1 873 898 914.5 927.6 938.7 944.7 942.6 932.3 935.1 943 964.2 976.5 984.1 990.2 990.3 971.1 937.3 905.5 877.1 848.6 834.2 816 795.8 790.2 779.2 764.3 746 733.3 722.4 706.3 677.5 656 644.9 635.8 629.3 617.5 609.5 600.9 591.2 588.7 581.8 573.2 562.7 554.7 553 547.5 548.6 547.7 546.4 546.9 546.6 551.8 562.5 573.5 593.3 620.1 627.8 612.9 588.9 561.1 529.4
559.6 567.8 579.6 588.5 596.8 602.6 611.1 625.3 642.8 658.7 672.7 690.4 706.8 728.7 755 787.5 819.9 847.2 877.7 900.2 916.1 924.7 928.8 929.7 930.9 928.2 928.2 948 955.7 964.7 976.6 980.3 961.1 922.8 892.6 870.5 846.1 830.1 806.2 788.8 783.9 770.5 755.3 734.5 719.6 709.5 692.5 668.3 653.3 642.2 635.2 628.8 614.2 607.2 599.4 595.8 591.6 584.1 576.7 573 568.5 564.8 560.4 551 542.8 540.7 540.7 538.6 542.3 546.6 551.1 559.3 587.2 597.1 576.5 552.5 529.1 515.8
556.5 564.2 573.5 581.7 588.6 593.6 601.6 614.4 632.8 645.1 660.5 672.6 693.6 712.2 736 763 791.4 820.3 856 883.6 901.7 907.7 912 913.6 919.1 918.7 916.3 927.8 936.8 948 958.9 968.5 958.2 919 892.8 858.9 842.1 820.1 794.2 784.3 769.9 754.1 736.5 712.1 699 688.7 674.5 659.8 647.5 639.1 631.8 625.2 617.1 607.1 606.1 602.8 599.1 597.2 591.8 586.1 582.2 574.7 568.7 563.3 559.5 551.2 545.4 538.2 539 539.8 542 548.2 558.6 565.2 552.2 530.5 508 493.7
552.6 559.7 568.4 573 579.7 585.3 588.1 595.4 606.3 621.8 642 660.3 675.8 693.8 714.7 744 772.2 803.3 835.6 866.8 884 890.5 893.9 895.5 898.6 902 899.9 904.8 917.1 929.7 945 955.3 951.6 919.5 886.5 852.8 825.8 806.6 793.5 780.7 766.8 753.2 738.9 726.8 714.7 703.5 687.6 670.6 657.4 642.8 636.2 628.2 625.6 622 616.5 613 608.2 604.5 601.8 595.5 593.4 589 583.1 582.5 580.8 571.3 559 544 533.1 528.3 531 537.5 552.4 545.7 533.3 510.6 495.1 488.7
545.4 546.7 553.2 563.2 569.1 573.2 577.3 581.5 588.6 602.4 613.5 643 654.4 670.3 696.1 729.3 755.3 786.9 819.9 848.6 863.9 870.6 872.9 874.2 872.5 873.6 878.2 884.9 899.3 914.8 931.4 942.3 941.3 915.4 879.4 848.9 824.9 811.1 799.8 790.6 772.2 757.3 745.6 732.4 723.5 718.4 695 673.1 660.2 646.8 639.8 634.1 634.1 630.3 625.6 621.9 618.8 615.8 611.3 608.7 605.8 601.8 602.1 602.4 598.8 586.7 569.5 551.2 538.5 516 519.5 526.4 528 523.3 503.4 493.4 481.4 477.1
539.5 536 538.9 548.8 561 562.3 558.5 560.8 568.3 579.1 592.2 616.4 630.7 647 676.1 704.7 728.4 767.9 804.9 835 842.5 847.3 850.4 849.8 848.1 849.1 855.8 868.6 885.7 902.7 917.3 927.2 929.7 922.4 885.8 859.6 842.8 827.9 819.1 806.9 782.9 770 760.1 753.7 746.4 731.1 710.5 677.8 653.8 642 640.5 638.7 640.8 639.3 636.3 634.6 633.6 631.7 627.9 626.7 618.4 617 614.5 614.9 600.7 583.2 565.8 553 532.2 511.4 507.5 513 507.6 493 478.1 470.9 466.7 471.1
529.7 531.4 529.7 538.2 550.5 548.7 542 536.8 539.9 552.6 566.4 584 602.8 628.6 652 679.9 702.9 740 776.4 803.7 817.9 824.3 826.2 825.2 823.8 829.5 837.9 857.2 871.6 889.5 903.6 913.6 916.9 916.2 908.6 899.2 878.9 865.9 858.2 848.1 811.2 799.3 789.7 785.1 773.8 746.4 721.6 677.8 663.6 648.6 644.3 643.2 645.2 647.5 648 654.3 653.8 647.1 638.4 629.2 627.7 613.7 610.3 600.5 581.9 568.1 555.1 535.5 501.8 476.3 474.9 476 466.2 458.6 457.4 452.8 443.3 445.2
522.5 522.2 522.4 525.9 535.3 534.8 523.2 516.2 522.1 533.9 545 564 584 610.2 633 656.2 681.2 715.9 747.5 768.1 783.6 791.7 798 797.5 803.6 815.8 834.6 854.2 868.5 877.2 892.4 901.7 905.3 903.4 898.9 895.7 891.6 886.4 878.5 872 847.8 839.7 828.4 832.7 811.8 761.7 727.8 705.7 693.2 669 660.3 667.9 663.2 667.6 666.5 671.8 680.3 666.9 650.6 626.3 620.6 606.5 580.4 586.9 576.9 558.9 534 501.5 473.8 440.8 438.1 441.4 436.2 424.3 421.3 422.1 419.3 418.1
513.3 513.4 512.6 516.7 518.9 517.3 507.7 504.5 510.2 513.4 525.8 544.9 565.6 591.2 615.2 634 659 690.4 714.5 734.1 753.4 764.5 769.6 773.1 798.7 821.3 840.6 854.5 866.1 877 887.4 895.1 894.6 890.6 885.3 881.5 876.2 872 868.7 864.3 863.4 861.6 863.2 859.3 834.6 784.5 755 745.6 728 698.7 698.8 705.6 708.2 702.9 692 693.5 686.7 667 643.6 633.6 622.5 595.6 559.3 556 551.9 541 502.9 479.5 455.6 435 404.3 409.7 409.3 395.6 391.1 398.5 389.8 387.6
505.4 506.8 505.8 504 505 501.9 490.5 492.4 500.8 501.1 509.7 527.1 547.7 564.4 586.1 608.7 634.8 665.1 689.6 704.9 722.9 735.7 750.1 773.4 795.1 817.6 838.7 857.5 872 880 884.1 885.5 880.4 874.1 868.1 863.1 855.5 851.1 849.7 849.6 849.8 852 852.4 855.2 846.7 827.1 793.2 782.7 759.8 745.5 739.7 739.8 751.5 731.8 709.3 688.2 675.1 660.6 646.4 624.6 605.8 583 549.4 522.3 522.3 509.1 480.7 461.2 434.8 421.7 397.8 364.1 377 375.2 367.9 369.2 369.4 365.8
499 503 496.4 494.2 491.8 487 481.7 479.9 485.8 489.3 501.4 516.5 530.9 543.6 562.2 583.1 601.5 627.6 656.6 676.7 695.1 694.8 732.8 761.4 784.3 806.2 828.3 845.7 864 873.1 868.9 863.6 857.1 851 845.3 839.7 834.3 832 830.5 831.9 833.2 837.4 838.7 847.6 837.7 829 825.6 814.6 798.1 791.9 778.9 772.7 762.4 742.8 708.5 683.7 658 636.3 615.1 600.6 583.5 564.5 534.3 499.1 492.3 480.9 458.7 433.6 412.7 401.9 386.5 373.7 339.2 341.3 346.4 348.4 349.9 349.7
492.3 491.4 489.7 485.9 481.8 476.5 472.8 474 475.7 480.4 489.8 499 510.6 523.7 538.9 555.7 573.9 598.4 626.1 646.5 662.9 676.4 708 744.1 767.5 792.2 815.4 834.3 849.3 855.5 850.9 844.9 838.6 832.4 827.8 822.8 819.4 815.2 814.3 814.6 816 820.2 822 827.7 824.8 820.5 821.2 813.6 801.3 787.6 777.3 766.7 753.2 736.9 717.3 672.3 637.2 612 586.4 568.4 555 546.9 514.4 484.7 450.4 446.4 423.8 405.7 388.3 380.8 371.8 355.5 337.8 317.5 332.6 330.2 330.7 329.1
490 483.5 480.5 477.8 474.5 469.5 467.9 467.3 467.2 473.4 479.9 485.8 489.4 506.2 516.8 532.4 549.1 569.6 596.8 620.4 634.3 661.1 694.8 721.4 740.8 750.4 775.4 796 825.2 835.6 838.1 836.8 830.3 823.4 815.5 808.1 805.1 800.5 798.7 798.2 802 804.4 806.6 811.3 810.2 813.6 807.6 800.8 785.8 776 771 756 738.6 728.2 707.2 672.7 624.2 589.3 565.4 540.3 539.5 525.5 502.7 466.2 441.8 408.9 400.8 378.5 365.8 358 348.8 335.6 324 310.4 316.7 315.3 312.9 311.2
500.8 490.7 480.2 470.7 467.5 464.3 462.5 461.4 462.2 466.6 468.7 470.9 476.3 481.5 498.6 510.4 523.6 548.5 572.8 593.1 614.8 640.8 675.7 695.2 712.4 713 736.9 760.3 788.6 807.6 824 827.1 825.5 816.2 806.2 799.4 793.8 786.9 783.4 782.4 785.2 790.4 795.9 799.3 805 803.2 795.8 787.4 771.1 762.5 753.2 742.2 718.8 702.3 688.6 669 617.2 574.6 543.6 523.9 506.8 494.7 475.7 444.7 415.2 397.3 373.4 360.1 348.5 337.6 334.7 319.7 313.1 301.7 306.6 305.7 305.1 304.4
508.6 499.8 489.4 480.2 467.2 459.8 457.2 455.8 457.3 457.6 458.6 461.4 464.2 470.7 479.2 488 503.3 525 548.4 571 592.4 618.8 649.3 672 685.1 689.5 713.2 733.6 755.6 779.3 798.8 814.2 814.9 805.3 797.6 790.9 783.5 776.2 771.6 773.4 778.4 782.7 789.9 792.6 800.7 793.7 788.8 769.4 753.2 727.9 710.4 695.6 685.5 668.1 648.8 630 597.6 548.9 518.6 505.3 484.7 458.1 443.3 421 401.8 376.3 360.5 341.8 328.9 321.1 312.8 301.9 297.6 295.4 298.2 295.4 294.8 294.6
515 506.6 499.2 490.7 478.9 473 463.6 455.3 448.9 451.3 452.9 453.2 455.2 458.7 465.3 472.7 484.2 502.4 523.4 545.6 568.9 592.1 620 646.5 661.4 664.9 686.8 707.8 734 755.8 777.9 788.3 792.5 790.2 786 781.1 773.5 767.7 765.3 769.6 776.9 780.6 785.8 789.9 790.4 783.1 770.1 747.2 728.6 701.9 676.8 664.5 651 629.9 607 584.2 551.4 523.4 494.2 479.8 456.5 433.5 417 401.7 380 359.9 342 327.1 315.4 310.3 297.7 292.4 286.9 286.1 285.9 286 284.4 286.1
519.3 510.3 501.8 497.6 491.3 483.8 474.1 463.9 453.5 446.3 445.9 446.7 447.3 450.5 454.7 463 471.8 480.9 502.5 525 547.1 567.7 592 619.7 635.2 641.1 661.1 684.4 710.1 727.8 745.2 757.2 764.5 769.3 768.8 765.5 760.4 758.6 763.1 769.9 776.8 780.6 784.3 787.3 773.3 755.7 738.2 722.9 704.1 676.7 648.7 636 623.2 604.9 581.7 542.6 521.1 495.3 467.4 458 427.6 409.4 395.2 373.7 358.7 338.8 324.7 313.7 303 294.7 289.4 286.2 280.3 279 274.9 271.8 268.8 268.9
526.9 514.2 511.7 504.7 496.7 488.5 480.3 467.4 459.8 451.3 444.5 441.5 441.1 442.3 447.1 454.5 458.5 474.1 490.5 507.8 527.1 545.9 568.9 594 611.5 618.5 638.5 663.6 681.6 699.2 715 726.2 733.5 738.3 741.5 740.6 743.5 743.7 753 763.9 773.1 775.5 767.7 770.1 745.9 730.8 709.9 689.8 675 656.4 626.7 615.3 599.1 580.1 548.6 517 495.4 465.7 445 430.4 405.1 388.4 370.6 352.8 338.9 328 313.2 300.8 292.4 283.8 279.1 277.1 272.8 271.9 270.1 265.7 260.3 260
539.9 528 517.4 511.7 501 492.3 480.7 471.2 462.5 456 448.1 440.4 433.8 440.1 442.2 446.5 452.1 463 477.2 493.3 509.8 523.5 544.5 569.2 586.2 598 616.9 637.8 654.5 667.2 683.3 695.4 702.6 706.5 707.8 712.6 716.2 717.3 728.4 743.8 748.9 751.6 738.6 726.3 707.8 697.4 676.7 660.9 643 624.6 608.7 590.8 569.3 549.8 515.3 488.4 468.4 440.1 422.5 399.4 377.2 362.4 352.2 337.6 325.3 316.4 299.4 287.8 281.4 275.6 272.5 269.9 265.6 242.3 264.6 260.6 256.3 257.4
559.5 539.9 525.2 514.7 506 496 485.7 476.1 464.3 458.3 450.3 443.5 436.6 433.4 436.9 440.2 443.8 454.4 464.9 478.8 494.6 507.1 524.1 545.8 563 575.5 594.9 615.7 629.9 641.1 651 664.7 670.3 672.8 676.1 679.3 683.6 686.5 700.1 715.9 722.8 716.2 701.1 685.6 672.5 656.3 641.7 626.9 614.8 603.3 585.3 562.5 535.7 508.8 477.4 459.2 440.5 418.7 394.8 378.6 363.9 347.3 333.5 317.3 307.4 298 286.8 278.1 270.5 272.8 268.1 267.3 264.2 263.5 249.2 254 247.2 252.2
587.4 571.7 544.6 523.4 509.4 498.7 488.7 478.5 468.9 458.3 451 445.8 439.6 434.1 429.2 432.3 436.7 447 456.3 467.2 479.8 493.6 511.7 531.1 541.8 558.3 577.5 596.6 608.9 619.5 627.9 632.2 636.5 642.5 647.2 652.6 654.5 663.3 674.8 692.3 694.7 679.7 669.5 652.9 643.7 627.7 618.4 604.9 594.3 578.1 558.8 537.3 508 478.7 456 436.9 418.6 401.3 377.7 361.6 347.1 329.9 317.2 303.9 294.1 284.8 277.3 267.1 260.6 263.5 262 260.3 260 259.1 259 253.8 248.8 242.2
602.6 582.3 563.1 538.8 524.1 507.4 489.1 482.3 472 462.1 451.7 446 438.8 434.1 429.6 425.2 431.6 439.6 449.5 458 468.7 481.8 497.3 512.9 526.7 540.5 561.9 580.2 589.8 599.3 606.9 611.4 611.9 615.3 621.4 623.7 627.6 638.8 654.4 668.5 675.3 656.4 645.9 632.7 619.3 609.6 595.6 579.3 568.3 552.9 535.8 509.5 485.2 462.6 439.3 421.7 400.3 385.1 368.3 346.6 329.4 315.6 303.1 292.5 283.7 275.7 268.9 260.2 257.9 256.5 257.4 260.5 259.3 253.6 253.3 247.3 246 239.6
610.6 588.3 565.3 547.1 535.6 519.2 503.3 482.2 469.6 460.5 452 444.2 435.8 430.2 427.9 427.2 423.2 434.2 440.1 450.5 461.1 470.9 484.1 498.9 513.8 525.5 544.5 564.1 576.3 583.8 586.2 588.9 590.5 596.5 597.4 602.6 611.5 618.9 628.5 645 642.6 635.7 622.4 613.5 604.8 593.8 582.5 570.8 553.6 527.9 516 494.6 468.4 441.9 427.4 411.6 390.2 368.6 357.9 337.2 315.1 302.8 291 282 274.8 267.6 261.1 257.9 256.7 256.1 256.6 264.5 258.3 253.5 249.4 249.1 246.9 244.4
608.3 588 574.3 556.7 532.8 520.2 507.4 489.3 469.6 460.5 450.5 442.5 432.3 428.4 428.3 426.4 419.4 432.1 435.6 442.5 451 458.7 469.7 484.5 497.6 510.5 529.1 546.2 558 566.4 571.5 572.3 577.8 582.3 588.5 596.6 602.9 609.6 616.7 621.4 619.1 616 608.6 604.9 598.3 592.5 583.7 567.9 550.3 528.4 509.7 487.2 461.7 425.8 412.9 393.9 374.3 357.3 341.4 327.4 308 292.2 277.7 271.7 267.1 262.1 259.2 257.5 256.4 256.4 257.3 259.3 254.5 252.7 251.7 255 251.6 243.7
604.9 589.3 573.2 549.4 530.1 517.3 502.9 487.3 472.8 464.5 452.6 440 430.6 427.8 429.9 428.9 424.4 419.2 430.5 434.7 442.2 450 458.1 471 484 496.5 514.9 529.5 539.8 547.9 553 557.8 565.6 575.9 588.1 601 611.4 617.2 620 619.8 614.8 610.8 597.5 592.8 587.2 577.8 564 547.7 531.8 515.6 499.3 480.8 453 417.9 396.3 381.6 357.8 340.2 330.4 316.9 299 282.7 272.1 267.2 262.6 259.4 257.8 256.9 256.4 256.1 261.8 255.8 251 250.1 255.7 251.1 243.5 242
596 573.1 550.9 528.1 514.1 508.1 495.9 479.6 469 461.4 448.7 436.8 429.6 427.3 429.4 429.2 426.5 412.5 423.1 429.9 437.4 442.4 447.7 457.5 468.8 484.6 501.2 511.7 520.7 528.5 531.3 541.4 555.6 571.5 584.1 592 601.7 606.4 608.6 602.4 592.4 587 582.1 577.4 566.3 556.9 543.7 529.8 511.6 497 482.2 457.9 433.6 408.4 388 364.2 345.1 327.8 315.6 301.4 285.7 275.5 267.6 263.5 261 257.6 258 259.3 256.4 256.3 258.8 253.4 249.2 245.6 247.4 242.4 242.4 236.7
585.5 563.2 540.6 519.9 503.6 490.1 479.6 470.5 464.8 451.2 438.6 432.6 425.1 424 426.7 426.9 418.1 409.7 416.2 425.2 432.6 437.2 440.1 447.9 457.1 471.4 485.9 493.3 501.7 506.7 485.5 525.3 548.9 559.3 565.2 571 576.6 579.1 581.1 577.4 571 568.7 565.6 556.8 545.3 531.8 520.4 506.6 489 472.6 454 438.5 415.5 396.8 375.1 356 342.8 323.3 305 291.4 276.2 267.6 263.7 259.6 256.7 256.4 256.4 257.9 256.4 257.3 258.4 252.1 248.4 244.7 242.8 241.4 241.1 236.1
571.7 553.6 536.2 516.5 498.5 486.4 476.6 465.2 457.1 443 432.5 424.3 416.3 419 419.7 416.8 408.8 402.6 405.6 415.2 423.5 426 432 439.2 447.8 455.3 466.2 475.3 482.5 482.5 480.4 515.2 534.2 538.9 542.9 550 557.7 558.8 556.9 549 544.8 540.8 538.2 524 511.9 500.7 491.5 477.4 462.7 446.9 429 411.8 389.8 374.4 353.2 338.6 327.7 313.8 300.5 280.3 267.8 262.6 259.7 256.8 256.4 256.4 256.4 256.4 256 262.1 256.9 256.3 251.5 250.1 246.8 241.5 237.7 244.5
550.8 532 516 500 487.3 475.2 462.7 452.4 441.4 431.5 422.4 414.7 414.7 419.1 414.9 409 402.7 394.3 402 409.8 416.3 420.8 425.8 431.1 437.2 443.8 448.8 458.7 466.7 455.5 481.5 499.4 510.1 516.1 523 534.5 539.2 539.8 530.2 522.5 514.7 510.8 502.3 491.2 477 466.5 457.9 444.9 429.3 410.4 390.2 377.4 363.5 346.9 330.5 319.7 308.4 299.6 286.6 276.1 261.9 259.6 257.1 256.4 256.4 256.4 256.4 262.1 260.7 262.8 258.2 258.7 256 255.3 250.4 243.5 243.4 246.9
