Game/Highland_Data/StreamingAssets/GeoData/Data/nh/NH15.asc
ncols 200
nrows 200
xllcorner 210000
yllcorner 850000
cellsize 50
[rows 0 to 34 of 200, columns 78 to 155 of 200]
552.4 547.2 541.3 532.9 528.8 527.2 521.8 517.6 514.3 513.8 514.1 514.1 512.5 511.5 510.1 511.6 513.8 512.1 510.1 507.3 504.3 502.2 498.6 496.8 497.2 494.2 492.8 490.3 488.5 487 483 480.8 475 469 462.6 464.7 465.9 470.7 471.6 469 464.8 462.2 458.1 452.2 447.5 441.4 436.5 428.6 418.4 408.7 397 387.2 381.2 372.7 364 358.6 351.7 343.7 331.1 327.4 324.9 321.8 318 315.3 314 314.5 311.7 310 308.4 306.8 307.5 306.9 306.6 306.2 306.2 307 308.1 308.6
548.4 543.1 540.4 536.2 529 525.2 520.6 517.8 514.9 516 515.7 514.7 513.9 513.2 513.1 511.9 513.9 511.9 508.8 507 505.3 503.4 501 498.1 493.2 491 489.4 484.5 482 479.4 476.3 472.1 467.1 463.2 457.7 455.3 455.2 455.2 459 457.6 455 452.3 448.5 444.1 435.9 429.4 423.9 416.6 408.4 400.4 390.1 380.4 374.5 367.8 356 350.2 344.7 336.6 328.3 318.7 315.8 312.9 308.2 305.6 307.7 304.4 303.8 302.3 301 300 298.8 297.8 297.3 297.2 296.7 296.7 296.5 299.2
547.6 541.8 537.2 535.7 533.4 526.7 520 517.4 517.3 517.6 517.9 516.9 517 516 514.7 513.5 512.3 511.5 508.7 506.1 505.7 502.5 499.5 497.4 493 483.6 486.7 480.4 475.2 471.8 469.3 466 460.5 456.6 450.7 448.2 446.3 443.7 441.6 445.4 445.7 441.4 437.3 431.3 425.2 418.9 413.2 408.2 400.4 390.6 381.1 373.5 365.4 358.1 350.3 340.7 334.6 328.3 319.2 311.2 305.7 303.9 300.3 296.6 298.9 295.6 296.1 293.3 290.2 291.3 288.5 288.2 288.6 287.9 287.4 287.5 286.7 289.3
548.8 542.5 537.8 534.5 530.9 529.2 522.4 518.9 519.2 520.9 521 519.1 517.6 516.6 515.7 516.4 513.6 511.4 508.1 505.6 504.6 503.1 499.6 495.1 491.7 483.8 476 474.3 470.8 465.1 461.9 460.3 456.7 449.4 443.8 439.6 438.2 434.4 429.9 428.2 430.2 428.5 424.7 419.5 413.4 409.1 403.1 396.8 389.4 378.8 370.2 363 354.7 347.3 340.7 332.7 322.9 316.7 309 303.8 295.9 296.3 293.8 287.2 290.5 287.1 286.6 284.2 282.8 281.7 279.2 277.9 278.2 277.3 278.6 277.8 279 280.3
548.6 544.5 542.1 537.1 532.2 528.1 526.5 522.1 520.7 522.8 521.4 519.7 516.8 515.8 515.2 513.4 511.7 510.6 506.4 503.2 500.8 500.6 497.8 493.5 488.1 481.7 476.6 467.7 463.4 458.5 453.8 451.4 448 440.1 434.5 429.3 427.9 423.6 418.6 414.9 412.1 412.7 410.6 407 402.7 397 392 387.3 379.9 370.7 361.9 353.9 346.7 337.9 328.3 323.3 312.3 305.3 299.7 295.3 291.2 286 286.9 281.8 280.7 279.6 277.6 276.9 273.8 271.3 270.3 268.1 268.4 267.6 269.1 269.8 269.2 270.7
551.2 547.9 544.1 540.5 536 532.8 525.7 525.4 525.3 523.2 522.2 519.4 518.4 515 514.4 511.7 510.6 508.6 505.1 502.5 498.6 497.1 494.7 493.2 487.2 479.4 476.2 466.5 446.2 453.1 446.8 441.1 440.6 431.9 424.5 417.5 414 410.5 405.5 401.5 399.4 395.9 394.2 391.9 388.5 383.8 378.7 375.4 370.4 359 349 341.2 332.5 326.7 317.1 312.7 303.2 295.3 290.3 286.8 282.6 275 278 273.7 272.2 270.9 270.2 269.4 265.5 262.4 261.4 261 259.8 258.8 259.8 260.5 259.7 260.3
555.8 552.3 547.5 543.1 540.4 538.6 529.2 526.1 523.3 522.9 521.1 519.3 516.6 514.9 512.3 510.1 509.2 507.7 504.1 500.3 496.9 493.1 489.5 485.2 480.6 472.7 466.7 461 450.3 437.3 435.7 431.8 430.3 422.7 415.3 407.6 400.5 396.5 392.1 386 381.4 378.7 376.1 370.6 368.9 366.1 362.9 357.5 352.1 341.4 334.3 326.5 318.2 312.5 304.1 301 294.6 287.3 283.2 279.9 275.5 268.9 269.3 265.2 264.2 263 262 260.8 256.5 253.7 253.1 252.6 252 252.1 252.8 252.6 251.7 250.5
562.6 558.9 553 548.4 544.2 539 532.9 527 522.6 521.5 518.9 515.6 512.3 510.2 509.4 506.7 504.9 502.8 501 498 495.8 490.9 485.4 479.2 472 465.2 457.5 449.3 440.3 428.5 421.4 419.5 418.9 411.5 401.7 393.8 385.5 381.5 377.3 371.1 365.5 362.2 358.4 352.3 347.8 344.5 342.8 336.2 329.3 323.3 318 310.8 303.9 297.5 295 290.1 287.1 280.7 276.7 270.5 267.7 262.1 262.4 259.5 252.4 256.4 254.7 254.5 248.6 246.6 246.4 245.8 245.3 245.3 245.4 245.9 244.8 244.3
566.7 563.9 559.5 554.1 547.6 540.4 532.6 526.2 523.6 520.3 514.6 512 508.8 506.1 505.6 501.6 500.8 499.9 495.9 494.3 492.7 488.5 484.1 476.1 468.8 461.4 456.5 448.6 435.2 425 409.6 401.5 403 398.7 391.3 382.5 374 366.6 361.8 356.2 349.3 345.2 341.8 336.2 330.9 325.8 323.9 320.3 315.7 309.8 304.3 297.6 292 286.2 283.6 281.3 278.1 271.8 261.4 260.3 258.3 255.2 253.9 251.8 247.5 244.9 245.1 245.7 239.8 239.2 238.3 237.8 237.2 238.4 237.5 237.4 237.2 236.6
569.4 566.9 562.7 557.4 550.3 543.2 532.7 526.6 521.5 516.6 509.3 505.7 503.3 500.8 497.4 494.2 492.5 490 487.7 486.6 484.4 481 476.5 471.1 464.1 455.4 448.8 441.8 430.5 415.9 401.1 377.7 386.2 384.9 379 370.6 361.1 351.8 345.4 340 334.3 329.7 326.7 323.6 319.5 314.3 311.1 307.3 301.8 297 291.6 286.9 281 275.4 271.3 269.9 265.9 259.5 254 252.9 249.4 247.2 242.9 243.4 240.8 237.7 238.2 238.3 230.8 231.5 230.6 229.1 229.6 230.7 229.6 229.3 228.6 230.8
566.6 564.4 560.6 555.8 548.1 538.9 531.2 524.3 517.9 511.9 505 500.2 495.1 491 486.4 484.2 482.6 482.8 481.4 479.2 477.5 474.5 471 465.3 457.8 449.5 437 427 415 403.7 392.9 377.9 363.5 371.2 366.6 358 349.9 340.5 333.3 328.6 321.9 317.5 314.4 311.7 309.3 305.1 299.6 296.2 288.7 285.4 279.4 274.6 269.8 264 259.7 256.5 256.8 249.1 247.6 249.1 246 244.1 241.9 236.7 237.6 227.1 228.7 228 222.7 223.7 222.9 221.5 221.9 224 222.1 222.2 222.4 224.5
556.8 554.9 552.2 548.1 542.3 534.3 524.8 517.2 510.5 502.3 495.3 491.1 485.1 480.6 475.2 472.8 471.7 471.3 471.6 470.3 467.9 465.9 462.7 456 449.6 440.7 432.4 417.3 404.4 392.8 379.1 371.6 359.5 348.2 351.1 344.6 337.6 329 320 317 310.9 306.2 301.5 299.2 296.6 292.9 287.9 283.4 275.4 271.4 268.3 261.9 257.3 254.4 248.2 244.1 245 241.7 237.7 232.7 232.3 231.2 233.7 218.6 222.6 220.5 221.2 218.2 216.6 216.8 215.8 214.7 215.5 217.2 217.2 219.3 218.1 216.6
541.1 539 535 528.5 522.6 518 511.2 504.6 495.6 488.8 484.2 477.6 475.4 470.6 464.1 461.1 460.5 459.3 460.6 459.9 457.7 455.6 452.4 447.6 435.2 424.5 413.9 404.4 390.9 377.1 367.1 360.3 349 340.7 332.3 327.6 321.7 315.7 307.9 302.2 298.4 293.2 289 286.3 283.7 279.2 273.5 268.5 263.7 259.1 254.3 249.1 244.8 243.3 238.4 232.8 229.9 226.7 224 223.2 222.3 217.7 218.7 219 208.8 206.8 210 209.6 209 208.6 208 208.3 208.8 211.4 215.6 217.3 211.7 210.2
520.2 517.4 513.4 507.5 501.8 498 489.3 485.5 480.3 473.4 469.1 464.6 462.8 458.3 453 449.3 447.6 447.3 446.9 446.9 445.6 442.6 439.4 432.9 422.1 411 398.9 385.7 377 368.1 355 347.6 339.6 330.5 319.6 314.3 310.1 305.4 296.1 288 286.3 279.8 276.3 271.4 270.4 264.3 259.2 255.4 251.5 245.5 240.2 237.3 233.4 231.9 226.5 222.6 216.9 214.4 211.7 212.3 212.9 209.9 205.9 205.4 202.8 202.1 203.2 203.7 203.5 201.8 201.7 203.1 204.1 205.7 209.9 210.5 206.7 204.3
495.3 492.3 489 485.3 482.3 477.7 473.8 469.5 465.3 459.9 455.3 451.1 447.4 443.7 438.9 435.7 433.4 433.4 432.8 431.7 431.6 427.6 423.6 418.5 408.3 396.2 384.5 373.4 366.6 357.1 346.2 335.9 329.7 319.6 308.3 299.7 294.5 294.3 284.2 279.8 271.1 267.2 262 260 257.1 251.3 245 241 237.3 231.6 227.4 225.6 223 218.6 214.4 211.8 208.7 206 205 203.9 203.3 203.6 198.9 198.4 193.8 198.9 197.9 197.5 198.6 197.5 197.6 198.5 199.8 199.3 202.6 202.9 199.4 201.5
469.4 468 464.3 464.2 462.2 461.8 456.5 451.7 448.5 445.5 441.2 437 430 424.7 422.3 418.2 416.4 416.6 416.1 415.1 413.7 410.5 404.3 398.3 391.4 381.1 371 359.8 351.3 343 333.2 322.7 317 308.7 296.2 287.7 277 275.5 271.8 267.2 256.6 252.8 244.5 241.9 238.8 235.7 231.4 225.8 222.6 217.3 212.8 211.9 211.4 207.4 206.9 204.4 201.4 199.3 198.8 198.3 198 198.9 196.6 193.3 188.1 192.9 192.1 193.1 193.5 191.4 190.9 192.5 194.1 194.6 195.3 195.9 193.3 194.4
440.4 438.3 439.6 439 438 436.8 434.4 431.7 429.6 425.5 421.6 418.4 413.4 410.1 403.7 398.8 397.7 399.4 397 397.8 394.3 391.7 385.9 381 371.7 364 354 344.9 337.1 330.2 318 310.4 299.9 295.5 285.1 273.9 269.1 254.1 256.8 251 245.8 238.3 232.1 227.5 224.1 221.5 218.2 212.9 209.8 204.6 200.9 199.4 200.5 199.6 199.1 199.1 195.9 194.6 194.2 195.3 194.3 195 190.2 186.1 190.2 186.3 185.5 189.4 189 185.2 187.1 188.2 188 187.4 187.6 188.6 187.8 186.1
411.6 409.2 411.3 412.7 413.7 412.9 411 409.9 406.8 404 401.2 398.7 395.3 391.4 387 382.9 379.4 381.9 379.8 378.1 377.1 374.6 370.7 364.8 355.7 346.4 340.5 331.3 326.2 317 306.1 296.4 287.9 281.4 272.2 264.2 258.3 249.6 242.1 238.7 234.5 227.4 221.1 216.7 210.2 209 204.9 201.6 199.3 193.6 190.9 189.8 192 192 190.3 191.3 191.8 189.2 191.4 191.9 188.9 189.6 186.4 180.2 186 180 181 184.2 183.3 180 181.4 181.7 182.7 178.2 179.3 180.5 180.2 179.8
386 385.8 386.6 389.5 390.4 390.5 389.1 388.4 387.3 384.5 381.3 377.6 373.5 372.5 370.2 364.1 362.4 361.7 362.3 361.5 360.3 358 354.2 349.7 343.3 331.8 325.2 319.1 311 302.4 295 286.5 277.2 271.3 264.7 256.3 251.3 242.1 232.3 225.9 226.2 218.7 208.5 206 201.9 198.1 195.8 193.2 190.3 185.6 184 183.5 185.1 186 186.1 185.5 187.3 185.5 185.4 187.2 185.1 183.8 181.7 175.3 179.7 179.4 177.7 177.8 176.8 176.8 177.3 175.3 176.7 173 174.2 172.5 171.4 169.4
356.8 358.1 360.6 363.1 362.4 365.1 365.5 364.5 363.9 360.8 359 356.5 356 350.9 349.5 346.8 341.7 341.4 341.9 341.1 340.5 338.3 335.6 332.5 327.9 319.6 311.1 304.6 299.1 291.9 285.6 276 269.1 263.6 257.3 250.9 242.8 238.6 226.8 218 210.6 211.8 202.9 198.3 193.9 189.5 190.7 184.2 181.2 178.7 177.9 177.4 180.9 180.4 181 180.8 181.7 181.9 178.1 180.6 179.9 179.3 174.4 173.9 175.3 176.6 172.9 172.3 171.2 168.9 168.7 167.9 169.2 166.2 169.2 168.8 163.5 162
328.3 329.5 330.7 335.3 335.9 336.3 336.5 336.4 337.7 335.2 334.3 331.9 330.6 327.8 325.3 325.5 322.3 321.7 322.3 320 321.3 319.9 320.1 314.3 310.8 305.7 302.1 295.1 288.6 285.2 279.2 270.8 265.5 263.7 256.3 245.7 236.4 229.9 220.8 213.1 203.5 207.4 197.6 191.9 188.1 185.2 182.9 180 175.2 172.1 170.6 173.3 174.7 174.9 175.5 177.1 175.7 176.4 175.1 172.7 172.7 173.2 173.3 169.3 165.8 170.7 163.7 164.9 165.8 163.8 162.6 160.3 162.6 159.1 161.4 157 157.2 155.4
295.9 298.6 301.4 303.3 305 304 306.3 307.1 307.3 306.3 306.3 304.9 305.8 303.3 302.9 303.1 300.9 302.5 303.7 300 301.9 302.2 299.3 297.2 294.2 292.1 290.8 284.5 277.5 276.2 274.8 264.1 256.7 259.4 253.4 239.7 230.6 225.9 213.9 207.3 200.2 194.2 191.5 186.7 182.8 181 176.2 176 172.7 167.3 165.3 165.3 166.7 167.6 171.4 171.2 170.5 170.7 168.4 165.6 166.9 166.8 166.7 163.9 158.7 163.4 159.3 157.7 160.5 161.1 158.5 155.2 155.8 153.3 155.5 152.2 150.4 148.5
271.1 271.8 272.2 272.7 272.4 272.1 271 276.9 279.7 279.3 279.9 280.7 279.6 280.6 279.2 280.4 281 281.6 281.5 283.3 282 283.3 280.8 280.6 280.8 278.9 276.5 272.9 264.1 264.3 263.5 255.4 247.8 248.2 247.6 231.1 225.9 218.9 207.5 201.7 198.8 188.9 182.9 180.9 179 178.1 176.3 170.6 170.5 163.4 160.5 161.6 161.3 159.4 161.1 163.6 163.8 162.9 162 161.6 159.7 161.4 161.4 156.6 153.8 153.4 152.3 152.6 154.2 157.3 157.2 146.9 147 146.9 151 144.3 144.4 144.2
244.3 243.8 245.6 246.1 246.3 248.1 247.2 251.2 250.7 252 252.1 250.1 254.3 256.9 256.5 256.9 258.2 259.8 260.9 265.2 263.6 263.6 265.5 265.7 265.4 264.1 263.4 259.4 254 252.9 253.1 244.7 235.7 234.5 233.8 227.5 223.2 210.9 199.6 195 190.7 185.5 180.8 175.7 177.2 172 170.6 166.2 164.6 160.8 160.1 156.7 156.5 155.4 156.2 160.5 161.3 159.7 158.7 156.2 156.7 153.4 153.4 153.4 150.9 151 149.3 148.7 150.6 151.3 149 143 142.8 141.9 145.5 138.7 138.5 136.6
221.8 221.8 222.1 223.1 223.1 223.4 224.4 225.2 226.9 228.4 227.8 229.6 231.5 231.9 236.4 234.4 237.3 241.4 244.5 245.4 247.6 248 246.4 249.2 251 248.2 249 246.6 243.3 241.1 237.4 234.2 228 221.6 219.4 218.8 217.6 204 193.8 189 186.8 182.4 178.5 173.4 168.8 172.4 168.9 163.5 160.1 158.1 156.6 157.6 153.9 152.3 153.6 154.6 155.1 154.4 153.3 153.2 150.4 149.4 149.3 147.4 145.6 146 146.9 145.4 146.4 146.1 145.3 143.1 139.2 139.7 138.1 138 138.5 138.2
201 202 201.9 202 202.4 203.5 203.2 203.9 205.7 205.7 204.8 208.5 210.1 210.9 212.7 216.1 217.1 221.3 224.2 227.2 229.8 230.2 231.4 233.5 235 234.6 233.6 233 229.3 228.4 227 223.8 220.7 213 210 205.5 200.3 193.8 187.3 184.8 183.5 180.8 177.3 174.5 164.6 164.2 163 160.7 158.7 156.8 154.6 153.9 153.1 152.1 151.5 152.1 152.2 150.5 149.1 147.9 147 146.5 145.6 145.7 144.3 145.4 145.8 144.5 143.1 142.7 143.6 139.2 139.6 139.5 137.4 138.7 138.6 138.3
183.2 183.2 183.3 183.4 183.7 183.4 184.9 185 183.5 185 185.2 189.6 190.4 191.4 193.6 194.4 198.2 204.4 206.4 207.9 210.4 214.7 214.9 217.1 218.9 220.1 220.2 216 216.3 215.1 212.7 211.1 205.7 201.1 200.2 197.1 194.2 190.2 184.2 181.6 180 180.4 179.1 171.3 160.8 160.3 159.1 159.6 157.5 155.8 151.9 151.6 151.2 149.4 147 147.3 146.6 146.1 145.8 145.9 145.8 144.8 144.4 144 143.7 144.5 144 143 142.1 142 142.8 139.4 139.6 139.2 138.7 138.9 138.6 138
169.6 169.4 169.2 168.7 170 167.9 167.8 169.2 169.8 170.7 173 175.1 173.9 172.8 172.8 174.3 179.4 188 191.2 191.3 194.1 196 198.9 200.2 202.1 204 204.6 203.5 203.3 203.3 205.2 201.6 197.2 193.5 192.7 191.8 189.8 186.8 182.2 177.6 175.8 176.3 171.8 166.5 156.6 156.7 156.3 155.5 155.8 152.7 149.9 149.2 148 145.6 145.4 145.1 145.6 145.9 145.5 145.1 144.7 144.3 143.8 143.4 143.1 142.7 142.9 142 141.5 141.6 142 140.1 139.4 139.2 139 138 137.8 137.8
159.6 158.7 157.4 157.3 157.1 157.9 159.2 156.4 158.7 159.2 162.3 164.2 163.6 164.9 163.8 166.4 169.7 170.9 174.2 176.8 177.7 180.1 182.7 184.3 186.8 189.4 191.3 190.3 190.1 189.7 190.7 191 186.8 186.6 186.2 187.8 190.7 188.8 180.8 174 170 167.2 163.8 158.6 155.1 152.8 154.3 153.8 151.1 149.5 147.9 147.7 145.7 145.2 145.4 144.9 145.4 145.4 145.2 144.8 144.4 144.7 143.8 143 142.5 142.2 141.8 141 141.1 141.3 141.3 140.6 139.4 139.3 138.8 138.8 138.2 137.6
152.4 152.4 152.4 152.4 152.4 152.4 152.4 152.4 152.4 152.4 152.4 152.4 152.4 154 157 158.2 161.4 165 166.8 167.3 168.7 169.7 170.4 170.1 173 175.3 175.5 177 177.3 176.6 175 179.7 179.8 180.3 179.4 181.4 185.9 188.4 173.2 168.8 165.2 160.6 158.9 154.4 152.6 152 150 148.9 148.7 148.8 147.8 146.3 145 144.6 145.3 144.6 145 144.9 144.3 144.6 144 144.6 144.4 143.8 142.6 143.5 143.2 141.7 141.3 140.5 139.9 138.9 138.6 138.4 138.6 139.5 138.9 138.2
152.4 152.4 152.4 152.4 152.4 152.4 152.4 152.4 152.4 152.4 152.4 152.4 152.4 152.4 152.4 152.4 155.6 160.8 160.1 160.1 159.8 163.7 164.1 167.4 166.2 164.4 162.2 162.1 161.9 161.3 161.4 164.3 167.3 172.7 172.5 172 173.9 175.7 165.1 161.5 159.1 156.3 155.1 149.7 148.1 146.8 147.2 145.9 146.6 147 146.5 144.9 144.1 143.9 143.6 144.4 144.4 144.4 143.5 145 144.3 143.6 144.6 142.7 142.1 142.1 141.6 141.5 141.7 140.5 139.2 139.2 138.9 139.4 139.8 139.5 139 138.5
152.4 152.4 152.4 152.4 152.4 152.4 152.4 152.4 152.4 152.4 152.4 152.4 152.4 152.4 152.4 152.4 152.4 154.3 154.8 155.2 156.8 157.1 157.8 160.1 163.3 155.7 153 153.8 152.6 151.9 155 155.7 155.2 156.1 156.4 158.6 159 157.4 156.4 155 154 155 151.9 150.6 148.5 147.8 148.5 147.5 145.8 145.7 146.3 144.6 143.4 143.7 143.6 143 144 143.6 143.1 142.5 143.5 143.4 143 141.7 141.5 141 140.5 140 139.4 139.6 140.1 140.8 141 142.3 140 139.3 138.7 138.2
152.4 152.4 152.4 152.4 152.4 152.4 152.4 152.4 152.4 152.4 152.4 152.4 152.4 152.4 152.4 152.4 152.4 152.4 152.4 152.4 156.1 156.8 155.2 154.6 155.8 154.3 154.6 155 156.4 155.6 153.7 151.7 152.2 151.6 151.2 150.5 150.1 150.2 150 149.2 150.2 155.1 150.9 150.3 147.8 148.7 153 150.7 147.6 145.5 145.3 144.4 144.4 144.8 146.9 143.6 142.6 142.5 142.2 142.6 142.2 143 141.7 141.4 141.2 140.5 140 139.5 141.5 147.1 148.1 152.8 154 154.1 150.7 149.4 143.2 139.4
152.4 152.4 152.4 152.4 152.4 152.4 152.4 152.4 152.4 152.4 152.4 152.4 152.4 152.4 152.4 152.4 152.4 153.6 153.8 153.4 158.2 161 161.6 155 154.9 154.8 161.7 159.4 158.1 157.2 156.1 153.9 152.2 150.8 150.6 150.7 154 153.8 153.4 149.9 148.9 149.1 149.4 148.7 149.5 150.8 154.8 153.6 153 147 147.2 146.8 146.9 146.3 149.8 146.1 143 141.7 142.4 142.6 142.2 142 141.6 140.5 140.8 140.2 143.9 150 151.5 162.5 165.3 169.5 170 166.1 169.2 166.6 163.6 150.7
152.4 152.4 152.4 152.4 152.4 152.4 152.4 152.4 152.4 152.4 152.4 152.4 152.4 152.4 152.4 156 156.3 157.3 157.9 159.5 162.2 163.8 168.7 167.7 163.4 173.6 168.7 159.9 158.7 157.5 156.1 168.6 174.2 163.9 157.9 155.9 156.3 156.3 155.8 154.1 150.7 154.6 150.5 150.2 150.7 149.4 154.6 154.2 153.9 153.4 149.7 147.8 146.9 147.6 150 149 143.7 143.1 141.7 142.5 142.2 141.7 140.8 140.8 148.3 152.4 154.8 165.6 164.2 170.7 179.3 183.2 183.7 174.6 182.9 182.1 178.3 171.3
