Game/Highland_Data/StreamingAssets/GeoData/Data/nh/NH16.asc
ncols 200
nrows 200
xllcorner 210000
yllcorner 860000
cellsize 50
[rows 70 to 104 of 200, columns 78 to 155 of 200]
647.4 644.3 641.3 637.7 633.4 629.1 625 619.8 618.2 615.1 608.5 602.1 595.9 591 588 585.2 580.7 570.2 561.9 559.1 552.4 544.3 535.3 525.7 518.6 511.7 504 504 497.3 493.9 491.5 487.9 475.8 460.6 439.2 412.9 394.1 377.1 361.5 349 332.3 323.2 314.1 310.1 308.6 306.1 306.1 303.6 298.7 294.1 290.6 290.1 286.2 282.3 273.6 271.4 266.3 262.3 260.5 259.1 250.7 250.7 250.7 250.7 250.7 250.7 250.7 250.7 250.7 250.7 250.7 250.7 250.7 250.7 250.7 250.7 250.7 250.7
659.5 656.3 652.1 647.4 641.6 635.5 630.3 626.6 626 621.7 615.2 607.5 601.9 598.7 595.3 590.7 585.1 577.9 572.5 568.6 558.8 552.2 543.5 537.2 529.6 523.1 516.6 513.5 508.6 505.5 502.9 496 481.5 465.5 447.8 427.7 412.8 396.8 381.5 371.6 359.1 357.1 332.5 323 316.4 316 313.4 310.5 307.4 303.3 299.7 296.4 289.2 287.4 281.2 279.4 274.5 269.6 266.1 262.2 260.1 260.2 250.7 250.7 250.7 250.7 250.7 250.7 250.7 250.7 250.7 250.7 250.7 250.7 250.7 250.7 250.7 250.7
672.6 669.1 666 659.8 651.6 647.2 641.3 636.5 633.1 626.9 623.1 617.4 611 606.4 601.2 595 591.2 585.4 581.7 577 572.2 566.8 558.8 553.7 548.4 538 530.6 528.2 521 517.4 513.2 505.9 490.1 470.4 452 432.1 419.5 403.5 395.9 385.1 375.6 360.9 349.8 340.6 330.6 330 324.8 318.3 316.1 311.5 310.1 302.9 298 293.3 288.4 286.8 281.5 280.9 274.1 272.6 267.4 264.7 259.8 258.6 250.7 250.7 250.7 250.7 250.7 250.7 250.7 250.7 250.7 250.7 250.7 250.7 250.7 250.7
684.7 681.7 679.9 675.9 667.3 660.2 653.9 647.9 641.4 635.6 630.5 625.9 620 614.9 610.3 605.1 599.9 592.8 589.3 586.3 584.9 581.4 575.7 572.5 569.3 555.6 549.8 544.8 537.5 533 522.6 509.3 482.4 465.6 450.2 434.7 422.1 411.9 403.4 389.2 379.4 369.6 360.4 356 350.1 343.8 335.7 330.6 325.5 321.1 317.5 310.5 306.4 301.8 298.2 295 290.2 286 282.6 280.8 275.5 272.4 268 264.3 260.9 250.7 250.7 250.7 250.7 250.7 250.7 250.7 250.7 250.7 250.7 250.7 250.7 250.7
696.4 694 691.1 687.6 680.2 673.2 665.7 656.5 650.3 643.9 638.8 634.2 630.1 624.9 618.7 613 608.6 604.6 600.2 597.4 596.3 593.3 591.3 588.8 583.3 579.3 577.3 568.2 558.8 556.6 540.6 520 481.3 457.6 445.2 441.3 434.6 423.8 403.5 395.4 390 385.9 380.1 374.6 371.3 363.5 351.3 341.2 335.4 331 328.1 323 320.3 313.8 309.8 304.4 297.6 293.2 289.4 292.9 287.9 279.2 275.5 270.4 267.8 265 264.1 250.7 250.7 250.7 250.7 250.7 250.7 250.7 250.7 250.7 250.7 250.7
706.1 703.7 700.7 696.7 690.4 684.2 676.3 667.9 658.7 650.8 645.4 640.8 637.4 633 629.7 625 620 617.3 613.9 612.7 611.8 610.3 608.2 605.8 603.7 603.6 599.6 593.3 585.6 575.4 551.8 514.6 493.9 460.3 447 437.1 425 418.8 412.8 405.1 401.3 401.1 395.2 392.3 387.1 375.3 364.4 354.3 347.6 341.7 338.8 335.8 329.2 324.3 319.5 311.8 306.4 301.5 296.1 293.9 288.8 285.4 282.5 279.9 276.7 272.2 266.8 263.9 261.2 252.7 250.7 250.7 250.7 250.7 250.7 250.7 250.7 250.7
709.9 709.9 705.9 701.4 696 691 684.5 676.6 667.7 659.1 653.6 649.7 646.2 641.5 638.6 634.7 630.7 628.8 626.3 624.4 623.6 623.9 624.3 623.5 621.6 619.2 617.8 612.8 604.6 584 548.5 518.9 500.9 473.8 462.2 445.1 430.9 427.7 421.9 413.8 414.6 411 408.5 403.8 399.4 391.8 378.7 369.2 358.1 352 350.9 344.7 341.7 337 334 327.1 319.2 313.3 307.8 301.9 297.3 296.3 292.7 285.7 285.5 277.3 274.3 270 267.8 261.1 260.8 259.2 250.7 250.7 250.7 250.7 250.7 250.7
708.3 709.5 706.3 701.7 697.5 693.1 687.9 681.3 673.6 666.2 660.8 656.5 653.5 650 646.4 643.2 640.9 639.8 637.3 635.5 633.9 633.7 635.4 635.8 633.7 633.2 631.6 627.6 615.4 579 550.7 524.5 500.2 484.4 474.1 457.4 443.9 439.3 434.8 430.7 431.2 426.1 423.2 418.4 413.3 403.8 395.3 384.9 374.7 369.9 365.9 362.1 357.7 352.1 345.6 339.8 335.1 326.3 318.5 315.6 308.1 303.5 298.6 295.6 289.3 286.8 283 279.2 273 268.8 271.4 260.6 254 250.7 250.7 250.7 250.7 250.7
702.3 705.8 704.6 700.5 696.5 693.8 690.2 684.7 678.7 672.2 668.3 664.3 660.7 656.9 653.8 650.7 648.6 647 645.9 645 643.6 644 645.4 645.7 645.4 646.8 645.5 639.8 621 587 548.6 523.4 507 488.2 476 463.5 454 450.8 449 445.8 444.6 439.5 434.1 429.4 424.2 415.9 404.8 398.1 390.5 386.7 387.4 383.4 376.7 367.7 358.7 354.5 353.6 344.5 333.9 326.3 317.5 313.2 308.5 302.1 297.4 293.9 292.3 286.7 280.6 274.7 268.5 267.1 265.7 262.1 250.7 250.7 250.7 250.7
694 698.8 701.1 700 696.8 693 690.1 686.9 682.6 677.7 675.1 671.5 669.1 666.4 663.3 660 657.7 657.3 655.7 655.5 654.3 653.8 654.3 654.9 655.7 657.6 656.6 653.8 649.1 605 560.2 536.9 522.1 508 495.4 483.6 474.5 473.5 472.7 466.4 459.4 454.7 448.6 442.5 434.5 424.5 416.7 409.8 405.1 404.6 408.9 406 395.4 382.2 372 366.8 363.1 355.4 348.3 341 329.3 324.5 320.3 312.9 307.8 302.6 297.6 294.8 292 280.4 275.9 275 272.3 265.2 261.4 255.9 250.7 250.7
684 691.7 696.1 697.7 697.1 694.3 690.4 687.5 685.6 682.9 680.6 678.4 676.7 675.5 673.1 669.8 669.3 667.5 664.9 663.6 663.8 663.9 664 664.9 664.5 665.6 666.4 665.2 662.5 618.5 575.7 558.1 544.7 526.9 514.2 502.1 496.4 496.2 491.2 486.5 479.4 475.1 468.2 458.9 450.9 440.3 431.1 425 422.2 427.4 421.3 414.3 406.7 396.4 387.2 378.5 375.5 366.2 364.5 354.7 343.6 336.9 331.7 325.4 319.5 313.2 306.5 301.1 292.3 287.9 283.3 281.5 275.9 270.3 265.4 258 250.7 250.7
672.3 681.3 688 691.8 693.7 692.3 692 690.4 687.6 685.2 684.8 683.5 683.1 681.7 680.6 678.4 676.6 675 673 671.2 670.2 671.3 673.3 675.8 673.9 672.5 674.8 672 670.9 637.7 595.8 578.1 567.5 550.5 534.2 521.6 525.7 518 513.3 509.6 505.3 501.7 492.1 481.4 468.7 460.1 452 446.3 444.1 448.6 442.9 432.4 417.3 410.9 405.6 395 387.8 383.6 375.6 367.5 358.4 353.8 347.7 341.5 333.7 325 316.4 311.8 302.5 295.8 294 285.5 281.8 274.7 271.3 262.7 263 263.2
656.7 667.6 676.2 682.7 686.8 689.7 690.4 689.1 686.5 686.5 685.8 686.1 686.1 684.8 683.1 682 680.3 678.8 677.9 677.7 675.9 675.8 678.2 682.5 680.7 676.5 673.7 672.4 670.6 664.5 639.6 612.9 595.6 582.4 567.2 563.7 562.2 554.5 554.2 547.8 543.5 535.4 522.5 509.5 496.3 483.1 475.6 471.3 467.8 467.1 460.4 449.8 440.3 435.1 428.3 416 401 396 387.2 379.3 375.2 366.5 362.1 356.5 351.6 341.9 330.6 321.4 313.2 306.8 300.6 291.1 282.9 278.8 272.9 270.5 266.1 262.6
638.6 649.7 660.3 668.5 675.4 678.4 680.2 680.8 681 682 681.6 680.8 681.3 681.7 681 680.9 679.9 679.8 680.6 681.8 679.1 678.4 679.8 681.7 678.8 674.3 669.6 665.2 660.9 655.3 646.6 638 633.2 625.9 618.9 611.9 603.5 597.6 590.2 582.3 577.4 569.5 554.1 537.7 526.7 515.7 509.2 503.6 499.5 495.8 486.6 476.2 468.2 463.4 457.2 446.1 430.3 417.7 413.5 403.9 398.3 391.7 383.9 375.2 368.8 358.7 347.1 337.3 323.1 317.5 311 302.5 291.8 285.2 281.5 277.3 271.4 267.7
622.8 632.4 639.9 649 656.1 661.2 664.8 665.8 665.6 666.2 664.7 666.3 667.3 671.8 674.2 673.6 674.3 675.5 677.8 677.5 676.4 674.3 673 671 667.4 664 658.7 651.9 642.7 635.2 627.7 623.6 618.5 615.4 613.5 615.6 614.2 608.4 603.1 596.3 593.5 590.6 582.8 567 555.1 548.5 539.3 530.7 526.9 516.8 508 500.9 490.7 484.9 482.6 470.2 455.5 447.8 433.9 425 422.9 415.8 409.1 395.7 381.8 370.9 359.7 347.5 332.8 323.3 317.8 309.5 299.1 290.5 287.7 278.5 274.2 272.4
604.8 613.7 619.9 625.7 631.9 637.4 640.7 643.3 643 642.5 643.2 646.2 648.2 652.9 659.5 659.4 658.3 660.2 661.1 663.8 663.8 662.6 658.3 651.5 646 641.4 637 632.1 624.5 615.4 606 602.5 598.9 596.7 599 599.6 601.8 603.1 605.6 601.4 592.1 590 585.7 576.8 570.2 567.4 562.2 553.9 549 537.6 526.6 521 512.4 507.2 497.6 486.9 472 465.4 450.2 445.1 441 433 419 406.2 390.9 383.4 375.3 363.6 345.3 335.4 324 314.7 305.5 294.7 288.6 279.9 276.4 268
585 594 599.8 605.1 608.2 611 611 615.3 616.8 616.9 617.9 619.6 624.4 627.6 634.8 633.2 629.3 628.5 628.8 630.5 635.5 633.1 629.4 624.7 620.6 615.4 612.3 608 600.3 595.5 586.3 579.1 578.9 573.2 577.8 578.1 578 580.6 582.3 585.6 584.2 580 576.3 576.1 575.7 576.5 572.9 567.5 563.1 551.3 544.1 538.5 533.8 528.7 516.5 506.8 489.1 474.7 462.8 455.9 449.6 437.5 426.7 410.5 399.5 393.8 386.4 375.4 356.3 344 338 325.5 312.2 299.8 292.7 284.4 277.6 270.6
565 573.1 579.9 584.4 586.2 588 588.9 591.4 593.1 593.2 592.2 594.5 596.8 599.9 603.6 601.9 598.9 594.2 592.2 591.2 592.4 598.3 599 597.2 595.4 592.7 588 585.2 578.7 572.3 567.4 564.9 559 555.6 553 554.7 554.2 558.5 559.1 561.3 562.4 560.4 560.6 561.9 564.2 566.1 568.3 571.7 566.9 563 560.4 554 546.5 540.1 530.9 518.7 501.8 488.4 474 463.3 442.3 431.7 417 411.1 402 393.6 391.2 373.7 358.3 348.7 341 331.8 319.2 307.9 294.8 285.8 279.6 273.4
545.7 552.8 560.1 563.6 565.4 567.7 568.4 569.3 570.6 569.6 568.9 569.6 568.6 567.5 569.3 570.8 567.7 563.2 558.3 555.2 550.6 556.6 563 565.7 567.6 567.2 561.9 559.6 554.3 548.2 542.1 538.1 539.5 535.4 532.7 532.9 531.9 534.9 536.2 534.5 537.6 540.1 541.9 542.2 542.5 547 552.8 565.3 566.6 565.4 563.5 562 558.5 554.5 544 533.2 517.6 497.9 475.3 455.2 440.5 422.1 405.8 403.8 385.9 372.4 363.5 359.6 351.1 340 333.8 326.1 319.1 309.1 301.5 291.4 280.7 273.3
528.7 534.3 540.9 545.4 548.6 550.2 549.2 550.4 549.8 547.7 545.1 543.3 541.1 539.2 535.4 536.7 536.4 532.5 524.5 516.1 513.6 514.7 521 526.9 530.1 534.1 532.1 523.5 522.2 519.9 511.4 510.1 511.2 512.1 508.9 505.6 503.1 510.3 513.9 513.2 515 519.2 518.2 518.8 519.3 522.5 528.7 541.7 548.4 550.9 555.5 560.9 565.6 563.5 555.2 542.8 524.6 499.6 471.8 453.1 430.4 405.4 384.6 376.6 368.3 354.5 347.6 342.9 337.7 328.5 319.3 315.5 311.9 304.8 296.3 288.4 278.6 271.6
513.1 517.1 522.9 526.5 531.4 533.6 532.5 533.3 531.1 527.9 522.6 517.9 514.9 511.1 505.8 499.8 501.8 500.1 495.1 486.3 481.8 477.8 483.2 489.2 493.3 497 496 493.7 486.2 482.7 479.3 477.5 479.7 483.3 486.7 486.4 480.3 483.1 485.9 492.1 492.2 492.6 493.4 495 495.6 497.8 505.7 509.5 519.9 524.2 531.9 541.4 546.5 551.2 551.5 539 513.6 496.9 474 448 422.1 396.6 368.8 348.3 346.3 340.3 332.4 332 329 317 307.4 302.8 295.1 294.2 289.5 286.8 278.3 273.3
497.7 500.9 507.2 511.8 514.8 516.9 516.6 515.8 513.7 510.5 506 498.8 490.4 481.2 474 466.7 463.3 465.3 463.3 457.4 456.4 450 448.4 453.9 459.6 465.4 463 460.9 458.6 456.4 454.3 449.2 450.3 453 457.1 458.9 459.6 457.6 461.9 465 468 467.9 470.9 473.8 474.9 476.8 481.3 485.3 491.4 495.9 505.2 513.5 523.7 528.6 526.2 521.9 503.2 482.8 463.4 438 407.5 391.8 362.9 339 322.2 322.1 319.7 319.2 314.1 302 296.9 287.5 281.3 277.7 279 275.3 267.6 265
484.3 488 492.4 496.8 499.6 499.9 499.3 500.4 497.1 490.9 484.1 474.4 462.3 451.7 443.7 437.8 429.2 428.8 428.1 424.7 423.4 424.4 427 422.5 424.2 431.2 435.6 435.5 434.9 430.5 425.7 424.5 422.9 423.6 428.8 435.5 439.5 438.7 438.7 442 444.7 445.1 446.2 451.3 454.2 455.5 459.8 465.2 467 473.3 478.6 486.5 498.5 507.4 510.7 492.6 482.2 462.7 445.5 426.4 406.7 377.5 346.2 327.6 312.1 302.4 302.1 304.2 302.1 293.9 281.8 278.6 275.5 274.9 274.2 268.3 263.5 259.9
471.3 474.2 478.4 482.6 483.6 481 480.5 480.8 476.3 470 461.2 450.6 440.2 431 419.2 409.1 402.6 398.5 398.4 398.3 395.7 395.9 391.4 387.7 389.7 393.7 397.7 402.4 407.2 406.1 403.4 399.4 394.5 396.2 397.4 404.7 414.2 416 414 416.8 420.3 424.1 423.5 426.1 429.7 432.2 435.7 438.7 445.7 450.6 457.3 462.4 470.7 480.2 488.8 478.2 455.2 436.2 425 411.9 394 372.7 336.9 318.3 300.7 294.1 286.9 290 290.3 288.8 281.4 279.2 276.1 279.5 275.5 272 267.6 262.4
456.4 460.9 463.3 467.4 467.1 464.5 462 459.6 455.8 445.9 436.9 425.8 418.1 407.4 395.4 387.7 379.9 376.4 373.2 371.7 371.7 365.6 362.5 363.1 361.3 362.3 365.8 369.3 374.4 381.8 379.3 375.4 372.7 372.2 373.6 377.6 386 396.3 396.5 395.1 399.2 403.8 404 405.1 407.8 409.3 412.4 413.9 417.5 425.3 431.8 438.7 447.3 450 451.5 444.2 435.8 426.4 408.4 394.4 385.2 352.9 328.7 316.5 296.9 287.3 284.8 285.4 285.4 285.1 280.8 279.2 280.4 285.3 279.8 274 270 265.4
440.5 444.4 446 450 450.9 448.2 441.7 435.2 432.3 427.1 417 405.3 395.9 383.8 376.9 368.5 364 357.2 353.9 350.1 348.5 346.9 343.7 343.3 342.5 344 345.6 347.9 350.7 348.7 349.3 351.8 352.6 354 356.8 357.7 360.8 368.1 375 376.4 378.4 380.1 383.4 384.9 388 388.9 392.2 393.2 396 401.5 407 413.4 420.3 422.4 424.7 426.8 427.5 419.3 401.7 382.1 364.3 347.2 319.3 306.4 298.1 285.4 284.2 283.9 285 282 280 279.9 282.1 284.6 280.4 276.9 270.2 268.3
423.8 427.1 428.2 429.2 431.5 427.7 422.2 415.7 409.7 404.4 395.4 384.3 376.4 366.6 359 351.6 343.1 339.9 334.2 331.4 330.8 328.5 325.8 325.8 325.9 325.6 327.7 327.5 329.2 330.2 332.7 333 331.8 332.3 336.2 338.9 341.5 347.5 354.3 358.2 360.4 363 364 366.4 369.8 371.9 374.6 377.7 377.6 380.5 384.5 390.7 395.2 399.8 401 402.8 408.1 404.9 393.7 374.1 353.2 332.1 315.5 305.2 292.9 287.7 282.9 282.1 285.4 285.1 281.6 281.9 282 282.4 280.3 278 272.1 270.6
404.1 406.6 408.4 408.2 408.3 406.1 401 396.7 390.6 383.9 374.7 364.1 356.5 351.2 345.1 336.4 329.9 320 316.9 315.7 313.6 313 311.6 312.3 311.3 309.5 310.8 312.6 314.9 316 317.6 317.1 319.7 318.5 323.5 323.5 326.9 327.9 333.9 337.9 338.9 342.4 346.8 347.8 351.3 354.5 357.6 362 361.7 363.9 366 369.8 374.1 378.2 381.8 380.1 379.2 377.2 374 357.2 339 335.6 322.9 307.4 296.1 288.3 283.5 283.9 283.2 282.7 281.9 281.3 280.4 281.5 281.4 281.1 275 273.4
384.4 385 386.8 387.5 387.6 384.2 380.8 376.6 371.8 363.3 356 346.7 340.7 335.4 327.6 322 314.6 308.3 301.8 298.4 300.4 297 294.7 297.1 294.5 296.1 297.4 299.7 300.9 303.2 303.6 305.3 305.6 303.9 310.9 310 316.1 317.6 317.7 319.4 323.7 326.5 328.1 328.3 334.1 338.2 340.6 345.5 344.1 346.3 348.1 349.1 351.3 355.4 357.8 357.9 358.6 357.7 355.2 350.5 339.8 331.5 322.6 306.4 296.6 288.8 282.9 281.6 281.1 281.9 281.5 280.9 279.6 278.6 280.2 277 275.9 274.7
360.4 363.1 363.2 362.9 364.2 361.7 360.5 356 349.3 344.8 339.7 331.7 325.7 319.2 311.8 306.5 301.2 294.1 287.8 284.6 283 282.9 280.5 281.3 284.6 284.5 284.7 285.2 287.1 289.3 288.7 288.2 292.9 293.1 292.2 293.7 296.1 298.5 300.2 305.2 306.1 310.8 308.5 313.3 318.1 319.7 321.9 325.9 327.4 326.4 330.8 331.7 331.5 333.6 338.7 339.1 339.8 338.5 343.4 341 333.7 317.6 311.8 297.5 290.8 286.7 280.8 277.1 280.4 280.2 281 280.9 280 278.3 277.8 276.5 272.7 275.2
336.4 336.8 339.2 339.6 337.2 336.8 333.9 332.1 329.4 325.6 321.5 318.3 313.3 308 299.6 293.8 287.9 281.5 278.8 274.3 272.2 269.8 268.6 268.1 267.3 268.3 271.3 269.5 273.9 274.5 275.7 278.9 280.7 280.5 282.1 282.1 286.4 285.3 288 289.9 293.6 296.6 295.7 301.1 305.3 307.5 304.3 305.4 310 309 310.1 312.4 312.6 311.8 320.5 321.4 324.6 318.8 318.5 320 316.7 300.4 298 291.4 287.7 281.8 278.2 276.5 276.5 278 279.5 282.9 278.7 277.3 275.1 276.4 275.6 275.1
315.4 317.3 317.3 318.2 318 314.6 316.1 314.1 310.8 310 306.6 302.8 302.7 299.4 290.2 280.2 278.1 272.4 272.5 269.8 265 262.9 262.1 262 259.9 258.6 259.1 258.1 257.8 260.7 260.7 265.3 267.8 270.2 269.8 268.9 271.8 275.5 273 280.1 281.4 285.5 284.7 287.7 291.5 293.7 292.2 291.5 296.3 297.6 298.1 296.5 297.2 294 304.2 305.6 306.1 301.9 300.8 295.6 292.7 286.8 288.3 287.9 288.6 284.5 279.8 277 274.9 276.2 277.7 278.7 278.2 277 276.6 277 277.1 277.7
296.2 296.7 297.5 298.6 298.9 297.7 297 296.9 294.9 291.8 292.1 289.2 287.4 288.1 276 268.8 271.2 268.9 265.9 262.4 258.3 256.4 256.4 256.4 255.7 252.5 253.3 253.1 249 251.3 251.3 257.4 254.7 257.5 260 261.5 261.4 261.6 264 269 270.4 274.3 273.4 275.6 277.1 281.5 281.4 280.1 283 285.8 283.9 282.9 282 283.9 287.4 293.7 290.3 289.2 290.2 285.6 280.7 281.3 283.2 285.1 287.6 282.5 279.1 276.1 274.5 274.9 276.7 276.2 278.3 277.6 277.3 277.9 277.9 277.8
278.5 280.2 280.2 279.4 279.1 278.9 279.7 281.8 280.5 278.2 276.4 274.3 271.8 269.9 263.8 257.4 259.1 260.3 258.3 255.8 253.3 249.2 247.5 247.7 247.5 247.4 247.8 248.5 246.1 245.1 246 246 245.9 248 249.7 250.1 251.7 253.1 255.1 261.1 261.1 261.8 262.8 264.9 269 273.1 270.3 270.4 270 272.9 273.5 273.4 275.3 277.9 279.9 280.7 286.7 282.1 283.2 278.5 274.7 278.2 281.8 285.7 284.8 282.4 279.3 277 274.6 274.6 277.8 280.2 279.7 278.8 278.7 279.6 279.5 281.9
262.4 263.6 264.1 265.8 265.2 263.6 263.5 264.3 265.4 262.3 259.6 258.8 256.1 257.3 248.6 250.5 245.6 247.7 248.1 246.2 243.7 239.7 242.4 240.5 240.3 240.1 244.8 244 242.6 241.5 243.6 240.8 239.7 240 242.7 243.8 244.2 247.5 250.5 253.5 253.5 254.7 255.4 258 264 264.4 264.6 262.9 262.3 264 268.3 269.8 270.2 276.2 273.8 275.4 276.1 276.3 275.9 272 270.1 275.3 282.4 284.7 285.6 280.1 278.1 277.1 273.3 274.9 279.6 281.3 280.4 280.1 280.1 280.3 281.9 284.2
