Game/Highland_Data/StreamingAssets/GeoData/Data/nh/NH26.asc
ncols 200
nrows 200
xllcorner 220000
yllcorner 860000
cellsize 50
[rows 0 to 33 of 200, columns 0 to 77 of 200]
737.6 760.9 773.6 786.8 793.1 797.2 796.2 790.6 773.6 745.5 682.8 644.4 617.9 596.5 584.1 582.8 584 591.2 598.6 604 608.3 613.3 619.9 629.6 647.5 670.1 704.8 736.7 769.4 795.9 816.6 833.3 845.7 853.8 853 838.5 820.2 807.1 796.5 794 781.2 775.5 767.7 764.9 763.3 758.5 758.4 755.5 756.1 751 748 743.4 740.8 736.8 738.3 736.6 733.9 707.1 669.5 641.9 606.4 592.7 592.2 594.1 597.1 617.8 639.1 661.8 672.3 681.2 681.2 682.2 682.4 675.2 656 644.6 637.5 605
736.7 759.2 770.3 784.7 791 793.6 789.1 781.6 747.1 700.1 657.6 618.4 597.5 579.2 569.8 566.9 569.5 579.9 585.9 592.9 597 601.6 608.3 615.8 629.9 655.7 688.4 723.6 760.2 786.5 812.3 831.8 848.2 861.4 869.7 866.9 855 840.6 830.9 824.6 813.5 809.8 798.8 791.5 784.7 777.2 773.8 774.9 773.1 767.6 771.2 769.6 762 756.8 757 755.5 752.5 744.5 737.2 699.1 653.1 621.4 603.6 598 599.7 609.7 629 652.9 668.7 676 676.8 675.7 666.5 645 634 622.7 596.2 576.8
735.8 758.1 768.3 779.5 786.4 786.6 780.6 764.3 716.7 660.6 626.4 595.8 569.7 564.6 558.5 557.8 564.6 570.7 576.1 585 588.1 591.4 596.9 605.3 621.9 645.3 678.4 711.9 746.7 777.7 803.8 829 847.5 867.2 881.8 889.2 885.7 879.4 869.5 859.8 848.4 835.5 824.2 820.1 808.7 801.1 793.7 787.2 787.7 783.1 788.1 789.4 788.2 788.6 785.4 786.6 780.9 768.3 765.8 738.4 716.7 671.8 641.3 616.3 613.9 616.6 634 652 662.1 658.4 655.1 641.9 625.3 613.6 605.5 582.5 565.4 556.7
735.7 755.6 765.6 774.8 780.4 778.8 771.4 746.6 680.4 635.8 602.4 580.3 557 548.8 548.5 549.8 559.1 561.9 568.4 577.7 579.2 583.8 590.3 598.8 614.1 641.5 670.4 703.2 738.3 769.5 798.8 823.1 844.5 868.6 886.6 900.3 905.3 900.8 894.6 888.4 880.6 867.6 853.3 837 831.3 828.7 819 817.7 812.8 808.4 802.2 806.2 806.1 810.9 810.5 807.1 813.2 805.7 781.2 759.4 742.7 717 676.2 646.7 629.2 635.4 649.3 661.7 661.1 659.7 638.7 616.6 599.8 586 572.5 556.7 546 543.3
734.7 754.1 763.9 771.1 774.1 771.4 744.5 727.8 657.9 609.9 581.6 563.5 549.1 543.2 540.2 542.8 551.8 556.1 560.7 568.2 570.8 574.3 582.5 590.4 603.6 627.3 658.9 691.4 730.8 761.7 792.3 817.4 841.6 864.4 885.9 904.9 917.4 920.8 917.4 911.3 906.1 899.1 889.6 868.8 856.2 849.2 841.6 843.1 830.4 829.8 825.6 812 813.2 819.3 827.5 828.2 832 825.3 796.8 765.9 749.6 715.9 681.1 666.4 656.7 662.8 666 671.3 673.9 662.1 634.1 605.4 582.4 564.7 553.3 542.7 537.2 537.2
731.9 751 761.4 767.8 770.3 766.6 711.1 692.6 634.4 587.6 567.9 549.2 536.4 537.3 536.1 539.2 544 550.5 553.6 559.8 562.1 566.7 572.1 579.8 593.4 613.5 645.3 680 718.5 752.7 783.3 810 835.2 858.6 881.3 900.1 917.5 930.2 932.6 930.1 924.8 920.3 914.8 907.2 889.1 876.3 866.1 857.2 848.7 842.9 837.2 828.4 827.3 829.8 839 847.5 854.2 850.5 821.1 775.1 759.7 728.5 696 680.2 680.7 693.9 698.7 706.1 706.2 677.2 635 598.8 571.7 554.5 541.4 537.2 537.2 537.2
731.6 748.6 758 764.6 767.8 758.7 723 655.5 613.6 576 550.9 539.7 530.3 529.8 532.7 535.3 540.1 546.2 550 554.4 553.9 558.4 563.4 567 582.1 600.8 637 667.5 703.8 739.8 773.3 801.2 827.4 852.3 873.4 894.2 912.6 926.6 936.1 940.5 938.6 935.5 932.5 927.6 921.7 911.3 889.8 873.1 865.6 861.7 856.2 853.7 857.7 862.6 870.4 873.7 871.6 866.2 843.2 802 760.4 735.3 728.6 721.2 715.4 716.4 724.6 732.4 735.7 711.1 634 593.3 565.5 547.2 537.2 537.2 537.2 537.2
730.3 745.5 754.2 760.4 763.7 755 720.8 642 604.5 575.2 546.8 531.1 529.7 526 528.2 531.5 534.4 539.6 544.7 546.4 546.6 550.7 553.6 558.3 570.8 590.7 621.4 654.8 692.6 728.5 763.8 791.8 818.6 845 866.1 885.5 902.6 917.6 929.9 937.3 941.8 946.1 944 942.3 938.6 934.6 928.6 909.2 893.8 885.6 886.8 886.2 892 897.2 896 891.7 886.2 878.8 858.5 817.5 773.4 747.5 752.2 743.2 739.2 741 752.4 757.3 759.9 734.7 646 597.4 558.9 541.3 537.2 537.2 537.2 537.2
726.1 741.1 749.5 755.9 759.2 751.6 724 643.7 587.7 564.2 543.1 524.9 521.6 523.7 526 528.1 531.3 537 540.7 542.2 541.1 543.9 547 550.8 560.7 578.4 607.3 641.7 678.4 717.3 754.4 782.4 808.9 836.4 856 876 891.7 906.5 918.2 927.4 933.8 938.8 944.4 947.6 947.2 944.8 941.4 937.1 931.4 920.5 920.3 917.7 915.8 913.8 910.2 905 899.4 890.5 874 836.6 809.4 779.6 757.8 752.5 750.5 758.2 767.4 773.7 774.8 741.7 674.2 610.6 564.5 541.3 537.2 537.2 537.2 537.2
723.1 736.1 743.1 751.2 751.8 742.3 702.6 621 580.1 554.2 535.1 523.7 517.6 517 522.2 526.3 530.7 534.3 535.9 537.6 537.1 537.4 539.6 543.7 551 567.3 593 624.6 666.9 704.3 740.1 771 799.3 825.5 845.6 861.2 877.6 890.4 902.4 914.2 921.1 927.7 932 936.4 938.4 939.2 937.5 935.9 932.1 926.7 924.2 921.2 920.2 918.7 916.4 912 907.5 900 886.9 853.5 826.1 809.6 786.6 773.6 779.4 780.9 793.6 790.2 771.7 722.9 689.7 634 581 558.8 537.2 537.2 537.2 537.2
720.3 729.9 736.6 743.1 743 720.3 669.3 605.4 572.9 548 529.6 515.2 513.4 514.7 518.4 523.7 527.9 530.6 531.8 531.9 532.9 532.2 530.9 536.2 542.7 558 579 610.2 649.8 687.4 718.4 758.9 785.9 810 832 849.3 862.9 875.3 886.8 897.8 907.7 914.3 920.6 923.8 926 927.6 927.1 925.1 921.7 918.4 916.5 915 914.9 915.5 915.1 912.7 909.8 906 898.5 876.9 848 823.2 809.3 802.2 808.6 817.1 824 807.8 766 721.8 681.9 654 626.1 569.2 537.2 537.2 537.2 537.2
715.9 722.8 729.8 735.6 733.8 707 653 593.3 563.8 540.9 522.8 514.7 512 509.4 509.5 519.1 522.8 526.1 527.4 526.9 526.3 527.4 526.5 528.2 533.7 548.4 569.2 596.9 629.6 672.9 711.7 746.3 772.7 796.5 818.6 833.4 848.6 859.9 870.4 880.7 892.7 900.8 907.8 912 914.3 915.6 914.1 911.1 907.4 904.8 904.2 903.8 904.5 905.4 907.3 907.4 907.1 907 903.5 894.4 864.3 843.5 836.2 828.4 845.2 852.1 852.2 847.9 846.1 801 758.7 710.4 656.6 597.1 557.6 537.2 537.2 537.2
710.6 715.5 723.3 728.5 726.3 701.5 628.8 592.7 562.4 536.7 519.9 512.8 508.3 505.9 504.2 515.3 517.7 520.5 521.3 521.3 521.7 522.9 523.8 523.8 528.9 541.3 559.8 585.5 617.5 656.5 696.4 730.3 759.7 782.1 801 818 831.5 844.2 854.7 866.9 876.8 887.7 895.1 900.3 902.1 900.8 899.4 888.4 873.4 879 885.6 887.9 889 893.3 895.5 898.1 899.5 902.1 904.4 901.4 894.3 888.3 881.8 878.4 877.2 876.1 874.4 871.4 867 828.4 798 751.5 710.2 659.8 602.3 564.1 537.2 537.2
704.9 710.2 717.5 721.2 718.1 676.5 625.8 593.5 561.2 534.5 518.2 507.7 502.6 498.7 499 504.9 510.7 514.3 516.9 517.8 517.9 519.8 520.8 519.9 523.9 534.7 550.4 573.9 602.1 642.1 676.2 708.5 743 765.2 783.7 798.4 812.1 824.7 838.3 850.2 861.5 873.1 881.7 886.3 887.7 886.2 876.2 854.7 836 838.4 844.2 866 873.1 876.6 881.3 885 888.4 891.5 899.2 903.2 903.1 902.4 901.8 903.5 898 897.2 891.6 886.8 879.7 841.5 808.1 773.3 740.4 711.7 659.8 594.2 566.4 537.2
698.2 705.1 713.1 716.5 713.3 658.6 620.9 588 556.9 531.4 511.9 504.2 497.6 493.4 496.3 501.8 503.4 508 511.7 513.9 513.5 514.6 514.4 515.6 518.9 532 545.8 566.4 592.3 621.9 657.6 690.5 730.5 750.4 764.9 780 795.9 807.2 822.7 835.6 848.2 859 867.6 873.5 873 871.4 837.3 817.2 800.2 800 814.9 840.7 854.3 858.3 860.8 865.8 870.8 879.7 893.2 898.6 903.5 906.8 911.2 913.3 913.1 909 904.2 897.3 884.4 864.8 823.4 793.2 757.9 735.5 696.8 659.6 613.2 583.6
691.9 701.5 707.4 711.4 706.9 658.4 615.2 580.6 551.1 524.8 513.9 503.4 497.3 488.4 493.5 496.6 500.2 502.4 503.6 509.3 508.6 509 507.7 510.8 515.2 526.8 541.2 560.9 584.5 610.7 648.4 682.1 716 737.5 752.2 762 777 790.8 806.5 822.7 835.7 846.8 853.9 858 858.7 856.1 815.9 796.7 777.3 776.2 788.6 816.6 832.8 836 838.2 843 854.2 868.3 880.6 890.8 897.9 904.6 911.5 917.9 920.2 914.4 906 894.7 880.2 865.3 846.5 817.7 772 739.5 707 678.2 627.9 608.5
684.4 695.9 702.7 706.1 703.8 654.5 611 575.5 545.6 521.8 509 499.2 491 485.1 487.9 494 495.9 497.9 501.4 503.9 502.2 501.4 505.6 506.6 510.1 521.8 537.2 553.7 573.3 598.1 634.3 665.6 701.3 720.1 736.3 748.3 760.1 774.7 790.9 807.9 823.6 834.7 842.2 844.7 842.6 827 785.4 771.2 759.1 758.7 765.5 785.5 809.8 809 815.2 826.4 839.5 857.4 872.3 880.7 889.1 897.5 906.3 917.6 919.7 912.1 900.7 886.5 869.8 856.1 832.3 806.8 787 763.7 702.9 677.7 641.3 615.3
677.5 689.8 698.9 700.9 699.2 660.7 608.8 569 539 516.5 500.5 488.9 488 481 488.3 491 493.9 496.2 498 499.1 498.2 497.5 502.6 502.8 506.1 518 532.5 547.6 566.9 586.9 618.3 646.4 684.7 705.3 718.6 732.7 744.6 759.3 776.5 794.5 810.2 822.1 829.6 828 811.4 795.8 764.3 747.2 732 728 737.2 752.3 777.2 784.6 796.8 813.2 828 845.9 859.7 869 879.2 888.2 898.3 909.5 911.2 903.5 888.6 875.2 860.6 840.3 812.1 790.4 776.4 755.5 721 668 641.9 615.6
668.3 684.2 692.6 696.1 694.9 664.9 606.1 563.1 532.2 507.2 496.4 486.5 484.5 478.3 483 489.7 490.9 493.5 494.1 494.5 494.2 495 499.4 500.6 506.3 514.4 525.9 542.2 558.5 577.3 601.6 629.9 664.4 687.4 704.3 717.7 732.5 746.4 763 782.1 796.8 808.3 814.8 799 769.7 748.5 734.2 712.6 699.8 697 704.9 721.7 751.6 769.6 781.3 798.7 813 829.4 843.7 855.4 868.4 878.8 889 898.5 899.5 890.6 880.3 867.8 852.3 826.2 796 779.6 769.7 747.2 724 688.6 665.8 640.1
658.4 678.4 687.1 691.9 691.6 665.5 598.1 556.9 525 500 488 480.6 480 478.8 480.7 485.2 488.8 490.6 491.4 491.3 490.5 494.8 498.2 499.8 505 514.6 522.8 537.5 551.6 569.2 589.5 614.7 643.2 670.2 690.2 704.8 719.1 735.5 753.1 768.7 783 792.2 790 754.1 728.9 709.7 697.3 686.3 676.2 673.9 678.9 698.6 726.6 753.3 768.1 782.1 797.5 814.8 828.8 843.7 856.2 868.5 880.7 886.9 884.9 879.1 872.3 859.5 843.1 811.7 781.8 772.3 758.4 735.9 708.9 684.2 662.1 653.6
646.7 670.8 682 687.2 681.6 669.4 587.9 546.2 513.8 492.4 481.5 476 471.8 473.8 478.5 484.1 486.9 486.6 487.4 487.2 489.5 493 496.4 498.7 504.2 509.6 519.9 533.4 548.6 564.8 582.5 603.2 630.3 656.1 675.2 691.8 707 724.4 740.7 756.7 770.4 777.4 771.3 723.6 690.9 680.6 672 657.4 650.4 652.1 657.2 675.7 701.1 726.5 745.2 760.8 780.8 798.6 814.1 826.4 844.6 857.2 867.1 873.5 873.1 868.4 862.3 850 836.3 804.2 779.9 764.1 750.9 723.6 703 674.1 662 656.2
634.3 659.3 676.2 683.5 644.9 641.1 581.4 532 502.5 483.5 472.2 468.8 468.2 469.2 477.9 481.6 484.9 483.7 484.7 482.9 488.3 491.9 495.7 500.3 505.5 512.4 518.9 532.9 547.3 562.1 578.1 596.2 617.1 641.5 661.3 677.8 694.9 714.1 729.9 744.2 755.2 750.2 724.4 698.4 665.5 655.2 648.2 636.2 635.3 638.8 643.4 655.1 673.4 704.8 725.3 739.7 761.4 781.2 798 811.7 829.4 844.9 854.4 859.2 860.3 858.1 852.6 842.1 831.7 808.7 776.7 756.2 741.7 718.5 698.2 668.7 654.7 647.9
614.7 643.9 668.5 674.1 629.3 593.8 567.2 515.7 493.2 478.6 469.5 467.2 465.9 464.2 469.9 478.2 480.5 480.2 480.1 485.2 487.8 491.3 495.5 499.3 504.2 512.9 518.3 532.1 547.6 560.3 573.7 590 609.5 629.4 648.5 665.4 682 700.8 717.2 731.4 741.3 715.8 695.8 664.5 642.1 635 627.1 621.3 624 628 636.7 637.4 650.8 681 708.3 726.2 742.7 763.3 781.3 796.9 813.3 829.6 840.4 845.8 846.7 845.8 841.6 835.6 825.8 812.8 782.9 757.9 734.2 717 693.2 672.4 658.3 657.2
602 625.9 653.5 649.9 618.7 563.8 537.5 501.5 481.1 472.5 468.9 467.5 465.2 461.4 467.9 471.4 475.1 475.2 478.9 485.1 487.5 492.4 496.9 498.8 502.5 510.8 520.6 531.8 545.6 558 569.3 583.2 600.9 617.7 638.7 656.7 673.2 689.8 706.6 718.6 722.5 688.9 667.1 647.1 626.1 621.1 613.8 606.8 611.3 617.9 621.8 621.3 631.5 654.8 685.7 710.2 728.1 747.4 764 784.9 799.1 813.4 821.8 829.5 834.1 833.9 832 829.1 823 813.2 798.6 769.2 743.8 723.3 705.9 692.4 679.3 671.9
582.6 604.5 620.7 629.1 590.6 554 516.5 494.5 475.8 468.3 462.3 464 460.5 460.1 462.1 467.4 468.5 470.3 479.2 482.3 485.5 489 494.1 498.7 504.1 508.7 517.9 533.8 542.7 552.5 564.3 576.6 590.7 605.2 625.5 646.8 664.2 679.3 692.6 702.5 706.9 670.5 644.3 627.4 611.4 610.4 597.9 593.9 602.2 606.5 605.8 607.5 617.5 634.9 661.8 689.9 711.7 733.2 749.7 767.7 784.7 797.8 808.9 815.6 820 822.2 823.7 823.2 818.7 811.8 800.4 784.7 761.8 741 722.6 705.1 695.1 684.4
564.1 578.5 592.3 594 565.3 530.5 497.8 483.4 467.7 463.5 458.7 456 454.5 452.1 458.6 462.4 462.7 472.5 476.1 479.9 482.7 485.5 488.6 495.2 503.2 508.8 515 525.7 540.2 549.6 559.6 570.2 581.9 596.1 614.5 633.3 651.9 666.5 680.9 690.4 691.4 656.1 628.2 616.9 602.7 593.2 584.1 585.9 592.2 593.8 594.2 596.9 605.9 617 642 672.2 701.2 719.4 737.9 756.3 769.2 782.4 793.4 801.7 807.2 810.6 813.2 813.5 811.3 807 799.8 790.5 779.1 765.2 747 732.1 718.1 711.3
539 551.3 553 559.4 547.6 511.9 487.6 471.5 463.1 458.2 450 446.6 447.7 447.7 452.2 459.7 464 470.4 472.4 475.5 478.8 481.6 485.5 491.1 500.8 506.5 513.1 523.6 534.6 544.5 553.9 564.9 574.9 587.9 603.4 622.5 641.1 654.5 667.5 675.8 678.6 645.7 619.7 607.8 588 577.2 573.7 576.4 580.7 582.7 581.1 587.7 597.1 603.5 622.4 655.3 687.6 707.4 729.3 745.1 758.2 767.4 776.3 783.7 792 797.9 800.5 801.4 800.2 797.9 794 789.2 783.3 777 771.6 763.6 752.6 740.5
510.3 517.3 510.5 523.6 515.5 499.1 477.9 465.2 459.5 451.3 446.7 446.6 442.8 444.8 449 451.7 461.4 466.6 470.3 472.2 474.4 476.5 480.9 487.8 496.3 502.9 510.2 520.8 530 538.6 549 559.7 569.1 580.5 595.2 612.9 629.5 644.9 656.3 663.4 664.3 636.7 611.3 595.7 572.5 565.1 564.5 566.2 570.5 573.6 573.3 580.6 586.5 593.4 609.2 640.8 676.5 701.5 720.6 734.9 746.9 757.6 765.3 771.9 778.2 783.3 785.6 787.6 788.3 787.9 786.4 783.8 780.7 778 775.5 774.2 772.4 768.9
473.3 486.3 474.3 490 486.9 486 469.7 454.3 449.5 448.1 445.4 444.9 438 439.1 439.9 450.5 457.6 464.1 466.4 466.8 471 473.1 476.5 483.6 490.7 496.9 506 515.4 521.9 532.9 544 553.5 563.2 573.7 586.6 602.9 620.7 636 647.3 654.6 650.6 625.1 600.7 578.1 565.1 561.7 558.9 558.3 564 563.7 567.2 573.8 578.4 587.1 602.5 628.4 660.1 689.2 708.3 722.3 734 743.6 751.7 757.8 763.7 769.2 772.2 774.5 775.9 776.4 776.5 776.4 775.2 774.4 775.3 777.2 779.2 782.1
448.4 452 446.3 459.2 470.5 471.1 460.3 445.8 442.4 439.5 438.6 437.7 429.8 431.2 439.9 448 455.3 460.4 462.9 463.2 465.9 469 473.5 480.3 487.9 493.4 502.2 510.8 519.1 529.6 540.4 549.1 558.4 568.2 580.5 594 613.2 628.1 636.5 643.2 637.1 602.9 580.9 561.5 556 551 552.9 551.4 554.3 552.1 558.2 565.3 571.4 579.8 592 613.4 644 672.6 694.8 709.8 721.7 728.5 736.7 744.5 749.1 753.1 756.9 759.8 761.9 763.4 764.9 765.2 766 767.7 771.9 777.6 783.5 789.7
436.6 434.5 430.6 439.8 442 456.9 449.6 435.8 431 432.1 431 431.8 426.7 426.5 438.7 443.9 450.8 456.1 458.4 461.5 463.6 465.7 470.3 477.4 485.6 491.1 498.7 508.2 518.1 527.8 536.6 544.6 552.9 563.1 574.2 587.9 604.9 619.5 628.7 632.4 610.5 586.7 568.6 549 542.8 539.9 540.6 538.9 543 542.2 544.7 553.9 561.8 569.1 581.4 597.2 625.6 654.1 677.5 694.7 706.1 713.1 721.1 725.5 731.4 735.7 739.8 742.6 743.9 747.3 749.5 751.8 754.6 760.5 768.2 776.2 785.5 795.4
433.7 434.3 424.4 424.1 423 433.8 434 427.2 421.7 424.1 423.1 422.6 418.5 424.4 434.4 439.5 446.9 451.9 454.8 458.2 460 464.1 467.5 475.2 482 487.3 495.5 506.3 514.9 523.9 532.3 540.4 547.9 557.4 568.3 582 596.3 611.6 623 621.7 593.4 567.3 544.1 531.1 526.1 527.4 529 528.3 531.5 532.7 535.5 541.1 549.3 558 568.5 583.7 608.2 633.5 658.2 673.7 686.6 694.8 701 705.4 710 715.7 720.9 725.8 728.7 732.8 735 737.7 743.2 751.2 762.3 774 786.5 799.3
427.6 427.8 417.6 417.2 412.9 415.2 421.5 418 414.4 418.1 418.3 416.1 414.2 418.4 429.2 436.6 442.7 446.9 451.4 455.4 457.2 461.7 465.2 471.2 477.5 484.2 492.5 502.6 511.3 519.9 527.2 536.2 545.1 553.3 563.6 576.8 590.4 606 615.7 606.3 577.5 548.9 529 512.9 510.3 511.1 515.5 517 520 522.7 525.1 529.4 534.6 542.6 555.3 569.8 594.2 614.7 636.7 654.2 665.4 672.4 677.7 679.5 686 695.7 702.9 709.2 714.1 715.2 720.2 725 732.5 743 756.5 769.9 785.4 800.8
421.1 428.2 419.2 413.3 409.7 407.7 408.4 410.6 408.6 412.8 413.9 411.6 409.9 413.5 423.2 433.7 439.5 445.1 448.7 453.5 455.2 458.9 463.4 469.8 475.7 482.5 490.7 499.4 506.8 515 524.4 531.7 540.5 548.6 559.6 573.5 587.4 599.3 609.5 587.3 556.1 535.2 517.1 502 501.7 502.4 507.9 510.2 511.1 512.5 515.3 517.1 521.8 525.3 536.1 551.1 579.2 601.4 618.3 634 643.6 650.1 653.5 654.4 661.6 670.1 681.2 687.5 692.3 698.3 704.6 712 721.4 736.3 751.1 767.6 785.7 801.9
