Game/Highland_Data/StreamingAssets/GeoData/Data/nh/NH32.asc
ncols 200
nrows 200
xllcorner 230000
yllcorner 820000
cellsize 50
[rows 0 to 34 of 200, columns 78 to 155 of 200]
202.5 200.2 205.1 214.7 215.3 216.8 224.5 239.5 249 249.7 265.8 276.4 288.5 296.3 301 300.9 294.4 280.6 276.5 269.6 261.3 258.7 256.3 255.9 248.7 241.2 235.9 233.9 232.1 230.2 228.2 230.7 236.3 242.1 249.3 254.6 258.3 265 272.6 275.1 276.8 277.8 277.7 277.1 276.1 278.1 279.9 279.1 279.6 275.5 273.9 270.4 262.8 253.4 248.2 240.8 231.2 225.7 221.9 216.1 208.8 202.2 199.2 185.3 180.7 175.7 171.9 168.7 164.7 160.2 158.3 158.7 158.9 158.1 158.3 158 162 170.2
201.7 204.5 216.9 221.5 221.7 225.5 238.7 243.8 254.9 262.2 270.8 279.9 295 304.8 298.9 295.2 282.5 281.6 272.1 265.5 260.6 257.6 250.4 246.2 239.7 237 234.7 235 233.1 229.5 229 235.6 246.3 249.8 253.1 258.6 261 270.2 275.2 277.6 279.4 279.2 278.9 278.8 280.2 281.3 280.4 280.3 277.2 272 268.8 262.9 256.9 252.9 244.2 230.5 224.6 222.2 217.1 210.7 204.9 199.2 191 181.5 175.4 174.8 168.3 165.4 160.8 159.5 158.9 159.3 159.8 158.4 159.2 165.3 173 180.3
216.6 214.4 227.2 226.9 230.2 239.9 244 253.4 261 267 274.5 279 294.2 301.7 292 284.3 273.6 274.2 270.3 264 260.8 249.5 243.1 238.9 234.9 232.4 232.5 232.5 230.8 231 235.1 244.7 252.6 257.3 260.8 262.2 264.9 270.2 276 277.8 280.2 280.8 281.1 281 282.8 283.6 282.6 280.7 273.8 269.2 264.8 261.4 257 245.6 233.6 224.3 218.3 216.2 211.1 205.7 200.3 192.7 184.6 177.9 173.1 171 166.5 162.8 160.9 163.9 165.7 163.2 160.1 160.4 165.7 173 181.6 182.4
224.1 225.2 227 229.4 240.1 247.1 254.3 257.8 267.2 272.4 274.4 281.2 290 291.7 276.5 266.5 268.3 267.6 263 257 247.8 241.1 236.7 237 232.4 235.7 234.3 234.8 234.3 239.3 247.2 255.1 260.1 263.4 266.8 267.3 267.7 275.2 277.9 280.4 282.8 285.2 284.8 284.2 282.9 282.2 280 275.5 270.1 267.2 264.3 260.2 248.1 237.9 228.5 218.5 213.2 210.1 206.4 200 193.6 186.5 179.9 176.3 172.9 168.5 164.9 165.1 171.4 170.4 170.7 168.4 160 170.3 177.6 184.6 185.3 186.4
233.1 232.6 231.6 238.6 246.4 253 258.1 266.1 271.3 278.1 277.4 289.6 287.2 276.6 266.5 261.7 264.5 258.3 250.1 243.8 237.1 234.6 234.6 233.8 232.2 234.3 236.4 239.3 244.3 250.7 256.9 261.8 264.4 269.9 269.1 269.2 279.2 282.2 282.7 286.1 289.2 288.4 286.4 285.8 284.9 280.3 277.2 273.7 269.5 261.3 256.6 248.7 239.2 232.1 222.5 213 206.8 203.9 198.9 194.2 188.4 184.5 181.6 176.9 171.1 167.8 170.6 176.4 174.1 174.4 174.4 167.5 175.9 181.3 186.4 193.2 198.2 195.7
239.4 241.3 241.3 247.9 254.8 257.9 261 269.5 276.8 281.4 285.4 285.7 274.1 264.8 256.7 256.1 253.1 248.5 247.1 241.6 235.1 233.2 232.2 232.3 234.3 235.3 239.2 246.3 252.1 257.5 262.7 266 267.1 269.2 272.2 275.1 284.2 285.9 285.5 288.9 290.4 288.4 286.2 283.9 281.1 277.9 277.6 273.2 263.7 255.4 250 242.7 233 224.5 214.3 208 202.2 198.4 195.3 192.8 189.5 184.4 181.3 178.4 173.1 171.8 180.2 181.6 179.6 178.6 178.7 163.9 183.7 188.2 193.3 200.4 200.6 202.4
247.8 253.6 250.2 255.6 259.8 263.9 272.6 271.6 266.2 268.1 276.4 271.6 256.7 247.7 248.8 253.2 243.4 239.1 237.3 236.3 232.7 232.5 233.3 234.8 236.3 240 248.7 253.8 258.1 260 261.9 264 266.8 272.6 279.3 282.6 287 288.1 287.6 288.1 290.7 289.3 285.8 283.4 280.1 277.2 271.9 264.3 258 247.5 242.4 236.3 226.5 217.8 212.5 205.1 200.2 197.6 195.5 194.2 185.5 184.8 183.1 182.8 182.7 176.7 186.1 183.9 182.9 184.4 177.2 180.1 190.6 197.4 201.7 203.3 203.7 212.2
254.7 260.5 257.1 258.2 269.7 272.1 275.6 276 269.4 263.2 260.2 258.1 248.6 245.8 246.6 239.9 235.9 235.5 234.7 232.2 233.8 234 234.8 236.3 241.9 250.8 256.7 260.5 260.8 263 263.3 265.6 266.6 269.5 279 284.7 287.8 288.7 288.6 291 291.3 288.5 286 283 281.1 277.6 268.6 260.6 249.8 243.1 237.3 229.4 222.6 215.9 209.1 202.9 200.2 198.1 194.9 189 186.7 188.5 190.4 188.7 186.4 185.4 187.6 190.9 192.7 191.9 170.2 189.1 198.5 203.2 204 207.5 212 217.3
262.3 271.8 268.3 271.6 278 279.2 280.3 279.8 273.6 267.8 260.9 254.3 248.4 248.7 247 238.6 234.5 233.7 232.6 234.2 235.8 236.4 236.5 242.6 252.6 256.2 259.5 260.2 260.9 263.2 264 267.2 271 279.2 285.4 287.7 288.2 288.7 288.6 289.1 288.5 287.3 286.1 284.6 278.9 269.7 262 253.9 246.4 242 233.9 226.9 221.1 214.3 207.3 202.5 199.2 195.5 193.8 188.7 189.4 190.4 193.4 190.7 188.9 194.9 198.9 198.2 200.4 198.2 170.4 196.2 204.4 205.9 209.3 213.9 219.4 223.3
283.8 287.4 284.7 285.5 285 288.4 288.3 285.6 283.5 273.4 261.8 254.5 251 255.1 245.7 239.3 234.6 232.7 233.6 239.2 239.5 239.6 241.4 250.3 254.8 256.9 258.6 260.2 261.6 262.7 267.8 274.8 277 282.7 286.6 288.4 288.7 288.4 288.2 288.5 288.9 286.6 286 281.2 270.1 262.7 256.2 249.3 244.1 238.1 232 226.5 222.1 215.9 207.1 202 199.3 198 194.2 192.1 194.8 193.1 198 194.8 201.3 206.5 205.2 201.5 208.7 191.7 184 205 210.2 215.9 221.7 226.3 230.9 230.4
307.2 305.6 303.8 302.8 302.8 302.9 298 294.2 285.6 273.1 259.9 255.1 254.2 250.5 246.9 240.9 235.2 232.9 238.6 242.4 242.2 243.8 252.8 256 256.4 256.8 258.7 259.9 262.6 269.6 274.9 278.7 284.9 288.3 290.1 289.6 287.7 287.1 286.4 285.5 286.1 283 279.6 270.5 263.4 257.6 251.2 247.6 242 235.6 230.9 228.1 222.1 212.8 211 208.9 206.2 201.1 197.9 200.1 201.4 196.4 201.4 204.3 209.5 212.2 212.6 206.2 202 176.3 201.3 212.9 222 225.6 230.7 234.7 236.3 237.6
327.9 320.9 313.8 314.6 323.2 318.4 312.1 299.7 284.1 271.1 260.4 256.7 255.5 252.6 249.3 240.4 235 234.5 243.8 245.3 246.8 249.6 256 259.1 259.6 259 258.9 260.7 268.7 273.6 278.8 285.1 287.6 287 287.9 287.2 285 285.6 285.7 283.7 280.7 277.3 273.2 267.5 261.3 252.1 248.5 244.6 239.1 233.9 233.2 227.1 223.4 221.3 216.4 210.5 205.2 203.3 204.1 207.6 205.8 200.5 207.8 211.6 215.9 217.7 216.4 214 199.7 175.4 211.3 223.7 229.4 233 234.4 239.7 242 244.2
340.3 328.5 322.3 335.1 332.6 329.5 310.9 291.5 278 268 263.1 263 260.6 255.9 248 241.6 236.6 243.6 248.7 249.4 251.8 257.6 261.7 262.1 260.5 259.9 260.1 268.4 274 280.6 283.5 288.8 289.7 288.9 286.8 284.6 283.1 282.8 281.7 280.2 277.9 275.4 268 261.4 255.4 251 246.7 241.8 237.7 236.2 234.6 234 230 223.2 217.3 213.1 211.6 212.1 215.7 210.6 208.4 215.2 215.5 218.1 222.8 223.5 221.3 199.2 177 204.6 220.3 230.3 233.8 237.6 240.8 243.6 245.6 245.6
347.6 337.3 341.3 341.2 337.7 321.2 299.4 285.5 273.9 270.8 272.6 267.8 263.5 255.9 248.5 239.7 244.6 249.7 251.2 250.3 256 261.2 263.4 262.8 261.7 261.6 265.6 275.1 283.7 286.1 288.1 293.7 294.9 291.7 287.9 287.1 286.1 281.7 278.3 275.8 275.4 272.7 264.8 259.4 257.1 253.5 249.1 247.7 246 243.9 242.2 237.8 230.2 223.9 221 220.9 217.7 218.5 218.7 209.9 220 224.7 225.9 228.5 230.2 230.7 227.2 193.3 198.3 218.6 230.6 236.1 239.2 241.7 244.4 246.9 248 249.3
352.1 347.6 349 343.8 326.5 308.7 289.4 277.6 275.1 272.9 272 269.7 262.9 254.3 246.6 247.9 251.5 254.1 251.1 252.2 256.6 262.4 263.6 263.9 263.4 265.4 271 279.7 286 291 291.8 295.2 295.1 292.3 288.4 287.6 285.3 283.7 282.5 280.4 277.8 274.6 266.9 263.5 261.1 258.1 255.7 257 255.4 250 243.9 238 234.6 231.3 228 222.8 220.9 219.2 217.3 223.5 228.4 232.2 233 234.4 236.4 233.5 227.4 200.9 210.8 225.5 233.1 240.5 242.4 245 247.6 250.6 251.9 252.6
358.4 349.2 342.7 328.2 313.7 293.7 280 276.5 275.9 274.8 275.5 270.2 261 253.9 246.6 254.6 257.6 255 251.5 253.5 260.2 263.3 264.1 265.6 265.2 272.2 280 282.9 287.9 288.4 290.6 292.9 290.8 289.5 287.3 285.5 286.9 288.7 284.1 280.3 276.6 274 269.5 269.1 267.1 265.8 266.9 267.9 260.9 252.2 247.2 244.2 244.5 238.8 232 229.8 226.8 225.7 226.5 230.8 236.1 235.4 235.8 236.3 236.2 233.2 231.5 208.8 202.5 226.1 237.8 243.3 245.6 247.6 250.2 253.3 256 256.7
355.1 352.1 338.3 319.6 300.1 284 276.7 275.9 276.8 281.2 275.3 264.5 259 254.6 255.1 261 259 255.2 253.7 256.4 260.3 265.7 266.4 266.8 270.1 277.1 285.5 286.9 288 289.6 290.5 290.4 291.9 290.8 288.4 290 295.7 295.6 293.1 288.3 285.8 282.1 277.2 274.7 273.6 274.2 273 267.3 261.2 255.8 257.7 257.5 248.3 236.7 231.7 234 231.4 233.5 233.5 237.2 241.2 239.3 238.8 238.7 239 237 230.4 200 187.3 228.1 239.1 244.9 248.8 251.7 255.3 257.7 257.9 259
361.4 352.5 333.3 311.3 292.3 278.6 274.5 273.9 286.4 278.4 268.7 263.3 258.9 254.7 260.9 261.5 260 256.8 259.2 265.3 270.4 271.7 269.4 269.3 278.7 285.1 291.3 290.8 290.9 298.7 296.8 296.1 294.4 293.6 292.6 298.8 301.1 301.7 298.7 297 293.7 287.4 284.7 285.2 285.4 283.5 276.3 269.6 266.2 266.8 267.2 256.1 244.6 239.8 240.3 237 241.4 240.1 239.3 243.1 244.9 243.3 242.4 242.5 244 236.8 221.3 212.1 227.3 223 240.4 248.3 252.3 255.9 259.5 259.2 261.8 264
372.1 351.8 328.3 301.1 284.7 275 270.8 269.5 275.1 269.7 264.6 264.1 258.4 258.8 264.9 264.1 261.3 260.7 267.5 271.3 273.6 272.7 274 277.9 283.4 289.4 292.9 292.4 293.3 298.7 299.5 298.4 296.4 298.8 300.6 304.1 304.9 305.7 305.8 302.7 297.1 296.3 296.8 295.1 295.8 287.5 279 271.3 267.1 267.3 261.9 253.7 243 244.3 242.7 240.7 245.8 244.4 245.3 248.3 248.3 246.6 245.9 245.2 240.9 233.1 221.5 224.6 233.5 220.4 244.6 252.7 255.4 258.2 261.8 265.1 268.8 270.1
368.2 342.9 317.3 297.7 281.4 270.5 266.8 265 265.7 262.8 259.3 257.8 258.3 261.7 264.4 266 261.5 267.8 274.2 275.6 275.2 275.9 277.6 280.1 284 291.1 293.3 295.3 300.2 303.5 302 299.4 300.7 302.2 303.2 307.7 307.9 311.3 310.9 304.1 302 303.1 298.9 296.1 293.4 290.2 283.2 274.2 271.8 267.1 260.5 249.8 248.1 247.1 243.7 248.9 249.7 246.3 248.7 250.9 251.9 252 247.8 245.7 238.2 232 234.7 238.3 239.7 227.3 246.5 253.6 256.5 260.7 266.6 270.1 272.7 277.8
360.4 332.2 313.3 295.7 278.9 270.5 266.8 265.1 261 260.1 259.4 257.7 263.6 264.3 268.6 266.5 266.5 273.2 276.1 276.7 276.9 277.8 279.1 283.4 287.3 292.9 295.1 299.4 304.4 307.2 304.3 302.7 304.3 306.6 307.8 310.9 313.2 313.5 309.7 307.2 312.8 308.2 300.4 299.4 302.5 293.2 282.2 278.7 278.8 267.3 254.8 252.4 248.9 245.6 246.3 251 250.5 251.2 256.3 256.5 256.1 254.2 251 243.1 235.2 234.8 240.3 242.4 230.8 239.8 253 259.2 263.6 268.3 271.4 274.6 278.6 285
338 323.9 304.3 291.3 277.9 270.5 264.3 262.5 263.6 261.6 259.7 259.7 269.7 267.1 269.2 267.6 270.3 275.4 278.9 279.8 280 279.7 281.6 286.2 294.1 297.8 298.9 302.9 308.5 308.7 305.9 305.9 306.5 309.7 309.5 312.5 313 317 314.7 310.5 309.4 300.8 299.4 299.5 297.1 293.2 286.2 281.7 276.9 261.2 252.2 249.1 247.6 247.9 250.4 254.6 254.7 259.3 262.6 260.7 259.4 258.4 253.6 243.5 235.4 238.2 243 237.1 242.7 245.6 257.3 263.4 267.3 270.7 274.4 277.5 284.2 287.7
327.1 316.9 297 281 272.3 266.2 263.5 264.4 266.6 262.3 258.5 268.6 268.2 267.2 268.2 271.2 271.4 276.7 280.7 282 282.2 282.4 285.9 292.2 299.2 301.2 306.8 311.3 312.4 310.2 308.2 308.2 308.9 310.8 316.5 317.5 321 321.1 316.8 307.1 300.8 298 297.3 298.2 301.6 294.9 286.7 282.1 271 255.8 251.4 248.7 250.4 250.7 256.9 259.3 259.4 265 265.9 265.4 263.9 262.5 256.2 243.7 238 240 244.3 234.3 249.2 256.1 256.6 265.3 268.8 273.6 276.5 283.4 285.7 290.1
325.3 308.2 292.9 276.6 270.7 265.6 267 268.7 265.3 262.2 258.7 264.4 266.8 267.8 272.3 276.1 274.2 279.2 281 282.1 283.3 284.9 292.6 300.6 304.2 306.4 310.3 314.2 312.3 310.7 310.3 310.1 311 315.2 320.6 324.7 328.3 323.9 314.6 306.2 299.1 294.6 292.8 293.3 295.2 289 286.4 277.2 260.7 256 251.4 254.6 255.8 258.9 262.1 260.9 264.2 268.6 269.4 267.7 270.9 263.8 253.5 243.4 239.6 243 245.9 245 249 257.6 257.9 261.7 272.5 274.6 279.5 282.7 287.7 293.2
309.8 300.9 284.7 274.2 269.5 264.8 267.1 268.6 264.6 261.5 257.7 263.8 267.1 270.8 276.4 277.2 274.9 278.8 281.3 282.9 284.2 291.8 297.5 303 308.8 309 310.7 313.3 311.9 311.5 311.4 311.6 315.8 322.7 323 328.4 327.4 319.6 310.9 307.3 297.9 290.8 288.6 288 286.7 283.3 280.3 267.5 258.8 254.1 256.1 261.1 263.1 266.2 263.6 263.9 274.4 273.1 275.8 272.5 273.4 263.1 252.6 242.4 242.3 246.7 249.8 248.6 241.1 254.9 263.1 266.7 272.9 275.8 279.1 283.9 289.4 296.4
297.4 289.4 280 272.3 268.7 263.1 261.7 261.6 259.6 258.1 259.4 265.3 268.3 272.3 276.4 277.6 276.8 279.9 281.6 283.2 290.3 295.3 302.5 307.9 308.8 309.1 312.3 314 315.5 315 317 322.6 318.5 325 324.6 324.2 319.2 314.1 310.9 307.1 294.8 289.8 283.9 280.8 280.1 275.6 271.5 264.7 259 256.4 262 266.2 267 267.3 266.8 276.1 277.6 280.4 281.6 276.7 269.9 257.9 249.1 243.2 246.7 247.3 248.2 235.2 257.8 258.6 266 269.2 274.1 276.8 280.8 285.7 291.2 300.4
289.9 283 276.5 268.7 266.4 263.6 260.2 258.7 260 259.5 260.4 262.8 267.9 272.3 274.4 276.2 278.3 280.7 282.6 285 291.5 299.5 305.6 307.4 307.7 309 312.1 318.1 318.8 323.3 320.5 320.9 324.1 329.3 323.6 318.5 316.3 313.1 308.3 301.9 295.1 288.8 284.3 282.9 279.7 273.4 267.9 264 261.2 264.1 266.7 268.4 268.2 269.2 276.8 283.8 286.8 287.5 284.9 276.1 267.1 255 247.1 240.9 238.8 237.6 239 252.2 260 261.7 266.9 272 275.1 278.5 283.4 288 296.4 301.3
288.4 278 267.2 265.8 263.3 260.6 257.8 258.9 260.8 261.2 263.3 263.4 268.8 271.5 274.5 277.2 279.6 282.4 285.4 289.8 297 300.7 304.3 304.1 305.1 309.7 316.1 317.9 318.6 319 321.4 323.1 323.5 324 318.2 316 317.4 320.1 319.1 313.6 306.8 297.9 291.6 288.5 282.3 277.9 274.4 271.6 270.1 269 272.2 274.8 274.4 277.5 288.2 288.8 291.3 290.6 283.1 272.7 263.6 253.1 248.6 241.3 240 239.7 244 254 262.8 265.2 268.8 272.8 276.1 280.7 286.3 295.4 300.8 308.1
284.8 273.5 264.6 261.5 260.8 258.1 261.7 261.1 262.3 262.3 264.8 266.6 267 270.1 274.4 277.1 280.7 285.3 289.6 298.5 302.1 301 302.2 302.1 303.2 304.7 307.9 311.4 314.6 316.5 319.7 319 319.5 318.1 321 329.2 334.2 339 332.8 324.3 313.6 304.9 296.6 291 286.2 284.8 281.4 278.2 274.1 273.5 274.8 279.6 284.1 292.7 289.4 292.9 292.1 286.7 278.7 269.1 260.7 251.5 251.7 253.4 242.4 240.9 250 258.9 263.1 266.8 271.4 275 278.1 285.2 295.7 304.6 306.7 315.5
281.4 271 262.9 260.5 260.3 261.2 264.3 262.3 264.1 266.1 269.6 271.9 272.7 273.4 276 279.2 283.5 291.3 301.5 303.8 302.5 301.9 301.1 302.5 305.5 309.2 307.9 308.9 311.7 316.1 319.7 323.1 325 324.4 335.1 340.4 340.8 339.6 336.5 327.8 317.3 308.2 301.3 297.1 295.4 289.8 285.8 284.6 277.7 277.1 278.7 287.8 292.7 291.1 290.5 291.6 288.7 283.3 274.7 264.3 254.4 252.7 254.2 256 258.1 252.7 253.5 260.4 265.5 271.3 275.6 277.4 283.2 295.2 302.7 306.5 312.4 318
275.5 266.5 261.2 258.5 258.4 260.8 261.4 262.9 265.3 268.4 274 276.7 276.1 277.6 283.1 284.4 290 298.8 301.5 303.4 302.5 302.1 303.8 311.1 312.9 313.2 313.1 314.8 317.7 324.3 326.9 332.6 329.1 332.5 340.5 342.9 346.1 347.1 339.9 333 325.4 317.5 315.1 306.8 298.4 293.4 290.1 283.9 281.6 281.9 285.9 294.7 293.2 291.7 289.8 285.4 284.3 279.1 267.2 257.2 254.3 254.3 256 257.6 248.2 245 257.1 264.5 269.9 275.2 278.6 280.6 290.2 294.9 304 310.1 316.1 318.8
268 261.5 260 258.8 260.1 261.7 261.4 262.2 263.8 265.4 271.5 275.7 276.5 279.3 285.2 289.4 294.9 298.8 304 303 302.7 305.2 311.1 314.7 315.3 316.3 317.9 322.4 328 334.2 337.6 335.7 334.8 340.8 345.9 350.2 355 351.5 341.6 339.7 336.3 335.1 320.7 310.1 304.2 298.1 290.5 284.4 287.2 287.2 293.3 298.1 294.2 290.9 286.5 283.2 281.5 272.4 262.4 254.9 255.2 256.6 251.1 246.1 244.7 253.6 265.2 268.7 273.5 277.1 281.1 289 293.5 298.3 305.1 311.9 314.4 315.9
273.1 262.8 259.4 260.1 263.6 263.9 262.9 264.9 266 271.2 277.2 276.6 281.4 284.3 284.7 289.2 297.6 301.1 302.5 303.2 306.6 314.4 318.2 318 322.3 321.6 328.5 332.2 339.9 344.7 343 343.4 344.6 356.4 360.4 363 362.5 350.7 353 348.4 345.2 332 318.5 314 309.4 302.8 292.4 287.6 292.5 292.2 300.5 297.7 291.8 286 283.9 281.8 275.8 265.5 257.9 255.8 257.6 259.6 247 246.5 247.9 260.9 270.1 272.2 276.1 281.7 287.7 293.5 296.9 300.4 304.2 310.6 314.2 315.2
272.6 264.3 259.2 263.5 263.3 266.7 264.4 264.8 271.9 280.7 279.5 282 284.9 285.8 286.1 291.8 302.2 305.4 303.9 309.6 321.5 320.4 320 325.7 325.8 329.7 333.4 337.4 345.4 347.7 349.1 350.5 353.8 358.1 364.8 366.3 364.1 353.8 352.7 349.9 339.8 326.8 319.8 316.7 312.8 302 296.2 296.6 294.6 297.7 296.8 289.7 285.5 284 282 277.3 269.6 261.8 257.6 257.6 256.9 247.4 247.5 249.5 258.7 264.3 271.5 275.6 281.5 288.7 293.5 297.6 300.7 303.3 305.4 310.3 313.2 314.3
271.3 262.7 260.5 261.5 266 266.2 265.3 270.6 276.6 280.1 280.7 284.2 287.4 285.8 286.1 290.9 301.9 305.8 308.4 326.5 322.8 324.7 325.7 328.7 334.7 337.8 340.1 348.3 349.5 351.6 352.3 353.9 356.2 361 366.1 367.1 364.1 355.6 347.3 344.1 335.7 325 322.4 318.6 310.1 302.2 299.8 299 294.4 293.6 287.7 282.7 282.2 280.1 277.8 274 266.1 258.9 252.2 250.3 249.4 248.6 249.5 259.1 266.1 267.7 275.9 281.5 288.1 293.6 296.3 300.5 302.2 303.9 304 306.6 307.7 310.6
