Game/Highland_Data/StreamingAssets/GeoData/Data/nh/NH35.asc
ncols 200
nrows 200
xllcorner 230000
yllcorner 850000
cellsize 50
[rows 140 to 174 of 200, columns 0 to 78 of 200]
342.5 354.6 372.7 391.1 418.5 438.8 454.7 466.5 483.5 495.5 499.1 498.1 487 497.4 506.2 511.3 513.2 514.4 517.9 522.7 527.5 535.2 540.8 545.8 557.8 569.1 558.1 549.1 550.5 538.2 514.1 490.3 472.6 449 440.3 437.1 427.5 424.1 423.1 421.4 420.2 419.4 418.6 412.6 407.9 419.7 427.4 436.4 450.1 463.6 466.5 469.5 469.8 463.1 456.6 453.7 448.8 445.3 446.7 447.8 449.1 449.5 456.2 463.1 467.9 478.3 482.1 481 480.5 477.8 473.3 470.3 467.4 462.8 461.3 466.6 464.7 460.7 456.7
341.2 355 375.5 397.7 420.8 446 460.5 481.9 486.6 488.6 496 509.3 511.5 512.9 520.5 524.8 531.1 544.4 554.7 556.3 552.5 543.5 539.5 543.5 555.9 559.3 558.4 541.5 538.5 544 523.4 508.5 489.2 473.2 459.1 458.4 447.6 440 439.2 436.9 435 433.4 430.6 423.4 416.2 431 441.5 449.2 468 480.9 487.7 495.4 497.5 487.4 477.2 468.2 463.5 460 456.7 455.9 457.2 459 465.9 473.9 480.7 488.7 492.2 492.3 491.5 492.9 500.4 500.3 490.5 489.6 484.7 488.1 488.4 484.1 476.9
343.3 359.5 380.9 396.8 421.2 444.3 458.9 475.4 491.9 498.5 500.6 508 514.7 524.7 528 541.8 551.2 558.3 570.8 579 582.7 563.6 545.9 544.6 549.2 554.5 555 549 538.5 530.5 524.4 514.4 504.9 495.2 481.7 469.6 460.8 457 453.5 452 448.8 445.5 440.9 431.2 431.7 446.5 453.1 463.2 484.1 500.7 511.5 509.1 509.1 505.1 499.6 493.3 487.1 477 472.4 469.7 467.1 468.2 474.6 483.3 492.9 502.7 516.7 535.2 529.9 531.7 528.3 521.4 517.3 512.9 511.6 509.4 507.7 499 493.8
345.5 361.3 379.8 395.7 416 439.2 455.3 469.6 492 509.6 521.5 521.8 520.6 523.2 529.6 539.7 553.4 568.2 577.1 586 597.9 592.5 570.1 560.2 558.7 561.1 565.3 555.2 543.2 532.8 526.8 522 519.1 505.7 491.2 482.5 474.3 469.5 465.9 465 462.1 458 453.6 442.8 442.9 454.6 459.7 474.9 496.6 511.3 525.9 525.6 526.6 524.3 522.5 516.5 508.9 500.5 487.3 483 481.2 479.5 484.3 492.3 503.7 518.1 535.9 547.5 551.6 551.4 549.9 544.5 537.5 537.3 534.3 534.8 531.7 523.6 513.9
345.4 361.8 381.5 393.9 411.7 435.8 454.8 469.1 484.4 502.8 519.4 531.1 532.9 530.3 537 546 546 558.5 575.9 593 603.7 605.3 611.2 604.2 575.9 573 571.5 566.2 551.2 543.7 548.9 551 540.4 535.4 518.4 507.4 493.6 486.4 480.2 476.9 473.6 468.9 462.3 451.6 448 460.6 469.5 485.9 505.3 519.6 533.6 545.3 548.4 549.1 544.7 535.8 529.9 519 507.7 500 497.6 490 491.4 499 509.1 524 541.6 552.5 557.4 559.3 559.5 561.8 570.2 570.2 566.5 569.9 562.2 553.6 543.2
344.5 361.6 378.4 391.9 408.6 430.4 449.2 465.2 477.1 493.4 508.3 522.1 536 530.8 534 548.1 558.1 563 570.8 582.3 587.9 595.8 602.5 608.7 610.6 601.5 596.8 576.8 560.1 553.9 554.1 559.1 556 550.9 546.9 542.9 535.1 515.5 499 488.3 482.3 477.8 470.5 454.2 463.3 470.8 477.4 494.4 517.6 534.9 546.3 557.2 561.6 562.1 556.3 552.3 542.2 534.5 524.8 516.8 508.6 502.2 503.4 506.2 512.8 526.2 542.8 557.3 568.4 572.8 578.7 581.8 585.7 588.3 592.2 595.2 592.6 583.7 569.4
341.5 358 374.8 388.4 403.8 420.3 440.1 456.6 471 482.9 495.1 509.2 521.7 526.7 527.9 538.1 551.6 558.3 564.9 576.4 586.6 597.5 605.4 613.6 625.4 616.9 608.2 587.6 571.3 565.5 562.5 562 564.5 568.5 563.3 553 553 550.2 529.6 505 490.1 482.9 472.9 467.5 472.9 476.4 488.1 506.1 527.1 547.1 563.4 577.8 588.1 588.6 582.4 569.4 556.4 547.1 538 527.5 518.4 513.7 511.9 511.8 517.8 528.4 542.2 557.1 569.1 577.2 581.6 586 588.4 589.8 594.9 597.6 595.6 592.5 585
336.5 350.8 365.9 380.1 395.3 409.8 427 444.5 459.6 472.2 484 494.5 507.8 518.1 519.5 529.9 544.6 551.4 560.9 571.7 582.9 596.6 609 619.8 630.7 650.9 641.8 612.6 590.1 574.4 561.8 561.8 562.8 570.4 568.2 562.1 554.2 551.7 542.7 522.4 504.1 492.3 480.2 476.5 478.4 486.9 497.1 512.5 533.4 554.5 574.3 589.7 602.5 602.7 598.3 583.6 573.3 559.8 547.6 539.9 527.5 519.4 515.2 518.2 522.7 531.2 541.6 556.5 568.5 574.6 580.6 584.5 589 592 596.5 600.3 599.5 594.4 585.5
332.2 345.8 360.4 376.8 389.2 399.9 413.3 430.4 447.3 462.8 473.2 483.2 492.7 504.6 512.7 521.9 533.5 548 553.9 566.1 576.5 593.6 611.8 625.3 635 651.2 662.8 646.2 633.7 612.1 572.4 561.8 561.8 561.8 566.3 572.2 562.5 553.1 543.2 529.6 514.4 501.2 485.4 484.6 487.3 496.3 505.9 517.9 540.2 563.1 582 595.9 605.4 605.1 597.9 589.9 584.9 578.6 564.7 548.9 536.8 526.3 524.4 525.9 530.7 535.4 546.2 557.9 570.6 580.8 588.7 594.9 601.5 605.6 607.8 609 608.9 603.3 592.8
332.3 345.8 357.6 367.4 379.2 390.8 403.1 418.3 436.5 450.7 464.3 476.6 485.3 499.3 509.7 515.7 527 540.2 553.6 559.8 576.8 594.1 610.6 627.4 640.1 654.8 664.4 657.1 640 622 614.7 576.8 561.8 561.8 562.3 568.1 568.9 562.9 555 538 520.1 505.8 497.1 492.4 493.3 502.2 513.8 526.7 547.1 566.9 584.1 599.8 607.4 612.3 613.8 615.3 606.9 594.7 586.1 569.6 552.8 535.9 535.1 535.1 540.7 546.9 554.7 565.8 576.1 587.4 596.2 604.6 611.3 615.8 623.5 631.4 627.5 616.4 600.6
328.1 342.2 354.7 365.1 375.6 387.1 401.5 414.5 429.5 445.2 458.6 468.4 480.4 492.9 511 522.9 529.3 541.4 553.8 565 579 595.3 610.5 624.4 638.7 653.8 665.3 660.2 639.9 628.7 629.5 616.6 594.7 575.6 570.5 572.7 574.5 570.7 563.4 547.1 529.1 515.8 508.6 503.2 497.6 507.9 518.6 532.9 549.9 568 585.4 601.8 605.6 610.7 621.6 630.1 627.4 615.2 601.7 587.5 570.3 553.5 550.1 545.9 551.8 558.3 563.5 570.8 579.9 591.3 600.8 607.6 612.8 619.9 631.7 641.8 637.7 627.9 612.9
319.5 339.1 351.5 366.3 376.5 386.9 400.1 413.5 425 440.9 452.9 466.2 476.7 486.4 501.2 517.2 525.1 536.7 547.5 560.8 576.5 596.3 609 622.5 640.7 652.6 660.8 653 631.5 626.4 630.6 635.7 631.6 606.8 586.8 583.3 586.9 579.5 571.3 552.6 542.8 528.7 518.3 509 507.8 510.2 522.9 534.5 549.4 565.9 581.5 591.6 598.2 608.4 620.2 631.9 633.3 633.5 610.9 599.1 584.1 576.6 566.3 563 564 569.8 576.2 585.6 591 596 603.8 609.6 616.4 624.3 633.4 639.9 642 635.7 621.1
325.7 327 345.9 358.9 372.1 383.2 396.3 409.6 422.3 434.1 448.3 460.9 473.3 482.6 496.1 509.8 521.8 536.5 548.2 560.8 575.4 590.1 605.8 621.3 635.7 646.2 652.3 650 626 617 618.6 628.3 634.4 631 605.9 593.6 586.4 584.2 580.8 574.3 560.6 541.2 526 518.4 518.6 520.7 524.9 537.1 549.2 563.9 577.7 587.3 594 604.2 617.3 627.1 633.7 631.6 621.8 605.7 593.6 591.3 583.2 583.5 583 586 590.3 598.6 603.1 604.4 606.1 608.1 617.5 627.3 636.2 644.3 646.6 648.5 632.2
339.6 338.3 332.2 354 369.3 382.4 396.2 408.7 420.5 432.4 443.7 456.3 468.5 478.6 489.9 502.1 518.4 536.5 547.9 560.9 575.8 593.3 606.8 621.4 635.5 642.4 647.9 644.8 626.3 614.2 614.2 619.1 627.7 636.2 627.9 608.8 591 585 585.4 583 568.4 548.7 536.4 527 526 525.3 534.7 540.7 546.7 562.6 575 584.9 593.4 602.6 612 623.6 629.4 632 628.7 628.5 616.2 607.5 602.4 598.4 600.1 602.3 606 608.9 610 610.9 612.7 614.4 619.6 624.2 627.9 632.6 639 641.3 634
348.5 354.8 349.2 352.2 373.1 385.4 395.4 408.1 420.2 430.9 441.3 452.4 464.5 475.6 485.6 497.6 511.7 529.7 543.8 558.8 578.3 593.8 606.6 622 636.9 644.4 647.2 648.9 630.2 614.2 614.2 617.7 629.1 636 632.1 607.2 595.8 586.9 586.1 583 576.5 568.2 548.9 540.9 537.8 539.2 540.3 545.8 556 566 576.1 586.4 594.8 601.5 607.5 618.4 630.1 634.7 638.3 641.2 639 628.9 623.2 620 617.6 616.4 614 613.8 612.6 613.6 613.5 614.7 616.6 617.4 619.9 623.4 635.5 643.9 638.6
357.9 364.4 367.4 349.5 379.4 385.6 398.4 408.2 419.3 429.6 439.7 449.1 460.8 470.7 480.9 492.3 507.3 522.7 537 554.9 572.4 588.2 604.3 617.6 631.1 644.7 652.7 657.9 644.1 618.2 614.2 618.7 630 632.5 624.1 610.4 598 594.7 588.1 596.3 585.1 577 567.2 559.7 548.7 547.9 548 551.8 559.5 569.5 582.1 593.4 601.6 608.6 611.4 616.8 626.7 637.3 648.1 651.9 650.7 646.9 640.6 631.1 624.2 619.3 614.3 611.4 610.4 607.3 608 609.2 611.1 609.1 611.7 609.8 624.3 641.3 634.9
366 373.1 379.2 372 378.6 394.3 395.7 405.7 419.1 430.2 439.6 448.3 457.4 468.2 478.6 489.7 502 518.3 531.2 547.4 563.7 580.3 596 611.7 624.2 638.1 651.4 660.1 652.4 628.6 614.2 614.2 618.5 626.9 626.7 611.7 598.1 593.4 591.7 597.1 593.2 592.4 590.6 578.7 564.4 558.1 556.7 558.5 565 577.4 589.5 600.3 608.5 614.9 618.1 623.5 630.9 639.9 651.2 661.9 661.6 658 652.3 636.1 623 616.1 607.3 603.8 598.6 600.5 599.9 597.9 601.8 599.1 596.9 597.3 610.3 625.4 624.2
372.3 378.2 385.9 389.6 378.4 387.8 399.6 408.7 420.3 429.2 439.2 448.5 456.1 465.9 476.4 487.5 500.2 512.9 524.8 539.9 556.9 572.6 588 602.8 616.3 632.7 646.2 654.9 654.7 637.6 614.2 614.2 614.2 622.6 623.7 610.4 596.8 597 597.3 602.5 602.6 601 605.2 600 583.3 570.3 565.5 566.6 573.7 581.1 595.3 605.2 613.6 620.3 622.9 627.6 636 643.9 650.7 658.9 667 668.8 658.4 640.2 625.1 615.3 602.9 596.9 593 591.8 587.4 588.1 588.3 587.2 582.7 584.9 595.9 610.6 617.9
380.5 384.9 390.2 397 389.8 402.1 403.1 413.1 419.4 429.8 439.9 448.8 456.5 464.8 475 486.5 497.8 510.4 522.2 534.9 551.3 567.4 582.9 597.6 607.5 620.6 636.4 646 651.9 644.8 618.5 614.2 614.2 620.8 617.5 606 596.5 598.8 599.6 603.1 603.5 604 607 606 595.5 580.7 576 576.7 581.3 589.8 601 610.1 617.6 624.2 630.2 632.3 635.5 640.7 647.9 652.8 662.2 663.5 658.2 642.9 631.3 615.4 599.2 593 581.8 577.9 573.7 573.5 570.2 569.3 567.6 568.8 584.4 600.8 609.9
388.3 394.5 396.9 403.9 405 407.5 414.8 415.8 426.4 430.4 439.7 447.3 457.6 465.3 474.2 484.5 495.2 506.9 518.8 530.8 546 562.6 577.2 591.7 603.7 613.9 624.9 632.1 637.4 633.9 623 614.2 614.2 615.2 609.5 601.3 597.3 595.2 594.9 600.9 602.6 601.9 604.8 603.8 596.1 588.7 583.2 582.8 585.3 594.6 606.5 615.2 619.8 626.2 630.4 636.6 638.1 640.3 643.3 646.9 655.1 659 652.8 649.2 636.5 622.5 601.9 584.5 571.2 561.3 552.2 549 545.6 546.3 551.7 557.3 571.4 589.2 601.7
399.6 404.2 407.8 412 414 410.6 418.9 422.6 428.2 432.7 439.7 446.9 456.9 464.3 472.4 481.5 492.8 504.8 515.9 527.5 540.4 555.2 571 585.9 599.8 608.7 620.2 630.6 634.4 636.8 625.9 617.4 614.2 620.4 620.7 615.5 601.4 595.6 594.9 598.5 600.5 602.9 604.4 606.7 601.5 592.7 586.2 585.9 589 597.5 608.6 617 622 627.1 630.1 631.6 636 637.8 639.5 643.8 650.5 650.5 648.3 643.8 633.5 619.3 597.9 577.4 562 548.7 539.5 534.5 534.5 541.3 547.1 549.7 556.7 574.3 588.2
409.5 413.6 417.5 419.9 423.2 419.6 421.3 431.2 429.6 437 443.3 448.2 456.4 464.5 472.9 480.8 489.5 500.4 512.1 524.4 535.8 551 564.7 578.2 591.2 603.3 615 630.6 639.6 642.7 636.3 619.8 615.5 622.3 622.1 615.3 604.6 596.7 596 597.4 603 608.2 611.8 613.2 612.4 603.6 591.9 588 592.8 600.2 610.2 619.5 624.6 628 627.9 627 622.5 625.6 629.3 632.1 641.2 646.2 648.3 640.8 632.8 614.3 594.5 576 561 546.3 537.5 534.5 534.5 538 543.6 546.9 549.9 558.4 569.3
419.1 421 424.1 426.1 428.8 430 426.5 430.1 438.6 443 444.1 449.9 456.2 463.4 472 479.1 487.3 498.2 507.7 520.8 532.2 547.9 558.8 570.8 584.7 598.7 610.4 624.2 633.8 635.9 634.2 626.1 622 619.5 612.3 609.7 603.2 597.9 596.1 598.3 609.1 615.2 619.1 620.1 620.3 612.5 598.8 592.5 593.7 600.9 612.3 623.4 630.9 636.1 634.9 628.8 620.2 615.3 616.7 619.5 624.7 630.9 634.2 632.8 629.2 612 596.6 579.9 558.9 546.1 536.9 534.5 534.5 535.3 538.8 541.3 544.7 549.7 558.1
428.9 428.9 431.4 429.8 431.5 433.9 435.2 432.2 441.4 444.6 446.9 452.2 456 461.2 467.9 476.3 484.1 494.2 503.8 515.5 527.8 541.5 553 563.4 576.1 592.4 604.8 616.9 626.8 630.6 632.8 630.6 624.1 621.9 612.3 608.3 599 596.9 599.6 607.5 615.1 619.8 623.6 625.4 625.3 619.7 607.9 596.1 595.8 599.8 610.2 623.5 633.1 641.1 643.5 635.8 626.2 613.4 608.8 610.4 613.7 613.4 611.8 613.8 609.2 598.7 587.6 570.9 555.1 547 534.7 534.5 534.5 534.5 539.9 544.2 545.1 547.2 551.8
441 441.9 443.5 439.3 436.4 437.7 440.5 442.9 440.1 449.3 452.5 453.5 456.1 460.4 465.6 472.3 480.4 489.9 499.9 511.4 523.7 536.4 547.6 559.6 572.2 586.7 599.9 610.7 621.1 628.1 632.4 633 626.6 619.4 613.3 609.8 608.6 603.3 600.3 604.4 612.4 620.7 625.5 626.3 626.7 623.3 610.3 599.7 598 597.6 605.4 621.4 634.4 643.7 651.3 645.4 636.8 624.4 612.6 607 603.4 602.1 601 601.9 597.3 590 580.3 567.2 554 542.2 534.5 534.5 535.8 538.4 540.9 542.3 542.2 543.4 547.3
458.4 458.6 457.5 454.6 449.3 447.3 448.4 447.8 451.4 450.2 455.2 456.7 460.1 462 465.7 471.5 477.7 486 495.8 507.3 518.7 531.8 542.6 554.1 568 583 594.8 606.3 615.3 622.7 626.7 630.6 628.3 618.6 607.9 607.9 613.8 613.1 611 611.6 612.6 619.7 625.8 629.7 630.4 628.6 616.6 602.7 598.5 597.9 602.8 616.1 628.5 639.1 646.3 647.9 651.5 645.1 629.7 613.7 605.7 600.4 598.2 599.9 600.1 594.6 582.9 570.1 561.5 557.3 548.7 542.1 530.4 534.4 535 534.7 533.4 535.9 541.3
479.6 477.2 474 469.9 467.7 465.6 461.8 460 457.8 458.6 454.4 462 463.3 466.3 469.3 471.7 477.3 483.9 492.7 500.9 512.8 525 537.8 550.4 563.3 578.1 589.7 600.8 610.8 617.2 621.2 624.1 619.9 609.6 607.9 621.7 622.2 620.9 613.4 614 612.4 620.7 627.5 630.4 633 632.1 621.3 605.1 597.5 596.7 599.9 610.4 620.8 634.2 642.7 646.3 647.4 642.8 632.7 618 605.3 594.8 591.8 597.1 600.4 597 590.5 583.5 579.1 565 547.8 532.2 523.1 522.1 522.9 521.5 521.2 525.5 531.3
501.9 498.8 494.6 485.2 482.6 484.8 479.2 474.7 470.4 466.5 463.5 462.9 467.2 470.3 472.7 474.5 478.2 483.4 490 499.7 509.9 522.4 534.6 548.2 563.1 575.5 588.1 597.6 606.3 614 619.2 619.5 617.5 607.9 607.9 619.1 625.4 625 617.4 614.6 614.9 621.3 626.4 630.6 631.9 632.5 626.2 610.8 595.1 594.9 591.4 602.5 611.5 622.8 631.1 639.4 641.4 640.2 625.8 614.6 602.3 590.6 589.5 599 612.7 617.8 613.7 600.2 584.3 565.3 544.9 524.9 520.9 517.2 512.5 508.5 509.5 515.4 520.4
514.9 513.9 509.4 504 501.3 500.4 499.8 492.1 488.3 481.3 475.9 470.1 467.9 471.5 473.6 475.6 479.8 483.3 489.3 498.4 508.6 521.6 533.6 548 563.2 576.5 588.3 598.4 607.2 613.5 618.3 617 611.2 607.9 607.9 615.5 624.9 627.5 622.8 619.6 618.7 621.6 627.2 629.3 631.6 630.7 623.3 610.5 597.9 591 586.4 597.6 603.1 612.8 620.4 622.1 627.2 624.8 616.7 605.9 599.3 591 592.1 604.8 623.4 639 642.5 632 604.7 572.1 546 530.7 520.9 515.8 507.1 501.6 499 501.8 506.2
527.2 528.3 527.1 523.2 520.7 520.7 518.4 511.5 509 502 493.3 483.6 475.1 472.1 471.6 477.3 480.3 485.9 490.6 496.9 507.9 520.3 534.1 549.7 563.1 577.4 588.7 598.1 607.9 615.1 618.4 619.5 612.1 607.9 607.9 609 618.7 625.4 623.7 621.7 618 619.8 626.3 629.7 631.3 629.3 622.3 610 597.5 588.5 578.3 587.6 594.4 601.1 613.1 613.8 612.1 610.9 607.7 598.1 593.3 591.3 594.4 604.2 621.3 641.4 649.2 642.5 625.7 596.2 569.7 544.4 525.4 512 499.3 489.8 489.7 489.6 490.3
537.6 540.5 540.9 540.9 540 539.1 534 525.9 520.4 514.4 510.3 497.2 490 478.6 472.8 478.2 481.6 484.1 491 497.7 507.8 520.1 533.4 548.6 564.1 577.6 587.7 596.4 606.7 614.6 619.5 618.9 610.9 607.9 607.9 607.9 612.3 621.2 626.5 626 623.8 625.9 631.3 632.1 635.2 636 627.7 613.6 601.1 587 577.4 572.5 581.9 589.4 594.4 600.4 601.8 597.6 595.4 592.9 591.9 591.3 593.9 601.2 611.8 625.9 642.3 638.4 625.9 607 577.7 549.3 530.6 510.8 492.7 484 482.9 484 481.5
547.3 550.7 553 553 552 552.2 546.9 543 536.1 527.8 524.5 512.5 501 487.7 481.1 478.2 482.8 483.7 491.7 499.6 508.8 519.6 532 546.8 562.4 577.7 588.4 597.2 606.4 615 618.7 619.8 615.5 607.9 607.9 607.9 612.4 618.8 623.3 626.1 624.9 629.5 633.4 636.9 643.2 644.3 639.5 625.9 611 592.5 581.3 571.1 568.4 576.3 582.4 586.8 590.8 590.5 589.8 590.6 591.5 593.2 599 606.1 612.9 620.9 628.7 640.4 634.1 615.1 593.5 553.2 527.8 508.6 493.2 490.7 489.2 484 481
553.9 558.2 560.5 562.3 561.3 562.5 560.5 555.9 556.8 548.4 542.2 531.9 514.7 499.4 488.3 479.9 484.1 489.9 494.8 501.7 512.7 520.2 530.8 545.3 561.8 576.8 588.8 598.1 606.9 614 618 618.5 612.4 608.1 612.5 617.1 619 622.7 627.1 628.1 627.9 627.5 634.4 640.4 645.5 648.7 648.8 640 618.6 601.4 582.7 568.1 557.9 563.6 567.6 572.5 577.9 581.2 583.7 587.8 593 596.4 604.6 607 610.9 615 614.3 618.6 620.7 610.3 594.9 562.4 540.4 514.7 503 496.5 495.4 490.1 481.7
558.2 562.7 568.3 569.7 570 571.8 574.9 572.7 568.5 568.4 565.6 551.4 536.4 521.5 503.9 490.1 485.3 488.3 494.3 504.5 516.6 523.2 531.2 543.8 559.3 574.7 588.8 598.7 606.1 613.5 618.3 620 617.2 620.7 620.9 620.4 621.4 626.6 629.8 629.2 628.7 628.2 633.4 639.8 646.7 651.1 652.7 649.6 629.6 605.6 587.6 569.8 559.5 551.8 551.7 555.4 561.5 566.7 565.2 583.5 591.7 599.2 607.9 614.1 617 612.8 610.2 605.3 610 602.6 590.2 568.8 547.6 534 523.5 513.8 509.5 503.9 496.9
561.7 566.6 572.2 578.5 581.9 584 585.8 584.4 579.1 578.3 577.3 566.7 552.9 536.4 515.6 502.1 491.7 490.9 495.8 506.3 517.4 525.9 531.5 545.1 561.5 577.5 593.2 604.4 610.5 615.9 621.1 624.2 621.9 620.5 620.1 620.7 622.9 626.9 629.5 625.4 623.7 624.7 631.9 639.5 646.4 650.9 654.5 652.8 642.4 614.4 593.1 574.2 565.9 558.9 549 544.4 542.8 548.8 555.5 567.7 581.3 592.9 604 615.3 621.3 621.9 616.3 606.8 605.3 606.1 605.6 590.5 571.3 554.9 543.3 530.1 519.9 515.6 509.4
