Game/Highland_Data/StreamingAssets/GeoData/Data/nh/NH43.asc
ncols 200
nrows 200
xllcorner 240000
yllcorner 830000
cellsize 50
[rows 105 to 139 of 200, columns 0 to 77 of 200]
334.4 335.9 333 332.9 333.1 333.2 338.1 346.9 358.3 365 376 389.2 406.8 418.5 432.1 431.5 420.6 413.4 410.3 401.8 391 388.9 386.5 385.7 382.6 378.1 376.1 375.3 376.4 371.1 376.1 371.2 374 380.1 388.9 386.2 404.1 401.6 397.3 386.2 380.2 369.6 369.4 368.7 365.3 366.4 372 382.1 378.7 371.7 372.5 386.5 394.9 388.6 389.2 388.2 402.2 380.3 369.4 358 349.1 357.7 368.1 378.8 394.6 401.5 405 403.6 403.8 411.1 422.7 432.1 434.3 446.2 447.9 450.2 452.2 448.6
341.5 337.1 334.3 337.8 340.3 347.8 358.9 364.4 372.4 390.6 403.6 418 428 439.6 442.6 437.9 428.4 422.4 418.9 399 388.8 388.7 391.5 392.1 393.2 380.7 377.9 385.6 380.6 382.7 396.7 395.3 397.2 396.3 396.6 399.5 414.9 407.9 396.2 390.1 383.4 385.8 379.1 372.3 375.5 386.9 404.8 414 398.6 388.5 385.9 406.2 401.3 396.7 393.8 406.7 415.7 383.5 373.2 355.9 352.8 358.2 371.7 383.4 398.8 405.7 410 407.5 409.3 416.8 430.5 435.6 440.6 449.5 454.7 450.2 452.4 448.8
342.8 340.4 344.1 346.5 347.6 360 365.7 375.3 394.1 406.9 418.3 429.3 444 447.2 444.1 437 432.1 421.2 412.9 394.9 396.9 393.8 397 405.7 397.6 390.8 388 391.1 388.5 395.3 404 407.7 414.1 410.4 407.7 414.4 415.9 405 395.4 392.6 394.6 388.6 381.8 379 386.9 408.5 424.9 417.4 402.8 396.1 392 411.4 399 398.1 399.2 414.3 423 394.5 366.9 352.1 355.1 360.8 375.4 391.8 402.5 412.6 414.2 413.1 415.5 426.9 431.7 434 452.5 451.8 449 448.9 449.6 444.2
344.7 348.9 348.5 349.7 360.8 368 374.4 398.3 407.8 417.4 432.7 443.4 445.1 443.1 440.2 437.9 431.3 420.8 409.4 397.5 404.3 404.8 418.1 412.7 406.1 399.4 398.8 404.8 402 413.8 421.4 419.7 421 417.5 416.9 417.2 418.5 408.9 401.6 399.4 395.3 392.3 387.7 390.8 402.7 419 426.1 416.8 404.4 399.2 394.6 404.4 399.3 399.4 404.4 417.5 423.8 398.9 364.8 352.9 354.6 365.3 377.6 397.2 410.4 414.5 417.7 417.7 428.3 433.1 435.1 444.3 453.1 449.7 444.6 443.3 441.9 435.8
352.7 350.2 350.3 356.6 364.7 371.7 390.8 410.2 415.2 431.9 443.7 447.2 446.3 445.6 443.3 441.4 434.2 414 402 409 413.8 430.4 427.5 417.7 411.3 408.7 412.2 415.8 430.9 432.4 426.5 425.5 428.9 424 415.4 426 423.7 409 401 402 400.5 400 390.5 394.8 417.4 427.4 430.8 413.8 402.6 394.4 393.5 397.6 399.7 403.3 411.8 423.6 427.4 401 366 356.2 356.4 366.6 383.5 405.4 414.7 421.7 424.2 421.7 433.2 434.9 442 442.9 443.6 440 436.2 435.6 435.6 433.9
352.1 350.8 354.9 362.3 368.1 378.7 399.7 413.5 426.1 432.6 444.9 449.9 449.3 447.2 446.1 444.1 425.1 414.7 416.6 418.6 429.6 438.2 426.8 428.6 422.9 424.3 426.7 429.4 441.8 440.1 431.3 435.5 425.2 418.4 412.8 415.5 409.4 404.9 402.3 402.3 401.1 394.2 392.8 409.6 427.2 438.9 431.3 414.2 396.9 391.6 391.6 393.6 404.1 409.3 418.9 429.6 433.6 396.6 369.3 360.5 360.5 370.2 392.5 406 419.6 434.2 429 429.3 438.4 434.9 438.6 441.6 444.9 441.2 434.6 434.2 429.3 426.5
350.8 354.1 358.8 363.9 373.3 385.3 401.9 413.8 423 439.3 447.2 451.7 450.3 450.9 444.5 434.8 423.9 430.8 423.8 430.6 435.3 435.5 432.5 440.4 438.5 436.6 439.5 436.4 443.7 441 442.9 429.7 426.8 421.1 411.1 406.2 405.5 404.7 404 399.4 396.7 398.7 393.5 418.5 428.2 429.6 424.7 408.8 400.6 390.3 388.5 398.6 413.3 412.9 423.2 425.5 422.3 407.2 370.8 363.5 363.5 379.6 399.6 411.2 416.1 431 430.5 433.5 434 433.5 437.9 442.7 446 440.1 428.8 428.5 426 415.3
349.7 354.4 360.5 365.2 375.8 385.8 401.5 410.7 418.8 437.2 444.5 450.8 446.6 446.7 441.4 431 436.4 432.9 436.8 437.1 436.1 435.9 448.4 451.3 450.8 441.9 439 434.8 446 437.5 428.1 427.6 428.2 421.2 408.6 404.4 404.7 403.5 401 398.3 396.5 400.3 402.5 422.3 424.7 423.4 420.5 401.9 397.9 386 386.5 398.9 410.1 416.4 417.5 418.9 420.9 411.6 371 364.4 369.1 387.1 407.4 415.7 418.7 425.6 431.5 436.3 434.7 433.9 437.2 442.3 443.4 432.1 418.5 416.8 413.5 408.8
347.5 355 362.8 368.1 375.7 384.1 402.8 408.4 417.6 432.1 434.4 436.4 439.5 438.4 432.5 432.2 435.3 438.3 441.2 437.9 437.6 440 454.5 445.8 442.4 438.2 431.8 430 436.7 434.8 422.6 421.9 418.5 401.4 398.2 400.6 400.9 399.4 397.8 394.7 394.8 395.8 410.4 424.4 421.3 421.5 413.9 398.7 395.7 383.3 385.5 395 405.8 415.5 409.9 414.9 413.5 397.6 371.7 368.5 375.1 393.1 410.7 417.7 421 429.5 434.2 438.1 431.7 431.4 437 438.5 432.3 420.7 411.6 408.9 404.8 395.5
345.8 356.2 366.4 373 382.3 391.5 406.1 415.1 429 437.4 442.8 438.6 438.6 437.2 433.4 436.8 438 439.8 438.4 438.8 438.7 447.5 448.9 443.8 434.7 426.2 423.2 423.5 424.1 413.5 412 408.9 401.4 394.1 395.8 400.4 397.1 394.4 393.5 391.6 393 393.6 408.1 416.8 415.8 409.2 402.6 391.9 388.4 379.7 384 389.5 403.4 407 401 407 402.2 383.2 371.2 375.7 385.6 392.9 410.7 418.7 421.9 427.6 424.9 422.6 421.3 425.1 427.9 425.4 420.8 407.9 398 395.9 394.9 398.8
352.5 360.1 364.8 367.8 376 387.2 401.4 413.3 429.5 440 442.6 438.9 437.6 437.3 435.7 437.1 439.3 436.4 437.8 439.9 440.1 450.1 451.2 446.8 425.6 422.3 417.1 414.5 409.3 404.5 402.8 401.6 395.3 393.5 393.1 392.4 393 392.2 393.7 394 389.9 389.6 389.9 394.8 399.3 393.9 391.1 385.4 379.9 374.1 381.3 380.9 383.8 389.9 390 396.9 395.5 383.3 373.2 381.2 389.3 396.6 410.4 413.8 415.7 414.7 410.2 403.2 411.4 412.9 408.6 407.5 399.9 390.9 387.4 389.6 395.1 398.6
358.3 364.5 368.9 376.2 377.8 389.1 400.6 411.7 424 432.7 440.2 438.2 437.5 435.8 435.1 433.7 437.6 433.6 436 439.7 435.7 448 445.8 440.5 418 412.2 413.4 409.2 409.1 405.5 406.3 401.1 397.3 394.9 394.1 393.3 392.9 392.4 395.2 399.2 392.1 391.5 388.8 392.1 396.7 388.6 382.7 377.1 374.3 373.2 376.1 383.6 384.4 383.9 383.8 390.6 390.8 380.3 377.8 384.7 390.1 395.2 399 399.5 399.5 401.5 397.9 391.4 391.4 393.1 392.9 389.3 387.5 382.2 384.3 394.4 397.8 394.6
361.4 371.8 375.3 382.9 385.2 390.8 404.5 415.8 421 427.9 433.2 435.2 435.9 435.2 434.2 431.6 427.8 429.2 428.1 427.5 433.7 435 432.4 426.1 416 412 411.2 411.2 412.7 405 403.7 402.4 396.6 394.5 393.2 394.5 398.2 397.7 408.9 405.4 391.3 394 386.9 387.2 388.8 386.7 381.7 373.8 370.7 369.4 368.7 381.2 381.5 381.2 379.7 382.6 382.2 381.6 381.6 385.1 391.6 396.4 398.8 397.8 397.1 397.6 394.9 388.4 379 374.8 372.4 373.7 374.4 370.5 377.1 386 386.6 378
394.6 396.8 398.8 399.8 403.5 409.1 423.3 434.5 443.1 447.7 441.4 436.7 437.2 437.2 448.7 436.1 427.4 429.1 425.3 431.3 441.9 429.5 433.3 428.8 417.6 414.4 412.4 425.3 415.7 403.8 402.7 402.1 391.2 390.2 391.5 401.3 409.5 402.1 397.3 391.6 384.4 382.8 387.3 383.6 386.4 379.7 376.6 369.8 362.4 363.2 366.4 372.8 375.9 378.5 377.3 379.7 380.6 381.4 382.2 385.4 393.8 401.5 405 397 394.7 393.4 393.9 392.5 385.5 375.7 373.3 371.2 368.5 367.3 366.3 365.9 363.9 358.6
406.4 412.1 418.8 421.1 429.7 442.2 448.1 442.4 442.8 445.2 436.5 433.6 436.9 452.3 451 434.7 425.1 427.9 423.3 433.7 432 426.1 423.7 423.5 414.3 414.5 422.9 423 413.5 401.3 399.7 397.9 388.8 389.4 401.9 410.4 415.7 408.5 399.2 385.8 377.6 379.4 377.2 374 374.5 372.5 368 361.4 359.3 360.3 366.5 371.5 373.4 375.2 374.8 376.8 380 381 382.5 392.5 395.3 399.4 400 395.7 391.8 384.3 384.4 388.6 383.8 382.9 381.6 373.5 371.3 374 374.1 373.3 371.9 365.7
412.7 426.3 430.1 440 455.5 450.6 446 439.6 436.5 432.9 426.5 429.8 442.6 446.8 441.3 422.9 420.6 423.5 420.2 425.8 427.5 423.9 416.2 415.5 411.3 411.7 413.7 420.9 408.2 398 395.4 394.1 388.5 389.3 397.8 405.6 407.2 405.2 394.8 388.9 381.3 378.6 373 366.9 364.4 361.5 359.6 355.5 356.1 357.8 363.9 371 372.9 374.3 372.3 375.6 379.7 383.6 385.1 392.7 399.2 401.3 399.8 396.2 388.7 381.7 382.5 382.9 382.9 381.5 378.1 376.8 377.7 393.3 396.8 393.3 384.7 377
429 434.9 443 457.1 452.7 443.4 438.9 440.5 433.3 423.4 420.7 423.9 438.1 433.7 427.8 415.1 414.4 418.4 412 416.9 418.9 412.5 407.4 400.5 402.9 406.6 404.5 410.5 404.7 396 396.1 389.1 388 392.2 402 412 412 404.3 395.1 388.3 383.8 381.4 376.2 367.8 362.7 355.8 351.5 351.4 353.3 355.4 366.8 370.7 369 369.6 373.4 380.1 386 387.8 387.9 393.7 401.2 402.3 400.9 397.2 386.1 377.2 384.5 379.1 380.8 381.2 377.9 378.1 387.9 410 407.3 401 386.5 373.1
443.1 440.2 449.6 449.1 443.2 438 427.8 426.6 426.4 417.7 411.4 413.5 420.2 421.2 416.6 404.8 408.1 407 399.6 403.7 410.4 403.4 393.4 390.5 391.7 400 395.7 401.1 398.7 396.1 398 387.6 391.8 395.1 405.8 407.3 407.7 402.6 394.8 386.9 384.2 378.7 372.3 364.5 358.4 352.6 349 350.2 351 358.9 363.1 365.2 366.4 370.9 375.1 385.3 390 391.3 389.9 394.5 402.5 403.6 402.6 397.7 385.9 373.5 369 367.3 372.7 376.3 377.2 378 396.1 402.1 400.4 391.2 381 367.1
438.1 438.1 442.3 439.8 434.9 427.4 424.3 418.3 417.5 403.8 402.5 405.8 411.8 413.7 408.1 393.8 396.6 392.4 389.5 397.2 404.2 395.9 385.6 382.7 382.4 387.7 390.8 397 396.9 399.3 402.5 385.1 388.3 386.7 394.9 402.9 403.1 398.5 387.4 379.2 375 369.3 367.7 359.3 353.3 349 346.4 347 348.2 356 359.2 363.7 367.8 372.4 377.5 387.9 391.7 392.1 392 399.5 405.1 406.9 405.8 401.2 386 369.9 359 357.7 363.4 373.4 375.2 389.7 403.9 402.5 392.5 386.4 376.6 364.6
437.9 438.6 443.1 438.5 427 420.7 416.5 405.9 400 395.2 393.9 402.2 401.2 403 395.9 386.5 386.1 386 379.4 387.8 390.9 388.7 376.8 372.9 375.9 386.4 385.7 392.3 397 401.3 397.8 384.7 383 384.7 394.9 400 396.7 387.5 376.9 370.6 366.8 361.4 358.7 352.6 348.5 345.7 343.1 343.7 345.8 353.8 359.2 364 369 374.8 380.3 390.1 392 393.5 400.8 408.1 411 417 413.9 402.9 384.5 367.7 355.1 351.2 355.7 368.9 371 393.1 402 392.8 388.6 381.3 373.6 359.9
432.6 435.9 437.4 430.9 421 412 402.6 398.8 387.9 386.2 387.7 394.8 392.8 391.1 389.8 384.4 383.4 371 368 370.8 380.3 379.4 370 368.1 373.3 375.4 385.5 392.6 398.9 398.8 394.3 380.4 378.5 382 387.4 388.7 384.9 378.2 370.4 366.3 362.7 356.8 351.7 347 344.2 341.4 340 340 345.2 353.7 359.4 364.5 369.9 375.5 381.7 388.5 392.7 395.3 408 411.4 422.8 422.8 414.6 401.2 381.6 364.1 352.6 347 349.5 361.9 364.2 385.2 390.2 382.8 375.5 370.3 359.6 355.3
427.2 428.1 430.5 423.1 412.9 397.3 393.3 388.1 372.6 372.5 377.5 379.2 381.5 386.1 379.9 382.5 371.8 363.5 362.1 360.5 366.6 367.5 365.2 368.4 366.1 366.3 376.2 386.9 390.2 395.5 389.9 376.5 371.1 374.7 379 380.5 377.1 370.7 365.6 360.9 356.5 352 347.2 343.6 340.7 337.8 335.7 338.3 345.6 353.6 359.9 365.4 370.8 376.3 388 393.5 394.4 403.9 410.5 426.9 429.4 422.7 411.6 398.9 381.6 365.7 351.7 343.1 344.7 358.9 354.5 370 378.6 371.7 365.7 356.5 351.9 347.2
418.3 419.9 420.6 409.6 403.2 390.7 385.7 376.4 361.5 361 367.3 366.6 372.3 378.1 372.8 376.2 364.9 357.9 353.2 348 353.7 361.6 363 367 365 363.7 369.6 370.4 376.3 381 373.7 367 365.6 370.7 377.6 380.8 374 367.4 363.7 359 351.2 348 343.7 341 337.5 333.2 330.9 338.7 346.2 357.1 362.6 367 375.1 384.6 392 391 403.2 409.2 426.8 434 426.9 420.6 410.2 397.8 384.2 369.1 353.4 341.6 347.4 354.6 348.2 353.8 360.1 358.8 352.3 346.7 345.4 339
409.1 406.4 401.4 398.4 392.2 384.2 375.9 365.7 353.4 352.3 357.3 357.6 359.2 365.9 371.1 366.7 361.8 353.8 347.8 341 349.5 357.3 356 359.2 363.6 363.6 365.7 365.7 365.5 363.8 362.5 360.6 366.4 372.2 380.1 373.9 366.7 364.2 360.8 356.8 349.3 345 340.9 336.6 331.8 329.6 335.1 339.9 352.8 361.4 365.5 369.7 379.6 385.9 388.9 394.5 404.7 421.1 430.7 426.3 423.9 417.7 410.5 398.5 387.9 374 356.3 341.8 337.1 344.5 342.1 343.3 352 351.2 345.1 339.7 341.6 330.8
392.2 389.5 395.9 395.2 385.4 376.6 366.2 351.4 345.1 341.9 344.2 348.8 354 361.6 363.2 362.5 359.2 347.3 342.7 333.1 342.2 348.5 349.1 352.4 361.2 363.8 373.2 364.6 362.3 358.9 356.9 360.6 366.6 366 368.7 365.9 364.8 363 359.4 354.4 349.4 343.8 338.3 333.4 328.3 331.3 336.1 344.2 354.9 362.4 367.2 371.1 378.9 383.7 387.5 398.2 409.9 421 424.9 425.5 421.5 418 410.7 400.5 392 379.5 361.9 343.5 333 329.6 328.8 332.4 345.6 344.2 338.4 334.8 334.2 329.2
385.1 383.4 387.4 383.7 376.7 369.6 357.4 346.3 339.5 338.1 337.2 339.6 344.2 351.3 361.4 356.1 348.4 340.9 334.5 327.5 333.9 339.7 344 346.3 355.9 359 363.6 358.4 356.9 355.4 356.7 357.6 363.6 363.9 364.9 364.2 363.1 361.6 358 352.4 345.9 339.6 334.4 330.6 327.7 328.6 337.2 344.8 355 362.4 368 372.4 376.6 381.5 391 400.6 412.3 422.1 425.9 426.5 420.8 418.1 415 405.3 393.8 380.7 365.3 347.9 332.3 324.3 321.8 323.1 337.8 340.1 333.9 331.1 336.4 322.3
377.1 376.4 382.9 376.4 369.1 366.6 357.7 339.4 336.7 332.3 328.4 334.6 341.7 352.6 354.1 348.1 341.7 333.2 319 321.3 329.9 342.2 345.9 343.2 349.4 359.4 359.6 354.7 352.8 349.4 352.4 357.6 364.2 365.8 365 362.1 361.2 360.5 355.1 347.2 341.5 335.6 331.3 328.7 326.1 329.5 337.2 345 355.3 361.8 366.5 370.4 375.7 382.4 392.9 403 412.4 427.1 428.7 424.7 420.8 427.4 418.4 406.3 393.5 378.2 364.7 347.5 330.9 321.4 312.1 317.6 332.6 336.5 332.1 327.5 333.8 319.2
368.6 367.5 366.9 368.1 370.4 365.5 343 327.8 327.3 319.9 321.5 324.7 329.1 337.9 341.2 332.6 334.6 325.9 314.6 314.7 325.1 334.5 337.7 336.2 347.8 357.2 356.4 354.4 347.6 349.9 364.3 367.9 368 366.3 363.6 360.2 360.9 360.7 352.4 342.7 337.6 332.3 329.8 326.4 326.1 330.1 337.1 345.2 355.7 360.6 362.7 366.6 375.9 383.8 392.5 403.5 418.5 427.1 431 421.4 424.8 426.9 413.7 403.4 391.3 375.9 362.3 344.9 329.1 317.3 304.1 313 325 332.7 330.1 325.2 323.2 317
362.4 360.3 363.6 374.1 368 351.1 333.9 315.4 309.3 305.4 307.9 310.3 312.6 321.2 322.7 325.6 326.6 319.3 311.4 311.4 310.9 321.2 328.1 325.7 339.8 347.9 349.2 346.3 344.1 350.4 366.8 369.3 367 364.6 361.1 357.4 355.6 351.9 344.3 338.5 333.8 330.9 328.8 325.2 326.3 329.7 337.8 346.8 353.4 357.4 358.6 364.3 375.3 385.7 391.9 401.9 416.4 425.9 423.5 416.9 419.9 422.1 410.6 398.1 386.2 373.7 359.5 342.2 325.9 312.7 297.2 302.3 321.6 328.8 327.6 314.9 312.9 312.9
348.9 351.1 354.8 357.2 345.3 335.3 322.1 307.7 299.3 299.5 299.1 302 304.5 310.9 314.7 317.1 319.2 312.4 303.6 304.1 305 317.1 320.9 322.9 334.5 342 343.6 339.6 344.4 356.7 360.5 361.9 361.8 359.8 358 355.1 351.3 344.4 338.4 335 330.9 328 326.2 322.2 326.1 330.1 338.5 348.5 352.3 353.4 355.2 362.2 372.3 382.9 395.4 401.1 412.6 423.1 416.8 406.5 410.9 412.8 405.9 397.5 383.3 370.1 355 337.9 321.1 306.3 290.9 297.2 319.6 326.1 323.7 306.9 302.5 309.3
344.3 339.6 339.5 333.2 330.8 325 309.5 298.2 290.3 292.8 289.6 294.1 297.2 305.5 312.3 312.8 311.4 311.6 303.1 299.3 297.4 305.2 310.2 317 324.3 332.3 336.4 335 342.4 350.3 354.9 355.3 356.8 356.1 355.2 351.7 348.1 340 334.6 331.3 327.9 324.9 322.1 320.2 324.6 330.2 338.5 346.9 349.7 350.4 351 360.6 372.6 383.6 394.9 398.8 414.6 422.9 410.4 398.5 398.1 401.1 398.9 391.3 375.4 361.9 347.4 331.2 321 302.8 290.9 293.6 317.9 320.5 317.1 304.3 297.6 303.7
337.4 332.2 322.5 320.7 319.6 314.6 300.1 287 283.7 284.2 286.5 290.1 296.7 311.3 315 312.8 311.5 304.5 300.2 297.1 294.2 296.1 303.5 310.9 314.3 324.3 333.5 335.3 339.8 345.1 350.5 349.9 352 351.6 351.3 349.2 343.8 335.7 331.1 328.2 325 323.1 321 319.2 322.7 329.9 337.2 342.1 346.6 347.6 348.6 354 368.8 379.7 386.6 403.4 411.1 411.4 406.2 392.3 393.7 397.4 395.2 380.6 365.3 352.9 345.3 337.1 321.7 301.9 289.8 292.6 308.5 313.8 312.6 297.3 290.7 297
321.4 310.8 306.6 306.6 309.3 306.3 294.9 282.4 277.9 275.7 281.5 288.8 296.7 306.8 313.6 311.4 307.6 299.7 298.7 292.4 291.4 294.6 305.4 309 310.3 325.8 332.5 335.5 339.7 345.3 348.7 349.6 349 348.7 347.8 344.9 340.3 333.2 329.6 326.2 323.6 321.6 319.5 317.7 321.7 329.2 338.3 341.7 343.6 344.9 346.1 352.9 365 381.7 394.1 410.3 413.4 413 408.1 384.2 377 374.9 376.1 365.2 358.7 355.9 346.4 337.3 320.8 301.3 289.3 290.3 304.3 315.3 307 294.5 292.4 305.1
312.3 303 293.5 294.2 301.3 299.9 286.6 275.5 273.1 272.4 274.8 285.5 294.1 308 306.3 306.2 300.7 295.7 292 290 292 303.8 308.5 308.8 313.7 325.3 333.5 336.8 340.2 349 350.5 350.6 348.1 345.7 344 341.5 336.6 332.5 328.5 325.5 322.8 320.2 318.3 317 322.2 331.1 339 340.7 341.7 342.4 345.5 355.8 376.6 385.6 401.5 410.3 413.8 408.8 393.8 381.7 376.2 370.4 366.5 363.3 362.1 354.5 341.8 329.7 317.2 301.8 290.4 289.9 299.4 307.6 302.4 293 294.2 304.3
306.9 295.7 289.4 291.1 297.5 289.8 282.6 274.8 271.3 270.8 272.8 277.6 284.8 292.4 298.1 298.8 296.4 294 290.6 289.8 293.3 296.9 300.5 310.5 319.8 327.2 332.5 336.4 336.2 348.6 349.6 347.2 343.2 343.1 341.4 339.9 336.1 331.9 327.7 324.5 321.9 319.3 316.6 316.5 325.4 333.3 339 340.2 340.8 341.2 352.4 365 376.4 386.2 396.3 403.7 403.6 403.3 394.1 385.1 376.8 372 364.3 364.5 355.1 342.1 333.6 322.3 315 307.5 299.4 285.9 292.6 299.4 301.4 288.3 291.2 303.3
