Game/Highland_Data/StreamingAssets/GeoData/Data/nh/NH44.asc
ncols 200
nrows 200
xllcorner 240000
yllcorner 840000
cellsize 50
[rows 108 to 143 of 200, columns 80 to 159 of 200]
205.9 205.1 206.2 197.2 196.4 206 204.1 202.9 197.5 198.4 202 205.5 211.7 214.1 215.8 219.2 223 224.3 228.3 240.3 256.7 266.7 263.5 261.5 257.1 253.2 249.6 243.5 238.7 235.6 225.4 217.2 206.1 200.8 188.3 180.4 172.1 163.4 157 149 144.7 146.5 145.8 144.6 142.2 139.3 136.4 133.2 127.4 122.8 119.7 114.8 110.5 105.6 100.1 100.4 102.9 101.8 97.8 97.3 93.9 90 82 78.9 66.8 82.9 80.9 84.6 97.9 99.1 99.5 99.5 98.3 94.4 94.4 91.3 90.3 86.9 78.5 74.8
211.4 215.2 205.5 197.9 196.6 203.2 203.6 202.6 197.8 205.5 211.7 216.8 221.7 222.9 226.2 225.9 229.7 229.5 239.1 247.5 262.5 264.8 264.7 264.5 261.1 255.1 245.9 233.7 227.7 225.9 216.4 210.4 198.8 190.5 180.5 175.6 168.1 159 152.8 150.2 152.7 150.1 148.8 145.7 144 141.1 136.4 130.7 125.7 120.3 116.4 112.4 105.3 101.5 100 108.6 107.9 104.4 99.9 96.9 94.5 91.5 86.7 83.1 82.7 65.2 82 82.6 93.1 100.1 99.6 99.2 99.7 95.7 90.1 88.2 85.5 80.6 75.2 70.7
220 210.7 205 200 198.6 201.8 204.3 201.6 202.7 212.1 223.2 229.5 233.6 235.1 236.9 234.5 233.3 233.4 243.9 253.9 266.4 268.2 268.9 266.6 256.6 246.9 237.2 230.5 215.5 218.3 203.4 198.1 186.9 183.6 180.7 172.5 162.9 157.9 154.8 154.4 153.9 154.3 151.1 149.7 145.7 140.1 134.5 128.8 123.7 119.4 116 109.2 107.8 110.7 111.6 111.4 109.1 106 99.5 93.2 90 88.5 85.7 82.3 83 60.4 81.2 79.7 85 94.8 97.9 100.8 99.6 96.1 90.1 88.3 86.1 78.3 72.8 63.9
215.4 210.9 204.5 203.2 205.1 203.6 204.2 202.4 207.7 215 230.3 240.5 247.9 245.9 244.4 244 239.7 240.7 250.8 260.1 264.4 267.3 263.3 254.2 249.2 240.1 234.2 221.7 209.3 200.8 197.9 191.3 183.1 179 173.6 166.2 162.1 161.9 158.4 158.1 157.6 158.1 154.8 148.7 142.9 137.1 131.6 127 123.3 116.7 113.3 116.6 116.5 113.6 114.6 113.6 107.2 98.7 93.8 92.8 90.1 88.7 84.6 85.2 84.6 64.7 34.7 41.8 66.6 83.5 94.1 96.6 98.6 96.2 88.8 86 77.5 68.6 56.2 60
215.7 210.6 206.9 213.2 208.3 204.3 204 207.5 214.7 219 230.9 242.4 245.3 246.6 246.1 245.4 244.4 246 254.4 256.5 254.4 251.5 246.3 245 239.4 233.7 225.7 214.4 206 199.9 194.1 184.2 178.2 171.7 168.6 166.4 164.8 163.3 163.7 162.4 162.5 158 152.2 145.9 140.8 135.9 131.2 127 117.1 116.5 122 121.1 117.5 117.4 112.9 104.7 99.8 100.3 98.1 95.7 95.4 93.7 94.2 96.9 90.9 87.1 84.9 79 40.2 66 82.9 87.2 94.4 92 87.7 78 64.2 57.6 52.1 47.2
215.4 210.5 213.7 216 212.2 208.4 209.3 212.6 223.6 227.6 238.1 246 248.2 248.2 247.3 246.9 246.1 246.1 248.5 248.6 245.3 244.3 241.4 237.3 231.4 223.7 217.8 213.1 206.6 198.2 187.2 180.2 174.6 171.8 170.1 167.4 167.6 167.8 168.3 165.8 160.2 154.9 149.3 144.6 139.4 132.9 123 119.1 125.4 125.6 125 120 120.2 115.2 105.3 107.2 113.2 119.4 116 111.4 106.3 105 104.1 101.4 98.5 93.6 89.5 84.4 79.6 30.7 56.5 67.6 78.6 77.2 74 66.5 55.6 44.2 40.3 28.9
216.3 221 219.4 220.6 220.4 218.9 214.4 219.8 226.6 231.1 238.7 244.3 247.6 248.1 247.4 247.1 247.3 247.6 248 241.2 237.2 239.2 237.3 231.6 223.1 220.2 218.1 214.2 205.2 192 184.6 181.6 176.8 172.5 171 170 170.1 171 170.2 164.1 158.5 152.9 149.4 144.8 136.1 125.2 129.8 131.5 130.6 129.4 127.9 123.5 126.1 117.8 116.5 129.3 130.1 130.2 130.5 127.2 123.5 121.7 118 114.8 104.9 98.3 93.1 86.6 79.9 74.6 55.4 39.6 57.1 59.9 56.8 48.5 43.3 30.9 27.6 27.5
226.5 226.5 221.7 222.3 225.1 225.4 218.4 221.9 229.3 232.9 237.9 242.6 246.9 249.1 247.7 247.4 248.2 251.5 252.2 239.5 235.5 234.9 232.1 226.5 221.3 220.3 218 211.6 199.1 200.1 190.3 182 176.7 174.7 172 170.1 170.3 168.6 163.6 161.8 158.9 154.8 147.3 137.8 129.8 137.3 136.8 136.3 136.1 133.6 128 128.8 129.1 122.5 128.4 140.1 138.8 138.5 139.2 137.9 135.6 129.8 125.2 119.7 116.5 109.6 96.3 87.9 77.4 69.9 64.7 48.7 34.2 47.8 42.2 30.3 27.4 27.6 29.4 33
232.7 224.9 222.1 226 226.9 227.4 220.5 222.8 230.2 236.4 239.6 243 246.4 250.1 249.4 249.6 248.2 246.5 243.5 237.1 232.9 229.8 226 222.8 225.2 223.4 214.5 204.9 198.3 196.4 190 182.8 176.5 172.3 169.4 167.9 167.4 168 169.7 167.4 158.2 150.3 142 132.2 143.4 142.5 141.5 140.4 137.6 132.9 131.4 135 129.4 116.8 143.5 148.2 146.1 145 145.9 146 143.4 138.5 129.5 125.9 124.6 117.1 104.3 85.9 72.3 63.6 57.2 48 39.6 28.8 28.9 27.4 27.5 33.5 33.8 33.7
228.7 224.4 222.2 224.3 224.4 224.3 221.8 222.1 233.6 239.3 241.9 243.2 248.2 250.9 251.5 251.7 251.9 246.3 240.9 235.6 229.6 225.3 218.1 219.3 224.2 216.9 206.6 199 194.3 192.4 188.6 182.2 175.2 169.4 167.6 167.9 173.4 175.6 169.7 158.9 151.3 146 140.5 139.7 143.8 144.4 144.8 140.3 135.6 135.7 135.8 135.6 123.6 135.8 155.2 155.9 153.4 153 152.4 150.2 145.3 136.3 129.1 130.3 123.4 110.5 93.4 76.4 60.9 51.3 48.2 45.8 38.5 30.2 27.4 27.5 30.9 35.1 34.8 43.9
223.8 222.7 222.2 224.1 224.3 223.7 223.3 224 236.3 240.8 242.5 243.7 248.5 251.3 250.5 249.8 250.2 244.8 238.6 233.6 225.4 218.1 209.9 213.4 214.9 206.4 198.4 193.3 189.6 187.8 184.9 178.7 170.6 166.3 168 170.1 178.7 169.4 160.8 153.1 151.1 140.3 142.5 152.1 149.6 143.3 141 139.3 140.3 139.5 137.6 129.2 135.7 155.2 162.7 163.6 161.9 160.3 156.2 150.2 143.4 141.1 126.3 117.1 107.2 95.6 83.9 71.1 56.6 49.1 44.8 42.2 37.9 29 27.4 27.4 35.8 35.9 45.6 45.9
223.6 222.7 222.3 225.2 227.7 228.5 225.2 232.3 238.5 242.4 243.6 244.1 247.1 251.2 250 248.6 246.5 242 233.9 227.4 219.7 209.3 202.3 201.4 200.2 195.3 189.8 188.2 186.2 183.1 178.4 172 166.5 162.3 158.8 165.3 168.7 158.5 149.4 147.3 144.8 145 158.4 160.7 157.7 152.7 150.2 145.6 144 139.6 130.7 137.5 157.3 167.1 173.5 171 168 161.8 155.1 148.6 148.3 142.8 130.3 114.8 107.5 94.3 79.9 66.9 56.6 50.2 44.4 40.9 33.4 31.1 27.2 34.3 37 41.9 46.5 46.1
223.7 223.3 223.3 224.1 224.8 225.8 226.3 238.1 245 247 249 251.2 252.4 251.2 250.5 250.8 246.7 238 228.9 220.8 213.2 205.9 194.4 193.2 191.3 188.6 186.5 183.6 179.5 174.4 169 165.2 161.5 161.4 161.5 155.2 152.6 153.6 154.9 154.9 158.8 157.6 164.7 165.8 162.5 157.1 151.8 148.9 144.4 136.5 145.4 163.1 172.8 179.3 182.4 174.6 166.3 159.1 153.8 153 151.6 147.3 138.9 125 116.8 101.9 80.7 61 53.9 48.9 44.3 40.8 32 27.4 27.4 39 39.7 47.6 46.6 46.3
223 222.6 222.5 223.5 224.6 226 228.1 241.2 245.9 246.8 254.7 257.2 256.3 249.6 256.6 254.6 244.5 233.7 223.6 215.9 208.1 200.7 190.8 187.4 187 184.5 181.8 178.3 174 169.2 165.9 167 167.8 169.2 171.1 170.7 168.7 168.7 170.7 171.9 169.8 162.8 172.1 170 163.9 158.6 155 151.5 143.7 141.1 164.6 178.4 188.2 188 179.1 169.3 162.4 157.4 157.1 157 155.3 150.8 145.6 134.8 127.3 113.1 95.8 76.8 54.8 49 44.6 34.9 30.9 27.4 34.2 43.2 46.6 48.7 47.7 56.6
222.2 221.8 221.7 222.9 225 226.7 232.4 240.7 240.9 240.6 242.4 246.1 248.8 248.7 255.1 247.2 238.7 227.7 217.7 209.6 201.9 193.8 185.5 184.4 183.1 178.7 176.1 173.2 172.3 172.5 172.6 173.4 177.2 180.5 184.6 185.2 179.5 175.8 174.2 171.4 171.6 175.3 175.4 168 162 160.6 157.6 152.9 140.5 159.1 178.3 190.6 193.7 183.3 172.7 165.6 160.6 160.6 160.9 160.8 165.5 166.1 155 145.3 135 117.7 109.4 85.3 66.9 47.9 43.4 34.7 27.4 31.4 43.7 48.3 50.9 52.6 57.1 64.7
222 221.5 221.1 224.1 228.8 236.5 239.6 239.1 234.5 237.6 239.5 240.7 238.6 242.6 243 234.9 227.8 219.4 211.6 203.1 194.8 187.2 183 181.5 179.3 176.1 176.4 177.2 177.5 177.9 179.6 185.7 193.1 196.3 197.3 195.3 189.2 187.5 187.9 190.4 186.2 175.7 167.5 163.6 159.5 158.5 150.9 148.2 157.9 173.9 188 191.9 185 175.1 168.3 165.1 165.5 165.3 166.8 172.9 183.8 177.9 162.6 151.3 140.5 119.7 106.6 83.2 64.6 45.7 33.4 27.4 33.8 47.4 52.2 55.8 58 61.1 65.3 74.7
221.2 218.5 218.5 222.7 233.1 243 243.7 236.2 230 231.7 233.1 233.7 231.7 230.8 227.3 223 217.6 208.4 200.2 192.9 188.8 183.2 180.4 178.8 177.6 181.5 182.3 183.8 184.3 187.7 196 199.5 202.6 203.3 205.6 203.2 196.3 190.8 197.9 191 178.1 171.8 173 171.9 165.3 160.4 161.7 160.3 171.8 185.7 186.8 181.9 174.4 170.3 168.8 168.8 169.9 171.7 176.6 189.2 192 185.5 166.9 153.6 138.3 112.5 98.9 73.4 51 27.4 27.4 37.6 53.3 57.3 60.8 62 64 65.9 69.2 86.9
220.4 216.8 215.4 219.4 233.7 241.1 240.7 232 229.5 223.8 219.1 219.4 220.1 217.9 214.4 209.6 202.8 193.4 189.3 187.5 184.6 181 179.5 178.9 180.4 184 187.6 189.8 192 198.3 202.6 207.1 209.1 209.5 213.5 213.2 209.5 199.2 187.8 186.7 179.7 177.1 175.3 174.6 172.6 164 163.5 170.3 178.6 182.4 179.3 176.9 175.5 173.9 173 174.2 175.9 179.2 183.9 191 192.4 187.4 166.8 152.3 133.5 109.9 92.2 59.9 27.4 27.4 54.2 51 59.4 64 65.4 66.3 66.9 68.7 80.9 90.8
219.4 217.2 214.7 225.2 234.7 236.8 234.7 229.9 225.9 221.3 209.2 202.4 207.5 205 198.3 193.9 190 186.8 187.8 185.7 182.3 179.8 180.4 181.8 184.3 188.1 192 194.9 201.5 206.6 209 213 212.9 217.6 218.7 213.4 205.8 196.2 188.7 187 184.5 178.6 176 176 165.4 165.3 167.8 172.6 178.4 179.6 182.6 181.9 178.8 177.8 178.4 179.8 182.2 184.7 187.8 191.4 187.1 177.6 160.7 145.3 128.6 102.8 87.3 42.3 32.4 51 55.9 52 56.9 67.3 68.7 69 72.4 82 91 97.6
217.6 213.9 213.4 221.4 231 231.6 227.4 224.8 219.2 213.6 203.8 197.5 194.7 190.1 189.5 186.2 185 186 185.5 182.8 182.3 183.9 184.4 186.3 190.2 193.5 196.8 206.8 209.9 211.2 209.9 214 213.9 216.7 213 205.2 199.5 193 191.3 189.2 182.4 174.2 168.5 167.4 166.9 167.8 171.1 176.2 185.6 189.8 189.6 183.1 180.6 180.6 181.7 183.2 185.9 186.9 187.4 185.5 180.7 170.5 153.3 135 118.4 97.8 72.8 46 42.4 55.7 55.7 54.8 61.7 70.8 70.6 74.3 81.4 91.3 96.1 101.1
217.8 213.4 213.4 218.5 224.3 223.8 218.5 214.4 212 205.6 199.7 194.3 190 187.1 185 183.9 183.6 183.4 183.1 184 185.8 187.8 188.9 192 195.3 199.1 206 211.7 212.2 212.7 209.2 211.6 213.5 210.2 204.5 200.9 198.3 194.9 191.8 185.2 176.8 173.1 171.9 170.8 170 170.1 174.1 180.8 190.1 189.2 186.5 184.7 184 182.7 182.9 187.8 187.5 191 194 188.6 180.8 163.5 145.2 125.3 106.8 90.3 61 42.4 42.4 57 58.4 62.1 71.3 73.4 75.2 81.4 91.1 98.6 102 104.6
216.4 213.3 218.1 219 219.6 217.3 215.3 210.7 206.6 202.1 196.8 192.3 188.6 185.6 184.8 184.8 184.8 185.3 186.7 188.7 190.5 191.6 193.4 195.7 198.9 205.4 212.3 212.3 211.2 207.8 207.1 207.1 207 205.3 204 203.2 198.4 191.8 186.5 181.6 178.3 177 174.8 172.6 171.5 171.6 175.6 182.8 187.3 188.7 188.7 187.4 185 184.8 190.4 189.9 189.8 199.3 198.3 189.1 173.3 154.7 135.6 115.8 94.7 77.1 58.3 42.4 42.4 60.9 63.6 70.6 74.2 78.6 88.4 96.2 102.2 108.2 110.5 108.4
205.5 212.4 216.9 217.5 214.9 212.1 210.2 206.9 202.9 197.4 192.8 189.7 187.7 187.1 187.4 187.4 188.1 189.8 192.5 193.9 195.3 195.1 195.5 199.1 203.7 215.1 214.9 209.3 206.9 205.8 204.9 203.9 204.7 207.1 203.9 196.5 191.7 188.3 186.5 183.4 181.3 179.2 177.1 174.9 173 174.2 180.7 186.8 188.9 189.8 190.7 188.3 185.8 191 191.3 192.2 193.8 197.1 192.6 182.2 164.5 144.1 125.8 109.3 86.6 64.9 53.9 42.4 42.4 63.4 68.5 73.4 82.8 92 102 107.8 114.4 118.8 115.6 114.3
203.3 207.5 210.4 210.3 208.9 207 205.3 201 195.8 193.3 192.4 189.1 190.7 189.9 190.5 191.7 193.6 195.8 198.3 198.9 198.2 197.9 197.6 201 204.9 207.1 209.9 208.7 207.5 205.3 204.2 202.7 200.6 198 196 194.6 192.9 191.6 191.3 187.9 184.3 181.2 178.6 176.2 175.2 178.6 185.9 193 195.4 196.1 194.2 187.9 187.8 191.1 192.3 192.3 196.6 191.8 185 168.4 150.7 132.9 115.1 97.5 69.3 59.3 48.3 42.4 45 68.1 78 89.3 98.1 103.9 113.1 121.7 126 124.1 119.9 116.4
201.7 203.7 203.3 202.4 203.8 201.9 200.2 195.1 193.5 192.1 192.1 193.2 194.1 193.1 194.8 197.6 200.4 202.6 203.1 201.2 198.9 199.2 210.3 217.7 216.6 216.9 214.6 211.4 207.3 204.2 202.4 200.9 199.5 199.6 200.9 199.5 198 196.1 194.7 191.8 186.7 181.9 179.4 177.6 177.6 182 190.2 196.6 197.6 198.5 193.4 189.1 189.6 192.1 192 190.5 188 182.2 169.8 154.9 139.1 122.9 104.1 78.6 64.3 53 42.4 42.7 50.9 75.3 89.5 106.3 112.9 118.5 125.8 131.2 131.7 127.5 122 116.4
202.6 201.6 200.4 200.3 200.7 197.7 195.6 194.7 194.3 194.8 196.2 196.8 197.9 200.1 203 205.6 207 206.8 204.7 202.7 203.7 215 229 227.7 224.9 220.9 212.7 208.1 204.7 202.7 203.3 206 207.3 208.1 206 204.2 202.1 199 195.7 192 187 183.7 182 180.1 180.9 184.8 189.8 194.1 197.6 196.2 190.2 188.2 188.2 189.4 188.2 186.5 179.8 169.1 155.1 145.3 129.5 113.2 90.4 73.2 60.4 45.8 42.4 42.4 62.7 82 101.1 115.2 121.3 127.7 133.5 136.7 134.1 128.6 122 117
205.3 202.7 199.3 198.5 198 197.9 197.8 197.5 197.9 199 201 203.9 206.5 209.3 211.1 211.7 210.1 208.6 207.8 207.2 212.9 225.4 230.5 227.8 220.4 212.9 208.4 205.7 204.3 204.3 210.1 216.7 214.8 210.5 208.3 205.6 202 198.9 195.4 192.2 187.6 186.1 184.5 183.8 184.8 187.7 191.3 194.1 194.8 191.3 188.8 187.2 187 186.8 186.5 184.9 178.3 163 150.6 140.4 122.2 100.4 73 73.8 58.7 43.4 42.7 58.3 71.3 91.7 118.2 134.9 136.4 136.5 141.4 139.4 136.7 130.3 124.2 118.7
201.8 199.8 199.6 199.4 199.9 200.7 200.6 202.4 203.8 207.5 210.1 212.7 215.5 216.5 215.3 212.5 212.1 212.6 212.4 211.4 212.6 215.7 222.4 217.2 211.9 209.8 207.8 206.4 206.2 208.9 214.2 219.6 214.1 212.7 213.6 207.7 200.3 196.6 194.3 191.5 189.9 188.5 187 187.5 190.5 192.4 195.1 196.4 195.1 190.7 187.3 187.3 187.4 186.9 186.9 185.4 176.1 157.2 145.1 138.1 114.4 83 67.3 59.9 43.5 43.1 58 73.3 80.8 101.7 133.3 147.9 144.5 142.7 143 142.2 139 132.6 126.1 121.1
201.5 200.4 202.8 202.6 203.2 203.4 206.9 211.8 216 219.5 220.6 221.1 219.2 216.9 215.9 215.8 216.7 215.3 214.2 213.7 213.5 213.4 212.6 212.2 211.4 210.1 208.8 208.2 208.2 210.1 214 215.3 208.6 207.8 204.2 200.6 197.1 195.6 194.6 193.9 192.2 190.4 190.6 193.7 196 196.7 198.9 199 194.8 188.2 188.7 188.5 187.9 189.1 188.5 186.8 171.8 154.2 142.9 129.4 99.3 66.5 43.1 43.4 43.1 55.3 70.3 81 91.4 108.6 138 153.7 154.6 146.7 146.5 147.1 139.4 134.6 131 129.1
202.9 201.8 204.9 206.1 206.5 208.2 219.1 225.2 227.5 227.7 226.3 221.4 218.9 222.2 222.9 221 219.2 217.2 216.5 218.7 217.9 216.3 214.3 213.5 213.3 212.8 211.2 209.4 209.1 210.3 210.8 208.5 204.9 204.3 202.9 199.3 197 198 198.1 196.4 193.5 193 198.5 200.1 200.1 203.8 202.7 198 191.3 188.7 189.1 190.4 194.5 196.4 192.6 182.3 169.7 150.5 137.1 113.5 77.7 51.7 43.3 44 59.2 70.8 82.4 92.5 102.1 119 137.3 151.3 155.5 151.4 149 146.2 141.1 135.9 134.7 137.4
206.2 204.1 207 208.4 211.1 218.4 231 235.2 234.2 228.3 223 221.8 222.8 224.7 224.5 222.4 220.1 219.8 221.6 223.5 222.3 219.7 217.5 216.4 216.4 216.4 214.1 211.3 210 209.4 207.5 205 203.5 202.2 200.8 201.4 201.7 201.8 201.6 198.5 199.8 203.4 204.4 204.4 206.1 206.4 202.1 195.3 189.3 190.5 190.9 194 203 206.1 194.2 179.7 162.6 150.8 129.2 94.5 62.1 43.4 47.7 72.3 79.9 85.6 93.1 101.2 112.5 126.9 138.6 149.4 154.9 153.3 150 145.1 140.9 138.8 137.8 140.2
207.1 208.3 210.7 211.8 214.9 221.9 227.2 227.4 226.7 224.5 224.6 223.5 225.4 226.2 224.3 223.1 226.6 226.3 225.6 225.1 223.4 221.6 220.6 219.4 219.8 218.4 216.2 213.8 211.6 208.8 206.6 204.6 204.2 205.1 204.3 204.5 204.2 203.7 201.3 201.4 205.3 209.7 211.9 211.6 211.6 208 202.3 193.9 189.5 189.4 191.9 199.9 207.8 208.7 197.8 174.9 157.7 147.9 108.2 69.4 50.5 43.2 73.8 82.3 88.1 91.3 101.2 114.3 119.8 125.5 135.4 145.2 150 149.3 147.7 145.5 141.6 139.6 139.9 141.8
213 214.7 216.6 218.3 220.2 222.3 224 224.8 224.9 224.7 225.9 227.4 227.1 228.1 228.8 230.5 232 232.4 230.6 227.8 224.3 222.3 222.4 222.4 221.6 220.3 217.8 214.7 211.8 208.9 206.5 206 207.3 206.6 206.8 206.9 205.6 202.5 200.9 203.2 208.8 213 217.1 216.4 214.8 209.8 204.5 195.3 189.4 189.7 195 202.7 214.2 216.4 204 175.4 138.9 118.4 87 59.7 43.5 57 86.8 94.5 92.3 96.5 105.7 115.1 122.5 127.8 134.1 142.5 144.5 145.3 148.7 145.9 141.4 139 140.2 142.6
220.4 221.6 222.3 223.5 224.4 225.6 225.6 225.9 226.7 229.4 232.2 231.6 228.5 232 234 233.8 235.3 234.1 231.9 228.2 223.2 225.6 224.9 223.2 222.3 219.4 216.6 214.7 212.9 209.4 207.2 207.2 207 207.5 208.4 209.2 204.6 202.6 207.4 217.2 223.8 224.1 220.9 218.7 216 213.5 210.3 191.2 187.2 189.4 195.6 203.1 217.1 213.9 198.5 183.2 137 101.5 76.1 53 43.2 77.3 90.9 96.8 86.5 91.9 100.6 116.6 126.7 127.2 132.2 133.6 138.6 143.2 147.7 140.1 138 134 135 135.5
230.2 228.3 228.9 228.8 229.4 230 229.2 229.2 230.3 236 234.4 231.2 230.6 235.9 237.4 237.7 236.3 233.6 231.7 229.7 222.5 222.2 223.3 223.5 220.5 218.5 218 217.6 214.2 210 208.2 207.3 208.4 209.6 210.2 211.6 205.2 207.7 220.5 225.5 225.9 221.3 220.7 220.7 216.7 213.9 197.9 186.8 186.3 189.9 197.2 209.9 217.3 211.4 194 177.8 136.7 98.6 74.4 55.7 43.2 77.9 81.2 90.3 85 87.1 109 126 122.6 119.6 128.6 129 135.5 136 135.2 135.6 129.6 126.9 128.2 128.3
236.5 237.3 238.2 238.2 237.7 236.4 233.1 232 233.1 234 234.1 232.8 233.8 238.8 242.1 239.3 235.8 234.1 231.9 230.4 221.4 221.9 221.2 219.2 218.9 220.3 220 215.1 210.6 207.6 208.9 209.1 210.1 212 215.5 211.7 208.9 217.7 220.3 217.6 217.9 220.5 221.6 218.8 215.4 206.3 188.4 184.6 186.6 192.6 200.9 208.9 214.6 207.2 194 164.2 132.5 121.3 85.1 66.1 43.6 43.1 58.9 79.3 80.4 100.1 121.6 125 123.3 111 117.8 120.2 125.6 118.3 118.7 116.9 115.3 117.9 122.3 127.9
