Game/Highland_Data/StreamingAssets/GeoData/Data/nh/NH45.asc
ncols 200
nrows 200
xllcorner 240000
yllcorner 850000
cellsize 50
[rows 152 to 189 of 200, columns 0 to 83 of 200]
349.6 346.4 345 344.1 344.3 342.4 342.8 340.7 338.8 338 340.7 341.7 342.9 343.2 343 342.9 345.2 344.9 347 348.4 351 354.8 357.9 360.6 363.4 363.9 364.9 365.9 367 368.1 370.4 372.9 376.2 379 382.2 385.4 388.9 393.5 398 403.1 405.7 409 411.6 413.8 415 416.5 415.8 416 415.7 416.9 418.5 421.9 427.5 434.4 441.8 442.4 441.4 438.7 436.5 437.5 437.2 432.1 430.9 415.5 397.5 395.5 392.2 388.2 383.9 378.8 375 368 370 375.1 374.8 368 356.9 344.3 337.2 328 311.4 307.1 294.2 275.9
351.9 352.8 350 350.7 347.8 345.1 345.1 341.5 339.3 339.2 341.4 344 345.1 346.1 347.6 347.7 347.2 346.8 344.8 348.8 353.1 355.8 358.9 361.5 363 364.6 365.9 367.2 368.2 369.3 371.7 374 377.3 380.8 384 386.6 391.1 396.7 401.9 407 411.9 414.4 418.8 422.1 424.4 425.7 423.6 421 419.8 424.6 424.9 426.1 430.4 434.1 440.2 444.1 444.9 443.6 440.1 442.2 444.5 442.5 443.6 428.7 409 398.5 394.1 387.9 380.4 371.4 364 356.2 358.9 362.7 358.2 354.3 346.4 337.9 329 322.2 319.7 312.7 293.3 269.2
353.7 353.2 351.9 349.6 347.7 346.1 343.9 341.2 339.8 341.3 344.4 346.2 347.4 349.4 349.1 348.7 348.3 348.8 348.7 349.1 352.4 357.3 359.3 361.9 363.1 365.9 367.1 368.4 369.2 370.6 372.8 375.1 378.2 381.5 384.6 389.2 395.3 400.6 405.7 410.8 415.9 422.1 423.2 421.9 431.1 432.5 432.4 429 429.4 432.6 431.7 432.3 432.9 435.4 442.4 445.8 447.3 445.9 445.1 444.9 449.4 449.5 448.7 433.7 417.8 402.4 392.5 380.8 375.8 364.8 354.9 346.2 347.3 347.7 344 339.6 332.1 327.3 325.8 322.7 317.8 309.1 280.7 261
355.8 354.2 351.4 349.1 348.3 344.4 343.4 344.5 345.9 347.4 348.1 349.6 350.9 350.9 350.8 349.9 349 350.5 350.2 349.6 352.8 357.4 360.4 363 364.8 366.6 368 369.4 370.8 372.3 373.3 375.4 377.7 380.6 384.4 391.5 398.7 404.5 409.7 413.7 417.3 420.2 421 423 432 434.9 435.3 437.1 436 437.8 438.6 437.9 435.8 435.2 447.6 449.6 444.4 441 439.6 445.9 450.6 453.8 453.6 443.7 426.2 409.3 390.7 376.5 365.3 357.1 348.1 338.7 336 335.2 332.1 326.6 326.4 324.6 320.4 319.2 313 298.4 270.1 254.5
355.4 353.4 350.7 349 346.9 346.2 346.9 349.8 353 353.3 352.5 353.7 354.1 353.6 352.8 352.1 350.4 351.2 351.9 352 355.2 359.3 361.6 364.7 366.1 367.4 368.6 369.7 370 372.5 374.3 375.8 378 380.3 387.5 393 401.2 407.2 411.5 414.9 418.7 420.2 423.6 426.3 429.9 435.7 440.2 441.6 442.8 442 443.4 443.1 436 433.9 439 438 436.3 435.7 434.3 441.4 445.5 452 453 449 436.6 412 390.3 373 357.9 347.6 338.4 331 327.8 326 324.8 325.2 325.4 319.7 311.9 313.5 307.8 286.6 257.6 256.3
357.7 354.2 351.4 350.3 350.6 351.7 353.2 357.8 358.9 359 358.6 357.7 357.2 356.6 355.8 355.9 354.7 353 353.1 353.8 358.6 360 362.9 364 365.6 366.6 368.8 370 371.7 373.2 374.5 376.1 378.2 381.5 387 393.8 400.5 406 409.9 414.5 416 419.3 422.2 424.7 429.3 433.8 437.8 442.1 443.5 444.4 446.7 445 436 430.4 430.4 426.7 427.5 429.1 427.7 433.9 438.5 442.4 446.3 441.2 427.7 405.2 380.6 364.9 350.6 343.4 330 323.6 322.3 322.8 321.4 317.4 312 306.4 304.9 301.1 297.3 274.2 249.5 254.3
357.2 354.5 353.7 353.8 354.8 357 359.6 362.2 364.5 364.4 362.4 361.6 360.7 359.5 358.8 358.3 357.5 358.6 358.9 357.5 360.4 361.7 363.2 364.4 365.5 366.4 369.1 370.6 372.3 373.4 374.6 376.4 378.9 382.1 386.4 392 398 404.1 407.6 411.4 414.5 417.7 421 424.7 429.4 432.8 435.1 436.9 439.3 441.6 441.9 440.7 434.2 424.5 422.1 418 416.4 418.2 417.9 424.4 429.9 432.3 433 431.7 427.8 400.7 373 359 346.4 335.5 321.2 319.6 318.6 315.7 302.7 296.4 297.8 295 291.8 293.4 274.4 248.8 235 238.5
359.6 358.7 358.7 360 361.2 363.6 365.3 368.1 369.7 368 366.4 364.5 362.6 361.6 360.5 359.2 358.3 356.5 356.8 356.5 356.6 358.4 360.3 363.2 365.7 368 369.1 371.2 372.5 373.4 374.4 376.7 379.3 382.1 386 390.8 398 401.7 406.3 409.1 412.2 415.1 416.6 420.3 425.4 430.5 432.9 434.6 436.1 437.9 437.8 438.1 431.4 417.5 411.5 409.6 406.9 404.8 407.3 414.8 421.2 420.2 414.5 416.7 418.9 383.4 360.1 351.2 337.1 322.8 314.3 311.8 305 297.3 282 281 285.1 279.9 280 274.1 243.6 225 221.5 222.1
363.7 364 365.6 367.8 369.5 371.1 370.9 373.8 372.6 371 367.8 366.1 365.9 364.5 362.1 359.2 358.4 357.3 355.3 354.6 353.9 355.4 356.9 359.9 362.8 365.1 366.4 367.7 370.2 370.2 371.9 375.3 378.3 381.5 384.8 390.1 395.2 400.3 404.2 406.9 409.6 413.5 415.6 417.7 420.1 426.1 429.8 433.4 434.3 434.8 437 436.9 429.1 414.8 406.5 403.5 401.5 399.2 400 408.8 411.9 406.4 400.4 400.9 395.1 362.8 347 339 328.8 319.9 311 298 287.6 281.9 268.8 271.7 266.6 264.4 262.2 250 227 213 210.5 209.8
368.9 370 371.7 374.2 377.2 377.8 376.7 375.7 374.1 372.5 370.9 367.5 365.7 363.9 361.1 357.9 357.1 354.6 352.3 351.3 350.3 350.9 350.5 352.3 356.3 356.2 358.7 361.6 363.1 364.8 367.9 371.5 374.2 377.4 381.9 386.9 391.5 396.3 400.9 406.6 410.4 413 414.6 417 418.8 421.2 427.1 430.3 433 431.8 430.6 432.2 423.1 408.2 399.3 397.9 398.3 393.2 393.2 397.6 398.8 391.9 388.1 387.9 372.4 345.9 336.2 329.9 322.5 307 285.9 281.2 271.9 267.3 256.1 252.9 247.6 244.1 240.3 230.4 209.9 204.3 205.2 204.6
374.9 376.7 378.4 381 381.8 380.6 379.6 376.3 374.1 372.1 370 365.4 364.2 360 354.9 351.9 352.1 351.8 348.5 348 345.7 342.9 342.3 342.7 348 347 348.4 349.2 354.3 359.1 361.5 365.6 369.4 372.6 378.2 383.6 387.9 393.7 400.5 405.7 409.9 412.9 414.4 416.3 417.9 421.1 424.3 427.7 431.9 429.7 424.8 423.8 413.1 398.5 394.3 392.8 393.1 386.7 387.6 386.6 390.3 383.6 376.5 374.1 352.7 329.3 327.4 324 313.8 285.8 272 263.7 252.3 247.9 244.8 238.6 232.3 225.9 218.6 206.9 197 205 198.5 191.7
381.9 383.6 384.7 384.8 383.5 381.3 380.1 377.2 374.6 372.1 367.1 362.8 360.6 355 350.5 350.1 348.4 344.7 344.2 345 343.6 336.1 331.1 332.7 333.4 331.9 337.5 345.2 350.6 352.9 355.5 359.4 364.7 370.3 374.5 380.5 385.1 389.6 394.6 398.9 404.5 409.7 415.5 418.9 418.1 420.4 424.3 429.9 431.6 429.4 420.6 412.9 401.3 391.7 387.8 384.3 384.8 377.4 379.5 374.3 374.3 371.6 363.7 355.6 336.4 323.1 321.2 315.3 299.7 274.5 258 248.9 241.4 238.5 234.8 230.9 221 214.9 205.8 198 191.8 184.4 180.3 182.1
387.3 388.2 388 386.8 384.6 382.3 381.2 379.7 375.5 368.2 364.5 360.5 357 352.2 347.6 344.7 342.6 339.5 338.8 337.1 335.5 326.8 323.4 320.2 321.3 324.1 330.5 333.5 342.4 346.3 349.1 355.2 361.9 368.1 372 376.9 380 382.1 387.4 392.8 397.7 405.7 411.1 416.9 416.9 417.7 423.3 429.4 431.4 428.6 416.6 410.1 397.9 383.8 378.2 375.1 372.5 367.5 365.9 363.2 365.3 356.7 349.5 339 328.3 316.2 307.1 298.3 276.9 257.8 244.6 237.8 234.7 231.8 230.1 222.8 213.2 202.1 190.3 185.3 177.2 180.7 173.5 169.3
389.1 388.4 388 386.9 385 384.4 381 376.1 371.9 367.8 363.2 359.9 360.1 355.6 351.5 342.8 340.5 336.7 333.9 328.8 325.8 323.8 317.1 315.6 314.1 314.9 313.3 321.6 330.9 337.6 345.9 350.5 355.4 360.4 365.9 371.1 374.6 377 377.8 382.8 389.1 399.9 408.1 411 411.5 412.5 419.7 423.3 429.1 425.6 413.7 404.8 390.5 377 369.4 364 359.2 358.1 348.3 350 352 348 340.7 338.3 327 310.1 297.9 279.5 260.9 245.8 237.6 230.5 229.6 226.7 224.8 209.5 188.7 170.8 162.2 159.6 160.2 157.7 159.4 162.9
389 388.8 388.5 390.4 387.2 383.6 379.5 376.1 371.4 371.5 367.7 363.6 360.1 355.6 349.1 340.4 335.6 331.9 329.5 326.1 322.3 318.6 311.4 307.1 303.1 302.2 307.8 312.9 321.6 329.8 334.1 338.3 345.9 351.1 357 360.4 364.9 372.2 371 375.8 382.2 392.8 401 403.6 406.7 409.6 419.4 422.9 427.8 427.5 415.3 400.9 384.4 373.1 362.5 356.1 346.2 341.8 332.8 341.4 344.8 338.3 342.2 339.9 313.5 294.8 287.1 269.7 253.2 239.5 234 227.4 225.9 224.9 216.5 190.8 161.9 161.1 163.3 156.8 155.1 154.4 152.6 152.6
397.9 399 394.9 394.5 392.9 389.4 382.3 376.1 370.1 369.9 365.4 361.5 358.8 352.2 347.8 340.2 336.2 329.2 321.5 320.2 315.6 310.6 304.4 301.2 298.2 302.8 304.3 306.4 314.4 320.5 328.8 334.6 337.9 347.2 352.1 357.5 361 365 371.1 373.2 381.3 384.9 392.3 395.7 402.5 408.9 418.4 421.7 427.9 426.4 415.1 398.6 376.3 363.7 350.5 344.9 334.7 329.2 328.3 331.2 333.8 339.4 340.1 335.7 292.7 283.4 271.2 256.5 245.3 236.8 231.7 225.5 225 226 211.1 182.1 159.8 163.4 167.7 173 171.4 166.6 169.1 172.4
409.8 406.1 403.6 399.1 394.2 390.9 385.3 381 372.8 369.1 366.4 363 363 358.7 353.8 347.1 341.9 333.3 323.6 317.6 310.9 312.7 304.1 300.7 298.2 298.4 297.2 301.1 305.4 315.8 326.1 333.5 336.8 340.5 346.8 355.3 360.6 361.7 369.8 372.4 377.1 381.5 386.8 392.1 398 406.4 416.8 421.4 427.6 427.3 411.8 396.2 368.5 347.3 338.9 334.3 328.4 320.5 323 332.1 336.9 341.2 333.5 320.7 283.6 270.5 257.4 247.8 238.6 230 226.2 224.3 224.8 216.3 212.4 185.5 160.8 164.1 174.6 181.3 182.4 188 192.1 191.8
410.1 407.4 406.2 405.7 402.8 396.4 393.2 388.2 381.1 374.3 368.8 367.4 365.6 363.7 358.7 354.4 345.2 334 322.9 315.2 309.5 308.6 306.9 297.6 293.1 293.5 294 296.5 299.5 311.3 320 328.6 326.6 338.1 344.6 352.8 358.1 357.8 363.8 372.8 370.3 377.8 384.6 388 395 400.2 410.7 418 423.3 423.6 403.9 380.8 353.8 330.8 329.6 328.1 316.6 314.3 322.9 328.1 332.9 330.4 331.1 312.3 270.8 255.3 244.5 236.1 230.1 224.8 219.9 222.8 217.9 213.1 204.9 193.6 168.9 166 182 190.2 197.6 202.4 209.2 209.1
410.1 408.7 407.5 405.7 403.4 402.1 396.7 393 381.5 375.4 370.2 372.7 367 363.9 362.6 358.9 348.2 339.3 323.4 314.2 311.8 309.9 307.1 294.8 288.6 289.3 291.5 295.7 294.2 306.2 309.5 313.6 320.2 332.6 337.8 346.6 351.5 353.2 354.8 366.8 363.9 366.5 380.3 384.6 388 394.4 405 412.9 417.9 416.2 386.9 365.1 343 321.7 318.8 315 309.6 311.9 320.5 324.6 327.5 322.6 324.7 303.4 260.6 245.5 235.4 227.5 220.8 219.3 220.1 212.4 209 205.4 194.3 184.9 169.9 163.3 185.3 205.7 215.8 215.2 221.8 224.4
408.6 407.5 407.2 406 404.4 401 398.2 393.5 383.2 377.3 366.5 364.4 356.3 358.1 358.3 356.3 346 335.6 321 317.1 313.4 309.6 307.1 303.3 289.1 280.7 291.7 297.1 293 290.8 301.7 311.7 312.7 322.4 331.3 337.7 346.4 347.3 347.4 357.9 363.9 362.7 374.4 380.6 384.1 392.3 400.8 406.3 411.4 405.2 370.1 352.9 337.3 316 316.4 311.3 305.7 306.6 314.5 317.3 320.5 316.6 316.2 306 257.6 237.1 225.9 217.6 215.5 213.5 208.7 207.1 204.5 191.4 176.2 170 163.9 169.8 187.2 205.1 219.3 227 232.2 237.8
406.6 404.8 403.9 406.8 406.2 401.5 396.8 395 388 377.6 367.5 357.7 349.5 353.9 355.1 349.2 338.5 328.8 318.8 313.6 313 310.1 310.3 307.6 293.4 277.7 286.7 292.3 281.9 285.2 295.6 303.6 310.5 314.2 324.7 329.3 334 338.9 340.7 355.8 353.3 355.6 364.4 375.3 380.4 384.3 396.5 401.7 403.2 393.8 357.7 343.4 329.9 308.9 306 303.5 299.3 298 307.3 310 308.5 310.4 306.7 284.7 244.7 226 219.2 214.2 207.5 205.6 206.6 204.4 196.3 183.1 167.7 166.7 176.6 186.2 200.9 219.2 230.3 238.3 247 255.8
401.2 398.1 395.3 398.6 397.6 396.5 392.8 386.8 383.2 374.4 363 349.3 339.9 339.2 335.1 332.4 331.5 324.6 318 311.6 310.8 310 307.5 303.3 286.9 275.7 280 276.5 274.4 287.4 296.1 293.2 304.1 313.6 315.1 322 331.5 331.6 332.9 343.4 349.7 345 353.7 369.2 371.9 378.1 390.1 401.9 397.3 376.5 348.4 338.9 318.5 306.7 300.8 295.2 291.9 285 292.4 293.8 299.6 301.1 290.6 267.9 242.9 221.2 214.8 207.2 204.4 203.8 202.4 200.1 190.1 176.2 168.3 183.4 197.1 209 220.1 232.9 241.7 249.8 257.6 261.2
392.5 388.8 387.1 384.5 381.7 386.4 385.1 380.9 374.2 362.2 348.6 337.7 334.4 333.5 334.2 338.8 335.1 331.3 324 314.2 308.2 303 296.1 289.8 275.6 271.6 268.8 273 276.3 281.9 283.2 292.8 297.5 303.5 307.4 315.1 319.4 322.7 337.3 341.5 344 338.8 345.6 358 359.8 370.6 381.7 393.5 391.5 362.5 341.6 325.8 305.9 299.9 290.2 280 275.2 269.8 276 284.1 285.9 284.2 270.8 252.7 233.5 215.2 207.5 200.3 196.9 197.4 196.8 192 186.6 170.5 176.6 192 209.6 223.9 235.8 243 250.2 257.9 264 269
388.2 382.4 380.6 376.9 371.9 376.9 380.9 377.9 370.5 359.2 344 333.6 334.8 337.2 339.4 340.8 341.7 335.9 329.8 318.4 309.9 302.1 295.4 280.7 264.8 270 270.6 265.2 267.4 274.1 276.1 289.8 293.7 294.4 294.6 298.4 307.7 312.7 324 334.1 338 336.5 338.2 347.5 355.7 362 376.2 379.8 364 335 329.3 309 295.2 288.1 279.6 267.7 260.4 262.8 269.3 271.4 270.8 267.1 251.8 236.9 222.4 207.5 187.7 177 175.9 179.9 184.8 182.7 179.9 169 188.7 208.3 218.8 235 245.5 252.8 259.4 265.2 271.6 278.5
378.3 374.7 374.8 372.8 370.2 370.7 371.9 365.3 356.6 349 337.5 343 344.5 341.5 340.7 340.5 342.1 333.3 328.4 317.4 307 298.5 290.6 272.1 260.1 269.8 273.8 268.1 263.6 266.6 275.6 286.5 290.1 292.5 289.6 292.7 294.8 306.4 324 328.6 329.8 338.3 339.8 347.8 355 364 365.9 351.8 330.3 328.1 322.7 309.8 300.4 284.8 270.6 261.6 255.4 255.7 257.4 264.3 258.4 253.5 238.9 227.3 213.5 177.9 179 180.1 179.5 176.1 170.1 169.6 170 176 201.9 221.3 232.6 244.9 254 258.3 267.9 273.7 278.5 286.6
374 370.7 370.1 365.3 365.4 365.2 362.7 358.1 351.9 345.8 342.7 343.6 342.7 341.3 339.3 338.4 336.3 331.4 324.9 315.6 302.7 293 277.2 263.4 257.2 267 260.3 268.1 265.8 256.7 268.3 278.7 284.8 282.7 288.5 295.8 294.8 298.4 312.7 322.9 330 337.7 343.9 348.9 355.1 351.7 356.5 360.6 358.4 342.5 320.4 315 297.9 282.1 265.9 258.7 253.6 245.8 251.4 255.2 249.9 243.2 232.1 222 198.4 175.5 185.6 190.2 190.5 192.4 192.6 187.9 189.7 201.6 217.9 226.9 245.2 254.4 260.3 269 274.9 280.2 285.2 292.8
363.5 363.9 361.4 355.6 357.5 354.5 354.8 354.3 353.9 350.7 348.6 351 346.4 341.2 339.3 337.3 331.1 324.5 314.7 304.8 296.9 283.8 265.7 253.4 257.3 257.8 250 261 260.6 256.7 254.6 268.7 279.2 278.3 289.7 296.3 296.5 299 303.8 320 325.3 334.1 344.6 350.8 355.5 367.1 368.5 365.7 357.7 340.4 316.3 305.8 291.3 276.2 264.2 256.7 252.3 240.8 245.1 248 243.6 235.9 223.9 218.2 203.3 177.9 189.3 204.6 213.9 217.4 220.5 212 215.6 223.2 232.7 241.9 248.1 262.9 269.9 276.8 282 286.5 291.5 297.9
356.2 354.9 353.7 348.7 348.4 350.2 351.8 360.9 359.6 357.1 354 351 348.1 342.1 346.4 344.3 334.4 325.6 314.5 305.8 290.8 281.1 262.1 249.6 247.1 251.1 244 250.4 259.5 250.6 253.4 257 277 278.7 284.4 298.1 303.9 303.7 310.1 314.7 318.6 328.2 340.9 350.3 365.1 366.7 366.3 361.5 350.6 321.2 306.8 298.8 285 266.9 258.7 249.8 244.7 234.6 232.8 237.6 235.7 226.4 219.1 211.8 203.9 182.6 183.8 201 217.7 222.2 229.4 231.2 236.4 236.6 247 256.4 263.8 269.7 277.3 281.6 286.4 290.8 295.2 298.2
344.1 344.9 344.1 343.6 345.9 356.7 364.5 365 362.4 358.9 359.7 362 360.1 355 347.3 346.8 345.2 330.8 317.9 305.6 292.6 273.4 257.2 247.1 240.1 236.5 235.9 236.9 243.4 241.9 251 263 275.3 280.6 288.8 295.5 303.2 306.3 303.1 311.3 317.5 322.8 333.4 345.9 356.5 352.3 355.5 345.5 335.7 309.9 299 292.3 276.4 264.6 255.6 249.2 238.5 227.2 222.3 227.9 226.6 219.6 213.1 205.5 198 178.7 188.2 207.4 224.6 231.1 237.4 244.9 250.1 248.4 258.5 265.5 270.9 276.7 280.8 285.4 289.8 293.3 297.1 300.1
336.7 336.2 339.7 345.7 355.6 355.6 354.8 355 354.4 356.3 359.8 361.2 361.6 361.2 353.9 346.7 340.4 326.3 310.7 296.8 282.5 267.4 253.5 245.1 238.3 232.9 229.4 232.9 233.2 244.2 256.6 265.6 270 277.4 284.7 288.5 299.3 301.7 300.8 298.8 308.3 322.4 326.2 329.7 330.9 326.5 327.1 329.4 321.3 303.8 291.5 288.7 265.9 257 249.8 242 230.3 223.2 216.5 214.9 216.3 210.8 205.5 200.8 189.7 181.9 199.5 219.6 232.6 238.3 245.6 250.6 255.9 260.1 264.4 271.2 275.8 280.3 284.2 287.8 291.2 294.2 297.5 299.8
333.1 340 345.4 355.3 355.9 351 350.2 346.9 351.7 353.8 354.5 353.5 353.1 351.2 346.4 340.3 332.3 321.5 308 300.5 283.1 271.3 261.7 247.7 239.2 230.6 227.6 228 232.7 242.4 254.3 266.4 265.5 268.7 280.4 286.3 292.1 293.5 294.2 296.8 306.5 312.1 316.6 314.9 316 319.4 316.8 315.3 306.9 295.4 281.7 279.4 260.9 252.4 245.1 232.1 225.8 217.8 213.7 209.4 205 202.2 199.6 193 180.9 196.8 214.1 232.7 241.2 247.5 252.1 255.2 259.2 265.1 270 273.5 277.8 282.5 286 288.6 291.3 294.4 297.4 299.5
332.2 338 342.1 345.3 343.5 343.9 342 341.8 352.6 356.3 354.5 354.1 354.2 355.9 353.6 341.5 324.6 315.6 306.5 296.7 286 273.5 266.8 258.2 244.8 231.6 226.3 225.4 227.5 234.8 246.7 257.3 261.3 261.7 276.2 281.7 286.1 288.2 286.3 287.8 295.6 304.6 310.5 314.5 315.6 312.7 317 309.8 291.1 281.4 276.6 271.1 259.4 250 239.4 227.2 220.8 213 202.7 194.4 189.6 187.9 187.2 182.3 190.1 214.3 228.4 242 247.7 251.7 255.2 259.9 263.4 267 270.2 275 279.2 283.8 287.3 291.6 293 297 302 301.3
321.8 326.5 328.3 330.8 337.5 338.3 333.3 343 350.7 353.2 349.2 345.9 353.1 350 348.7 339.6 320.9 309.6 296.2 287.2 280.2 272.6 267.3 258.4 245.4 232 226.3 224.7 225.3 228.6 234.9 248 253.4 254.8 265.2 267.2 277 281 278.3 278.9 291.2 300.1 305.3 307.2 305.9 304.4 310.8 295.7 277.4 271.7 276 268.3 261.1 242.4 232.9 221.8 214.7 191.1 185.4 188.4 187.6 190.9 191.5 195.8 209.3 230.7 242.6 247.5 251 255.1 259.1 263.1 265.8 269.2 273.5 277.8 282 285.7 289.5 293.8 295.2 300.6 305.5 308.1
310.4 315.1 311.4 315.8 315.9 316.4 323.9 335 341.1 347.9 342.3 338.4 338 340.7 334.1 334.6 320.8 300.3 287.1 283.9 277.4 269.9 264.3 253.1 241 233.3 226.7 224.1 225.6 227.2 231.6 239.8 248.3 246.9 253.4 261.7 270.7 277.9 275.6 276.8 282.1 284.7 288.8 290.5 290.7 290.4 287 277.6 268.7 261.2 266.9 258.8 248.8 237.8 230.6 216.5 203.7 186.4 195.2 207.4 215.1 217.4 220.4 221.6 228.4 242.1 247 250.8 255.6 259.2 261.1 263.4 267.1 270.6 276.5 283 286.2 291.1 295 298.6 299.6 302.6 306.2 310.9
300 302.5 306.2 311.6 303.9 306.6 312.8 315.9 322.5 327.7 331.3 332.9 330.6 329.4 321 318.4 304.8 292.2 276.3 270.8 267.4 264.6 257.2 247.9 238.1 228.6 225.8 223.7 226 226.3 231.5 236.4 243 240.3 248.6 260.2 268.1 271.9 267.7 272.1 273.5 271.4 275 274.7 281.8 281.1 278.9 272.1 263.9 258.4 257.2 251.7 242.6 235.3 223.7 214.5 199.6 189.3 208.3 212.4 224.5 232.1 231.6 236.9 240.8 245.4 250.5 253.7 257.6 260.6 262.6 264 268.5 273.2 280.8 285.2 289.4 297.3 303.2 304.4 305.6 305.2 308.6 315.5
290.9 294.5 297.1 297.1 292.8 295 297.7 300.1 305.6 311.8 313.5 320.4 321 315.9 305.6 300.3 292.1 283.6 269.1 260.9 257.1 256.1 252.4 242.8 233.6 226.3 224.2 225.7 226.5 227.8 233.7 236.4 235.3 236.5 243.2 255.3 262 267 261.9 269.7 266.7 268.2 269.4 270.9 273.6 273.2 271.3 266.2 259.5 250.4 247.4 241.4 236.7 228.9 217.1 206.2 195.4 187.6 208.5 225 225.8 233.2 235.6 239.5 243 248 254 255.8 257.4 259.6 261.6 262.5 267.6 272.6 279.5 284 288.8 294.2 297.9 302.8 302.3 301.9 306.2 313.7
270.6 273 275.7 276.5 280.1 281.3 282.4 286.1 288.7 293.3 292.5 293.3 301.5 296.9 287.6 287.2 285 283.1 268.6 261.2 254.8 253.1 248.6 244.5 236.2 228.8 223.2 226.6 226.9 227.2 230 230.8 229.6 232.5 237.8 246.7 254.8 251.6 254 256.9 260.2 264.4 272.9 267.6 266 263.9 267.9 261.3 253.8 245.6 237.5 232.1 229 220.9 212.2 197.6 194.6 189 197.6 221.3 231.7 234.5 237.9 241.7 244.8 248.2 252.3 254.7 255.3 257.7 260 262.8 266.1 272.3 279.5 283.1 286.7 289.3 291.6 293.8 296 299.6 304.2 308.1
248.2 248.2 255 262.9 264.2 264 269 271.2 274.6 279.2 280.1 275.2 279.8 277.4 273.6 274.3 277.8 276 262.5 254.4 251 248.6 246.7 244 238.6 230.5 221.6 224.7 224.3 223.9 226 227.3 226.5 229.8 233.5 236 240.2 243.6 248.3 252.9 255.1 255.3 261.3 265.4 264.6 254.6 258.8 252.9 246.8 238.1 235.3 228.3 222.6 215.1 210.3 195.2 188.6 194 209.4 227.8 233.7 238.2 240.5 243.5 245.1 245.2 247.1 249.1 251.3 254.1 256.8 259 262.9 269.4 275.2 277.7 281.4 285.9 287.9 289 291.6 294.2 299.2 303.9
