Game/Highland_Data/StreamingAssets/GeoData/Data/nh/NH51.asc
ncols 200
nrows 200
xllcorner 250000
yllcorner 810000
cellsize 50
[rows 70 to 104 of 200, columns 0 to 77 of 200]
187.6 187.5 187.9 188.8 189.8 189.6 189.3 189.6 189.5 189.8 190.1 190.2 189.7 189.6 190.2 189.7 191.4 191.1 190.4 190.9 191.5 191.8 193.4 195.2 196.9 199.2 202.8 204.3 204.4 201.5 198.8 199 200 204.2 208.7 211.2 210 210.2 225.4 212.5 211.7 213 216.4 219.9 228.9 240.3 250.5 258.9 269 278 283.9 289.6 296.3 304.5 312.8 319.3 327 332.5 338.1 343.6 348.7 353.9 358.3 362.1 367.6 372.2 377.1 381.4 385.8 392.1 398.8 403.8 408.8 412.1 417.9 422.3 426.5 430.4
189 189.5 190 190.5 191 191.4 191.4 192.3 194.1 194 194.4 194.5 194.2 193.9 195.8 195.7 195.8 195.8 195.8 195.1 194.6 194.1 196.3 199.2 201.3 203.2 207.8 209.1 207.7 205.1 201 201.7 205.2 209.9 215 214 213 225.4 230.7 225.3 210.3 214.7 216.4 220 227.8 237.6 247.3 258.2 268.1 273.4 278.1 284.4 293.2 301.2 306 313.8 323.2 329.6 336.3 341.6 346.7 350.2 355.6 359.4 363.5 367.9 373.7 378 382.6 389.1 395.3 398.9 404.4 408.1 412.2 415.9 419.7 423.5
190.6 191.1 191.1 191.6 192.3 194.1 195 197.3 198.5 200 198.6 198.8 198.5 199.5 201.2 201.9 201.3 201 200.3 197.9 197.8 196.3 200.1 203.8 206 207.9 210 209.3 207.2 204.3 201.7 203.5 207.9 213.2 215.8 212.2 222.3 229 229.7 228.3 217.6 214.2 217.8 220.7 228.1 237.8 246.8 257.1 262 267.1 272.8 279.4 287.2 295.4 304.4 310.9 317.5 327.7 334.4 340 344.2 348.5 352.7 356.4 360.5 365.7 370.9 375 379.2 386 390.9 394.6 397.8 401.9 407.3 411 414.6 417.1
192.2 192.4 192.3 192.6 194.8 199 200.4 201 203 204.9 204.8 203.2 202.9 205.8 207.4 206.3 205.6 205.1 203.3 200.4 198.9 199.2 203.9 208 209.7 209.9 209.2 207.5 205.5 204 202.4 203.4 205.6 208.6 213.1 221.2 225.3 223.9 223.2 221.7 218.5 216.8 215.7 217.9 228.1 237.3 246.5 253.5 257.6 261.7 267.9 274.1 280.2 290.1 296.2 309.6 317.2 325.1 330.3 333.4 339.9 344.6 347.6 354.1 358.3 362.6 368.2 372.2 376 381.1 385.5 389 391.9 395.8 401.5 406.1 408.5 410.6
194.5 194.8 194.7 198.5 201.3 204 206 206.7 208.5 209.7 209.9 208 211.2 214.6 212.7 209.8 209.3 208.7 206.4 203.3 200.3 202.5 207.5 208.2 209.5 208.2 207.4 207.1 205.1 203.7 202.6 203 204.8 206 215.8 221 220.7 223.8 223.7 223 221.3 219.4 223.1 222.3 226.5 236.9 244.6 249.4 253.8 256.8 261.2 267.7 277.7 286 297 308.5 316.3 319.7 322.1 331.1 335.3 340 346 350.3 355.2 360.1 364.6 368.7 372.7 374.8 378.9 382.8 386.4 391.3 395.9 398.4 400.8 403.2
196.8 197.6 200.9 204.9 206.6 208.8 209.6 211.9 211.3 212.9 214.2 215.3 218 218.9 217.3 215.2 213 212.2 208.5 205.8 202.5 206.2 207 207 207.9 207.8 206 205.1 204.7 203.6 203.4 203.7 205.3 210.7 219.9 226.2 232.2 234.7 235.7 224.5 222.1 219.1 224.1 223.7 228.3 237.9 243.6 247 249.1 252 256.2 262.3 272.6 283.5 293.6 294 300.9 310.2 322.8 328.4 332.7 337.2 342.2 346.5 350.9 355.6 360.7 365.1 368.6 369.7 371.9 375 380.6 385.7 389.1 391.3 393.8 397.9
199.1 202.5 206 207.1 208.1 209.9 210.4 212.5 218.3 219.9 220.7 221.9 224.2 223.9 223 221.7 217.5 213.7 210.6 206 206.5 207.5 207.7 206.4 206.3 206.1 205.1 205.4 205.2 205.2 206.4 207.9 212.1 217 222.3 230.5 230 235 231.1 228.6 225.2 221.1 224.8 226.9 227.9 233.4 230.9 238.3 243.9 248.9 252.5 260.3 268.5 281 290.7 301.5 308.6 314.2 322.2 327.3 331.6 336 340.4 344.7 349 352.9 357.4 361.7 364.5 365.9 368.7 370.8 375 379.7 382.4 385.3 388.6 392.6
203.5 206.9 209.2 210.2 212.2 214.9 217.6 222.9 225.4 226.2 227.8 229.7 232 232.2 229.1 221.8 218 213.5 210.1 209.2 209.3 208 206.7 205.7 205.5 206.2 206.2 206.6 207.4 210.7 213 215.7 220.1 224 229 229.7 229.5 229.1 229.2 229.3 229.2 228 228.9 230.5 237.3 240.7 239 236.2 239.7 247.1 256.5 262.2 268.3 278.3 289.3 301.9 310.3 317.1 322.6 326.6 330.8 335 339.4 343.7 347.9 351.7 354.7 359 359.9 363.4 365.3 368 371.4 375.4 377.8 380.9 384.2 387.6
207.4 210.8 213.3 215.7 217.8 224.2 228.4 233.5 234 233.1 239 245.6 244.7 234.8 226 221.6 216.9 212.8 209.7 208.8 208 207.1 206.6 206 208.9 209.8 209.1 210.4 213.9 218 221 223.7 226.3 229 231.9 233.5 234.5 237.5 238.2 239.8 238.5 238.2 237 236.6 240.5 242.2 242.4 242.3 240.3 245.9 255.4 260.4 267.5 277.1 290 299.8 309.6 316.5 321.3 326 330.2 334.3 338.4 342.6 346.9 350.6 353.6 356.3 358.7 361 362.5 365.9 369.1 373.1 375.9 378.1 381.7 385.6
211.1 214.5 216.8 218.8 222.4 228.3 229.8 234.9 241.5 245.4 251.9 248.7 243.3 235.1 229.2 223.6 218.5 213.3 210.4 209.5 208.5 207.4 207.1 210.3 213.8 209.7 216.3 220.5 223 226.5 231.7 235 234.8 237.1 240.5 241.5 244.1 245.9 246.9 248.6 247.1 247.3 247.2 245.3 245.7 247.5 247.1 248.1 249.2 246.7 251.1 262.2 269.6 276.6 290.8 302.2 311.1 316.7 321.7 326.4 330.5 334.2 337.4 341.6 345.8 349.4 352.1 354.5 357.1 358.8 362.1 364.9 367.4 370.7 374 376.8 379.8 383.7
215 217.6 221 223.6 228 230.4 233.1 239.5 242.5 252.6 252.3 241.4 237.7 235.1 229 225.7 219.1 212.7 210.9 210.1 209 208 207.3 209.4 214.3 221.4 226.1 231.3 233.5 237.2 243.3 246.4 243.6 246.1 249.4 252 254.6 255.7 256.1 257.3 257.4 258 261.1 255.7 252.7 253 253.2 252.3 250.2 254.3 253 264.5 273.3 281 291.8 302.1 312 318.2 322.8 326.2 330.4 333.9 332.4 329 339.3 347.5 351.2 353.7 354.7 358.1 361 363.1 366 368.3 372.4 375.4 379 382.4
219.4 220.4 224.5 227.8 230.5 229.9 233.1 243.9 250.3 246.7 236.6 235.7 236.4 236.7 233.2 227.8 219.5 212.6 209.8 210.5 209.5 207.9 209.1 218.6 226.2 230.1 234.3 240.2 245.5 249.6 253.7 255.6 256.7 260.4 263.2 264.1 266.2 265.9 266.5 270.7 271.1 266.8 265.3 262.7 262.8 263.3 263.4 258.9 256.2 257.5 255.5 263.7 278.9 284.4 293.7 298.5 298.9 304 313.2 309.1 316.5 314.4 311.8 314.6 319 328.9 337.8 349 348.5 352.2 358.6 360.5 365.3 368.5 371.3 375.1 379 382.2
223.7 225.9 226.1 226.1 227.7 230.6 231.5 239.7 249.8 245.3 234.3 233.4 241.7 238.5 230 225.4 215.7 210.5 210.5 210.1 208.7 210.4 218.3 226.2 232.7 236.2 243.3 250.5 256.9 261 265.7 270.3 272.6 276.2 280.3 275.8 277 276 276.9 280.7 281.7 275.8 269.1 270 271.3 272.3 272.9 269.2 262.5 260.4 261.4 267.7 269.7 274.9 285.6 283.2 297.8 301.6 307 309.3 310 311.4 315.9 318.8 319.2 320.6 320.6 329.2 331.7 338.4 345.4 356.5 364.9 368.4 370.9 374.7 378.7 381.3
228.4 229.8 228.7 228 229.1 229.7 230.9 239.5 243.1 237.6 229.1 232.1 237.2 231 223.2 216.6 211.1 210.5 209.3 208.6 212.4 218.1 226.1 232.9 237.3 247.2 255.2 262.1 269.8 275 280.7 288.5 295.7 295.2 293.8 291.3 287.8 287.1 286.4 288.1 289.7 283 278.2 279.2 281 283.8 284.5 281.6 273.6 268.1 269.2 276.3 281.2 289.9 300.5 305.5 310.6 310.9 314.6 317.8 321.7 327.5 332.3 335.1 334.8 332.7 329.9 327.6 329.5 329.3 334.4 343 357.7 367.6 371.8 375.2 378 380.7
230.1 230.2 230.4 230.1 230.5 230.4 230.7 238.4 240.7 229.9 226.2 227.6 227.1 218.8 213.6 212.5 216.1 212.5 208.8 210 217.3 225.1 230.6 237.6 248.9 260.7 270.7 279 285.6 291.5 296.9 301.7 306.9 306.8 306.8 304.5 298 298.2 296.2 295.9 294.6 289.2 288.6 292.1 297.4 299.1 299.4 293.2 282.5 277.8 276.2 278.5 285.4 294.6 303.1 312.4 316.3 322.7 325.9 326.3 330 336.1 340.8 344.8 345.2 342.8 340.1 344.5 350.3 351.7 335.7 336.4 349.7 354.9 370.8 374.7 378.1 381.6
230.3 230.4 230.5 230.1 228.6 226.3 228.3 231.1 231.1 224.8 220.4 221.1 217 214 214.2 214.8 213.7 211 211.8 214 221.6 230.2 236.9 249.6 269.1 280.6 288.1 298.2 308.4 313.6 316.5 318.4 319.2 316.8 317.4 313.8 309.3 308.6 307.4 306.5 301.4 296.9 299.9 304.8 312.6 309.1 306.1 301.6 294.7 287.9 285.4 283.9 291.9 298.9 306.8 313.8 319.1 324.3 327.7 331.2 335 341 345.1 348.7 350.1 350.7 351.4 354 356.1 358.9 360.1 342.7 339.1 346.1 366.6 374.9 378.5 382.5
227.9 229.1 226.1 223.6 222.1 220 219.1 219.2 219.6 217.9 217.9 219.1 217.3 214.8 214.5 213.5 213.1 212.3 213.8 217.6 224.8 236.6 248.7 267.8 286 300.3 307.8 318.4 328.8 335.2 340 338.2 338 331.5 326.8 326.2 321.5 319.4 319.2 316.6 309.1 305.4 311.7 318 322.1 315 311.9 308.8 302.7 297.2 291.7 290.7 295.8 302.8 309.8 315.2 320.7 326.3 330.5 335.4 339.9 346.6 349.6 351.8 351.8 353.2 355.4 357.2 358.1 360 362.3 356.5 343.8 342.7 348.8 353.6 355.8 372.2
213.6 214.3 215.5 216.1 215.9 214.6 214 215 215.5 216 216.7 215.6 215.5 215.9 213.7 213.1 213.4 213.5 221.6 223 232.2 240.6 258.6 278.6 298 316.9 317.3 330.3 345.7 356.3 349.4 349.6 347.1 343.3 341.2 340.5 337.2 334.4 329 322.8 312.8 319.1 325.2 328.3 326.5 321.9 316.4 312.5 306.1 302 297.5 294.8 299.3 305.8 313 317.9 323.3 328.4 333.4 339.5 344.7 350.4 354.4 353.8 353.8 355.7 358 359.2 360.3 361.7 364.2 365.4 360.7 349.7 345.3 348 350.8 364.4
216.4 210.2 210.2 210.2 212.8 215.2 216.4 217.8 218.1 218.5 219.5 217.2 215.9 214.9 213.7 213.5 213.8 216.8 222.5 225.4 235.1 244.7 263.6 285.8 303.9 315.5 320.4 336.1 354.6 358 356.9 364.5 364.9 359.4 356.7 352.6 350.2 344.5 337.7 327.5 323.1 330.4 331.4 336.7 336.3 331.7 325.1 318.3 311.8 306.1 302 299.4 303.4 309.4 316.3 321.2 326.1 331.1 336.3 341.9 348.4 351.9 354.1 354.9 356.1 357.6 360.1 361.2 362.4 363.5 365.5 368.4 372.1 371.7 354.4 355.5 353.2 367.6
218.2 210.2 210.2 210.2 210.2 219 218.4 218.9 219.7 221.8 220.3 218.8 217.5 216.1 215.2 214.1 214.6 218.6 222.7 227.2 238.7 247.2 263.2 283.8 298.2 313.1 322.6 332.7 350.2 357.1 359.1 362.1 366.4 370.7 369.3 370.9 366.3 352.7 343.7 333 337.4 337.6 336.1 340.5 340.8 340.1 330.6 323.6 315.1 309 305.3 304.3 308.4 313.7 319.9 324.4 330 334.4 339.1 344.7 348.9 352.2 355.3 356 357.1 361 361.9 362.8 363.7 364.5 366.9 370.3 374.8 375.7 377.1 373.9 356.6 358.5
210.2 210.2 210.6 211.8 216.5 219.9 220.7 224.1 226.2 226.4 222.6 219.6 218.9 219.7 219.9 216.9 217.7 223 226.1 231.3 239.9 250.7 262.9 280.2 293.4 306.2 319.7 330 344.6 349 351.6 357.7 364.9 375.3 376.1 373.3 369.7 361.1 347.8 343.2 351.5 348.8 341 343.1 344.4 342 334 327.4 318.3 311.9 309.8 308.6 314.9 320.1 323.6 327.6 333.1 337.8 341 344.2 348.6 352.4 356.2 357.2 358.8 361.3 362.4 363.4 364.3 365.9 368.8 372.2 377.3 380.7 383.3 384.6 380.7 380.2
210.5 210.8 211.2 215.9 220.2 221.1 226.3 230.8 233.7 230.7 223.5 220 219.6 223.2 224.5 217.9 217.5 221 228.8 235.3 242.9 253.4 268.4 280.5 294 306.3 316.4 325 333.1 338.9 346.2 356.5 369.1 382.7 378.6 375.6 371.4 363.9 349.1 354.2 361.8 356 346.5 346.8 346.8 342.8 336.2 329.6 320.5 314.7 311.8 312.8 319 320.7 326.1 329 332.3 336.3 340.9 344.9 347.9 353.2 358.2 360.7 361.5 362.7 363 364.4 366 367.5 370.8 375.4 380.2 383.1 385.1 386.2 387.4 388.5
210.8 210.7 211.1 217.1 222.1 224.1 231.3 239.4 238.4 231.7 225 221.2 219.5 220 220 219.4 218.8 222.5 230.2 237.1 245.9 256.5 269.5 281 294.8 306 316.3 320.5 326.1 337.3 346.2 358.3 370.2 375.5 374.1 375.2 372.7 360.1 358 364.7 365.9 356.7 351.7 351.7 349.7 349.4 342.3 334.6 324.8 318.2 316.6 316.6 318.6 320.2 326.9 328.7 329.3 334.4 341.9 344.8 356 365.4 360.9 361.4 362.1 362.9 363.7 365 366.6 368.9 372.6 377.7 382.3 386.6 390.1 391.1 391.4 392.9
215.6 213.3 219.7 223.8 230.3 238.9 246.8 249 243.3 235.1 229.3 226 224.6 223.7 222.5 220.6 221 225.7 231.9 238.7 248 256.9 267.7 283 292.4 302.6 316.3 321.1 327.7 336 348.8 355.2 358.4 363.7 367 368.9 367.2 362.4 368.8 370.1 368.3 365.8 361.1 358.8 356.6 356 347.7 338.4 328.9 323.2 320.9 319.5 321.1 320.7 324.3 326.8 334.5 342.1 340.6 344.2 357.1 374.3 360.9 358.6 362.1 362.9 364.4 365.7 367.5 370.3 374.3 380.3 386.6 390.2 392 392.6 392.9 395.7
219.6 221 224 237 254.9 260.5 262.7 253.8 248.7 241.2 235.6 233.3 232.3 229.5 229.5 224.4 223.7 228.8 233.2 239.8 249.2 256.7 272.4 285.7 294.4 302.2 313.1 322.5 328.1 338 344.3 348.5 353.8 359.6 364.5 365.3 366.5 375.7 383.4 392.3 390 378.4 373.1 368.8 360.3 356.2 349.6 340.4 333 327.6 325.8 323.6 325 325.2 326.5 330.3 340.7 342.6 342.4 344.9 345.5 348.9 352.4 354.9 356.7 361.4 364 365.5 368.5 372.1 377.1 382.4 394 392.3 393 394 394.1 398.4
224.9 228.5 235.9 255.2 280 288.7 284.9 269.5 261 254.5 247.4 242.5 242 239.2 232.4 227.9 229.8 234.4 239.2 246.4 255.1 261.7 274.9 285.1 292.2 298.3 307.4 317.2 327.4 333.7 340.2 345.4 350.3 358.2 363.4 366.4 369.5 381 393.6 401.1 393.8 387.5 379.5 374.3 364.7 357.1 351.2 346.4 339 332.8 329.2 327.2 328 328.5 331 335.5 340.3 342.3 344.9 348.7 353.8 354.7 356 359.4 362.5 361.1 362.7 365.7 367.8 373.1 378.8 386.3 394.5 393.7 393.9 394.5 398.7 404.6
233.5 238.1 250.9 273.6 297.7 312.7 308.3 307.3 276.5 277.7 269.6 256.9 252.3 249.8 241.2 236.2 237.2 241.6 246.4 254.1 263.3 273.6 282.9 287.9 293.2 298.7 307.5 318.3 327.7 332 337.4 344.1 353 358.8 362.2 364.6 374.6 386.8 401.5 407.1 398.4 394.8 398.8 391 376.9 368 362.6 356.2 347.1 338.7 333.3 331.4 332.1 333.5 336.5 341.2 343.9 345.1 347.1 352.6 356.9 357.2 359.9 362.5 364.9 365.9 366.9 368.8 369.1 372.6 379.3 387.5 393.1 396 395.3 398.1 405 406.4
242 249.8 265.1 291.8 311.6 321.2 325.5 328 314.4 307 299.5 285.6 269.9 262.7 254 246.8 246 249.1 255.3 263.4 273.3 283.1 292.1 297.7 302.9 308.7 319.1 323.1 327.3 330.7 336.1 344 351.9 356.2 360.5 367.1 380.1 387.9 395.4 403.1 411.9 411.3 406.3 394 376 367.6 361.4 353.4 344.6 342.2 337.5 337.4 339.7 340.9 343.9 346.2 347.2 347.8 351.6 357 357.9 358.7 362.3 365.2 367.9 371.1 371.3 373.2 373.1 375.2 381.5 390 391.1 396.9 398.4 398.5 404.2 407.6
251.6 259.5 276.6 300.8 317 335.1 343.4 337.7 336.9 338 327 317.4 300 281.2 270.2 261.2 258 262.1 268.6 276.4 284.8 294.3 303 309.5 316.9 322.3 327.1 328.7 327 329.6 335.7 343.3 351 356 362.2 370.5 376.7 384 391.6 405.7 413.1 409.8 400.7 386.5 371.4 363.3 356.2 346 341.6 339.9 339.3 342.9 347.2 348.6 350.4 349.7 351.5 354.3 357.8 361.3 361.4 362.8 365.6 369 372.3 375.7 377.6 380.6 382.4 384.9 380.4 392.3 395 396.5 398.9 400.1 407.1 408.5
260.9 272.7 285.3 300.1 315.6 332.8 337.7 338.8 338.6 341.2 338.2 335.2 328.1 304.2 289.9 279.1 275.6 277 282.7 288.9 296.5 303.9 312.7 319.8 326.5 332.2 335 333.6 330.2 331 338.6 345.7 351.8 356.5 361.5 366.8 372.9 380.3 390.6 402.3 404.7 402.2 390.2 379.3 370 359 350 344.1 341.1 341.2 343.3 349 351.8 353.9 355.9 357.3 358.9 361.8 363.1 364.4 365.7 368.7 371.8 375.2 378 380.9 385.6 388.4 391.9 391.3 390.7 389.6 397.6 399 400.1 402 404.5 408.4
281.8 299 321.3 348.3 351.4 357.3 363.1 344.7 341.9 341.3 338.2 335 330.9 322.5 313.8 304.5 297.8 295.9 297.2 298.5 304.5 312.5 318.2 327.2 337.3 340.3 339.2 337.6 335.5 336.2 342.7 349.5 357.5 360.9 362.6 365.8 369.1 377.1 384.8 394.6 395.5 389.2 384.2 374.6 367.2 357.3 349.9 349 347.7 346.5 349.2 354.6 356.2 357.7 361.7 364.3 366.2 368.3 370.4 371.6 374.8 376.9 379.4 382.7 386.3 390.8 394.1 398.7 400.6 400.8 400.1 389.3 401.3 402 402.7 404.2 406.3 408.7
300 323.7 347 363.9 381.3 387.7 382.8 365.7 350.8 351.5 357.5 356.6 353.7 339.9 334.7 329.2 323 320.3 318 315.9 314.2 320.7 326.6 337.6 344.2 344.6 345.1 344.4 344.6 345.2 349.7 355.9 362.3 364.8 365.7 367.8 370.9 374.1 380.3 387.7 386.7 382 375.6 367.4 362.2 361.8 360.1 357.7 355.8 355.4 356.3 358 360 363.6 367 370.4 372.3 375.3 378.7 383 386.6 388.6 389.8 393.1 396 400.3 403.4 405.9 407.1 405.5 404.5 394.6 405.6 405.2 405.8 407 408.1 409.8
298.1 322.9 350.4 374.5 388.8 395.4 396.7 396.1 385.7 368.8 363.4 365.2 361.4 353.7 352.3 348.7 349.5 347.7 345.4 345 341.9 342.9 345.3 350.8 352.4 353.6 352.4 353.5 353.9 355.8 358.9 359.9 363.8 366.6 369.1 371.6 374.8 377.3 377.7 379.4 381.7 376.5 367.9 368.9 371.3 372.4 371.1 370.9 366.1 364.1 362.2 363.2 366.9 370 373.2 377.6 381 382.8 388.5 394.4 398.7 399.9 402.5 404.1 407.2 410.9 413.4 413.6 412.6 410.2 408.5 405.9 408.8 409.6 409.2 409.9 411.5 414.8
311.7 330.6 356.2 375.5 391.9 408.7 414.9 413.6 409.6 404.5 388.1 372 368.6 361.4 363.4 362.9 359.9 363.8 369.8 369.9 368.1 365.7 362.6 362.4 364.9 366.2 370.9 370.4 369.2 371 371.4 370.1 370.9 374.6 377 378.1 380.6 380.2 381.4 379.2 376.7 378.8 382.9 382.2 381.7 382.6 394.5 397.6 388.7 381 378.2 378.5 381.7 382 381.3 384.9 388.3 393.2 401.6 408.3 410.6 413.2 416.3 418.1 420.8 422.9 423.2 422.1 418.6 414.2 404.4 412 412.6 413 411.9 413 415.4 419.1
362.9 386.8 402.8 413.5 433.3 432.5 420.7 414.3 414.2 412.2 394.4 384.3 376 367.1 366.2 370.7 371.2 375.7 387.7 381 379.7 379 377.2 376.8 380.9 388.5 396.5 394 387.1 384.6 384.6 383.4 384.4 384.1 385.6 386.2 386.2 387.7 391.8 393.9 397.1 401.2 402.9 400.7 399.4 398.1 397.1 402.4 404.9 399.7 395.9 393.6 392.6 392.2 390.5 393.1 398.3 406.3 414.2 419 423.4 427.6 429.8 432.7 432.6 433.2 432.8 430.1 424.9 419.4 411.2 417.5 416.2 416.5 415.9 417 418.4 421.1
