Game/Highland_Data/StreamingAssets/GeoData/Data/nh/NH59.asc
ncols 200
nrows 200
xllcorner 250000
yllcorner 890000
cellsize 50
[rows 108 to 143 of 200, columns 80 to 159 of 200]
201.7 195.2 191 188.4 186.2 184.7 183.6 182.6 180.2 179.1 176.9 175.1 173.5 171.9 170.7 168.9 165.9 162.7 160 157.4 154.7 151.4 148.6 146.2 146.5 145.8 147.2 148.3 148.2 143.3 142.5 142.4 137.2 133.9 132.9 130.2 127.2 125.4 123.2 120.6 118.1 115.5 113.1 110.9 108.9 106.1 100.2 95.2 91.3 86.7 83.3 79.2 76 73.3 69.3 63.3 54.6 48.5 42.2 37.3 31.2 24.6 20.6 16.8 17.1 17.9 17.4 16.7 16.5 16.8 17.3 17.3 17.3 17.4 16.9 17.1 17.5 -1.5 -1.5 -1.5
205.4 200.4 194.3 188.9 186.5 185 183.8 182.8 181.2 179.3 177.4 176.3 174.9 173.8 172.5 171.4 169.5 166.1 163.1 160 157.4 154 150.8 147.9 144.8 144 142.7 142.2 142.4 141.5 140.6 140.5 135.9 133.5 130.8 128.1 125.2 123.5 121.1 118.3 116.3 114.3 112.2 109.5 108.4 106.7 100.9 95.3 90.5 84 80.1 76 72.5 69.5 66.5 62.1 55.3 49.6 44.2 35.8 29.9 23.8 19.1 17 17.3 18.1 17.7 17.3 16.8 16.3 16.4 16.5 16.6 16.7 16.5 16.4 13.9 3.7 -1.5 -1.5
209.1 203.3 196.8 193.1 189.5 188.6 186.7 185.1 184 182 178.9 178.3 177.2 176.6 175.6 173.3 171.4 168.8 166.8 163.2 159.3 156.5 152.9 148.5 144.6 142.1 139.4 137.8 137.1 136.4 135.4 134.8 133.2 131.4 128.3 125.7 123.1 121.5 119.1 116.5 114.7 113.1 110.3 107.2 105.5 103.5 99.8 94.9 90 86.1 80.1 74 69.5 66.2 62.9 60.3 55.6 48.5 43.9 37.9 29.7 23.4 18.7 17.4 17.5 17.8 17.6 17.4 17.2 17 16.5 16 16 16.1 16.1 16.2 16.1 3.3 -1.5 -1.5
211.5 206 203.1 197.7 196.7 194.2 191 188 185.3 182.6 180.5 178.3 177.8 175.8 174.7 173.2 170.7 167.4 164.4 160.6 158 156.3 154.9 150.6 146.3 141.2 138.3 135.7 134.4 133.2 130.8 128.9 128.8 128.3 126 123.8 121.6 118.8 115.9 114.9 114.4 111.5 108 104.8 102.1 102.5 97.8 91.7 87.9 84.9 80.7 75.3 69.7 65.4 60.9 56.8 52.6 47.4 41.1 35.7 32.1 25.1 20 17.2 16.1 17.4 17.2 16.9 16.7 16.7 16.8 16.7 16 16.1 16.1 15.5 12.4 3.9 -1.5 -1.5
214.7 210.5 206.8 203.4 200 195.9 191.8 188.2 184.4 181 178.7 176.3 177.2 173.7 172.5 169.7 167.4 164.6 162.3 159.8 156.4 154.6 153.4 149.3 144.1 141.4 140.6 139.5 138.3 137.1 134.6 131.6 127.1 123 121.7 120.1 119 116.7 114.6 111.3 110.7 108.5 105.4 102.2 99 95.9 92.2 88.2 82.9 80.2 77.9 75 69.4 65.5 62.8 61.3 57.8 50.8 43.4 35.8 32.9 25.7 22.4 16.7 14.7 15.8 16.6 16.4 16.2 16.3 16.5 16.5 16.3 16 16 15.5 15.2 5.5 -1.5 -1.5
218.1 213.2 208.1 204 200.6 196.5 191.9 187.2 183.2 181 180.1 176.4 176.5 173.5 171.4 171.3 170 166.6 165 164.1 160.6 158.6 157.5 152.8 148.9 146.5 145.4 143.8 141.2 139.3 137.4 134.9 131.6 127.4 123.7 118.6 116.5 115.2 112.3 111 107.5 104.6 101.6 99.6 96.8 94.6 92.8 90.4 87.1 82.3 79.2 76.5 73.4 72.8 72.9 69.9 65 58.2 49.6 40.5 32.6 31.4 27.8 21.3 16 14 16.1 15.9 15.9 15.9 16.1 16.2 16.1 16 15.7 15.4 15.3 15.1 -1.5 -1.5
220.8 215.4 210.3 205.6 201.4 196.7 191.8 187.3 186.7 186.4 184.7 184.5 182.2 179 175.7 175.4 173.8 170.2 169.1 167.1 165.1 162.2 159.2 154.7 152.3 150.7 148.9 146.7 143.5 141.3 139.4 137.5 135 131.7 128.1 125.3 122.3 119.6 117.7 116.3 112.6 108.7 105.8 103.9 102.3 99.5 98.9 95.4 91 86.4 82.6 80.9 80.9 82.1 80 74.5 67.4 61.4 54.8 45.3 36.7 32.4 32.1 28.3 21.1 14.8 13.4 15.9 15.8 15.7 15.8 15.9 15.8 15.6 15.1 15 15.4 15.5 -1.5 -1.5
224.4 218.7 212.6 207.5 203.5 199.6 198.1 195.9 190.8 189 187.9 186.7 184.7 182.1 182 178.7 176.8 175.3 174.5 171.1 167.8 164.4 160.9 158 155.6 153.5 152.1 149 145.8 143.3 141.4 139.5 137.6 135.3 132.8 130.2 127.8 125.4 123 120.7 118.5 115.6 110.8 106.7 104.2 101.3 99.9 98.6 97 95.2 91.4 88.2 87.5 84.9 80.9 74.4 68.6 62.2 56.2 50.7 43.5 34 30.9 33.5 25.6 19.4 12.5 12.3 10.9 15.4 15.5 15.7 15.8 15.2 14.5 14.7 14.7 15.2 15.4 -1.5
225.7 221.2 215.8 210.2 205.9 202.7 201.6 198.8 195.2 191.9 190 188.7 186.9 184.7 183.4 180.8 178.8 177.8 177.1 174.2 170 166.9 164.1 161.7 159.4 157.1 154.1 151.3 148.6 145.8 143.8 141.9 140.3 138.1 135.6 133.4 131 128.6 126.2 124.1 121.9 119.4 115.6 111.8 108 105.3 104.2 102.8 99.6 97.4 93.7 88.7 85.4 82.2 78.7 75.3 71 67.4 61.5 56.3 51.4 43.7 35 29.9 27.8 24.5 18.5 13.6 10.5 11.9 10.6 13.5 13.9 15.1 15.1 14.8 14.3 14.7 15.2 -1.5
225.9 222 217.2 213 208.5 206.2 205.1 203.7 200.6 196.8 194.9 192.9 189.7 187.2 185.9 184.2 182.4 181.1 179.6 175.3 172.4 169.7 167.3 165 162.6 162.1 157.2 154.2 152.2 148.9 146.1 144.5 143 140.9 138.8 136.5 134.1 131.7 129.5 127.4 125.3 122.7 119.9 116.5 113.9 110.8 110.1 109.3 107.1 101.1 97.3 94.8 90.6 87.3 84.4 78.2 74.3 70.8 67.1 63.1 56.9 51.1 43.1 38.8 33.6 29.5 24.1 18.2 16.7 9.9 10 9.1 9.7 11.3 14.6 14.6 14.1 14.2 14.9 -1.5
227.4 222.8 218.4 214.3 210.7 208.4 206.8 205.9 204.4 201.7 199.4 197.4 194.9 192.3 189 185.8 184.2 183.6 181.3 178.1 175.3 173.4 171.3 169 166.8 164.5 160.9 159.8 157.1 153.4 149.2 147.1 146.7 144.1 141.9 139.6 137.2 135 132.9 130.8 128.6 126 123.2 120.4 117.9 115.6 114 112.4 110.1 106 102.8 99.6 97.1 94.4 89.6 84.2 78.5 75.7 70.8 67.3 61.9 56.9 51.5 46.2 41.3 36.4 30.1 23.6 18.1 15.7 15.8 13.9 10.7 8.6 8.4 10.2 13.4 13.5 14.2 -1.5
229.7 224.4 219.3 215.3 212.9 210.6 208.3 207.2 205.6 204.2 202 200.4 198.8 196.7 193.8 190.9 188.6 186.4 183.6 180.4 178.5 177 175.7 173.7 171.8 168.8 165.7 163.5 159.6 156.5 154 152.4 151.5 149 145.1 142.7 140.4 138.3 136.2 134.1 132 129.3 126.5 123.8 121.5 119.2 116.6 114.3 112 109.1 106.4 103.6 100.5 96.5 91.1 87.4 84.2 80.3 75.5 70.7 65.2 60.6 56.6 51.3 47 41.6 34.6 28 22.8 17.4 15.9 15.2 15.1 10.2 6.6 6.2 11.7 13.1 13.8 11.3
231.6 226.2 222 217.6 214.2 211.9 210 208.7 207.5 206.4 204.9 203.2 201.5 199.2 196.7 193 190.6 188.2 184.7 182.5 181 178.6 177.8 176 174.2 171.3 168.4 165.4 161.8 159.7 157.3 156.1 154.8 153.4 148.5 145.9 143.8 141.7 139.6 137.5 135.4 132.6 129.8 127.2 124.6 122 119.4 116.8 114.3 111.8 109.2 106.2 103 97.4 94.6 91.7 88.1 83.7 79 74.4 69.7 65.2 59.1 54.6 50.8 45.5 38.2 34.7 27.8 21.2 17.6 15.9 15.7 15.6 14.6 6.2 5.4 13.5 13.7 12.3
231.9 228.1 224.3 220 215.7 213.6 212.4 211.9 212.8 211.4 209.8 208.1 205.6 201.9 198 195.4 193.3 189.9 187.6 186.1 183.1 180.2 178.7 177.1 174.9 171.9 169 166.2 164.4 164 160 158.1 155.5 152.3 150 147.6 145.6 143.8 141.9 139.8 137.3 134.8 132 129.5 127.2 124.8 122.3 119.7 117.3 115.4 112 108.4 105.5 102.2 99.2 95.8 91.4 86.7 82.6 78.8 75.4 69.8 64 60.1 56.2 50 43.8 39 33.1 23.9 24.1 16.6 15.3 15.5 15.4 14.6 7.5 4.9 4.5 5
229.5 225.6 222.1 218.6 215.4 215.1 214.5 214.2 215.9 216 214.7 212.5 209.9 206.5 202.6 197.5 194.7 191.8 189.7 186.9 184 181.4 179.8 178.2 175.5 172.6 169.8 167.6 165.7 164.9 161.8 159.4 156.8 154.3 152.2 149.7 147.2 145.3 143.6 141.9 139.3 136.7 134.2 131.6 129.4 127.1 124.9 122.5 120.2 117.8 114.4 110.7 108.6 105.9 102.9 99.6 95.2 91.2 86.9 82.8 79.3 76.4 69.5 66 62.2 56.4 50.1 46.6 37.2 34.4 32.7 27 19.7 15.4 15.1 14.8 14.6 9.6 11.1 3.9
229.8 225.5 221 217.4 215.2 214.8 214.4 213.9 217.4 218.5 218 216.1 213.8 210.5 205.8 200.6 196.6 193.6 190.4 187.7 184.8 182.7 180.9 179.1 176.2 173.5 171.3 169.1 167.1 166 163.4 161.2 159 157.2 155.2 152.1 149 147.2 145.6 143.9 141.4 138.8 136.2 133.6 131.4 129.1 126.9 124.7 122.3 119.6 116.9 114.3 111.6 109.1 106.6 103.6 99.5 95.8 92.1 88.5 84.7 79.7 74.4 71 68.1 64 56.7 50.6 47.4 44 38.6 30.6 26.7 20.3 15 14.6 14.2 14.5 12.8 4.5
226.4 225.2 222.5 218.3 214.4 214 213.4 213.1 214.3 217.9 220.3 219.3 217 213.5 207.4 204.7 200 195.2 192 188.8 186 183.9 182 179.8 177.2 175 172.7 170.6 168.7 167 165.5 163.5 160.7 159 156.9 154 151.1 149.1 147.6 145.9 143.6 140.5 137.4 135.3 133.1 130.9 128.6 126.4 124.2 121.4 119.3 116.7 113.9 112 110.8 106.6 102.3 98.8 96 92.9 89.8 85.4 81.5 77.5 74.3 69.3 60.4 57.4 54.1 49.6 42.5 39.7 37 32 25.9 20.8 15.2 13.9 10.5 10.8
224.1 222.9 220.4 218.4 215.1 212.8 212.5 212.3 212.1 212.2 214.8 217 216.7 214 209.6 205.7 201.7 196.9 193.6 190.1 186.6 184.9 183.1 180.9 178.6 176.4 174.2 172.1 170.2 168.5 166.9 165.4 162.6 160.7 158.4 155.7 153.2 150.7 148.9 146.8 144.7 141.4 139.1 137 134.8 132.6 130.4 128.3 126.1 123.3 121.8 119.3 116.6 115.3 112.8 109 105.7 103.1 100.3 97.3 94.3 91 86.9 81.9 76 70.9 67.5 64.5 59.7 54.4 51.4 48.2 43.6 38.8 33.9 28.7 23.3 19.3 14.7 7.8
222.8 220.8 219.1 216.9 213.8 211.1 210.8 210.9 211.4 211 209.5 210.2 210.7 210.2 209 206.1 202 198.4 194.9 191.4 187.9 185.4 183.7 181.8 179.9 177.8 175.6 173.6 171.3 169.7 168.1 166.5 164.7 162.3 160 156.9 154.4 151.9 149.5 147.3 144.9 142.8 140.8 138.7 136.6 134.4 132.2 130.2 128 125.8 124.3 122.1 119.6 117 115.8 112.5 109.5 106.6 104.1 101.4 97.8 93.7 89.9 85.8 80.9 77.6 74.6 69.6 63.8 58.9 56.4 52.8 48.8 44.8 40 34.3 29.6 25 20.2 14.9
221.6 219.6 217.5 215.3 212 209.6 208.9 208.6 208.5 209.4 208.3 207.9 207.5 206.7 205.8 204.3 202.2 198.8 196.1 192.7 189.1 185.9 184.2 182.3 180.3 178.5 176.7 174.4 172.6 171 169.3 167.7 166.2 164 161.6 158.5 155.6 153.2 151 148.9 146.9 144.8 142.6 140.4 138.3 136.1 134.1 132.1 129.8 128.2 126.7 124.5 122.3 120 118.5 115.8 112.8 109.5 107 104.7 100.4 97.3 94.4 91.1 86.8 83.1 79.1 73.9 70.4 65.1 60.8 56.8 53 49.2 44.5 39.8 34.7 28.2 25.9 20.7
220 217.8 215.6 213.6 210.4 208 207 207.5 207.6 206.9 206.2 205.3 204.2 203.2 202.3 201.2 199.5 197.8 195.7 193 190.2 186.9 184.6 182.8 181 179.3 177.6 175.5 173.9 172.2 170.6 169 167.4 165.8 163.2 160.1 157.1 155.1 153 150.9 148.9 146.7 144.5 142.3 140.1 138.3 136.2 134.2 131.7 129.7 127.7 126.1 124.6 122.7 120.3 117.8 114.6 111.3 109.3 108 105.1 102.2 98.5 93.7 89.7 86.2 82.6 78.7 74.1 68.8 64.8 61.2 57.6 53.3 48.7 44 37.2 32.1 29 25.7
217.9 215.7 213.6 211.5 209.1 205.9 204.4 204.4 205.1 204.6 203.2 202.1 200.9 199.8 198.8 197.8 196.6 195.3 193.9 192.1 190 187.2 185 183.4 181.7 180.1 178.4 176.8 175.1 173.5 171.8 170.2 168.6 166.9 164.6 161.4 158.9 156.9 155 152.9 150.8 148.6 146.4 144.1 141.9 140.2 138.8 136.4 133.3 132.2 130.5 128.5 126.9 124.4 121.8 119.3 116.3 113.6 111.8 110.1 109 106.1 100.9 96.5 93 89.3 85.8 81.6 77 72.9 68.9 65.2 62.1 56.9 52.5 45.4 37 38.5 33.8 28.9
215.9 213.5 211.3 208.4 206.4 203.8 201.9 202 201.2 201 200.1 198.8 197.6 196.6 195.5 194.5 193.4 192.4 191.4 190.1 188.2 186.6 184.9 183.2 181.5 179.8 178.2 177.3 176.2 174.6 172.9 171.3 169.6 168 165.5 162.7 160.7 158.7 156.7 154.8 152.5 150.4 148.2 145.9 143.7 141.9 140.6 137.8 135.4 134.3 132.9 131.1 128.8 125.9 124.4 121.7 118.8 116.5 114.1 111.9 109.8 106.3 102.9 99.9 96.9 93.1 89.1 84.5 79.7 76.2 72.9 69.2 64.3 59.3 53.5 47.1 45.8 42.5 37.2 31.9
215.3 212.5 209.4 206.8 204.7 202 200.3 199.5 198.9 197.8 196.8 195.5 194.3 193.3 192.3 191.4 190.2 189.1 188 187 186.1 184.8 183.3 182.1 181.1 179.6 177.9 177.1 176.2 175.4 174 172.4 170.7 169 166.3 164.3 162.4 160.4 158.5 156.1 153.3 151.3 149.3 147.3 145.3 143.5 142.1 140.5 138.8 136.1 133.8 132.1 129.9 128.3 126.9 124.1 122 119.7 117.3 114.7 111.5 109 105.5 102 99 96.3 92.2 87.7 82.7 78.2 75 71.8 66.6 62.4 53.7 50.5 50.2 46.3 41.2 34.9
213.8 210.7 207.8 205.8 203.6 200.9 198.4 198.6 197.3 195.3 193.6 192.2 191 190 189.1 188.3 187 185.7 184.7 183.7 183 182.3 181 179.9 178.8 177.8 177.1 176.6 175.9 175.1 174.3 173.4 171.8 169.8 167.8 165.9 164.1 162.2 160.2 157.3 154.8 152.9 151.1 149.3 147.4 145.4 143.5 141.9 140.1 137.6 136 134.2 132 130.7 129.4 126.8 124.8 122.8 120.2 117.3 113.5 110.2 106.9 103.6 100.5 97.7 94.7 90.9 85.8 80.6 77 74.1 69.9 63 57 53.7 52.9 47.1 43 41.5
212 208.9 207 205.5 202.8 200.7 199 197 195 192.9 191.2 189.5 187.7 186.9 186 185.1 183.8 182.4 181.4 180.5 179.9 179.2 178.5 177.6 176.5 175.9 175.7 175.3 174.7 174 173.4 172.8 172.1 171.2 169.4 167.6 165.7 163.8 161.7 159.2 157.1 155.1 153.3 151.4 149.4 147.5 145.5 143.6 141.7 140.1 138.5 136.8 134.5 132.1 130.8 129 126.5 123.8 121.3 119.5 116.7 112.8 108.8 105.9 103.1 99.7 95.2 92.9 88.2 82.9 78.6 74.7 69.7 65.3 59.9 60.7 53.4 52.5 48.6 44
209.9 207.7 206.2 205.1 201.4 199.6 197.6 195.1 192.7 190.6 188.9 187 184.5 183.4 182.9 181.9 180.5 179.1 178.1 177.5 176.9 176.3 175.7 175.1 174 173.9 174.3 174.1 173.4 172.8 172.2 171.3 171.2 171 170.2 168.8 167.4 165.3 163.3 161.3 159.3 157.3 155.4 153.3 151.2 149.1 147.1 145 143.2 141.6 140 137.8 135.7 133.8 131.9 129.9 127.8 125.3 122.4 120.2 118.4 115.2 112.4 108.4 105.4 101.7 97.2 93.4 90.3 85.4 81 76.7 71.8 67.2 66.6 62.3 58.6 54.1 50 46.1
206.8 205.3 204.1 202.7 200.2 198.2 195.7 193.2 190.8 188.3 186.3 183.8 181.3 179.9 179.2 178.7 177.6 176.2 175.2 174.6 174 173.5 172.9 172.6 171.5 171.8 172.3 172.7 172.2 171.2 170.6 170.4 170.3 170.1 169.9 169.2 167.8 166.5 164.6 163 161.1 158.9 156.7 154.7 152.6 150.6 148.5 146.4 144.7 143.1 141 138.8 136.6 134.6 132.7 130.7 128.6 126.5 124.3 122 119.7 117.3 114.1 110.3 107.1 103.1 99.1 95.8 92.4 87.8 83.4 79.7 76 71.3 68.9 66.5 60.6 57.2 52.7 47.7
203.4 202.8 201.2 200.1 198.8 196.3 193.8 191.4 188.9 186.3 183.2 180.6 178.1 176.7 175.2 174.7 174.2 173.6 172.3 171.7 171.2 170.7 170.1 170.1 169.3 169.8 170.3 170.6 170.3 169.9 169.7 169.6 169.4 169.2 169.1 168.9 168.2 166.9 165.6 164.3 162.7 160.3 158 156 154 152 149.9 147.8 146.3 144.2 142 139.8 137.6 135.5 133.5 131.5 129.4 127.3 125.1 122.8 120.6 118.3 115.2 112 108.8 105.7 102.5 98.5 94.6 90.4 86.4 82.9 79 74.9 72.5 69.2 63.7 57.6 53.7 52.1
197.3 199.1 199.2 198.7 197 194.5 192 189.5 186.9 183.6 180.4 177.5 174.9 173.3 171.7 170.5 170 169.5 169 168.8 168.4 167.8 167.3 167.3 167.2 167.6 167.9 168.1 168.3 169 168.9 168.7 168.6 168.5 168.3 168.1 167.9 167.2 165.9 164.7 163.4 161.6 159.4 157.3 155.3 153.4 151.3 149.4 147.4 145.2 143 140.8 138.6 136.5 134.3 132.3 130.2 128.1 126 123.7 121.7 119.3 116.1 112.7 110.4 108.1 106.1 102.6 98.8 93.5 90.6 86 82.1 78.9 75.6 70.6 67.7 61.4 58.1 56.2
192.3 191.8 193.3 193.9 193.6 192.8 190.2 187.5 184.6 181.6 178.6 175.8 172.9 170.1 168.1 166.4 165.9 165.4 164.9 163.9 164.1 164.2 164.3 164.2 164.4 164.8 165.2 165.6 166.4 167.3 168 167.9 167.8 167.7 167.5 167.3 167.1 166.9 166.3 165.1 163.8 162.1 160.4 158.5 156.6 154.6 152.6 150.6 148.4 146.2 144 141.8 139.7 137.5 135.3 133.1 131 128.9 126.8 124.8 122.9 120.6 117.8 115.1 112.6 110.4 107.6 104.4 101.2 98.2 94.5 89.8 87 81.9 76.7 73.3 71.5 67.9 63.6 59.8
190.4 189.1 187.6 187.8 188.5 187.9 186.2 184.6 182.8 180.3 177.4 174.5 171.6 168.6 165.8 163.2 161.7 161.4 160.3 159.1 159.2 159.3 159.8 160.6 160.7 161.2 161.4 162 163.3 164.3 165.3 167 167.1 167 166.8 166.6 166.3 166 165.4 165 164.3 162.5 160.6 158.7 157 155 153 151.1 149.2 147.2 145.3 143.3 141.1 138.9 136.7 134.6 132.5 130.4 128.2 125.9 123.9 121.8 119.4 117 114.8 112.3 109.6 107 104.9 101.1 97.7 95.9 91.4 84.4 82.8 78.2 73.3 69.2 65.2 61.6
186.6 185.7 184.2 182.5 183 183.4 183.2 181.5 179.7 177.9 175.5 172.9 170.1 167.3 164.4 161.6 158.1 157.5 155.8 154.2 154.4 154.8 155.4 156.3 157 157.2 157.5 158.6 159.9 161.2 162.4 163.9 165.1 166.2 165.9 165.6 165.3 164.8 164.2 163.7 163.1 162.6 160.7 158.9 157.3 155.4 153.4 151.6 149.6 147.7 145.7 143.8 141.8 139.8 137.9 136 133.9 131.8 129.7 127.3 125 122.8 120.5 118.7 116.4 113.9 111.3 108.9 107.2 104.5 100.9 98.8 92.3 89.4 87.7 81.6 78 73 69.2 64.2
179.3 179.8 178.8 178.6 179.1 179.4 179.3 178.6 176.8 175 173.2 170.8 168.1 165.3 162.9 161.1 158.4 155.6 151.7 149.8 149.7 150.5 151.2 152.2 153 153.3 153.9 155.2 156.4 157.7 158.9 160.1 161.3 162.5 163.7 164.1 164.3 163.3 162.7 162 161.4 161 160.6 159 157.4 155.8 153.8 152 150.1 148.2 146.2 144.3 142.4 140.5 138.7 137.1 135.3 133.2 131.1 128.7 126.3 124.3 122.6 120.5 117.9 115.8 113.4 112.6 111.5 108.3 103.7 99.9 96.1 94.7 89.3 85.8 83.9 78.7 73.4 70.5
170.2 171.1 173.3 174 174.5 174.7 174.9 175.1 173.9 171.9 170.2 168.6 166.5 164.2 162.4 160.8 158.8 156.1 152.6 149.8 148.4 147.5 147.3 148.1 148.8 149.3 150.3 151.5 152.8 154 155.2 156.3 157.5 158.7 159.6 160.2 160.7 161.1 160.5 160.3 159.7 159.3 159 158.6 157.4 155.9 154.1 152.2 150.1 148.1 146.7 145 143.1 141.2 139.5 137.8 136.3 134.7 132.5 130.1 128.2 126.5 124.7 122.9 120.8 118.7 115.4 114 111.7 109 106.7 102.2 100.3 96.3 92.5 89.7 88.9 85.4 79.6 76.8
165.6 166.6 168.5 169.5 169.8 170 170.5 171.5 171.6 170.1 169 167.3 165.4 163.7 161.9 160.3 158.7 156.6 153.6 150.8 149.8 148 146.6 145.4 145.1 145.5 146.7 147.9 149.1 150.2 151.4 152.6 153.8 154.7 155.4 155.9 156.4 156.9 157.4 157.8 158 157.5 157 156.4 155.8 154.3 152.7 151.5 149.9 147.8 146.1 144.7 143.4 141.9 140.2 138.6 137 135.5 134 131.8 129.6 127.9 126.4 125.1 123.7 120.6 117.5 115.3 113.5 111.6 108.8 106.2 103.3 100.1 97.5 94.6 92.4 89.5 86.1 81.9
