Game/Highland_Data/StreamingAssets/GeoData/Data/nh/NH60.asc
ncols 200
nrows 200
xllcorner 260000
yllcorner 800000
cellsize 50
[rows 140 to 174 of 200, columns 78 to 155 of 200]
663.7 660.6 660.2 664.7 671 677.8 680 684.7 691 697.9 708.3 718.7 729.6 740.4 759 784.1 812.4 844.2 845.3 845.1 842.3 837.1 827.6 817.4 803.8 788.5 772.1 755.3 736.9 717.4 695.1 672.6 649.8 630.5 613.8 600.2 587.5 573.1 565.8 569.1 580.5 595.4 614.1 635.1 660.4 681.3 703.2 730 764.6 798.2 829.7 851.2 865 876.3 883 885.5 883.8 880.6 874.6 869.6 863.4 856.1 848.7 841.5 832.5 824.4 814.2 801 792.7 786.1 782.1 777.2 773.2 768.2 763.3 759.8 757.4 755.7
662.6 658.9 658.7 661.9 664.9 672.1 675.6 681.9 683.1 690.3 697.7 708.7 717.6 727.9 739.8 760.5 789 811.8 829.8 834.9 833.1 826.5 817.4 806.2 794.7 778.6 763.8 749.6 729.2 708.9 687.3 661.9 641.1 621.4 607.9 597 582.7 572 564.3 568.7 584.2 598.7 619.6 642.6 668.7 691 719.5 746.8 779.4 811 839.5 858.9 869 876.3 880 881 877.9 872.9 867.5 861.4 854.5 848.5 843.1 836.4 828.3 818.7 805.8 795.9 787.2 781.1 776.6 773.2 768.4 762.9 757.3 755.3 753.5 750.9
660.4 658.3 657 659.7 664.9 666.9 668.2 673.8 674 679.3 688.6 696.8 708 717.1 726 737.4 755.9 785.9 804 824.6 823.3 816.2 806.4 795.4 783.7 768.7 754.8 741.8 718.2 698.2 676.5 652.7 632.3 617 605.3 593.4 579.9 563.5 560.8 568.5 584 601.2 624.5 649.9 673.9 697.5 729.4 766.7 801.4 830 846.3 860.9 868.5 872.4 874.2 872.9 869.4 863.5 857.6 851.5 846.8 842.1 837.4 829.1 820.2 810.7 799.8 790.4 782.3 774.7 771.5 766.8 762.6 757.5 750.9 750.1 748.2 745.3
658.4 656.8 656.9 659.5 659.9 665.8 665.7 667.1 667.6 671.2 678.8 687.6 696.8 706.9 717.1 723.3 735.2 757.3 785.1 816.5 812 805.5 795.8 784.9 771.5 756.2 745.2 729.3 707.4 686.7 666.1 643.9 627.3 611.2 600.9 588.5 581.2 559.5 556.9 574.1 583.3 605.5 628 655.8 677.7 706.5 738 777.4 806.4 834 852.7 861.7 866.5 868.5 867 864.1 859.7 853.9 847.3 842 838.7 834.9 830.4 823.4 815.2 802.8 792.6 782.5 775.6 770.4 765.3 760.7 755.2 748.5 746.4 744.5 741.8 739.3
657.9 654.8 656.6 656.9 658.3 661.1 659.9 660.7 663.5 665.5 672.6 680 686.9 695.7 707.5 716.5 725.8 741.4 772.9 804 800.3 794.4 784.7 773.3 758.7 745.8 734.4 714.6 696.3 675.7 655.7 636.1 620.5 607.2 596 587.2 580.3 553.5 556.4 571.6 584.9 608.3 633 658 679.8 712.6 749.4 787.7 817 842.3 854.7 860.9 860.8 861.4 858.3 853.9 848.4 838.6 832.9 830.3 828.2 827.3 824.9 817.6 807.5 795.8 785.7 778 770.8 764.2 758.5 753 746.6 743.7 740.4 737.6 734.8 731.9
657.6 653.4 654.8 655.3 654.7 655.8 653.3 653.2 657.5 661 666.8 673.2 680.2 688.1 695 704.8 712.8 730 761.2 784.6 788.4 783.2 772.5 759.3 746.8 736.1 719.2 702 684.6 666.2 645.6 629.3 615.6 602.9 592.7 584 573.7 554.3 553.3 568.5 586 610.1 636.5 660.5 682.8 715.1 754.5 800.3 830.7 848.4 855.3 856 853.8 851.7 847.2 842.3 833.7 826.3 824.1 822.4 821.3 821.8 818.9 810.4 801.1 791.3 782.9 775.5 767.2 759 753 746.5 739.4 735.9 732.4 729.6 729 725
655 650.8 653.7 654.1 653 650.3 649.4 646.5 651.6 654.9 658.7 664.7 670.9 679.9 686.3 692.4 701.1 718.1 740.5 760.8 776.1 773.3 761.5 747.8 736 723.5 705.8 689 669.3 652.9 637.1 625 611.5 598.1 587.5 577.1 573.4 557.8 549.5 569.6 586.8 613.1 639.9 663.7 687.2 718.2 760.8 799.5 837.1 850.9 852.8 849.9 845.9 840.7 834.7 827.7 819.4 814.3 812.9 814 815.4 815.3 811.7 804.3 796.2 788.6 781.1 771.4 762.8 754.7 746.2 739.1 733.6 728.4 725.2 723 721.5 719
659 652.4 648.9 650.1 650.5 649.5 646.2 645 648 650.3 652.5 659.5 664.4 671.4 678.9 683.2 690.9 703.1 718.7 735.4 759.9 757.9 746.3 734.1 722.9 708.4 693.3 672 655.6 643.2 631.4 619 607.6 596 586.1 568.6 568.3 548.1 548.5 570 589.2 614.9 642.9 667.1 693.8 724.8 765.4 804.8 838.6 849.1 847.4 841.5 836.4 828.4 820.7 812.7 807.5 805.2 804.3 806.8 808.8 809.6 807.2 803.4 794.5 786.9 777.6 766.8 757.3 748.7 738.7 731.1 728 724.1 719.5 717.1 716.2 712.7
664.2 656.3 650.7 646.7 645.9 647.8 645.2 644 645.9 643.4 645.3 649 656.6 662.9 670.2 674.9 678.9 689.6 701.1 713.6 732.5 733.6 726.5 714.3 702.3 691.9 677.8 658.7 645.3 634.7 625.3 614.2 605.4 595.6 585 567.4 560.1 543 554.9 567.4 588.3 615.8 644.3 670.2 699.6 732.8 768.5 809.3 836.3 844 839.6 831.2 822.1 813.2 805.5 799.9 795.2 793.6 795.3 798.1 803.6 806.9 809.3 803.9 794.2 785.1 775.3 762.2 752.5 742.7 732.3 727.9 723.2 718 713.5 712.9 710 707.4
669.8 658.6 651.8 649.6 648.7 639.7 641.7 641.6 640.5 637.8 637.2 640.5 647.5 654.8 662.3 667.6 671 677.5 686.5 698.6 707.1 709 703.6 692.8 679.9 672.3 659.6 645.5 635.9 627.8 619.9 611.7 604.2 594.2 583.4 567.7 555.4 540.3 553.2 563.9 584.8 615.4 645.6 673.4 703.4 736.7 777.5 816 832.1 834.5 827.8 815.5 805.6 797.2 790.6 785.5 780.6 778.1 782.8 792.2 801.4 808 810.9 802.7 794.4 782.9 771 757.7 748.2 736.1 729.7 723.3 716.8 712.5 710.4 705.6 702.4 700.8
673.3 660.7 654.7 650.8 648.5 643.8 636.3 637.2 635.2 634.2 633.2 633.4 640.9 648.3 654.5 659.7 664.5 669 674.2 681.2 686.6 688.2 681.1 673.5 662.2 653.2 644.1 636.7 628.4 620.4 614.6 608.4 603.6 592.9 583.2 565.6 542.1 540.5 550.8 563.5 583.5 616.1 645 674 706.3 743.6 791.4 819.7 822.7 819.6 809.7 797.6 784.9 776.1 769.1 765.1 761.2 760 773.8 789.9 802.1 809.4 812.2 803 793.9 779.1 765.6 754 742.1 733.9 724.5 722.7 718.2 712.3 708.4 705.4 700.3 687.8
679.1 662.3 655.6 650.5 646.3 640.8 637.3 632.1 632.5 632 629.2 627.1 631.7 640.4 645.8 653.6 657.6 661.7 663.9 667.5 671.6 671.4 662.9 655.9 648 640.3 634.6 628.7 624 616.7 610.3 607.6 603.1 588.9 581.9 573.8 544.6 534.3 548.7 555.7 585.4 614.2 644.2 671.5 701.7 749.2 797.5 810.7 808.4 801.9 790.5 774.1 760.7 750 744.3 742 735 750 772 789.7 802.4 811 808.5 801.4 790.5 773.5 760.6 748.8 737.5 727.3 728.9 722.8 718.2 713.2 707.9 703.9 698.1 691.1
685.2 670.9 661.3 652.4 646.1 638.8 635.2 633.3 629 624.5 622.4 621.6 623.8 630.4 637.6 645.4 650.1 653.1 654.8 656.6 658.3 656.8 649.4 643.6 638.4 633.1 627.8 622.5 618.8 613.3 608.5 602.9 601.1 588.7 577.2 570.2 549.7 531.7 543.4 552.2 580.2 608.3 635.4 666.1 702.1 738.2 780.4 795.9 792.5 781.6 766.9 750.1 734.5 722.4 714.8 713.7 719.8 748 772.5 790.6 803.2 810 804.8 797 782.6 764.8 755 741.3 740.6 736 732.9 728.9 723.8 717.5 712.8 706.3 701 694.1
692 678 665.5 653.3 644.7 635.9 632.2 630.8 627.4 624.1 622.3 619.4 617.5 623.9 629.7 636.1 641.3 647.1 648 645.3 644.6 643.5 638.9 635.1 631.8 626.8 622 615.4 609.6 605.4 602.2 603.5 602 587.9 578.3 568.8 555.4 529 539.7 547.6 575.9 603.1 630.3 657.9 689 723.9 759.5 770.5 761.5 748.2 736.9 722.9 711.1 696.5 690.8 683.7 718.2 748.1 773.2 791.4 806.4 805.9 797.9 786.9 772.3 760.4 750.3 753.1 749.4 744.9 740.5 735.5 729.3 723 716.5 709.3 700.9 691.9
697.7 681.9 670.5 655.6 641.7 634 630.8 628.3 625.5 622.9 619.4 620.3 615 620.3 623.3 627.2 633.4 638.2 643.9 638.2 638.6 637.3 633.8 629.8 625.5 620 614.6 611.9 608.8 606.2 600 597.2 598.9 586.6 579.2 566.5 550.2 525.8 531.2 548.9 572.1 595.3 622 646.5 675.9 703 727 731.7 728.2 719.1 708.4 696.9 685 671.1 658.2 688.3 722 747.8 771.1 787.1 798.4 799.4 791 776.5 765.7 755.8 761.2 765.2 760.6 755.5 750.7 744.6 737.7 730.9 721.1 709.7 699.6 690.7
703.8 685.4 671.3 659.4 643.8 634.7 629.6 629.1 626.3 622.9 620.5 620.7 617.1 612.1 617.5 620.5 624.1 627.1 628.7 629.7 630.2 629.8 626.9 622.2 616.1 608.7 607.4 607.4 606.8 605 599.9 593.9 592.1 589.7 578.9 569.3 553.9 528.3 524.8 544.1 564.7 585.2 612.4 635.5 660.3 676 684.4 688.7 691.4 687.6 680 670.5 656.7 638.9 657.8 691.2 721 745.1 762.4 777.1 786.4 790.2 781.4 770.2 763.6 764.2 775.1 776.4 773.6 768 760.6 754.1 746.7 734.4 720.7 708.1 699.1 689.2
708.9 689.1 676.6 663.2 649.7 638.6 630.4 628.1 626.3 625.3 620.7 613.5 614 608.2 610.9 611.3 616 617.3 620.2 621.5 621.6 621.5 619.8 617.6 610.3 607.1 606.6 603 605.8 602.4 600.5 595.8 592.2 590.3 577.3 568.9 555.5 534.1 519.9 536.6 554.6 574 593.1 613.4 631.3 645 649.7 652.7 657.2 656.2 652.6 642 627.7 627.5 660.2 690.3 715.5 736.9 754.1 763.4 774 779.2 773.9 768.7 768.3 783.1 787.9 788.1 784.9 775 765.4 756.2 743.8 732.3 720.3 709 699.7 690.3
715.2 693.2 680.3 671.3 654.6 643 634.9 631.2 630.9 628.1 624.5 617.8 611.2 604.6 609.6 605.9 610.9 609.2 610.8 613.3 611.3 612.3 613.7 609.8 604 603.2 603 603 605 604.4 602.5 599.6 593.4 585.2 578.2 570 560.1 544.2 516.1 526.8 544.6 556.9 571.1 591.6 606.1 615.3 620.2 623.8 627.1 628.8 627.5 617.8 599.6 629.4 655.8 682.1 706.7 724.9 739.3 749.7 760.8 765.5 767.3 772 783 795.8 799.3 797.4 793.5 779.2 765.9 754.4 742.6 731.7 720.6 709.8 700.6 691.6
723.5 701.2 683.5 674.8 665.6 653.7 641.9 635.3 633.4 630.5 626.3 619 613 608.9 601.9 596.3 599.8 600.5 600.3 603.1 603 604.8 605.6 602.1 600.3 602.5 601.4 600.9 602.1 604.5 603.2 601.3 595.7 589.7 579.3 572.5 563.3 546.8 513.8 517.3 529.4 541.2 551.5 567.6 579.6 586 590.7 593.4 595.8 600.6 605.6 596.4 599.5 625 650.1 674.2 694.4 710.6 724.2 736.8 748.3 758.9 765.7 776.1 790 802.2 806.6 803.1 799 783.2 766.9 753.5 744.2 731.5 720.3 711 701.8 694.2
735.7 712.4 692.8 681 672.9 663.7 651.6 642 636.9 633.9 629 623.4 615.9 611.7 607.5 602.9 598.3 594.2 593.9 592.5 595.4 596.4 599.6 596.9 596.6 598.8 597.9 596.8 600 603 604.1 604.5 600.2 591.7 581.9 573.4 566.2 552.7 522.5 508.2 514.7 523.4 532.7 545.3 554 558.3 561.6 565.1 569 575.2 580.7 574.9 583.7 613.8 639.9 662.6 680.3 695.1 710 726.4 740.9 753.9 765.2 777.6 793 804.8 809.6 809 802.1 786 769.5 757 745.5 731.2 721.5 713.6 704.3 695.9
750.9 728.3 708.7 692.1 682.1 672.3 661.9 651.6 642.8 638 632 626.7 619.9 613.6 610.2 605.2 598.8 584.4 580.2 584.3 586.9 586.6 593.9 594.9 592.8 593.7 591.6 593.4 596.2 599.7 602.8 605.1 603.6 596.7 587.4 578.1 567 558.3 540.9 516.4 505 509.4 512.2 524.8 532.2 534.9 537.6 540.6 542 547.4 556 551.7 572.1 603.7 627.2 645.2 664.4 681.4 697.4 714.1 732.3 748.8 761.7 775.6 791.9 806.8 812.7 807.2 799.9 787.5 768.5 754.5 742.5 730.2 723.8 716.9 708.8 695.2
766.7 746.5 727.2 707.1 694.4 681.5 668.4 661.1 652.9 643.4 637.3 630.1 623.5 618 612.3 605.1 597.9 592.1 581.1 580.7 578.5 582 585.7 588.1 587 588.2 586.1 590 593.6 597.3 602.8 604.2 603.3 600.1 592 581.4 568.6 559.6 539.9 517.7 507.1 500.6 500.3 506.6 510.6 515.9 516.5 518.6 522.2 524 533.1 526.5 562.5 587.9 609.3 625.5 644.7 665.8 685.3 704.9 724.1 741.8 758.4 774.6 789.9 804.2 807.8 807.8 801 783.2 768.7 758.1 746.1 731 722.6 713.1 705.3 693.5
784.4 763 744 724.5 702.3 686.4 672.8 664.1 658.1 652 643.8 634.4 627.2 619.7 613.7 604.9 597.1 590.4 589 571.4 568.4 573.5 579.9 580.7 580 582.9 582.9 586 589.5 595.7 602.2 603.7 603.9 604.9 597.3 582.1 569.3 559 533.3 543.9 533.3 504.3 498.7 493.8 496.2 499.4 498.6 496.1 503.5 509.9 516.8 524.3 546.7 567.2 588.3 607.4 626.7 649.9 672.8 698.5 718.4 736.6 756.3 772.8 789.3 807.2 806.8 803.1 793.5 781 769.1 757.5 743.8 734.8 718.2 709.6 698.6 690.2
801.7 775.1 759.2 740.8 714 689.7 676.5 669.7 660.8 652.9 644.2 634.1 625.6 618.5 610.1 601 592.7 586.6 582.2 577 566.5 566.8 570.2 573.7 573.1 576.6 579.5 580.6 586.4 594.5 599.4 600.6 601.9 605.5 600.3 579.3 567.8 552.4 536.5 551.6 542.8 528.3 522.5 493.2 485.4 486.5 484 493.9 485.6 496.4 501.6 513.5 527 546.4 565.9 586.5 609.6 634 662.8 688.9 712.3 733.7 755.8 774.9 791.7 804.9 800.5 797.2 790.7 776.4 764.9 751.7 739.5 727.7 712.8 699.8 689.5 682.9
822.4 794.4 775.5 753.6 723 696.2 678.6 673.1 663.6 650.1 641.4 633.8 622.5 615.7 607 596.7 589.2 583.5 579.5 575.2 569.1 557.9 565.5 565.7 567.9 571 573.7 578.2 582.7 590.4 594.9 597.5 598.3 600.9 596.2 578.4 564.9 545.2 552.8 553.7 549.5 542.5 531.5 512.1 492.5 481.9 480.8 479.1 481.2 486.5 490.8 497.9 509.7 526.9 545.9 566.2 589.6 615.3 644.4 670.9 704.6 733.2 756.4 776.1 792.3 799.2 796.9 794.5 780.2 767.3 754 742.2 731.6 720.1 706.8 696.2 680.1 673.2
847 814.9 789.3 765 736.6 702.3 682.8 669.1 657.6 653.4 640.6 628.9 618.5 611.2 602.2 592.2 584.8 580 576 572.1 566.7 553.2 559.9 560.8 561.1 564.6 566.5 572.9 577.3 583.6 588.5 593.7 595.4 593.2 587.7 573.6 560.4 546.2 560 560.1 557.5 552.5 540.1 525.5 511 492.2 476.8 474.4 472.7 477.5 478.3 484.3 493.2 507.8 524.6 547.3 567 592.2 621.2 656.8 689 721.8 751.8 774.8 791 790.4 787.8 782.1 769.9 755.2 742.7 734.1 725.5 712.4 696.6 683.9 676.2 658.3
871.3 834.3 804.7 777.9 742 710.4 685.7 670.6 654.3 641.4 629.6 624.6 613.1 606.4 598.3 588.4 581.8 576.7 572.8 569.4 562.6 549.2 551 554.7 554.9 557.2 561.2 567.4 571.1 577.5 583.1 587.7 590.5 589.4 584.2 570.4 552.9 549.7 563 567.2 566.2 561.5 553.3 536.9 524.1 509.7 496.2 480.5 470.8 468 468.5 469.3 478 491.2 507 526.4 544.6 567.7 597.2 631.4 666.1 698.6 734.3 765.7 779.3 777.9 773.7 772.2 754.5 739.1 726.9 719.4 716.1 700.4 678.6 668 655.5 639.6
885.5 848.6 813.7 779.3 747.4 715.7 691.3 671.2 651.2 635.8 624.9 614.7 605 598.4 590.6 584.7 577.8 573.5 570.1 565.9 560.3 552.3 541.2 547.1 546.6 549.3 556.9 560.8 565.7 571.6 576.1 580.7 584.6 585.8 575 566 552.4 555.8 566 571 574.4 570.7 561.9 551.3 537 520.1 505.8 491.6 477.1 467.2 464.3 465.6 466.9 475.1 488.7 507.2 523.5 549.2 573.9 601.4 630.3 664.1 703.9 732.4 749.1 758.5 750.4 747.8 736.2 723.1 710.7 701.8 690.4 674.1 657.3 647.6 635.3 621
873.8 838 802.8 772.6 744 718.5 690.8 668.9 646.7 631.3 619.4 609.7 601.5 591.9 581.7 575.5 573 569 564.4 560.2 558.4 552.7 539.1 536.2 541.4 546.2 550.2 555.2 560.6 565.7 568.8 573.2 577.8 574.9 569.5 562 551.3 558 568.5 577.2 580.7 580.3 572.2 562.5 550.8 533 518.4 501.6 484.4 471.2 463.3 459.2 461.9 462.7 473.5 490.6 509.5 531.8 554.2 577.5 605.6 635.4 662.4 692.5 716.8 732 726.6 723.2 714.5 701.2 692.7 681.8 661.7 648.6 635.5 622 612.2 598.5
854 819.2 789.7 759.9 739.6 714.4 687.9 665.6 645.2 627.5 615.1 605.9 598.3 586.6 578.2 571.8 565.1 559.8 557.2 552.2 546.8 543.1 539.9 530.2 530.5 540.9 545.7 549.9 555.2 559.6 564 567.7 570.3 567.2 563.3 556.8 551.1 559.8 569.6 581.9 588.9 587 583.2 574.8 564.8 549.2 530.8 512.8 496 480 469.5 457 457.8 457.2 461.6 473.4 493.4 515.4 533.6 554.5 577.2 596.1 615.5 652.3 682.9 701.4 699.1 696 689.1 679.1 668.4 655.7 640.3 621.2 610 594.6 580.6 567.6
840.2 806.1 775.1 752.2 734 706.7 686.3 664.6 644.8 625.8 612.6 602.5 591.8 583.3 574.3 567.6 561 554.9 550.4 544.9 540.4 536.4 533.5 527.9 525.1 533.9 539.2 543.8 549.1 553.2 557.9 562.8 565.6 562.1 557.9 551.8 554.3 563 576.5 594.6 598.2 595.4 594 585.6 575.7 566.1 547 526 509.7 491.9 475.6 464.8 453 450.7 452.8 459.5 481.2 499.4 513.9 531.4 548.6 566.4 582.6 605.8 639.5 657.4 673.9 668.4 660.6 648.6 642.5 629.6 613.1 599 582.5 574.2 567.1 544.9
831.1 797.2 766.9 745.5 728.1 702.7 683.9 666.1 644.4 622.7 609.4 597.5 587.8 581.7 573.8 564.4 555.1 548.3 543.6 538 533.3 530 527.8 525.1 520.4 528.4 534 537.2 542.7 549.1 553.9 558.9 560.1 557.2 552.3 552 558.1 564.4 587.3 605 610.3 613 607.5 601 589.6 582.2 563.9 541.4 522.9 504.8 486.2 471 461.4 448.7 449.2 450.5 467.9 487 497.8 510.5 523 539.4 555.3 572.9 589.4 618.9 636.9 634.7 625.3 621.1 609.7 597.4 586.1 574 567.1 563.4 555.1 561
825.1 794.5 762.7 738.6 718.3 699.3 683.8 665 643.2 622.5 606.3 593.3 582.4 576.3 569.5 560 550.9 543.9 538.8 533.3 531.1 527.4 522.3 519.6 515.5 522.6 526.6 531.9 537.1 546 553.1 555.1 556.7 553.3 552 555.9 561.4 571.6 591.6 607.9 619.2 625.5 623 618.5 609.6 593.9 574.4 555.5 537.6 518 496.9 480.1 465 454.9 445.8 446.1 452.4 470.8 482.8 492.5 504 516.5 531 544.6 559.6 579.9 597.4 601.7 597.4 593.4 583.1 573.9 565.5 555.9 553.9 552.7 552.3 567.5
820.8 787.8 756.3 731.4 710.1 694.5 682.7 663.1 638 620 604.7 591.1 579.9 572 564.1 553.4 546.8 544.9 534.9 530.3 527.8 522.8 521.8 515.5 512.5 519.1 521.7 526.9 534.3 541.9 548.5 552.1 554 554 556.6 558.5 563.7 577.3 592.4 612 632.4 642.4 639 638.1 625 607.2 588.7 568.6 549 528.4 511.2 491.2 471.5 463.4 449 441.3 441.6 456 467.5 474.5 485.2 496.8 509.3 524.4 539.1 552.9 566.8 570.8 573.6 573 563.8 560.1 551.7 548.4 546.9 544.4 553.8 559.4
807.8 773.8 745 721.3 705.4 690.3 676.6 654.7 632.1 615.2 601.7 589.9 579.9 569.5 559.3 549.7 539.8 532.6 527.3 524.3 522.4 523 521.2 515.7 508.4 515.2 518.1 522 529.6 537.4 543.5 549.1 553.5 557 558.1 559.1 565.3 577.8 594.3 615.6 643.7 657.2 659.9 660.7 643.8 622.3 603 579.5 559.3 540.7 523.5 504.4 483.1 470.7 456.5 444.6 436.8 442.7 455.4 460.2 466.9 477 490.5 507.3 520.1 530.6 545.8 552.1 552.7 555.6 553.3 548.6 544 540.6 540 538.5 540.5 540.2
