Game/Highland_Data/StreamingAssets/GeoData/Data/nh/NH61.asc
ncols 200
nrows 200
xllcorner 260000
yllcorner 810000
cellsize 50
[rows 35 to 69 of 200, columns 0 to 77 of 200]
566.9 553.4 531.4 512.1 513.4 522.6 536.1 546.5 551 551.2 549.4 548.8 547.7 539.4 546.8 558.3 564.8 572.8 578.9 584.4 589.9 597.4 606.5 613.7 621.2 628.4 634.2 639.8 644.4 648.5 652.3 655.9 660.3 665.9 671.5 679.8 686 693.4 699.3 704.1 709.3 710.4 709.8 708.5 706.5 707.2 712.1 715.2 718.2 716.6 714.7 711.1 694.8 696.1 702.6 693.2 686.2 684 680.6 680.8 682.6 685 687.7 693.4 697.9 702.8 707.5 714.4 717.4 720 722.1 725 729.1 733.4 739.1 742.9 746.6 747.8
551.4 534.4 515.4 521.3 541 547.6 557.9 560.1 561.3 559.5 557.1 555.7 552.2 550.1 543.1 549.7 557.6 562.2 572.7 581.3 587.1 594.5 603.8 610.5 618.1 626.9 634.2 639.8 643.5 648.1 651.5 654.6 659.3 664.4 670.4 678.4 685.3 691.7 697.7 702.7 706.1 707.8 708 708.2 707.3 709.6 712.8 716 718.6 716 713.5 708 694.1 693.8 697.6 692.7 686.7 684.8 681.9 684.2 684.4 685.2 689.6 694.8 699.1 704.8 712.1 714.4 716.3 719.2 722.5 727.8 732.1 737.7 742.5 744.9 748.2 751.2
522.3 521 524.9 549.1 568 570.4 571.3 572 570 566.4 562.8 561.3 561.2 563.3 561.2 551.4 553.6 555.4 558.5 571.9 585.2 592.7 601.4 608 615.7 622.3 632.9 638.7 643.2 646.6 651.1 655.1 658.8 663.1 669.5 676.5 683.1 689.2 694.8 699.7 702.8 704.9 705.5 706 707.7 709.7 711.7 714.7 716.3 713.6 710.9 705.3 696.5 693.9 695.1 689.1 685.8 684.3 687 686.9 686.6 689.6 693.4 695.8 701.4 705.4 712.1 712.2 715.4 721 725.3 731.3 736.7 743 748.7 751 753.4 754.6
530.2 540.1 556.2 572.9 578.2 581.5 585 582 578 575.7 572.5 571.7 570.3 571.1 572 572.3 574.1 572.5 561.9 570.2 584.5 590.8 598.2 605.5 614.5 621.2 628.6 636.4 642.6 647.6 651.1 654.6 658.6 662.8 667.6 675.5 680.8 686.2 691.7 695.3 698.9 701 703 704 705.6 708.7 711.2 712.9 711.6 710 705.9 702.5 696.2 692.5 692.8 689.2 690 688.8 690.1 690.1 690.6 692.7 696.1 699.7 703.9 707.3 710.9 714.8 722.1 728 731.8 738.5 743.5 748.7 752.6 757.3 759.5 760.6
556.5 569.9 577.9 583.5 586.7 590.4 591.1 591.2 587.9 582.8 581.9 580.4 578 577.8 577.5 578.5 579.7 578.9 568.8 568.9 583.7 589.9 597 603.5 611.2 618.2 626.6 634.7 640.9 646.5 652 655.4 660.2 663.5 668.9 674.5 679.3 683.7 688.8 691.7 695 697.8 699.9 702.3 703.3 704.6 706.9 708.5 707.2 704 700 697.6 693 692.1 691.7 691.4 691.6 689.2 692.4 692.8 691.9 694.4 697.1 700.8 706.4 709 715.1 721.8 730.3 735.5 742.4 746.5 753.8 757.7 764.1 768 769.7 771.8
583 586.3 587.4 589.3 593.8 597.8 599.5 599.8 598.1 593.5 589.6 587.9 586.3 584.6 583 583.2 582 583.3 583.8 571.5 583 591 595.4 603.3 610.5 619 626.6 633.6 641.4 647.9 653.7 657 661.9 665 670 674.4 679.4 684.1 687.5 688.9 692.4 695 696.3 698.5 699.7 700.4 702.8 701.6 702.6 698 695.4 694.5 691.6 692.1 692 692.7 693.6 691.4 693.9 693.2 694.4 696.3 699.8 702.5 708.2 712.5 722 729.5 739.5 745.8 751.8 757.1 763.2 771.5 776.2 777.7 779.5 780.5
592.4 593.9 595.3 597.7 600 603.5 603.8 606 604.7 603.7 598.5 596.4 593.4 591.4 590.4 589.4 587.8 588.6 579.5 572.6 579.3 588.3 595.2 602.1 608.6 616.7 623.2 632.2 641.1 648.4 653.3 657.3 662.3 666.2 671.2 674.5 678.5 681.5 685 687.3 689.8 693.2 693.4 695.8 696.8 697.6 697.7 697.2 696.9 696.4 694.5 694 694.1 694.3 693.7 694 694.2 693.8 694.7 695.7 696.6 698.6 702 705.4 709.8 717.4 728.5 737.9 746.2 752.7 760.6 768.2 775.8 782.7 787 790.3 791.5 790.9
601.5 601.1 602.2 605 605.5 608.4 611.8 611.1 610.7 610.6 609.5 606.4 604.1 601.6 598.9 598.3 594.6 594.5 587.9 578.6 576.8 586.1 595.1 601 606.6 612.9 621.5 630.8 640.5 648.8 654.8 658.6 662.4 665.6 670.6 673.9 677.7 681.7 684.4 686.5 687.9 689.5 692.3 693.6 693.4 694.6 695.3 695.2 695.8 696.3 696.1 696.5 696.6 696.9 697.2 697.8 696.6 693.8 694.8 696.4 698.7 699.9 703.2 706.8 711.3 719.6 731.9 741.2 750.3 757.4 768.9 776.7 784 791.1 796.3 799 799.1 798.3
609.3 607.8 608.1 609.1 610.9 613.1 616.6 616.9 615.2 617.1 614.5 612.9 612.1 607.8 606.1 604.6 602.3 601 598.3 594.7 586 580 596.4 600.6 605.8 613.1 621.7 630.2 639.6 649.2 655.4 661.1 664.7 667.8 672.3 676.6 679.7 682.5 683.5 686 686.6 689.3 690.1 692.4 693.2 693.5 695.4 696.9 700 702.7 701.9 702.4 702.3 701.2 701.3 701.8 700.1 698.4 694.1 698.6 700.6 702.2 702.6 707.2 711.5 721 732.1 741.1 751 760.6 770.5 779.2 786.3 792.9 798.2 800.2 801.3 800.6
614.4 614.3 613.1 615.9 618.3 618 620.1 622.6 622.2 622.5 621.3 619.6 617.5 614.8 612.8 610.7 607.4 606.3 603.7 600.4 594 582.8 586 598.8 604.7 612 620.9 628.8 637.7 649.3 656.3 662.6 666.1 669.6 673.3 678.1 680.8 682.6 685.5 687.4 688.5 690.8 690 691.4 693.5 697 698.6 703.2 706.8 709.2 709.2 709.1 708.1 707.4 705.9 705.6 705.1 701.2 700.3 699.1 701.6 702.8 703.3 705.5 711.6 720.8 730.3 740 749.6 758.8 768 776.4 783.4 789.4 793.8 795.9 796.7 796.9
618.9 619.8 619.1 620.5 620.6 623.2 625.7 627.1 627.9 628.9 626.9 625.1 624.6 623 619.3 614.7 611.5 609.1 608.1 604.5 601.7 589.8 587.6 598.4 604.4 611 620.2 629.7 637.5 649 658.2 664.4 667.5 671.7 675.2 678.5 681.6 684.9 686.6 688.5 688.1 689.5 692.1 693.6 697.5 699.6 704.4 709.9 713.9 719.4 718.7 716.6 714.7 713.1 713.7 712.3 711.9 707 704.2 702.2 699.6 702.4 704.3 705.9 711.3 719.2 728.6 736.4 745.3 754.5 764.4 771.9 778.6 784 787.6 789.7 790.7 790.7
622.9 621.5 623.2 624.1 625.8 628.5 630.1 630.3 632.9 635.1 635.2 633 629.7 628.5 627.9 622 618.4 613.7 611.5 608 605.4 591.8 589.5 599 605.8 611.8 619.5 631 638.6 648.4 658.1 664.7 669.1 674.1 677.4 680.4 683.6 685.9 687.7 690.8 691.2 692.9 693.5 698.9 702.9 705.8 712.3 719.8 726.4 729.8 728.7 728.1 726.1 724.3 723.4 722.6 721.9 715.2 712 706.9 703.6 702 704.6 706.1 710.3 717 725.5 732.1 743.5 750.5 760.3 767.6 773.9 778.6 781.4 784 783.9 783.1
621.7 623 624.1 625.8 629.4 631.4 634.3 637 638.4 639 637.9 636.7 635.8 635.4 633.1 628.1 622.4 618.6 615.8 611.8 606.6 598.7 591.7 597.9 607.7 613 621.4 631.4 638 646 657.5 664 670 675.8 679.1 681.3 684.2 687.8 690.4 691.9 695.1 697.1 699.6 705.7 710.5 715 723.7 730.2 735.5 736.7 736.8 735.4 736.2 734.3 732.4 731.2 728.6 723.8 720.1 713.1 707.2 703.8 705.4 706.9 710.2 714.7 721.6 730.6 740.7 748.8 757.7 763.8 770.8 775.2 778.4 779.6 780.6 780.5
619.9 623.7 625 627.9 631.1 633.2 638 641 644.9 648.3 645.2 643 639.9 640.3 638 632.4 627 619.8 618.1 612.5 609.6 604.4 592.1 602.1 608.9 614.4 621.5 629.3 638.4 646.8 657.2 664.2 669.6 676.4 680.2 681.5 685.3 688.5 690.9 695.4 698.9 700.9 706.3 712.5 717.5 724.8 731.5 737.2 742.1 744.3 744.1 740.9 741.4 739.9 739.1 737.2 734.2 730.8 726.1 722.3 714 707 704.6 708.2 709.6 713.4 718.9 725 737.7 745.8 755.7 762 768 771.4 775.3 776.7 777.5 778.3
619.9 623.3 625.8 628.3 631.1 634.7 637.8 642.8 648 651.3 649.6 647.8 646.5 645.4 641.1 635.3 630.7 624.4 620.1 616.2 611.1 607.6 594.7 600.2 609.9 614.3 620.5 629.3 637.1 647 655.7 663.7 669.9 676.2 681.2 683.7 685.9 689 691.7 696.5 699.9 705.6 709.3 717.9 723.9 729.6 735.9 742.2 746.6 748.9 748.1 745.9 745.2 745 744.2 741.9 739.6 735.2 733.2 729.6 720.8 712.3 706.3 707.5 709 712.7 717.7 724.1 732.3 744.1 752 759.3 765 768.2 771.3 773.2 774.9 776.2
619.4 622.7 627 629 632.7 636.1 638 643.4 648.8 651.7 652.1 651.3 650.6 650.3 642.5 634.3 630.4 625.3 623 618.6 614.2 609.9 599.5 597.1 609 614.4 620.4 628.4 637.6 647.2 654.9 662.4 668.1 674 679.9 684.3 686.8 689.6 692.5 697.5 700.7 706.6 712.1 717.4 724.6 730.5 736.6 742.9 748 749.7 747.7 747 746.7 746.2 745.8 745.1 743.6 740.4 738 735.1 724.9 716.7 709.3 709.4 713 716.6 721.1 724.3 732 741.5 749.9 757.5 761.7 765 767.8 770.7 772.4 773.1
617.9 622.9 627 630.1 634 636.7 638.7 643.1 649.3 651.9 653.7 654.3 654.3 653.5 645.5 637.4 631 626.2 622.8 618.4 614.1 611.5 605.7 598.5 602.5 614 619.7 627.7 635.6 645.8 653.6 660.8 666.7 671.8 677.1 680.4 687.3 690 692.2 696.5 699.5 704.4 710.8 717.4 723.3 729.4 735.7 741.8 746.5 747.6 746.9 747 746.9 746.6 746.1 745.8 745.4 744.3 742.7 738.3 727.8 720.4 713.2 713.4 714.4 718.4 726.9 732.6 736.7 743.6 750 754.8 759.5 762.8 765.1 768.5 769.4 770.4
615.9 622 626.8 630.5 633.3 636.6 638.8 643.3 646.4 649 651.2 652.3 652.6 649.2 642.9 637.6 630.1 627.5 623.5 620.1 613.3 611.5 607.6 601.2 602.6 614.7 620.4 627 636.7 645.4 653.3 658.1 665.5 670.9 675.7 679.9 685.3 689.1 692.5 695.5 699.6 704.5 709.4 716 721.2 727.3 734 739.5 741.8 743.7 745.3 745.9 745.8 745.7 746.2 746.1 746 745.2 744.4 739.8 729.8 722.7 721.4 717.6 720.5 724 732 738.1 743.3 746.4 750.3 755.4 757.7 760.2 763.7 765 767.7 768.5
616.3 621.4 626.1 629.8 633.1 635.2 638.2 641.8 643.7 645.8 647.3 647.8 648.7 644.5 640.4 635.8 630.2 627.3 625 619.1 614.5 612 606 602.9 606.4 616.3 620.5 626.4 635.5 643.2 650.8 656.3 662 669.4 673.4 677.6 681.4 687.7 692.2 696 699.3 702.3 707 711.5 717.2 724.9 730.7 734.7 738 740.4 742 743.5 743.8 743.5 744.6 744.8 745.1 744.8 744.1 739.4 732.5 729.7 727.5 723.2 728.7 730.9 736 741.7 746 749.9 751.3 754.8 757.7 759.1 761.8 762.8 764.1 766
615 619.9 623.2 627.9 631.8 634.9 637.6 640.3 642.4 643.6 644.9 644.7 643.8 642.3 639 634.7 632.1 629.6 625.5 619.3 617.7 613.8 613.4 603.8 606.3 615.1 620.4 627.6 634.8 641.7 648 654.3 659.8 665.4 672 676.3 680.6 684.9 690.1 694.7 698 701.1 706.4 710 715 721.9 726.6 731.6 734.7 736.9 738 740.6 740.4 741.8 743.1 743.3 743.8 744.8 743.6 742.5 740 735.1 733.4 730.2 736.9 739.9 743.4 745.6 749.1 753.9 755.6 755.4 754.8 757.7 761 762.4 762.8 762.8
615.1 619.3 622.6 626.8 629.1 633.1 636.3 637.5 639.9 642.2 643 643 642.8 641 638.1 634.5 632.8 629.4 627.2 620.6 618.6 615.2 615.5 607 607.3 614.6 620.7 627.7 635.3 641.7 648.2 653.1 656.4 661.3 667.1 674.5 678.8 682.8 686.1 692.2 696.9 700 705 707.6 712.5 718.2 723.3 726.9 730.2 732.2 735.2 735.4 737.9 738.7 740.6 742 743.5 744.8 744.9 745.3 743.5 741.9 740.5 737.4 745.3 749.3 749.8 750.7 753.1 756.9 759.5 760.2 759.6 760.1 759.3 759.7 760 760.4
614.2 619.7 622.2 626.6 629.6 632.1 634.3 635.2 637.6 638.3 639.5 641.2 640.3 638.3 637.3 635.5 633.6 632 627.3 620.5 619.2 617.4 617.3 616.7 611.2 613.9 621.5 627.9 634.4 642.1 647.3 650.7 655.6 660.7 664.7 671.1 677.1 679.8 684.8 689.9 695.3 699 702 704.5 709.7 715.2 719.6 722.5 725.4 728.3 731.5 732.7 735.2 736.9 739.6 741.7 742.5 743.6 746.1 747 747.4 747.3 745.2 745.1 753.2 755.9 754.4 756.8 758 760.8 761.8 761 761.3 760.5 760.6 760.6 758.7 759.4
614.6 618.2 622.4 626.2 627.5 630.5 632.2 634.2 636.9 638.2 639.4 638.3 638.5 636.8 636 635.4 633.9 626.9 623.5 622 623.8 618.8 620 620.2 609.8 609 617.2 625.8 633.1 639.8 644.6 649.1 654.6 659.7 663.3 668.6 674.3 677.7 682.3 688.3 692.2 697.9 700.8 703.5 706.8 711.9 715.2 719.2 721.8 724.9 728.1 730.9 733.2 735.2 738.5 740.5 742 744.4 746.9 748.6 749.2 749.6 750.4 749.4 758.5 760.7 760.4 760.8 763.3 763.8 764.2 762.6 762.2 761.6 760.2 759.2 759.9 759.1
612.9 617.9 620.8 624.7 627.6 629.3 631.6 633.4 635.4 636.6 637.7 636.8 636 633.8 632.6 631.2 633.8 634.8 631.2 628.3 625.4 622.5 622 616.9 619 612.2 612.9 624.1 630.6 636.8 642.5 646.9 652.7 657.8 661.7 666.2 670 673.7 680.1 685.5 689.9 695.1 698.9 701.8 705 708.9 711.6 714.7 719.6 722.9 725.6 728.9 731.2 734.9 737.7 739.4 742.3 744.2 747.4 749.7 751 753.3 754.8 758.3 763.1 765.8 767.6 766.4 767.8 767.4 766.2 765 764.7 763.6 761.6 761.6 759.8 760.4
611.6 615.7 619.3 622.1 625 628.2 630.8 633.1 634.3 635.2 635.8 635.3 637.2 639.5 639.4 638.3 638.7 636.7 634.4 630.4 626.9 624.3 624.4 618.6 617.8 623.9 615.6 614.1 627.1 634 641.7 646.5 651.3 654.9 659 662.5 666.9 671.3 676.4 682.2 687 692.3 696.4 701.1 704.8 707.4 709.6 713.6 717.5 720.9 723.5 727.6 731 733.4 736.8 739.5 742.2 745 747.4 750 752.8 755 757.4 761.7 766.5 769.7 772.1 770.2 771.6 771 769.4 768.1 766.6 763.3 762.8 762.4 761 760.6
610.2 615.3 618.1 621.7 623.6 626.5 628.9 632.6 634 635.4 636.6 637.9 641.2 640.5 639.9 640.5 639.5 638.5 635.6 632.7 628.5 626.8 624.8 622.3 625.4 625.7 625.6 615.1 622.5 632.9 640.5 644.2 649.1 652.5 656.8 659.6 663.1 668.1 673.9 679.3 684.3 688.8 694.6 699.6 703.3 706 708.9 712.8 715.3 719.1 721.3 726.6 728.8 731.7 734.8 739.2 741.4 744.7 747.7 750.4 753.1 756.1 759.1 763.8 768.6 772.4 774.3 774.2 774.6 774.3 772.3 770 767 764.8 764.4 763.1 762.5 761.9
611.4 614.9 617.3 620.1 623.5 626.6 628.6 631.4 632.5 635.1 638 640 641.6 642.2 642 640.5 640.3 640.1 637.2 634.5 629.8 627.3 626 622.5 627.5 628.9 628.9 616.9 618.9 625.2 638.4 641.5 645.7 648.7 652 656.7 659.6 664.7 670.8 675.6 682.6 687.4 692.3 696.2 701.2 704.2 708.1 710.7 713.8 717.4 720.1 725.3 729 732.4 733.9 738.1 741.2 744.3 747.3 750.4 752.4 756.5 760.4 765.3 769.5 772.9 775.4 776.2 776.2 776.2 774.5 770.6 768.5 766.5 764.5 762.5 762.3 761
611.1 613 617.7 620.1 623 626.8 629 630.5 633.3 636.5 637.8 640.2 642.7 642.2 642.5 642.4 640.9 641.1 638.9 636.1 632.4 629.6 629.4 625.8 629.6 632.8 633.3 634.7 618.6 621.9 626.4 635 642 644.8 648.5 652.6 656.3 661.4 667.1 672.3 678.8 686.5 691.4 695.5 700.6 704 707 710.2 714.3 717.1 719.7 724 728.2 731.5 734.9 736.9 740.5 744.1 747.4 749.6 752.9 756.7 760.7 765 769.1 772.9 774.9 777.8 778.5 777.6 775.1 772.3 769.2 766.5 765 762.1 760.9 758.5
612.4 616.2 617.5 621.2 623.7 625.3 629.9 631.7 635.3 637.5 639.6 641.8 642.9 643.2 644 643.6 642.8 641.1 640.5 637.8 634.8 630.9 630.7 631.9 628.2 634.5 635.9 637.3 637.6 623.8 623.8 623.4 629.8 639.2 643.7 646.2 650.8 657.6 666.3 671.9 676 683.2 688.6 694.2 699.7 704.3 706.4 709.5 712.9 716.7 720.5 724.3 728.1 731.7 734.8 737.5 740.1 744.2 747.7 750.1 752.5 756.2 759.7 764.8 768.3 772.1 774.4 777.3 780.2 779.5 776.2 772.9 769.9 767.6 764 761.4 758.4 754.5
614.4 617.4 618.6 622.2 624.4 627.1 629.8 633.4 636.7 638.4 640.6 641.8 643.4 644.6 643.7 644 643.8 642.2 640.5 638.8 636.6 633.3 632.4 633.8 632.5 636.8 637.5 638.5 639.7 639.5 627.9 628.8 626 630.9 632.8 642.1 648.2 654.7 656.6 669.7 674.3 681.5 687.8 693.2 698.1 703.2 706.2 708.3 712.8 717 719.9 722.9 727.8 731.1 734.6 737.8 741.2 743.5 747 749.6 753.3 755.3 760.1 764 767.1 770.7 774.9 778.5 781.4 781 777.6 772.8 771 767.7 763.8 758.9 755.1 751.9
615.7 618.1 619.1 622.1 625.1 628 632.4 634.4 638.1 638.9 639.9 642.7 644.9 643.8 645.1 643.8 643.7 643.1 641.7 639.1 637 635.1 635.3 635 634.1 637.7 639.5 640.4 643.1 643.2 640.2 637.6 629.2 640.1 642.5 640.5 644.8 651.1 658.1 665.4 673 677.3 684.2 690.7 696.4 700.8 705.5 709.7 712.2 716.7 721.1 724.9 728.1 730.7 734.9 738.4 741.9 743.5 746.7 750.1 753.3 755.6 758.9 764.1 766.9 771.1 775.1 779.7 782.6 781.5 777.9 774.1 771.3 767.2 763.1 757.9 753.3 748
615.8 618.1 620.3 622.5 626 630.1 634.3 637 639.9 639.4 641.5 644.4 645.3 645.4 646.5 645 644.4 643.1 641.6 639.3 639 637.1 637.8 635.1 636.9 638.2 641.6 644 646 646.5 644.2 642.4 630.3 643.1 646.2 646.1 645.4 648.7 659.1 665.7 668.8 674.2 680.8 688.1 694.8 700.7 705.9 710.1 713.1 716.1 721.2 724.8 727.7 732 736.8 738.7 742.5 744.2 747.7 751.3 752.7 754.9 759.3 764.3 768.1 770.4 776.7 781.1 782.3 781.4 778.8 775.1 770.7 765.7 762.9 756.7 750 745.5
617.3 618.8 621.3 623.9 626.3 630.3 635.9 639.3 642 642.1 642.5 644.1 645.2 646 645.6 646.7 645.5 643.7 642.4 640.3 639.8 639.8 640.6 638.5 637.4 639.7 642.5 646 648.8 649 648.7 644.8 630.6 645.4 650.3 649.8 650.5 650.5 651 661.2 668.5 674.1 680.9 685.9 691.8 697.8 703.9 708.6 712.8 716.3 720.7 724.8 730 734.3 738.3 739.8 743.6 746 748.9 751.3 753.8 755.8 760.3 763.6 767.4 772.9 778.2 781.6 782.8 780.6 777.3 774.2 769.7 764.6 759.8 753.3 747 743.2
617.9 619 622.7 624.8 628.5 632.3 636 641.8 644.6 644 645.2 644.7 646.4 645.9 647.6 647.4 645.9 644.2 643.4 642.5 641.9 641.7 641.1 640.2 637 640.3 643.4 649 651 651.7 652 649 632.6 648.1 655 659 656.8 652.7 650.5 656.9 664 671.7 679.3 684.6 689.9 694.8 701.1 706.3 711.4 716.5 721.6 727.1 733.1 736.6 740 742.3 744.6 747.2 749.5 751.9 754.1 757.2 760.5 765.3 768.9 774.5 779.4 781.7 781.9 779.2 776.3 771.9 768.1 762.8 755 749.6 744.5 739.8
617.8 620.2 623.3 626 630.2 633.8 638.3 642.1 646.2 645.6 646.3 646.7 647.8 647.5 646.7 647.1 646 645 644.8 645.1 643.4 644 644 642.1 639.4 641.6 646.7 650.1 652.4 655.9 655.2 653.1 640.2 639.2 658.6 665.5 665.8 657.3 653.9 656.8 665.3 673.3 681.7 685.7 688.8 693.5 698.4 706.3 711.2 716.3 723 731.1 735.5 737.9 740.4 743.1 745.1 747.5 749 751.4 754.6 758 761.3 765.3 770 774.7 778.7 780.4 779.8 777.6 773.7 770.2 765.1 758.3 752.3 745.9 739.9 738.2
