Game/Highland_Data/StreamingAssets/GeoData/Data/nh/NH62.asc
ncols 200
nrows 200
xllcorner 260000
yllcorner 820000
cellsize 50
[rows 105 to 139 of 200, columns 0 to 77 of 200]
257.6 255.9 253.8 251.3 246.9 239.6 240.4 240.5 239.6 239.2 238.5 240.4 243.8 244.6 243.9 243.7 243.7 243.5 243.4 242.4 246.4 251.5 251.1 251.6 252.2 252.4 254.5 258.7 262.7 257.9 257.4 257.2 262.2 264.1 265.6 265.3 264.6 265.4 279.7 281 282 283.3 282.7 280.7 278.9 276.7 275.5 274.3 273.6 270.7 267.8 266.9 268.9 274.4 285.6 299.9 309.6 321.5 328.5 338.8 350.9 356.9 345.8 328.2 308.2 298.3 296.6 300.6 296.6 287.6 280.3 275.9 273.2 278.2 290.5 300.7 310.6 321.6
261.1 258.8 256.3 252 246.9 241.6 242.2 241.8 240.3 239.8 239.4 240.5 244 245 244.3 244 243.5 244.1 244.1 246.5 246.7 250.9 251.5 252 252.7 253.4 260.4 264.2 263.8 258.4 258.1 262.9 265.2 265.5 266.4 265.7 271.1 283 284.1 284.3 285.2 285.4 284.8 283.9 282.9 280.4 282 281 275.6 273.3 268.5 269.3 270.7 272.3 286.1 296.8 308.1 320 328.6 343.9 345.4 347.5 329.4 315.5 300.4 296.2 293.8 295.8 288.9 282.6 276.6 272.9 277.2 287.9 297.5 307.9 315.8 320.8
264.2 261.4 257.6 251.9 246.6 241.3 242.9 243.2 241.4 241.1 239.9 241.4 243 245 244.7 244.4 244.1 243.5 243.4 248.5 247.9 251.7 252.2 252.9 253.6 257.6 264.6 266.2 259 259.5 260.6 267.7 268.3 267.3 267.2 281.4 285.6 287 288.2 286.8 287.4 287.5 286.4 284.7 284 284 282.8 281.9 279 274 275.1 271 271.4 273.6 285.4 294.8 306.6 317 326.4 333.3 331.9 329.1 318.6 305.8 298.8 293.8 289.7 286.3 282.9 277.5 274.4 279.6 284.7 293 303.9 314.7 324.5 328.3
267 263.1 258.6 252.8 247.3 242.3 243.1 244 243.3 242.2 242.4 242.1 242.7 244 245 244.7 244.7 243.7 246.1 250.1 249.1 252.6 252.6 253.6 254.6 258.8 261.2 261.7 260 261.2 269.7 278 278.6 281 286.2 288.9 289.7 291.1 296.2 300.6 295.2 290.4 287.6 285.6 284.8 284 283.5 283.4 282.5 281.1 279.5 272.6 273.8 273.9 280 293.3 304.7 314.3 321.8 324.4 323.6 316 305.4 300.9 295.1 291.2 287.9 284.9 283.7 276.3 276.3 286.4 292.8 301.9 312.2 323.1 331.6 336.4
270.7 264.3 258.7 253.7 248.6 243.5 243.4 244.1 244.5 243.2 242.6 242.7 243.2 243.8 244.9 245 245.4 247.3 252.3 251.5 250.6 252.8 253.6 255.4 257.1 261.5 260.5 260.5 260.6 262 280.1 286.1 288.1 290.2 292.1 293.5 296.9 305.4 304.6 297.8 291.8 289.2 287.7 286.8 286.9 287.1 286.8 285.7 285.1 284.1 280.6 277.1 274.3 277.3 275.8 287.1 301.3 309.9 316 316.3 312.3 305.6 300.1 295.5 292.1 288.1 285.4 285.6 285.1 278.2 279 291.3 302.2 311.3 320.7 330.2 338.3 345
272.7 266.2 261 256 251 245.2 243.5 243.9 244.4 244.6 243.7 243.2 243.8 244.3 244.9 245.5 244.2 252 253.4 251.3 251.1 254.4 255.4 258.5 267.6 262.2 262.5 261.4 261.1 262 282.6 289.5 292.8 293.7 296.5 301.9 311.4 307.1 294.8 289.6 289.8 289.5 289.1 290.5 291 293.9 299 301 295.2 291.2 287.5 281 279 277.8 277.8 277.8 291.4 302.2 307.1 308.6 303.8 298.9 295.9 293.6 289.9 285.4 284.1 284.1 281.2 280.1 280.7 295.2 306.7 318.2 329.8 340.4 348.5 352.9
274.9 268.7 263.6 258.7 253.1 247.2 243.7 243.6 244.6 245.7 244.7 243.6 244.2 244.8 245.1 246.2 250.5 252.5 253.8 252 252.9 256.1 258.8 261.3 266.9 271.4 262.9 262.2 262.5 263.5 284.5 292.1 298.1 301.3 307.6 311.5 310.6 296.5 291.2 291.5 291.7 295.2 297.8 302.5 306.2 310.6 312.5 312.1 307.8 302 293.7 286 282.2 280.6 279.7 280.4 280.1 285.8 294.1 299.4 299 296.4 294.1 292.4 286.4 284.7 283.9 283.5 282.6 282.9 287.6 302.7 316.3 327.9 337.5 348.6 357.5 362.6
277.6 272.7 266.2 260.9 254.7 248.4 247.7 245.9 245.1 246.3 245.7 244.3 244.7 245.5 245.7 244.9 254.3 253.6 254 253.5 256.4 259.2 260.4 262.9 278.8 278 263.3 263.6 264.9 273.5 287.9 297.8 310.2 318.3 323.6 316.3 301 292.6 293.1 296.3 302.6 308.7 316.3 320.2 324.5 327.8 327.3 324.7 320.7 314.6 305.8 295.4 288.7 283.2 281.8 282.4 282.8 284.1 283.9 288.9 294.7 297.3 293.4 288.1 287.4 285.8 285.7 286.5 286.3 292.7 302.9 315.1 326.1 336.1 347.8 355.1 366.5 372.4
281.9 275.1 268.4 262.3 256 250.7 248.1 247.4 244.7 245.7 245.6 245.3 245.6 246.2 246.6 249.9 255.2 254.8 255.2 257 262.4 264 263.5 280.8 282.7 279.6 264.6 265.3 266.9 278.5 295.4 310.4 323.5 330.6 327.8 313.2 293.8 294.4 303.2 312.6 320.8 328.3 335.2 340 343.6 343.5 341.7 339.1 331.8 323.8 312.8 300.9 294.8 290.7 287.1 285 284.9 284.7 285.4 287 290 291.2 290.6 290.3 290.1 288.7 288.9 292.5 298 306.3 314.5 323.9 333.6 346.3 356 366.2 373.2 381.4
285 276.7 267.5 261.7 255.6 250.9 247.7 246 245.8 246 245.9 245.8 245.9 245.9 247.1 251 254.2 255.5 255.9 263.1 262.8 264.7 278.6 280.3 290.8 272.9 266.7 268.4 273.7 286.2 305.2 322.5 331.1 330.4 317.8 297.2 296.8 303.5 316.9 332 344.5 350.4 357.8 359.7 362.1 360.7 358.6 351.1 340.7 326.8 314.2 305.7 300.1 296.7 294.2 291.3 289 287.9 288.5 290 291.1 292.4 292.9 292.5 292.3 291.7 296 304.1 310.5 318.9 327.7 333.5 342 357.8 364.3 371.5 382.6 392.8
286.7 276.4 268.8 262.2 256.4 251.7 247.4 245.4 245.1 246.4 246.5 246.5 246.6 246.4 245.9 249 253.2 255.7 258.7 264.3 265.4 279.3 277.3 283 278.7 269.2 269.6 275.4 283.6 296.2 316.1 330.8 334.4 319.5 302.1 301 314.2 331.7 333.2 342.6 354.3 368.9 376.4 378.3 379.4 376.3 372.4 362.3 347.2 329.1 317.7 310.7 306.5 304.8 301.5 298.6 298.6 295.9 292.2 292.9 293.6 293.6 295.5 294.8 294.5 299.1 307.7 314.2 320.3 327.4 336 344.5 357 369.8 376.1 383 394.9 407.4
287.6 276.8 268.7 262.5 255.9 250.9 246 245.2 245.6 247.4 248.5 247.3 247.2 246.6 247.3 248.4 253.5 255.6 262 263.6 280.9 274.2 279.6 277 270.9 272.2 276.3 281.2 293.1 307.5 327.4 332.3 329.4 312.1 302.6 319.8 333 352.4 357.7 360 365.5 375.8 380.7 387.2 384.5 381.3 378.2 364.5 344.8 329.6 320.5 316.4 314.5 313.8 312.2 309.6 308.5 307.8 297.2 295.1 295.7 297.6 298.3 299 300.9 309 316.5 322.5 329.2 336.3 345.2 352.9 368.6 380.8 385.5 390.3 409 424.6
287.2 277.3 268.7 261.7 255 249.6 246.4 245.8 245.6 248.1 249.6 249.6 250.5 247.4 248.3 249.7 255.1 257.4 262.7 263.4 280 276.8 276.8 270.8 271.5 275.7 282.6 289.5 300.6 316.3 332.6 335.3 323.8 309.4 314.9 336.2 354.2 365.9 372.2 372 368.8 369.5 368.7 365.8 360.9 356.6 349.9 344.2 335 328.5 326.2 323.3 322.1 321.6 320.9 320.5 321.4 320.2 312.2 297.9 298 300 301.8 302.1 308.1 315.3 323.6 331 337 344.7 354.2 364.3 382.2 389.5 394.3 398.2 419.2 436.3
283.9 275.5 266.8 260 253.5 248 246.6 246.2 245.8 248 250.3 251.6 248.7 248.6 249.2 251.6 256 256.8 263.7 266.7 285.2 275.9 270.3 272.3 273.3 280.3 288.2 297.2 307.1 322.6 337.6 332.1 320.4 312.7 329.8 344.6 359.2 370.8 376.3 377.6 375.9 372.5 370.2 368.5 364.1 358.1 351.4 343.5 338.6 335.8 332.7 331.8 329.6 329.4 328.9 328.9 329.8 329.9 319 304.1 301.5 303.6 304.3 306.2 313.3 320.5 329.4 336.5 343.3 352.1 360 376 396.1 401.2 401.7 407.3 430 447.5
282.9 273.9 265.3 256.1 250.5 246.7 245.4 245.7 246.1 248.4 250.5 252 248.8 249.4 249.2 249.7 254.8 257.9 265.6 269.7 286.1 270.4 270.3 271.9 276.1 284.9 294.7 304.3 312.5 328.2 342.7 328.8 318.1 323.1 340.2 357.7 368.2 374.2 371.6 375.7 382.1 382.2 387.6 385.9 379.1 371.7 363.2 355.7 350.1 347.6 343.7 344.6 340.1 339.9 336.5 335.7 336.3 330.6 319 307.8 303.5 306.4 307.1 309.6 317.3 323.2 331.3 340.3 351.2 360.7 367.9 386.8 407.4 408.6 408.6 424.1 438.4 459.4
279 269.3 260.7 251.8 247.6 246 246.7 245.7 246.4 248.8 250.4 253.7 249.6 249.8 249.5 249.7 252.3 261.9 267.9 271.2 274.7 269 269.7 273.3 280.6 288.1 300.4 311.2 321 334.1 340.2 326.2 315.6 335.2 353.9 372.8 390.8 403.7 411.3 410.3 410.5 406.6 407.1 401.7 395.3 389 381.1 374.3 365.4 362.5 358.5 356.3 351.9 347.9 344.7 343.5 341.6 335.2 325.1 314.3 306.2 307.8 312.6 314.2 315.4 331.7 339.3 345.7 355.6 368.6 378.3 396.6 417.1 417 421.2 436.3 446.9 468
273.1 262.5 254.7 248.5 246.9 246.9 245.8 246.8 250.1 251.6 255.3 259.1 249.3 250.7 250.3 249.9 251.2 267.2 267.5 266.9 267.3 268.2 270 274.2 284.4 295.9 304.5 318.4 330.7 343.4 334.9 323.1 322.6 345.4 365.8 388.8 411.4 422.1 436.4 446.5 443.9 434.6 428 421.6 421.1 422.1 416.3 403.2 392.2 381.8 374.7 366.5 359.7 353.9 351 349.7 346.2 337.1 326.5 317.9 310.5 311.6 313.1 318.1 317.1 333.3 341.7 348.5 356.7 366.3 374.7 392.3 422.6 424 432.9 446.5 457.1 476.1
266.5 256 250.8 248 246.9 247.3 248.4 250.3 253.2 257.8 259.5 263.1 250.2 251 250.8 250.7 252.5 269.3 269.3 266.8 266.5 268.3 270.7 279.5 293.1 302.2 312.2 324.2 335.5 336.2 328.6 320.5 331.4 354.1 379.6 398 421.2 438.6 451.1 463.8 466.4 467.8 464.7 456.7 452.6 449.1 442.2 427.2 420 397.1 379.8 371.8 364.2 357.6 355.5 353.2 347.4 338 324.5 322.6 313.9 321.9 322.3 317.8 323 333.6 347.4 352.3 361 367.4 375.8 386.6 412.8 427.6 438.9 455.6 465.5 480.7
261.3 254 248.8 248.3 247.7 248.5 252.2 253.6 256.5 258.3 264.3 265.3 250.8 251.7 251.4 251.3 254.6 269.6 268.8 265.5 265.9 269.5 275.9 286.1 300.3 309.6 321.3 331.1 334.1 323.1 321.7 317.8 340.2 361.5 388.5 410.8 433.8 448.6 459.2 465.5 477 482.5 482.7 472 463.2 455.7 444.7 439.6 423.8 396.5 383.4 377.4 369.1 362.9 358.3 352.4 346.3 337.3 327.2 321.5 329.5 333.9 338.3 326.6 324.6 329.7 353.6 357 363 373.1 380.3 387.9 403.1 423 434.3 453 466.9 482.1
257.7 250.5 250.8 249 248.8 251.5 257.2 255.9 259.3 266.4 268.7 268.4 251.4 252 251.8 252 255.5 264.7 263.3 266.4 267 271.9 281.3 292.3 305 314.7 326.2 333.5 336.7 327.5 319.9 326.1 354.3 379.3 400.7 426.7 441.8 456.7 464.1 469.7 474.2 478.7 479.3 477.3 464.9 458.8 454.1 444.2 413.8 398.8 387.7 379.6 371.6 365 359.4 354 348.6 337.6 330.6 331.1 339.1 344.7 344.5 341 334.8 330.1 351.4 362.8 368 375.8 384.9 391.5 401.5 412.6 428 445 461.3 477
255.8 253 251.6 250.1 251.5 255.3 261.7 261.6 265.2 268.2 268.8 267.7 252.7 252.6 252.2 253.1 256.6 265.4 265.2 266.5 267.8 273.7 286.6 296.1 305.6 319.3 329.5 335.4 340.1 343 326.8 335.6 361.7 388.6 413 436.2 452.7 460.5 468.2 473.3 476.7 478.5 479.6 476.1 478.2 470.4 457.2 431.3 414.9 402.8 393.5 382 375.4 368.1 357.8 352.4 350 343.2 328.7 342.9 347.8 354 349.8 352.9 352 343.9 344.8 359.4 373 380.2 389 395.3 404.5 413 421.2 435.7 450.5 463.9
256.2 255.1 253.6 254.2 256.3 259.6 263.1 264.1 266.8 269.8 269.3 265.3 253 254.1 254.3 254.7 263.4 266.1 266.4 267.4 273.1 276.6 288.9 299.9 309 321.9 331 337.4 343.2 349 341.3 338.7 365.2 393.5 426.5 446.9 464.3 473.5 477.4 484 481 481.4 481.7 478.5 476.1 468.9 445.7 431.4 416.3 408.3 398.5 386.9 377.4 369.1 360.1 356.2 349.5 338.9 339.9 353.2 357.2 359.6 358.7 359.9 360.9 358.3 354.1 351.7 370.4 384.3 392.2 398.5 405.7 415.4 422.1 430.2 441.5 450
259.5 257.6 257.7 259.3 263.6 264.5 264.1 263.8 266.9 269.5 268.1 258.9 253.9 255.3 255.5 256.2 267 267.9 275.8 285.7 283 277.3 288.3 303.7 313.3 322.7 333.4 340.2 346.6 354.9 358.6 337.6 367 396.7 436.7 459.7 470.7 480.7 486.1 487.9 487.7 489.8 489 484 479 462.1 443 431 420.5 412.9 398.2 385.7 377.4 363.5 361.6 348.7 342.6 347.6 358.7 364.3 366 368 370.5 369.6 370.3 369.1 364.5 354.9 359.8 374.2 388.8 397.5 406.8 416.2 424.7 432.4 439.5 448.9
263 261.9 262.9 265 268.1 273.9 266 263.9 266.5 268.3 263.5 254.2 255.4 255.8 256.7 257.7 274.1 281.7 286.7 291.4 284.8 281.5 290.6 306.6 318.6 330.4 337.5 343.8 351 361.9 364.7 339.8 379 409.4 441.7 460.9 474.1 488.2 498.3 503.5 506.3 502.3 492.7 483.7 478 459 442.7 433.6 423 408.5 394.1 381.7 371.6 367.2 358.4 349.8 357.3 363.1 368.1 372.6 374.4 377.7 382.6 379.6 379.6 376.7 380.3 370.4 362.8 367.1 377.7 398.7 407 416.1 426.7 434.1 441 451
267.5 267.3 268.3 270.5 274.8 276 271 264.7 263.8 262.6 260 257.8 257.8 257.8 258.3 262.2 276.4 282.9 288.1 291.7 285 285.7 292.7 309.1 320.7 333.2 340.5 347.3 355.7 365.8 359.1 349.4 390.8 423.6 443.8 465.8 484.2 496.8 513.5 517.7 513.6 502.8 494 482.9 471.8 452.9 445.1 438.2 419.8 394.4 367.4 372.7 368.3 357.7 351.6 352.3 365.5 373.3 376.9 379.1 384.2 388.4 390.3 390.1 388.1 386.9 389.4 393.4 372.7 369.9 374.1 379.8 399.6 414.9 425.7 433.6 442.7 451.8
272.4 273.4 273.8 276.1 276.7 277.2 271.9 266.1 265.2 263.4 257.5 259.3 259.4 259.4 260 270.9 279.3 284.9 289.6 291.3 285.6 287.2 296.2 310.8 320.9 334.2 342.6 350.2 359.7 370.8 348.1 370.3 412.5 439 456.9 472 488.3 501.3 511.3 517.9 509 501.7 494 480.3 462.5 453.6 446.8 436.6 412.3 382.2 369.4 368.7 361.9 354.1 355.5 362.2 375.7 382.4 383.3 388.8 393.1 398 399.8 400.4 398.2 396.4 397 407.6 398.7 389.4 381.8 381.6 387.8 400.7 423.6 432.5 442.8 452.2
278.4 279.6 281.1 277.6 276.8 278.1 269.5 266.4 265.8 264 257.6 259.7 260.2 260.7 262.2 275.3 281.9 286.3 289.8 287.9 286.8 288.5 300.6 313.6 323.5 336 345.3 354.6 364.1 370.8 349.4 389.9 416.5 439.4 456.5 469.9 485.5 499.5 500.6 501.4 497.1 487.9 475.8 467.3 461.1 453 448.6 426.3 401.3 372.7 375.3 378.5 377.1 375.9 371.6 367.8 383.4 392.1 395.5 400.3 401.7 405.5 407.1 408.4 408.7 404.8 403.1 412.4 411.8 413.8 410.8 399.5 389.9 395.5 402.7 420 433.7 451.3
286 287.2 285.3 277.6 272.7 271.5 268.7 266.1 265.2 263.7 257.9 258.1 261.4 261.9 262.6 276.9 283.4 287.5 290.6 288.2 287.2 289.7 302.2 315.6 325.2 337.8 347.9 356.3 363 363.8 356.6 396 417.6 434 452.9 467.2 474.4 477.1 475 472.9 467.7 466.7 463.8 460.9 456.9 455.3 439.7 418 389 370.9 395.5 403.8 399 390.8 378.5 378 396.1 401.5 406 408.7 410.5 412.2 413.5 414.8 418.1 412.9 408.3 419.3 420.7 423.6 426.5 428 409 403.4 402.3 407 413.2 424.8
294.2 290.7 285.6 278.9 273.6 270.8 268.6 267 265.9 264.1 258.6 260.5 261.5 262.5 263.6 276.9 284.1 288.3 289.9 288 287.9 291.2 304.4 316.1 329 341.7 351.6 354.3 355 362.7 370.3 399 415.5 430.9 445.8 455.7 462.8 463.4 462.6 460.2 456.5 452.2 448.9 449.1 448.2 442.8 427.3 389.1 373.7 386.6 421.5 425.5 413.1 399.4 380.6 394.9 403.7 408.6 414.4 416.7 418.2 420.4 421.4 422.3 426.5 426.2 422.9 428 431.3 433 433.5 437.9 438.3 423.7 423.8 420.2 415.8 420.5
301.9 291.5 283.3 278.7 274.7 270.7 269.3 268.2 267.1 259.9 259.1 260.5 261.3 262.6 265.8 267.3 283.8 290.1 288.2 288.3 288.8 295.7 306.3 318.2 329.3 343.5 354.3 355.6 358.5 367.2 380 397.1 413 426 437.6 443.8 447.8 450.1 452.1 451.6 449.7 449.5 449.1 447.4 450.8 451.2 445.2 425.1 416.2 420.2 442.1 434.8 414 407.5 387.9 405.7 414.8 418.3 422.3 423.4 425.7 427.3 429.1 431.7 435.1 436 432.3 437.7 438.5 440.8 442.4 445.3 447.7 449.4 451.9 444.7 440.7 426.8
306.3 294.1 280.1 277.1 274.1 271.5 270 269.1 267.7 259.7 258.9 260.3 263.6 265.6 266.3 268.5 273.8 289 289.2 290.1 289.3 298.1 309.4 319.5 329.2 340 354.3 358.2 359.3 364.2 373.5 389.3 404.4 418.1 425.6 431.6 438.6 442.7 444.5 445.9 447.3 448.4 449.1 454.3 461.4 466.3 461.9 452.7 447.7 449.6 445.7 433.2 423.1 411.6 407.7 421.1 425.9 428.4 429 431.6 434.9 436.2 438.9 442 444.4 442.9 440.1 444.8 445.1 448.5 450 452.7 455.3 458 460.7 460.4 460.4 442.9
308.8 291.3 277.8 274.7 272.1 270.7 270 270.4 261.6 259.6 260.5 261.7 263.5 273.7 275.2 272 269.9 284.4 290.5 291.3 291.9 298.2 309.8 319.8 331.4 340.6 350.8 359.3 358.9 363.4 371 382.5 397.3 410.9 421.5 429.6 435.7 440.3 441.4 442.3 446.8 448.9 454.1 465.5 473.2 477.2 477.1 462.2 454.3 449.8 441.9 434.7 425.8 413.7 423.8 430.9 435.4 437.3 438 441.6 443.4 446.5 449.8 452.1 452.2 451.5 449.3 451.7 453 456.9 458 460.8 463.3 466.8 469 471.1 471.6 466.4
302.9 286.4 277.1 273.8 271.9 270.5 271 271.6 260.2 260.2 261.3 262.6 267.5 282.4 285.1 284 272.4 278.8 291.4 292 293.8 299.1 307.6 316.6 330.5 343.2 353.4 357.7 358 362.6 372 382.9 394.6 407.6 415.2 421.9 426.7 431.6 437.1 442.9 447.9 454.2 462.1 471.4 474.3 477.4 475.4 462.9 452.4 448 442.3 438.2 421.9 417 434.4 441.2 444.6 446 447.6 450.2 453.3 456 459.3 461.3 461.3 458.6 455.9 459.4 462.7 464.9 466 468.9 471.7 474.5 477.7 480.1 480.5 482.6
294.6 282.5 275.9 274.1 272.2 270.9 271.6 264.9 260.4 260.3 261.5 262.1 277.5 285.1 287.7 290.1 275 278.2 289.3 292.5 294.6 303 306.8 316.3 330.1 337.9 351.6 356.8 358.6 364.1 374.8 385.5 394.1 406.4 413.7 419.9 423.3 431.5 440.7 448.2 452.7 460.1 471.4 479.1 481.6 480.9 469.1 457.2 452.1 448.6 443 427.7 425.7 435.9 447.6 452.1 453.2 454.1 457 460.7 463.8 465.5 468.4 469.8 469 465.8 463.6 467.3 470.3 472.8 476 479.4 483.2 485.2 487.6 490.5 491.1 495.2
286.7 280.1 275.5 273.8 272.3 271.3 271.8 263.3 261.3 261.3 261.7 271.1 284.3 286.2 289.5 292.1 290.1 282.5 281.9 288.3 294.2 304.5 307.6 316.7 336.4 347.4 357.8 358.1 359.5 365.8 376.7 386.3 395 406.2 412.8 424.6 431.4 437.3 446.1 451.9 458.8 467.4 479.1 481.7 473.9 459.1 456.7 454.1 445.4 442.8 440.6 451.5 449.9 457.7 458.5 458.6 460.3 463.6 466.4 469.6 473.6 475.4 477.4 478.4 477.2 472.3 470 475 478.2 481.8 485.6 488.9 491.5 496.2 498.8 502 502.5 506.8
