Game/Highland_Data/StreamingAssets/GeoData/Data/nh/NH63.asc
ncols 200
nrows 200
xllcorner 260000
yllcorner 830000
cellsize 50
[rows 35 to 69 of 200, columns 78 to 155 of 200]
200.1 197.3 197.9 197.6 199.4 200.1 200.8 201.5 203.1 204.8 207.5 210.8 211.1 211.6 212.6 212.4 213.7 209.1 207.9 207.5 207.1 206.4 201.9 199.9 197.8 197.9 198.3 198.3 196.2 193.3 196.5 196.5 196.4 198.2 201.2 200.9 202.5 204.2 205.7 206.5 208.2 208.8 211.6 210.6 212.1 210.8 212.1 211.8 212.3 212.8 213.4 216.1 216.5 217 218.4 219.4 218.8 220.7 222.7 222.9 224.1 225.1 225.3 224.3 223.5 223.3 224.3 223.9 224.9 224.4 224 224.7 225.4 225.5 225.5 228.7 230.3 232.2
199 199.9 199.2 200.7 201.1 201.8 202.5 203.7 205.7 206.9 209.8 213.2 214.4 213.3 213.3 213.6 212.2 210.4 209.1 209.9 206.9 205.5 203.2 197.9 197.8 200.5 199.7 197.9 195.4 196.5 197.6 198.2 198.3 199.6 201.5 203.5 203.4 205.2 206 207.4 208.9 209 211.4 209.9 211.6 210.5 211.4 211.9 212.4 212.9 213.7 216.5 217 217.5 218.4 220 220.5 222.9 223.7 224.4 224.4 226.3 225.8 224.5 223.8 223.8 224.3 225.4 225.2 224.9 224.4 224.1 225.5 226.3 227.5 228.9 232.6 234.9
200.7 201.4 201.5 202.7 202.8 203.5 204.3 205.8 207.7 209.3 211.8 214.6 216.7 216.1 215.7 212.9 212.3 209.8 209.4 209.5 205.3 204.9 203.9 200.1 199.6 201.6 201.3 197.9 195.7 196.1 198.9 199.8 200.6 200.9 202.8 205.8 204.8 204.1 205.5 208.9 209.9 210 210.4 211.2 210.8 212.3 211.7 212.7 212.7 213.3 214.1 216 216.1 217.6 220.2 220.9 221.7 223.4 224.7 225.4 224.9 227.1 226 224.7 224.4 225.1 225.7 225.4 225.1 224.8 224.5 225.8 226.2 229 229 231.3 235.1 238.6
201.5 202.8 203.7 204.4 204.5 205.2 206.5 208 209.7 212.2 213.9 218 218.2 218 216.7 212.5 213.1 210.7 210.5 209.9 205.1 202.8 201.5 200.7 204 203.1 200.9 198.9 196.9 198.5 200 200.8 200.5 201.4 203.5 204.5 207.1 205.5 206.6 210.5 210 211.3 211.1 211.5 211.3 211.9 212 213.3 214.4 214.3 214.8 216.6 216.6 220.2 220.2 221.7 224.2 224.5 225.3 226 226.7 226.9 225.2 224.8 225.4 226.1 225.8 225.5 225.3 225 225.9 227.5 227.4 229.2 229.3 232.9 235.8 237.8
203.9 203.5 204.6 205.5 206.3 207.1 208.6 210.2 211.8 215 215.9 218.5 220.6 219 217.6 212.5 213.6 211.1 209.5 207.5 205.7 204.4 202.3 201.1 205.2 203.8 200.3 199.6 198.3 200.3 200.7 202.4 201.9 203.3 204.8 205.2 207.9 208.9 207.2 210.1 211.8 211.9 211.6 211.4 212.6 211.5 212.5 213.8 214.1 213.9 217 217.5 217.5 220.1 222.2 224.5 225 225.6 225.1 226.7 226.9 225.3 225.2 225.8 226.4 226.7 225.6 225.5 225.4 225.2 225.8 225.7 225.5 227.9 229.4 236.3 239.6 238.2
205.9 205.3 205.5 206.2 207.6 209 210.3 211.6 213.5 215.5 218.1 219.4 219.5 218 217.5 213.5 214 213.2 209 206.4 206.2 206.5 202.9 201.8 203.4 203.4 200 198.4 201.5 202.2 201.6 202.1 202.8 204.2 205.9 206.1 209.6 211 208.9 209.6 212.1 211.6 210.9 212.3 212.3 211.8 212.4 212.7 213.5 215.7 217.2 218.7 218.6 220.9 223.8 223.5 224.7 225.2 226.1 226.6 225.6 225.2 226.1 227 227.3 226.2 225.6 225.6 225.5 225.4 225.7 226.6 230.2 233.1 234.1 238.2 237.6 239.5
207.2 206.7 206.9 207.4 209.1 211.4 212.2 212.9 215.3 217 218.8 219.7 221.2 216.6 214 213.8 214.8 212.3 208.1 206.4 205.5 203.9 203.9 202.1 201.8 203 198.8 201.1 202.5 204.4 203.3 202.9 202.5 204.1 207.5 208.4 208.4 211.1 209.8 211.4 210.1 210.1 211 212 210.6 213.5 213.3 214.2 215.4 218.4 218.1 218.1 221.2 221.5 222.1 224 225.6 227 227.2 224.4 226.1 227.1 227.6 227.7 226.3 225.9 225.9 226 225.9 227.1 229.2 230.6 230.9 235.9 237.2 239.6 240.2 240.9
209.2 208 208.2 210.2 212.2 213.9 215.5 217.2 218.4 219.1 220.3 222.1 220.7 217.7 214.1 213.7 214.3 212.3 210 207.8 205.2 203.4 203.5 204.1 202.1 200.5 201.5 203.2 204 204.5 203.3 206 203.2 205.3 207 209.8 210.4 211 210.1 211.5 209.6 209.9 212.3 210.8 212.5 212.5 212.8 216 217.7 216.1 219.7 220.6 219.3 222.9 224.6 223.3 227.9 226.2 225.4 225.1 227.3 226.7 227.7 225.6 225.5 227.1 226.4 226.2 227.5 229.2 231.7 233.9 233.7 237.7 238.5 240.3 241.5 242.6
211.2 210 210.4 212.2 213.2 216 218.2 218.8 219.4 221.8 220.9 221 221.3 217.3 214.3 214 214.8 211 208.6 208.1 206.5 203.5 203.6 203.5 200.6 202.3 202.9 203.5 203.5 203.7 204.3 206.3 203.7 204.8 207.9 210.4 210.1 211.2 211.8 210.1 209.3 208.5 208.4 209.5 212.9 213.9 215.3 214.5 217.5 220.7 219.8 220.1 221 223.5 224.3 227.3 225.6 225.2 226.2 225.4 226.9 225.8 224.7 224.9 227 228.3 227.1 226.9 230 231.8 232.8 233.5 236.2 238.3 239.3 240.9 242.5 243.7
212 212 212.3 214.5 216 218.8 219.4 220.6 221.9 221.3 220.7 222.7 217.8 217.9 214 216.1 212.7 209 208.1 208.1 206.3 205.2 204.8 203.1 200.4 201.8 203.6 205.5 204.3 206.6 206.6 203.9 204.8 204.3 206.8 211.8 209.8 212.6 208.6 206.9 207.3 208.1 210.9 209.8 211.3 214.3 214.5 215.8 221.2 220.5 221.2 219.7 222 225.9 225.7 224.7 224.6 225.1 225 225.8 225.7 225.9 225.7 227.1 227.5 228.6 228.2 229.6 230.7 232.4 233 234.7 237.5 239.3 240.3 242 243.5 244.8
213 213.7 214 217.6 219 219.4 221.8 222.4 222.9 221.9 221.2 223.6 218.8 215.5 216 215.2 212 210.3 207.2 206.9 206.3 205.2 203.7 203.2 201.1 201 201.5 205.3 205 207.1 204.2 203.8 205.9 208.3 207.9 207.9 206.2 207.1 206.3 208.6 208.8 213.4 212.4 211.3 214.2 214.3 217.6 220.2 221.2 219.7 222.9 221.5 223.1 226 225.8 225.5 225.1 225.3 227.9 227.9 229.1 227.6 226.9 228.9 228.2 227.4 229.9 230.8 231.4 232.6 234 236.1 238.8 240.1 241.3 242.9 244.6 245.9
214.9 215.8 216.5 219.9 221.4 221.4 221.6 222.6 221.9 222.1 221.9 222.9 218.2 215.4 214.9 214 210.3 211.1 209 209.3 206.8 204 203.7 203.1 201 201.2 201.7 202 207 206.2 202.8 208.2 207.2 205.3 206 205.7 207.1 209.9 209.2 212.5 213.3 214.8 213.5 213.4 215.8 217 220.3 220.2 219.5 221.5 223.5 223.3 223.8 224.8 225.5 225.7 225.5 228.4 229.6 228.5 227.5 227.4 228.2 229.8 228 229.4 231.2 231.8 232.4 233.6 235.4 237.5 239.7 241 242.3 243.8 245.7 246.9
216 217.4 219.2 221.7 222.8 223.3 222.6 222.4 221.8 221.9 222.1 222.2 217.6 217.8 215.1 211.5 210.5 209.7 208 208.1 205.5 205.2 202.8 201.8 201.7 201.8 201.9 201.5 201.5 201.5 202.5 206.9 207.8 209.7 207 206.3 210 211.4 214.1 214.6 212.7 214 214.5 214.5 216.5 217.4 218.8 221.2 222 223.1 223.9 223.6 225.2 225.1 225.3 225.9 227.8 229.7 229.4 229.2 227.9 229.6 230.1 228.5 231.1 232.5 232.1 232.7 234 236.2 237.9 239.2 240.5 241.8 243.2 244.6 246.6 248
218 219.2 221.6 223.1 224.1 223.1 222.3 222.1 221.7 221.8 222.3 221.4 217.3 215 215.1 212 209.7 210.2 207.3 207.5 206.3 206.4 204.8 202.6 203.8 202.8 203 201.9 201.9 202.4 204.1 205.8 206.5 207.7 207.8 209.7 211.6 213 213.3 213.6 213.1 213.9 216 217.3 217.3 220 221.8 222.4 222.1 223.6 224.4 224 224.1 226.3 227.1 228.4 228.6 229.1 228.5 229.4 229.6 229.2 230.2 231.6 232.7 233.6 233 234.4 236.8 237.5 238.6 239.6 241 242.5 244.2 246 248.2 249.5
220.5 222.8 224.9 224.5 224.2 224.4 225.1 222.5 221.8 221.7 222.4 220.5 216.6 214.4 215.5 213.7 209.4 209.5 207.8 206.1 206.9 204.4 204.3 203.9 206.2 205.6 205.7 203.8 204.9 204.8 204.2 205.7 211.7 208.7 211.2 213.5 212.8 212.2 213.2 213.7 213.8 215.3 217.3 218.2 220.3 222.2 221.8 221.8 222.1 223.7 225.1 225.4 226.2 227.9 229 229.2 229.4 229.4 230 230.3 229.2 229.2 232.4 232.8 233.6 234.1 236.6 236.6 237.4 238.4 239 239.8 242.2 244.4 246.1 248.1 249.7 250.1
225.2 225.4 224.6 226.7 225.5 225.8 222.6 224.5 223.8 221.4 220.6 219.1 215 213.7 213.2 210.4 209.8 208 207.4 207.8 208.1 204.2 203.9 205.8 207.9 207.1 205.6 206.1 205.6 207.2 207.1 208 206.8 208.1 212.4 212.1 212.2 212.4 212.7 213.3 215.2 216.7 218.3 220.6 222.8 221.6 222.1 222.3 222.6 223.3 224.2 224.8 226 228.1 227.9 229.3 229.2 229.5 229.3 229.6 231.2 232.4 233 235.8 233.6 235.9 237.2 236.5 237.2 237.9 238.6 240.6 243 245.3 247.6 248.9 250.1 250.3
226 225.8 226.9 225.7 224.8 225.2 222.7 223.5 222 221.1 220.7 218.9 214.7 214.6 214.2 211.3 209.1 207.5 206.8 209.1 206 204.4 204.7 206.6 208.7 207.1 206.3 206.7 208.3 207.6 211.2 211.3 211.1 209.1 209.4 211.2 212.6 214.1 213.5 214 216.9 218.4 219.3 220.2 221.3 221.9 222.4 222.8 223.2 225.1 226.7 227.7 228.2 229.1 229.9 230.3 229.1 229.7 230.1 230.8 231.7 232.9 233.8 233.8 233.7 234.4 235.4 235.8 236.8 237.5 238.8 241.3 243.7 246.1 248.4 249.7 249.9 250
228 226.8 228.2 226.9 224.8 226.6 222.7 223.8 221.8 221.3 221.1 214.9 214 215.5 212.9 211.7 210.5 208 207.3 208.3 206.2 205.6 205.9 206.7 208.3 207.3 207.8 208.7 208.3 209.1 211.3 212.3 209.9 210.4 209.6 210.3 213.1 212.8 212.9 216.2 216.2 217.9 219.2 220.5 221.4 221.7 222.3 223.3 224.3 225.9 228 228.5 228.2 228.5 229.1 229.8 229.6 230.3 231 231.9 233.1 234 234.3 234.4 234.6 235.2 235.8 236.2 236.5 237.1 239.6 242 244.4 246.9 249.2 249.4 249.5 249.6
228.7 228.4 227.9 228.3 225.6 224.1 225.2 225 221.4 220.1 220.6 218.1 213 214 213.1 210.5 210 207.4 206.8 206.4 206.1 206.9 207.2 207.7 208.9 209.5 209.5 210.6 208.9 210 210.3 212.5 212.8 211.6 212.5 213.3 212.4 215.5 216.5 216.4 217.6 218.6 218.2 219.3 220.5 221.8 223.7 224.8 225.6 226.7 228.2 228 228.5 228.9 229.2 229.6 230.4 231.4 232.3 233.4 233.9 234.3 234.6 234.7 234.7 235.2 235.9 236.3 236.7 238.3 240.6 243 245.4 247.9 249.1 249.3 249.5 249.6
230 228.6 228 226.7 226.5 226.3 225.8 222.4 218.7 217.8 218.2 216.3 212.4 211.5 212.6 211.2 210.1 207.9 206.7 206.6 206.7 208.1 208.4 209.1 210 209.9 209.9 210.9 210.1 210.6 214.5 215.4 213.3 213.9 214.7 215.7 214.6 216 217.8 218.2 217 220.6 220 221.5 222.5 222.7 224.6 226.2 226.9 227.4 228.1 228.8 229.3 229.7 230 230.8 231.7 232.7 233.7 234 234.3 234.7 234.8 234.8 234.8 235.2 235.8 236.3 237.9 239.5 241.7 244 246.5 247.7 248.8 249.1 249.1 247.8
230.1 229.5 227.5 226.9 227.1 226.8 225.4 223 220.2 220.3 216.7 215.1 212.9 211.5 210.9 211.9 210.6 207.3 207.7 207.2 207.3 208.8 209.7 210.5 210.5 210.4 210.2 210.7 211.3 211.3 213.6 215.9 213.8 215.2 216.1 216.1 216.2 216.6 217.9 217.9 219.1 221.3 220.6 222.2 223.4 224.3 225.2 227.2 227.7 228.1 228.6 229.4 230.1 230.5 231.2 232.1 233.1 233.9 234.2 234.5 234.8 235 235 235 235 235.2 235.7 237 238.8 240.6 243.3 245.5 246.3 247.5 248.1 248.1 246.9 244.9
230.4 228.3 226.7 227.3 227.3 224.7 223.6 222.7 218.8 217.3 215.2 214.5 213.7 212.2 210.8 212.3 210.1 207.9 209 208.3 209 209.6 210.9 211 210.8 210.5 211 212 212.9 212.8 215.7 214.9 214.7 215.8 216.9 216.9 216.9 217.4 218 219.1 221 221.3 222 223 224.9 226 227 228 228.4 228.8 229.2 229.9 230.8 231.7 232.4 233.4 234.1 234.4 234.7 234.9 235.1 235.3 235.4 235.4 235.2 235.2 236.1 237.8 239.4 241.5 243.9 245.6 245.7 246 246.4 246.6 245 244
230 229 227.3 226.5 227.3 226.8 223.6 222 219.4 216.7 214.9 214.6 213.1 211.6 210.7 210.6 208.9 208.1 208.7 208.8 209.7 210.6 211.2 210.9 210.8 210.7 212.6 212.8 213.2 215.1 215.8 215.4 215.5 216.5 217.5 217.6 217.7 218.2 218.7 219.4 220.5 221.9 222.7 224.4 225.6 225.9 226.8 228.1 229 229.4 229.9 230.4 231.7 232.9 233.7 234.4 234.6 234.8 235 235.2 235.4 235.5 235.7 235.8 235.8 235.8 236.8 238.4 240 242.3 244.7 245.1 244.1 244.3 244.7 244.9 244.7 243.8
228.8 228.8 228 227.2 226.4 226.5 223.4 220.7 218.8 215.6 215 214.8 213.9 211 210.1 209.5 208.6 209.4 209.6 209.5 210.3 211.2 212.1 211.9 211.4 212.2 212.4 213.1 214.1 215.8 216.1 216.1 216.2 217.1 217.9 218.2 218.4 218.9 219.5 220.2 221.1 222.9 224.5 225.9 226.1 226.4 226.9 228.2 229.4 230 230.5 231 232.5 233.9 234.5 234.7 234.9 235.1 235.3 235.4 235.6 235.8 235.9 236.1 236.5 237.5 238.5 239 240.8 242.2 242.9 243.1 243.2 242.6 242.9 243 243.1 243.2
230.6 229.4 228.9 228 227.2 225.2 220.7 219.6 218.4 215.5 215.6 215.3 213.6 210.9 209.9 209.5 209.8 210.7 210.8 210.9 211.3 211.8 212.7 212.9 212 212.5 213.6 214.5 215.1 215.4 215.8 216.3 216.7 217.4 218.2 218.7 218.9 219.6 220.2 220.9 221.8 223.9 226.2 226.3 226.4 226.6 227.5 228.8 229.7 230.6 231.2 231.7 233 234.4 234.8 235 235.2 235.3 235.5 235.7 235.9 236 236.3 236.6 237 237.6 238.6 239.7 240.3 240.9 240.9 241 241.2 241.3 241.2 241.4 242.4 242.5
230 229.9 227.4 227.1 227.2 224.4 219.7 219.6 217.1 215.5 215 215.2 213.6 210.2 211.3 210.4 211.1 211.8 212.2 212.3 212.6 213 213.5 213.7 212.7 213.4 214.2 215 215.5 216.1 216.6 216.9 217.1 217.8 218.5 219.3 219.5 220.2 220.9 221.7 223 225.7 226.5 226.7 226.6 227.2 228.1 229.3 230 230.8 231.8 232.4 233.4 234.5 234.9 235.2 235.4 235.6 235.8 235.9 236.1 236.4 236.7 237.1 237.5 237.9 238.8 239.8 240.3 240.5 240.4 240.2 240 239.9 239.8 240.7 241.7 241.8
229.6 228.8 227.3 228.3 225.7 220.8 219.9 220.2 216.2 214.9 214.9 215.6 213.7 210.6 211.5 211.3 212 212.3 212.7 213.3 213.9 214.2 214.4 213.7 213.8 214.1 214.4 215.3 215.9 216.8 217.3 217.2 217.6 218.2 218.9 219.7 220.1 220.8 221.7 222.7 225.8 226.1 226.5 226.7 227.1 227.8 228.7 229.6 230.2 230.9 232 233 233.7 234.7 235.1 235.5 235.7 235.9 236 236.3 236.6 236.8 237.2 237.6 238 238.3 239 239.9 240.1 240 239.9 239.7 239.5 239.7 240 240.2 241 241.2
228.6 228.1 228.4 228.6 222.8 220 220.8 220.6 216.1 215.1 214.4 214.5 213.1 211 213.3 212.7 212.5 212.7 213.1 213.7 214.3 214.7 214.4 214.1 214.5 214.9 215.3 215.7 216.4 217.5 217.8 217.5 218.1 218.7 219.4 220 220.6 221.5 222.3 223.4 225 226.4 226.8 227.3 227.9 228.5 229.2 229.9 230.5 231.1 232.1 233.2 234.2 234.8 235.2 235.6 235.9 236.2 236.4 236.7 237 237.3 237.7 238.1 238.4 238.8 239.2 239.6 239.5 239.4 239.4 239.3 239.6 239.9 240.1 240.3 240.5 240.1
229.7 227.9 227.5 226.8 219.7 219.2 220.6 220.3 216.6 216 214.8 213.7 213.2 213 213 212.6 212.7 213.3 213.6 214.2 214.8 215.1 214.8 214.7 215.2 215.7 216.2 216.7 217.5 218.3 218.1 217.9 218.6 219.2 219.9 220.6 221.2 222 222.8 224.1 225.7 226.7 227.3 227.9 228.4 229 229.6 230.3 230.8 231.4 232.3 233.4 234.3 234.8 235.2 235.6 236.1 236.6 236.8 237.1 237.4 237.8 238.2 238.5 238.9 239.2 239.3 239.5 239.6 239.5 239.3 239.5 239.7 240 240.3 240.4 240.5 238.9
229.2 229.3 226.6 222.5 219.3 219.3 221 217.7 215.9 214.8 214.8 213.6 213.4 213.5 213.4 213.2 213.8 214.2 214.2 214.8 215.4 215.2 215.1 215.4 216.3 216.8 217.3 217.9 218.6 218.3 218.3 218.5 219.2 219.9 220.6 221.3 221.9 222.6 223.4 224.8 226.6 227.1 227.7 228.2 228.9 229.5 230.1 230.8 231.5 232.1 232.7 233.8 234.3 234.8 235.3 235.8 236.3 236.8 237.2 237.5 237.9 238.2 238.5 238.7 238.8 239 239.2 239.4 239.6 239.5 239.4 239.3 239.7 240.1 240.4 240.4 239.1 237.9
228.2 230.9 224.7 224.1 220 219.4 220.1 218.1 216.2 215.2 214.4 213.8 213.7 214 215.2 214.7 214.9 214.8 214.8 215.4 215.7 215.5 215.8 216.1 216.9 217.8 218.4 218.8 218.8 218.9 218.9 219.2 219.9 220.6 221.3 221.9 222.6 223.3 224 225.7 226.9 227.5 228.1 228.7 229.3 230 230.6 231.3 232 232.7 233.3 233.9 234.4 234.9 235.4 235.9 236.4 236.9 237.5 237.8 238 238.1 238.3 238.5 238.6 238.8 239 238.9 238.7 238.6 239.1 239.2 239.6 240 240.4 239.1 237.8 236.6
226.8 225.2 224.9 225.5 220 220.2 220.5 218 215.7 214.9 215.9 215.4 214.8 215.8 217.3 216.6 215.6 215.5 215.4 216 215.9 216.2 216.5 216.8 217.5 218.4 219.3 219.4 219.5 219.5 219.6 219.9 220.6 221.3 221.9 222.6 223.4 224.3 225.2 226.6 227.3 227.9 228.6 229.2 229.8 230.5 231.1 231.8 232.5 233.1 233.7 234 234.4 235 235.5 236 236.5 237 237.5 237.6 237.8 237.9 238.1 238.3 238.4 238.3 238.1 238 237.8 237.7 238.2 238.5 238.7 239 239.2 238.2 236.7 235.3
226.4 224.2 223.6 222 219.4 220.7 219.5 217.6 215.1 214.4 215.5 215.1 215.8 217.5 218.5 218 217.9 216.4 216.1 216.3 216.6 216.9 217.2 217.5 218.1 219 219.9 220.4 220.2 220.2 220.2 220.6 221.3 221.9 222.8 223.7 224.6 225.5 226.4 227.1 227.8 228.4 229 229.7 230.3 230.9 231.6 232.3 232.9 233.6 234 234.2 234.5 235 235.5 236 236.5 237 237.5 237.4 237.6 237.7 237.9 238 237.9 237.6 237.3 237 236.9 236.8 237.1 237.2 237.3 237.6 237.9 237.5 236 234.4
224.9 222.9 223 219.6 219.8 219.4 218.6 218.7 214.6 215.2 216.2 215.7 217 218.2 219.2 219.4 219.3 218 217 217 217.3 217.6 217.9 218.2 218.7 219.6 220.5 221.4 221.2 221.1 220.9 221.3 222.2 223.1 224 224.9 225.9 226.8 227.7 227.8 228.3 228.9 229.5 230.2 230.8 231.4 232.1 232.7 233.4 233.9 234.2 234.4 234.7 235 235.6 236.1 236.6 237.1 237.4 237.3 237.3 237.5 237.7 237.8 237.5 237.2 236.9 236.6 236.3 235.9 235.7 235.8 236 236.2 236.4 235.8 234.5 233.1
226 221.6 222.3 219 218.5 217.9 218 219.3 215.1 215.5 215.8 216.3 218.1 219.6 220.4 220.4 219.2 218.6 218.6 218.6 218.5 218.4 218.6 218.9 219.3 220.2 221.1 222 222.2 222.1 222.2 222.7 223.5 224.4 225.3 226.2 227.1 228 228.5 228.6 228.9 229.4 230 230.6 231.3 231.9 232.5 233.2 233.9 234.2 234.4 234.7 234.9 235.2 235.6 236.1 236.6 237.1 237.2 237.2 237.1 237.3 237.5 237.4 237.1 236.8 236.5 236.2 235.9 235.4 234.9 234.6 234.6 234.8 234.6 234.2 232.8 231.5
