Game/Highland_Data/StreamingAssets/GeoData/Data/nh/NH74.asc
ncols 200
nrows 200
xllcorner 270000
yllcorner 840000
cellsize 50
[rows 140 to 174 of 200, columns 79 to 157 of 200]
145.9 146.6 135.3 117.6 113.4 112.3 109.8 118.8 128.7 135.7 140.1 144 147.1 150.2 152.8 155.4 158.1 162.6 165.4 167.1 169 170.2 174.6 174.2 172.6 176.7 190.4 193.3 194.2 195.1 196.1 197.5 198.5 198.8 199.1 197 196.2 195.4 200 208.7 212.5 211.2 209.7 209.2 209.1 210.9 214.4 217.2 220.4 224.4 228.3 230.8 234 241.8 245.8 248.3 251.3 250.4 247.8 250.8 259.9 261.7 261.6 232 239.8 266.1 270.9 274.8 278.4 281.9 284.8 287.3 289.2 291.3 293.9 297.1 299.3 300.8 303.7
145.6 140.4 123.1 114 112.7 109 117.7 128.7 135.5 140.6 144.3 147.6 150.6 153.3 156.1 160.7 162.4 164.7 167.5 168.9 170.7 175 177.1 173.6 175.6 181.8 193.3 195 196.2 195.7 197.6 199.6 202.1 199.8 199.5 198.6 198.2 198.6 204.6 212.9 212.5 211.5 212.9 213.6 212.7 213.3 217.5 220.7 224.4 228.4 232.2 235.7 238.2 246.2 250.6 252.3 254.7 257.1 256.5 244 262.4 263.8 264.8 243.2 235 257.7 275.7 279.8 283.5 285.7 288 290.2 291.1 291.5 293.4 295.2 296 297.2 300.1
134.7 123.5 113.8 112.4 109.8 115 125.9 135.5 140.5 143.9 147.5 150.9 155 158.3 161.7 164.2 165.2 167.5 170.2 171.1 176.7 175.7 173.2 174.3 177.9 180.1 182.8 183.1 185.1 186.9 187.5 197.9 199 200.9 201 199.7 202.7 203.7 209.3 213 213.4 214.8 216.1 217.5 217.1 218 221 224.2 228.4 232.4 236.4 241.7 246.9 248.2 252.9 255.2 257.9 260.6 262.2 247.8 263.3 264.3 265.5 260.3 239.6 238 256.7 278.8 289.3 289.6 289.7 289.6 290.2 289.9 291.1 291.3 292.2 293.9 297.5
125.8 111.6 108.9 109.8 113.9 126.1 134.7 140.4 144.1 148.1 150.8 154.9 159.5 164.4 164.3 166.1 168.3 171 173.8 174.6 177.5 173.9 175.8 181.4 190.7 193.5 189.5 198 193 202.1 198 192.8 195.4 200.7 203 206.3 212.3 213.4 213.7 215 216.2 217.5 218.7 219.6 220.2 221.2 223.9 226.8 231.8 237.1 241.6 246.2 251.5 254.7 256.7 259.1 261.5 262.8 263.2 251.2 263.4 264.6 267.3 269.6 261.8 243.3 241.5 260.5 272.3 284.9 281 276.7 282.4 285.2 286.7 290 292.6 294.8 295.3
113.6 114.1 113.4 114.8 129.4 135.1 140.1 143.8 146.4 150.5 156.2 160.2 164 165.4 166.8 168.8 171.6 174.8 175.3 174 174.8 178 186.4 194 196.6 198.4 200.1 202.1 204.2 204.2 200.4 200.6 201.9 201 203 211.5 218.1 217.1 216.2 217.3 218.6 219.8 220.5 221.6 222.1 223.3 225.4 229.5 235.5 241.9 247.1 251.6 256.1 259 261 262 263 263.7 264 253.8 263.5 266.7 269.5 272.1 273.7 273.3 252.1 246 255.1 276.5 289.4 292 291.8 292.5 293.9 296 298.3 300.8 302.9
114.1 114.8 115.7 129.1 136 140.8 144.7 147.5 151.4 156.9 161.2 163.9 165.2 168.1 170.1 172.9 174.9 176.5 175.8 179.3 176.5 184.8 194.2 197.4 200.6 202.5 204.2 204.9 206.7 204.2 201.1 202.8 208.9 214.1 211.1 206.7 213.5 217.7 218.6 219.6 220.8 221.4 222.1 223.5 224.3 225.6 229.7 235.1 240.9 247 252.5 256.5 259.8 261.2 262.1 263 264 264.5 265.4 256.4 264.3 268.9 271.5 276.1 282.6 288.6 278.7 269.1 251.8 278.7 294.6 294.8 293.9 295 296.3 298.2 301.2 304.4 306.5
114.7 116.8 128.9 136 140.4 145.3 149.6 152.7 155.5 163.2 164.1 164.8 167.4 170.5 173.4 176.6 177 177.5 179 179.3 179.7 192.1 198.3 201.7 204.5 206.4 208.3 208 203.9 203.1 204.7 215.2 221.9 225.7 224.6 216.4 213.6 217.7 220.9 222.2 222.8 223.1 224.9 227.1 227.8 230.8 234.9 239.3 245.1 251 256 259.1 261.5 262.5 263.5 264.5 265.5 266.1 267.3 267.7 261.6 270.9 279.7 285.3 289.3 293.2 294.8 277.8 255.8 267.5 295.1 296.1 296.9 297 298.4 300.3 303.3 306.5 308.3
118.5 129.3 136.9 141.5 146.4 150.3 153.9 156.5 159.6 163.7 165.9 167 170.1 173.1 176 177.1 177.3 179.6 182.2 181.2 192.1 198.7 202.5 206 208.3 210.3 212.2 207.1 205.4 207 217 225.4 229 229.8 228.1 225 212.4 218.9 222.4 223.9 224.3 224.5 227.1 231.2 232 236.6 240.6 244.5 248.5 253.7 258.4 261.3 263 264.3 265.3 266.3 267.1 267.7 269.5 271.5 261.5 272.9 285.3 291.7 294.1 295.7 294.6 279.3 262.6 260.8 283.5 297.1 298.3 299.3 300.6 302.6 304.9 307.8 310.7
126.6 135.6 140.2 146 149.8 153.8 157.3 160.8 163.9 166.3 167.2 170.4 173.7 176 177.1 179.7 180.4 182.6 189.2 194.8 200.9 202 206.2 210 212.2 213.5 206.7 206.6 207.2 216.9 225.8 231.9 233.9 232.3 229.6 225.3 218.9 215.4 222.6 224.2 225.1 227 230.6 234.5 237.5 242.3 245.5 249.3 253.2 258.1 260.8 263.1 264.3 265.7 267.1 268.1 268.8 270.1 273.3 277.4 275.8 273.2 287.6 294.7 297.1 297.8 297.8 294.8 281.9 271.1 272.2 298.1 299.6 300.8 303.2 305.3 308.8 311.7 316.5
134.6 140.8 144.7 148.3 151.5 157.1 160.4 163.5 166.4 168.7 171.8 175 177.4 179.2 181.1 183.5 182.2 188 194.7 199 203.1 204.8 204.6 206.8 206.7 207.6 208.5 211.1 219.3 227.3 234.7 236.4 235.8 233.1 230.3 228.4 227.6 225.3 221 227.5 228.9 231.3 235 238.9 243.1 247.9 251.6 254.3 258.7 264.2 264.7 265.6 266.9 268 269 270 272 275.3 280.3 285.7 284.1 275 288.9 297 299.4 299.9 299.4 298.9 298.6 273.8 271.3 298.7 301.4 303.5 306 309.3 316 319.1 321.6
139.8 146.1 151 153.5 154.1 158.7 161.7 165.2 168.9 172.3 175.7 178.3 180.6 183.2 185.7 187.6 184.1 191.6 197.5 202.9 206.8 209.3 207.6 208 209 211.1 215.9 224.4 232.9 237 237.8 237.7 236.2 234.4 232.6 230.8 229 229.2 228.2 232.3 233.7 236.8 240.5 244.5 248.8 253.5 257.8 260.6 263.2 264.8 266.8 268.1 269.5 270.8 271.9 274.3 278.2 283.5 287.9 292.4 293.7 273.4 290.7 299.6 301 300.9 300.8 300.5 300.4 294 269.1 290.7 305.1 307.2 309.5 313.2 318.9 325.3 328.8
144.2 150.6 156.9 165.1 160.2 161.3 164.8 168.5 172.1 175.5 178.8 180.9 182.9 185.3 187.7 185.9 188.1 195.2 199.2 204.5 209.4 212 210.1 212.8 215.6 221.8 229.8 237.3 242 242.8 241.7 240.7 238.9 237.1 235.2 233.4 231.5 228.3 231.5 235.4 238.7 242.5 246.2 250.1 254.4 259.1 263.2 266.2 267.9 268.8 269.9 270.7 272.1 274.1 277.7 281.7 285.3 289.8 293.9 295.8 298.7 282.3 292.4 301 301.7 301.6 301.5 301.7 302 290.9 274.6 286.9 309.6 312.6 313.6 318.8 324 329.5 332.4
147.9 154.2 160.9 165.5 166.4 165.5 168.2 171.8 175.3 178.7 181.5 183 184.8 187.3 189.6 186.8 193.6 198.1 201.4 205.5 210 213.4 215.4 219.3 227.4 236.1 242.9 246.3 246.9 245.8 244.7 243.6 241.7 239.8 238 236.2 233.6 232.5 236.9 240.9 244.2 247.9 251.9 255.6 260.1 264.2 267.9 270.1 271.8 272.7 273.4 274 276.7 279.7 283.7 287.7 291.7 295.8 298.6 299.6 300.5 284.8 286.8 301.2 302.9 303.2 303.4 303.6 304 305 294.4 276.8 295.5 315.6 318.4 323.6 329 332.2 334.7
151.4 158.8 169.8 170.3 170.7 170.1 171.9 175 178.2 181.5 183.6 185.1 187 189 187.7 192.3 198.3 202.4 205.6 210.1 214 217.4 222.6 230.5 239.5 248 250.1 250.5 249.7 248.8 247.7 246.4 244.5 242.6 240.3 237.9 232.6 237 241.4 245.7 249.6 253.2 257.2 261.2 265.1 268.9 272.4 273.9 275.3 276.2 277.2 279.1 282 285.6 289.7 293.7 297.7 300.4 302.4 303.3 304.1 301.8 292.2 303.6 305.2 305.4 305.7 306.1 306.5 308.2 309 287.2 302.4 316.7 321.3 326.5 329.3 332.6 335.7
157.6 164.5 170 171.5 171.9 174.4 175.8 177.5 180 183 185 187 188.3 187 191.1 197.2 202.8 207.1 213.9 218.5 221.3 227.1 234.2 242.4 250.5 253.8 254.7 253.9 252.8 251.7 250.7 248.8 246.4 244 240.7 235.6 236.8 241.2 245.5 250 254.5 258.5 262.4 266.1 268.7 272 275.6 277 278 279.9 282.8 284.8 288.2 291.2 295.2 299.2 302.7 304.8 306 306.6 307.1 307.5 294.3 306.9 307.5 307.9 308.1 308.4 309.6 313 315.5 310.7 315.3 319 322.4 326.3 328.6 332.5 337.5
165.5 169.7 175.8 176.6 176.7 178.2 179.7 181.2 182.4 183.8 186.1 186.2 186.3 192.2 198.3 202.6 210 221.1 227.7 235.3 238.2 241 247.6 253.8 257.1 258.4 257.9 256.7 255.5 253.9 252.4 250.3 248.1 245.7 241.3 238.4 241.8 246.7 251.1 255.4 259.8 263.5 267.2 270.7 273.2 275.6 278.7 280.1 282.3 284.5 288.4 290.6 294.6 297.4 302.1 304.1 307.2 308.6 309.3 310.4 309.3 299.5 298.6 303.7 309 309.7 310.9 311.9 314.4 316.9 319.2 321.8 319.4 312.7 315.4 323.7 326.2 332.4 338.7
171.3 176.8 179 179.7 179.6 181.9 184.2 185.1 185 184.9 185.7 191.6 194.9 199 205.4 212.1 221.4 230.3 238.7 244.2 250 253.7 257.8 260.8 261.1 260.4 259.5 258 256.5 254.9 253.8 252.6 250.2 247.7 240.1 243 246.7 251.7 256.5 261 265.3 268.8 272 275.2 277.7 280.1 282.3 284.7 286.9 289.4 293.4 296.3 301 303.9 307.9 309.4 311.3 312 313.3 313.5 304.6 311.7 305.4 307.9 310.3 313.2 314.3 315.7 318.2 320.4 322.7 325.2 327.4 325 320.3 329.9 334.8 336.4 339.3
177 179.8 180.3 180.7 183.8 186.1 186.6 187.2 187.2 188.4 192.5 196.3 201.3 206.7 214.4 224.1 233.4 241.4 247.2 252.6 256.6 260.8 263.6 264.4 263.3 262.1 260.3 258.7 258.1 257.3 256.3 255.1 253.6 251 244.7 247.7 251.7 256.7 261.6 266.4 270.8 274.2 276.8 279.7 281.8 282.8 286.2 289.5 291.8 294.4 298.4 302.1 306.7 310.1 312.3 314.3 315.3 315.5 315.8 316 311.6 314.2 311.3 313.1 313.4 312.1 316.9 319.6 321.8 324 326.2 328.7 326.4 323 326.1 331.3 339 342.1 345.9
180.6 180.7 183.4 186 187.7 187.8 187.9 188.5 190.3 193.6 198 202.8 208.6 218.2 225.6 232.7 241.9 249.1 253.6 258.1 263.3 266.2 267.3 266.2 264.8 263.2 262.1 261.8 260.8 259.8 258.8 257.6 256 247.4 249.1 252 256.6 261.6 266.6 271.6 275.6 278.5 281.7 283 283.8 286.6 290 293.3 296.7 300 303.9 307.5 311.8 314.1 315.6 318.3 318.5 318.3 318.5 318.9 313.9 316.1 315.5 316.9 318.2 317.6 319 322.3 324.9 327.4 329.8 330.3 325.8 327.9 333.3 340.9 343.6 346.6 350.3
182.1 184.2 186.5 189.3 189.1 190.3 190.2 191.1 194.6 199.7 203.7 211 218.6 227.7 236 243.4 250 256.7 260.7 265.1 269 270.1 269.3 267.8 266 265.2 265.8 263.8 262.8 261.9 261 260.1 258 252 255.6 257.3 261.9 266.9 271.9 276.5 279.4 282.3 283.8 285 287 290.4 293.8 297.2 301.3 306.1 310 313.2 315.9 318.4 320 321.8 321.9 321.8 321.3 321.4 317.5 319.3 320.4 321.3 322.2 323.2 322.6 323.9 327.5 329.8 332 331.3 327.2 332.9 339.9 344.8 348.1 351.1 354.6
186.1 188.3 190.6 190 189.7 191.6 193 195.7 198.9 203.5 211 220.3 229.1 237.6 246 252.4 259 264.4 268 271.4 272.6 271.8 270.5 269.4 268.7 268.9 268.5 267.8 265.3 264.4 263.3 262.3 256.9 257.7 260.5 262.6 267.4 272.3 277.2 280.3 283 284.5 285.4 287.3 290.7 294.1 297.5 301.9 306.8 311.8 316.2 318.9 321.6 325 324.9 324.9 325.1 325.2 324.2 323.2 320.9 322 322.9 323.8 324.7 325.7 325.9 324.7 328.8 331.9 333.5 330.3 330.6 338 345.2 348.8 352.3 355.6 358.6
190 190.7 190.5 189.7 190.5 192.5 196.8 200.3 207.1 213.3 222.1 230.7 238.7 247.1 254.6 260.4 265.8 269.9 272.2 273.1 274.2 272.8 272.2 271.9 272.2 273.2 273.4 272.6 270.1 267.5 265 264.8 257.6 262.1 265.3 267.9 272.3 277.4 281.1 283.5 285.6 287.1 288.8 290.7 293.7 297.8 302.9 308.6 312.8 318.2 321.9 324.4 326.2 327.8 327 327.5 327.1 327.1 325.8 324.3 323.9 324.6 325.4 326.3 327.3 328.3 328.7 326.7 329.8 333.8 333.9 331.2 332.3 342.3 349.1 352.8 356.3 359.2 361.6
189.2 188.7 189.2 191.1 193.4 197.9 201.3 207.2 214.2 222.5 231.1 239.7 248.2 255.8 261.8 266.8 271.2 273.9 275.3 276 276.6 276.2 276.4 276.5 277.1 278.5 278.4 276.3 274.1 271.9 269.6 267.1 264.9 266.9 269.9 273.2 277.5 281.8 283.9 286.1 288.2 290 291.8 294.4 297.7 303.3 309.9 315.5 320.1 326.3 328.2 329.5 330.6 331.4 329.5 330.1 330.1 330 328.4 326.7 326.7 327.1 327.9 328.8 330.1 330.8 331.1 329.6 331.2 334.8 333.2 332.8 337.1 346.2 352.4 356.4 359.3 362.1 364
187.4 189 192.1 195.2 199.3 204.3 208.9 215.4 222.5 230.8 240.2 249.3 256.8 262.8 267.6 272.1 275.6 277.3 278.4 279 279.7 279.8 280.3 281.6 283.2 283.1 281.7 278 276 274 272 269 270.9 272.2 274.4 277.9 281.1 284.1 286.2 288.3 290.4 292.3 293.9 297.5 303.6 310.5 317.7 324.4 328.3 332 334.2 335.2 334 333.4 332.9 332.9 332.4 331.5 331 329.5 330.8 330.3 330.3 331.5 332.8 333.2 333.6 332.6 330 333.3 333.2 336.5 344 350.7 354.9 359.2 360.9 364.2 366.1
189 191.9 196.3 200.6 204.5 209.9 216 224.4 232.4 240.9 250.3 258 264.4 269.1 273.1 276.6 279.3 281.1 281.8 282.2 282.8 283.3 284.3 286.7 286.9 286.2 283.2 280.5 278.3 276.2 274 272.6 274.2 275.8 277.7 281.1 283.6 286.3 288.9 290.7 292.6 294.6 297.3 303.8 310.2 317.8 326.1 331.5 335.3 337.9 339.4 339.2 337.9 337.5 336.3 336.2 334.6 333.6 333.4 332 334 334.2 333.3 334.1 335.5 335.7 335.1 333.8 333.4 338.2 341 345.4 351.2 354.5 358.8 362 362.8 365 367.8
193.1 198 202.1 205.4 210.5 216.8 225.3 234.8 243.3 251.5 259.2 265.7 271.5 275.2 278.3 281.1 282.8 284.7 285.5 285.9 286.1 287 288.4 289.4 289.7 288.1 284.4 281.8 279.8 277.6 275.5 275 277 278.6 281.1 283.7 286.3 288.8 291.5 293.3 295.2 298.8 304.4 308.4 316.9 326.5 333.4 337.7 341.8 343.5 343.7 342.7 341.2 340.3 337.7 338.4 337 336.1 336 335.4 336.8 336.9 335.6 336.5 338.1 338.6 336.4 338 339.4 344.7 349.6 352.9 356.1 359 361.9 363.6 365.8 367.4 369.2
197.9 202.4 207.1 211.5 217.7 225.8 236 246 254.3 261.5 267.2 273.5 277.2 280.4 283.3 285.7 287 288.6 289 289.1 289.3 289.4 290.4 291 290 285 285 282.4 280.6 278.8 277.7 278 279.6 281.1 283.5 286.1 288.6 291.2 293.9 296.5 299 306.2 313.3 317.9 323.2 333 339.5 344.5 347.3 347.9 346.2 344.9 344.1 343.1 341.8 341.1 339.8 338.9 338.6 337.7 339.1 338.6 338 339.3 339.9 340.7 340.2 342.1 347.2 349.6 352.7 355.7 358.7 362 363.4 365.3 367.5 369.8 370.7
201.9 204.9 211.5 218.1 226.1 236.7 247.3 257.5 264.5 270.4 275.4 279.8 283.3 286.9 289.1 290.3 292.4 294.4 294.2 292.8 291.5 291.2 291.2 291 289.4 287.4 286 284 281.1 279.7 278.6 279.9 281.5 282.6 284.6 287.1 289.8 293.5 297.1 301.3 305.5 312.3 319.6 325.7 330.8 340.1 345.6 348.5 351.3 350.1 349.2 347.5 346.6 345.2 345 344.2 343.6 341.7 341.2 341 341.7 340.9 341.5 342.2 342.1 341.9 343.3 347.6 351.5 353.4 355.6 358.6 361.6 364.2 365.4 367.3 369.5 371.7 375.6
205.1 211.5 217.7 225.3 235.1 246.3 258 267 273.8 279.5 282.8 286.8 290.4 294 295.7 297.1 298 300.1 297.9 295.2 293.2 292.9 293.3 293.3 292.1 289.5 286.5 284.9 282.5 280.6 280.6 281.8 283 284.1 285.8 289.4 293.1 296.7 300.3 304.9 310.7 316.8 323.1 329.2 336.4 345.6 350.8 352.8 353.7 352.9 352.6 350.8 349.4 348.8 348.3 346.5 345.2 344.3 343.8 343.1 344.1 343.2 344 344.6 344.3 344.8 347.3 349.8 354.4 357.2 359.1 361.2 363.9 366.6 368.3 369.6 372.7 375.3 378.4
209.7 216.1 223.6 233.2 245.4 257.3 268 275.7 281.9 286.4 289.1 293.7 297.5 301.1 302.3 304.1 304.9 302.6 300.2 297.5 295 294.8 295.4 295.8 295 291.1 287.9 285 282.7 280.9 282.9 284 285 286.2 289.1 292.7 296.4 300 303.7 308.9 314.4 320 326.2 332.4 340.5 349.5 355.5 355.9 354.6 354.9 354.7 353.6 351.7 352.1 351 349.1 347.6 348 347 345.4 345.8 346.2 345.7 346.1 347.1 347.7 350 352.6 355.7 360.9 363 363.5 366.1 368.9 370.7 371.9 374.7 378.3 382.3
213.1 220.7 230 242.7 255.5 268.1 276.7 282.7 287.6 291.9 295.5 300 304.6 307.7 309.3 310.6 311 306.6 301.8 299.8 297.2 296.9 297.6 298 297.7 292.2 288.1 285 282 282.4 284.8 286.4 287.7 289.1 292.3 296 299.7 303.4 307.4 312.5 318 323.5 329.4 336.1 345 352.5 356.4 357 355.8 356.8 356.4 355.4 354.7 354.3 353.8 352.1 350.4 348.9 348.3 346.3 347.8 347.4 348 348.1 349.9 350.6 353.9 357 359.5 360.7 364.3 366.9 367.8 371.1 372.9 374.8 376.7 382 385.2
216.6 225.4 238.4 251.7 264.7 275.5 282.5 287.1 291.7 296.7 301.7 306.4 311.1 314.3 315.4 316.5 314.1 308.3 302.6 299.3 299 300.1 300.4 300 297.5 292.2 287.7 284.6 281.8 284.1 286.3 288.6 289.2 293.9 296.6 299.7 303.1 307.1 311 316.1 321.6 327.1 332.7 339.8 347.7 353.6 355.2 357.3 357.4 358.7 358.2 357.8 356.7 355.3 355.6 354.6 353.3 351.3 349.7 348.6 349.5 348.7 349.8 351.1 352.1 354.2 356.5 358.9 362 363.6 365.8 368.3 370 372.2 375.1 377.1 381.4 385.7 388.5
220.6 232.3 246.1 259.2 271.2 280.3 286 291.1 295.9 302.3 308.8 313.7 318.1 321.3 322.2 320.1 316.2 311 303.9 301.2 301.4 303.7 304.7 299.7 295.2 291.2 286.7 285 284.1 288.3 290.6 292.8 294.1 298.7 301.1 304.2 307.7 311.7 315.5 319 324.1 331.4 338.7 344.6 349.4 353.3 355.4 357.2 359.3 360.8 360.7 360.1 359.3 358.5 357.5 356.5 354.7 352.9 351.1 351.2 351.5 351.4 351.6 352.4 355.4 357 359.2 362.5 364.8 366.9 369.2 370.9 372.1 374.8 377.8 381.5 385.3 388.4 392.5
225.7 239.7 252.6 264 275.4 282.6 288.6 295.5 303.5 309.4 315.9 320.6 325 326.7 326 322 316.5 310.3 304 302.3 304.1 306.7 302.9 296.4 291.8 289.3 285.5 284.5 286.5 290.7 294.9 296.8 299.2 302.8 306.4 308.9 312.2 316.2 319.8 322.7 328.1 335.4 341.7 347 351.2 354.8 356.8 358.9 360.5 362 362 361.5 360.6 359.8 358.9 357.9 356 353.8 351.7 353.5 353.8 354 354.1 355.8 357.2 359.4 362.5 364.4 366.5 369.2 371.4 373.8 375.4 377.5 381.2 384.2 387.9 392.6 395.3
231 244.2 257.3 268.9 277.5 284.9 292 302.2 310.5 317.6 322.7 327.6 332 331.4 330 324.8 315.9 308.3 305.1 302.5 302.9 302.5 296.6 293 289.7 286.9 285.9 287.2 289.7 294.6 299.1 301.6 304.5 307.5 310.5 313.8 316.3 319.9 322.8 325.6 331.5 338.4 343.7 348.7 353.1 355.9 357.7 359.2 360.8 362.3 362.8 362.5 361.8 361 360.1 359.1 357.1 355 353.6 354.4 355.7 356.3 356.5 357.6 359.7 361.8 364.4 366.8 368.1 371.1 373 376.4 379.2 380.2 384.5 387.9 391.3 394.9 398.5
