Game/Highland_Data/StreamingAssets/GeoData/Data/nh/NH76.asc
ncols 200
nrows 200
xllcorner 270000
yllcorner 860000
cellsize 50
[rows 148 to 184 of 200, columns 83 to 165 of 200]
158.2 156.5 155.3 154.1 152.6 150.8 149.2 147.7 146.2 145.2 144 142.8 141.6 140.4 139.1 138.3 137.2 134.7 134.6 135.4 135.9 136.3 137.4 138.8 140.6 142.6 144.5 148.1 151.4 155.1 159.5 165.3 171 176.4 182.5 188 189.7 192.5 196.9 197.1 196.7 196.8 197 196.5 196.1 195.5 194.3 191.5 188.6 184.4 178.8 171.6 142.8 105.8 115.8 109.4 79.4 38.8 10.4 1.3 -1.3 -1.3 -1.3 -1.3 -1.3 -1.3 -1.3 -1.3 -1.3 -1.3 -1.3 -1.3 -1.3 -1.3 -1.3 -1.3 -1.3 -1.3 -1.3 -1.3 -1.3 -1.3 -1.3
156.2 155 153.8 152.5 150.9 149.3 147.7 146.3 145.1 144.3 143.2 142 140.8 139.7 138.3 136 135.1 136 135.6 136.1 137.4 137.6 139 141 142.6 144.8 147.8 151.9 155.6 160.5 166.1 172.3 178.3 184.9 190.7 193.6 194.8 198 199.3 200 199.7 199.7 199.4 198.5 197.8 197.4 195.1 191.9 188 182.7 176.7 156.4 119.8 79.4 72.9 64.4 41 15.2 1.9 -1.3 -1.3 -1.3 -1.3 -1.3 -1.3 -1.3 -1.3 -1.3 -1.3 -1.3 -1.3 -1.3 -1.3 -1.3 -1.3 -1.3 -1.3 -1.3 -1.3 -1.3 -1.3 -1.3 -1.3
154.5 153.4 152.2 151 149.4 147.9 146.3 144.8 144.1 143.3 142.5 141.2 140.1 139 137.9 135.6 135.5 135.9 136 136.9 138.2 139.6 140.6 142.4 144.9 148.4 151.8 156.1 161.3 166.8 173.4 180.2 186.8 193.3 197.4 198.5 198.9 200.2 201.4 202.3 202.6 202.6 201.9 200.8 199.9 198 194.1 190.6 186.1 180.4 166.5 127.2 90.2 56.3 42.2 27.1 12.7 1.6 -1.3 -1.3 -1.3 -1.3 -1.3 -1.3 -1.3 -1.3 -1.3 -1.3 -1.3 -1.3 -1.3 -1.3 -1.3 -1.3 -1.3 -1.3 -1.3 -1.3 -1.3 -1.3 -1.3 -1.3 -1.3
153 151.8 150.3 149.1 147.9 146.4 144.8 143.8 143 142.3 141.5 140.5 139.3 137.9 135.4 136.2 136.6 136.6 137.4 138.1 139.4 141.2 142.5 145.3 148.3 152.1 156.2 161.4 167.2 173.3 180.7 187.9 194.5 199.5 202.2 202.2 201.8 203 204 204.6 205.6 205.5 204.6 203.3 201.2 197.9 193.3 189.1 183.9 175.8 147.2 107.2 71.3 38.3 21.7 8.5 1.9 -1.3 -1.3 -1.3 -1.3 -1.3 -1.3 -1.3 -1.3 -1.3 -1.3 -1.3 -1.3 -1.3 -1.3 -1.3 -1.3 -1.3 -1.3 -1.3 -1.3 -1.3 -1.3 -1.3 -1.3 -1.3 -1.3
151.5 150.2 148.7 147.2 146 144.8 143.6 142.8 142 141.2 140.5 139.7 138 136.1 136.3 137.1 137.4 137.7 138.5 139.7 141 142.8 145.9 149.3 153.2 157.3 161.5 166.7 173 180.6 188.3 195.3 199.9 202 201.8 201.8 202.9 204.6 205.9 206.8 207.7 207.9 206.6 204.9 202.9 198.5 192.8 187 180.5 171.5 137.9 92.6 60.9 34.1 11.6 5.6 0.5 -1.3 -1.3 -1.3 -1.3 -1.3 -1.3 -1.3 -1.3 -1.3 -1.3 -1.3 -1.3 -1.3 -1.3 -1.3 -1.3 -1.3 -1.3 -1.3 -1.3 -1.3 -1.3 -1.3 -1.3 -1.3 -1.3
150 148.7 147.4 145.7 144.6 143.7 143 142.2 141.4 140.7 140 138.3 136.4 136.7 137.5 138.1 138.5 138.8 139.7 141.1 143 146.6 149.6 153.9 157.9 162 167.1 172.5 179.1 186.5 193.6 198 200.3 200.5 199.9 202.2 203.8 205.5 206.5 207.7 208.5 207.9 207.5 205.5 202.1 197.4 190.6 183.5 175.3 165.6 128.3 76.1 48.1 25.1 8.7 1.9 -1.3 -1.3 -1.3 -1.3 -1.3 -1.3 -1.3 -1.3 -1.3 -1.3 -1.3 -1.3 -1.3 -1.3 -1.3 -1.3 -1.3 -1.3 -1.3 -1.3 -1.3 -1.3 -1.3 -1.3 -1.3 -1.3 -1.3
147.9 147.1 145.3 144.5 143.7 143.1 142.5 141.7 141 140.3 139.5 136.5 137.9 138.7 138.7 139.3 139.5 140.2 141.4 143.3 146.8 150.5 154.6 158.5 162.4 166.6 172.1 178.3 184.8 190.7 195 197.4 199.6 200.3 201.1 203.3 205 206.5 207.1 207.6 207.6 207.5 208 203.8 199.1 192.9 185.8 178.3 169.8 156.7 114.8 61.5 39.2 16.1 3.7 -1.3 -1.3 -1.3 -1.3 -1.3 -1.3 -1.3 -1.3 -1.3 -1.3 -1.3 -1.3 -1.3 -1.3 -1.3 -1.3 -1.3 -1.3 -1.3 -1.3 -1.3 -1.3 -1.3 -1.3 -1.3 -1.3 -1.3 -1.3
146.5 145.5 144.4 143.8 143 142.7 142.2 141.5 140.7 139.9 137.9 138.1 138 139.3 139.8 140.5 141.2 142.5 144.1 147.1 151.1 154.9 158.7 162.6 167.1 171.8 177.5 183.3 188.4 192.6 195.7 199.1 200.8 201.8 202.5 204.4 206 206.5 206.3 206.6 207.1 207.4 205.4 199.5 193.2 187.1 180.7 173.1 161.6 138.8 95.9 65.2 29.9 10.8 1.4 -1.3 -1.3 -1.3 -1.3 -1.3 -1.3 -1.3 -1.3 -1.3 -1.3 -1.3 -1.3 -1.3 -1.3 -1.3 -1.3 -1.3 -1.3 -1.3 -1.3 -1.3 -1.3 -1.3 -1.3 -1.3 -1.3 -1.3 -1.3
145.4 144.6 144 143.4 142.8 141.8 141.5 141.2 140.3 138.4 139.6 139.7 139.7 140 140.8 141.7 143.7 146.1 148.4 152.3 155.4 159.4 163.3 167.2 171.9 177.1 182.5 187.9 191.7 195.6 198.8 201.6 202.7 203.1 203.9 205.5 205.4 203.6 203.1 204.6 205.9 204.5 200 193.2 188.3 183.8 177.5 167.4 140.1 104.7 77.5 48.3 15.2 7.5 1 -1.3 -1.3 -1.3 -1.3 -1.3 -1.3 -1.3 -1.3 -1.3 -1.3 -1.3 -1.3 -1.3 -1.3 -1.3 -1.3 -1.3 -1.3 -1.3 -1.3 -1.3 -1.3 -1.3 -1.3 -1.3 -1.3 -1.3 -1.3
145.1 144.2 143.6 143 142.4 141.1 140.6 139.7 138.8 140 140.7 141 141 141.2 142 144 146.5 149.6 153.3 156.4 159.9 163.9 167.8 172.1 177.2 182.6 188 192.7 197.2 200.8 203.1 203.5 202.5 202.9 204.7 204.3 202.8 201.3 201.5 200.7 201.3 198.7 193.6 189.7 186.5 180.7 171.5 157.8 132.6 90.5 58.2 25.7 8.4 5.8 -1.3 -1.3 -1.3 -1.3 -1.3 -1.3 -1.3 -1.3 -1.3 -1.3 -1.3 -1.3 -1.3 -1.3 -1.3 -1.3 -1.3 -1.3 -1.3 -1.3 -1.3 -1.3 -1.3 -1.3 -1.3 -1.3 -1.3 -1.3 -1.3
145.2 144.6 143.5 142.6 142 141 139.6 139 140 141 141.6 142.2 142.6 143.2 145.2 148.2 151.3 153.8 157.2 160.6 164.5 168.4 172.9 178 183.2 188.7 194.4 199.3 202.7 204.9 204.6 203.8 203.6 203.5 203.1 201.3 199.8 198.3 196.8 193.1 195.2 193 189.2 188.4 183.4 173.3 161.2 144.6 122.2 75.9 40.9 11.5 7.2 1.3 -1.3 -1.3 -1.3 -1.3 -1.3 -1.3 -1.3 -1.3 -1.3 -1.3 -1.3 -1.3 -1.3 -1.3 -1.3 -1.3 -1.3 -1.3 -1.3 -1.3 -1.3 -1.3 -1.3 -1.3 -1.3 -1.3 -1.3 -1.3 -1.3
145 144.3 143.4 142.6 141.8 141 139.9 140.4 141.4 142.4 142.8 143.3 144.6 146.3 149.5 153 156.2 158.6 161.9 165.8 169.6 173.7 179.3 184.7 190.3 196.4 201.1 204.1 205.8 206.6 206.9 206.9 205.6 202 198.7 197.2 195.8 195.1 195.1 190.1 187.8 186.4 184.1 182.6 174.8 162.5 147.5 131.2 111.1 61.8 20.8 8.7 2.7 -1.3 -1.3 -1.3 -1.3 -1.3 -1.3 -1.3 -1.3 -1.3 -1.3 -1.3 -1.3 -1.3 -1.3 -1.3 -1.3 -1.3 -1.3 -1.3 -1.3 -1.3 -1.3 -1.3 -1.3 -1.3 -1.3 -1.3 -1.3 -1.3 -1.3
144.6 143.9 143 142.2 141.3 140.3 141.9 142.3 142.7 143.6 144.3 146.3 148.6 151.7 154.7 157.6 160.5 163.5 167 171.5 175.9 180.2 186.3 192.6 198.7 202.5 205.8 208.2 210.6 211.2 209.3 205.8 200.8 197 195.6 192.1 190.9 192.8 192.4 187.8 181.6 175.8 172.5 169.3 161.3 147.2 131.9 112.4 94.8 50.5 11.9 6.5 0.9 -1.3 -1.3 -1.3 -1.3 -1.3 -1.3 -1.3 -1.3 -1.3 -1.3 -1.3 -1.3 -1.3 -1.3 -1.3 -1.3 -1.3 -1.3 -1.3 -1.3 -1.3 -1.3 -1.3 -1.3 -1.3 -1.3 -1.3 -1.3 -1.3 -1.3
144.1 143.4 142.5 141.3 141.2 142.7 143 143.7 144.3 145.4 147.6 150.1 152.9 155.8 158.7 161.8 164.9 168.8 173 177.9 183 189 195.2 200.6 204.4 206.8 209.9 212.6 214.1 210.9 206.5 202.4 199.5 197 190.6 183.7 181.5 182.6 181.6 178 173.4 170.4 165.2 155.1 146.1 130 110.2 94.7 83.9 37.2 8.4 4.5 -1.3 -1.3 -1.3 -1.3 -1.3 -1.3 -1.3 -1.3 -1.3 -1.3 -1.3 -1.3 -1.3 -1.3 -1.3 -1.3 -1.3 -1.3 -1.3 -1.3 -1.3 -1.3 -1.3 -1.3 -1.3 -1.3 -1.3 -1.3 -1.3 -1.3 -1.3
144.2 143.5 142.1 141.6 142.8 143.6 144 145 146.5 148.7 151.2 153.5 156.4 159.6 163.1 166.6 170.4 174.7 180.1 185.9 192.7 198.6 202.9 205.9 208.4 212 215.2 216.7 210.7 205.2 201.5 199.9 197.5 191 184.5 178.9 169.2 168.5 172.7 169.9 163.1 157.3 147.3 134.4 125 107 93.7 85.2 73.7 17 7.1 2 -1.3 -1.3 -1.3 -1.3 -1.3 -1.3 -1.3 -1.3 -1.3 -1.3 -1.3 -1.3 -1.3 -1.3 -1.3 -1.3 -1.3 -1.3 -1.3 -1.3 -1.3 -1.3 -1.3 -1.3 -1.3 -1.3 -1.3 -1.3 -1.3 -1.3 -1.3
143 143.3 142.7 143.2 143.7 144.5 145.4 146.8 149 151.5 154.2 156.9 160.5 164 167.8 172.1 176.5 181.8 188.5 195 201.1 204.8 207.9 211.6 214.3 217.6 214 208.8 203.2 198.2 196.4 195.6 189.5 183.6 181.5 178.5 171.7 161.4 154.6 151.3 144.5 134.6 125.3 113.9 102.2 94.4 86.2 77.1 52.8 10.5 5.1 -1.3 -1.3 -1.3 -1.3 -1.3 -1.3 -1.3 -1.3 -1.3 -1.3 -1.3 -1.3 -1.3 -1.3 -1.3 -1.3 -1.3 -1.3 -1.3 -1.3 -1.3 -1.3 -1.3 -1.3 -1.3 -1.3 -1.3 -1.3 -1.3 -1.3 -1.3 -1.3
142.3 143.1 143.8 144.2 144.7 146 147.3 149.4 152 154.6 157.3 160.9 164.9 169.1 173.7 178.6 184.3 190.9 197.5 203.4 206.3 209.5 212.9 216.9 217.4 212.2 205.9 200.5 195.7 193.7 192.1 189.1 185.3 183 181.7 178.4 173.7 166.2 155.2 144.4 135.1 126.9 116.4 106.1 96 87 79.2 70.8 47.5 8.7 2.6 -1.3 -1.3 -1.3 -1.3 -1.3 -1.3 -1.3 -1.3 -1.3 -1.3 -1.3 -1.3 -1.3 -1.3 -1.3 -1.3 -1.3 -1.3 -1.3 -1.3 -1.3 -1.3 -1.3 -1.3 -1.3 -1.3 -1.3 -1.3 -1.3 -1.3 -1.3 -1.3
143.3 143.6 144.5 145 145.9 147.4 149.8 152.4 155.1 157.7 160.9 165.6 170.5 175.4 180.9 187 192.9 199.5 204.9 207.3 210.4 213.9 218.1 215 208.5 203.9 199.5 194.6 192.3 191.5 192.4 190.9 187 182.9 180.3 176.7 170.8 163.9 154.6 142.9 130.5 118.1 110.3 99.7 88.6 78.9 69.9 62.1 27.2 4.4 -1.3 -1.3 -1.3 -1.3 -1.3 -1.3 -1.3 -1.3 -1.3 -1.3 -1.3 -1.3 -1.3 -1.3 -1.3 -1.3 -1.3 -1.3 -1.3 -1.3 -1.3 -1.3 -1.3 -1.3 -1.3 -1.3 -1.3 -1.3 -1.3 -1.3 -1.3 -1.3 -1.3
143.6 144.4 145.2 146.1 147.6 149.7 152.7 155.3 158 161.9 166.5 172.2 177.6 182.8 189.3 195.5 201.6 206 208.3 210.8 213.8 214.1 211.8 206.1 202 198.3 195.3 195.4 197.8 198 196.2 193.8 189.3 184.3 179.5 171.6 165.5 157.6 145.1 133.6 123.3 112 100.9 90.2 79.5 70.2 61.9 54 9.8 -1.3 -1.3 -1.3 -1.3 -1.3 -1.3 -1.3 -1.3 -1.3 -1.3 -1.3 -1.3 -1.3 -1.3 -1.3 -1.3 -1.3 -1.3 -1.3 -1.3 -1.3 -1.3 -1.3 -1.3 -1.3 -1.3 -1.3 -1.3 -1.3 -1.3 -1.3 -1.3 -1.3 -1.3
144.4 145.2 146.3 147.8 149.3 152.2 154.9 158.3 162.1 167.5 173 179 185.4 191.7 197.6 203.8 206.8 208.1 210.8 212.8 211.4 208.2 204.2 201 197.7 194.9 194.9 201.9 205.5 203.5 200.1 195.9 190.6 183.7 175.5 167 159.1 146.2 134.2 123.4 112.9 101.2 89.8 78.6 69.7 61.6 53.8 9.7 1.9 -1.3 -1.3 -1.3 -1.3 -1.3 -1.3 -1.3 -1.3 -1.3 -1.3 -1.3 -1.3 -1.3 -1.3 -1.3 -1.3 -1.3 -1.3 -1.3 -1.3 -1.3 -1.3 -1.3 -1.3 -1.3 -1.3 -1.3 -1.3 -1.3 -1.3 -1.3 -1.3 -1.3 -1.3
145.2 146.4 147.9 149.6 151.9 154.6 158 162.8 168.4 174 180.3 187.1 194 200.4 205 206.1 206.8 207.8 210.1 209 205.9 203.6 200.2 197.4 195.6 194.8 201 205.4 206.9 205.4 202.5 195.1 185.6 176.6 168.6 158.7 146.5 134.3 122.3 112.3 101.1 90.2 78.8 69.1 60.9 39.6 11.4 7.2 -1.3 -1.3 -1.3 -1.3 -1.3 -1.3 -1.3 -1.3 -1.3 -1.3 -1.3 -1.3 -1.3 -1.3 -1.3 -1.3 -1.3 -1.3 -1.3 -1.3 -1.3 -1.3 -1.3 -1.3 -1.3 -1.3 -1.3 -1.3 -1.3 -1.3 -1.3 -1.3 -1.3 -1.3 -1.3
146.1 147.5 149.2 151.7 154.7 158.2 162.8 169.1 174.4 180.8 187.6 194.8 201.4 204.6 204.2 204.3 205 206.2 206 204.2 202 199.9 197.8 196.2 195.9 197.1 202.2 204.5 207.6 204.1 197.7 190.6 182.4 170.4 158.6 146.2 133.7 123.7 112.5 100.2 90.3 76.7 68.1 60 52.5 33.1 2.3 -1.3 -1.3 -1.3 -1.3 -1.3 -1.3 -1.3 -1.3 -1.3 -1.3 -1.3 -1.3 -1.3 -1.3 -1.3 -1.3 -1.3 -1.3 -1.3 -1.3 -1.3 -1.3 -1.3 -1.3 -1.3 -1.3 -1.3 -1.3 -1.3 -1.3 -1.3 -1.3 -1.3 -1.3 -1.3 -1.3
147.3 148.7 150.9 154.1 158 162.2 167.7 174 180.6 187.4 194 199.8 201.5 201.4 201.3 203 204 204.1 203.7 202.3 199.6 196.2 193.4 191.4 193.7 198.2 202.5 203.1 201.7 198.5 192.8 184.6 173.4 159.8 146.7 135.3 125.2 114.1 102.3 89.7 78.5 68 58.9 50.6 23.7 2.3 -1.3 -1.3 -1.3 -1.3 -1.3 -1.3 -1.3 -1.3 -1.3 -1.3 -1.3 -1.3 -1.3 -1.3 -1.3 -1.3 -1.3 -1.3 -1.3 -1.3 -1.3 -1.3 -1.3 -1.3 -1.3 -1.3 -1.3 -1.3 -1.3 -1.3 -1.3 -1.3 -1.3 -1.3 -1.3 -1.3 -1.3
148.6 150.2 153.5 157.5 161.9 167.1 172.6 179.4 186.2 192.8 197.2 198.1 198.3 200 202 203.8 203.9 202.9 201.3 199.3 193.8 187 185 188 195.7 202.7 204.8 202.4 197.6 193.7 186.6 173.8 159.7 147 135.7 124.9 113.8 101.5 89.6 78.4 68.2 57.8 48.9 40.4 4.3 -1.3 -1.3 -1.3 -1.3 -1.3 -1.3 -1.3 -1.3 -1.3 -1.3 -1.3 -1.3 -1.3 -1.3 -1.3 -1.3 -1.3 -1.3 -1.3 -1.3 -1.3 -1.3 -1.3 -1.3 -1.3 -1.3 -1.3 -1.3 -1.3 -1.3 -1.3 -1.3 -1.3 -1.3 -1.3 -1.3 -1.3 -1.3
150.7 152.7 156.7 160.8 166.4 172.1 178 183.8 190.3 194 195.6 197 199.1 200.9 203.3 204.1 203.6 201.2 198.3 192.8 183.7 179.9 183.5 193.7 202.3 203.6 200.9 197.2 191.7 184 173 162 147.9 137.5 126.2 112.6 101 89 77.7 68.4 58.4 26.8 26.7 3.9 -1.3 -1.3 -1.3 -1.3 -1.3 -1.3 -1.3 -1.3 -1.3 -1.3 -1.3 -1.3 -1.3 -1.3 -1.3 -1.3 -1.3 -1.3 -1.3 -1.3 -1.3 -1.3 -1.3 -1.3 -1.3 -1.3 -1.3 -1.3 -1.3 -1.3 -1.3 -1.3 -1.3 -1.3 -1.3 -1.3 -1.3 -1.3 -1.3
153 156.2 160.2 165.5 171.2 177.1 183 188.4 192.2 194.5 196.7 198.4 200.9 202.6 202.9 202.9 200.6 198.1 190.9 183.8 177.5 180.2 190.1 202.4 200 198.4 195.2 189.7 181.3 173.2 162.7 152.3 139 126.6 112.5 99.3 87.8 77.3 67.9 56 30.1 12.7 3 -1.3 -1.3 -1.3 -1.3 -1.3 -1.3 -1.3 -1.3 -1.3 -1.3 -1.3 -1.3 -1.3 -1.3 -1.3 -1.3 -1.3 -1.3 -1.3 -1.3 -1.3 -1.3 -1.3 -1.3 -1.3 -1.3 -1.3 -1.3 -1.3 -1.3 -1.3 -1.3 -1.3 -1.3 -1.3 -1.3 -1.3 -1.3 -1.3 -1.3
155.7 159.5 164 170.1 176.1 182.3 187.6 191.3 194.4 196.5 198.5 200.1 201.5 201.7 201.7 200.5 197.9 190.4 182.2 175.9 175.7 187.5 194.6 197.8 196.8 194.2 188.8 182.3 175 167 153.7 141.4 125.3 110.2 97.4 86.4 77.3 67.5 41.2 24.1 6.9 2.5 -1.3 -1.3 -1.3 -1.3 -1.3 -1.3 -1.3 -1.3 -1.3 -1.3 -1.3 -1.3 -1.3 -1.3 -1.3 -1.3 -1.3 -1.3 -1.3 -1.3 -1.3 -1.3 -1.3 -1.3 -1.3 -1.3 -1.3 -1.3 -1.3 -1.3 -1.3 -1.3 -1.3 -1.3 -1.3 -1.3 -1.3 -1.3 -1.3 -1.3 -1.3
158.5 162.9 169.6 176 182.8 187.7 191.8 195.4 197.8 199.1 201 202.3 202.2 201.7 201.4 198.1 188.6 178.8 170.3 169.2 183.8 194 197.9 198 196.4 193.4 188.3 181.2 168.1 154.6 140.1 124.1 110.4 97.8 86.3 75.7 66.1 30.6 8.9 4.2 1.7 -1.3 -1.3 -1.3 -1.3 -1.3 -1.3 -1.3 -1.3 -1.3 -1.3 -1.3 -1.3 -1.3 -1.3 -1.3 -1.3 -1.3 -1.3 -1.3 -1.3 -1.3 -1.3 -1.3 -1.3 -1.3 -1.3 -1.3 -1.3 -1.3 -1.3 -1.3 -1.3 -1.3 -1.3 -1.3 -1.3 -1.3 -1.3 -1.3 -1.3 -1.3 -1.3
163 170.4 177.6 184.1 189.8 193.1 196.6 199.4 201.1 202.5 203.6 203.4 203.2 203.1 200.2 187.9 175.6 165.8 163.9 175.5 192.6 200.8 203.2 201 197.2 191.6 183.9 169.6 154 138 122.5 107.9 95.1 83.8 76.4 65.8 23.2 7.6 1.8 -1.3 -1.3 -1.3 -1.3 -1.3 -1.3 -1.3 -1.3 -1.3 -1.3 -1.3 -1.3 -1.3 -1.3 -1.3 -1.3 -1.3 -1.3 -1.3 -1.3 -1.3 -1.3 -1.3 -1.3 -1.3 -1.3 -1.3 -1.3 -1.3 -1.3 -1.3 -1.3 -1.3 -1.3 -1.3 -1.3 -1.3 -1.3 -1.3 -1.3 -1.3 -1.3 -1.3 -1.3
169.3 177.8 185.3 191.3 197 199.8 202.4 203.8 204.8 204.8 205 204.3 203.7 201.7 194.9 176.6 161.5 158.3 166.1 188.2 202 204 201.8 196 191.3 183.6 169.3 152.9 137.2 120 107.1 95.1 79.1 69.6 63.9 23 4.3 -1.3 -1.3 -1.3 -1.3 -1.3 -1.3 -1.3 -1.3 -1.3 -1.3 -1.3 -1.3 -1.3 -1.3 -1.3 -1.3 -1.3 -1.3 -1.3 -1.3 -1.3 -1.3 -1.3 -1.3 -1.3 -1.3 -1.3 -1.3 -1.3 -1.3 -1.3 -1.3 -1.3 -1.3 -1.3 -1.3 -1.3 -1.3 -1.3 -1.3 -1.3 -1.3 -1.3 -1.3 -1.3 -1.3
178.2 186.2 192.9 198.8 203.7 206.3 207.5 207.9 207.4 206.3 205 204 202.8 199.5 186.4 165.6 155.1 157.1 174.8 182.3 189.1 193.3 191 185.6 177.3 166.2 152.3 135.3 118 107.7 97.8 88.1 72.5 53.1 26.6 3.7 0.7 -1.3 -1.3 -1.3 -1.3 -1.3 -1.3 -1.3 -1.3 -1.3 -1.3 -1.3 -1.3 -1.3 -1.3 -1.3 -1.3 -1.3 -1.3 -1.3 -1.3 -1.3 -1.3 -1.3 -1.3 -1.3 -1.3 -1.3 -1.3 -1.3 -1.3 -1.3 -1.3 -1.3 -1.3 -1.3 -1.3 -1.3 -1.3 -1.3 -1.3 -1.3 -1.3 -1.3 -1.3 -1.3 -1.3
186 193.9 200.5 205.8 209.6 211 209.9 208.4 206.9 205.7 204.7 201.6 199.7 192.5 174.4 154.6 156.5 157 175.7 181.2 182.2 176.6 172.6 166.8 158.6 147.2 132.8 116 106.9 99 88.4 76.4 64.1 9.4 2.1 -1.3 -1.3 -1.3 -1.3 -1.3 -1.3 -1.3 -1.3 -1.3 -1.3 -1.3 -1.3 -1.3 -1.3 -1.3 -1.3 -1.3 -1.3 -1.3 -1.3 -1.3 -1.3 -1.3 -1.3 -1.3 -1.3 -1.3 -1.3 -1.3 -1.3 -1.3 -1.3 -1.3 -1.3 -1.3 -1.3 -1.3 -1.3 -1.3 -1.3 -1.3 -1.3 -1.3 -1.3 -1.3 -1.3 -1.3 -1.3
194.1 201.3 207.8 211.7 212.6 210.9 209.1 207.5 206.7 204.7 201.6 197 191 183.1 173.3 156.1 151.6 154.9 172.3 178.8 177.2 165.6 157.5 150 139.4 125.1 111.7 107.1 97.7 88.8 75.3 63.8 24.9 3.3 -1.3 -1.3 -1.3 -1.3 -1.3 -1.3 -1.3 -1.3 -1.3 -1.3 -1.3 -1.3 -1.3 -1.3 -1.3 -1.3 -1.3 -1.3 -1.3 -1.3 -1.3 -1.3 -1.3 -1.3 -1.3 -1.3 -1.3 -1.3 -1.3 -1.3 -1.3 -1.3 -1.3 -1.3 -1.3 -1.3 -1.3 -1.3 -1.3 -1.3 -1.3 -1.3 -1.3 -1.3 -1.3 -1.3 -1.3 -1.3 -1.3
202.8 209.2 212.5 212 211 210.1 210.4 209.6 206.4 201.4 195.1 186.2 179.3 172.5 167.9 154.1 148 152.7 156.8 163 157.8 148.7 140.4 129.4 114.9 105.7 100.7 93.5 84.6 71.3 62.4 54.3 9.6 -1.3 -1.3 -1.3 -1.3 -1.3 -1.3 -1.3 -1.3 -1.3 -1.3 -1.3 -1.3 -1.3 -1.3 -1.3 -1.3 -1.3 -1.3 -1.3 -1.3 -1.3 -1.3 -1.3 -1.3 -1.3 -1.3 -1.3 -1.3 -1.3 -1.3 -1.3 -1.3 -1.3 -1.3 -1.3 -1.3 -1.3 -1.3 -1.3 -1.3 -1.3 -1.3 -1.3 -1.3 -1.3 -1.3 -1.3 -1.3 -1.3 -1.3
210.6 211.3 211 211.4 212.7 213 211.3 207 201 193 185 175.1 166.5 162 156.3 147.4 146.3 152.8 148.7 143.9 139.8 131 123 116 104.3 93.4 86.7 78.2 67 60.8 53.1 15.6 2.3 -1.3 -1.3 -1.3 -1.3 -1.3 -1.3 -1.3 -1.3 -1.3 -1.3 -1.3 -1.3 -1.3 -1.3 -1.3 -1.3 -1.3 -1.3 -1.3 -1.3 -1.3 -1.3 -1.3 -1.3 -1.3 -1.3 -1.3 -1.3 -1.3 -1.3 -1.3 -1.3 -1.3 -1.3 -1.3 -1.3 -1.3 -1.3 -1.3 -1.3 -1.3 -1.3 -1.3 -1.3 -1.3 -1.3 -1.3 -1.3 -1.3 -1.3
209 211.7 213.5 215.7 215.3 212.7 207.3 199.9 190.2 181.2 171.1 164.2 157.3 152.2 144.7 143.4 150.3 151 147.2 141.1 134.8 128.3 116.2 105.2 91.7 81.2 73.4 66.1 61.2 54 13.5 4.4 -1.3 -1.3 -1.3 -1.3 -1.3 -1.3 -1.3 -1.3 -1.3 -1.3 -1.3 -1.3 -1.3 -1.3 -1.3 -1.3 -1.3 -1.3 -1.3 -1.3 -1.3 -1.3 -1.3 -1.3 -1.3 -1.3 -1.3 -1.3 -1.3 -1.3 -1.3 -1.3 -1.3 -1.3 -1.3 -1.3 -1.3 -1.3 -1.3 -1.3 -1.3 -1.3 -1.3 -1.3 -1.3 -1.3 -1.3 -1.3 -1.3 -1.3 -1.3
213 216.2 217.8 216.3 212.6 206.3 196.9 186.6 177.6 168.6 160.7 155.1 148.4 141.6 132.9 139.7 145.8 147.1 141.4 135.5 127.3 114.3 99.5 89.7 81.1 73 65.8 58.4 28.8 32.6 17.6 1.3 -1.3 -1.3 -1.3 -1.3 -1.3 -1.3 -1.3 -1.3 -1.3 -1.3 -1.3 -1.3 -1.3 -1.3 -1.3 -1.3 -1.3 -1.3 -1.3 -1.3 -1.3 -1.3 -1.3 -1.3 -1.3 -1.3 -1.3 -1.3 -1.3 -1.3 -1.3 -1.3 -1.3 -1.3 -1.3 -1.3 -1.3 -1.3 -1.3 -1.3 -1.3 -1.3 -1.3 -1.3 -1.3 -1.3 -1.3 -1.3 -1.3 -1.3 -1.3
