Game/Highland_Data/StreamingAssets/GeoData/Data/nh/NH79.asc
ncols 200
nrows 200
xllcorner 270000
yllcorner 890000
cellsize 50
[rows 36 to 71 of 200, columns 81 to 161 of 200]
97.9 96.6 96.7 95.8 95.9 95.9 95 95.8 92.1 92 91 90 70.9 47 73.9 85.3 87 93.5 96.9 98.8 101.3 104.6 109.2 112.8 116.6 118 119.4 121.9 131.1 132.4 129.2 129.3 130.1 125.5 122.8 121.9 118 114.2 112.3 112.5 101.7 95.2 77.8 36.5 8.2 3 2.2 2 1.8 1.7 1.5 1.4 1.3 1.2 1.1 1.1 1 0.9 0.7 0.5 0.6 0.6 0.3 0.1 0.1 0.1 0.1 0.1 5.8 -1.4 -1.4 8.4 14.6 21.6 27 32.1 35.6 37.3 37.5 37.7 38.5
99.7 97.6 97.1 96.9 98.2 97.4 96 95.9 95.8 94 92.5 91.1 84.3 45.2 70.6 89 94.3 99.6 101.7 103.7 105.9 109.5 114 117.5 121.5 125.6 130.2 139.1 145.9 147.7 148.3 149.5 157.9 159.2 157.7 153.3 145.2 139.2 134.9 131.3 123.7 105.8 98.8 50.3 27.9 12.8 3.9 2.2 2 1.8 1.6 1.5 1.5 1.4 1.4 1.3 1.2 1 0.8 0.4 0.6 0.4 0.6 0.1 0.1 0.1 0.1 5.5 7.9 -1.4 -1.4 -1.4 8 14.1 20.3 27 30.4 35 35.4 38.9 39.3
100.7 100.4 99 98.2 98.6 97.3 97.2 96.2 96.2 96.5 94.7 93.6 88 52 77.2 89.4 98.7 102.2 104.8 108.3 110.7 114.6 118.7 123.6 127.7 132.6 139.7 150.8 156.1 161.9 163.5 170.9 180.4 187.2 188.6 186.6 179.3 164.2 151.4 142.6 135.6 127.5 109.7 96.4 48.9 26 18.6 7.4 2.6 1.9 1.8 1.7 1.7 1.7 1.6 1.6 1.4 1.1 0.9 0.3 0.5 0.4 0.6 0.1 0.2 0.1 5.5 1.8 1.1 -0.5 -1.4 -1.4 -1.4 7.9 12.9 18.8 24.2 29.2 34.5 37 39.2
101.9 100.9 100.3 99.7 99.1 97.9 98 96.7 95.7 95 95.5 95.6 91.9 62.6 95 96.8 101.1 103.9 106.4 109.9 114.5 118.2 121.8 126.9 131.2 136.2 141.8 155.1 166.7 176.3 180.8 193.1 202.4 206.3 212.4 214.8 210.6 198.2 168.3 151.8 144.3 140.2 131.8 112.1 80.6 43.5 31.8 25.5 14.6 3 2 2 1.9 1.9 1.9 1.8 1.5 1.2 1 0.3 0.4 0.6 0.1 0.1 0.5 3.1 1.5 1.1 0.4 -0.8 -1.4 -1.4 -1.4 0.8 5.4 10.4 16.7 20.9 25.8 32.2 37.7
105 103.1 101.6 101 100.3 99.4 98.9 97.2 95.9 95.8 95.9 95.3 93.8 74.4 97.5 100.2 101.9 103.5 107.4 111.8 114.7 118.6 122.7 127.6 131.9 137.4 142.9 153.3 169.6 183.4 190 201.5 214.4 221.4 221.5 222 217.9 207.7 189.2 169.1 159.7 150 131.2 118.6 97.4 67.4 41.6 33 24.4 11.6 3.9 2.2 2.2 2.1 2.1 1.9 1.6 1.3 1.1 0.3 0.3 0.1 0.1 3.7 1.8 1.5 1.1 0.7 -0.1 -0.7 -1.4 -1.4 -1.4 -1.4 1 1.7 8.4 12.5 15.8 20.5 28.7
107.4 105.8 103.8 102.1 101.4 100.7 99.8 98.3 96.4 95.8 95.7 94.6 93.5 66.7 93.5 99.7 101 102.9 105.6 110.9 113.8 118.5 122.1 126.8 132.6 137.5 142 149.4 163.4 179.6 191.1 205.8 223.8 232 231.3 226.5 218.9 210.5 198.3 182 176.5 174.1 159.4 128.4 113.5 91.1 68.4 40.6 28.9 17.6 7 4.1 2.4 2.4 2.3 2 1.7 1.4 1.1 0.4 0.1 0.1 4.8 1.8 1.5 1.1 0.7 0.3 -0.1 -0.8 -1.4 -1.4 -1.4 -0.6 0.5 1.2 1.7 2.7 6.1 6.3 13.6
108.1 107.4 105.2 104.2 102.4 101.7 101 99.2 97.8 96.8 95.3 94.3 93.8 75.9 91.5 95.9 99.1 100.3 104.1 107.5 111.9 116.5 121.3 125.5 130.8 136 141 148.3 157.9 173.5 187 206.5 227.4 235.7 236.2 229.6 220.4 211 200.5 191.7 186.6 180.9 176.3 164.4 134.7 120 97.3 72 40.7 20.4 10.3 4.8 3.8 2.6 2.4 2.1 1.9 1.6 1.1 0 0.8 3.4 1.7 1.4 1.1 0.8 0.5 0 -0.4 -0.9 -1.4 -1.4 -1.4 -0.6 0.3 0.6 1.1 1.6 1.7 1.8 1.9
108.6 107.8 106.7 105.7 104.3 102.9 103 100.1 99.1 98.4 97.2 94.7 93.2 84.4 87 94.1 95.9 97 101.2 105.6 111.3 116 121.1 125.1 128.8 134.3 139.6 147.6 153.4 166.2 181.6 204 228.1 235.9 237 232.1 222 210.8 203.8 199.2 193.1 188.6 185.6 178.2 154 133.5 121.1 101.9 75.5 53.4 16.6 9.4 5 3 2.4 2.2 1.8 1.6 0.1 3.1 1.9 1.7 1.4 1.2 0.9 0.5 0.2 -0.1 -0.6 -1.1 -1.4 -1.4 -1.4 -0.7 -0.2 0.4 0.9 1.1 1.3 1.4 1.5
109 107.7 106.7 105.8 104.8 104.3 102.4 101.3 100.1 99.3 98.5 95.3 93.6 90.3 82.7 92.5 92.4 94.2 97.8 102.7 109.8 112.4 116.5 122.2 127 132 137.7 144.4 151.3 159.5 178 196.3 226.3 235.7 236.8 231.9 222.2 213.5 210.4 206.5 201.6 195.9 192.2 186.4 161.1 140.7 128.4 119 98.4 77.7 54.4 25.8 16.4 10.4 5.4 1.8 1.5 1.1 5.1 1.9 1.6 1.4 1.2 0.9 0.6 0.4 0.1 -0.4 -0.8 -1.4 -1.4 -1.4 -1.4 -0.9 -0.4 0.2 0.6 0.7 0.8 1 1.1
108.9 107.8 106.8 105.9 104.9 104.3 103 102.8 101.6 100.4 98.8 97.5 94.7 90.7 82.5 88.3 90 91.4 94.6 101.1 104.6 108.2 115.2 119.5 124.9 129.9 135.5 142.2 148.8 156.8 172.2 191.2 218.9 234.4 238.6 234.3 225.3 221.6 221.2 218.2 213 204.3 194.8 184.5 153.2 140 131.4 120.3 107.1 87.9 63.1 44.6 31.9 25.4 19.1 8 3.3 5.1 2 1.8 1.5 1.2 0.9 0.7 0.4 0.2 -0.2 -0.4 -0.8 -1.4 -1.4 -1.4 -1.4 -1.1 -0.6 0 0.1 0.3 0.4 0.6 0.7
108.8 107.8 106.9 105.9 105 104.5 103.7 102.6 102 101.4 100.2 98.2 97.5 92.2 90.2 88.4 87.6 87.8 90.9 95.6 100.5 105.6 111.5 117 122.4 127.5 132.9 138.9 145 152.2 168.2 185 207.9 229.1 234.2 237 234.9 234.7 233.4 227.4 219.6 208 178.9 153.2 136.7 127.3 118.7 106.3 96.1 88.4 68.5 47 29.2 21 14.9 11.1 2.8 2 2 1.7 1.4 1.1 0.8 0.6 0.3 0 -0.3 -0.5 -0.9 -1.4 -1.4 -1.4 -1.4 -1.3 -0.8 -0.4 -0.3 -0.1 0 0.1 0.3
109.1 107.9 106.8 106.1 104.9 105.6 105.7 105.2 101.9 101.6 100.9 100 96.9 96 93.2 88.6 86.9 86.3 88.7 92.6 96.6 100.1 105.3 113.4 118.3 123.6 129.4 135.5 141.6 148.1 163.2 181.6 200.5 217.8 234.9 245.7 248.8 245.7 242.1 234.3 221.2 186.9 151.4 136.2 126.1 114.4 103.4 92.1 84.4 74.6 63.8 45.3 23.3 13.1 7.4 6.4 1.9 2 1.9 1.6 1.4 1.1 0.8 0.5 0.2 -0.1 -0.4 -0.6 -1 -1.4 -1.4 -1.4 -1.4 -1.4 -1 -0.8 -0.7 -0.6 -0.4 -0.3 -0.1
108.3 108.5 107.7 106.8 104.8 105.6 106 104.1 102.3 101.8 101.5 100.4 98 97.2 93.8 89.8 88.2 87.1 87.6 88.4 92.2 96.8 103.8 108.5 114.3 118.8 125.8 131.9 137.9 144.3 158 179.2 197.8 213.9 229.9 250.4 255.3 252.9 247.7 237.3 184.2 154.4 138.6 124.6 110.1 98.3 87.2 77.9 70 61.1 53.5 37.4 22.1 8.4 8 4.1 2 2 1.9 1.6 1.3 1 0.7 0.4 0.2 -0.1 -0.4 -0.7 -1 -1.3 -1.4 -1.4 -1.4 -1.4 -1.4 -1.3 -1.1 -1 -0.8 -0.7 -0.5
107.1 108 107.7 107.6 104.8 105.2 105.4 103.7 103.4 104 101.6 100.5 98.3 97 93.8 90.6 89.4 87.9 86.9 87.6 89.7 94.8 102.1 102.1 110 113.1 120 126.9 133.8 140.3 150.3 172.7 192.5 209.9 223.7 244.5 260.5 255 244.8 182.3 158.7 143.1 125.9 110.8 97.4 84.8 73.3 64.4 56.5 50.4 41.7 30.8 19.9 8.7 7 3.3 2 2 1.8 1.5 1.2 1 0.7 0.4 0.1 -0.2 -0.5 -0.7 -1 -1.2 -1.4 -1.4 -1.4 -1.4 -1.4 -1.4 -1.4 -1.4 -1.2 -1.1 -1
108 106.3 106 106.4 105.5 104 103 102.3 103.5 103 102.1 101.4 99.1 96.3 93.7 92.2 89.3 87.4 87.1 86.9 87.6 91.6 94.9 98.6 103.9 107.3 113.9 120.8 128.5 136.1 144 160.1 183.6 202.1 219.1 236.1 243.1 230.4 176.9 158.4 142.5 128.9 113.3 98.8 85.3 73.5 63.5 55.3 45 38.1 31.6 26.1 18.6 8.4 6.1 2.8 2 2 1.8 1.5 1.2 0.9 0.6 0.3 0 -0.2 -0.4 -0.6 -0.9 -1.1 -1.3 -1.4 -1.4 -1.4 -1.4 -1.4 -1.4 -1.4 -1.4 -1.4 -1.4
107.5 107 106.4 104.8 105.2 103.9 103.3 101.2 100.5 100.6 99.8 99 99.6 97.7 94.2 92.6 90.1 88 87.6 87.1 88 89.4 90.8 92.6 97.8 104.3 108.2 114.8 123 130.1 138.3 149.6 170.7 194.4 212.4 220.7 209.8 183.3 160.3 143.9 132.2 115.8 101.3 87.6 75.4 63.7 53.7 47.2 36 30 25.5 22.7 18 8.7 4.5 2.9 2 2 1.7 1.4 1.1 0.8 0.6 0.3 0.1 -0.1 -0.3 -0.6 -0.8 -1 -1.3 -1.4 -1.4 -1.4 -1.4 -1.4 -1.4 -1.4 -1.4 -1.4 -1.4
108 106.9 105.7 104.6 102.7 102.6 101.5 100.5 98.9 98.3 97.4 96.4 97.6 95.4 94.9 93 90.6 89.8 87.8 87.2 88.4 88.7 89.1 89.8 92.5 96.8 102.2 109.1 115.5 123 131.1 141.4 158.9 181.7 199.8 203.9 174.8 160.2 147.3 133.8 123.6 113.8 98.8 83.1 69.2 57.1 47.7 39.7 32.2 26.2 24.2 22.3 16.3 8.7 4.1 2.4 2 1.9 1.6 1.4 1.1 0.9 0.6 0.4 0.2 -0.1 -0.3 -0.5 -0.7 -1 -1.2 -1.4 -1.4 -1.4 -1.4 -1.4 -1.4 -1.4 -1.4 -1.4 -1.4
107.2 106 107.4 103.2 102 100.9 100 99.2 98.3 98.1 95.9 95.4 95.1 92.9 91.6 93.4 91.2 91 88.3 87.5 87.8 87.9 88.5 89.2 90.8 94.3 96.4 103 110.9 117.8 125.7 133.8 142.3 154.6 173.6 171 155.3 147.7 137.1 128.3 120.9 110.2 97.3 82.8 69.7 58 46.8 36.8 29.1 25.3 22.9 22.2 16.9 8.6 3.6 2.3 1.5 1.9 1.6 1.4 1.2 0.9 0.7 0.5 0.3 0 -0.2 -0.4 -0.7 -0.9 -1.1 -1.4 -1.4 -1.4 -1.4 -1.4 -1.4 -1.4 -1.4 -1.4 -1.4
106.1 104.7 103.7 102.8 102 101.2 101.8 101 99.4 99.7 96.2 96.5 94.4 92.9 91.6 90.3 89.4 89 89.2 88.5 88.4 88.1 88.4 88.9 90 92.4 93.1 97.4 103.3 110.8 119.1 127.9 132.2 131.8 133.3 133.9 133.7 131.2 127.7 123.3 116.1 107.7 100 90 77.4 64.9 51.9 40.5 30.4 24.9 23 21.7 17 8.4 4.4 2.9 1.8 1.9 1.7 1.5 1.3 1 0.8 0.6 0.3 0.1 -0.1 -0.3 -0.6 -0.8 -1 -1.4 -1.4 -1.4 -1.4 -1.4 -1.4 -1.4 -1.4 -1.4 -1.4
105.3 103.9 103.3 102.9 102.5 102.1 101.7 100.8 99.3 98.9 97.7 96.5 93.9 92.5 91.4 89.9 89.3 89.4 89.4 88.6 89.1 89.2 89.1 88.9 89.4 91.3 92.3 95.2 97.2 101.6 108.5 117.9 123 118.9 119.4 120.3 121.7 123.7 120.1 116.8 112.8 106.3 100.8 93.2 84.1 73 61.3 48.5 38.7 28.6 24 21.3 10.8 8.3 4.6 3.4 1.9 2 1.8 1.6 1.3 1.1 0.9 0.7 0.4 0.2 0 -0.2 -0.5 -0.7 -1 -1.2 -1.4 -1.4 -1.4 -1.4 -1.4 -1.4 -1.4 -1.4 -1.4
108.3 106.8 104.7 104.2 104 103.5 103 102.4 100.7 99.1 97.3 96.6 94.3 92.7 92.3 90 89.5 89.6 89.1 88.4 88.9 89.5 89.5 89.5 89.4 90.3 91.4 92.6 93.2 95.1 98.7 105.8 111.5 110.7 116.4 118.4 119 120.4 118.4 116 112.6 108.8 103.9 99.4 95.4 83.4 73.1 62.6 50.7 39 28.2 17.8 17 8 5.1 3.6 2.1 2 1.9 1.7 1.4 1.2 1 0.8 0.5 0.3 0.1 -0.2 -0.4 -0.7 -0.9 -1.2 -1.4 -1.4 -1.4 -1.4 -1.4 -1.4 -1.4 -1.4 -1.4
111.3 109.4 107.5 107.9 106.6 105.1 104.3 103.2 101.6 99.9 98.6 96.7 94.4 93.1 92.4 91.2 89.6 89.3 88.9 88.6 88.8 89.3 89.8 89.8 90.2 90.3 91.1 91.8 92.5 93.9 94.8 96.2 101.6 107.8 113.1 116.7 118.5 119 119.4 118.3 118 113.5 109.6 106.6 100.4 92.3 83.5 75 62.4 51.5 39.2 27.6 20.4 11 6.1 4.2 2.6 1.9 1.9 1.8 1.5 1.3 1.1 0.8 0.6 0.3 0.1 -0.2 -0.4 -0.6 -0.8 -1.1 -1.4 -1.4 -1.4 -1.4 -1.4 -1.4 -1.4 -1.4 -1.4
115.5 114.5 112.4 110.4 108.6 108 106.8 104.8 102.7 101.3 99.9 98.6 97 93.6 92.1 91.6 90.4 90 89.6 89 88.8 89.3 89.8 90.8 91.2 91.2 91.3 92 92.8 93.2 94.4 95.9 101.2 107.8 114 117 119.4 122.1 122.8 123.1 123 121.7 119 115.8 110.5 105.2 97.1 87.8 76.1 63.2 51.3 39.7 28.1 17.7 8.5 5.3 4 2.8 1.1 1.9 1.6 1.4 1.2 0.9 0.7 0.5 0.3 0 -0.2 -0.5 -0.8 -1 -1.4 -1.4 -1.4 -1.4 -1.4 -1.4 -1.4 -1.4 -1.4
119 117.4 115.2 113.2 111.8 110.3 108.5 107.4 104.9 103 101.5 99.5 98 95.4 94.2 91.4 90.5 90.1 89.9 89.3 88.9 89.3 90.2 91.5 92.2 92.8 95.8 95.3 97.7 96 97.8 100.6 105.9 111.8 118.2 122.4 126.6 129 129.3 129.5 129.4 132 135.1 135.8 130.2 122.1 112.6 106 93.9 81.3 68.4 56.5 42.6 32.7 20.8 10.1 5.5 3.8 2.8 1.9 1.8 1.6 1.4 1.1 0.9 0.7 0.4 0.2 -0.1 -0.4 -0.7 -1 -1.4 -1.4 -1.4 -1.4 -1.4 -1.4 -1.4 -1.4 -1.4
122.4 120.9 118 116.4 115 113.4 112 110.3 108.5 105.2 103.4 101.4 99.3 97.9 98.4 92.5 90 89.6 89.4 89.2 88.9 92.4 93.2 94.2 94.5 98.5 101 103.4 103.2 104.9 104.8 108.7 112.4 118.4 125.2 129.7 133.8 137.2 137.7 139.2 142.8 145.9 147.7 146.1 143.6 137.4 127.7 123.7 116.8 99.4 82.1 69.4 58.2 49.6 40.6 28 18.4 6.2 5 2.3 2 1.8 1.5 1.3 1.1 0.8 0.5 0.3 0 -0.3 -0.6 -0.9 -1.2 -1.4 -1.4 -1.4 -1.4 -1.4 -1.4 -1.4 -1.4
127.2 124.7 122.3 120.1 118.1 116.7 115.4 113.4 111.7 108.8 106.3 103.6 101.2 98.7 98.7 94.1 90.7 90 89.5 89.4 89.6 93.8 100 101.2 102.2 103.8 106.7 109 111.2 114.3 116.8 121.3 123.7 128.6 135.4 146.6 154 158.2 159.1 159.7 163.1 162.1 159.7 157.8 153.9 147.1 138.7 132.1 123.5 112.1 96.1 83.9 73.7 62.9 55.1 44.9 35.3 22.3 11.2 8.5 3.9 1.9 1.7 1.5 1.2 1 0.7 0.4 0.1 -0.2 -0.5 -0.8 -1.2 -1.4 -1.4 -1.4 -1.4 -1.4 -1.4 -1.4 -1.4
132.5 130.7 128.4 126 123.7 120.8 118.5 116.6 115.1 113.5 109.5 107.3 103.5 100.6 98.7 95.8 93.7 91 90 89.8 89.3 90.1 93.7 99.3 102.7 107.1 109.5 114.4 119.2 123.6 127.2 131.2 134.7 142.1 153.3 163.6 170 170.3 173 177 175.2 173.1 170.6 175 176.1 166.9 152.5 137.2 125.7 116.2 104.6 94.8 83.9 73.4 65.9 56.6 45.2 35.7 26 19 9 4.2 1.9 1.6 1.4 1.1 0.8 0.5 0.2 -0.1 -0.4 -0.7 -1 -1.4 -1.4 -1.4 -1.4 -1.4 -1.4 -1.4 -1.4
137.9 136.2 134.1 133.1 129.4 126.5 124.4 121.7 119 117.3 113.3 110.3 108.5 106.5 103 97.5 93.8 92.4 90.9 90.3 89.8 89.7 91.7 97.6 103.1 108.2 112.8 120 125.5 131 135.9 141.6 150.9 163.1 171.8 180.8 185.9 189.1 188.3 184.3 183.4 179.2 171.1 176 173.9 165.9 157.4 144.6 128.5 114.9 104.8 97.8 87.1 80.1 69.4 61 51.6 41.4 32.9 21.8 16.2 8.1 4.4 1.8 1.5 1.2 0.9 0.6 0.3 0 -0.3 -0.6 -0.9 -1.4 -1.4 -1.4 -1.4 -1.4 -1.4 -1.4 -1.4
143.2 141.9 142.5 141.3 137.9 134.8 132.1 128.8 124.7 122.3 119.3 116.7 114.3 113.2 108.1 104.5 96.8 94.6 92.1 91.5 90.5 89.8 91.1 97.2 101.1 110.3 119.7 125.4 134.1 143.1 149.4 159.1 175.2 184.4 191.7 195.5 194.2 196.4 196.1 189 183 177.1 169.7 157.3 162.1 158.4 151.9 140.6 127.3 114 103.8 93.5 87 82.6 74.8 66.5 57.5 51.2 42.9 34.6 19 12.6 6.4 1.9 1.6 1.3 1 0.7 0.4 0.1 -0.2 -0.5 -0.8 -1.2 -1.4 -1.4 -1.4 -1.4 -1.4 -1.4 -1.4
148.4 151.4 150.6 149.6 148.1 144.8 141.1 136.2 131.7 127.4 124.6 121.8 119.2 116.9 113.9 109.7 103.7 98.1 94.3 92.6 91.7 90.6 91.8 93.9 102.8 110.8 118.5 127.8 139.1 151.7 161.9 174.4 188.5 196.8 201.1 201.8 197.3 190.8 184.2 187.4 185.6 175.3 165.9 156.8 143.2 137.4 136.3 127.1 121.2 110.1 99.6 88.6 82 79.4 74.2 67.1 61 57.8 53.4 41.4 21.4 13.9 7.7 1.8 1.7 1.4 1.2 0.9 0.6 0.2 -0.1 -0.4 -0.8 -1.1 -1.4 -1.4 -1.4 -1.4 -1.4 -1.4 -1.4
156 159.3 159.8 158.2 156.6 153.7 149.7 145.8 140.8 134.3 130 127.5 123.6 121.4 119.1 115.5 110.3 102.5 97.2 95.1 93 92.2 90.8 92.5 99.8 106.6 116.9 128.4 141.4 154.9 170.3 186.7 196.6 200.5 200.6 198.2 194.9 185.4 176.7 166.9 161.9 159.6 157.5 149.4 134.8 124.8 117.2 110.4 106.2 99.8 90.4 82.1 75.4 69.2 64.5 61 59.1 60.1 55.6 45.1 23.7 15.5 10.2 4.5 1.9 1.6 1.3 1 0.7 0.3 0 -0.3 -0.6 -1 -1.4 -1.4 -1.4 -1.4 -1.4 -1.4 -1.4
161.8 166 169 168.1 166.7 163.9 160 155.5 150.6 144.4 137.7 133.1 129.4 127.2 124.3 120.7 117 111 106.3 101.4 95.7 93.4 91.9 92.1 94.2 102.8 112.4 124.3 136.2 149 168 188.9 201.5 202.6 197.9 192.1 185 178 167.3 156.9 147.2 139.7 135.4 128.5 120.8 112.8 105.2 95.8 89.5 84.9 78.4 73 66.8 60.5 55.3 52.5 51.1 53.8 49.7 41.1 20.8 16.5 12.4 7.1 2.4 1.7 1.4 1.1 0.8 0.5 0.2 -0.2 -0.5 -0.9 -1.4 -1.4 -1.4 -1.4 -1.4 -1.4 -1.4
168.3 171.3 177 177.6 175 171.7 168.6 165.2 159.8 154.4 147.8 141 137 133.5 129.4 126 122.4 117.6 111.8 107.5 99.2 94.6 94 91.7 93.4 97.6 103.7 115.1 126.5 142.1 158 177.8 193.1 194.3 187 178.8 170 163.7 154.8 145.5 136.1 127.3 121.4 109.5 101.7 97.7 92.2 85.7 79.8 73.3 66.5 61.1 55.8 50.7 45.5 42.5 42.6 44.1 39.6 32.3 22.4 17.9 13.4 9.4 4.4 1.9 1.6 1.3 1 0.6 0.3 -0.1 -0.4 -0.8 -1.1 -1.4 -1.4 -1.4 -1.4 -1.4 -1.4
175.6 178.7 183.7 184.9 184.1 181 176.9 173.5 169.6 165.2 158.7 151.6 144.6 139.6 134.6 131.2 127.4 123.3 117.7 112.9 105.4 99.4 94.5 93.4 93.6 95.2 95.4 101 113.1 129.8 147 163.7 178.9 184.2 176.4 166.4 157.7 150 142.5 134.5 125.7 116.1 107 95.8 89.9 85.6 81.9 75.5 71.8 68.1 59.4 53.7 47.5 42.6 37.4 35.2 35.8 32.1 25.4 25.6 22.2 18.7 14.5 11.1 6.5 3.8 1.8 1.4 1.1 0.8 0.4 0.1 -0.3 -0.6 -1 -1.4 -1.4 -1.4 -1.4 -1.4 -1.4
187.7 187.2 188.7 190.4 189.8 188.3 184.9 182 177.8 173.5 167.8 162.1 154.2 147.4 140.3 135.3 131 127.3 121.8 117.4 110.5 101.3 95.8 91.6 90.8 90.8 91.1 90.8 101 119.3 131.2 145.9 159.9 173.6 169.3 159.1 148.8 137 128.4 121 112.7 101.2 90.4 82.8 79.2 75.2 70.8 66.1 62.9 59.6 54.3 47.4 41 36.2 30.9 27.6 25.7 23.4 22.5 23 22.9 20.6 16.1 12.7 8.7 6.8 1.9 1.6 1.2 0.9 0.5 0.2 -0.1 -0.5 -0.8 -1.1 -1.4 -1.4 -1.4 -1.4 -1.4
198.5 197 195.6 196.6 194.7 193.7 190.2 187.9 185.6 181.4 176.4 170.7 164.7 157.3 150.8 143.7 138 132.5 128.3 123.6 117.5 108.7 98.6 90.8 90.8 90.8 90.8 90.8 96.3 108.3 118.2 127.7 137.8 148.2 155 146.2 134.7 123.8 113.2 104.9 98.3 89.6 81.6 77.5 72.6 65 55.1 54.4 54 51.8 48.3 42.5 36.2 30.5 25 24.1 23.6 22.9 22.1 22.6 23.3 22 17.9 14.1 11.4 8.2 1.8 1.7 1.4 1 0.7 0.3 0 -0.4 -0.7 -1 -1.4 -1.4 -1.4 -1.4 -1.4
