Game/Highland_Data/StreamingAssets/GeoData/Data/nh/NH82.asc
ncols 200
nrows 200
xllcorner 280000
yllcorner 820000
cellsize 50
[rows 35 to 69 of 200, columns 0 to 77 of 200]
312.7 315.4 321 316.3 302.4 302.7 303.4 303.3 304.7 290.8 289.8 288.7 288.9 289.6 305.6 315.7 323.1 329.9 335.6 340.4 347.2 355.4 356 352.2 351.9 345.5 342.3 341.3 340.6 337.7 335.3 333.6 333.6 335.9 336.3 337.7 338.1 340.3 340.4 341.6 342.1 342.7 342.7 343.1 342.3 340.8 338.3 336.6 338 341.8 340.7 346.5 349.9 353.4 352.9 353.7 354.5 358.6 366.7 371.9 384.8 392.1 396.5 402.6 405.5 406.4 407.1 407.5 406.8 404.9 403.1 408.3 418.8 435.3 461.8 484.3 502.4 517.6
312.3 313.3 320.5 314.8 302.5 302.9 303.3 304.3 307 290.6 289.8 288.8 289.3 290 296.8 315 321.3 328.5 335.6 342.6 350 358.2 360.7 358.2 351.9 350.2 347.6 346.5 346.1 343.9 340.7 338.8 340 341.7 344.1 346.1 346.2 347.3 347.8 347.9 350.3 350.4 348.3 349.1 348.8 348.1 346.4 345 339.6 347.2 351.8 355.3 359 358.8 357.6 361.4 361 364.7 370.4 379 389.8 396.2 400.6 407 410 411.7 411.6 413 411.3 409.8 409.2 406.9 417.8 433.9 460.5 482.5 500.4 515.6
321.9 312.4 311.4 307.5 303.5 303.3 303.3 305.4 307.6 290.8 290.6 288.9 290.1 290.6 291 314.1 319.5 327.1 335 343.6 351.9 362.7 365.8 364 358.6 354.2 350.9 350.9 352.7 350.5 346.4 344.9 345.1 348.6 351.4 351.8 354.2 353.7 355.2 356 358.1 358.3 356.9 356.9 356.9 355 352.3 349.1 346.6 350.1 353.8 358.5 362.6 364 366.4 367.7 373.1 373.6 375.2 388.1 393.6 398.7 402.7 410.1 414.5 417.2 417.8 417.1 416.7 416.2 414 409.7 417.9 430.4 457.2 477.8 497.1 511.8
323.3 320.3 315.1 310.6 303.8 303.9 303.4 303.1 300.9 290.7 289.7 291 291.2 290.7 291.3 310.7 319 326.5 335.5 345.6 355.1 365.2 369 368.4 364.2 359.3 354.9 355.4 358 357.2 353.3 350.2 350.4 354.7 360.1 360.7 362.3 362.2 362.8 362.6 365.3 365.8 364.7 363.8 361.2 360.5 358 354.3 351.9 347.5 354.8 360.3 365.2 369.5 373.5 377.5 380.1 381.6 384.3 392.9 397 400.5 403.4 413 418.8 421.6 422.5 421.2 421.1 421.9 420.3 413.5 419.6 429.8 452.9 472.5 491.1 505.2
322.3 321.6 318.8 312 305.2 304.4 303.8 303.2 298.1 291 289.7 291.9 291.5 291.4 291.5 312.9 323.9 329.3 336.7 347.9 358.1 367.9 371.5 374 368.1 362.6 358.5 359.1 363.3 364.1 360.9 356.5 355.7 360.3 366.7 369.9 369.8 367.7 367.1 368.6 370.9 371.2 370.1 368.2 365.3 365.1 362.5 359.1 355.1 346.4 356.5 362.6 368.5 374.5 379 386.1 389.4 389.8 392.1 396.3 399.9 402 404.1 415.6 421.3 424.7 426.2 426.1 424.8 425.4 425.5 424.3 418.7 428.9 449.1 464.7 483 496.9
320.6 319.1 317.4 309.4 306.2 304.8 303.8 304 298.6 290.7 289.7 291.3 291.7 291.6 291.6 312.4 328.3 335.2 341.5 350.3 358.7 369.9 376.5 377.8 370.1 365.6 362.5 363.3 368 371 367.2 362.2 360.4 365.4 372.4 377.8 377.5 372.3 371.9 374 375.2 375.1 375 372.4 369.9 368.4 365.6 362.5 358 348.6 357.1 365.5 372.7 378.9 384.7 393.7 396.1 395.2 397.5 399.7 402.2 404.5 408.3 417.9 423.1 426.4 428.7 429.8 429.2 430.4 430.6 430.9 422.3 427.2 439.9 449.9 466.3 485.4
323.3 321.5 318.4 312.4 306.2 305.1 303.4 304.3 292.1 289.8 291.6 291.8 291.7 291.9 293.6 312.5 327.2 334.8 344.5 352.6 361.7 370.3 378.9 378.4 372.9 369 366.8 366.4 373.4 378 371.6 365.4 363.1 369.9 376.8 384.5 382.7 377.1 376.6 378.1 378.5 379 379 376.1 374 371.3 368.5 365.8 360.2 352.6 356.3 368.2 376.9 384.2 391.4 399.6 401.3 399.2 399.5 402.6 406 407.8 412.9 420.1 424.7 428.2 430.8 432.3 433.3 434.8 435.5 436.1 437.1 434.7 434.7 441.9 450.3 470.5
325.2 322.9 320.2 311.8 307.2 306.1 305.2 304.6 293.2 289.7 290.8 291.8 291.9 292.3 301 316.5 324.5 332.3 343.5 354.3 363.7 372.3 377.8 377.7 374.7 372 369.5 369.3 377 380.9 376.2 368.1 367.1 373.7 382 388.6 386.2 379.8 379.9 380.5 381.4 382.2 381.2 379.2 376.6 373.7 370.6 368 363.3 354 359.9 370.6 380.8 391.9 398.6 405.2 406.3 403.2 403 406.8 410 410.8 418.4 422.5 426.3 430.1 432.8 434.4 436.1 438.6 439.1 440.7 443.3 444.5 445.3 447.1 443.9 450.3
328.8 325.6 323 314.3 308.2 307.3 306.1 301.6 293.1 290.3 292 292 292.2 292.4 310.1 318.4 328.2 335.6 344.9 355.1 364.9 372.6 377 377 376.1 373.6 371.3 373.5 378.2 380.2 378.5 373.3 369.4 376 385.1 390.9 386.5 384 382.9 383 384.1 384.1 383.1 381.5 379.6 376.5 373 370.2 364.6 359.5 358.9 372.1 382.4 394.3 403.3 410.6 410.9 406.9 408.1 411.6 415.2 415.3 421.2 424.9 428.2 432.1 434.2 436.5 438.5 441.9 443.5 446.1 449.7 451.6 454.6 457.4 461.3 460
329.9 324.7 320.7 315.2 309.3 307 306.7 299.7 290.4 292.3 292.4 292.3 292.9 301 314.9 319.2 329.2 342.4 351.5 353.4 362.8 372.7 375.6 375.6 374.4 373.6 373 374.1 377.1 377.8 377.4 373.8 372.4 377.7 386 392.9 388 386.3 385.7 386.3 387.5 386.5 385.8 384.8 383 379.1 375.8 371.8 365 358.6 363 374 386 396.3 406.5 417.4 416 411.3 412.8 416.6 419.8 419.4 423.5 428.3 430.5 433.2 435.2 437.9 440.5 444.3 449.8 456.9 462.4 461.1 462.8 464.6 470.8 477.4
329.4 324.1 319.7 314.6 306.9 301 299.5 296.4 290.7 294.2 292.8 293.3 294.7 304.3 316.5 319.5 330.7 345 351 351.2 359.3 370 371 372 373.5 373.9 373.5 374 375.9 377.3 377.2 375.3 377.2 380.3 387.4 393.2 389.2 388.6 388.4 389.4 390.9 389.3 389.3 388.2 385.3 380.9 377.6 372.2 365.7 362.3 367.6 376.1 386.6 398.1 409.3 419.5 417.8 415 417.1 420.8 424.5 424.9 426.6 430.3 433.3 434.8 436.8 439.5 442.1 446.9 453.3 463.5 471 473 475 477.3 483.9 489.9
330.9 325.2 321.4 305.8 295.3 294.1 293.6 291.7 292.6 293 294.8 294.2 294.7 303.5 319.7 323.1 332.8 340.1 348.4 350.3 360.7 365.9 366.7 371.1 372.1 373 373.4 374.2 376.8 378.4 379.3 379.7 381.1 386 391 395.5 392.8 391 391.7 393.1 393.1 392.4 392.3 391.1 388.4 382.9 379.6 372.3 366.8 362.8 367.9 376.9 388.5 398.2 410.4 418.3 418.9 417.9 420.8 423.7 428 429.9 430.5 431.6 433.9 435.5 437.6 440.3 443.3 449.1 455.1 467.1 474.8 478.7 486.3 492.6 497.1 503.6
331.9 324.6 307 296.2 295.1 294.6 294 291.7 292.3 293 293.4 293.8 301 302.6 306.6 314.7 326.4 336.5 346.5 349.8 361.6 360.9 362.9 368.7 371.1 372.5 375 377.2 379.5 381 382.1 383.6 386.8 390.2 395.8 398.3 396 396 397.2 398.5 397.9 396.3 395.4 394.1 391.3 385.5 382.7 373.7 369.4 363.4 368.2 377.2 389.1 397.8 408.6 416.4 418.4 419.5 422.6 425.2 430.2 433.3 433.4 432.2 433.3 434.6 436.6 440.9 444.1 449.2 456 467.8 475.3 481.7 490.8 502.9 512 520.9
332.9 316.7 298.6 295 295.4 295.1 294.2 292.3 292.9 293.3 293.7 293.8 296.1 308.8 318.7 325.4 319.5 327.3 342.9 347.6 351.9 362.5 360.7 366.1 370.2 374.1 378.2 381.5 383.5 384.5 385.6 389 394.8 399 402.5 403.2 402.2 402.1 404.1 404.3 403 401.5 400.3 397.3 393.8 389.8 385.8 375.9 372.6 366.6 368.8 374.4 387.5 397.5 406.6 412.5 415.5 416.7 422.2 425.9 431.6 435 435 432.2 432.6 433.9 436.9 440.7 444.1 448.3 455.3 464.1 473.2 481 491.4 504.2 515 526.3
330 309.5 296 295.5 295 295.5 293.6 292.5 293.8 293.8 293.7 293.7 298.5 312.1 319.6 326.5 333.5 324.9 336 343.3 350 363.1 358.7 364.9 369.4 375.6 378.8 382.7 388.2 391.9 392.2 395.2 402.8 406.8 410.8 409.8 408.3 409.2 411.3 411.9 410.2 408 405.6 402.5 398.7 395.1 390.6 381 376.3 373.7 369.8 374 382.1 394.4 403.3 408.1 410.8 414.6 423.7 425.2 430.4 434.7 434.9 431.8 431.9 432.5 435.4 439 443.1 447.8 451.9 459.3 469.5 479 488.5 500.7 512.3 526.6
327.8 305.4 296.1 295.4 295.8 295.6 295.4 293.3 292.9 294.2 294.1 294 301.1 309.2 319.4 328.2 334.3 336.1 330.8 337.9 343.9 351 363.2 361.4 368.2 373.7 379 385.6 393.5 397.7 399.4 402.8 409.1 415 420.5 419.1 415.1 416 420.3 419.9 418.8 415.5 412.9 409.6 404.6 400.4 396.4 386.6 380.6 377.6 370.5 373.2 378.1 388.2 397.7 402.4 406 412.2 421.5 423.7 428.6 433.2 433 430.7 430.6 432.1 434.2 436.9 441.1 446.9 450.9 456.9 465.7 474.9 484.1 495.3 505.7 522
323.4 302.2 295.1 296 296.3 296.1 297.8 292.7 294.4 294.5 294.7 294.3 303.6 313.8 323.7 330.6 336.9 338.3 334.2 332 340 350.1 358.3 363.6 366.6 372.4 379 389.8 397.1 402.5 406.4 409.9 416.8 425.3 429.3 425.7 422.8 425.6 428.1 428.6 427.7 423.8 420.8 416.9 410.7 408 402.2 392.4 385.8 383.2 377.7 372.5 377.1 382.8 391.7 397.8 402.5 408.6 416.6 421.2 426.9 429.4 430.1 428.6 429.6 431.3 433.7 436.5 440.1 444.8 450.1 455 463 471.2 480 489.1 500.8 514.8
312.8 298.9 296.3 295.8 296.6 296.6 294 292.6 294.1 294.8 294.9 294.8 306.1 319.6 329.4 334.7 338.8 340.9 336.3 333.7 334.9 342.8 355.4 361.6 364 372.1 379.4 390 399.4 405.8 410.2 416.6 425.3 434.7 438.3 432.1 429.7 432.7 435 435.7 435.9 433.2 428.7 424.6 419.9 417.5 408.4 398.2 391.8 388.8 386 384.5 380 380.3 387.4 393.2 398.7 405 411.4 416.5 421.7 426 426.6 426.2 428 430 431.9 434.7 438.6 443.7 448.5 454.7 460.3 468.3 474.1 485.2 496.9 512
299.9 297.5 296.5 295.8 294.8 294.7 294.6 294.8 293.2 293.9 294.9 295.2 308.4 320.8 333 338.4 342.9 341.7 338.8 337.6 334.8 337.9 348.6 354.6 363 367.8 377.7 389.9 399.5 407 412.1 419.3 429 437.7 441.7 437.3 435.5 437 440.6 442.3 442.4 440 436.9 432.5 427.5 423.4 413.3 403.8 397 392.8 391.1 389.5 387.3 385.5 384.7 390.9 395.3 402 406.3 411 417.2 420.6 421.6 423.2 425.5 427.5 429.2 433.8 438.2 443.3 448.7 454.4 460.5 465.9 472.1 480.7 492.6 506.1
299.9 296.9 296.7 296.2 295.2 295.2 295.1 294.9 294.7 293.8 293.8 295.7 310.7 319.9 329 334.5 342.1 341.9 342.5 340.6 338 336.3 342.1 350.9 357.5 363 372.5 386.4 394.7 403.8 412.6 418.5 426.8 436 440.4 439.5 439 440.2 443.6 446.5 447.1 445.9 442.2 437.8 433.3 428 417.8 408.9 403.5 397.7 395.5 393.6 391.7 389.3 387.3 388.4 393.9 397.7 400.4 403.7 409.1 409.7 412.8 418.9 420.2 422.9 427.5 433.2 438 443.4 448.8 455.2 460.2 465.1 470.2 476.2 488.5 499.3
299.8 297.4 296.7 296.4 295.9 295.7 295.4 295.3 295.5 295.3 293.8 293.8 308.5 318.2 325 333.3 338.6 338.1 340.9 344.6 342.3 338.5 337.6 341 356 359.8 363.1 378.6 390 397.2 405.3 413.5 420.9 428.5 434.5 437.2 437.9 438.9 443.4 446.9 449.1 449.1 445.5 441 436.6 430.3 420.8 414.3 407.8 403.1 400.1 399 395.8 394.9 392.6 389.9 390.9 394.6 397.7 401.4 404.1 407.2 408.6 414.3 420.5 424 429.5 435 441.7 446.3 450.9 457.6 462.4 465.3 469.5 474.6 483.7 493.1
297.9 297.3 297.1 296.2 295.8 296.1 295.8 295.6 295.7 295.4 294.4 293.8 304.7 316.8 324.2 330 333.1 341.9 344.1 346.8 348.8 341.7 340.1 340.6 344.8 359.1 361.8 363.9 381.1 390.5 397.2 404.9 413 420 426 430 432.3 434 438.8 442.8 445.7 447.2 446.2 441.6 436.6 430 423.7 419.8 412.7 409.5 407.7 406 403.7 400.5 397.3 394.9 392.5 392.9 395.8 398.3 401 405.6 410 417.8 421.3 426 432.3 437.7 445.4 449.8 455 458.8 463.7 467.3 470.3 475 479.7 485.4
298.7 297.6 297.3 295.9 295.8 296.1 296.5 296.5 296.4 296.2 295.6 295.8 293.8 314.6 320.7 325.8 334.1 341.7 342.4 346.4 350.1 348.4 344.8 343.5 341.6 349.5 360.9 363.1 364.6 382.6 388.4 395.3 402.8 409.1 416.2 420.7 423.7 427.6 432.2 436.4 440.4 443.2 443.1 440.9 436 430.6 426.7 422.6 417.7 415.5 414 412.3 409.3 404.6 401.6 399.1 397.8 397.2 396.7 394.5 402.1 405.9 410.9 418.2 422.3 428.7 436.2 442.9 450.2 454.6 458.2 461.5 466.7 469.5 472.5 475.9 478.4 482.5
298.9 298.6 297.7 296.2 296.2 296.3 296.9 296.9 296.9 296.6 295.9 296.1 294.2 308.7 320.7 326.5 332.6 335.9 338.2 349.3 353.6 356.8 352.8 348.7 345.4 346.1 352.5 362.1 364.2 366.4 380.2 386.8 392.7 398.5 405.4 410.4 414.9 419.9 424.5 429 433.6 437.3 438.9 438.2 435.8 431 429 425 421.7 420.5 419 418.9 413.3 409 405.9 402.9 401.5 401.2 400.3 398.4 401.9 406.1 410.5 418.1 423 431.2 439.4 446.8 454.2 458.8 462.4 467.1 471.8 473 474 475.9 478.1 480.6
299.5 299 297.9 297 296.4 296.8 297.2 297.3 297.4 297 296.1 296.2 295.7 297.3 318.6 323.4 329 333.6 341.5 350.5 355.1 362.3 359.8 352.5 344.4 346.2 350.1 355.2 363 365.4 367.5 378.6 384.4 390.1 396.3 401.9 406.5 411.9 416.2 420.9 426.3 430.5 433.3 434.5 433.8 431.6 429.9 426.9 424.4 423.1 421.5 421.6 417 412.5 409.5 405.9 404.6 403.8 403.3 401.6 401.6 406.7 410.7 416.5 424.2 433.6 442.7 448.7 456.3 462 466.4 472.3 476.5 474.7 474.6 475.6 477.1 480
300.4 299.5 298.2 297.2 297 297 297.1 297.3 297.5 297.2 295.9 296.2 296.1 294.1 314.3 319.7 325.4 332.5 341.7 348.3 356 365.8 367.4 358.8 348.8 345.4 348.5 351.6 357.8 364.1 367.1 368.5 377.8 384.1 389.7 394.4 399.1 404.1 408.7 413.4 419.1 423.9 427.3 429.9 431.4 432 430.8 428.1 426.7 426 426 424.2 421.1 417.9 413.5 409 406.7 406.2 405.9 404.7 402.1 406.7 410.8 416.2 424.5 434.5 443.5 449.5 456.3 461.7 467.3 473.3 476.7 475.5 473.9 474.3 476.4 479.5
300 299.9 298.8 297.3 297.9 297.2 297.2 297.4 297.6 297.4 296.6 295.3 296 295.7 314.4 319.2 323.6 330 337.5 349 360.8 370.1 373.9 367.5 359.3 351.9 346.5 350.5 354.6 358.5 365.2 369.6 370.4 377.3 383.7 388.8 393.1 396.6 401.5 406 411.8 417.4 421.4 424.5 427.6 431.8 431.8 430.1 428.7 428.4 428.8 427.3 425.1 421.9 417 412.7 409.3 409 409.3 408.8 406.3 406.9 410.7 415.2 425.6 434.1 443.6 450 454.5 458.7 465.8 471 473.1 472.3 471.2 471.8 475.2 478.5
300.4 300.4 299.5 298 297.9 297.9 297.3 297.5 297.8 297.8 296.9 297 295.6 296.7 315.5 318.5 322.9 328.1 339.1 349.7 362.3 373.2 376.5 375.9 369 360.9 353.9 348.1 353.7 355.1 358 366.3 369.3 372 377.9 383.3 388.6 392.3 396.2 400.5 405.2 410 414.9 419.3 423.2 430.6 430.9 430.3 430.6 432 431.7 430.8 429.1 425.5 419.9 415.4 412.3 411.9 412.4 412.6 411.5 409.5 411 416.3 426 434 442.7 448.8 452.5 454.9 460.1 463.8 466.1 467.6 468 470.2 473.4 476.4
300.7 300.8 299.3 299 298 297.4 297.6 297.7 298.1 298.2 297.3 295.6 296.3 307.7 312.5 316.2 321.1 329.7 338.3 349.3 357.9 368.4 376.8 380.2 376.7 369.5 362.2 355.2 350.5 353.4 355.8 359.6 366.1 370.5 373.9 378.5 383.6 388.2 392.1 396.4 399.4 404.6 408.9 413.1 419.6 426.9 427.6 428.6 431.9 433.8 434.3 434.1 432.7 429 422.4 417.2 415.4 414.8 415.3 415.8 415.4 414.4 411 415.6 424.8 431.4 439.4 445.3 448.5 451.8 455.3 457.4 460.6 462.9 464.5 467.7 470.1 472.7
300.9 300.9 299.9 299.4 298.9 298.2 298.1 298 298.4 297.6 296.8 296.1 297.5 306.7 312 316.9 323.5 329 335.2 346 357.1 370.6 377.3 383.4 383.2 377.8 369.6 362.6 356.8 353.7 353.8 357.2 357.7 365.8 370.6 375.3 377.4 384.7 388.8 393.7 396.3 399.7 403.1 408.7 415 422.8 424.7 426.5 430.6 434.7 436.4 436.9 435.8 433.1 425.1 420.7 418.5 417.2 417.6 418.5 418.2 417.5 416.7 414.5 418.9 428.6 435.2 440.6 444.4 448.1 451.7 452.5 455.2 459 462 464.5 467.3 470
300.7 301.3 300.4 299.8 298.9 298.3 298.4 298.5 298.7 297.6 297.1 296.1 298.8 300.2 312.7 315.7 320.3 328.9 335.2 348.1 354.9 366.2 376.3 383.3 386.4 384.3 377.1 368.6 363.2 358.9 356.3 354.4 355.6 360.1 366.5 370.9 377.7 377.9 385 389.2 393.6 395.8 398.4 404.3 411.1 418 420.7 424.4 429.1 436.2 438.7 439.1 438.8 435.9 429.1 423.4 422.1 419.3 419.5 421.3 421.8 420.9 421.4 421.6 421 423.7 427.3 435.1 438.9 442.1 446.7 448.1 450.4 455.3 458.7 462.7 465.1 468.2
301.1 300.5 300.2 298.6 298.5 298.6 299 298.8 298.9 297.2 296.1 296.9 312.6 313.5 306.7 316.8 319.5 328.6 336.1 345.1 353.5 362.5 375.3 380.9 386.1 389.3 386.3 378.4 371.5 365.3 361.8 359.4 357.1 357.5 362.4 366.4 372.7 377.1 380 383.8 387.6 392.2 394.5 400.7 406.4 413.2 416.9 421.1 427.4 437.5 438.7 438.8 442 437.7 430.9 425.5 424.6 422 422.5 424.9 425.5 424.5 425 426 428 429.3 430.3 428.3 434.4 438.8 441.5 445.3 448.4 451.7 455.9 459.2 462.4 465.3
301 301.4 299.4 299.4 299.2 299.7 299.6 299.2 299.5 297.6 296.6 302 314.7 316.3 317.1 316.1 321.1 328.7 334.8 342.5 351 359.7 371.6 380.4 385.6 388.5 390.6 389.8 384.2 374.9 368.8 364.7 361.3 358.3 358.7 363.1 367.5 372.1 375.5 380.2 382.1 386.2 390.3 397.7 401.7 407.8 412.7 417.5 425.8 435.8 436.1 439.1 443.6 436 431.1 426.6 426.9 423.7 425.4 428.6 428.8 428.7 428.8 429.9 431 433 434.8 435.4 430.5 436.7 440.3 443.8 446.4 450.8 455.4 460.1 464.8 468.9
301.7 300.9 300 299.9 299.9 300.1 300 299.6 298.5 297.2 299.5 313.6 317.4 318.4 319.9 320.4 319 327.9 335.8 342.4 347.8 353.9 365.8 376.7 382.7 387.2 391.1 396.4 396.6 388.2 378.6 370.8 366.5 362.3 359.6 361 365.2 369.7 372.2 374.3 379.1 384.6 385.6 390.9 398.2 403.7 408.2 413.6 423.7 432.5 432.5 437 439.2 433.5 428.2 428.3 428.9 425 427.7 431.1 432 433.3 433.5 434.1 434.6 436.6 438.5 438.8 439.3 437.7 441.9 444.4 447.2 450.6 454.5 460.4 466.6 472
302.1 301.4 300.4 300.3 300.4 300.6 299.9 299.8 297.8 297 310.1 317.7 319 320 323 324.2 325.6 326.7 334.4 341 345.8 351.6 358.5 372 379.9 387 392.3 399.5 403.1 399.5 388.6 381.4 373.3 367.6 364.2 362 361.5 366.8 369.5 371.7 373.2 376.5 384.3 386.6 390.2 396.5 402 407.1 415.5 424.2 427 430.3 431.3 426.6 424.3 427.1 428.3 424 428.7 432 434.6 437.7 437.3 437.5 437.8 438.7 440.5 441.6 442.2 442.8 439.8 445.8 448.4 451.5 455.3 462.1 467.4 474
