Game/Highland_Data/StreamingAssets/GeoData/Data/nh/NH84.asc
ncols 200
nrows 200
xllcorner 280000
yllcorner 840000
cellsize 50
[rows 140 to 174 of 200, columns 0 to 77 of 200]
348.5 346.7 336.8 330.8 340.1 340.6 342 340.2 340.9 341.3 342.2 344.3 338.1 339.6 339.7 339.9 341.2 342.6 344 345.2 345.7 347.4 350.4 351.1 352.3 353.3 352.8 351.3 351.5 351 349.3 329.3 332.8 342 348.2 350.8 354.9 361.7 367.2 373.2 378.1 382 384.8 387 386.9 386.7 386.1 385.2 383.4 380.9 379.4 376.8 374.9 370.5 367.7 364.9 366.6 368.3 370.7 373.2 374.1 374 373.3 372.7 372.5 369 365.2 362.4 360 358.6 358.8 358.4 359.3 360.1 357.9 354.5 341.8 355.2
350.7 347.7 336.8 345.3 344.3 343.7 343.9 342.6 342.7 342.7 342.9 341 341.6 342 342 342.6 343.8 344.9 346.1 348.7 351.3 353.8 355.5 356.4 356.2 356.1 354.2 354 353.9 352.6 351.7 334.7 332.6 349.2 352.2 355.3 360.3 365.5 371.6 378.2 382 386.6 388.5 389.6 390.2 390.3 389 387.3 385.1 382.3 380.4 377.1 373.5 371.9 369.4 366.5 370.4 372.1 373.9 374.4 375 374.9 374.2 373.3 372.5 367.9 363.7 362.7 363.2 363 362.7 362.3 364.9 366 362 348.7 347.3 359.3
354.4 349.8 338.9 349.5 347.7 346.1 345.6 345.4 345.4 345.4 344.4 343.5 344.2 344.3 344.3 345.4 347.2 349 351 353.5 355.6 357.5 358.1 358.9 358.6 358.4 356.8 356.6 355.7 354.7 343.1 333.8 339.6 353.4 356.6 360.9 366.1 371.6 377.6 382.6 387.9 390.1 391.3 392.4 392.9 390.6 389 387.2 383.3 380.4 378.6 375.2 376.9 375.1 374 371.3 369.7 371.4 374.9 375.4 375.6 374.4 372.4 371.3 371.2 367.3 366.9 366.5 366.5 366.4 366.3 366.8 367.8 366.2 354.2 348.8 347.8 361.8
356 352.3 340.3 352.1 350.3 348.6 348.1 348.1 348.1 347.7 346 344.8 345.3 346.5 347.3 349.6 351.8 353.8 355.8 358 359.2 360.2 360.2 361.5 361.1 360.7 359.7 358.9 358 356.4 337 335.7 350.6 359.2 363.1 367.1 372 377.2 382.7 388.3 392.9 394.4 395.8 395 393.7 391.1 389.2 385.6 384.7 382.9 382 378.8 378.3 376.3 374.9 374.1 373.5 373 375.1 375.9 375.2 374.8 374.1 373 369.6 372.1 371.9 373.4 371.8 371.8 371.6 370.6 369.6 364.6 350.1 359.1 351.2 367.5
358.3 351.4 345.3 354.4 353.9 351.2 350.8 350.8 350.8 349.3 347.6 345.3 347.6 349.4 350.4 352.2 355.3 357.6 359.9 362.2 363.1 363 363.6 363.9 363.4 362.4 360.6 360.7 356.9 341 337.2 341.6 360.5 365.5 368.8 372.2 375.7 383.2 389.2 394.7 397.1 398.4 398.9 397.8 396.4 394 391.4 390.9 388.8 386.4 384.3 381.1 379 379.4 376.8 377 374.7 375.6 377.3 377 377.1 377 376.6 376.3 376.2 375.9 375.4 376.3 374.9 373.9 372.1 369.5 366.2 353.4 359.7 353.4 368.6 369
361.5 358.3 356.1 358 356.8 355.8 354.4 353.8 352.6 351.1 349.5 348.1 350.1 351.7 353.5 356.1 359.2 361.2 363.6 365.6 367.3 368.2 367.3 365.8 365.5 364.2 363 362.6 347.8 340.8 341.5 360 367 369.6 372.4 375.6 381.7 389.1 395.1 399.1 399.4 399.6 401.4 401.6 400.3 398.2 395.2 391.7 388.8 386.7 384.6 384 382.7 379.1 376.3 378.9 379.4 380 379.9 380.2 379.4 378.4 378 377.9 377.5 376.6 376 375.6 375.6 375.4 373.6 372 359.9 356.4 362.9 369.5 370.2 370.2
364.9 352.9 362.5 361.5 360.5 359.5 357.3 356.1 354.8 353.1 351.1 350.6 353.1 354.7 356.5 359.6 363.1 366.5 367.4 370.5 371.2 371.4 370.7 369.2 368.4 366.7 365.4 357.9 345.4 343.3 363 367.6 370.8 373.4 377.5 381.5 386.5 395 399.9 401.3 401.8 402.3 403 403.2 401.1 397.9 394.7 391.7 388.8 386.5 385 383.8 379.9 379.4 382.1 382.1 381.2 380.5 380.9 379.4 379.3 379.8 378.9 378.7 377.1 376.8 377.2 378.4 378.2 377 374.8 369.5 358 371.6 358.9 370.3 371.5 372.3
359.4 366.4 365.8 365.1 364.2 363.2 361 358.7 357 355.4 352.3 353.4 355.7 357.7 361.2 365.1 368 371.3 373.1 374.4 374.6 374.2 373.6 372.5 371.2 369.6 368.7 357.9 346.6 345.7 372.6 372.6 374.7 377.4 382.8 387.6 393.7 399.6 403.2 404.2 405.9 407 405.3 403.5 401 397.1 393.6 391.4 388.8 386.3 384 382.6 382.9 383.2 384.1 384.2 383.5 383.2 383.6 382.5 382.5 381.6 380.6 379.7 379.1 378.8 377.7 377.3 378.1 377.5 374.5 360.2 374.2 370.2 369 372.5 373 373.9
366.7 370.7 369.8 368.9 368 367 364.6 361.9 359.7 357.6 355.8 356.5 359.7 363.5 367.2 369.4 372.4 373.9 376.3 376.9 376.8 376.2 375.8 375.7 374.3 371.5 370.2 361.7 347.6 352.5 376.7 377.7 379.3 381.8 389.7 395.5 399.6 405.1 407.1 408.6 410 409.1 407.3 404.5 400.8 396.6 392.2 388.5 386.9 386.1 386.3 386 386 386.1 386 385.6 386 386.6 385.8 385.3 384.5 383.7 382.9 381.7 381.2 380.5 379.4 378.4 377.5 375 368.6 366.5 374.7 374 366.2 374.8 375.3 376
376.6 376.5 377 376 373.8 371.1 369.1 366.3 363.4 360.7 358.8 360.5 364.7 369 372.2 374.6 377.4 379.3 380.3 380.3 381 381.7 380.4 378.5 376.9 374.4 374.3 366.2 350.9 355.7 381.7 382.3 383 388.9 395 399.2 404.3 408.9 411.1 411.9 411.5 410 407.6 404.1 400.5 396.3 391.4 388 388.5 388.4 389.1 389.3 389 389.7 390.6 390.5 389.5 388.7 389.5 388.9 387.8 386.5 385.3 383.8 382.9 381.6 381.1 379 370.1 367.2 371.5 375.3 375.2 375.4 366.3 376.7 377.6 378.6
384.7 385.6 385 382.7 379.7 376.7 372.8 369.9 367 363.5 364 365.6 370.1 373.9 376.7 379.6 381.8 383.7 385.3 386.8 386.5 386 383.5 381.4 379.4 377.6 377 356.6 353.5 370.4 384.4 384.8 387.8 394.5 399 403.8 408.3 412.4 413.8 413.7 412.7 410.1 406.9 403.6 399.7 393.9 389.9 389.6 389.7 391.4 391.3 391.7 392 394.3 395.4 395.3 395.1 392.2 391.7 391.6 390.5 387.4 384.9 382.9 383 382.6 375.9 371.8 375.5 378.9 377.9 377.7 376.6 372.7 376.1 377.2 379.6 381.3
394.4 393.1 391.2 387.4 383.4 380.4 376.2 372.8 369.3 367.4 368.9 371.4 374.6 378.1 381 383.8 386.3 388.9 390.1 391 390.7 390.3 387.2 385.8 383.3 381 378.5 357.3 355.8 379.6 385.4 386.8 391.9 398.6 405 409.2 410.9 413.6 414.3 415.1 412 408.1 403.4 400.4 398.7 396.4 393.1 391.1 392.1 394 395.2 395.2 396.1 397.9 397.7 397 396.7 395.2 393.9 392.3 390.7 387.4 384.9 383.6 381.8 377.3 375.5 380.1 382.3 381.2 380 378.4 378.3 373.7 374.6 378.6 380.9 382.3
402.9 399.5 396.7 392.9 388.8 384.7 380 375.7 373.4 372.1 373.4 377.2 380.1 381.6 384.9 388.4 391.5 394.5 394.9 395.3 394.9 393.6 392.2 389.6 386.9 385 385.3 362.8 358.1 379.8 389.7 391.2 399.4 406.4 411.4 414.1 415.9 417.7 418.2 416.2 413.7 409.9 406.3 402.7 399.5 398.4 394.7 394.6 395 396.2 397.4 398.6 399.4 400 400 399.4 398.8 397.9 397 394.7 392.2 389.7 390.3 390.3 387.1 378.9 383.2 384.7 384.2 383.1 381.8 380 378.4 377.5 378.2 377.9 381.9 384.6
410.9 406.9 402.2 398.6 394.7 389 384 381.4 378.7 378.6 379.4 382.9 386.1 389.4 392.3 395.1 397.9 400 400.1 399.8 399 397.6 395.1 392.4 390.7 389.2 386 369.5 365.5 388.1 391.3 397 404.8 410.7 414.1 418 419.7 420 419.9 417.4 415 412.3 409.2 404.4 401.7 400.3 397.9 397 396.5 396.1 400.1 404 404.4 405.9 406.9 405.4 404.7 402.9 402.5 400 397.8 393.4 391.3 390.4 381 385.3 386.2 386 385.7 385.2 384.9 384.3 380.3 378.4 381.2 382.3 385.3 388.6
416.8 413.5 409.1 404.8 399.2 393.3 389.3 387 385.4 386.6 387.2 390.7 393.8 395.5 397.9 400.7 404.2 406 406.1 404.6 403.2 401.1 398.4 396.8 395.2 393.5 365.6 363.4 378.5 391.2 394.5 401.8 409.7 415.5 419.3 421.5 422.7 422.5 421.8 419.3 418.1 414.9 411.4 407.8 404.7 404 402.7 400.7 404 406.5 407.3 409.9 410.9 411.8 413.1 413 410.2 407.4 406.4 405.4 403.2 400.7 394.3 389.5 387.1 387.2 389.2 389.2 390.1 390.9 389.1 385.9 381.6 380.7 385.5 388.8 386.9 390.8
421.8 419.4 415.5 409.7 404.1 398.8 397 394.7 395.3 394.7 395.2 398.3 400.6 402 404.1 407.3 410.4 411.1 411.4 410.4 409.2 406 403.1 400.9 398.5 383.6 366.2 375.5 385.5 394 399.7 407.8 415.1 420 423.5 424.7 425.1 424.4 423.5 422.1 419.8 417.2 413 410.7 408.7 407.9 406.2 408.2 413.1 415.4 414.7 412.5 414.7 417.6 417.7 416.3 416.4 413.5 413 411.2 409.6 405.3 401.1 395.9 389.4 391.6 392.5 392.2 391 389.4 386.6 381.9 382.6 384.8 388.1 390.6 390.5 394.3
428.3 425.9 421.2 415.3 409.7 407 405.6 405.1 404.2 403.7 404 405.3 407 409.7 411.5 413.3 416.5 417.9 417.8 416.2 413.8 411.6 408 404.9 401.9 391.7 368.7 381.5 391.6 397.1 404.6 412.9 420.3 424.8 426.4 427.3 427.5 426.7 425.7 423 421.4 419.2 414.7 412.4 413.6 412.8 413.5 417.9 419.3 422.5 422.7 417.3 415.5 416 416.5 417.1 417.9 420.3 420.4 417.8 414.1 407.9 403.6 395.7 393.2 394.3 394.2 393 389.7 391 388.9 387.6 389.7 390.8 393.1 396.3 397.7 395.3
435.4 431.7 428.6 423.8 417.9 414.5 412.4 411.5 413.2 411.6 412.6 413 414.7 416.9 419.6 422.1 423.5 426.4 425.4 421.3 419 416.2 411.5 407.8 404.3 381.8 370.5 386.4 397.8 401.1 409.7 417.8 424.6 427.7 428.7 430 430.2 430.1 427.5 423.3 419.7 418.1 417.2 418.8 419.1 420.4 422 424.8 426.9 430 430.4 421.1 417.7 416.6 417.4 417.5 417.6 425 425.1 421.5 416.9 409 397.5 396.3 400.1 400.4 399.1 395 393.6 393.9 392.4 394.2 395.5 399.4 400.1 401.5 402.5 401.6
443.8 438.5 434.7 430 427.8 425.7 425.2 423 422.3 420.8 420.2 421.9 424.4 427 430 432.1 433.9 433.1 431.9 427.9 425 420.1 413.7 409.6 405.9 388.8 374.9 388.5 401.4 406.8 414.7 421.7 427.2 430 431.2 432.6 432.2 432.6 430.6 428 423.4 421.5 422.4 424.3 425.8 426.8 430.5 433.8 437.5 439.8 441 438.7 427.3 428.2 430 427.9 419.5 416.7 413.1 410.8 407.9 404.1 402.1 402.9 406.2 406.1 404.3 400.7 399.8 403.2 404.5 402.3 401.5 402.1 402.6 404.4 406.3 405.4
453.8 447.4 443.6 439.5 437.5 436 436.6 433.4 430.2 429.1 429.1 430 433.5 437 439.7 440 441.7 441.1 437.3 431.8 428.2 423.1 418.1 412.6 407.2 391.7 376.4 396.1 406 410.7 417.7 423.9 428.2 431.5 434.7 434.8 435.7 438.1 437.9 434.5 433.8 430.8 430.5 432.1 433.8 435.7 440.1 444.8 447.8 449.8 449.6 448 444.7 442.6 441.2 440.6 439.1 432.9 430.7 421.9 411.3 410.6 408.6 413.5 412 411.2 410.3 407 403.4 404.1 406.7 405.7 406 406.7 407.3 409.7 410.6 410.1
465.3 458.9 454 450.5 449.1 449.2 446.2 441.9 438.4 436.4 436.8 439.7 444.8 446.8 448.6 448.8 447 445.5 440.7 437.1 431.9 426.1 420.4 415.7 410.4 393.5 377.9 389.8 407.2 414.7 420.8 425.4 430.5 434.1 437.5 438.6 442.4 443.5 444 443.5 443.6 441.6 443 442.2 445 445.9 449.9 453.3 457.6 458.7 458.2 455.1 454.4 451.5 449.3 447.9 446.7 443.4 438.9 415.5 426.7 424.6 418.4 420.3 419.5 417.3 417.2 420.2 416.2 411.6 411.8 412.6 410.3 411.5 412.5 414.2 414 413.4
475 468.3 464.4 461.7 461.1 458.4 455.3 451.2 446.8 445.1 445.8 452.3 454.8 454.6 453.9 452.4 449.9 449.8 445.5 441.2 435.2 429.8 424.4 420 398.2 386.9 400.3 394.3 394.2 416.8 423.2 426.8 430 435.1 440.6 446.3 448.7 451.4 451.4 450.8 450.3 451.5 451.8 453.9 454.9 457.5 457.5 462.5 466 467 464.8 464.3 461.2 460 458.2 454 451.6 448.4 444.9 427.8 436.8 430.4 428.3 428.9 425.2 424 425 427.1 423.1 416.1 417.7 418.1 417.9 417.9 417.2 418.2 417.8 416.6
483.5 476.3 474.2 472.3 470.8 466.7 464.5 460.1 454.7 453 461.2 465.5 467.1 467.1 464.6 459.1 454.4 454.2 450.4 444.7 438.1 431.9 426.2 404.7 393.4 399.5 412.6 416.4 392.9 415.8 423.7 427.4 436.7 445.2 450.5 453.3 455.4 457.6 458.3 458.3 459.9 459.5 461 464.2 465.8 467.3 468 470.4 472.2 474 472.9 470.3 467.1 465.6 462.1 461.3 459.6 457.3 428.4 443.3 440.9 435.4 435.5 435 432.6 431.7 433.5 430.8 426.9 417.7 423.3 423.5 422.7 423.2 422.7 421 420.5 419.6
490.5 484.4 483.6 482.1 478.4 475.5 471.7 466.4 464 467.7 472.4 476.1 477 476.3 473.9 469.8 462.5 457.4 451.1 445.7 440.2 434.5 413.5 391.5 396.8 416.8 419.3 420.3 401.5 412.8 428.6 434.9 444.7 452.9 456.6 460.2 461.1 464.6 465.5 465.5 467.2 469 470.5 474.4 477.2 475.9 476.9 478.3 479.1 480.5 479.5 477 474.3 471.2 468.5 468 466.5 462.3 451.4 451.1 447.7 438 439.7 439.7 439.5 440 434.5 429.8 424.3 429.4 429.4 428.3 427.6 426.8 425.3 424.4 423.2 423.3
496.1 492.4 492.5 489.8 488.1 483.8 478.5 472.1 473.8 478.8 482.8 483.5 483.9 484.4 481.7 475.3 469.3 461.4 453 447.3 440.8 429.1 412.8 395 412.5 425 424.2 426.2 405.7 414.6 432.6 440.4 451 458.9 464 466.3 469 471.7 473.3 474.3 476.2 478.8 480.5 483.9 487.5 486.3 486.5 489.6 488.8 487.2 485.7 481.6 480.3 478.8 476.6 474.1 472.3 463.9 444.9 458.8 456.8 451.5 446.7 444.4 443.7 439 440.7 437.5 434.3 432.9 432.9 430.8 430.4 428.6 428.3 428.7 427.5 427.7
499.1 499.5 499.5 497.6 496.2 490.9 484.3 481.7 485.7 488.7 490.2 489.3 489.8 489.1 484.2 478.6 471.2 462.3 454.1 449 442.3 426.4 405.3 405.3 426 431.1 430.9 432.3 410.5 415.3 437.5 445.4 456.9 465.5 469.8 472.9 476.3 480.3 481.4 483 485.8 488.2 492 494 496.2 499 498.4 497.1 497.4 494.4 492.1 490 487.9 484.5 482.3 480.8 472.5 452.3 463.8 465.8 464.3 460.1 456 454.3 451.4 449.2 447.1 442.5 443.6 441.2 440.3 438.3 436.8 435.1 434.8 434.2 432.8 430.9
502.4 503.4 505.4 505.8 501.7 495.4 488.6 489.4 492.2 493.4 493.7 493.1 492.7 489.2 483.7 477.6 470.3 461.9 453.8 447.9 442.5 421.5 403.1 415.8 433.5 435.6 436.6 438.3 427.8 419.2 441.9 452.7 463.4 471.1 476.4 480 484.2 486.6 489.8 492.9 494.8 499.4 501.7 505.2 505.6 506.6 505.9 505.7 502.9 500.4 498.7 496.3 493.4 491.4 489.8 485.7 465.2 476.2 474.6 474 470.3 467.1 463.2 459.7 452.3 456 452.3 446.4 451.2 451.5 450.5 448.7 445.7 442.4 440.7 438.5 437.3 435.8
502.1 504.6 506.7 506.7 501.2 494.3 491.6 492.5 494.4 495.1 494.3 493.4 490.8 486.6 480.9 474.4 466 459.9 452.3 445.1 425.8 408.6 413.6 432.9 442.3 441.4 443.1 444.3 433.8 423.1 444.2 458.8 468.6 476.9 482.5 486.4 491.9 495.4 496.8 501.7 506.3 510.4 513.2 515.5 515.2 515.9 513.1 511.2 509.2 504.8 504 500.9 498.9 496.9 493.9 489.9 472 488.8 487.4 482.2 476.5 472.6 469.3 464.7 460.8 459.2 456.7 453.5 456.1 458.1 456.5 454.8 450.7 448.6 445.7 443.7 441.2 440.7
498.1 499.9 500.6 499.6 494.8 491.5 491 491 492.3 492.6 490 487.1 484.2 481.1 475.3 468.5 461.5 455.8 450.4 432.3 413 414 430.4 446 450.1 450.7 449.9 451.6 453.6 427.7 444.6 463.2 473.8 481 488.1 493.1 498.3 501.7 505.6 509.8 515.5 520.1 522.5 522.9 523.7 522.5 519.7 516.5 513.7 512 509 507.4 504.9 502.6 499.1 493.8 490.5 495.9 493.4 488.7 483 478.6 474.4 470 464.1 462.6 462 461.2 463.2 464.5 462.7 461.5 458 454.8 453.2 450.4 447.3 445.8
493.5 493.2 494 492.9 490.9 489.9 487.8 486.7 487.4 484.9 483.6 480.8 477.7 474.5 468 461.3 456.1 450.6 439.6 419.7 415.1 424.3 437.1 457.7 457.7 458.3 458.8 461.1 462.6 429.4 444.2 464.9 477.1 485.4 492.1 497.3 502.2 504.8 512.4 517.5 523.3 526.9 528.7 529.1 528.1 526.7 524.2 520.1 518.2 516.8 514.9 513.7 510.4 507.6 504.1 495.9 504.5 502.7 494.5 490.6 486.7 485.9 482 477.4 468.8 467.2 466 468 472 472 469.6 467.4 465.5 462.7 460.5 457.6 453.5 452
487.9 490.5 491.4 489.5 488.8 485.8 484 482.4 480.6 479 478.5 476.5 472.9 468.4 461.4 455.8 450.8 435 424.9 429.2 427.8 445.4 462.5 463.9 463.9 465.4 467.6 469.6 467.7 442.7 441.4 461.3 476.4 487.6 493.7 498.9 502.7 508.4 517.9 523.1 527.8 531.2 532.2 532.1 531.4 529.2 527.5 522.4 522.5 521.5 519.9 516.8 514.1 511.3 505.8 507.6 508.7 506.9 505.2 500.9 495.7 491.1 485.3 477.4 473.5 469.7 472.1 474.9 479.1 479.4 477.6 473.5 471.3 468.1 466 463.6 459.5 459.6
482.5 485.1 486.3 486 484.4 483.2 479.8 478.4 477.2 475.4 474.6 472.5 468.1 465 455.5 443.5 431.1 429.5 443.7 445.9 447.5 461.2 468.2 469.4 472.6 474 476.5 478.1 477.6 451 437.6 453 469.4 481.1 491.3 497.2 503 510.2 520.1 525.8 529.3 531.8 533.1 533.4 532.5 530.6 529.2 526.1 523.9 524.4 520.9 520.1 516 514 502.7 513.1 513 511.8 509.6 505.8 501.3 494.4 487.7 484.9 477.7 475.8 477.1 481 483.1 484.2 482.1 480.2 476.5 473.8 471.4 467.5 465.3 463.9
478.3 481 481.4 482.8 481.8 479.2 477 475.3 474.2 473 470 467.6 464.7 460.4 444 438.2 447.4 449.1 454.5 465.4 469.1 473.6 476.9 479.6 482.8 484.6 483.6 485.2 483.9 462.1 453.5 446.2 454.1 468 481.7 493 500.4 511.4 518.9 522.6 526.3 529.6 532.1 533 533.1 532.4 530.6 528.3 527.4 526.1 524 523.6 520.7 517.2 510 517.2 516.5 515.6 513.7 509.3 502.5 498.9 495.6 489.4 483.4 480.4 480.2 484.9 487.9 488 485.2 483.2 480.6 478.2 476.1 473.2 470.8 470.3
473.1 477.3 479.2 479.5 476.9 474.7 473.6 472.3 471 469.5 468.8 462.9 451.3 445.5 448.4 459.1 464.1 468.8 472.9 475.6 477.9 482.3 485.4 489.2 491.7 493.3 493.1 491.4 490 474.9 477.7 468.9 457.4 457 473.8 487.2 496.1 507.9 514.8 519.5 522.1 527.2 529.5 531.4 532.6 532.9 531.1 530.5 528.8 528.1 526.1 525 523.8 517.3 520.5 520.7 519.4 518.6 515.3 509.4 508.7 505.3 499.4 492.9 488.4 485.2 487.6 490.1 492.6 492.1 490.5 486.8 485.4 483.7 481.7 479.3 476.4 474.4
470 474 476 475.7 472.9 470.1 469.5 470 469.9 468.8 466.1 457.2 456.5 458.7 463.1 467.4 472.8 476.9 480.6 483.9 487 490.1 494 498.7 500.4 500.9 500.4 497.2 495.1 492.1 488.5 472 477.7 474.4 464.1 480 493.8 502.8 510.8 515.7 519.8 521.6 524.6 529.7 531.5 532.4 532 530.1 532 531.4 529.4 527.7 525.3 517 522.6 522.7 522.1 521.2 517.9 518.3 514.8 507.2 502.8 497.6 493.8 491.8 494.3 494.9 496.2 495.6 494.3 492.2 489.1 484.7 484.5 482 481.3 480.4
