Game/Highland_Data/StreamingAssets/GeoData/Data/nh/NH87.asc
ncols 200
nrows 200
xllcorner 280000
yllcorner 870000
cellsize 50
[rows 120 to 159 of 200, columns 0 to 88 of 200]
3.2 3.7 3.4 3.2 2.6 2.7 -1.3 -1.3 0.9 2.1 2.7 2.7 2.7 2.6 2.6 2.7 2.7 2.7 2.7 2.8 2.8 2.8 3.6 3.6 3.6 4.1 7.6 8.7 8.6 17.5 22.3 25.8 28.9 30.7 30.8 31.1 31.2 31.4 31.2 29.6 30 28.5 26.9 25.3 23.8 23.1 20.9 18.5 18.7 16.3 19.8 19.2 18.6 17.6 16.5 15.5 14.4 13.8 15.2 16.7 15.7 16.5 18.1 18 20.3 22.1 23.2 23.9 25.8 27.5 27.7 29.1 29.6 30.5 32 32.5 31.3 30.9 34 35 36.2 36.5 36.6 39.1 39.6 39.4 41.1 42.3 43.6
2.2 3.3 2.6 2.6 2.4 2.2 -1.3 -1.3 0.7 2 2.8 2.7 2.7 2.6 2.6 2.6 2.6 2.6 2.7 2.7 2.7 2.7 3.2 3.5 3.7 6.8 9.2 10.8 20.7 25 27.8 30.8 32.2 32.6 33 33.1 32.9 32.3 30.3 30.8 29.3 27.9 25.4 23.8 22.2 20.6 19.2 17.7 18.3 21.3 21.7 21.4 21.1 19.7 18.5 17.4 16.3 16.3 19.6 21.1 19.4 20.2 22.1 22.9 22.7 24.7 26.6 28.3 30.1 30.2 32 33.8 34.4 34.1 34.5 34.4 35.6 33.9 37 38.9 38.7 38.6 38.9 42.1 42.8 41.8 42.8 44.2 45.1
2.5 2.2 2.7 2.9 2.7 2.1 -1.3 -0.3 0.9 2.1 2.8 2.7 2.7 2.6 2.6 2.5 2.5 2.6 2.7 2.8 2.9 2.9 3 3.6 5.1 10 18.3 22.7 24.9 28.8 31.3 33.7 34.6 34.9 34.8 34.1 33.1 31.7 31.1 29.8 28 26.4 24.4 23.4 22.1 20.5 19.2 19 23.3 24.6 23 23 22.9 21.9 20.2 19.1 17.9 18.5 20.7 22 23.8 21.2 23.3 25.8 26.8 28 31.5 33.6 34.4 33.8 35.1 37.1 40.2 40.1 38.9 39.8 39.2 40 38.5 41.3 42.1 41.5 40.6 42.7 44.6 46.3 47.4 46.1 45.8
2.3 2.2 2.2 2.3 2.2 2.1 -1.3 -0.2 0.9 2.1 2.1 2.4 2.7 2.6 2.6 2.7 2.7 2.8 2.9 3 3.1 3.1 3.2 4.6 6.6 17 22 25.1 27.4 30.3 33.9 35.4 36.1 36.1 35.1 34.2 32.9 31.9 30.5 28.9 27.2 25.8 25.1 24.4 22.5 20.8 19.9 19.7 22.6 22.9 22.2 21.5 21.1 21.1 20.9 20.1 19.7 20.2 22 24.8 29.5 25.7 27 27.8 30.2 31.4 35.2 38.9 39.2 38.9 39.3 41.2 41.5 44.1 43.8 44.9 44.1 42.5 42 43.5 45.6 44 42.8 44.2 46.8 49.7 50.6 48 48.4
2.2 2.2 2.2 2.3 2.2 2.1 -1.3 -0.2 1 2.1 2.3 2.2 2.7 2.8 2.8 2.9 3 3 3.1 3.1 3.1 3.1 3.8 6 14.4 20.7 24.7 27.9 30.6 32.2 33.7 35.4 35.3 35.2 34.7 33.7 32.4 31.1 30 28.6 27.5 26.4 26.7 26.2 23 20.5 19.9 20.2 20.9 21 22.5 21.3 20.5 21.5 22 21.5 21.9 24 25.7 27.7 35.9 33.3 34.2 37.9 33.8 35.2 38.1 42.8 43.9 43.9 42.2 44.8 44.4 44.7 46.6 46.3 46.9 46.2 45.7 48.8 49.6 48.7 47.5 49.6 50.1 52.6 54.1 52.7 55
2.2 2.2 2.2 2.3 2.3 2 -1.3 -0.1 1 2.1 2.2 2.5 2.6 2.7 2.8 2.8 2.9 2.9 2.9 3 3.1 3.1 5.7 11.5 21.3 24.3 27.5 31 32.4 32.8 33.2 33.3 33.5 33.4 32.7 31.8 31.4 30.3 29.3 28.3 27.8 27.9 28.5 28.2 25.7 21.1 20.5 22.7 23.3 21.9 22.3 22.2 21.5 23.4 23.1 23.5 26.2 31.3 30.8 31.9 36.4 36.5 36.8 39.2 37.1 41.2 43.9 48.5 49.8 49.1 46.5 47.5 49.5 48.8 51.1 51.8 53.8 51.6 50.9 50.5 53.2 51.9 52.8 54.7 55.2 54.8 57.1 57.9 57.8
2.2 2.2 2.2 2.2 2.1 -1.3 -1.3 0 1.1 2.1 2.2 2.3 2.5 2.6 2.7 2.7 2.8 2.8 2.8 2.9 3.1 4.2 8.8 20.6 24.4 28 31.5 32.3 33.1 33.3 33.4 33.3 32.7 32.1 31.5 30.9 30.7 30.4 29.4 29.8 29.8 29.8 30 30.3 26.3 22.5 24.3 24.8 23.4 23.1 23.3 25.5 26.7 27 27 26.7 31.3 35.4 34.8 36.6 39.3 39.1 41.8 44.4 41.3 47.2 50.1 52.9 54.1 53.9 53.6 51.7 54 52.3 54.7 55.6 58.2 59 59.9 54.4 68.4 70.3 64.3 63.2 61.3 59.1 59.9 59.6 61.1
2.3 2.2 2.1 2 -1.3 -1.3 -0.6 0.2 1.2 2.1 2.2 2.2 2.4 2.5 2.5 2.6 2.7 2.7 2.8 3 3.7 8.3 17.5 23.3 27.1 30.8 33.6 33.6 34 34.5 34.2 33.6 33.1 32.9 32 31.3 30.6 30.6 30.9 31.2 31.5 31.8 31.8 28.5 23.1 23.7 26.9 27.2 26.3 26.2 30.2 32.1 32.9 34 31.5 30.5 35.5 38.9 39.1 40.5 43 44 47.6 49.6 48 51 53.7 55.9 56.7 57.8 58.8 53.2 59 58.5 59.1 60.1 61.2 65 64.5 62.4 66.1 69.4 66.8 65.8 63.6 62.9 68.8 70.1 65.6
2.1 2 1.6 -1.3 -1.3 -0.8 -0.2 0.4 1.2 2.1 2.1 2.2 2.3 2.4 2.4 2.5 2.6 2.6 2.7 3.1 5.2 15.5 19.7 25.5 28.6 31.9 33.3 34.7 36.2 36.6 36.2 35.4 34.5 33.6 32.7 31.7 30.6 30.3 31.4 31.3 31.9 32.7 32.6 27.3 26.8 28.7 30.8 31.9 31.8 32.4 37 37.8 37.3 36 33.6 33.9 37.9 43.2 44.8 43.6 46.3 48.1 54 56.3 54.5 57 59.1 61.3 63 64 66.4 58.6 67.5 67.6 67.4 69.7 70.4 69.7 69.7 69.1 64.6 67.9 67.5 67.3 65.9 71.7 80.3 77.4 67.5
1.5 1.3 0.4 -1.3 -1.1 -0.5 0 0.6 1.3 2.1 2.2 2.2 2.3 2.4 2.5 2.6 2.5 2.5 2.7 3.2 10.1 21.1 25 27.6 29.3 31.9 34.8 35.9 37.4 37.8 37.3 36.7 35.5 34.5 33.3 32.2 30.9 29.9 29.8 29.7 29.6 28.4 26.1 25.6 26.8 30.1 32.1 31 31.4 33.5 35.6 37.4 37 36.7 41.4 41.9 48.5 48.5 52.4 51.8 55.4 57.6 59.9 60.8 61.4 63.5 65.4 69.3 72.5 73.2 74 72.7 76.9 73.9 75.7 75.9 77.4 76.2 75.4 76.2 68.3 75.6 73.9 72.5 72 73.1 72.4 69.7 66.4
0.6 0.2 -0.3 -1.3 -0.9 -0.3 0.3 0.9 1.5 2.1 2.2 2.2 2.3 2.4 2.5 2.7 2.8 2.9 2.7 5.1 19 23.7 27.8 32.2 32.4 33.2 36.9 38.2 37.7 37.7 37.2 36.7 36.2 35 33.7 32.3 31 29.5 28.5 28.1 27.9 26.5 26.9 29.5 30.2 28.2 29 29.2 30.9 32.4 35 38.9 42.5 43.2 48.9 50 51.9 57.5 58.6 61.9 67.2 70.5 71.1 71.6 71.9 73.6 74.1 76 78.3 81 79.5 82.5 91.7 89.4 86 86.6 90.6 87.3 84.6 87.6 77.9 87.6 83 81.4 83.1 78.9 82.6 78.7 70.8
-0.4 -0.8 -1.3 -1.3 -0.6 0 0.5 1.1 1.7 2.3 2.2 2.2 2.3 2.4 2.6 2.7 2.9 3 3.4 11 22.2 26.5 30.2 32.5 33.9 37.9 39.4 38.6 37.5 37.1 36.6 36.1 35.4 35.2 34 32.4 30.9 29.5 28.3 27.6 26.9 25.5 27.9 32.8 34.2 31 30.4 31.9 34 36.8 39 44.4 48.5 50.6 54.8 56.9 61.3 64.8 68.6 72.3 73.9 76.6 79.5 82.7 85.3 87.2 88.3 90.2 89.9 93.5 93.9 88.8 98.6 98.1 97.3 97.4 96.8 94.4 94.6 94.1 81.3 91.4 88.7 93 94.4 87.1 91.2 86 84.9
-1.3 -1.3 -1.3 -0.9 -0.4 0.1 0.7 1.3 1.9 2.1 2.6 2.3 2.3 2.5 2.6 2.8 2.9 3.1 4.2 20.5 25.1 29.1 32.1 34.5 37.1 39.2 39.3 38.2 37.1 36.5 36 35.4 34.7 34.3 34.2 32.6 30.9 29.5 28.4 27.9 27.2 27.9 28.4 31.9 35.6 35.1 34.5 35.6 38.9 42.2 45.5 49.8 55.5 58.9 63.7 67 70.3 73.3 77.4 80.3 82.7 86.5 89.5 93.5 95.5 97.9 100.3 101.5 102.5 103.6 103.7 93.1 104.2 103.6 102.7 102.4 102.6 101.3 96.7 96 89.5 96.1 94 98.2 97.6 95.4 93.9 94.4 93.5
-1.3 -1.3 -1.3 -1.3 -0.6 0.1 0.6 1.1 1.7 2.1 2.1 2.3 2.4 2.6 2.7 2.9 3 3 13.3 23.6 28.4 32.2 34.5 36.5 38.4 39.4 38.6 37.7 36.8 36.1 35.4 34.7 34.1 33.4 33.1 32.1 30.8 29.8 28.8 29 29.1 30.1 31.4 33.1 36.1 38.9 37.8 39 43.2 48.5 53.2 57.9 63.1 67.6 72.2 75.2 78.3 80.6 85.9 89.3 92.6 96.3 99.3 102.7 104.5 106.5 108.3 108.9 109.7 110.3 110.4 99.8 108.7 107.8 106.9 106.5 105.3 104.6 103.3 95.9 101.7 102.1 100.2 103.4 103.9 104.6 102.6 104.2 100.9
-1.3 -1.3 -1.3 -1.3 -1 -0.2 0.5 1.1 1.6 2.1 2.2 2.4 2.5 2.7 2.9 2.9 2.9 4 20.8 28.2 33.8 35.4 37 38.8 39.5 38.7 37.9 37.2 36.3 35.5 34.8 34.2 33.5 32.8 33.4 33.3 32.2 30.4 30.7 31.1 32 33.8 34.9 36.5 39.5 42.3 43.3 46.3 51.5 56.8 62.4 67.6 72.5 77.3 80 83.5 86.5 90.2 94.8 98.7 102.3 105.7 108.1 111.4 112.8 114.9 115.4 115.8 115.8 115.8 115.5 104.2 112.7 111.8 110.9 110 108.9 107.3 107.9 103.9 103.6 107.7 106.9 107.5 107.5 107.6 106.5 106.3 105.3
-1.3 -1.3 -1.3 -1.3 -1.3 -0.6 0.1 0.9 1.6 2.1 2.2 2.4 2.6 2.8 2.9 2.9 2.9 8.8 25 33.4 36.9 38.1 39.1 39.3 38.8 38.1 37.3 36.8 36 35 34.3 33.9 33.7 34.2 35 34.4 32.8 32.3 32.9 33.8 35.9 37.9 40 40.3 44.6 49.4 52.5 58.9 62.2 67.5 72.3 77.2 81 85.1 88.3 91.6 95.5 99.6 103.8 107.6 110.8 114 117.2 120.2 122.9 124.4 124.4 123.6 122.3 120.9 119.3 110.2 116.3 115.3 114.3 113.5 112.3 111.1 111.4 106.7 108.7 111.3 111 110.8 110.4 110.2 109.2 108.3 104.7
-1.2 -1.3 -1.3 -1.3 -1.3 -1.1 -0.3 0.5 1.2 2.1 2.1 2.3 2.5 2.7 2.9 3 4.1 19.9 29.7 35.4 37.3 38.4 38.6 38.3 38 37.5 37 36.9 36.2 35.9 36 35.3 34.7 35.8 36.1 35.3 34.5 34.9 35.8 37.1 38.3 41.2 45 48.7 50.1 57.3 61.2 66.4 71.5 76.3 80.7 85.6 89.8 93.4 96.5 100.5 104.3 108.5 112.1 116.2 119.4 123.6 128.1 131.3 132.8 132.7 132.1 130.2 128.1 125.7 123.1 119 119.2 118.3 117.3 116.8 116.7 115.4 115.6 107.9 113.9 115 113.7 113 112.7 112.4 111.5 110.4 109.7
-1 -1.3 -1.3 -1.3 -1.3 -1.3 -0.7 0.1 0.8 2 2.5 2.3 2.5 2.7 2.9 3.9 14.5 25.6 33.5 35.4 37.2 37.9 37.9 37.7 37.5 37.3 36.9 37 36.8 37.9 37.7 36.9 36.2 37.5 38.6 37.5 37.7 38.1 39 40.7 42.2 44.3 48.6 54.3 59.6 64.6 69.1 74.9 80.3 84.9 90.1 94 97.3 101.5 105 108.9 112.8 116.3 120.1 123.3 128.6 134 137.1 138.7 139.7 138.9 136.7 133.9 130.6 127.5 124.8 124.3 123.5 123.5 122.9 122.2 121.7 119.1 118.9 108.8 117.5 117.4 116.4 115.7 115.1 114.4 114 113.4 113.1
-0.8 -1.1 -1.3 -1.3 -1.3 -1.3 -1.1 -0.3 0.5 1.8 2.2 2.2 2.4 2.6 3.1 9.5 22.7 31 34.3 35.8 36.7 37.3 37.4 37.1 37.1 37.6 37.2 37.1 39 39.7 39.8 38.2 37.4 39.4 39.6 40 40.7 41.1 42.4 44.7 47.2 50.1 54.5 61.1 67.4 72.9 78.1 82.1 88.6 94.3 98.1 101.4 105.1 108.7 112.7 116.5 119.9 122.9 125.8 128.9 135.2 141.3 143.6 144.4 143.2 140.8 137.4 134 132.1 131.2 130.7 130.7 129.6 128.8 126.9 125.7 124 122.1 120.8 117.1 120.6 119.7 119.2 118.5 117.9 117.7 117.1 116.8 116.5
-0.6 -1 -1.3 -1.3 -1.3 -1.3 -1.3 -0.9 0.2 1.5 2.2 2.2 2.2 2.5 4.7 19.5 26.2 32.3 34.3 35.7 36.5 36.7 36.9 36.8 37.6 38.2 38 38.2 40.1 41 40.4 39.1 38.7 39.7 40.9 42.1 43.5 43.8 47 49.4 52.4 56.3 62.5 70.2 75.3 81.1 86.8 91.5 97.7 101.2 105.2 108.9 112.7 116.3 119.7 123.1 125.2 126.9 128.7 133 138.8 143.3 145 143.6 141.2 139 137.7 137.6 137.8 137.1 136.8 135.1 133.2 131.7 130.4 128.4 126.3 124.9 120.9 123.6 122.8 122.1 122 121.3 121.1 120.9 121.2 120.9 121.9
-0.4 -0.8 -1.1 -1.3 -1.3 -1.3 -1.3 -0.5 0.5 1.8 2.1 2.5 2.9 3.7 8.4 24.5 29.9 32 33.9 35.2 35.7 36.4 36.7 37.2 38.2 38.8 38.6 39.2 41.1 41.1 40.1 40.8 40.9 42 43.7 45.6 46.8 49.1 51.7 54.2 58.4 64.5 71.3 78.7 85.4 91.3 94.8 100.1 104.6 108.4 112.2 115.7 119.2 122.6 124.4 126.5 128.4 130.4 132.8 136.8 139.5 142.1 142.4 143.3 143 144.2 144.6 145 144.5 143.3 141.7 138.8 136.7 134.2 131.9 130.2 127.6 125 126.7 125.9 125.2 124.7 124.8 124.6 124.5 124.8 125.7 126.8 128.4
-0.2 -0.6 -0.9 -1.3 -1.3 -1.3 -0.6 0.3 1.2 2.1 2.1 2.5 3.3 5 18.4 25.6 29.5 32.1 33.4 34.5 35.6 36.8 37.1 37.8 38.4 38.8 39.3 40.3 41.3 41 41.9 43.1 44.2 45.2 46.9 49 51.3 53.5 56.3 60.7 66.1 73.3 80.3 87.2 93 98.1 102.7 106.6 111.2 114.8 118 121.1 123.5 125.2 126.9 129.8 132.1 135.1 139.1 141.6 144.1 145.3 146.8 149.1 152 153.8 153.6 152.3 149.8 147.1 144.3 141.2 138.3 136 134 132.4 131.6 129.5 128.7 128.1 128.4 128.8 128.6 128.9 129.8 130.6 132.6 134.3 135.7
-0.1 -0.4 -0.8 -1.1 -1.3 -1.3 0.1 0.9 1.7 2.1 2.1 2.8 3.7 11 24.1 28.3 30.5 31.9 33.3 34.6 35.8 37 38.1 38.9 39.5 40.4 41.2 41.6 42.4 43.7 44.6 45.8 47 48.8 50.5 52.4 54.6 56.8 61.2 68.4 75.5 82.2 89.2 95.5 100.8 105.5 109.7 113.4 115.9 119.3 122 123.9 125.8 128.3 131.2 133.9 137 141.1 144.4 147.7 152.1 155.9 159.4 161 160.9 160.2 158.3 155.4 151.7 148.6 146.1 142.4 140.2 138.2 135.9 134 134.1 132.4 132.4 132.1 132.5 133 133 134.4 136.2 138.3 141.1 142.8 141.8
0.1 -0.2 -0.6 -0.9 -0.9 -0.1 0.8 1.5 2.1 2.2 2.4 3.2 10 21.2 25.9 29 30.8 32.6 33.8 35.6 36.9 37.8 38.8 40.1 40.8 42.1 43.2 43.5 44.7 46.1 47.2 48.4 49.6 51.6 53.7 55.4 57.9 62.3 69 76.2 83.5 90.7 97.2 103.4 108 111.9 114.7 117.5 120.4 122.9 124.2 126.6 130.2 133.1 135.5 138.9 142.2 146.8 152.8 158.6 163.7 166.9 167.7 167.2 165.9 163.7 160.8 157.8 154.5 151.3 148.5 145.6 143.2 141.3 139.1 137 136.4 135.9 136 136.1 136.5 137.1 137.9 139.7 142.1 145.6 147.8 148.4 146
0.3 0 -0.4 -0.7 -0.5 0.2 0.8 1.8 2.1 2.5 3 6.4 21.2 23.9 27.6 29.4 31.2 32.9 35.2 36.9 38.1 39.4 40.2 41 42.1 44.1 45 45.7 47.1 48.4 49.7 50.9 51.8 54.6 56.6 59.5 64.6 69.5 76.9 83.6 91.5 98.9 104.4 109.3 112.4 115.3 118.3 121.5 123.9 125.8 128.7 132.1 134.9 136.6 139.6 144.2 149.7 155.4 161.7 167.6 171.1 172.4 173.8 174.5 171.9 169.4 165.4 161.3 158.8 155.4 151.9 149.3 146.8 145.6 143.4 142 140.2 139.8 139.9 140.6 141 142 143.3 145.7 148.3 151.5 152 152 149.6
0.5 0.2 -0.2 -0.4 -0.1 0.6 1.2 1.9 2.1 2.8 4.2 15.8 22 25.4 28.8 30.7 32.3 34.5 36.9 38.1 39.4 41.1 41 42.7 44.6 45.2 46.2 47.4 49.1 50.1 51.3 52.6 54.4 56.1 59.7 64.1 69.5 75.7 83.2 91.2 98.1 103.5 108.2 112.3 116.4 119.7 122.3 124.1 126.2 129.9 132.6 134.4 137.2 141.2 145.7 151.5 156.4 162.3 168.5 172.5 175.1 179.3 180.4 178 174.9 171 167.7 164.4 161.4 159 155.8 153.4 150.5 148.3 146.3 144.8 144.5 144.1 144.6 145.1 146.1 147.9 149.4 151.6 154.4 156.4 157 155.8 153.2
0.7 0.3 0 0 0.3 1 1.7 2.1 2.1 3.5 5.3 19.3 23.3 26.5 28.7 31.3 33.4 36.4 38.3 39.8 41.1 42.1 42.4 44.5 46.1 46 48.4 48.6 50 51.1 52.2 54.7 57.5 59 62.7 67 73.6 80.2 87.9 94.6 100.7 106.4 111.2 115.4 119.8 122.4 123.7 126 129.4 131.2 133.6 137.4 141.5 145.9 151.6 157.2 161.9 167.4 172.5 177.2 181.4 183.8 181.4 178.5 175.9 173.4 170.4 167.1 163.8 160.9 159.2 155.8 154.1 152.2 149.6 148.4 148.1 148 148.9 150.3 151.7 153.4 155.6 157.8 160.5 162.3 162 160.7 157.7
0.9 0.5 0.2 0.5 0.8 1.4 2.1 2.1 3.2 4.1 5.8 20.9 24 27.4 29.9 32.8 35.4 37.5 39.6 41.2 42.8 43.8 44.7 46.2 48 48.5 49.3 49.7 50.6 51.8 54.2 56.8 59.7 62.5 67 71.7 75.5 84.2 91.9 98.5 104.1 109.1 114.1 118.6 121.6 123.1 123.9 126.6 129.1 131.8 136.6 140.8 145.3 151.1 156.2 161.3 165.7 170.3 175 180.2 182.4 182 181.5 180.4 178.7 176.6 173.6 170.2 166.7 163.5 160.8 158 156.2 154 153.3 152 151.9 152.1 153.4 155.2 158.4 160.1 161.5 164.3 167.1 167.3 167.3 164.9 162.1
1.1 0.7 0.6 0.9 1.2 1.8 2.1 3.3 3.7 4.6 8.5 20.7 24.9 28.2 31.2 34.1 36.7 38.9 40.8 42.7 44.5 45.9 47.2 48.6 49.8 50.1 50.7 51 51.8 53.5 56 58.8 61.7 64.6 68.2 73.8 80.6 87.7 94.2 101.2 105.1 110.7 116.3 118.6 120.1 122.8 125.6 129.4 133.3 135.2 139.3 143.5 148.7 154 157.9 161.8 166.3 170.7 175.3 179.1 180 182.8 183.4 183.3 181.7 178.7 175.4 172 168.7 165.3 162.6 160.1 158.7 157.8 156.9 155.9 156.2 156.9 158.5 161.2 163.6 165.1 167.9 170.6 172.7 173.7 172.6 169.4 166.2
1.2 0.9 1.1 1.3 1.6 2.1 2.1 3.5 3.9 4.6 15.1 23.1 25.9 28.8 31.7 34.5 35.8 40.2 42.3 43.9 45.8 47.8 49.4 50.7 50.8 51 51.4 51.8 52.9 55.1 57.9 61.1 64.8 68.8 73.8 77.2 85.8 91.7 97.1 102.5 107.6 112.2 115.7 118.7 121.3 124.6 127.5 132 134.7 138.5 141.6 145.7 150.9 154.7 158.3 162.1 166.3 170.8 175.5 178.6 181.5 183.7 184.9 184.6 182.7 179.8 176.5 173.1 169.9 166.7 164.2 163.4 162.1 161.2 160.3 159.9 160.4 161.6 163.9 165.5 168.1 171.8 175.4 177.8 179.8 179.8 177.2 173 168.8
1.4 1.2 1.5 1.7 2 2.1 2.1 4 4.1 5.6 22 25.4 28 29.6 32 34.7 36.8 40.1 43.3 45.4 47.2 48.9 50.3 51 51.2 51.3 51.7 52.7 54.3 56.4 59.3 62.9 67 72.1 78.2 83.7 86.7 93.2 98.6 103.7 109.3 113.9 116.8 120.3 122.8 125.3 128.8 132 135.8 140.1 144.5 148.6 152.7 155.8 159.4 163 166.3 170.3 174.7 177.7 179.8 182 184.2 184.4 181.8 179.8 176.6 173.8 171 168.3 166.9 166.1 165.4 164 163.5 163.8 164.7 166 168.8 171.8 174.1 179.1 182.3 183.8 184.6 181.5 177.1 171.7 168.2
1.6 1.7 1.9 2.1 2.1 2.2 2.1 3.2 4.2 16.2 24.3 27.1 29 31.6 32.4 35.7 37.3 39.1 42.2 44.3 48 49.8 50.7 51 51.4 52.1 53 54.2 55.6 57.7 60.8 64.5 68.6 73.8 81.1 86.7 90.5 96.3 100.8 106.8 111.6 115.4 118.7 121.8 125.2 128.7 131.3 134.6 137.7 142.5 147.7 150.4 153.7 157.2 160.8 164.1 166.8 169.1 171.9 174.9 177.3 179.5 180.9 181.6 180.5 178.8 176.5 174.2 171.8 170.4 170 169.6 168.4 167.5 166.9 166.8 168.4 170.1 172.2 178.4 185.1 189.3 188.9 187.7 184.9 179.8 175.5 169.8 169.8
1.8 2.1 2.5 2.5 3.2 3.4 3.6 3.8 10.5 22.4 25.7 28.7 30.1 32.6 35.2 35.3 37.8 41.7 44 44 46 48.5 50.3 52 52.4 53.1 54.3 55.7 57 59.2 62.4 66.1 70.8 76.6 82.6 87.5 94.1 100.5 106.9 112.5 116.5 120.2 123.4 125.6 128.4 131.9 134.9 137.5 139.8 143.7 147.6 151.5 155.1 158.3 161.4 162.9 164.5 165.6 168.6 171.6 174.2 175.8 177.3 178.8 178.5 177.7 176.3 174.3 174.2 174.4 174 173.4 172.4 170.9 169.2 169.3 170.1 174.5 184 190.4 195.3 195.3 192.9 188.3 182.8 177.8 171.3 165.9 174.6
2.4 2.3 2.8 3.5 3.9 4 4.9 5.8 20.4 24.1 27.2 30 32 33.7 35.9 36 38.7 42.3 43.8 45.2 47 48.8 50.2 51.6 53 54.3 55.7 57.2 58.4 60.7 63.8 67.8 71.7 76.9 83.2 92.7 102.6 109.8 113.7 118.4 121.7 125.2 128.1 130.2 132.3 134.7 137.8 141 141.9 145.6 149.4 152.3 154.9 156.5 158 158.8 160.1 161.5 163.7 166.5 169.2 171.9 173.8 175.5 176.8 176.7 176 177.4 178.5 178.2 176.9 175.2 173.6 171.5 170 170.6 173.5 181.5 189.9 195.7 198.8 197.1 192.5 186.2 179.8 174.4 164 162.8 169
3.4 3.5 3.2 4 4.4 4.5 4.7 14.3 23.2 26 29 31.6 32.7 34.3 36.7 39.3 40.9 43.4 45.5 46.9 47.7 49.3 50.7 52.1 53.5 54.8 56.3 57.8 59.9 62.8 65.2 67.9 73.4 81.8 92.8 103.5 112 118.1 121.1 123.9 126.8 129.4 131.5 133.5 135.3 137.2 140 142.1 143.1 146.3 148.6 149.8 151.1 151.9 152.4 152.9 153.9 155.4 158.2 161.4 164.2 167.1 170.9 172.4 173.9 176.3 178.4 179.4 179.3 178.5 177.2 175.6 173.8 171.9 171.1 173.2 179.7 189 194.3 197.2 197.2 194.1 189.7 182.3 175.1 166 171.3 157.8 156.4
3.7 3.9 4.1 4.1 4.4 4.9 5.8 17.8 24.6 27.5 29.6 31.5 33.4 36.9 38.9 40.5 42.2 44.7 47.1 48.6 48.4 49.9 51.3 52.6 53.9 55.3 56.8 58.5 60.9 63.7 66.3 72.2 81.7 93.3 104.1 113.1 120.2 124.1 125.8 127.8 130.4 132.6 134.8 136.6 138.4 139.8 140.9 142.5 143.3 144.1 144.3 144.9 145.5 145.5 145.8 146.7 147.6 149.6 152.3 155 158.5 161.9 165.6 168.5 171.7 174.8 176.8 177.5 177.7 177.3 176.8 175.7 173.7 170.5 171.8 177.4 186.6 193.2 195.2 195.1 193.3 190.4 186.5 178.8 170.2 159.6 164.1 151.9 146.5
4.3 4.4 4.7 4.9 5.2 5.5 10.8 22.9 26.5 28.5 30 32.1 34.9 38.3 40 41.1 43 46 47.5 49.1 49.5 50.4 51.7 53 54.3 55.7 57.2 59.5 61.7 65.5 71.5 81.9 93.3 104.1 113.5 121.6 126 129.3 130.5 131.8 134.1 136.3 138.1 140.1 141.3 141 140.9 140.3 140.2 139.8 139.7 139.2 139.6 141.1 141.7 142.8 144 144.7 147.3 149.4 151.7 155.6 159.8 164.7 168.6 172 173.9 174.9 175.5 176 175.9 173.1 171.4 171.1 175.6 183.2 189.8 192.9 193 191.4 189.3 186.5 179.4 173.2 167.2 157.1 149.6 144.2 139.3
5.4 5.5 5.4 5.6 6.4 15.7 21.2 24.3 27.8 29.6 30.8 33.2 36.1 38.4 40.7 42.3 44.2 46.6 48 49.5 50.3 51.6 52.6 53.6 54.8 56.1 57.8 60.3 64.5 71.4 78.4 89.9 101.8 113.2 121.3 126.5 130.6 133.5 135.4 136.6 137.8 139.6 139.9 141.1 140.6 139.5 138.5 137.5 136.2 135.6 135.8 136.1 137.5 138.8 139 138.9 138.8 140 141.2 143 145.9 150 154 159.2 163.3 166.6 169.3 171.1 171.5 170.7 169.8 168.6 168.2 171 176.7 184.4 189.5 190.9 190.4 189.2 186.4 179.5 175 168.8 163.6 156.6 148.1 141.7 133.6
6.5 6.6 6.5 7.9 19.1 20.8 23 26.4 29.5 31.8 32.3 34.5 36.7 38.9 41.2 43.5 45.6 47.1 48.5 49.9 51.2 52.4 53.4 54.4 55.4 57.2 59.3 62.9 68.9 76.7 85 95.9 108.2 118.6 125.3 129.7 133.9 138.1 140 141.3 141 141.5 141 140.3 138.5 136.7 135.3 133.5 132.8 132.7 133.2 133.8 133.9 134.6 135.1 136.4 137 137.8 139 140.2 141.9 144.9 147.7 150.9 154.8 159.9 162.4 163.8 162.9 162.3 162.3 162.5 164.2 167.7 174.4 181.6 186.9 188.2 188 182.6 178.5 174.3 170.4 165.9 160.4 153.6 145.7 136.4 126.6
7.4 8 9.5 18.2 20.3 22 24.3 27.7 30.5 32.9 33.4 35.3 37.5 39.8 41.9 44.3 45.6 47.6 49 50.2 51.4 52.7 53.7 54.9 56.3 58.8 61.6 66.4 72.9 82.2 90.4 99.1 112 120.3 127.3 133.2 139.2 143.7 146.2 146.7 145.4 143.6 140.8 137.6 134.7 132.3 130.8 130.4 131 130.9 131.8 132.6 133.3 134.1 135.2 136.4 136.1 134.8 134.8 138.6 139.8 140.9 142.7 144.5 145.5 147.1 149.3 149.9 151.4 153.3 154.5 155.7 159.4 164 172.5 180 183.7 183.9 179.5 176.8 173.4 169.6 166.1 162.3 155.7 147.6 136.5 125.5 117.3
