Game/Highland_Data/StreamingAssets/GeoData/Data/nh/NH92.asc
ncols 200
nrows 200
xllcorner 290000
yllcorner 820000
cellsize 50
[rows 35 to 69 of 200, columns 78 to 155 of 200]
367.7 352.3 349.3 345.8 340.9 335.3 331 327.9 324.9 322.4 320.7 319.8 319.8 320.7 321.6 320.1 316.2 312.9 312.3 308.3 306.6 304.1 302.7 306.9 305.5 304.7 305.7 307.7 308.1 307.1 304.7 302.5 301.2 299.3 298 300.7 301.3 301.6 302.4 302.4 300 297.7 294.5 289.6 283.9 280.3 279.1 278.8 278.6 278.6 276.9 276.6 273.9 273.7 272.5 271.6 272.2 272 272 272 272.4 272.3 270.7 269.8 268.7 266.1 264.8 269.1 271.4 272 272.7 271.3 269.7 268.3 267.2 266.4 266 259.8
364.5 354.3 350.7 347.6 343.1 336.2 331.8 327.4 324.4 321.9 319.8 317.6 317.3 317.9 317.6 315.5 312 310.1 308.5 306.2 305 304.5 301.8 304.2 303.7 303.8 304 304.6 303.3 300.2 299.6 299.1 298.6 297.6 298.1 299.7 300.3 300.8 301.7 301.4 298.9 296.5 293.8 288.7 282 279.4 278.2 277.9 277.9 277.6 276.5 276.4 273 273.2 272.2 271.2 272.1 271.7 271.7 271.7 271.3 271 270.3 269.2 268.1 265.5 264.4 267.1 271.7 271.6 271.9 271.6 270.3 268.1 266.4 266 262.3 257.9
362 356.7 353.2 350.1 345.1 338.2 333.7 327.7 323.6 321 317.9 315.6 314.9 315.4 314.8 312.6 309.1 308 306.6 304.5 303.9 304.4 300.9 304.4 302.6 302.5 302.2 301.1 299.5 299.5 299.9 298.9 298.2 297 297.2 297.8 299.1 299.8 300.8 300.7 297.4 295.4 291.5 284.8 280.8 278.8 277.1 277.1 278.3 276.8 274 273.5 272.7 272.4 270.9 270.4 271.2 271.7 271.6 271.5 271 270.5 270 268.9 266.9 265.1 266.9 264.4 268.2 270.9 271.3 271.9 271 268.9 266.4 265.8 258.6 256.8
365.6 359.3 355.9 352.5 347 339.9 335.6 328.7 323.2 320.9 318.3 314.2 312.4 311.6 311.8 309 307.4 306.3 305.1 303.7 302.9 303.1 300.1 301.3 301.3 300.6 299.8 299.2 298.8 299 299.1 297.8 296.9 295.2 296 296.8 297.9 299.3 299.4 299.2 295.4 293.8 288.6 281.7 279.5 280.2 276.8 278 275.5 275.2 273.5 272.4 272.6 271.7 269 271.2 271.5 271.4 271.4 271.4 271 270.7 269.6 268.1 266.6 264.1 265.1 265 265.4 269.1 270.5 271.1 271.3 268.8 265.8 264.7 256.8 256.3
368.8 362.8 359.2 355.5 349.2 342.3 336.7 330 323.8 320.1 317.7 314 311.5 309.2 307.1 305.4 304.6 303.9 303.1 301.8 301.2 300.3 300.6 298.2 299.9 298.2 298.6 298.1 297.9 297.8 297.4 295.9 294.6 291.8 294.6 296.1 297.1 298.3 298 296.3 293.3 290.8 284.4 280.5 281 279.1 276 273.4 271.1 271 270.3 269.4 269.1 268.4 268.8 270.8 271.2 271.4 271.4 271.3 271 270.6 269.2 267.6 265.6 264 268.6 268.1 263.9 269.1 269 270.3 271.3 269.2 266.7 264.6 257.7 256.6
371.1 365.3 361.9 358.7 351.5 343.6 337.8 330.5 324.7 320.4 317.1 314.2 311.8 308.3 305 303.9 301.9 301.4 299 298.4 297.4 295.6 297.3 296.2 295.8 294 292.4 291.8 292.6 293.9 293.1 291.9 289.7 288.5 291.7 294.9 296.9 295.6 296.6 294.8 289.4 283.8 279.7 277.9 278.4 275 271.3 270.3 270 268.8 268.6 268.4 267.9 268.2 267.1 267.2 271.6 272.8 271.6 271.5 271.2 270.2 269 267.5 264.5 267.2 266.9 265.1 265.6 268.1 269.2 270.6 271.6 267.9 267.2 264.2 255.5 259.5
374.7 369.3 366.1 361.9 356.2 346.6 339.8 332.1 325.4 320.1 317.2 314.5 311.2 307.1 304.5 302.7 300.5 297.9 298.3 296.6 295.5 292.4 293.4 293.6 292.6 291.8 291 290.3 289.2 288 286.4 285.6 282.3 282.9 282.7 286.8 283.9 285.3 287.3 286.1 281.6 277.9 275.4 273.5 271.8 271.2 270.6 272.8 272.8 273.3 270.2 269.5 269.9 271.5 269 267.1 269.5 272.2 272 272 271.7 269.6 269 267.4 265.9 268 268.6 266.6 264.9 265.2 267.7 271.2 272.3 264.8 260.5 254.7 262 262.9
377.4 373 370.9 367.1 360.4 349.8 342.4 334.4 325.8 320.6 317.4 314.3 310.8 306.8 304.4 303 301.4 298.1 300.9 300.5 298.9 298 293.9 295.7 296.8 295.1 294.1 290.8 289.5 289.6 289.1 288.5 288.2 280.4 285.4 289.9 277.1 276.3 276 275.4 274.7 274 272.8 271.2 274.7 275.6 275.4 273.5 271.7 270.8 270.6 270 270 271.5 269.9 267.2 267 271.6 272.4 271.1 269.9 268.8 267.1 263.7 263.7 265.3 270.2 266.9 265.4 264.8 268.2 269.6 271.1 267.6 257 268.1 264.1 263
378.1 376.4 375.4 371.3 366.2 354.7 347 335.7 327.1 321.2 317 313.8 310.9 306 304.1 303 301.6 298.5 303.8 301.6 298.9 296.4 292 293.8 293.2 293.8 292.6 290.3 289.7 290.3 288.4 286.1 285.3 283.4 288.4 292.5 292.4 286.2 281.1 277.2 273.8 273.2 272.4 275.4 276.6 276.4 275.9 273.2 273.1 271.7 270.3 270 269.8 270.9 271.3 268.3 266.1 270.6 272.9 271.6 269.3 268 266.9 263.7 263.7 266.9 269.4 269.6 267.6 262.8 263.8 263.9 258.1 257.6 264.3 268.5 263.9 266.9
380.5 379.8 380.4 375.3 370.5 357.6 351.2 337.9 328.6 322.8 318.7 314.5 310.9 305.1 303.9 302.7 299.3 299.4 305.2 301.2 298.5 295.2 292.3 291.2 289.1 293 291.7 289.2 287 285.5 285.9 286.1 285.9 285.7 286.3 286.8 289.9 293 292.7 287.5 281.6 279.2 276.2 275.5 276 275.8 275.6 273.9 275 272.2 270.1 270 271 269.6 270.6 269.2 265.5 270.2 270.9 270.3 268.8 267.5 267.2 263.7 265.6 269.3 270.4 270.4 269.9 267.5 265.3 262.8 261.1 254.6 267.9 268.1 266.3 266.1
380.9 380.2 383.9 378.6 372.4 360.2 353.8 341.2 331.6 325 319.9 316.1 311.4 304.6 303.7 302.5 298.8 300.1 303.8 300.7 296.2 290.8 287.9 289.4 285.2 288.6 288.5 287.1 285.2 285.4 285.9 286 286.1 286.2 286.6 287.2 287.7 288.8 288.5 285.7 283 278.8 277 275.6 274.1 274.8 274.8 272.6 271.4 270.2 270.3 269 269.4 269.7 270.1 270.7 265.3 267.1 271.5 270.9 268.6 267.1 266.3 266.4 269.5 268.8 270.7 268.9 268.6 269.6 268.8 267.4 261.3 253.3 267.8 268.6 262.1 265.4
378 381.2 385.7 379.1 372.5 362.4 360.1 340.7 334.1 326.6 321 316.8 310.6 304.3 303.9 301.1 298.9 301.9 299.2 294.9 289.3 284.6 284.6 283.2 284.9 288 287.1 285.8 285 284.3 285.7 286 286.3 286.5 286.7 289.2 290.1 289.7 288.8 285.8 282.4 279 277 275.8 273.2 272.6 271.7 272.4 271 269.2 268.5 268.2 268.3 270.5 269.6 269.4 267.8 264.3 268.6 270.7 269 267.1 265.5 265.2 267.6 268.3 267.9 266.5 266.8 267.6 265.8 264.5 259 251.4 264.1 264 261.2 266.2
374.9 380.4 386.1 376 371.2 362.6 362.7 341 336.6 328.9 324.3 318.9 308.7 304.6 304.2 300.4 299.7 296.8 293.2 288.8 285.8 285.8 285.6 282.1 280.1 286.8 287 285.7 284.4 284.9 285.3 285.6 285.8 286.2 286.8 289.9 291.8 293.7 290.1 286.5 281.6 279.1 276.5 274.5 273.1 273.5 270.8 271.3 268.7 268.8 268.2 268.2 267.7 268.4 268.9 269.7 269.8 266.8 263.6 268.3 268.5 266.4 267.2 266.9 268.2 267.4 266.7 266.8 267.8 265.9 264 258.6 255.7 253 261.9 259.5 262 268.1
371.9 373.1 372.5 369.7 366.7 361.2 360.7 342 336.9 328.6 323.4 320.6 307.4 304.6 303 299.3 294.1 289.8 288.4 286.4 286.1 287.7 285.9 283 278.9 284.7 285 284.5 284.3 284.6 284.9 285.2 285.6 286.1 286.7 289.4 292.8 293.5 291.6 286.9 281.5 277.9 275.2 273.7 273.5 273.1 270.4 270 268.8 268.1 268.3 268.3 267.4 267.9 268.9 269.5 270.5 269.4 264.7 263.2 266.3 268.5 269.2 268.4 266.5 267.2 267.5 266.9 266.5 264.7 262.1 256.1 252.7 255.8 254.6 256.2 260.3 265.8
369.5 368 367.2 367.1 365.4 357.7 356 340.9 338.3 329.9 325.8 312.2 310.1 305.4 302.3 298.2 291.6 289.3 287 286.7 293.6 291.6 287 285.6 276.9 281.9 284.1 284 284.1 284.3 284.3 284.6 284.9 285.3 287.2 292.8 295.8 296 293.9 287.1 281.5 277.3 274.7 273.7 273.6 271.8 270.6 269.3 267.8 267.9 267.9 267.4 267.1 268.3 268.4 269.5 269.4 269.1 266.6 262.7 265.4 265.5 268.4 268.3 266.3 267.2 264.9 264.5 263 262.4 261.4 254.2 250.4 252.8 259 259 262.3 268.1
367.3 365.8 364.5 362.2 361.4 354.8 344.2 342.1 341.1 334 328.2 317 315.5 304.9 302 299.8 292.3 288.3 288.4 294.9 294.5 292.4 289.1 285.7 276.6 283 283.3 283.6 283.6 283.5 283.1 283.8 284.5 285 288.8 294.3 297.3 298.6 294.4 287.1 281.2 276.2 274.5 273.6 274.1 271.4 273.3 270 268.4 266.5 267.2 266.5 266.3 268.3 269 268.2 268.4 267.9 266.4 263.6 264.6 263.8 264.9 267.7 266.1 263.8 259.4 260.6 261.1 263.4 258.6 248.3 252.5 257.9 262.2 262.3 263.9 266.9
365.1 365 364.4 359.9 355.4 350.1 343.9 349.7 341.2 335.7 327.4 318.6 315.7 306.4 299.6 298.5 290.5 288.3 295.4 297.4 294.3 292.8 289.2 287.4 278.6 280.7 282.3 282.3 282.3 282.1 280.9 281.6 283.3 285.2 289.3 297 298.5 300.3 293.6 287.4 280.8 276.4 273.6 273 272.6 270.6 270.3 268.6 266.7 265.5 264.9 264.7 265.1 267.4 267.9 267.9 268 267.7 267 264 261.2 263.3 265.5 268.8 268.5 267.9 260.4 259 258.7 256 250.2 251.8 259.9 261.9 262.5 260.9 262.3 265.6
362.1 358.5 359.8 357.7 353.5 346.4 343.5 348.7 342.2 333.8 329.2 325.7 320.1 302 289.2 288.9 288.7 292.2 301.1 298.4 297.1 293.6 289.9 288 284.3 273.9 282.7 282.3 282.5 282.1 280.1 282.1 283.5 285.5 290.2 297.7 299.3 300.5 293.6 286.3 280.7 276.2 273.5 272.4 272 270.8 269.5 267.5 265.4 263.6 262.5 263 264.4 266.1 268.3 268.1 267.8 267.4 266.8 265.7 260.5 257.1 260.9 259 263.7 264.5 262.6 259.2 258.9 253.6 247 254.5 260.5 262.1 260.5 259.2 260.7 265.3
360.3 356.4 353 351.8 348.8 340.8 342.1 348.8 340.7 332.6 333.5 330.5 320.8 299 292.9 303.3 299.4 303.3 304.9 301.3 297.4 293.2 289.6 287.5 285.8 280.1 273 279.3 282.5 282.7 277.2 281.5 283.3 285.9 290.7 296 301.7 300.4 292.7 286.1 280.6 276 274.2 272.3 270.6 270.5 268 266.7 264.1 262.5 260.9 262 263.7 267 267.3 268.2 267.7 267.1 266.1 265.5 261.2 258.2 255.8 259.7 257.4 262.6 257.5 261.4 257.8 246.7 249.2 258.8 261.4 261.5 260.4 257.4 257.6 265.2
352.4 350 349.3 347.1 347.1 339.4 335.3 334.9 332.9 331.9 331.5 327.9 313.6 297.1 297.7 313.4 313.5 310.8 306 301.2 297.6 294.4 290.1 287.7 285.4 283.7 278.6 271.8 273.3 279.1 276.5 281.1 282.1 285.8 290.4 296.1 302.8 299.4 293.1 286.5 280.5 275.8 273.3 271.4 270.1 269.9 267.5 266 263.3 261.6 260.7 261.2 263.6 264.6 266.4 267.9 267.4 266.5 266.3 264.7 263.5 258.3 253 253.1 255.6 259.2 253.9 253.2 243.5 251.7 256.4 262 262.2 260.4 259.1 256.3 257 262.7
338.2 337.4 336.6 335.7 333.6 332 332.5 331.1 331 327.4 322.1 313.9 298.8 290.3 300.2 317 315.2 311.7 306.7 301.5 298.9 295.2 290.3 289 286.2 284.7 282.6 281.2 271 272 272.2 275.3 282.3 285.6 289.6 296.7 301.5 297.6 292 286 280.1 275.7 273.6 270.9 269.6 268.3 266.8 264.9 262.2 260.6 259.6 261.1 262.7 263.8 265.4 266.6 266.8 266.1 265.1 263.8 262.3 260.2 253.1 247.3 247.1 255.6 252.4 252.4 244 252.2 253.8 261.2 262.5 259.7 253.6 256 255.5 263.9
334.5 328.4 332.7 331 328.4 323.2 321.6 321.9 322.5 315.7 309.9 302.9 291.9 296.4 310.1 319.5 316.6 313.5 307.1 302.9 298.6 294.3 291 289.7 287 285.1 283.1 280.6 278.1 270.3 270.6 274.1 281.8 285.4 289.9 297.3 301.4 296.7 290.6 285.1 279.6 275.8 273.5 270.8 268.9 267.8 266.3 264.4 261.6 259.4 258.6 260.5 262.2 263.4 265 266.1 266.2 265.6 264.5 262.8 261.1 259.5 256.3 245.9 245.3 251.7 251.3 256.4 241.6 241.7 242.8 256.2 254.5 253.5 248.9 251.1 256 265.2
326.2 320.8 320.4 319.3 314.2 312 310.4 307.8 307.5 306.1 304.8 297.1 291.7 307.1 317 320.4 320.4 315.4 306.6 304.8 300.5 295.3 291.5 289.2 286.7 284.7 282.7 280.7 278.4 277.5 275.4 269.5 280.8 285.3 289.8 298.2 298.9 296.2 288.5 283.1 278.8 275.5 273 270.3 268.1 267.1 265.8 263.8 260.6 258.5 257.9 259.8 261.4 263.1 265.2 266.3 265.7 265.3 263.8 262 261 258 260.4 248.1 244.3 250.8 254.5 252.9 241.8 240.8 240 242.3 246.4 248.4 249.8 249.7 253.1 261.7
310.2 309.7 309.3 309.4 303.7 298.2 295.8 294.1 294.1 293.3 293.3 293.3 307.5 319.1 323.5 324.3 324.3 314.7 307.6 306 303.8 295.4 291.8 289 286.2 284.2 282.3 280.4 278.3 276.9 274.9 269.2 281.2 285.2 290.2 296.1 298.1 293.4 286 281.3 278.2 275 272.5 269.5 267 265.9 264.2 262.4 259.6 257.7 257.6 259.6 261.1 262.7 267.4 267.1 265.9 265.2 263.7 261.9 259.8 258.2 251.8 241.8 257.7 254.6 252.4 241.5 240.1 240.1 239.3 239.3 243.7 246.1 248.7 248.2 254.6 263.5
300.8 300.1 299 298.8 298.1 296.8 296 302.2 304.3 304.4 306.7 315 320.4 326.9 329.5 329.7 327.3 316.5 310.3 308.5 302 295.2 291.7 288.6 285.8 283.5 281.4 279.6 277 276.2 272 270.5 280.8 285.3 290.2 295.9 295.8 289.8 284.6 280.7 277.5 274.5 271.6 269 266.7 264.5 262.6 260.6 259.1 257.2 258.1 259.4 260.6 262.3 264.4 265.8 266.1 265.4 263.6 261.5 258.4 257.3 256.6 240.6 240.5 246 248.3 240.6 239.5 239.3 238.6 238.4 240.3 243.6 245.4 249 255 263.6
300.3 299.9 299.9 299.3 298.7 298.4 298.3 305 311.5 314.6 319.2 323.8 330.8 333.9 332.9 333.7 328.5 317.2 311.1 311 303.5 296.3 291.8 288.4 285.7 282.5 281 279.2 278.1 274.3 267.8 273.5 279.9 284.7 289.7 294.6 292.3 287.4 283.6 279.8 276.4 273.5 271.2 268.7 266.4 264.1 261.2 259.4 258.3 256.9 258 258.9 259.9 261.5 263.2 264.4 264.4 264 263.2 260.7 258 255 257 240.3 239.6 240.1 249.6 240.4 238.8 238.5 238 238.1 239 242.2 244.1 247.5 254 262.3
300.7 300.5 300.6 300.2 300.3 302.6 305.2 306.2 311.8 316.3 322 327.9 336.2 337.4 337.5 337.4 328.7 318.2 311.5 309.4 304.5 297.4 292.9 288.9 284.6 281.8 279.7 279 277.1 271.3 267.5 275.3 280.1 284.2 288.8 292 290.4 286.2 282.4 278.8 275.9 272.7 270.4 268.3 265.8 263.3 260.2 258.9 257.7 256 257.9 258.7 259.6 261.2 262.6 263.5 262.9 262.2 261.3 259.9 256.4 255.3 255.8 243.8 239.7 238.9 239.1 238.8 238.4 238 237.5 238.2 239 240.7 243.6 249.1 256.8 262.2
301.1 303 302.1 301.8 302.7 306 306.3 307.5 313.3 319.1 324.9 332 336.2 339.3 339 339.4 330.7 318.3 311.1 307.9 303.4 298.5 293.2 289.4 285.9 282.6 279.5 278.7 276.9 270.4 267.2 276.4 280.2 284 288.8 290.3 287.9 284.7 281.3 278.1 275.3 272.4 270 267.4 264.7 262.6 259.4 258.2 256.6 255.8 257.6 258.5 259.3 260.7 262 262.8 262.2 261.3 259.8 257.6 253.1 250 243.9 239.2 238.5 238.2 238.3 238.3 238.1 237.7 237.1 237.9 238.8 241.5 246 252.8 258 263.4
303.1 306.5 304.9 304 305.6 307.4 307.4 308.9 312.9 318.5 324.4 331.3 337.2 340.2 338.6 339.3 330.3 316 311.4 308.5 303.2 298.2 293.7 289.6 286.1 282.8 280.2 278.7 276.7 268.7 266.5 273.4 280 283.9 287.4 288.6 285.8 282.9 280 277.1 274.3 271.7 269 266.5 264.2 261.9 259 257.1 255.1 255.7 257 257.8 258.9 260.5 262 261.5 260.5 259.7 257.6 252.9 249.8 246.5 241.1 238.6 237.8 237.3 237.7 237.7 237.6 237.2 236.7 237.4 238.4 243.3 246.1 250.7 256.8 263.2
305.9 308.1 307.6 306.3 307.9 309.2 309 309 312 317 323.1 331.2 334.5 339.7 339.1 334.9 324.6 315.7 312.1 307.2 302.6 297.3 292.9 289.4 286 282.7 280.2 278.3 276.4 270.8 265.8 274.5 279.2 282.8 286 286.7 284.7 281.8 278.9 276.2 273.6 270.9 268.3 265.9 263.6 260.9 257.9 256.3 253.9 255.4 256.5 257.3 258.5 259.9 260.9 260.8 259.6 258.6 253.9 251.8 247.4 243.7 239.1 238.1 237.4 237 237 237.2 237.2 236.5 236.3 236.8 239.1 243.7 245 249.2 254 262.7
307.6 310.4 309.9 309.2 309.7 310.8 310.8 309.7 311.7 316.9 324.7 329.7 332.4 335.2 333.2 330.1 321 316.5 313.8 308.4 302.1 297.1 292.5 289.4 285.9 282.6 280 277.8 275.9 273.9 266.4 269.5 277.8 281.5 284.5 285.1 283.5 281.3 278.5 275.9 273.1 270.3 267.7 265.5 262.9 259.8 256.6 255.6 252.9 255.1 255.9 256.7 258.1 259.2 259.9 259.8 258.4 255.3 252.9 249.4 245.9 242.5 242.8 237.9 237.1 236.6 237 236.3 236.5 236 235.9 236.4 237.9 242.4 243.7 247.8 254.2 259.7
308.7 311.7 311.6 311.7 312.5 311.3 311.3 310.9 312.1 316.4 325 329.3 331.1 331.2 332.3 327.9 318.9 316.8 315.3 308.1 302.9 298 292.6 289.4 285.8 282.7 280 277.7 275.7 274.7 269.4 265.2 274.4 280.2 282.7 283.6 282.5 280.4 278.1 275.5 272.5 269.6 267.2 264.9 261.8 258.7 256.1 255 252.2 254.2 255.3 256.2 258 258.7 258.9 258.7 257.5 254.2 249.7 247.7 244.4 242.1 240.1 237.9 236.5 236.4 235.8 235 235.8 235.6 235.4 235.8 236.4 243.3 243 246.7 254.5 260.8
310.2 311.8 312.2 312.9 313.6 311.7 312.4 311.6 312.1 316.3 323.8 327.9 327.1 327.2 329.6 323.4 317.9 316.8 314.5 307.4 302.9 298 293.2 289.5 286.1 283 280.3 277.7 275.4 273.7 269.4 265.8 273.1 278.9 281.5 282.3 281.3 279.5 277.3 274.7 271.8 269.1 266.6 264.4 261.5 258.3 255.6 254.3 252.2 253.1 253.8 255.5 257.1 257.8 257.9 256.6 253.9 250.4 247.4 244.7 243.2 244.1 239.1 237.8 236.7 236 235.7 235.5 235.6 235.5 235.4 235.4 236.2 238.4 242.4 247.7 253.9 261
311.4 311.7 312.3 313.5 313.1 312.8 312.6 312.1 313.2 316 318.8 322.4 322.2 323 323.5 320.1 316.5 316.1 314.1 307.4 302.6 297.9 293.2 289.9 286.4 283.2 280.4 277.8 275.3 272.5 266 264.7 270.7 277.8 280.1 280.9 280 278.3 276.3 273.7 271 268.4 265.8 263.2 260.8 257.8 255 253.5 251.6 252.3 252.9 255.1 256.2 256.7 256 253.1 251.6 250.2 245.8 243.9 243.2 245.5 238.3 237.6 236.8 236 236.3 236 237.7 243.6 235.3 235 235.6 237.6 241.8 247.2 252.7 259.9
311.7 311.6 312.6 313.8 313.3 313 313.1 312.6 312.5 314.3 315.7 317.2 317.9 318.5 318.5 316.1 314.9 315 312.6 306.9 302.4 297.4 293.6 290.3 286.9 283.5 280.5 277.9 275.4 268.4 264.3 265 271.6 277 279.1 279.3 278.2 276.8 275 272.6 270 267.5 264.9 262 259.5 256.9 254.2 252.7 251.3 251 252.4 254.3 255.5 255.6 252.8 250.8 250 247.4 244.9 242.1 242.4 242.1 237.7 237.2 236.4 236.4 237.1 244.2 248.8 246.6 236.3 234.9 235 236.9 241 247.7 252.6 259.7
