Game/Highland_Data/StreamingAssets/GeoData/Data/nj/NJ00.asc
ncols 200
nrows 200
xllcorner 300000
yllcorner 800000
cellsize 50
[rows 102 to 135 of 200, columns 77 to 153 of 200]
934.9 928.8 918.7 897 889 891.5 896.9 896.6 894.6 878.3 845.4 815.4 788.1 762.7 741.1 731.1 726.8 727.2 730.2 735.9 747.5 758.1 770.9 782.7 793.9 798.7 802.5 807 815.6 824.8 832.6 839.8 845.9 851.4 854.7 857.6 860 863.8 868.1 872.6 874 870.8 867.7 866 865.2 860.6 860.4 854.8 845.9 829.3 811 792.4 777.9 766.2 758.3 751.1 741.6 733.1 725.6 719.4 714.3 709.8 705.2 700.1 694.4 682.6 652.9 629.7 615.7 610.1 603.3 601.8 600.9 601.7 602.6 601.5 601.8
940.2 933.3 925.1 909.8 886.2 881 883 885.4 881.1 859.6 830.9 804 776.9 752.6 733.9 726.8 726.8 727.7 733.3 743.8 758.7 772.2 784 793.9 800.8 803.8 807.6 813 820.8 829.3 835.8 841.7 849.2 856.6 861.6 866.3 868.4 873.1 872.6 871.4 869.9 866.8 862.9 862.2 864.3 862.6 860.9 853.5 844.1 828.2 809.9 791.6 774.4 765.6 757.5 749.4 736.6 730.8 723.7 717 712.3 707.5 703.5 698.7 687.9 665.2 641.6 618.9 610.6 605.9 602.2 602.7 602.6 602.7 602.7 602.4 604.9
941.7 935.7 927.9 915.3 896.6 879.4 874.7 872.9 868.6 840.9 814.5 788.9 764.7 741.5 729.2 726.8 726.7 730.7 738.5 752.3 770.1 783.4 792.8 799.8 805.1 808.3 812.5 819.4 827 833 838.3 843.9 852.1 859.8 865 872.2 878.4 886.5 888.1 873.9 866.8 862.6 857.4 856.8 859.2 861.8 860 851.5 840.5 825.4 805.5 787.7 772.5 763.8 754.9 743.8 735.4 727 719.7 715.6 710.7 706.3 702.5 693.9 673.6 653 629.3 613.8 607.8 605 603.7 603.2 603.3 603 602.8 602.8 614.3
941.7 936.3 927 916.2 903.8 882.1 868.3 858.9 854.3 823.4 796.9 773.8 752.5 734.8 726.7 726.8 728.2 732.6 747.7 764.1 780.2 790.7 798.4 802.6 808.8 812.5 817.8 824.1 830.6 835.6 841.4 845.9 854.2 860.5 865 870.8 876.5 881.1 879.7 871.7 864.5 855.9 853.2 853.2 854.8 857.9 857.3 848.9 837.8 821.2 801.5 783.6 768.6 761.1 750 740.4 733.1 724.6 719.3 714.8 710 705.2 700.2 684.7 664.2 642.7 622.9 612 606.4 604.6 604.2 603.7 603.8 603.4 603.5 605.8 620.7
941 935.1 925.6 913.6 901.4 878.3 863.3 850.1 840.3 807.6 779.8 758.8 740.1 729.3 726.8 726.9 732 739.9 757.3 772.6 785.3 794.2 800.5 805.9 810.5 816.2 822 828.6 834 838.2 844.9 848.8 853 859.6 863.1 866.6 869.7 871.6 869.4 862.8 855.2 850.2 849.5 849.7 850.8 853.7 853.6 845.7 833.5 818.7 796.6 778.9 766.3 757 745 739.5 730 725 721.1 716.7 712.3 706.8 697.2 680.5 658.6 633.7 617.6 608.3 606.2 604.7 604.6 603.4 604.3 604.2 604.5 608.5 624.9
941.7 934.5 925.3 911 896.9 872.8 856.7 842.9 820.9 794.7 764.4 745.3 733.3 727 726.6 727.5 732.8 747.6 764.6 777.7 789 795.2 801.2 807.4 813.1 818.5 826.5 834.7 842.9 851.4 854.9 852.9 861 858.9 860.6 862.9 863.4 862 858.6 853 847.3 845.4 845.5 846.1 847.3 849.3 848.3 841.8 830.7 814.1 791.6 774.8 762.4 750.6 742.6 736.3 730.3 726.8 722.2 718.6 715.3 708.8 696.3 672.9 650.2 631.9 613.5 607.7 606.5 605.1 605.3 604.9 605.9 606.6 605 615 635.1
940.8 932.2 921.2 907.1 890.1 868.8 850.3 832 806 771.2 750.5 736.8 728.9 726 725.3 729.1 736.9 753 768 779.7 788.5 795.2 801.2 806 815.4 822.5 830.9 841.2 853.2 861.2 865 866.3 867.7 865 859.3 859 857.8 853.5 849 844.7 840.5 840.3 840.8 841.7 842.6 843.5 842.4 837.2 826.9 809.1 789.5 772.4 758.2 748.5 740.9 735.2 730.4 727.3 724.2 721.8 718 709 692.1 666.3 643.3 627 611.3 607.3 605.8 606.5 604.2 605.3 612.7 612.2 606.4 622.3 644.3
938.4 928.9 917.4 902.3 885.2 863.8 839.7 817.9 792.5 766.4 742.7 731.9 727.5 724.7 724.8 730 743 757.6 771.2 779 787 794.4 800.5 806.9 814.9 824.5 834.2 846.2 857.6 865.5 866.5 872.7 871 860.5 857.6 855.3 851.1 847.3 842 836.2 835.3 835.1 835.3 836.6 837.5 838.5 837.7 833.2 823.1 804 790.7 771.1 756 747.1 739.6 734.8 730.3 726.3 724.5 721.9 718.6 705.7 686.3 660.8 637.9 620.5 609 607.6 607.5 607 605.2 606 609.8 607.2 611.2 631.4 649.1
935.3 925.9 913.5 897.9 880.5 856.5 828.4 804.6 782.2 757.5 737.1 729.8 726.6 724.7 725 732.8 747.3 760.1 771.1 778.9 786.1 794.1 799.7 807.4 814.8 825.1 836.4 849 859.1 866.2 869.7 870.4 870.2 858.6 854.5 850.6 845 840.6 836.5 833.6 831.9 830.4 830 831.5 832.4 832.6 831.5 828.3 819 802.8 787 769.2 754.4 745.4 737.9 733.1 728 724.4 720.3 717.5 713.7 700.9 679.2 653.4 631.8 611.1 608.4 607.9 608.2 607.3 605.2 609.1 608.3 608.4 618.7 639.4 653.1
933.6 922.5 910.1 894.6 872.7 842.6 817.1 792.7 770.5 749.8 732.1 726.7 723.8 723.4 726.8 737 751.4 760.8 771.3 778.4 785.8 793.3 798.5 806.6 816.3 825.6 837.6 848.1 857 863.7 867.2 867.9 864.7 856.6 853 846.3 840.4 837.2 833.3 829.8 827.2 824.4 824.7 826.5 827.1 827.1 825.8 822.2 815.7 805.8 783.7 765.5 752.6 743.3 735.7 730.2 725 720.6 716.3 712.2 708.2 693.9 669.1 644.6 625.4 610.3 609.6 609.3 609.1 607.9 605.9 608.9 608.8 610.7 621.7 640.9 655
932.8 919.9 906.2 890.1 860.5 832.5 806.3 781.6 758.7 740 729.5 722.9 723.1 723.1 727.6 739.8 752.3 762.2 771.4 777.9 784.5 791.7 798.1 806.2 817.3 826.5 837.4 846.6 853.7 858.1 860.6 861.3 857.1 853.7 849.1 843.2 837.4 834.1 830.3 825.9 822.3 820.3 819.8 820.6 820.7 821.2 819.3 816.3 810.5 801.8 780.2 762.8 749.7 739.9 732.8 727.1 721.6 717 712.8 707.9 702.5 684.5 659.1 636.9 620.9 610.9 610.7 610.4 609.5 607.6 606.3 609.3 610.9 614.2 629.4 644.8 654.1
932.4 919.1 904 887.4 852.8 824.3 796.8 771 750.6 734.6 727.4 725.7 720.9 724.5 731.6 743.4 752.6 762.7 771.3 776.9 783.1 789.7 797 805.2 816.6 827.7 836.3 844.2 849.3 853.6 853.6 853.3 851.6 849.8 846.9 842 835.8 830.8 826.6 820.9 818 815.9 814 813.8 814.1 814.6 813.2 809.6 803.9 794.6 775.8 756.6 744.8 735.1 729.3 723.8 718.4 713.6 707.7 702 693.6 675.4 649.3 629.8 614.9 611.2 611.4 611 610.1 609 606.7 610.1 612.4 618.5 632.1 648.7 659.1
930.4 919.3 903.1 880.4 846.2 817.9 786.8 764.3 742.3 731.7 726.5 723.6 719.2 727.8 735.1 745.3 754.7 764.3 771.4 777.1 783.3 789.1 796.7 804.5 816.8 827.3 834.8 841.4 845.3 848.6 849.1 849.4 848.3 847.5 844.9 840.2 832.3 827.1 822 816.1 811.7 807.6 806.5 807.7 808.2 807.5 805.3 801.6 796.3 786.1 768.4 752.1 740.1 731.6 726.3 720.5 714.3 708.3 700.6 693.7 683.9 665.3 641 623.6 613.6 612.4 612.2 611.4 610.5 609.6 607.1 611 615.9 623.3 641.8 653 656.7
925.9 915.3 901.6 874.8 839.3 807.2 780 756.4 736.9 728.1 725.8 719.8 723.2 730.7 739.3 748 757.9 764.1 771.7 777.2 783.3 789.5 795.4 805.2 816.1 825.4 832.7 837.8 841.5 844.3 845.9 846 845.9 845.2 842.4 837.3 829.9 822.8 814.3 808.6 803.8 799 797.4 798.6 799.5 799.6 796.8 792.5 786.5 776.8 760.8 747.3 735.4 727.8 721.6 715.5 708.8 702.4 694.8 684.8 669.8 651.1 631.1 616.7 613.3 613.2 612.7 612 611.2 610.7 607.6 613.7 620 630.4 648.6 658 665
917.9 907.6 895.2 866.2 831 797.1 770.8 747.8 731.1 725.1 722 719 725.9 734.4 743.3 752.4 761 766.3 772.9 778.1 783.1 789 796.1 805.4 814.3 822.3 829.7 834.8 838.3 840.8 842.6 843.5 843.6 842.9 840.5 834.7 828.3 818.4 807.6 801.9 795.6 791.6 789.3 789.3 790.4 790.8 788.8 784.6 779.1 767.9 753.4 741.2 730.8 722.4 716.4 710.4 702.9 694.4 686.3 674.2 657.6 637.1 621.5 615.3 614.2 613.9 613.2 612.5 611.7 610.7 608.1 617.2 624.9 641.3 652.9 660.4 670.3
911.4 899.7 886.3 855.6 822.5 788.8 761.6 739.9 727.5 720.9 720.5 720.1 728.3 737.9 746.9 755.6 763.7 769.8 774.5 779.5 784 789.3 797.5 804.7 812.6 819.5 825.4 830.6 834.5 836.8 839.2 840.8 841.2 840.4 839.2 833.5 827.8 816.8 804.2 797.8 790.9 784.1 779.8 780.4 782.4 783.3 780.9 777.5 770.9 760 747.2 734.4 724.5 716.4 710.4 704 696.5 687 674.3 660.7 643.4 624.6 617.6 615.7 614.9 615.1 613.7 612.8 611.9 611.6 608.8 620.8 630.5 647.1 659.9 667.9 669.1
904.3 891.8 876.1 846.1 811.5 780 753.1 733.1 724.4 722.1 718 723.1 731.7 741.7 750.4 759.3 765.7 771.2 776.8 781.7 786.3 791.2 797 804 810.1 816.4 821.9 826 829.7 833 835.1 837.1 838.5 838.3 837.7 837.2 830.6 820.9 807.8 793.1 785.5 778.5 774.4 774.3 775.7 776.6 774.8 771.3 763.3 751.8 740 727.8 717.8 710.1 703.2 695.7 683.8 671.9 658.2 643.4 626.2 619.8 615.3 616 615.6 615 613.5 612.8 612.6 611.9 609.6 627.8 637.9 651.9 662.2 670.2 675.7
897.3 883.5 865 833.4 798.7 770.5 746 728.3 722 722.3 714.8 725.7 736.2 746.1 754.7 762.9 768.2 774.6 779.3 784.1 788.7 794.4 799.9 803.6 808.2 813.3 818.5 822.2 825 828.5 831.2 832.7 834.6 835.1 834.9 834.6 834.6 821.7 804.8 790 780.3 774.4 772.1 771.4 772 771.6 769.5 765.3 756.7 745.3 734.4 723 712.3 702.5 695 682.9 669 654.7 638.9 625.7 618.8 617.4 616.1 615.8 615.4 615.3 613 612.4 613.5 610.4 610.3 627.6 642.2 656.2 665.3 674.1 680.5
891.4 876.6 852.1 817.8 788.6 761.7 740.2 727.4 719.8 717.4 715.5 728.8 739.4 748.5 756.2 763.9 769.7 777.7 782.2 786.7 791.2 798.1 802.3 804.4 807.8 811.6 815.1 817.8 820.6 823.3 825.4 826.6 828.2 830.1 830.5 830.8 830.7 825.2 807.6 791.2 779 773.7 770.7 769.9 769 768.4 764.3 760.1 751.5 741.2 729.5 717.1 704.6 694.2 682.3 668 653.4 638 623.3 619.3 618.6 617.3 616.7 615.4 616 613.9 613.5 611.6 611 610.5 612 631.8 649.2 662.4 670.7 679.1 686.7
885.5 867.9 837.2 808 780 754.2 735.2 723.9 718 714.6 717.4 728.8 741.1 749.8 757.4 764 771.8 779.5 785.4 790.5 795.5 802.5 805.6 806.6 806.5 809.3 812.1 814.6 816.6 818.9 820.5 821.6 822.8 824 824 823.6 824.1 822.9 809.2 793 781.3 774.5 771.2 769.1 767.7 764.9 760.9 753.3 745.9 736 723.7 710.6 696.6 684.3 668.9 652.2 636.2 623.3 620.7 619.8 619.4 617.5 616.7 614.6 614.5 614 613.8 614.3 614.7 613.6 618.1 639.1 653.2 663.9 675.1 684.8 693.5
877.8 854 824.5 796 771 746.7 730.6 721.5 716.4 710.9 718.9 728.9 741 749.6 757.9 766 773.9 780.9 788.3 793.6 800.9 806.4 807.7 806.5 804 807.5 808.7 809.1 810.8 812.2 813.9 815.2 816.1 816.1 816.7 816.8 816.2 814.5 807.5 793.9 784.8 776.4 772.1 770.1 767.3 762.8 757.2 748.9 741.5 729.6 715.5 701.7 687.4 672.3 653.5 636.8 624.4 621.8 621.1 620.4 618.4 617.5 616.2 615.5 616.1 615.6 615.2 616 616.2 616.8 623.9 645.6 657.9 667.3 680.1 691.6 702.1
863.9 841.1 810.8 783.6 761 740.1 727.8 725.1 712 709.6 719 731.9 740.8 749.9 758.8 766.9 775.7 783.4 790.9 797.6 805.7 808.5 809.6 806 804.6 805.6 805 804.7 806 806.9 808 808.5 808.9 808.7 809.3 809.5 808.4 805.8 800.8 793.6 785.2 778.6 773.5 770.5 766.8 761.5 756 743.7 732.1 720.4 705.5 689.8 674.5 658 640 624.1 622.5 621.9 621.1 620.1 618.6 617.2 615.8 616.2 617.4 616.5 616.8 617.5 616.9 620.2 634.2 651.6 662.4 674.2 687.3 699.5 718.3
849.5 825.3 796.3 770.5 749.8 734.6 722.8 720.5 711 711.6 720.3 731.9 739 749.9 759 768.2 776.5 784.5 792 802.5 808.3 809.9 808.5 805.7 803.7 803.3 802.1 800.7 800.4 801.1 802.1 802.3 802 802.5 802.9 803.5 802.2 799.1 795.7 790.1 785.1 779 774.1 771.7 766.3 760.3 753.2 743 728.9 711.8 692.4 678.7 661.8 642.9 626.6 624 623.2 621.8 621.2 619.5 617.3 617.4 616.7 619 618.3 618.5 619 619.1 619.1 625.1 639.8 653.6 668 681.9 695.3 710.2 729
831.1 806.8 781.4 758 738.5 728.5 721.3 716 711.4 711.4 720.2 731.9 739.3 749.1 759.2 768 776.6 785.3 793.8 806.1 809.1 809.6 807.1 804.3 803 801.1 798.5 796.8 795.6 795.5 796.2 796.5 796.8 796.8 796.7 796.9 795.9 793.2 790.4 786.1 781.8 776.4 773.9 770.7 764.7 757.7 750 739.4 724.2 706.2 689.1 667.8 644.6 631.3 626.1 624.4 620.8 621.8 620.7 620.3 619.5 618.9 618.7 619.7 619.8 620.4 621 620.4 621 630.4 644 659.8 675.7 690.9 705.7 730.5 735.8
812.1 786.8 765 744.7 730.1 720.7 723 711.2 709.5 708.9 720.3 731.5 739.4 747.6 758 767.7 777.3 784.8 796.9 806.4 808.9 808.2 807.1 806.2 801.8 800 797 793.7 791.6 790.5 789.3 789.7 790.2 790.2 790.2 788.8 788.2 786.3 783.9 781.1 777.6 773.6 770.8 768 761.2 754.7 746.7 734.1 715.5 698 678.9 652.7 635.7 629 624.8 623.6 623.1 622.1 620.3 619 625.4 621.8 622.8 624.7 621.3 621.5 622.3 622.1 624.9 635.9 654.9 670.3 687.5 706.8 722.7 742.1 744.9
788.9 766.9 747.4 733.9 722.7 712.7 704.1 707.9 705.5 707.3 720.2 731 739.9 746.3 756.4 765.6 776.4 785.9 798.9 806.2 809.6 808.2 808.4 807.5 801.7 798.3 794.8 791.4 788.1 786.2 783.9 782.7 782.7 781.4 780.9 780.3 778.4 776.6 774.4 772.2 769.7 766.1 764.5 762.3 758.3 750.2 740.4 724.9 706.6 687.5 664.2 643.5 628.5 623.9 625.1 624.3 622.2 620.8 620.2 620.2 629.7 632.4 632.4 627.6 622.8 623.7 623.9 624.5 628.9 639.9 660.6 678.5 696.7 722.5 736.9 744.4 754.4
766.6 748.1 734.3 722.1 710 709.4 704.1 702.3 704.8 707.9 719.4 730.1 739 745.3 754.4 763.4 776.2 787.6 798.6 804.5 807.8 808.6 809.4 806.3 801.1 797.3 793 788.7 784 780.8 777.8 775.6 774.3 773.4 772.1 770.3 770.1 767.4 764.1 761.5 758.4 755.5 755.9 756 752 744.7 730.5 712.9 694.5 675.4 655.1 637.1 626.5 626.2 625.3 623.2 622.1 620.8 620.8 632.3 637 643 640.5 631.3 625.8 624.2 625.3 625.7 630.9 645.2 664 686.4 709.8 729.5 742 749.4 755.5
739.6 727.1 716.7 707.1 705.7 706.9 702.3 700.9 699.1 705.6 718.4 728.9 737.4 744 752.7 762.6 776.9 787.5 797 803 807.2 809.4 809.2 806.1 799.1 793.4 789.3 784.8 779.3 774.5 768.2 764.9 763.5 762.8 760.2 758.9 756.2 753.4 751.4 749.2 747.3 744.2 746.7 748.9 745.7 734.1 716.8 698.2 679.1 660.6 641.5 628.3 625.6 626 624.5 623.7 623.1 622.5 636.4 641.2 650.3 658.1 648.3 638.1 630.1 626.9 626.5 627.4 632.4 646.6 668.1 692.4 718.6 733.3 741.6 748.7 755.6
716.9 709.8 704.3 701 701.8 702.7 704.1 701.8 699 704.1 715.8 726 734.5 741.8 751.3 762.1 775.6 784.7 792.1 800.4 808.3 810.5 808.9 804.6 797 790.2 785.3 779.7 771.9 765.4 757 751.8 748.1 744.9 741.9 738.6 733.8 734.4 734.6 733.5 733.1 734.3 738.1 739 733.2 719 701.5 681.7 663 644.4 630.2 627.3 627.3 627.1 626.4 624.6 624.8 636.3 648.2 654.4 667.6 672.4 660.2 645.9 635.3 630.6 629 629.8 633.2 643.8 667.8 699.1 719.9 730.6 738.5 747.6 754.7
699.4 695.7 698.3 697.5 697.3 697.7 697.5 697.3 699.6 702.2 713.8 722.3 730.6 737.9 749.6 761.8 772.1 779.9 787.1 798.8 807.6 809.4 806.1 800.3 793.9 785.7 778.5 768.5 757.8 749.1 739 729.8 724.9 722.1 717.2 712.8 709.4 713.3 715.9 715.6 715.7 722.9 727.1 725.1 715 701.5 682.5 663.8 646.7 631.1 628.7 628.7 628.2 628.5 626.5 628.6 638.2 652.2 662.6 672.4 684.1 683.6 670 652.3 641.5 635.1 631.2 630.5 634.7 644.1 664.8 696.5 715.8 726.4 734.7 743.9 752.6
694 693.6 693 694.9 697.5 697.2 695.1 696.9 694.3 698.7 708.7 716.8 725.1 732.5 744.2 756.9 766.9 774.2 781.9 795.6 803.3 803.6 799.9 792.5 782.3 772.5 762.4 752.6 740.7 730 717.9 705.3 697.6 693.2 688.9 681.4 677.8 680.6 686 689.3 698.8 709.6 711.8 707.2 694.9 680.9 664.1 645.6 632.4 629.9 630.1 632.2 630 631.3 632.7 637.3 652.2 667.6 680.7 692.3 700.9 694.1 677 659.7 649.5 639.2 634.6 635 635.7 643.4 660.2 687.7 707.7 719.5 729.6 741 750.9
691.7 691.9 693 692.9 694.7 694.8 694.6 698.3 694.8 694.1 705.3 708.7 714 724 734.7 747.1 759.1 766.3 776.5 789.9 795.8 795.6 791.6 780.7 770.3 756.9 744.8 731.8 720 707.7 693.5 682 670.6 665.8 658.7 650 644.7 649.9 651.9 655.1 674.9 688.7 688.1 682 671.8 659.4 644.8 633.6 630.8 629.9 632 633.5 633.8 637.5 642.4 650.9 667.7 683.7 699.7 716.5 714.5 705.1 687.5 669.2 655.2 645.1 638.5 638.6 638.8 642.3 657.1 678.7 697.5 711.6 725.7 738.6 749
691.8 691.6 691.3 693.1 691 694.2 692.5 691.9 693.5 688.3 695.1 702.9 708.8 713.3 723.3 732.9 746.3 757.3 766.5 777.6 781.7 779.9 773.7 764.1 751 736.9 723.5 709.7 696.6 683.9 671.8 664 656.3 650.5 647.6 657.8 651.1 645.2 645.3 640.4 641.8 652.6 658.2 654 645.9 636.7 632.3 632.4 631 635.4 638.4 641.8 642.2 646.4 654.2 665.7 684.3 702.5 721 732.4 728.8 716.9 699.3 680.5 662.8 651.2 643.1 642.6 642.7 642 655 670.6 689.2 705.5 721.3 734.4 747.6
691.5 690 690.5 690.8 689.4 689.5 691.1 689.1 688.5 685.1 689.8 696.5 699.9 700.8 708.5 717.3 728.4 741 752.9 758.3 760 757.8 749.5 739 726.5 715.9 703.4 691.9 681.6 668.9 660.1 652.2 649.5 664 667.6 669.2 663.8 664.4 646 644 639.5 636.3 635.1 634.3 633.8 634.3 632.7 634.2 643.3 642.4 644.4 648.4 650 656.6 664.6 683.6 699.9 720.1 736.3 744.9 743.3 728.2 711.7 691.3 672.5 658.9 650.7 646.5 645.6 644.9 650.7 665.6 682.1 699.1 715.2 729.8 744.9
