Game/Highland_Data/StreamingAssets/GeoData/Data/nj/NJ04.asc
ncols 200
nrows 200
xllcorner 300000
yllcorner 840000
cellsize 50
[rows 105 to 139 of 200, columns 78 to 155 of 200]
240.2 241.7 243.1 244.6 246.6 249.7 252.2 254 256.3 258.8 261.8 263.3 264.1 263.9 263.7 263.6 262.3 260.9 261.2 260.7 259.2 259.6 261.3 264.7 266.8 267.6 267.5 266.9 267.7 269 269 269 269.4 269.6 269.1 268.7 267.8 267.3 266.7 265.8 266.6 267 266.2 265.7 265.7 266.3 266.3 266.4 267.4 267.3 270 269.2 273.3 274.6 277.1 277.9 280.7 284.5 285.3 286.2 289.3 292.4 293.9 296.3 301.3 306.7 314 323.6 328.7 330.9 334.1 337.8 341.3 345.1 349 352.3 356.2 362.6
239.8 241.4 242.9 244.6 247.4 250.4 253.4 256.3 258.8 261.3 264.3 266.8 267.7 267.6 267.3 266.4 264.9 263.5 263.7 263.7 263.5 264.1 265.1 266.7 267.5 268.4 269.2 270.1 273 274.8 276 276.3 277 276.5 273.8 271.7 270.6 270.8 272.6 271.4 271.3 272.1 270.9 269.1 269 269.4 270.7 267.7 269.3 269.1 271.8 274.3 276 275.2 279.6 283.4 286.8 289.6 290.4 288.8 289.4 290.9 295.6 298.6 302.2 301.8 308.3 309.7 314.1 319 323.8 328.7 331.9 336.8 341.5 344.6 346.9 354.3
239 241.2 242.9 245.8 248.8 251.7 254.7 257.7 260.4 263.8 267.6 269.8 270.7 271.5 270.9 269.6 268 266 266 266.2 266.4 264.8 266.7 267.8 268.6 269.5 271.5 273.9 276.1 278 279.8 280.6 280.9 279.9 277.7 275.2 276.8 278.3 279.3 279.2 278.9 277 275.3 273.8 272.4 272 272.2 271.1 271.7 272.9 274.9 276.5 280.1 278.5 278.6 286.6 288.6 290.5 292.6 294.1 295.1 295.9 297.4 299.6 302.8 305.8 309.3 318.5 314.9 316.9 316.9 319.9 323.5 326.6 332.8 338.8 342.9 346.6
238.1 241.5 243.6 246.8 250.1 253.1 256.1 259.1 261.8 265.6 269.1 272 273.9 274.2 273.4 271.9 270.3 268.3 268.3 268.7 269 268.2 267.6 269.7 272 273.6 275.1 277 278.7 280.5 282.2 283.1 283.3 281.9 280.1 278.8 280.3 283.2 285.6 285.5 285.2 284.3 282.1 279.8 277.4 275.9 274.6 273.9 274.3 275.5 277.7 279.3 280.5 282.3 280.3 287 290 292.3 295 297.8 298.6 299.1 301.1 302.8 304.6 306.4 309.6 319.2 318.2 318.5 320.5 321.2 322.1 323.6 326.1 331.7 338.2 341.3
237.6 241.5 244.6 247.7 251.1 254.5 257.4 260.4 263.5 267.1 270.4 273.6 275.6 275.8 274.6 273.5 272 270.3 270.1 270.5 270.7 269.8 270.4 272.2 273.6 275 276.4 278.8 281 282.7 284.3 285.5 285.6 285.2 283.4 281.8 282.7 285.4 288.6 290.7 291.3 291.1 290.1 288.4 286.1 284.5 282.2 280.9 280.6 280.3 282 283.6 284.5 285.5 285 284.3 291.8 294.8 297.6 300.5 302.2 303.4 308.7 312.6 316 319.8 321.8 322.2 320.3 322.5 323.5 324.1 325 325.4 326.7 337.3 342.1 344.7
236.8 241.1 245.5 248.7 252.1 255.5 258.8 261.8 265.2 268.4 271.6 274.8 276.1 276.5 276 275 273.8 272.1 271.4 271.7 271.9 271 271.9 273.3 274 275.4 279 281.3 282.8 284.9 285.8 287.2 287.6 286.6 284.5 285.3 287.4 289.5 292.5 295.2 296.4 296.9 296.8 295.6 293.9 292.6 290.3 288.7 288.3 287.8 289.5 290.2 288.9 289.6 290.4 286.2 293.4 297.4 300.4 303.2 305.3 310.8 315.4 320.7 324.7 327 329.8 330.7 328.9 328.7 331.2 331.5 332.1 333 329.4 336.9 341.3 342.6
235.4 240.8 245.2 249.6 253 256.4 259.8 263.2 266.4 269.7 273 275.3 276.3 276.5 275.8 275.2 275.3 273.7 272.6 272.8 273 273 273.3 274.4 274.8 275.8 279.8 281.5 283.6 286.2 288.8 289.4 289.5 289.3 288.5 290.3 293.6 295.7 297.4 299.6 301 301.4 301.5 301.4 300.8 300.2 299.2 297.9 296.5 296.2 297.2 295.7 294.4 295.3 296.4 289.7 297 300.4 303.7 307.9 313.2 319 323.6 327.7 331.4 334.2 335.8 338.1 338.5 337.1 337.6 338 335.6 336.1 333.3 336 338.2 342.2
235.3 241.1 245.9 250.5 253.9 257.1 260.3 263.6 267.4 271.2 273.9 275.4 276.2 275.9 275.9 276.5 277 274.8 273.8 273.8 274 274.1 273.6 274.9 275.4 276.2 279.9 282.5 285.5 288 290.2 290.9 291.9 292 292.5 293.1 295.8 297.9 300 302.4 303.9 304.9 305 304.9 304.3 304.5 304.6 304.9 303.8 303.3 302.9 301.3 299.9 300.5 298 291.1 300.7 304.6 308.6 312.4 317.5 324.4 329.1 334.1 337.9 341 344 344.6 344.7 343.8 345.8 345.4 341.5 336.9 338 340.3 345.2 356.1
233.4 241 245.6 250.6 254.2 257.5 260.7 264 267.8 271.3 273.6 275.6 276.2 277 279.2 279.6 278.8 275.9 275 274.9 275 274.5 274.5 274.9 274.9 275.9 279.6 283.6 287.2 289.9 291.7 293.6 293.6 293.2 293.9 294.4 296.5 298.6 301.1 303.7 305.5 307 308.4 308.3 308.6 309.2 308.8 309 309.3 308.7 308.4 307.3 305.4 304.3 299.5 293.4 301.1 307.6 311.4 315.3 319.4 327.2 332.7 338.2 341.8 346.1 347.7 348.7 349.3 347.4 350.9 350.7 347.5 343.5 349.2 355.1 358.8 363.4
230.2 239.4 244.7 250.3 254 257.6 261.1 264.4 267.8 270.2 273.4 276.7 279.3 281.6 282.6 281.6 280.3 277.2 276.3 276 275.7 275.8 275.8 275.8 275.2 276.4 280 284 288 291.1 293.4 294.5 294.5 294.2 294.5 295.8 298.3 300.8 303.1 305.1 307.6 309.7 311.1 312.2 313.1 313.9 312.9 312.5 312.6 312.7 310.9 310 307.9 305.1 297.2 299.9 305.1 309.7 314.2 318.5 323.7 329.7 335.8 342.1 346 348.8 350.7 352 352.6 351.7 353.5 354 353.3 346.7 355.3 357.4 362.5 368.8
218 238.7 243.3 249.5 253.6 257.3 260.9 264.7 268 271.2 274.5 277.9 281.1 282.8 283.9 282.2 281.1 279.4 277.3 276.7 276.4 276.3 276.3 276.4 276.5 277.5 281.3 285.3 289.2 291.5 293.9 294.8 295.4 295.1 295.8 297.3 299.9 302.5 305.3 307.9 310.6 313.1 315.1 316.3 316.8 316.9 317.1 316.8 316.5 313.1 310.6 309 308 305.5 300.9 304.2 308.5 312.9 317.3 323.1 328 334.1 340.3 345.3 349.6 352.3 353.8 355.2 355.6 354.9 355.2 355.9 356.2 353.1 356.2 359.7 362.8 368.8
220.3 230.9 243.3 248 252.9 256.8 260.6 264.8 269 272.3 275.5 278.9 281.7 283 284.3 283.5 281 279.5 278.9 277.4 277.1 276.9 276.8 277 277.5 279 282.8 286.6 289.6 292 294.3 295.1 295.8 296.5 297.4 299.5 302.8 306 308.7 311 313.6 316.1 318.5 320.3 321.9 321.4 321.5 321.4 319.6 316.4 313.2 311.2 309.8 306.8 302 307.2 311.8 316.4 320.9 326.3 331.6 337.3 342.9 347.8 352.1 355 356.4 357.9 357.9 356.9 356.9 358.1 359 359.8 357.5 361.3 363.5 367.1
219.8 230.5 242.6 247.2 251.6 255.1 259.8 264.7 269.1 273.3 276.6 279.4 282.3 284.4 285.2 284.6 281.1 279.8 279.3 278.1 277.8 277.6 277.5 277.6 278.1 279.8 283.3 287 290.8 293.8 295.1 295.8 297.5 298.9 299.7 301.5 304.8 307.9 310.7 314 316.7 319.1 321.4 323.6 325.5 325.4 325.4 324.5 322.5 319.3 316.1 313.5 310.6 306.4 301.8 310 314.8 319.7 324.5 329.2 333.8 340.3 345.4 350.2 354.7 357.7 359.1 360.5 360.5 359.2 359.6 360.8 361.9 362.8 362.5 363.1 366.3 369.8
221.4 226.6 239.8 245.2 249.4 253.4 258.4 263.4 268.4 273.1 276.7 279.7 282.7 285.2 285.1 284.4 282.3 280 279.6 279.1 278.5 278.3 278 278.2 278.4 280.5 284 287.6 291.1 294.5 295.9 297.9 300.2 301.7 303.1 304.7 307.5 309.7 312.3 315.3 318.7 321.3 323.5 325.7 327.8 328.2 328.3 327.3 325.4 322.2 319 315.9 312.3 308.5 303.4 312 316.9 321.8 326.6 331.6 337 343.2 348 352.7 357.3 360.4 361.8 363.1 363 362.9 362.4 363.6 364.7 366.4 366 366.4 369.6 375.6
222.5 221.5 224.3 242.8 246.9 252 256.9 261.9 266.9 271.9 276 278.8 281.7 284.2 285.1 284.7 283.1 280.4 279.9 279.2 278.9 278.7 278.4 278.5 278.7 281.2 284.7 288.2 291.3 295.4 298.9 301 302.6 304.8 306.7 308.3 310.4 312.4 314.3 316.7 320.6 323.1 325.3 327.5 329.1 329.6 330 329.2 327.9 325.1 322 317.4 314 310.6 305.1 313.7 319 323.9 328.9 334.4 340 346.4 351.1 355.7 360 363 364.8 365.8 365.6 365.5 366.1 366.5 368.3 370.4 369.8 369.4 372.7 376.5
223.4 223.9 223.1 230.2 235.5 250.1 255.1 259.9 264.7 269.2 273.6 277.6 280.6 282.7 283.3 283.2 281.7 279.9 279.1 278.5 278.4 278.9 278.7 278.6 278.9 281.2 284 287.2 292 295.9 299.5 301.8 303.4 305.7 308.3 310.5 312.6 314.1 316 318.1 322.2 324.8 327 329.3 330.7 331.5 331.9 330.3 329.1 326.5 323.4 319.2 316 312.8 308.5 316.3 321.2 326.5 332 337.4 342.9 349.1 354 358.4 362.7 366.1 368.1 368.4 368.3 368.1 368.7 369.6 372.5 374.4 374 374.3 375.5 379.1
226.5 225.8 223.6 225.7 226.7 244.3 253.3 257.6 262.1 266.5 270.9 274.5 277.1 279.8 280.5 280.5 279.4 278.8 278.4 278 277.9 278.4 278.9 278.7 278.7 279.8 283.3 288 292.6 296.5 299.6 302.6 304.2 306.6 309.2 311.8 313.5 315.4 317.8 319.7 322.8 325 326.7 329.4 332.2 333.9 333.7 332.4 330.4 327.4 324.3 321 317.7 310.6 313.5 319.4 324.6 330.2 335.6 341.1 346.1 351.8 356.4 360.9 365.3 369.1 371.2 371 370.8 370.7 371.5 373.9 376.8 378.3 378.8 379.1 379.3 382.2
231 227.8 223.4 225.9 226.9 243.6 250.9 255.7 259.4 263.8 268.2 271.5 274.1 276.7 277.8 278.1 278.4 278.1 277.8 277.4 277.4 277.9 278.3 278.8 278.1 280.1 283.3 288.4 292.8 297.7 300.3 302.7 305 307.5 310.4 313 315.2 317.1 319.6 321.1 323.3 325.3 326.9 328.6 330.4 333.4 333.2 332.6 331.9 328.8 325.6 322.1 313.7 312.3 318.1 322.7 328.1 333.7 339.2 344.4 349.3 354.4 358.8 363.3 367.7 371.3 373.4 373.3 373.3 373.3 375.6 378.6 380.5 381.8 382.8 383.1 383.2 385.4
232.3 229.7 225.8 224.5 225.8 231.1 248.7 253 257.3 261.5 265.6 268.5 270.9 273.3 275.2 275.8 276.5 276.8 277 276.9 276.9 277.3 277.9 279 279.6 279.9 283.3 287.5 292.3 296.9 300.9 303.4 305.7 309.4 312.6 314.3 316.6 318.8 320.5 321.6 323.6 326 327.5 328.9 330.5 332.3 332.3 332.1 331.7 329.5 327 321.5 312.9 318.8 322.3 326.4 332.1 337.7 342.7 347.6 352.6 356.8 361.2 365.6 370 373.5 375.4 375.4 376.1 376.4 379.3 382 384.1 385.6 386.6 386.9 387.4 388.3
234.8 234.4 227.8 227.1 227.5 227.4 240.3 249.2 253.3 257.7 261.9 265.2 267.5 269.9 271.7 273.2 274.2 274.9 275.8 275.4 276.4 277.2 278.4 279.4 279.9 280.8 284 288.1 291.6 296.3 300.1 303 307.2 311.1 313.4 315.5 317.7 319.7 320.9 322.3 324.3 326.8 328.2 329.7 331.1 332.6 332.8 332.4 331.8 330.1 328 317.4 319.2 326.1 326.4 330.9 336.6 341.7 345.7 349.8 355 359 363.4 367.8 372.1 375.8 377.9 378.8 379.7 379.7 383.4 387 389 389.5 390.4 391.4 393.8 395.3
236.5 236 236.3 229 229.4 227.2 229.3 244.3 249.2 253.3 257.1 260.5 263.9 266.5 269.3 270.2 270.9 271.6 272.2 273 275.6 277.8 279.1 279.7 280.2 280.9 285.6 287.8 291 295.8 300.6 304.1 307.5 310.7 313.4 315.8 317.9 319.9 321.3 323.1 325.1 327.5 328.9 330.4 331.9 333.4 333.7 333.3 332.7 331.1 329.4 324.9 322.9 328.4 328.1 335.6 341.1 344.7 348 351.8 356.5 361.2 365.2 369.6 373.9 377.7 380.2 381.8 381.5 384.5 388.7 390.8 391.6 392.7 394.8 397.4 399.2 400.6
239.1 238.3 238.1 231.8 231.4 227.9 229.8 233.8 245.8 248.4 252.2 255.6 259.2 263.3 266.6 267.3 268.1 269.8 271 273.1 275.4 277.9 279.6 280.1 280.6 281.2 284.5 287.5 290.5 295.4 301 304.4 307.7 310.4 313 315.4 317.8 320.1 322 324 326 328.2 329.7 331.1 332.8 334.1 334.4 334.2 333.6 332 330.5 328 319.2 330.3 330.7 337.2 342.2 346.3 350.1 354.1 358.3 363.1 367.4 371.4 375.4 378.5 381.4 383.9 384.5 386.9 390.8 394.3 394.8 397.7 399.8 402.2 404.3 405.4
241.8 240.4 239.2 236.7 232.4 228.8 230.3 231.4 243.2 245.9 248.9 251.5 255.1 259.9 263.2 265.1 265.8 267.9 271 273.1 275.4 277.9 278.7 279.2 280.4 281.3 282.5 286 290 295 299.9 302.7 306.2 309.9 312.7 315.3 317.9 320.5 322.9 324.8 326.8 328.9 330.4 332.1 333.7 334.8 335.2 335.1 334.5 332.9 331.4 330.3 322.2 331.7 333.9 335.9 340.9 346.2 351.5 355.9 359.8 364.1 368.7 372.8 376.4 379.3 382.6 385.5 385.9 389.3 394 395.6 398.3 400.4 402.9 406.2 408.7 410.1
244 242.2 242.5 240.3 239.2 229.7 230.7 231.2 232 234 241.2 248.7 251.7 256.2 258.1 262.7 263.7 266.6 270.6 273.1 275.3 276.8 278.4 279.8 280.3 281.3 282.5 283.7 290.2 295 299.2 303 306.6 309.8 312.5 316.4 319.1 321.6 323.8 325.9 327.8 329.9 331.4 333 334.4 335.5 335.9 335.8 335.4 333.9 333.3 332.9 331.8 324.2 332.9 336.6 341.1 345.5 347.5 355.2 358.7 363.4 367.6 372.6 376.5 379.7 384.4 385.9 386.4 389.7 393.8 397.8 401.4 404.1 406.1 410.3 412.9 414.3
245.8 244 242.5 240.8 243.3 243 232.7 232.2 232.3 233.6 236.5 246.9 249.6 254 256.9 259 262.6 265.8 269.4 272.7 275.2 277 278.9 279.7 280.2 281.4 282.8 284.7 288.7 295.6 299.7 302.2 304.8 308.5 311.7 314.8 318.2 321.2 322.9 326.2 330.2 332.7 334.4 335.6 336.5 336.7 336.8 336.7 336.6 336.2 335.9 335.5 334.9 331.4 327.4 336.2 340.6 343.6 345.6 348.1 356.4 361.3 366.3 371 375.7 379.4 384 385.1 387 390.6 394.9 399.2 403.6 407.2 410.2 413.9 417.2 419.4
247 245.6 244 241.8 242.5 243.1 236.4 234.1 233.3 234.4 235.5 245.4 248.8 250.2 253.9 259 263 265.2 269.4 272.9 275.6 277.1 278.5 279.4 280.4 281.8 283.5 285.6 288.6 291.9 296.2 299.9 302.6 306.5 309.6 313.1 316.7 320.7 323.3 327.3 331.1 334.2 336.9 338.4 339.7 340 340 339.3 338.7 338.9 338.3 337.6 337.1 336.4 331.8 333.9 338.6 341.8 344 346.5 352.2 358.8 363.9 368.7 373.1 378.2 382.2 384.1 386.6 391.2 395.6 400.2 404.8 408.7 412.7 416.5 419.7 418.9
248.7 247 245.4 244.3 244.3 244.1 244.5 243.1 238.9 235 235.9 237.7 244 249.6 255 260.2 262.5 265.3 268.4 271.6 274.3 276.6 277.8 278.5 280.4 282.3 284.4 286.6 288.6 291.1 293.4 296.6 300.5 304.5 307.8 311.5 315.1 319.8 323.3 326.6 329.9 333 336.1 339.5 341.4 342.3 342.2 341.3 340.7 340.6 340.3 339.8 339.3 338.9 336.9 331 333.2 340 342.6 344.7 348.6 354.8 360.3 364.7 369.1 375.4 379.9 383.8 386.3 390 394.2 399.2 404.2 407.7 411.8 416.8 416.5 405.2
250.7 249.8 248.9 247.8 246.5 245.7 245.4 244.8 243.1 234.7 235.5 236.9 247.7 250.5 256.2 259.1 261.3 265.5 268.2 270.3 272.2 274.7 276.5 277.3 279.8 282.1 284.2 286.3 287.9 290.6 293.2 296.2 299.4 302.6 306.4 310.3 314.1 319.4 323.3 326.5 329.6 332.9 336.8 339.9 341.3 342.2 343.4 344 342.7 342.5 342 341.3 340.9 340.4 337.7 338.4 332.5 333.7 340.7 343.5 347.5 350.7 356.3 361.2 365.5 371.8 376.2 380.7 384.2 387.9 391.7 397.4 402.9 405.3 410.1 414.8 405.8 411.2
251.8 251 250.1 249.3 248.2 247.4 246.9 246.1 244.1 237.9 236.9 237.9 245.7 248.6 256.2 258 260.8 265.1 267.6 269.6 271.6 273.6 275.2 276.4 278.1 280.9 282.8 284.6 286.4 290.2 293.3 296.3 299.4 302.4 306.8 311 314.3 318.4 323.7 327.2 329.6 333.6 337.6 339.8 341.4 343.3 344.2 345.1 344.4 343.9 343.3 342.7 342.1 340.5 340.2 340.6 341.3 335.9 335.6 339.6 345.3 348.2 351.6 358 362.7 367.1 372.3 377.5 381.1 384.9 388.6 393.3 399.2 404 403.2 406.3 402.1 418.6
252.7 252.2 251.4 250.5 249.6 248.9 248.2 247.5 245.8 244.2 236.2 238.5 243.2 246.7 254 259 261.1 263.7 267 269 271 273.3 275.1 276.3 277.5 279.6 281.1 282.7 284.5 290 292.4 295.6 298.4 301.3 305.8 310.9 314.5 318.5 322.7 326.9 329.3 334.1 338.7 341.5 342.1 344.2 345.3 345.9 344.5 344.3 344 343.7 343.4 343 342.7 343.2 343.5 343.1 341.8 339.3 343.9 346.1 350.3 356.3 360 364 368.7 374.2 377.8 381.3 385.8 390.5 395.4 399.5 399.6 403.8 407.6 413
253.7 252.9 252.4 251.5 250.5 249.4 248.9 248.3 246.8 245.1 237.1 239 244.8 246.5 253.2 258.2 261.7 263.4 266.4 268.4 270.7 272.8 274.6 276 277.3 278.7 280.2 281.7 283 287.9 291.8 294.5 297 299.2 304 310 314.1 317.7 321.4 325.7 328.5 333.5 337.8 342.2 344.2 345.7 345.9 346.1 344.7 344.6 345.3 345.5 345.9 345.7 345.2 345.4 345.5 345.6 345.9 341.8 341.3 343.7 349.4 353.8 357.6 361.1 368.6 371 374.3 378.2 383.1 387.9 392.1 395.1 398.9 404 407.1 409.8
254.1 253.2 252.7 252.4 251.3 250.2 249.4 248.9 247.7 241.3 237.7 239.4 240.5 241.3 251.4 255.9 260 262.8 265.6 267.3 269 271 273.3 274.9 275.7 277.8 279.2 280.2 281.4 285.1 288.5 292 295 297.7 302.3 307.5 311.9 315.9 320.1 324.5 328.4 332.1 337.5 340.1 343.4 345.7 347.8 344.8 346 347.4 347.5 347.7 348.3 348.5 347.8 346.9 346.9 346.9 347.2 346.6 346.1 344.1 345.6 351 354.5 357.4 363 366.3 369.2 373.5 378.4 383.2 387.8 392.8 396.8 400.1 403.3 407.8
254.7 253.9 253.2 253.2 252.1 251 249.9 249.3 247.9 242.2 239.3 239.3 240.5 241.5 245.2 250.1 251.2 256.3 258.2 263.7 268.2 270.4 272.9 274.9 276.5 277.6 279 280.5 281.7 283.1 285.6 289.3 292.3 296.3 299.2 304.4 309.1 314 321.2 325.3 330.7 334 337.9 340.1 342.2 344.5 346.9 347 348 349.1 349.7 350.1 350.7 351.1 351 350.4 349.7 348.8 346.6 346.9 345.5 351.1 353.4 351.9 353.6 353 355.7 362.8 364 368 372.5 377.8 383 388.4 393.3 396.4 399.7 404.3
256 255.2 254.4 254.1 253 251.9 250.7 249.3 244.6 244.4 246 240.7 241.3 241.4 244 254.9 258.6 260.1 264.9 267.1 269.9 272.1 273.9 275.8 277.4 278.5 279.7 281.1 282.5 284.4 286.4 288.3 291.7 294.8 297.8 302.3 307 313 321.1 327.2 331.6 335.1 338.4 340.5 342.3 344.6 346 347.9 349 350.1 351.1 352.1 353 353.1 353.3 353.3 353.2 350.9 347.4 350.1 349.5 353.2 355.7 357.1 359.6 362.3 361.8 359.6 358 363.9 368.8 374.2 379.4 384.5 389.6 393.2 396.9 401.1
257.2 256.4 255.7 254.9 253.9 252.9 251.8 250.3 247.2 247 242.4 241.8 242.1 242.7 243.4 252.2 257.3 262.7 266.8 267.9 270.7 273.1 274.8 276.2 277.9 279.1 280.3 281.7 284.1 286.2 288.1 290.6 294.5 297.8 301.3 303.7 307.7 310.2 317.1 323.2 329.8 333.8 336.9 338.9 342.4 344.7 346.6 348.6 350.1 351.2 352.2 353.2 354.2 354.9 355.4 355.1 351.6 347.2 351.8 355.1 355.4 355 357.3 359.6 361.8 364 367.4 370 365.7 363.3 365.2 369.8 376.4 381.4 385.8 390.1 394 397
