Game/Highland_Data/StreamingAssets/GeoData/Data/nj/NJ05.asc
ncols 200
nrows 200
xllcorner 300000
yllcorner 850000
cellsize 50
[rows 76 to 113 of 200, columns 85 to 169 of 200]
37.2 37 39.6 43.4 46 47.7 49.1 51.2 51.9 52.2 51.6 51.8 53.1 53 51.7 51.2 50.1 47.6 45.4 43.6 42.3 40.4 40.3 41.5 43.1 42.3 41.5 41.8 42.2 41.7 40.9 41.9 42.9 44.1 45.7 46.9 47.8 52.7 56.2 58.7 62 66.1 67.6 67.9 70.7 73.1 73.9 73.2 72.7 72 70.6 69.8 70.2 71.2 72.2 72.8 73.7 74.5 75.6 77 78.6 80.5 82.9 85.6 89.1 92.9 97.9 103.9 110 116.8 124.9 131.5 137.4 144.7 150.9 154.9 160 164.7 169.1 172.9 177.7 182.5 186.4 190.4 194.2
37.8 38.1 42.3 46.7 48.1 48.8 49.4 51 52 52.3 52.6 52.8 53.5 54.1 54 53.2 50.2 47.9 45.5 42.4 40.4 39.8 40.5 41.4 42.9 42.1 41.2 40.8 40.9 40.6 40.5 41.4 42.5 44.6 46.7 47.5 48.6 51 55.2 57.8 59.6 61.5 63.9 67 68.5 69.6 68.6 66.7 67 68.7 69.6 70.4 70.4 71 71.9 72.9 73.7 74.5 75.6 76.7 78 80 81.8 85.2 88.1 90.1 94.4 100.6 107.8 115 122.3 129.3 136.4 143.6 149.5 154.1 159.5 164.5 169.5 173.4 177.7 183.1 187.4 191.6 195.7
39.5 41.7 45.2 48 49 49.6 50.4 51.4 52.4 52.5 52.6 52.9 53.7 54.2 53.9 52.5 49.9 47.8 45.6 42.3 40.9 39.6 41.4 42.6 42.9 42.1 41.2 40.3 40.2 40.2 40.5 40.9 41.9 45.5 45.1 47.9 48.8 49.6 52.4 53.1 55.7 59.6 60.6 60.4 63.4 66 69.6 71.9 71.7 71.7 72.2 72.4 71.7 71.4 72 72.8 74 74.9 75.6 76.7 77.9 79.3 81.2 83.7 85.2 87.5 91.3 97.3 104.5 111.8 119.1 126.5 134.2 141 147.6 153.6 159.2 164.4 169.5 173.6 178.4 184.2 189 192.7 196.6
41.8 43.9 46.8 48.2 49.6 50.6 51.4 52.1 52.8 53 52.9 52.9 53.1 52.9 52.8 52 49.6 47.4 44.7 42.7 39.7 40.6 42 42 42 41.9 41.5 40.5 40.3 40.5 40.7 41.1 41.8 45 47.2 48.5 49.9 50.3 53.6 57.3 60.8 64.2 65.9 67.9 69.8 70.5 71.1 71.9 72.5 72.7 73.5 73.9 74 73.8 74.1 74 76.3 76.4 76.1 77.3 78.3 79.8 80.9 81.7 83.1 85 88.3 93 99.2 107 115.3 123.7 131.3 138.9 145.7 152.2 158.5 163.8 168.6 173.3 178.5 184.6 190.1 193.6 197.1
43.7 45.1 47.4 48.6 49.7 50.6 51.5 52.3 53.2 53.6 53.4 53.4 52.7 52.6 52.5 51.5 49.3 47 45 43.1 41.1 40.1 41.1 41 41.2 41.2 40.9 40.5 40.6 40.8 41.3 42.6 42.1 43.9 45.1 46.1 48.9 50.7 54 56.4 60.5 63.8 66.2 68.5 70.3 71.5 71.9 72.4 73.2 74 74.7 75.5 76.6 77.7 77.5 76.8 77.9 80.2 78.9 78.5 79.6 81.2 81.6 82.2 83.2 84 85.1 89.6 93.9 101.1 110 119.9 128.5 136.8 143.3 150 157.1 163.2 167.7 172.4 177.5 183 189.4 193 196.2
44.6 45.6 47 48.2 49.5 50.6 51.5 52.4 53.4 54.3 54.5 53.9 52.9 52.2 51.7 50.8 48.6 47 45.4 44.2 42.1 40.2 40.1 40 40.3 40.5 40.3 40.1 40.6 41.1 41.8 43.6 43.3 43.5 44.9 47.6 48.8 51.4 58.4 61.6 62.3 64.8 67 68.9 70.4 72 72.8 73.4 74.3 75.2 76.5 79.2 81.1 81.3 80.8 79.2 79.3 80.5 81.1 80.7 80.3 81.6 81.9 82.4 82.9 83.6 84.7 86.2 89.8 95.7 104.7 115 123.9 132.7 139.9 148.1 155.3 161.5 166 170.5 175 180.3 186.8 191.8 194.8
45.5 45.8 46.5 47.3 48.5 49.6 50.4 51.7 53.4 55.8 54.9 53.8 52.7 51.8 50.9 50 48.8 47.7 46.3 44.7 42.1 40.8 40.3 40.4 40.6 40.5 40.7 40.6 41.9 41.7 43.2 44.4 45.6 45.8 45.6 46.7 52.2 60.5 66.8 68.3 67.3 67.7 69.6 71.5 71.9 72.5 73.7 74.9 75.8 76.9 78.2 80.9 83.3 82.9 82.5 81.6 80.8 81.3 81.4 82.1 81.6 81.6 82.5 82.9 83.1 82.9 83.7 84.8 87.4 92.3 98.9 108.9 118.1 127.6 135.9 144.2 152.2 158 163.1 167.5 171.3 176.6 181.7 186.4 190.6
46.3 45.9 46 46.7 47.5 48.4 49.1 49.8 52 54.2 53.4 52.5 51.6 51.1 50.3 49.4 49 48.3 47.1 45.1 43.4 41.6 40.7 40.6 40.7 40.4 40.7 41.3 42 42.5 43.8 44.8 45.8 47.4 48.6 52.7 60 68.4 71.3 71.5 71.7 72.8 73.9 72.9 73.7 74.8 75.3 76.2 77.3 78.9 81 83.7 85.2 84.6 84.9 84.3 83.2 82.9 82 82.3 82.2 82.3 83 83.4 83.5 83.2 82.9 83.7 85.6 90.1 95.5 103.6 113.1 122.1 131.2 138.8 147 153.4 158.2 162.6 166.9 172 176.7 180.9 184.6
46.8 46.5 46.1 46.2 46.8 47 47.5 48.2 48.7 49.7 50.5 51.2 50.6 50.1 49.7 48.9 48.5 48.2 47.3 45.3 43.6 41.6 40.7 40.5 40.6 40.7 41.1 41.7 42.4 42.6 44 45.2 46.7 50.5 53.8 57.9 63.3 70.1 74.7 73.7 74.2 76 75.3 76.7 77.3 78 77.9 78.4 79.8 81.3 83.7 85.6 86 85.8 85.7 85.6 84.8 83.8 82.9 82.4 82.4 82.8 83.6 83.9 83.5 83.1 82.7 82.7 84.2 87.3 92.8 99.3 108.4 115.8 124.6 132.9 140 146.4 151.9 157.2 161.8 166.6 171.3 174.9 178.6
47.1 46.8 46.5 46.2 46 46.2 46.4 46.7 47.1 47.3 48.1 49.1 49.7 49.4 49 48.6 48.1 47.7 46.5 44.9 43.7 42.2 41.2 40.8 40.8 41.1 41.7 42.8 43.2 43.7 45.9 47.8 50.9 54.2 58.4 61.9 65.4 69.6 73 74.3 75.9 77.2 78.5 80 80.3 80.7 80.7 81.8 82.6 84.1 85.6 86.1 86.2 85.8 85.6 85.3 84.9 84.4 83.7 83 83.1 83 83.4 83.9 83.3 82.8 82.8 82.9 83.7 85.2 89.8 93.3 102.4 110.3 117.7 125.8 133.4 140.3 145.9 151.6 156.2 160.6 165.1 169.3 172.3
47.4 47.1 46.6 46.2 46 46.1 46.5 47.4 48.2 48.6 48.3 48.1 48.9 48.5 48.2 47.9 47.5 47.2 46.3 44.5 43.5 42.5 41.7 41.4 41.3 41.9 42.9 44 45 46.6 48.9 51.3 54.2 56.9 60.8 64.3 67.5 70.8 73.9 75.8 77.3 78.6 80.2 80.8 81.1 81.6 82.1 82.9 84.2 85.1 85.8 86.2 85.7 85.3 85.1 85.1 84.9 85.1 84.8 84.2 84.1 83.6 83.5 83.9 83.5 82.8 82.9 83.1 83.2 84.3 87.1 91.8 97.3 106.2 111.8 119.3 127.4 133.4 140.1 145.9 150.3 154.7 159 163 166.6
48 47.9 47.8 48.3 48 48.7 49.8 50.2 51 51.2 49.6 48.3 48.1 48 47.7 47.3 47 46.6 46 44.5 43.4 42.7 42.4 42.3 42.3 42.9 44.1 45.6 47.3 49.4 51.9 53.8 56 58.8 62.6 66.5 69.9 72.3 75 76.8 78.4 79.6 80.7 81.5 81.9 82.4 82.8 84.2 84.9 85 85.3 85.6 85.2 84.7 84.7 85 85.4 85.4 85.2 84.9 84.7 84.2 83.8 84 84.1 83 82.9 82.9 83 83.3 84.6 89.2 93.1 99.3 104.8 114.3 121.5 126.1 132.4 138.5 143.5 147.9 152.2 156.1 159.9
49.3 49.7 50.1 51 52 53.2 53.9 54.5 55 54 51 50.2 49.5 49.4 47.7 47.8 47 46.4 46.2 44.9 43.7 43.4 43.3 44.3 44.1 44.2 45.5 47.2 49 51.2 53 54.6 57 59.4 63.8 68.6 71.4 73.7 75.6 77.3 79.3 80.5 81.3 82.2 82.2 82.5 83.2 84.2 84.8 85.1 85.4 85.6 85.2 84.9 85.2 85.6 85.8 85.6 85.4 85.2 84.8 84.2 83.8 84 84.1 83.4 83 82.8 82.9 82.9 83.3 86.5 90.1 94.4 99.4 108.3 114.9 119.8 125 130.8 135.7 140.1 144.3 149.1 152.4
51.2 51.7 52.2 53.7 56.1 58 59.1 59.9 59.8 56.1 52.8 51.7 51.7 50.5 47.9 47.9 47.4 46.9 46.3 45.2 44.7 44.4 44.8 46 45.9 45.8 47.2 49.2 50.6 52.1 53.7 55.4 57.8 60.5 65.1 70.3 72.8 74.7 76.7 78.3 79.9 81.2 82.1 83 82.6 81.5 82.7 81.5 83 86.1 86.6 86.5 86.2 85.9 85.9 86 85.7 85.4 85.3 85.1 84.9 84.6 83.8 83.9 84.1 83.8 83.4 83.3 83.4 83.3 83.2 85.1 88.2 91.4 95.2 102.3 108.2 112.5 117.2 123 126 131.1 134.4 139.8 144.1
53.1 53.8 54.6 56.5 58.9 60.8 61 61.2 61 58.1 55.2 53.3 52.6 53.1 49 48.3 47 46.9 46.7 46.1 46.1 46 46.1 47.2 48.3 49.1 49.4 50.6 51.9 53.4 55.1 56.7 58.9 62.7 67.6 71.7 73.7 75.7 78.2 79.8 81.5 82.3 83 83.6 83.2 83.2 81.5 84.6 86 87.3 87.5 87.3 86.8 86.3 86.1 86.1 85.7 85.2 85 84.8 84.6 84.3 84.1 84.2 84.3 84.2 84 83.8 83.8 83.7 83.6 83.9 86.6 89.3 92.1 96.3 102.1 106.7 110.3 116.5 121.4 125.9 126.6 129.1 134.1
55 57.1 58.6 60 61.2 62.1 62.8 60.6 58.2 56.4 56 55.1 54.1 53.1 51.3 49.2 47.7 47.4 47.1 47.1 47.2 47.6 47.7 49.1 51.3 52.1 51 51.7 53.3 55.1 56.7 58.6 61.5 65.2 69.6 72.5 74.7 77.2 79.8 82 83.2 83.7 84.2 84.4 84 84.5 84.7 86.6 87.4 87.9 88.1 87.7 87.2 86.7 86.2 86.2 85.7 85.2 84.8 84.7 84.6 84.6 84.5 84.4 84.2 84.2 84.2 84 83.7 83.5 83.3 84.1 85.4 87.4 89.3 92.5 96.8 101.5 105.1 110.1 114.8 119 121.8 124 123.4
56 57.9 59.8 61.1 61.9 62.8 62.4 60.4 58.4 56.8 56.8 56.1 54.8 53.1 51.6 49.7 49 48.6 47.6 48.5 48.7 49 49.7 51.3 52.6 53.5 53.1 54.1 56 57.2 58.5 60.6 64.1 68 71.8 74.5 77.2 80.3 82.6 84.1 85 85.5 85.4 85.4 85.6 86 86.9 87.7 87.4 88 88.1 87.9 87.5 87.1 86.6 86.2 85.7 85.2 84.4 84.4 84.5 84.5 84.5 84.3 84.1 84.2 84.3 83.9 83.4 83.2 83.5 84.2 84.7 85.9 87.1 89.6 93 97.1 101.4 106.3 108.4 112.5 114.9 117.6 119.5
55.9 57.7 59.3 60.2 60.8 60.8 60.6 59.9 58.8 57.6 56.9 56.2 55.3 53.8 52.2 50.4 49.2 49.3 49 50.9 51.3 51.3 52.5 54.4 55.9 56.7 56.8 57.5 58.5 59.5 60.3 62.7 67.8 71.9 75.3 78.1 80.9 83 84.9 86.2 86.8 86.1 86.6 86.8 87.2 87.6 88.2 88.8 88.7 88.5 88.1 88 87.6 87.2 86.9 86.4 85.7 85.2 84.3 83.9 83.9 83.8 83.4 83.4 84.1 84.3 84.4 83.9 83.4 82.9 83.4 83.8 84.2 85 86.2 87.7 90.5 93.9 97.5 102.1 104.1 107.2 109 111.1 114.4
55.5 57.2 58 58.7 58.8 58.6 58.6 58 57.7 56.9 56.4 55.7 55.3 54.4 53.1 51.1 49.8 49.4 51.1 53.5 55.1 55.7 56.9 58.9 61 62.8 62.3 61.4 61.9 63 63.5 63.1 70.1 74.7 77.5 80.5 83.4 85.5 87.2 87.9 87.3 87.1 87.7 88.2 88.9 89.7 90.5 90.4 90 89.9 89 88.1 87.8 87.6 87.3 86.7 86.2 85.2 84.3 83.7 83.6 83.4 83.2 83.1 83.6 84.1 84.4 83.8 83.3 82.8 83.1 83.4 83.8 84.3 85.3 86.5 89.1 91.4 95 98.4 100.3 103.4 105.4 107.2 109.3
55.5 56.6 57.2 57.2 57.3 57.4 57.2 56.8 56.3 56 55.6 55.2 54.6 53.7 52.7 51.4 50.3 50.7 53.3 56.9 59 60.7 62.5 64.1 66.1 67.8 68.4 68 68.6 69.2 68.4 66.8 70.3 75 78.7 82.1 85.2 86.9 87.8 87.8 87.8 88.1 88.9 90 91.3 92.3 92.6 92.1 91.4 91.2 90.3 89.3 88.8 88.3 87.7 87.1 86.6 86 84.8 84.2 84.1 84.2 84.2 84.4 85 85.3 84.5 83.6 83 82.7 83 83.3 83.6 84 84.8 85.7 87.2 89.4 92.6 96.1 98.3 100.1 101.9 103.7 105.1
56.1 56.9 57.6 57.9 57.6 57.2 56.9 56.4 56.2 55.9 55.5 55.2 55.1 54.4 53.2 52.3 53 57.7 58.6 61.5 63.8 66.3 69.1 70.8 72 72.3 74.1 75.3 75.9 76.2 73 70.3 70.8 76 80.9 84.8 86.4 87.2 87.6 88.1 88.7 89.9 92.2 93.8 94.7 94.7 94.1 93.2 92.9 92.5 91.5 90.5 89.8 89.1 88.4 87.8 87.2 86.8 86.3 86.3 86.1 85.8 85.9 86.1 86.1 85.8 84.7 83.5 82.8 82.7 82.9 83.3 83.6 83.9 84.7 84.9 85 86.1 88.7 91 95.4 98.3 99.3 101.3 102.4
56.9 57.7 58.8 59.3 58.7 58 57.1 56.5 56.1 55.8 55.6 55.5 55.5 54.9 55.2 55.5 59.5 63.3 65.3 67.8 70.2 72.5 74.8 76.5 77.2 76.7 77.2 80.2 82.4 82.2 78.1 74.8 73.1 75.2 83.1 87.3 88 87.9 88.2 88.7 89.8 92.9 95.2 95.9 96.3 96 95.5 94.8 94.3 93.4 92.5 91.5 90.7 89.8 89.2 88.6 88.1 88.4 88.7 88.8 88.5 88 88.1 88 86.9 85.9 84.8 83.6 82.9 82.9 83.4 83.5 83.7 83.8 84 84 84.1 84.2 84.7 86.1 88.2 92.7 96.7 98.8 100.2
58.1 58.7 59.3 59.2 58.5 58 57.2 56.7 56.5 56.2 56 56 56.1 56.7 60.2 64.1 65.3 68.2 69.5 72.4 76.1 78.4 78.8 79.3 79.5 80.1 81.7 85.7 86.5 84.9 81.6 78.7 76.4 77.1 84 88.1 88.6 88.6 88.6 89.4 91.4 95.8 96.7 97.2 96.8 96.5 96.2 95.5 95 94.4 93.4 92.5 91.6 90.6 90 89.5 89.7 90 90.3 90.4 90.4 90.2 90 89.6 88.5 86.3 84.7 83.7 83.7 83.6 84.1 84.2 84.3 84.3 83.9 83.9 83.9 83.8 83.6 83.7 83.8 85.3 89.6 93.9 96.5
59.7 59.3 59.5 58.9 58.3 57.9 57.3 57.5 57.3 57 56.8 56.8 57.6 62.6 70.2 72 72 71 73.7 76.1 79.5 82.2 84 83.7 83.8 85.1 88.4 89.9 88.2 85.3 82.5 81.8 79.8 79.1 86.2 88.5 89 89 88.5 89.6 94.6 97.3 97.5 97.5 97.3 97 96.6 96.1 95.7 95.2 94.4 93.2 92.2 91.3 90.7 90.2 90.2 90.7 91.2 91.2 91.6 91.9 91.4 91.3 90.4 88 85.4 83.7 84.5 84.6 84.1 83.9 84.8 84.7 84 83.7 83.4 83.5 83.4 83.4 83.5 84.3 85 85.3 87.9
61.2 60.9 58.9 58.5 58.7 59.7 57.8 58.4 58.3 58.2 57.9 58 60.8 68.6 71.9 76.5 77.3 70.1 80.2 83.1 81.2 84.2 86.1 86.8 87.6 88.4 86.9 87.4 84.7 83.5 82.4 83.3 81.5 79.8 90.3 89.9 89.5 88.8 88 90.6 97 97.6 97.7 97.8 97.6 97.3 97 96.5 96.1 95.6 94.9 93.7 93.2 92.3 91.2 91.9 91 91.7 92.4 91.4 92.3 93 91.5 92.8 93.2 90.8 84.8 83.7 82.9 83.9 83.7 82.9 85.5 84.7 85.1 83.2 84.9 84 83.1 82.9 82.9 83.5 83.6 83.7 82.6
59.7 58.8 58.1 59.4 60.8 61 60.5 60.5 59.7 59.4 59 59.5 67.2 73.2 77.9 80.6 72.5 81.7 87.6 88.8 83.8 86.2 90.8 89.2 88.9 87.5 85.6 85.3 85.5 86.5 85.7 83.9 82.7 86.2 90.1 90 89.6 88 87.7 94.9 97.2 97.5 97.8 98 97.9 97.6 97.2 96.8 96.4 95.9 95.1 94.5 94.2 93.5 93.8 95.1 93.7 94.1 94.3 92.1 90.9 91.4 91.9 92.6 93.3 92.8 90.3 88 87.5 85.5 85 84.1 83.7 83.7 83 83 82.8 82.9 86.5 83.7 81.7 82.3 82.5 82.5 82.5
58.7 58.2 59.1 59.7 59.6 61.1 61.4 61.5 61.3 60.7 60.7 65.7 73.6 77.4 77.6 76.1 83.7 88.7 91.1 92.1 92.3 91.8 91.1 90.5 90.3 89.7 87.4 87.2 87.4 85.9 84.6 83.2 84.6 86.5 90 89.5 89.1 88.3 87.2 96 97.2 97.4 97.7 97.9 98.2 97.8 97.4 97 96.6 96.2 95.7 95.3 95 94.5 95.7 97.1 96.3 95.7 94.7 92.3 91.5 91.9 92.5 92.9 93.5 93.2 90.3 91.4 91.7 88 88.5 85.7 87.1 85.8 84.4 83 83.2 82.8 86.4 87.6 87.5 86.2 85 81.1 82.4
58.9 59.4 60 60.9 60.7 62.1 62 62.8 63.1 62.4 64.2 73.7 77.7 77.8 76.9 86 89.7 92.5 92.7 92.9 92.3 92.1 91.5 90.6 90.6 89.7 90.2 88.1 87.8 85.3 87.5 83.6 81.5 83.7 89.5 89.2 88.8 87.9 88.9 96.1 97.1 97.3 97.6 97.8 98 97.6 97.3 96.9 96.5 96.1 95.9 95.8 95.6 95.9 96.7 96.8 95.8 94.3 92.8 92.4 92 92.4 93.2 93.4 93.9 91 91.3 92.4 92.4 90.6 86.9 85.2 86.2 87.2 85.5 84.7 83.9 84.6 85.7 88.8 88.6 88.7 86.5 86.8 87.2
60 60 61.6 61.4 61.8 62.2 62.6 64.1 64.6 63.6 71.4 77.8 81.9 79.5 89.9 91.2 91.5 93.3 93.1 92.8 92 92.3 91.7 90.7 90 89 87.8 87.4 87.1 87.8 86 83.7 81.1 81.5 85.4 89 88.7 87.7 91.1 96.1 97.1 97.2 97.4 97.7 97.8 98 97.1 96.8 96.4 96 95.7 95.7 95.8 95.6 96.1 94.7 94.5 94.2 93.4 92.8 92.3 93.3 93.9 94.1 92.7 90.9 92.1 92.4 91.5 88.9 86 85.4 86.3 87.6 87.7 88.6 87 89 88.2 89.7 89.2 88.4 87.3 87.9 88.2
60.6 62.7 63.4 64.1 62.6 62.6 63.7 65.2 66.5 67.2 74.3 79.5 79.5 90.4 94.8 93.8 93 92.7 92.9 92.9 91.8 92 91.6 91.1 91.1 89.6 87.9 86.7 86.5 86.5 84.6 82.2 81.7 82.3 85.7 89.1 89.2 88.9 90.9 95.6 96.8 97.1 97.3 97.5 97.6 97.7 96.9 96.7 96.3 95.9 95.5 95.5 95.6 95.7 94.7 93.9 94.1 94.1 93.5 92.9 92.8 94.2 94 91.9 90.5 89.6 88.2 86 86.1 86 85.5 85.1 84.7 84.5 85.1 88.3 89 89.2 89.6 89.6 88.6 87.8 88.1 88.8 88.4
63.7 64 64.5 63.7 62.4 63.5 64.8 66.6 67.8 71.2 77.6 78 86.7 93.1 94.3 93.5 93.2 93 93.1 93.3 92 91.5 91.7 91.9 91.4 89.8 90 87.9 87.8 84.5 82.8 81.8 83.1 87.8 87.6 87.9 88.2 89.2 92.7 94.6 95.9 96.5 96.9 96.7 96.7 97.1 96.8 96.3 96.1 95.8 95.4 95.2 95.2 94.7 93.9 93.3 93.5 93.5 93.4 92.7 93.4 93.5 90.2 87.9 86.7 86.7 86.5 86.8 87.3 86.7 86.2 86.1 85.7 85.4 84.6 84.5 84.7 88.4 88.4 88.6 87.7 88.1 88.5 88.7 88.7
62.7 64.7 65.2 65.8 65.8 65.8 66.4 68.6 69.5 72.7 81 78.9 91.2 94.6 94.7 94.4 93.5 93.4 93.3 93.2 92.2 91.5 91.8 92 91.7 91.8 91.1 91.1 89.2 84.8 82.6 81.8 84.7 87.3 87.6 86.9 87.5 88.9 90.2 92.5 94.8 95.5 94.3 95.6 95.5 96 96.1 95.8 95.7 95.5 94.9 93.1 91.1 89.8 88.9 88.7 90.5 92.6 92.7 92.5 93.6 87.2 87.4 87.1 87 87.1 87 87.3 87.6 87.2 86.9 87.1 87.4 87.1 86.4 85.8 85.1 83.9 85.3 87.4 87.5 87.6 88 88.4 88.3
64.7 66.4 67 69.4 68 66.8 69.2 70.6 73.8 72.3 78.5 86.7 94.3 94.8 94.5 94.2 93.5 93.6 93.5 93.5 93 92.9 92.4 92.3 92 91.1 91.1 90 89 85.2 82.9 82.1 85.2 87.5 84.8 83.3 85.5 89.1 91.1 91.2 91.3 91.8 91.3 91 90.6 91.3 92.8 93 92.5 91.1 89.8 88.7 88.2 88.7 88.2 88.6 87.7 87.5 87.5 87.3 87.2 86.6 87 88.4 92.8 91.9 90.9 89.2 88.6 87.8 88 88.3 87.9 87.4 87.6 87.3 87.2 85.6 84 83.8 84.6 85.3 85.6 86.1 87.2
68.5 69 69.6 71.2 69 69.9 73 74.4 78.3 80.6 77.6 91.2 95.2 94.8 94.6 94.5 93.1 94.3 95.8 94.8 92.5 91.9 92 91.4 91.9 91.7 90.1 91 87.8 87.4 84 83 83.1 83.1 82.8 82.6 82.9 87.4 90.7 90.7 89.9 90.3 90.1 90.1 89.6 88.9 88.9 88.1 88.4 88.5 89.4 88.4 88.5 88 88.4 89 87.7 88.3 90.3 91.6 96.2 97.3 97.7 97.4 96.7 96.2 95.7 95.3 93 94.4 95.1 93.8 89.8 88.4 87.1 86.3 86.5 85.3 84.2 84.2 83.9 83.9 84.8 85.5 85.2
75 70.7 70.7 73.3 72.8 72.9 76.1 81.6 83.7 83.1 82.2 94.1 95 95 93.7 94.3 93.5 93.6 93.6 94.4 92.9 92.2 92.3 92.5 92.7 91.7 90.6 89.4 88.3 90 85.2 83 83 83.1 83.4 83.1 83.1 83.5 86.4 89.6 91 92.5 93.4 93.2 92.2 91.4 89.2 89.9 90.1 90 90.7 89.7 90 91.5 88.4 89.5 90 91.5 95.1 97.5 97.2 97.1 97 96.8 96.2 96.1 95.7 95.4 94.8 95.1 95.6 95.7 95.6 95.3 90.5 87.6 86 85.3 84.8 85.2 85.2 84.8 84.4 84 84.4
72.9 73.2 72.9 75.4 77.6 81 84.3 84.3 88.2 83.8 85.2 94.3 94.9 94.6 95 94.8 94.2 94.2 93 92.5 93.8 93.1 93.5 92.7 92.1 92.1 90.7 90.4 90.4 90.5 89.4 86.3 85.9 84.5 84 84.1 83.5 83.4 84.2 88.8 92.5 93.2 94.7 94.7 91.2 90.5 90.8 91.6 91.6 91.5 91.8 94 94 89.5 88.2 89.4 91.4 95.6 96.8 97 97.6 97.2 96.9 96.7 97.1 97.1 96.1 95.9 95.6 94.8 94.9 95.3 95.2 95.4 94.5 91.9 88.8 86.6 86.3 86.2 86 86.1 84.5 83.7 83.6
82.2 83.7 84.1 80.6 79.8 80.1 83.2 83.6 87.4 86.6 88.2 94.4 95.8 95.2 94.8 94.1 93 92.9 93.7 93.8 93.7 93.8 93.2 93.1 92.6 92 91.7 91.5 91.4 91.2 91.1 90.1 89.3 87.6 88.1 87.3 85.3 84.3 84.3 85.5 89.4 93.1 95.2 92.1 91.3 90.7 95.1 95.6 95.3 95.5 96.7 94 93.8 89.7 88.1 89.9 92.3 95.8 97.7 98.2 97.9 97.5 97.2 97.2 97.6 96.7 96.6 96.2 95.4 94.4 94.2 95.1 95.3 95.4 94.9 93 91.8 91.8 90.4 87.3 85.9 85.8 85.6 84.6 84.2
93 84.5 81 78.1 78.2 82.7 84.6 86.3 89.2 87.7 86.6 96.2 95.2 94.9 94.5 93.7 94 94.9 94.9 94 94.5 97.6 99.2 99 98.4 97.5 94.2 94.9 93.7 91.9 92.7 94.1 93.7 93.7 92.3 90.8 86.6 86.5 85.2 85.1 86.7 90.1 90.4 91.6 90.4 94.7 96.7 94.9 95.6 96 94.9 94.2 93.7 89.8 89.2 92.4 95.8 97.3 98.9 99.1 98.8 98.1 97.7 97.7 97.9 98.3 100.2 101.4 100.3 97.3 95.9 95.5 95.2 95.2 95 94.8 93.8 92.4 90.2 89.9 89.7 89 87 86.1 86
