Game/Highland_Data/StreamingAssets/GeoData/Data/nj/NJ13.asc
ncols 200
nrows 200
xllcorner 310000
yllcorner 830000
cellsize 50
[rows 105 to 139 of 200, columns 78 to 155 of 200]
179 166.3 176.8 178.6 179.5 183.1 185.3 188.8 189.4 192.4 196.3 200.8 204.7 207.3 211.7 216.1 221.2 225.1 230.3 237 242.1 247.9 253.3 257 260.1 261.5 263.5 265.6 266.6 266.4 267.1 265.7 264.5 249 266.1 272.2 279.4 290.5 304.2 319.4 334.2 346.6 359.8 370.4 370.8 372 371.1 369 365.8 363.3 361.5 361.5 364.9 369 375.9 382.2 387.8 393.7 398.8 404.3 411 417.5 423 430.3 434.2 434.5 426.8 418.9 405.8 393.3 383.6 365.6 346.7 325.2 313.2 298.4 283.5 270.4
181.2 168.3 181 181.5 183.5 185.2 187 190 192 193.7 198.8 202.1 205.8 209.2 213.9 218 223.3 227.8 233.4 240.6 248.3 253.8 258.4 262.2 265.9 269 271.4 273.5 275.5 276.7 275.1 271.7 266.1 250.3 266.4 273 279.1 290 303.8 318.8 330.2 342.7 351.9 359.9 364.4 366.3 368 368.6 368.2 366.1 367 367.9 371.8 377 382.9 388 393.5 399.3 404.5 410.1 416.5 421.7 427.4 433.8 438.1 442.2 435.8 424.6 412.2 398.2 388.9 371.6 349.9 330.6 318.2 303.9 290.7 275.6
178.4 170.7 184.4 183.9 186.2 187.6 189 192 194.2 196.8 200.8 204.3 207.2 210.6 215.1 219.7 223.5 228.2 236.3 245 252 258 262.4 266.1 271 275.4 279.6 280.8 282.9 281.9 277.5 274.2 264.8 265.6 258.5 271 279.3 290.3 303.8 316.5 328.2 337.4 346 353.7 358.9 363 366.3 368.3 369.1 370.4 371.3 374.3 378.5 383.5 388.8 393.8 399 404.1 409.6 416.1 421.4 427.7 434.2 439.2 444.6 446.7 440.7 427.8 414.2 401.2 391.8 376.1 354 333.9 321.8 310.5 295.8 282.9
173.3 181 187.8 187.7 189.1 190.2 191.8 194.4 196.3 198.9 202.2 206.2 209.1 211.7 217.7 219.4 223.8 229.4 237.2 245.3 253.3 260 266.3 271.7 277 282.1 287.1 288.8 287.2 283.6 279.4 275.7 273 271 266.6 261.5 270.1 283.7 298.5 314.9 326.6 333.6 340.9 345.6 352.9 359.1 363.4 367.3 371 373.7 375.8 379.8 384 388.9 393.3 398.7 403.1 407.7 415.1 422.2 429.1 434.6 441.1 446.1 449.3 448.2 443.6 431 418.1 404 393.3 377.7 358 336 325.8 312.7 303.2 289.5
181.6 188 190.1 191.1 192.5 193.3 194.2 196.5 198.7 201.3 204 207.7 211.4 216.3 218.8 222.4 226.1 231.3 238.5 245.4 253.3 260.5 267.2 273 279.1 287.2 291 291.7 289.3 285.2 281.8 278.7 277 275.4 275.6 268.3 270.7 289.4 302.7 302.4 325.2 331.3 337.1 345.6 351.7 358.2 363.6 367.9 372.4 376.1 380.2 384.7 389.5 393.9 397.9 403.1 407.5 415 422.6 429.2 435.9 442.9 448.4 452.4 454.1 450.8 447.1 433.2 418.8 404.9 393 377.8 360.8 338.4 329.9 314.8 304.6 293.6
192.8 192.5 193.3 194.5 195.6 197.1 198 199 201.1 203.7 206.3 209.3 214.7 218.4 222.2 225.5 230.2 234.7 239.4 245.9 251.9 257.4 265.7 272.1 280 287.5 292.1 292 290.4 286.9 284.2 282.4 281.5 281.7 282.3 284.2 273.9 282.3 288.4 311.6 326.6 333.4 339.2 345.8 352.4 357.7 363.9 368.9 373.6 378.4 384.3 389.2 393.9 397.8 402.1 407.6 414.4 422 428.7 434 441.1 448.5 455.4 457 455.8 451.7 446.7 434.5 418.6 402.1 390.2 377.8 361.8 339.5 330.3 315.7 305 294.8
195.5 195.4 196.1 197.6 198.7 199.3 200.9 203 204.4 206.7 209.1 214.3 216.7 221.1 225.5 229.6 234.3 239.3 243.8 248.6 253.2 258.8 264.3 270.3 277.3 284.9 290.1 290.7 290.4 288.9 288 286.5 286.8 287.2 289.8 293.1 293 290.7 311.3 303.8 328.3 335 340.1 346.3 354.9 359.7 364.8 370.2 375 379.8 385.7 392.1 398 403.3 408.6 414.3 420.2 427.4 433.5 439.5 447 455 459.6 458.3 455.4 450.4 443.2 434.7 417.2 401.5 388.1 376.1 361.6 342.1 330.3 315.8 306.5 297.1
197.8 198.3 198.9 200.8 201.9 202 204.4 206.6 208.4 210.1 213.6 216.8 219.2 223.9 230 234.8 239.2 243.4 248.2 252.8 257.1 261.7 267 272 277 281.3 288.8 291.1 291.9 292 291.8 292.6 293.6 294.2 298.6 303.3 307.5 289 317.2 324.7 331.5 337.5 342.9 348.9 354.9 360.4 366.1 371.3 376.1 381.3 388 394.7 400.4 407.4 413.4 419.1 426.4 433.3 440.3 446 453.6 458.8 459.9 457.4 453.9 448.6 442.1 431.2 415.8 399.2 386.6 375.3 358.9 339 330.4 317.9 308.1 297.9
200.8 200.9 202.1 204.1 205.1 205.6 208 209.8 211.9 213.7 216 219.3 223.5 229.8 234.9 239.4 243.8 247.9 252.5 257 260.8 265.2 270.9 276 280 283.7 289.2 292.7 294.5 296.7 298.2 298.4 299.6 301.7 308 313.1 314.7 316.1 317.6 329.6 336.8 341.4 346.2 351.1 356.2 360.7 366.6 372.5 377.7 382.9 389 395.2 404.4 411.2 416.4 425 433.2 439.9 446.4 452.2 455.9 458.9 460.2 457 452.6 446.6 439.9 427.3 411.4 397.8 383.3 372 356.4 336.9 330.7 321 311 301.6
204.1 205.2 205.6 206.8 207.7 208.1 210.3 213 215.1 217.2 220.2 223.9 228.9 234.7 240.9 245.4 249.3 253 256.8 261.4 265.6 269.2 274.9 279.9 284.8 287.8 292 295.6 298.4 302.8 304.1 304.8 305.7 311.3 316.2 321 323.1 327.8 319.9 334.9 341 345.2 350 354.6 359 363.8 369 374.4 379.6 385 390.9 397.5 408 414.7 422.5 430.2 436.7 443.7 451 457.1 459.8 461.1 458.4 455.7 451.2 445.3 437.7 422.7 407.8 396.9 383.7 370.6 351.5 338.8 331.7 322.7 313.5 303.8
206 206.3 207.1 209.2 210.7 210.8 213.4 216.1 218.2 220.9 223.3 229.7 234.9 241.3 246.4 250.8 255.2 259.9 263.8 268.2 272.5 274.4 279 285.9 290.2 293 296.8 300 304.4 307.8 310 311.8 314 320 324.7 327.6 331.6 333.7 332.9 340.6 345.1 349.3 353.7 358.3 362.8 367.2 372.2 377.7 382.9 387.8 392.3 403.1 412.7 423.2 429.3 435.8 442.9 450.5 455.7 460.2 463.4 461.6 456.3 453.3 448.4 442.7 434.5 418.4 405.7 393.2 378.8 367.9 350 338.4 332.2 323.7 315 306.8
208 208.1 209.5 211.7 213.6 214 217 218.8 221.2 225.2 229.9 235.9 241.7 247.4 253.1 257.5 261.6 267.7 271 276.4 279.3 282.4 287.1 292.3 296.4 299.9 303.6 305.5 311 314.8 315.6 319 322.6 328.2 332.6 334.8 336.8 338.7 340.2 344.1 348.7 354.4 359.2 362.3 366.6 370.8 376.1 382.2 388 393.7 401.3 411.3 419 428.5 435.3 441.9 448.8 455.5 459 461.5 464.5 461 456.5 451.3 445 439.5 428.9 413.1 401.1 389.6 377.3 365.1 348.9 339 332.5 324.4 315.6 307.4
210.5 211.5 212.8 214.6 216.5 218.5 221.2 221.6 225.5 231.3 236.4 241.5 248.1 254 259.5 265.4 272.2 276.8 280 283.7 285.9 288.9 292.8 299.3 302.6 307.9 311.6 315.5 316.8 322 324 326.6 331.7 336.9 339.6 341.1 343 343.5 346.5 347.8 352.5 358.4 363.9 366.4 371.3 376.1 381.2 388.7 395.4 402.9 412.1 418.9 425.4 433 441.7 449 455.7 460.7 463.9 467.9 468.6 466.3 456.2 450.1 442.7 434.6 424.9 408.9 397.8 386.7 373.9 361.3 349.2 339 332 324.1 315.6 308.7
215.5 215 216.1 218 221.6 224.2 225.1 226.8 232.3 237 241.9 247.7 254.4 260.9 268 277 283 287.4 290.6 291 293.7 298.9 302.7 308 312.9 317 320.7 323.8 325.6 328.7 332 335.5 340.5 343.9 346.5 349 350.1 351.8 352.8 354.7 355 362.5 367.2 371.9 377.3 382.2 387.8 395.3 403.3 412 418.5 424.7 432.5 440.1 449.2 455.4 460.4 465.5 469.9 472.8 471.4 466.1 458.1 448.2 439.3 429.5 418.7 404.3 392.3 381.3 369 358.4 349.2 339.3 331.2 323.4 315.8 306.2
220.3 219 220.1 222.5 226.8 229.1 230 232.3 238 242.5 248.4 253.3 260.4 270.4 280.8 286.6 292.1 298.4 302.8 304.5 307.4 311.7 315.4 318.6 322 326.7 330.5 333.2 335.2 337.7 340.4 344.4 347.8 350.4 353.5 357.1 359.1 361.5 361.6 362 365 366.1 370.5 376.5 382.5 387.2 393.6 401.3 409.3 418 425 431.2 439.1 447.6 454.5 461 466.6 470.8 473.8 474 469.8 462.9 455.9 446 433.4 421.4 414.2 400.5 386.1 376.9 366.2 356 346.9 338 331.2 323.6 315.9 305.9
223.5 223.7 227.2 227.7 230.7 232.7 235.5 237.1 243.3 248.2 254.3 260.2 268.1 279 289 295.5 302.7 308.5 312.3 315.5 318.7 322 324.8 329.3 334.3 337.6 341.1 343.4 345.2 347.5 350.6 352.5 354.1 356.5 361.4 367.2 376.1 376.7 375.2 373.7 371.4 373 376.9 381 386.2 391.1 397.8 405.7 414.1 422.1 429.6 437.1 442.9 450.8 457.4 464.1 470.7 472.7 473.3 471.6 464.9 458 451 440.9 429.9 416.8 408.3 394.1 381.3 372.6 362.8 354.1 344.9 337 330.4 324.8 315.9 305.8
226.7 228.7 231.9 233.9 235.4 239.1 241.5 244 243.5 252.9 258.5 267 276.1 286 296.2 304 310.6 316.3 319.4 323.4 327.1 331.9 336.2 340.8 345.1 349.5 352.9 355.4 357.6 359.4 360 362.2 364.3 368.5 376.4 386.1 391.2 388.9 385.7 382.3 378.2 380.5 382.2 386.5 390.3 395.5 402.2 408.6 417.4 425 432.6 439.3 445.3 452.7 458.9 465.1 470.1 472 471.6 466.3 459.8 451.9 444.5 434.4 421.6 410.2 401.8 387.7 377.6 367.5 359.2 350.1 341 334.4 328.9 323.5 314.7 304
229.8 232.6 236.3 239.6 242.5 245.4 247.3 250.6 254.1 254.5 264 271.4 283.4 293.9 301.9 310.2 316.5 321.3 326.2 331.9 337.5 341.6 345.4 350 355.5 362.8 367.2 369.3 369.2 369.2 369.3 375.3 381.2 387.8 391.5 395.8 398.2 395.7 392.3 390 387.1 387 388.2 389.9 395.3 399.7 405.4 411.4 420.1 428.2 435.3 441.1 447.1 453.8 459.4 464.2 466.9 467.6 464.8 460.4 453.3 446 437.8 425.2 413.4 406.1 396.3 383.2 371.7 364.6 355.9 347.2 338.2 331.7 326.9 321.1 311.7 304.2
233 237.6 240.8 244.6 247.5 250.5 253.9 257 259.3 263 264.7 275.6 288 297.6 305.7 315.4 322.3 328.7 334.9 340.5 346.1 350.7 354.5 361.9 370.5 376.4 380.9 382.9 382.9 381.1 382.1 391.7 396.3 401.2 403.8 404.2 404.4 401.6 396.8 394.7 392.2 392.6 394 396.6 399.1 403.3 408.5 416.3 423.7 430.2 435.9 442.1 447.8 453.1 458 460.9 462.9 461.3 457.6 452.9 446.5 439.9 430.4 415.8 408.9 400.3 390 375.9 366.7 360 351.4 344.1 336.1 330.8 325.9 318.8 311.2 304.2
238 243.1 246.3 249.2 252.3 255.7 259.1 263.7 265.3 269.1 274.2 273.4 288.6 298.7 309.1 319.9 327.3 333.4 340.4 348.3 353.8 359.7 366.3 376.6 384.8 390.9 394.8 396.3 395.2 394.6 402 406.9 410.6 411.7 413.1 413.7 411.5 406.7 402.4 400.1 397.3 396.8 399.2 400.3 401.8 406 411.7 418.4 425 430.6 436.3 442.1 447 451.9 454.2 456.3 457.5 454.9 450.7 444.8 439.4 430.8 419 411.4 400.6 391.1 382.1 369.8 364 355.2 346.9 340.6 334 328.5 323.1 317.4 310 302.2
239.9 244.9 249.2 252.4 256.1 260.1 265.2 271.3 275.2 279.7 281.1 282.8 282.4 297.8 310.3 320.2 329.5 337 345.5 352.7 359 367.3 377.9 388.1 400.2 407.5 409 409.5 407.7 411.1 415.3 417.3 418.5 419.6 420.1 421 420.5 414.8 410 406.4 404.2 402.8 402.3 402.3 403.8 408.6 414.7 420.7 425.7 431.1 435.9 440.9 445.4 447.9 449.3 451.4 451.5 448.4 444.1 438.1 432.2 419.5 413.1 404.3 390.8 384.3 376 366.4 361.2 352.5 343.7 337.2 332.5 327 321.6 315.7 308.3 300.2
241.8 246.6 251.4 255.2 259.7 265.5 271.8 278.5 283 286.4 288.6 290.6 292.2 292.6 307.9 320.5 330.7 339 348.1 355.8 365.1 374.9 386.7 399 411.2 416.4 420.3 422.5 425.8 430.3 429.1 426.4 428.6 429.1 429.2 430.5 429.7 424.4 417 413.9 410.4 408.2 405.9 405.4 406.6 410.8 416.2 421.2 425.5 429.9 434.4 438.2 441.9 444.2 445.4 446.5 445 441.9 435.9 429.7 423.9 412.6 405.7 396.3 387 380.4 372 364.3 358.4 350.2 340.9 334.3 330.5 325 319.2 313.5 305.7 298.5
241.1 247.6 252.6 258 263.8 269.7 277.5 283.3 288.6 292.1 296.3 298.2 298.7 304.3 311.8 318.4 331.4 341.1 350.2 358.7 369.7 380 394.4 405.6 415.1 422 428.8 435.9 439.9 441.4 440 438.2 438.8 437.8 439.2 440.4 438.1 432.9 425.3 420.9 417.5 414.3 412.5 411.8 413.1 413.1 416.1 419.9 423.1 426.9 430.8 434.6 437.7 439 439.6 440.3 437.6 431.2 426.8 420.9 414.1 405.7 398.5 391.4 382.9 376.3 369.3 362.4 355.6 346.9 337.6 332 327.7 322.8 316.9 312 305.9 299.6
239.6 246.7 252.8 260.6 267.6 274 280.8 286.2 292.6 298.2 301.8 303.8 308.7 315.2 321.8 326.4 335.8 344.3 352.4 362.2 373.2 385.8 397.7 407.3 417.9 428.3 438.8 445.3 449.3 452.2 452.8 448.8 447.1 447.6 448.4 448.2 445.2 440.1 433.8 429.6 425.3 421.1 418.6 418.3 417.1 416.4 416.3 416.4 419.6 421.6 425.5 429.8 431.5 432.8 432.3 432.4 429.3 422.4 418.2 412.8 406 400.3 393.8 387 379.6 372.9 365.4 358.2 350.9 342.4 334.4 329.2 324.9 320.7 315.9 311.5 303.6 298.9
238.3 246.9 255.5 263.4 270.4 277.2 283.5 290.1 297.6 303.2 304.9 309 317 323.3 330.6 336.9 341.5 348.4 355.6 365.2 375.7 387.9 398.3 410.7 422.2 434 443.6 453.9 458.2 462.8 462.1 457.7 453.7 454.7 456.5 454.9 451.3 446.5 440.8 436.2 433.3 429.3 424.9 424.1 422.4 421.6 419.4 417.1 415.2 416.2 420.4 424.3 425.5 424.5 422.6 423.5 418.7 412.4 409.1 404.2 399.8 394.7 389.1 383.3 375.2 367.7 359.6 352.3 344.7 338.4 331.5 328.2 324.1 319.1 314.1 309.4 304.6 299.3
240.3 248.8 259.1 266.5 273.2 279.8 286.3 294.6 302 306.1 309.3 316.9 324.5 331 338.3 343.5 347.5 352.6 359.5 367.9 377.8 389.8 400.6 413.7 425.5 435.1 450.9 459.8 465.5 471.3 470 466.1 464.3 463.2 464.9 462.4 456.8 452.2 447.9 443.7 440.8 437.2 432.1 429 428.7 426.8 424 421.2 416.1 412.3 413.7 418.1 417.3 415 413.3 412.6 407.3 403.5 400.1 394.9 390.4 386.8 382.1 376 367.8 359.7 351.6 345.1 340.2 335.2 330.5 327.1 323.1 317.4 312 306 299.5 291.8
242 251.7 261.6 268.8 275 282.5 292.2 298.1 305.7 310.3 314.9 323.4 332.3 338.9 345 349.6 353.5 358 366.1 372.6 381.7 392.7 404.2 416.3 425.6 441.6 453.6 463.6 473.4 478.5 476.2 473.8 472.1 473.2 472.2 469.7 464.6 462.1 456.4 451.7 447.1 443.2 439.5 434.7 432.5 430.5 426.8 424.1 419.3 412.8 407.5 407.1 405.8 402.9 401.8 402.8 398.7 395.2 391.1 385 381.5 378.2 372.9 366.7 358.6 349.6 342.4 337.4 333.5 329.7 327.7 325.7 322.1 314.2 306.9 300 292.6 285.5
246 253.7 263.5 270.1 278.1 287.6 294.8 301.5 310.4 315.7 323.3 330.6 339.4 346.7 352.6 357.5 362 369.1 374.8 378.9 388.7 399.3 408.8 417.6 429.8 441.7 451.9 465.8 478.4 480.1 479.2 478.2 478 478 478.9 476.2 476.8 474 465.6 459.3 452.7 448.6 442.2 437.8 436.3 432.4 428.8 425.3 421 415.2 408.1 395.1 390.2 389.9 388.6 391.1 389.5 384.9 376.6 372.6 371.4 368.1 363.2 355.2 347.5 339 332.5 328.1 325.1 322.5 323.6 323.4 319.6 311.3 301.7 298.2 293.8 290.1
250.2 255.5 264.5 273.3 281.9 291.2 299.4 306 314.5 323.5 331.5 338.6 346.7 354.6 361.6 367.8 373.1 378.9 384.1 390 397 405.8 413.2 421.5 431.2 441 452.4 467.8 477.9 477.7 478.3 479.1 480.1 482.4 483.4 483.5 489.2 486.4 480 470.6 461.5 452.2 444 441.3 438.4 434.3 430.8 426.1 421.1 415.7 409.7 400.4 386.6 377.7 377 376.2 375.3 370.6 365.8 362.5 360.2 357.9 351.8 343.8 337 326 324.8 320.7 317.4 316.5 317.9 318.3 313.2 305.4 299.5 296 295.3 289.2
250.8 256.5 267.9 277.7 285.7 295.5 303.3 311 321.5 331.5 339.3 346.4 354.2 365.6 374.8 381.2 385.4 388.3 392.3 398.2 405 411.9 417.8 423.5 431 441.4 456.5 468.9 471.7 474 475.1 475.9 479.4 483.4 490.2 494.6 498.5 496.2 487.8 478.5 469.5 457.6 446.3 443.4 440.5 435.7 430.3 425.3 419.2 413.4 407.6 397.1 385.7 372.8 365.7 362 364.7 360.8 354.5 352.9 351 347.5 341.5 335.6 330.2 324.2 322.2 314.7 310.7 310.4 311.7 312.3 307.3 298.5 295.1 295.8 293.3 288.6
252.5 260.1 270.4 280.3 290.3 301 311.4 320.2 329.5 337.9 345.9 353.5 365.4 378.2 385.5 390.8 395.1 398 401.7 406.6 414 418 422.6 428.2 433.6 445.9 457.4 464.8 465 466.8 469.5 472.4 477.2 484.3 490.8 497.4 500.2 496.9 488.8 480.2 472.5 463.6 450.9 445.1 442.6 436.3 429 423.1 417.1 409.9 402.7 392.4 382.5 371.6 365.2 359.1 353.4 350.5 347.9 343.8 341.7 339.3 334.7 330.8 325.9 321.9 320.9 310 306.3 304.7 305.1 305.8 301.9 296.9 292.4 289.6 287.3 283.2
254.6 262.2 272.7 284.3 296.2 307.8 317.8 327.3 336.1 344 354.8 364 377.6 388.3 394.8 399.1 402.1 405.5 407.7 413.5 418.7 424.6 428.7 433.1 440.1 450.6 456.6 458.5 459.2 461 463.9 466.9 472.4 479.8 488.2 493.5 495.4 491.9 485.8 478.9 473.2 464.7 453.4 448.1 442.9 435.8 428.3 421.5 414.7 407.1 398.7 389 380.2 372.2 364 351.1 345.3 339.9 339.9 336.7 334.5 332 328.6 325.5 322.1 319.2 314.3 306.3 301.2 298.2 300.4 302.7 300 294 286.9 284.4 279.5 281.3
257 265.6 276.8 288.7 301.9 312.9 323.4 332.2 340.9 350.5 363.5 376.2 388.3 396.3 401.9 404.6 407.2 410 411.6 418.1 422.9 427.5 430.8 434.9 444.3 450.2 451.1 451.2 452.5 454.2 456.7 460.7 466.9 474 480.7 485.6 486.9 483.4 478.8 475.1 471 464.1 456.9 451 444.5 435.9 427.6 420.8 412.3 404.4 395.6 386.2 375.1 365.4 362.2 356.8 351.9 346 340.6 333.4 328.6 325.8 323.8 321 318.1 316.2 306.3 301.4 297.4 294.3 293.9 294.8 294 288.8 284.5 281.4 277.3 282
258.9 269.6 279.6 293.7 306.5 318.4 327.1 334.7 344.8 359.8 372.5 385.9 395.1 401.9 406.4 407.9 408.4 408.7 411.9 415.4 419.1 423.5 426 430.8 439.2 442 443.2 443.6 444 445.5 448.6 453.7 459.5 466.2 472.6 477.2 478.2 475.5 471.9 470.2 466.4 463.1 457.3 451.2 443.4 436.4 427.8 418.8 410.4 399.6 389.9 386.9 380.4 371 366.4 360.1 354.8 350.6 345.3 336.4 330.8 325.4 322.5 316.3 320.2 313.2 306.7 302.2 296.6 291.1 287.1 286.6 285.7 279.2 279.1 275 278.3 279.9
256.9 268.2 280.3 295.7 308.6 319.6 328.1 337.6 349.7 365.9 380 388.7 397.2 400.4 402.8 403.8 403.1 402.4 405.6 407.7 411.2 413.7 414.8 419.7 425.5 430.2 433.2 435.6 435 436.7 440 446 452 458.4 464.4 467.5 468.8 466.9 466.2 464.4 462.7 460 455 448.7 442.1 435.6 428.3 419.4 408.6 398.6 397.4 392.6 385.7 375.6 373.6 365.7 361.1 354.9 348.4 339.3 331 327 323.7 319.9 319.6 313 309.7 306.8 300.4 294.4 289.1 284.1 281.1 278.2 276.5 274.5 273.7 276.2
