Game/Highland_Data/StreamingAssets/GeoData/Data/nj/NJ24.asc
ncols 200
nrows 200
xllcorner 320000
yllcorner 840000
cellsize 50
[rows 105 to 139 of 200, columns 0 to 78 of 200]
267.1 267.5 265.9 265.8 266.4 266.5 266 264.1 261.8 261.3 259.9 257.9 256.4 254.2 253.7 253.6 254.6 254.9 255 254.9 254.8 254.7 252.7 252.5 251.2 248.9 246.6 243.8 241 236.2 232.3 228.9 224.8 221.5 219.4 214.9 206.9 201 200.1 209.5 211.8 214.3 213.1 219.6 227 233.8 239.2 244.1 248.5 252.3 254.2 254.3 256.3 256.6 256.2 256.3 257.2 257 256.7 256.4 257.1 256.5 255.8 253.7 249.1 247.4 246.4 244.6 243.2 241 242 244.2 248.5 250.7 250.8 250.3 249.5 248.6 247.9
263.9 263.6 263 262.6 262 262.3 262.2 261.2 258.8 257.3 256 254.1 253.5 252.4 251.9 251.2 252.3 252.6 252.9 252.8 253 253.3 251.7 250.6 249.6 247.8 244.5 242.3 239.7 236.8 233.2 229.7 225.9 222.6 219 216.5 211.2 200.6 199.8 200.8 204.4 205 209.7 215.9 223.3 230.8 236 241.6 246 249.1 250.8 252.2 253 252.3 252.9 253.7 254.6 254.7 254.2 254.6 255.5 255.9 255.1 252.8 247.8 246.1 245.1 242.5 240 239.4 240.3 241.6 245.4 247.4 248.7 249.2 248.6 247.3 246.8
260.6 260.4 260.3 259.3 259.5 258.2 257.3 256 255 252.8 252 250.7 250.4 250.3 249.7 248.9 249.2 249.7 250.3 250.8 251.3 251.7 250 249 249.6 246.7 243.8 241.4 238.8 236.2 233.1 230.2 226.5 224.3 220.5 217.2 212.3 206.7 199 198.8 200 201.6 206.2 211.3 217.8 227.5 235 240.7 243.8 246 247.3 248.3 249.5 249 249.2 250.8 251.9 252.4 252.4 253.7 254.1 254.7 253.6 251.4 246.6 245.2 244.4 241.8 239.4 237.1 237.6 240.4 243 245 246.1 247.1 246.5 247.3 247.2
258.3 257.8 257.8 257.2 256.9 256.2 254.9 253.9 252.2 250 248.6 247.4 246.5 246.5 246 245.5 245.7 246.3 246.7 247.3 247.8 248.3 246.9 247.4 247.8 244.9 242.6 240 237.9 234.6 232.2 229.8 227.2 224.7 221.8 218.1 214 209.7 198.7 197 197.8 200.6 203.7 210.2 216.3 229.1 235.3 238.6 241.8 242.9 243.2 244.7 245.8 246.2 246.8 249.1 249.9 250.6 250.9 251.7 252.6 253.5 253.3 251.7 244.8 244 242.7 240.9 238.4 236.3 236.7 238.7 241.3 243.7 245.1 243.9 244.2 244.1 243.7
256.1 255.6 255.2 254.8 254.3 253.5 252.8 251.7 250 247.6 246.8 245.9 244.3 243.1 242.5 242.4 242.2 242.8 242.9 243.8 244.3 245 244.8 245 244.2 242.1 239.8 238.6 237.6 235 230.3 227.7 226.1 224.4 222.2 220 215.9 211.3 206.1 198.4 196.1 196.6 202.8 208.3 218.7 230.3 234.2 236.4 239.7 240.3 241.3 241.6 243.8 244.7 245.2 247.9 248.5 248.8 250 250.7 252.9 252.7 251.3 251.2 243.8 242.2 240.9 238.9 237.4 235.1 234.6 237.6 240.1 242.4 243.3 243.1 241.9 241.5 241.8
253.6 253.1 252.4 251.1 251.1 250.4 250.1 248.3 247 244.9 244.5 243.4 242.5 241.6 240.8 239.7 238.5 239 239.6 240.2 240.8 241.7 241.9 242 240.7 238.3 236.8 236.7 235 233.1 228.7 225.5 223 221.4 219.5 217.9 215.8 211.3 206.7 194.8 194.8 195.5 202.5 210.7 220.8 229.8 233 234.7 236.8 238.4 239.3 239.9 241.4 242.6 244.7 247 247.3 248.2 248.5 250.3 252.6 252.3 250.1 249.2 242.9 241.4 239.5 236.9 235.7 234 233.8 237.2 239.4 240.5 241.2 240.4 240 240.4 239.9
250.7 251.2 250.6 249.1 248.2 248.4 247.1 246.1 245.3 243 242.9 241.7 240.9 240.1 239.1 237.8 237.4 236 235.5 236.7 237.5 237.9 238.5 238.8 237.6 235.5 235.3 234.2 232.3 230.4 226.6 224.2 221.4 219.4 217.4 215.8 213.2 209.6 205.3 193.8 194.7 197.4 203.6 209.9 220.1 229.1 230.9 233.1 234 235.4 236.8 238.6 239.3 240.6 244 245 244.9 245.3 247 249.1 249.8 250.3 248 243 240.3 238.5 237.4 235.6 234 233.6 232 235.8 238.9 239.5 238.6 237.7 238.7 239.2 239.4
247.9 248.5 248.3 247.1 247 246.4 245.8 245.1 243.9 242.1 240 239.5 238.6 237.6 236.1 235 234.5 233.8 232.9 232.4 233.4 233.8 234.3 234.7 234.7 233.2 232.4 231.8 230.2 228 225.8 224.1 222.9 221.8 218.8 213.8 209.4 206.3 203 193.5 194.9 200 204.7 212.2 219.5 226.2 229.8 230.8 231.5 233.5 235.1 236.6 237.5 240.1 243 244.9 243 242.4 244.3 246.5 245.7 246.3 244 239.1 236 236.1 235.1 234 231.4 230.3 229.8 233.6 237 238 237.5 235.2 236 237.2 237.9
245.6 245.8 246.2 245.9 245.7 244.5 243.6 243 242.1 240.1 238.3 236.3 236 234.4 232.8 231.5 230.2 229.4 229 228.9 229.5 229.7 230 231.6 231.2 229.7 229.3 228.1 227 225.2 223.4 221.5 219.7 218.7 217.7 215.3 209.9 206.1 200.2 192.7 193.7 200.2 206.9 214.4 220 225.2 228.7 229.1 229.7 232.1 233.8 236.1 236.3 239.1 243.7 245.6 242.3 241 241.9 244.7 241 240.1 238.8 234.4 233.7 234.1 232.9 232.1 229.2 226.6 231.1 232.7 236.5 236.2 234.5 232.6 233.1 234.3 235.4
244.2 243.5 244.1 243.8 243 242.8 241.8 240.9 239.3 238.1 236.6 235 234.1 232.3 230.1 228.4 226.5 226.2 226.7 226.8 226.4 225.4 225.9 227.3 227 226.1 225.9 224.8 222.7 221 219 216.8 214.9 213.3 213.3 212.5 210.6 206.6 194.7 191.6 194.6 201.6 207.8 216 221 224.9 227 227.8 228.2 230.6 232.7 234.9 235.6 238.4 241.7 243.2 240.6 238.9 241.7 242.5 239.4 237.8 236.4 231.3 231.3 231.7 230.8 230 226.1 227.4 230.5 232.3 234.1 234.3 232.8 230.7 231.2 231.9 232.8
242.6 242 241.9 241.4 241.3 240 239.8 238.6 236.7 236.1 234.3 233.1 231.5 229.6 227.5 225.4 224.1 223.6 223.7 223.3 222.3 222 222.8 221.3 220.9 220.6 221.2 221.3 219.7 217.4 213.7 211.6 210.1 207.8 206.8 207 205.8 203.8 191.6 191 200 204.8 209.3 216.5 222.2 225.2 225.3 226 226.7 228.3 230.5 232.1 234.1 235.2 237.5 237.8 237 236.3 239.6 239.8 235.9 235.6 233.8 230.2 229 229 227.9 226.3 224.8 225.8 227.7 229.5 230.3 231.8 230.7 228.6 230 229.3 230.4
240.2 240.2 240.1 239.7 237.9 237.5 236.9 236.3 234.9 233.3 232.4 230.9 229 226.7 224.1 220.4 219.4 219.6 219.5 218.6 218.4 217.9 217.3 215.8 214.2 214.3 215.1 215.4 214.6 212 208 205.7 203.4 201.7 200 200.4 200 195.5 190.1 190.9 200 206.9 209.9 215.9 221.7 225.3 224.2 224.6 225.7 227.5 228.8 229.6 229.8 230.9 233.2 233.8 232.2 234.2 237.7 237.3 234.1 232.7 231 228.9 228.3 227 225.3 224.4 224.2 224.4 225.8 226.5 227.4 227.7 227.6 227.8 228.8 229.3 228.5
237.5 237.2 237.1 237.1 236.6 235.4 234.3 233.7 232.6 231.5 230.5 229.4 228.1 225.1 222.5 219.8 215.5 214.4 215.3 215.4 214.3 213.6 212.7 210.4 208.5 208.5 208.9 208.6 207.2 204.7 200.9 198.8 196.3 195.5 194.5 195 193.1 188.8 189.4 191.8 200 205.8 209.8 215 220.2 222.4 222.1 222.1 224.5 226.8 227.1 227.6 227 226.9 227.5 227.2 227 231.1 234.8 234.8 232.1 230.2 228 226.9 226.3 224.7 223.5 222.2 222.2 223.6 224.7 225.7 226.3 227.5 225.5 227 227.9 228.4 227.6
234.7 235.5 236.4 235.8 233.8 232.7 231.6 231 229.9 228.4 227.4 226.9 225.8 224.6 219.8 216.8 212.8 211.5 212.2 212.3 211.3 210.5 208 205.8 204.6 202.8 202.1 199.7 198.4 196.4 193.5 192.9 190.8 189.7 189.2 185.8 186.9 187.9 189 194.2 200.1 205.2 208.7 213.6 217.3 219.1 219.5 220.3 222.8 226 225.6 225 225 224.6 224.5 224.1 224.5 226.6 231.8 232.9 231.5 227.7 225.6 223.8 223.4 223.2 221 219 221.7 222.2 222.1 222.1 221.4 225 223.5 225.1 226.9 226.9 226.6
231.2 232.5 233.7 233.1 230.9 230.3 229.6 228 226.7 225.2 224.4 224.3 224.1 221.8 218.5 214.2 211.3 208.3 208.3 208.8 208.7 207.5 205.3 202.2 200.5 198.3 196.8 193.7 191.9 190.7 187.9 185.5 184.8 185.5 185.8 187 189.6 188.9 192.7 196.4 201 204.4 207.4 211.5 214.2 215.7 217.1 218.2 220.6 223.6 223.7 223.1 222.7 221.1 221.1 220.9 222 223.3 226.3 228.7 226.4 222.5 221.9 221.5 221.3 219.9 217.7 218.7 219.5 221.1 220.1 219 219.1 219.8 220.7 222.2 224.5 225.3 225.2
226.4 227.5 228.1 228.6 228.6 227.6 227.2 225.6 223.7 222.2 221.6 220.6 219.3 219.3 216.4 211.6 208.4 206.2 204.9 206.1 206.5 204.1 201.6 199.2 197.7 196.5 194.3 191.5 188.4 183.2 181.1 182.4 183.7 184.6 189.4 193.3 194.8 195.2 197.2 198 201.2 203.2 206.1 209 211.2 212.9 214.7 216.6 217.9 220.2 221.5 221.3 220.2 218.7 217.2 217.1 218.1 220.7 222.1 223.3 222.7 219.6 218.4 218.5 219.1 218.7 216.1 217 217.3 217.7 218 217.3 217.4 217.2 218.5 219.3 221.8 223 222.4
222.4 222.7 223.3 223.2 224.8 223.1 223.2 221.7 220.3 219.9 219.7 218.6 216.2 215.2 212.9 209.2 206.5 204.9 203.9 203.2 202.9 200.4 198.4 196.6 195.1 193.9 191.3 189.4 180.2 179.6 185.7 191.8 193.2 192.2 192.8 195.4 197.1 198.6 199.6 199.7 200.9 202.1 203.4 206.5 208.3 210 213.1 214.5 216.2 217.6 218.2 218.1 217.9 216.6 214.4 214.9 216.4 217.4 218.4 221 219.9 219.1 217.3 215.6 216.2 216.5 213.8 215.3 215.6 216.2 215.3 214.6 214.3 215.2 217.4 218.3 219.2 220.3 220.4
218 217.1 217.2 217.1 218 217.9 218.5 217.7 216.7 216.5 217.1 216.3 213.9 210.7 208.5 206.7 205.1 203.1 201.6 200.6 199.4 198.3 197.1 194.7 193 191.9 189.4 181 179.5 179.5 186.4 192.1 195.4 195.7 197.5 198.9 199 200.8 201.3 201.1 202.1 202.7 204 205.9 207.5 208.5 211.2 212.5 213.8 214.6 215.4 215.1 215 214.9 212.7 213.1 214.1 214.1 215.8 218.1 218 216.6 216.6 213.6 214.4 214 212.4 213.6 214.2 215 213.9 212.5 211.7 212.6 214 216.2 216.9 218 218.5
213.8 213.7 212.6 211.6 211.2 211.1 212.8 213.2 212.6 211 210.9 211.6 209.4 206.8 205.7 204.8 203.2 201.8 200.7 199.4 198 196.4 194.4 192.4 191 189.5 185.6 178.1 178 180.5 188.9 195 197.1 197.1 199.8 202.9 203.8 202 203.3 202.1 202.6 202.8 203.7 204.7 206.6 207.6 209.5 210.6 211.7 212.1 212.6 212.7 212.8 212.5 211.9 211.6 211.4 212.3 213 213.3 212.8 212.9 212.1 211.2 210.8 211.7 210.3 211.9 212.5 213 211.7 210.8 210.7 211 212.2 213.5 213.6 215.5 216.5
211.3 211.5 211.1 208.2 206.4 205.9 206.5 207.9 206.6 207.1 206.8 206.5 205.7 204.6 203.2 202.5 201.2 199.3 198.4 197.3 195.7 193.5 191.8 190.7 189.2 187.4 182.2 178.2 177 181.4 192.8 198.4 199.2 199.1 201.6 204.5 204.5 204.6 204.2 203.5 204.2 203.8 204.1 204.7 206.1 206.3 207.5 208.6 209.5 210 210.8 210.5 210.9 210.4 209.9 210.1 209.5 210 210.8 209.4 210.4 210.9 209.9 208.7 207.5 206.6 208.8 210.5 211.4 211.1 210.1 209.7 209 210.2 210.8 211.1 211.2 213 214.2
206.4 207.8 207.3 204.7 204.2 202.3 203.1 203 203.6 203.7 203.8 204 203.2 202.4 201.4 200 198.9 197.9 196.5 195.7 194 191.9 190.5 188.3 189.1 187 181.7 177.1 176 184.9 193.5 198.3 202 203.1 202.7 204.6 205.1 206 205.6 205.2 205.7 205.2 204.6 205.3 205.7 205.3 205.6 206.7 207.4 208.1 208.8 209.2 209.3 209.4 209.4 208.6 207.6 207.4 207.2 207.6 208.9 208.2 207.7 207.4 205.8 205.4 208 208.2 209.3 209.7 208.2 207.9 207.5 208.1 208.8 210.1 210.4 211.3 212.6
203.1 202.7 201.6 200.9 200.8 200.7 200.6 200.4 201.3 202.4 202 201.5 200.8 200.1 199.6 198.2 196.9 195.9 194.6 193.8 191.9 190.9 190.7 187.1 182.2 184.9 178.1 175.6 175.7 186.1 192.5 197 200.3 204.3 204.3 204.3 205 207 205.8 205.1 206 205.8 206 206.1 205.2 205.5 205.2 206.2 206.1 206.4 206.8 207.5 207.9 208 208.2 207.8 206.2 204.4 204.4 203.3 204.5 204.8 204.1 205.2 203.7 204.4 205.6 206.9 207.5 207.6 206.7 206.5 206.2 206.7 207.6 208.2 208.8 210.1 210.7
199.8 199.1 197.8 198.6 199.3 199.5 199.7 199.6 199.6 200.4 200.4 201 199.9 199.7 198.1 197.7 196.3 194.7 192.7 190.5 189.3 188.8 190.3 188.3 184.3 177.6 174.3 174.2 182.6 187.9 192.9 195.7 199.8 202.9 205.8 205.6 205.9 206.6 206.4 205.5 205.7 205.6 205.7 205.4 205.3 205.1 204.8 205.5 205.3 205.6 206 206.3 207 206.9 207.2 207.4 205.6 203 201.6 202.3 202 201.5 201 200.6 201.9 202.8 203.4 205.2 205 206 205.8 205.5 204.6 205.4 206.1 206.8 208.2 209.2 209.9
197.7 197.2 196.2 195.8 196.3 197.3 197.8 197.7 198 198.4 199.5 200.1 199.8 199.3 198.1 196.9 195.7 194.4 191.7 188.3 186.4 187.3 187.8 181.3 170.4 175.7 179.2 179.9 184.2 190.9 195.6 196.5 198.8 201.7 204 206.3 206.4 206.1 205.5 205.9 205.5 205.1 205.6 205.6 205.4 204.1 204.6 204.2 204.4 204.6 205.8 206 206.3 205.9 206.6 206 204.7 201.5 199.9 199.6 200.2 200.1 199.3 198.4 199.3 200.2 201.4 203.1 203.8 203.5 204.1 203.9 202.9 204.5 205.1 205.7 207 207.8 208.9
198.1 195.4 194.9 194.2 194.4 195.4 197.4 197 198.1 198.1 199.4 199.9 199.1 197.9 197.1 195.7 193.8 192.2 190.9 188 184.8 183.5 185.1 166.7 173.5 177.5 181.8 182.4 186 191.3 195.7 198.3 199 200.8 202.8 204.4 205.4 206.1 205.2 205.2 205.1 205.3 205.1 205.4 205.1 203.6 203.7 203.2 203.2 203 204.4 205 206.2 205.6 206.3 205.7 204.1 200.7 198.9 198.3 197.2 198.1 197.4 197.2 196.5 198 198.6 201 202.1 201.7 202.7 202.3 200.8 202.2 203.7 205 205.7 207 205.7
196.3 194.2 193 192.8 193.1 193.8 194.7 196.1 197.2 197.9 198.1 198.9 197.9 197 196 195.3 193.5 191.1 189.8 188 183.5 172.8 172.1 166.5 175.5 179.5 183.1 184.4 186.3 190.5 192.8 195.4 198.2 199.9 201.6 203.3 204.2 205.6 205.4 204.8 205 205.2 205 205.2 204.3 203.1 203.8 203 203.2 203.3 203.9 204.4 206.3 206.3 206.6 207.1 204.7 201.1 199 197 195.6 195.8 195.1 194.9 195.4 196.3 196.8 197.7 199.4 201 201.7 200.8 199 200.5 201.3 201.6 203.7 205.4 204.4
193.4 192.4 191.7 191.9 192.6 193.5 194.3 195.5 195.6 196.8 197.9 197.6 196.7 196.2 194.9 194.5 193.1 190.8 189.5 188.3 184.9 166.9 161.9 167.6 179.5 181.4 183 184.4 186.9 192.2 192.4 195.1 197.4 198.8 200.4 202 203.3 204 205 204.2 204.3 204.6 205 205 204.5 203.1 202.9 202.8 203.3 203.7 204.2 204.4 204.8 205.9 205.1 205 203.2 198.5 197.7 197.3 195.8 194.1 193.5 193.5 193.9 195 195.9 195.4 196.5 198.5 201.1 198.5 197.5 198.6 199.9 199.8 200.9 202.7 203.7
192.7 191.2 190.3 190.9 191.3 192.6 194.2 195.6 195.1 195.7 196.8 197.5 196.1 194.5 193.7 192.7 191.2 189.8 187.8 186.1 179.6 161.5 166.7 183.3 182.4 182.8 182.7 183.8 186.7 189.9 192.4 194.4 196.2 198.2 200 200.7 201.6 202 203 202.6 203.4 204.4 204.7 204.6 204.5 203.2 203.2 202.7 203.2 203.9 204.5 204.4 204.4 205.4 206.6 207.4 201.7 197.8 196.7 195.9 194.7 193.9 192.5 192.1 192.5 192.2 194.9 194 195.1 194.8 196.5 196.9 196.2 197 198.4 198.5 198.3 200.1 200.9
191 190 189.7 190.3 191.1 192.5 193.6 194.7 194.6 194.5 195.5 194.9 195 194.1 193.6 191.3 189.9 186.5 184.3 182.9 175.5 159.7 169.5 181.3 183.3 183.5 183.2 183.9 186.7 189.7 191.9 193.4 194.9 196.6 197.5 198.6 199.9 201.2 201.8 202.8 203 204.4 204.5 204.4 203.7 203 202.4 202.6 202.8 203.3 204 203.7 204.7 206 205.7 205.3 201.6 197.9 195.8 195.1 193.3 192.2 191.4 191.2 191.7 191.1 192.6 192.3 192.6 193.1 193.2 194.3 194.3 194.4 196.1 196.4 197 198.3 197.4
190.2 189.2 186.4 187.8 188.8 190.9 192.5 193.5 193.7 193.9 194.9 195 194.7 195.1 192 190.3 186.9 184 180.7 178.5 175.4 158.1 174.3 179.2 182.3 182.6 182.4 182 185.5 189.6 191.6 192.7 192.9 195.7 197.6 199 200.2 200.8 201.7 202.5 203 204.1 204.2 203.8 203.3 202.6 202.8 202.3 202.6 202.9 203.5 203.7 204.2 205.7 205.2 203.4 199.6 197.8 195.6 194.7 192.4 191.1 190.6 190.2 190.4 190.6 191.5 192 192.4 191.7 191.1 192.9 192.3 191.8 192.3 194 193.9 196.4 195.4
188.8 186.9 186 185.5 187.5 189.3 191.1 191.9 192.2 192.8 194.3 195.7 195.2 194 192.3 189.4 185.1 182.3 178.3 173.5 172 168.5 163.9 172.5 179.6 181.5 181.4 181.3 184.4 189.9 190.9 191.9 192.1 194.1 195.9 198.9 199.3 200.1 201.9 203 203.3 203.4 203.9 203.8 203 202 202.5 201.9 202 202.2 202.4 202.4 202.7 204.1 203.8 202.2 198.5 196.8 195.4 194.2 192.3 191.1 190 189.5 189.4 189.1 190.4 191 191.6 190.9 190.2 190.5 191 191.1 191.3 192.3 193.5 193 194.6
186.2 185.4 185.3 183.9 185.8 187.8 189.4 191 191.6 191.9 193.3 194.6 193.2 191.8 191 189.5 185.2 182.7 179.4 171.8 164.9 158.7 163 173.7 181.4 181.3 180.8 180.7 184.4 190.4 191.3 191.7 192.1 192.7 194.3 195.9 198.5 200.3 200.9 202.4 203.1 203 203.5 203.2 202.4 201.6 202 201.7 201.5 201.4 201.2 201.5 201.3 200.5 200.1 199.2 197.5 195.8 194.6 193.5 191.6 190.1 189.5 189 188.8 189.4 189.6 190 190.5 189.6 189.6 189.1 188.8 190.4 190.4 191 192 192.3 192.1
186 184.5 182.9 183.1 184.4 186.2 187.8 189.3 190.3 190.6 191.7 191.8 191.2 189.8 190.9 190.5 185.7 182.1 177.8 166.6 152.6 160 167.2 174.8 180.6 180 179.8 181.1 184.2 189 190.4 191.8 192.3 192.5 193.4 195.4 197.6 199.8 201.2 202.8 202.8 202.7 203 202.6 202.7 202.5 202.2 201.3 201.1 200.8 200.8 201.3 200.5 199.7 197.6 197.3 196 194.6 194.3 193.4 190.8 190 189 188.6 188.1 188.8 188.8 189 189.4 188.8 188.3 188.2 188.6 189.4 189.7 189.2 190 190.3 190.3
184.4 183.6 181.6 182.1 183.5 185 187.2 187.8 188.5 189.4 190.6 190.9 190.6 189.3 188.6 187.4 183.8 178.8 174.7 155.8 157.1 169.4 175.5 180.2 179.6 179.1 180.2 181.3 183.7 187.9 191.2 191.4 192 193.2 194.1 195.4 195.8 200.8 201.1 201.8 202.8 202.5 202.6 202.5 202.3 202.4 202.3 201.3 200.6 200.6 199.5 199.3 199.2 198.9 196.9 195.4 194.6 193.9 193.6 193.2 190.1 188.8 188.2 187.8 187.4 187.8 188.7 189.1 188.4 188.2 188.1 187.7 187.4 187.9 187.8 187.6 186.9 187.4 188.2
182.5 182.2 180.4 180.4 181.6 182.5 183.3 184.3 185.6 186.6 187.7 189.4 188.8 186.8 183.9 180.9 177.8 173 158.8 151 168.4 166.9 178.5 179.9 179.1 178.5 179.4 180.6 183.6 188.7 191.3 191.8 192.8 193.9 195.1 195.8 196.2 198.3 199.9 201.6 202.7 201.8 201.9 202.9 202 201.7 201.6 201.7 201.1 199.6 199.4 199.2 198.5 197.5 195.8 195.1 194.1 193.4 192.2 191.3 189.1 187.8 187.6 186.9 186.3 187.4 188.3 188.8 187.2 187.2 187.3 187.5 187.5 187.2 186.4 187.5 184.2 183.6 185.4
