Game/Highland_Data/StreamingAssets/GeoData/Data/nj/NJ32.asc
ncols 200
nrows 200
xllcorner 330000
yllcorner 820000
cellsize 50
[rows 140 to 174 of 200, columns 0 to 77 of 200]
631.4 626.9 624.6 621.4 620.2 617 616.5 613.4 611.8 612.3 617 622.1 625 622.4 614.9 606.9 601.4 595.2 591.9 587.4 589.3 592.5 594.6 593.6 582.2 593.8 599.6 604.8 607.5 611 611.2 610.1 608.7 607.2 607.5 607.1 606 602.8 597.4 595.9 600.5 602.8 605.6 607.9 608 606.6 603.6 602.9 603.9 603.1 601.6 599.5 597 593.3 588.3 581.4 574.2 570.1 565.5 562.4 559.2 557.7 556.6 535.6 519.4 511.7 506.5 503.1 498.2 504 509.2 520 530.7 541.5 553.1 564 574.9 584.5
635.4 631.5 630.9 628.7 626.8 623.8 624.1 621.8 621.9 623.8 626.3 631.7 633.9 631.1 622.4 611.7 607.1 602.2 596.7 593.1 594.6 596.9 598.5 597.7 589.7 597.7 603.5 608.4 609.9 612.7 613.1 612.1 611.4 609.9 609.4 610.6 610.2 607.6 602.7 597.8 601.4 602.6 604 605.8 606.4 605.8 604.6 604.3 604.5 604.4 603.1 600.6 598 594.2 589.5 583.4 575.9 570.7 566.3 563.3 561 559.9 559.5 553.2 534.8 518.6 510.8 504.8 500.7 504.1 508.6 518 524.3 539.8 551.5 561.5 571.9 580.5
637.8 636.2 635.5 633.9 632.6 631.7 630.8 630.9 630.6 632.2 637 642.1 641.7 639 630.1 620 614 608.3 601.4 598.1 599.3 601.5 602.4 600.7 597 599.2 605.6 611 612.8 613.4 613.6 613 612.3 609.8 611.5 612.1 612.5 609.8 605.7 601.7 600 601.4 602.4 603 603.9 603.7 603.6 603.1 603.3 604.6 603.5 600.5 597 593.9 588.3 583.2 577.3 570.8 566.3 563.1 560.3 559.5 557.5 556.7 548.7 530.3 519.7 504.4 502.5 505.5 510.6 519 527.9 534.7 547.3 557.8 567.7 576.1
639.2 639.1 639.3 638 635.9 635.4 636.2 638.3 639.8 640.9 647.9 653.4 651.8 646.7 633.7 626.1 619.8 613.1 606.2 603.4 604.6 605.1 606 605.1 602.7 602.1 607.8 610.6 613.4 614 613.9 612.9 611.7 610.9 610.6 612 611.9 610 606.6 602.4 598.6 599 599.7 599.8 600.3 600.5 601 600.9 601 601.6 601 597.6 594.3 590.7 586.7 582.3 577.9 571.4 566.1 561.6 558.6 555 547 533.7 521.5 514.6 517.7 514.8 510.2 504.3 511.5 517.5 526.2 534.3 542 551.3 562.2 570.7
638.9 640.3 640.5 639.4 638.8 640.2 641 642.4 645.8 647.9 656.9 661.2 660.5 652.7 640.3 633.3 626 616.9 611.1 609.9 610.4 610.4 609.9 608.3 604.7 605.1 609.4 612.8 614.3 613.5 613.2 611.7 610.7 610.3 608.6 610.3 609.4 607.6 605.1 601.5 595.8 596.8 596.5 596.2 596.4 596 596.5 596.7 596.4 596.9 595.5 592.7 588.8 587.2 584.7 580.6 577.2 571.8 565.5 560.7 557 548.5 524.8 524.9 542 546.8 543.6 535.8 518.5 512.2 508.2 513.7 522.3 532.6 540.9 547.9 553.6 564.5
635.3 638 638.6 638 639.9 641.6 643.1 646.1 648.8 653.3 661.8 665.4 665.1 657.6 646.2 638.8 631.1 621.6 616.4 615.5 615.4 615.1 613.4 611.1 608.7 608.4 612.7 614.2 614.5 614.3 612.8 610.7 609.7 607.6 607.9 607.5 606.7 604.5 601.8 599.3 595.4 592.3 592.7 592.2 592.1 591.9 591.7 590.7 590 589.8 588.3 586.2 584.1 582.2 580.8 578.6 574.8 571 565.1 560.4 555.8 543 524.6 534.6 558 559.3 554.5 549.7 529.8 515.7 507.7 511.2 521.1 531.5 539.4 546.5 553.2 558.1
628.8 632.5 634.3 636 638.7 641.2 644.3 647.2 651.6 655.1 664 666.8 666.7 659.7 650.3 643.9 634.2 625.4 620.6 620.1 619.9 619.3 617 614.5 611.3 613.2 615.3 615.3 615.5 614.1 612 610.3 608 606.1 605 603.7 602.1 600.3 597.5 595.1 592.3 589.8 588.4 587.9 587.5 586.5 586.2 584.7 583.5 582.4 580.5 578.5 577.5 576.7 576.5 575.7 573.6 569.5 565.3 560.7 556.5 546.9 526 542.2 554.6 562.6 560 557.1 547.4 524 507.5 511.7 520.3 528.7 537.8 544.8 550.2 555.7
615.3 622.1 625.7 631.3 635.1 638.8 642.4 647.2 652.3 657 664.2 666.5 666.3 661.5 652.9 645.1 636.9 628.1 626.1 625.3 624 622.8 620.7 618.1 613.4 617.4 618.9 618.9 617.4 615.1 611.7 608.7 607.1 604 602 599.6 597.6 595.7 592.4 590.3 588.3 585.9 583.7 583.6 582.7 581.9 580.8 578.5 575.5 574.9 573.2 571.3 571.5 570.9 573.2 571.6 572.5 569.9 564.9 561 557.1 551.5 533.4 542.7 553.9 559.2 562 560.4 551.6 534.2 514.5 510.1 519.3 526.7 534.8 544.1 548.7 552.7
599 606.8 613.5 622.7 630.1 634.3 639.9 644.8 650.7 655.4 662.7 664.9 664.9 660.4 653.8 645.3 638.1 631.4 630 629.9 627.8 625.7 623.9 620.4 618.5 620.9 621.6 620.9 619.6 616.2 613.2 608.4 605.4 602.2 598.4 596.4 594.2 591.8 589.2 587.2 584.9 581 579.6 577.8 577.3 577.1 575.6 572.9 570.6 568.1 566 564.1 565 568.3 570.5 570.9 570.4 568.5 564.5 559.8 556.6 544.9 533.4 548.7 554.8 556.8 557 557 547.7 537.5 524.1 509.2 516.4 527.3 532.8 541.5 547 551.2
579.9 590.3 598.4 607.8 617 624.8 633.4 640.5 646.8 653 658.3 661.8 661.8 656.3 651.6 645.5 638.2 633 632.2 632.5 630.9 627.6 625.6 620.6 622.6 624.1 624.3 623.1 620.5 617.4 614 607.8 603.7 599.8 593.8 592.8 590.7 588.4 586.9 584.5 580.1 577.6 576.1 574 572.4 571.9 570.8 568.5 565.5 563.1 560.2 557.4 558.6 561.5 566.2 567.3 567.8 566.1 562.9 558.8 552.9 537.9 545 556 557.6 555.7 555.5 553 548.6 541.1 526.6 520.5 512.8 518.3 530.1 538.2 539.3 545.3
557.9 571.6 581.8 591.1 600.2 610.8 621 631.6 642.2 648.4 652.8 657 657.3 651.5 649.3 643.4 637.6 636 634.2 633.7 632.7 629.8 627.5 624.3 626 627.7 627.8 625.8 623.3 619.4 615.2 608.4 602.1 594.8 591.4 590.3 588.5 587.3 584.7 581.8 578.2 575 573.1 570.7 568.9 567.9 565.6 563.5 561.2 558.6 556.7 557.2 551.7 554.2 559.5 562.2 563.3 563.3 559.7 555.5 542.8 534.4 552.8 559.1 560 558.3 555.4 550.3 547.8 541.6 530.9 517.4 516.3 518.5 520.8 530.8 537.7 545.3
536.2 547.8 559.7 570.3 582.1 594.9 607.1 619.8 633 643.1 648.7 651.2 651.4 648.5 643.1 639.9 638 635.2 634.5 633.8 633.3 631.7 626.6 628.3 630.6 631.6 630.1 628.6 625.3 621 616.1 609.5 600.1 592.7 591.1 590 587.2 584.6 582.9 579.8 577.1 576.3 575.2 572.2 571 569.3 567.4 567.1 567.7 567.3 566.4 565.4 562.7 556.4 550.2 555.2 558.6 559.7 558 550.4 538.7 550.1 558.5 561.9 562.3 559.3 555.4 551.2 545.6 541.7 532.7 517.7 525.2 531.7 535.1 532.7 539.6 537.4
530.6 525.9 530.5 542 559.2 575 590.8 603.9 620.2 633.5 640.8 645.6 644.8 643.3 640 638 636.2 634.5 634 634.1 632.8 631.5 628.8 631.7 632.9 634.1 633.4 631.6 627.9 623.4 618.1 611.4 599.1 594.9 592 590.8 587.8 585.4 583.8 582.7 580.8 578.9 577.6 576 574.9 573 571.1 570.9 570.8 570.8 569.8 568.3 565.9 561.8 554.4 549.2 552.2 555.1 555 549.6 543.2 556.9 562.1 565.4 564.9 561.6 556.5 551.2 547.2 539.4 525.4 518.4 530.3 535.6 538.6 540.2 538.4 542
545.5 540.7 539.5 537.4 534.8 551.3 570.3 586.4 605.5 620.8 629.4 635 635.4 636.5 635.5 634.5 634.5 634.2 632.7 632.6 632 630.7 631.2 633.1 634.5 635.6 636.6 634.7 630.9 625.9 620.1 612.5 598.6 594.5 592.1 589.9 587.7 585 584.4 585 584 582 581.3 579.3 577.9 575.5 572.8 571.9 572.7 571.9 571.4 570 567.2 563.7 557.9 550 544.5 545.9 542.1 542.4 554.8 561.9 565 568.4 567.4 563.3 557.5 552.2 547.3 535.8 536.9 521.1 532.3 540.2 542.4 543.8 542.6 546.3
540.2 559.6 562 556.8 549.2 538.5 543.1 567.2 590.8 605.2 614.3 619.5 624.1 626.1 629.5 630.4 630.4 632.3 632.7 632 632 632.7 634 635 636.8 638 638.7 637 633.2 628.2 622.2 613.5 600.9 595.8 593.9 591.9 589.8 587.8 588 587.8 586.9 585.2 584.8 583.2 580.7 577.7 574.6 573.6 573.9 573.1 572.1 570.6 567.6 562 553.1 546.9 554.3 555.3 555.9 559.6 561 565.9 568.3 570.3 568.6 564 558.1 552.6 547.5 539.4 537.9 523.4 533.4 542 545.6 546.2 547.2 546
551.8 573 575.4 574.3 567.7 561 548.8 547.6 571.9 587.9 597.1 602.3 606.8 611.4 616.5 620.9 625.4 629.6 630.8 632.5 633.1 634.1 635.3 637.4 639.2 640.7 641.1 639.2 635.3 630 624 616 602.6 596.6 594.8 592 590.5 590.9 591.1 591.2 589.3 588.3 586.9 585 582.6 579.4 575.3 574 573.8 573 571.8 569.9 566.8 556.3 554.1 559.8 560.3 562.2 562 563.7 563.4 567.7 570.3 570.9 568 563.1 558.4 553.7 547.1 538.5 531.2 535 541.9 543.2 547.3 549.5 549.7 549.6
566.2 583.6 587.5 587.6 585.7 577.1 567.4 552.4 549.8 563.8 574 580.9 587.1 597 604.6 612.7 618.4 624.1 628.8 632.3 634.1 635.3 637.2 638.4 641.9 643.2 642.8 640.8 637.3 631.9 625.2 614.8 605 598.7 596.1 595.4 593.9 594 593.7 593.2 592 590.9 587.8 586.4 584.2 580.6 577.6 574.5 572.4 570.8 568.8 567.8 560.9 553.8 562.6 565 565.1 566.5 566.7 566.4 567.6 569.5 569.9 569.7 566.2 562.4 557.7 553.1 546.2 532.5 534.8 545.1 548.2 548.5 550.8 551.8 552.5 552.5
581.1 593.1 596 596.2 596.4 593.6 584.4 572.6 561.2 548.2 547.3 550.1 561.6 577.8 587.3 602.8 611.7 618.5 625.9 631.5 634.4 636.3 638.4 640.7 643.7 645.4 644.9 642.7 639.2 633.3 625.6 613.9 607 600.5 599.1 596.9 595.8 594.8 595.5 595.1 594.4 592.1 588.8 586.7 584 581.3 577.7 574.9 571.1 569.4 567.2 559.5 557 563.2 568.4 569.3 569.9 569.9 569.1 570.3 570.8 570.9 569.6 567.7 564.5 561.1 556.8 550.3 539.5 533.5 545.6 552.6 554.9 554.6 554.5 554.7 555 555
595.1 599.9 603.3 604.8 605.3 605 602.3 594.9 584.3 573.9 566.4 556.6 555.2 553.4 569.7 589 603.6 614.7 623 631.1 633.6 636.8 640 642.9 646.1 646.9 646.7 644.4 641.2 635.4 621.6 614.3 609.5 604.2 600.9 598.5 596.7 596.7 596.8 596.2 594.7 593.1 589.2 586.4 583.7 581.2 578 574.9 572 567.2 564.1 558.9 564.9 568.3 571.7 572.5 572.4 572.3 571.1 572.2 572.4 570.8 568.2 564.8 562.9 559.7 553.9 545.4 533.7 542.7 551.5 559 561.6 560.8 560 558.2 557.3 558.2
603.2 606.5 609.5 610.4 610.6 612.6 614.4 612.3 607.7 597.4 587.3 579.1 577 567.2 557.1 574.1 594.8 611.2 621.9 629.6 634.5 637.7 641.2 645.4 648.3 648.8 648.7 645.3 642.9 637 625.9 615.7 610.9 606.3 603.4 600.1 597.3 598 596.9 596.1 595 593.3 588.9 585.7 582.9 580.3 576.8 573.7 571.2 566.9 562.4 563.8 569 571.5 573.8 574.5 574.3 572.8 572.2 572.1 570.9 568.8 566 562.6 559.9 557.2 551.6 535.5 540.3 550.1 557 563.8 568.4 567.1 564.6 562.7 561 561.5
611.4 613.7 614.8 616.1 617.2 618.8 620.7 619.9 617.9 612.9 600.2 594.6 589.8 578.3 559.1 572.5 590.6 609.3 621.1 628.2 633.8 639.6 643.6 647.8 650.6 651.3 651.3 647.8 644.8 639.5 632 617.6 612.4 608.8 604.7 602 599.1 597.4 596 594.8 594.1 592.1 588.1 584.5 581.4 578.7 575.9 572.7 569.8 565 561.1 565.9 569.8 573.5 575.1 575.5 574.5 573 571.9 569.7 567.4 564.5 562 558.7 555.2 552.3 538.8 539.4 547.4 554.4 561.1 568.4 573.8 574 570.3 566.3 564.2 561.9
618.9 620.5 621.8 622.7 624.1 625.5 626.4 625.7 623.7 620.5 608.6 602.2 593.1 582.7 559.6 572.6 590.7 606 620.7 627.6 633.6 641.8 646.6 650.4 652.8 653.7 653.5 650.9 647.1 641.7 635.4 624.9 613.9 610 605.9 601.8 599.7 598.3 596.2 593.6 591.9 589.5 586.7 583.2 580.1 576.2 572.8 571.4 568.1 564.5 564 565.5 569.3 573.2 575.4 574.8 573.2 571.7 569.8 567.9 565.6 562.2 558.7 554.3 548.6 541.8 543.2 544.7 552.8 559.7 565.6 572.3 578 578.9 575.5 570.3 567.2 565.1
624 627.7 628.9 629.6 631.2 632.2 631.8 630.6 628.8 625.2 614.9 607.2 593 580.6 561.6 574.7 592.4 606.6 623.2 630.6 638.6 644.9 649.6 653.3 655.6 655.9 656.1 653.6 649.9 644.2 637.5 629.2 615.1 611.3 606.9 604 600.3 597.9 595.2 593.4 590.6 587.4 584.1 581.3 578.5 575 573.1 568.3 569.5 566.2 567.3 567 568.1 570.6 572.8 572.6 571.1 569.5 567.6 565.4 562.7 558.3 555.7 546.8 548.6 545.9 543.7 550.8 557.5 565.2 571.6 578 582.6 583 579.8 573.5 569.7 566.5
632.2 633.6 635.2 635.3 636.4 636.7 636.5 635.7 633.1 627.7 616.7 609.9 594.1 576.6 565 579.6 594.1 610.6 628.3 634.5 641 647.2 652.8 656.1 658.4 658.4 658.5 656.3 651.9 646.6 639.8 631.1 617.1 612.6 607.8 603.4 601.7 598.6 595.8 592.9 589.9 586.2 583 580.4 575.5 572.7 573.3 572 570.8 569 568.5 567.7 566.7 567 568.4 568.3 567.5 566.6 565.1 562.3 559.1 553.5 547.2 547.5 548.2 549.2 553.5 557.5 563.3 569.1 576.2 582.5 586.9 587 583.9 578.4 571.2 567.4
637.8 638.4 638.3 639.3 640.3 639.8 639.5 638.1 634.9 627 617.3 609.4 591.3 574.3 569.6 581.3 600.6 619.6 630.6 636.6 643.4 650.5 655.7 659.2 661.4 661.4 660.3 657.6 654.4 648.3 641 628.3 619.4 613.5 606.8 604.2 600.6 598.4 595.5 592.4 589.5 585.9 582.9 580.5 578.2 577.3 574.6 573.4 571.1 570.7 569 567.7 566.7 564.7 564.3 564.4 563.6 563.1 562.2 560.1 551.7 549.9 550.4 551 553.1 555.4 559 562.9 568.2 573.4 579.6 583.5 590.5 590.8 585.8 580.5 573.1 567.9
640.4 641.3 641.3 643.5 643.7 643 641.6 638.6 634.5 626.9 618.9 606.9 589.6 572.3 575.3 590.4 608.9 622.9 632.3 639.8 646.3 653.1 658.6 662.2 664.3 665.1 663.3 659.8 656.2 649.7 642.5 631.8 621.9 614.8 606.6 603.7 601 598.6 595.8 593 589.9 586.1 584.2 582 581.5 579.6 575.8 573.9 573.2 571.7 569.2 567 566.6 565.1 563.1 561.5 560.4 560.2 558.4 552.6 552 554 554 555.9 557.4 558.8 563.4 566.9 572.3 577.3 582.1 586.8 591.8 592.5 587 581 573.7 568.4
644.5 644.8 645.7 646.3 646.7 645 641.4 638.2 633.8 627.4 617.8 606.6 587.2 568.1 581.9 596.8 612.5 623.4 634.3 643.3 649.6 655.9 661.3 664.4 667.2 667.4 664.8 660.8 657 650.9 643.3 632.9 624.7 614 605.6 603.4 600.5 597.3 593.1 591.9 589.9 583.9 584.3 585.3 583.8 580.3 576.6 575.2 573.8 572.6 570 567.6 566.6 563.8 560.1 560.6 558.8 558.1 553.7 555.3 556.6 557.1 558.3 559.9 561 563.3 565.9 571.9 576.2 582.7 587.8 590.7 592.3 590.6 585.1 579.1 572.4 567.6
647.9 647.7 648.7 649.2 648.3 645.7 641.1 635.5 632.4 625.9 617 604.8 585.7 570.3 586.4 605 618.1 628.7 640.1 646.1 653.1 659.8 663.3 666.2 668 667.7 665.3 661.2 656.7 651.5 644.3 634.2 626.8 611.1 605.6 602.9 598.1 597.4 594.5 591.7 589.9 588.4 588.2 586.9 584.7 580.5 577.5 577.1 574.5 570.7 570.8 566.5 564.7 562.4 558.9 557.3 557.1 556.4 554.9 558.2 558.4 559.5 560.2 563.4 565.1 567.8 571.2 575.1 579.8 585.3 591.4 593.3 590.9 589.7 583.3 577 570.7 565.3
650.9 650.7 651 650.4 648.9 644.7 639 634.6 629.2 621.2 614.4 605.4 588.4 572.2 592.7 612.7 625.4 633.9 640.2 649.3 657.3 663 666.4 669.9 669.2 668 665.5 661.3 656.8 651 642.8 634.2 627.3 611.7 607.9 604 599.1 594.8 593.7 591.1 591.3 589.7 589.9 588.6 583.8 582 578.7 578.9 574.4 572.9 572.2 570.1 566.5 564 561.4 557 555 554.7 555.7 561.1 562.3 563.3 564.1 566.1 568.6 571.2 574.3 578.9 583.5 589.6 593.1 594.6 592.4 588.7 582.1 574.9 568.5 562.1
652 651.7 651.5 650.5 648.3 642 637.5 633 627.4 618 612.3 606.1 586 574.4 600.3 619.2 628.3 635.7 643 652.7 660.6 666.6 669.6 671.4 670.2 668.4 665.6 661.8 656.5 650.6 643.1 635.6 623.2 613.1 606.8 603.1 599.7 596 594.3 591.6 593.2 591.6 591.9 589.2 587 583.2 582.1 580 577 575.4 573.8 571.6 568.3 565.1 561.2 558.3 552 552 557.5 563.6 566.6 567.4 569.3 570.1 571.6 574.2 577.9 581.5 586.1 591.4 595.8 595.7 593 587.3 580.4 573.3 568 559.9
652.4 651.1 650.6 648.8 645.7 639.1 635.2 629.1 621.2 613.3 610.1 603.2 578.6 583.6 607.7 622.8 630.9 638.3 646.1 656.2 665.3 669.1 671.3 672.4 670.8 668.8 665 660.8 656 650.3 642.1 634.9 621.3 614.3 608.1 603.7 598.1 597.3 596.7 594.2 593 593.5 592.1 591.1 588.5 586.6 584.2 582.3 580.2 578.3 576.2 573.9 571.1 566.9 562.8 558.8 549.7 550.2 556.7 565 570.6 571.9 575.3 576.5 576 577.8 580.7 583.9 588.5 593.8 597.1 597 592.5 586.1 576.7 569.8 563.5 556.3
652 650.2 648.1 645.9 641 637.1 631.1 622.5 613.6 610.3 606 599.4 578.6 589.1 611.4 623.6 634.7 643.5 651.7 661.2 668.6 671.9 673.6 673.6 671.8 669.6 664.9 659.8 654.5 649.2 642.8 635.6 622.4 616.5 610.6 605.1 602.7 599.8 596.3 596 595.5 594.3 592.6 591.8 588.8 589.3 588.3 585.5 583.2 580.3 578.5 576.3 573.1 569.4 565.1 559.4 547.7 550.4 556.6 566.2 572.9 576.3 580.4 582 579.7 581.9 584 587.3 591.7 595.1 597.9 596.5 591.4 583.6 574.1 566.3 560 552.3
648.3 647.1 643.6 641.4 635.8 630.1 621.3 608.7 601.9 598.5 598.7 588.5 580.6 592.4 610.4 624.3 639.1 646.3 652.6 665.9 672.4 674.5 676 675 673.2 669.9 665.3 660.3 653 647.9 642.9 635.6 622.6 616 611.4 607.9 605 602.4 600 598.7 597.1 596.6 595.3 592.4 593.6 592.4 591.4 589 585.4 584.2 581.4 578.4 575 571.3 567.3 560.3 544.8 545.9 555.7 565.2 572.8 578.6 584.7 586.5 586.4 585.4 586.2 588.4 591.8 594.2 594 592.8 587.7 579.8 572.2 563.9 555.4 547.4
632.9 627.5 624.3 623.4 620.4 615 603.6 598.2 593.4 595 595 594.5 582.1 593.6 607.6 625.2 641.3 649.1 656.4 667.9 675.4 676.9 678.3 677.6 674.4 670.5 665.7 660.6 653.1 647.4 642.2 635.6 623 616.1 612.6 609.2 606.3 603.3 600.1 600.9 599.6 599.5 597.8 596.5 597.4 595.7 593.5 592.2 587.8 587 584 581 577 573.3 568.2 562.7 548.6 537 551 562 569.9 577.2 586.7 589.8 588.8 586.3 584.8 586 586.9 588.4 587.6 585 581.7 575.2 568.3 560.6 551.8 542.2
634.9 635.7 628.3 622.8 615.9 611 606.6 604.4 606.4 605.1 602 598.1 587.4 596.9 611.5 627.2 642.2 651.8 661.5 671.7 677.6 679.7 681.1 679 675.8 671 666 660.3 653.8 647.1 641.7 634.6 624.4 615.5 612.6 609.4 606 604.2 603.3 603.6 602.2 601.5 598 600.1 601.2 599.3 597.3 594 592.3 589.1 586.6 583 579 574.6 570.1 564.5 558.2 534.4 542.7 557 565.2 573.8 584.9 589.3 587.8 584.4 581.2 580 579.3 579.3 577.7 575.8 573.4 568 561.9 554.7 546.4 536.1
