Game/Highland_Data/StreamingAssets/GeoData/Data/nj/NJ40.asc
ncols 200
nrows 200
xllcorner 340000
yllcorner 800000
cellsize 50
[rows 0 to 34 of 200, columns 78 to 155 of 200]
326.1 318.8 312.9 302.7 298.3 295.8 293.8 301.9 304.4 304.7 301.2 300.9 304.6 300.1 298.2 293.6 305.6 314.7 321.7 327.9 329.8 327.4 321.5 318.2 311.2 303.1 298.5 293.5 297.6 300.7 307.6 316.7 326.3 334 342.3 352.4 362.4 372.3 380.3 385.7 391.9 397.1 402.2 407.3 412 416.3 418.6 420 418.5 412.4 407.7 402.5 395.1 388.5 382.7 376 374.2 377.3 382.1 385 385.6 381.3 375.4 373.9 371.6 377.2 384.1 390.6 387.8 402.8 423.7 443.8 459.2 471.6 482.9 493.6 505.8 520.9
325.2 321.1 314 303.2 303.2 309.3 310.3 315 317.3 313.8 313.1 314.7 313.3 310.1 308.1 300.3 311.8 319.4 326.7 332.8 334.9 333 328.7 323.7 318 311.7 304 299.6 297.2 301.2 304 310.4 317.7 326.2 334.4 344.5 354.6 363.6 372.6 379.3 385.1 389.9 396.6 401.7 406.8 412.2 416.6 419.1 419.2 417.4 414.3 409.9 404.4 397.9 393.2 389.1 384.7 384.4 389.6 393.7 396.1 394.9 389.5 385.1 381.7 381.5 382.6 386 393.3 411.9 427.1 444.1 459.3 472.9 484.6 494.8 505.6 519.6
326.2 323.7 312.4 311.4 308.1 315.9 321 326.2 327.8 327.1 325.5 324.4 322.3 318.3 314.4 306.4 314.3 321.2 328.2 334.7 338.9 339.7 337.3 333 326.5 321.5 311.5 306 300.7 299.5 302.5 307.4 313 320.6 330.2 339.1 349.4 358.1 366.7 374.1 379.5 384.2 390.4 397.1 402.1 407.9 415.1 419.2 422.4 422.4 419.9 416.3 412.9 409 405.2 399.6 395.6 393.4 398.7 404.1 408 409 406 402.1 399.3 397.7 398.3 397.7 388 402.6 421.9 439.1 454.1 470.5 484.3 494.2 504.7 516.4
330 319.6 324.1 308.9 319 324.6 332.1 334.7 337.6 336.3 334.3 332.5 330.3 325.8 321.4 316.3 313.8 323.7 329.7 335.5 343 347.5 348.1 343.9 337.7 329.2 316.1 310.7 305.9 304.6 303.3 306.3 310.2 317.5 324.4 334.9 343.4 352.4 360.7 366.9 372.5 377.6 384.5 391 397.3 404.6 412.9 419.3 423.1 424.7 424.7 424.9 424.1 421.7 418.9 413.2 406 403 408.8 416.7 422.7 424.1 424.2 421.3 418 416.7 414.5 409.6 404 394.7 410.4 430.8 445.4 461.6 478.3 489.8 500.4 514.8
329.3 326.8 322.2 320.7 334.2 339.7 344.1 346.5 344.4 345.1 343.5 340.1 336.2 332 328.5 325.8 323.9 324.2 332.6 338.1 345.8 352.3 355.4 350.9 345.8 336.8 330.1 323.2 315.5 310.5 306.8 311.6 312.7 315.4 317 325.3 336.3 346.5 354.3 359.6 364.4 371.2 377.8 386.1 393.5 401.9 410.4 417.4 422.8 426.8 429.7 432 433.4 433.5 432 428.1 422.5 417.7 418.6 427.2 435.6 442.6 445.4 443 435.7 431.6 427.7 423 414.5 407.5 402 420.1 438.1 452 468.2 483.3 496.9 510.9
329.5 340 323.4 336.1 349.5 351.6 356.4 355.5 352.5 353 351.6 347.7 343.1 339 335.4 333.1 332.3 331.8 334.2 341.7 347.3 355.1 359.9 359.3 353.8 346.6 338 333 328.6 322.5 319.3 323.8 315.6 313.5 317.3 321.4 328.7 338.2 348.1 353.8 360.3 367.3 374.3 381.8 390.9 398.5 406.2 414.1 421.2 427.8 433.4 437.1 441 444.3 444.2 442.9 439.7 437.6 436.6 443.2 448.3 457 462.7 462.7 456.1 447.4 440.1 432.9 424.4 419.2 414.4 407.1 427.7 445.5 461.7 476.3 494.4 509
332.9 345.5 333.3 346.3 357.9 361.4 366.2 366.9 363.9 362 359.2 355 350.8 346.8 343.5 340.3 339.3 340.7 341.8 343.7 352.1 357.5 362.6 363.6 360.3 352.7 347.5 342.3 332.8 330.7 326.5 329.1 322.7 320.5 320.3 322.1 325.7 332.6 341 348.1 355.7 363 370 377.4 386 395 403.3 411.6 420.7 429.7 437.3 442.9 447.4 452.6 455.3 455.6 456.2 456.6 457.9 462 466.8 474.4 478.8 478.8 475.1 466.3 453.6 442.9 435.5 429.5 424.1 419 425.3 444.2 458.9 472.6 489.7 506.1
337.9 345.8 334.1 346.9 360 368.9 373.3 375.5 374.1 372 367.8 362.5 358.8 355 352.5 352 350.5 349.5 352.2 351.1 354 359.4 365.8 368.4 365.3 360.5 354.5 349 340.5 340.3 335.7 335.3 326.2 331.4 328.9 325.8 333.8 339 337.7 342.9 348.6 357.9 363.9 374.3 382.4 392.2 401.1 409.7 419.6 429.5 439.8 447.4 452.8 458.8 465.5 467.8 470.1 472.9 475.6 478 483.9 490.6 493.6 494 491.1 483 470.4 457.2 447.9 439.1 433.6 427.5 419.3 440.6 456.6 469.4 484.2 500.8
338.4 340.6 337.3 341.4 358.1 369.5 378 384 381.8 380 375.3 370.3 367.1 365.6 364 363.1 361.5 360 359.4 359.1 358 362.8 367.1 370.8 368.8 364.6 362.9 357.6 353.3 348.2 342.2 339.7 330.2 337 337.8 329.7 334.9 342 349.5 354.8 357.3 362.9 369.7 368.9 377.8 386.4 398.4 408.5 418.6 429.6 441.2 450.4 457.5 465.3 471.6 477.7 481.8 484.6 489.1 495.7 504.2 508.7 510.3 509.1 505.8 498 487.4 474.3 462.1 452 444.7 438.4 432.7 434.5 453.9 466.3 479.8 494.4
340.6 340.6 342.3 349.6 356.9 368 378.7 386.9 388.7 387.9 382.9 378.3 375.7 373.3 373.2 371 368.8 368.1 367.8 365.8 363.4 365.7 369.3 373.4 373.9 372.7 370.4 366.4 361.4 355.9 350.7 344.4 337.4 339.4 342.9 339.7 336 340.4 348.7 355.1 362.4 369.1 377 382.6 389.2 395.3 402.7 409.2 421 431.3 442.7 455.2 463.5 471.5 480 488.6 492.8 498.5 504.5 513.1 521.5 527 529.3 526.3 521.4 513.4 502.8 492.5 479.2 466.1 455.6 448.8 442.8 442 448.5 464 476.5 491.4
342.1 340.6 347.4 352.1 354 367 377.5 387.7 392.7 392 387.4 384.3 383 381.6 380.5 379.5 376.3 378.8 376.5 374.1 370.5 370.2 374.3 379 381.7 381.5 379.7 375.6 371.6 367.6 356 355.6 351.9 343.3 349.9 350.5 349.2 349.4 351.7 359.8 370.4 372.7 382.6 389.7 397.4 404.9 414.4 419.5 423.4 434.1 444.7 460.1 469.5 478.2 487.1 497.4 505.6 512.6 521.9 532.4 539.4 545.6 548 545.6 537.8 527.3 516.9 507.1 494.9 482.6 470.6 459.8 453.6 452 452.5 462.4 475.5 489.6
343.4 341.7 349.9 355.6 354.1 364.6 378.8 389.2 394.7 396.6 395.6 394 392.5 391.8 389.9 389.8 386.5 386.5 384.1 381.5 377.3 375.9 379.9 387.2 391 390.8 388.6 385.9 383.6 378.3 372.7 357.7 355.9 352.9 357.1 358.5 363.9 365.9 364.7 364.3 373.6 384.2 390.6 398.2 406.6 414.3 422.2 429 435.3 443 452.4 465.4 478.5 490.2 498.4 507.6 517.5 525.5 535.9 546.5 554.1 559.8 562.2 556.6 547.1 536.3 525.7 515.8 505.2 497.2 488 477 468.8 466.5 466.1 463.2 474.4 487.8
348.3 348.1 349.8 354.7 353.8 366.3 374.7 388 395.6 400.1 403.7 403.5 400.6 399.2 398 397.1 395.7 393.1 389.7 386.4 381.1 382.8 386.8 394.4 398.7 400.6 398.8 395.2 391.7 386.6 374.4 370.5 366.8 360 364 367.7 371.5 376.5 379.5 382.4 382.8 388.3 402.9 408.4 416.4 424 429.9 437.8 447.2 455.4 466.6 477.9 490.9 501.6 511 520.6 528.4 537.3 546.9 556.1 564.8 569.5 569.5 562 552.1 542.4 530.4 519.9 509.2 502 496.6 491.7 487.2 485.1 483.1 482.6 476 489.8
359.2 357.7 357.5 359.5 353.9 360.2 372.7 385 394.6 402.8 410.7 411.1 407.4 406.1 404.3 401.2 399.2 392.8 392.4 389.1 385.6 388.8 393.3 399 404.8 407.6 407.4 404.3 397.9 388.6 386.2 377.7 372.5 366.8 370.9 375.3 381 385.7 389.8 395.1 397 399.6 414.2 421.6 427.4 433.4 439.2 447.7 459.4 471.8 483.3 493.1 500.4 510.2 520 528.1 536.1 544.1 554.7 563.3 570 573.4 571.4 563.6 553 541.9 532.1 522.5 513.8 508.5 503.8 498.7 497.5 495.9 494.5 494.4 492.6 496.8
371.1 365.4 360.9 358.8 355.6 361.3 371.7 377.7 388.1 401 410.9 415.7 417 415.1 412.3 406.7 402.7 398.4 395.7 391.8 389.1 395.2 399.5 404.5 409.9 415.2 415.3 413.1 403.5 399.5 393.3 385.1 379.1 374.1 377.9 382.2 389.5 394 398.8 404.6 412.6 417.7 423.8 432.3 438.8 445.6 453.1 463.9 477.8 491.4 499.7 504.5 511.9 518.6 526.4 533.7 542 550.9 560 567.6 573 573 568 559.3 550.3 541.4 532 524.3 515.8 511.3 507.7 504.5 503.4 503.6 503.2 502.1 500.8 503.5
382.2 378.5 371.1 367.2 362.3 365 368.1 371.7 386.2 399.2 410.6 418.5 423 424.1 422.3 412.8 406.4 402.1 399.6 396.2 396.8 401 405.1 410.3 416.1 421.3 422.2 419.1 410.6 408.4 401.6 392.1 386.6 381.4 386.2 391 399 404.1 409.7 415.7 425.2 433.5 442.9 448.2 453.1 462.9 471 480.5 493.2 504.5 511.8 516.5 523.7 528.9 533.1 539.7 547.5 554.4 561.3 568.7 571.6 569.5 563.9 556.3 549.2 540.8 532.1 524.5 517.7 513.2 509.2 507.6 507.2 508.4 508.3 507.5 504.2 507.2
397.5 388.3 379.5 370.7 362.2 364.3 373 376.4 377.7 398.7 409.7 419.5 427.5 431.3 428.3 418.3 411.9 408.5 405.4 401.6 404.5 407.3 412.3 417 422 426.8 429.6 428 422.7 419 409.3 400.4 396.9 392.6 397.3 400.2 409.1 418.5 428 437.3 444.6 451.8 461.8 467.5 470 479.8 487.7 492.6 501.6 512.5 520.5 526 531.4 535.1 539.2 543 548.1 552.2 557.7 563.4 564.8 563.7 560.9 553.2 546.9 539.4 531.5 524.3 518.7 513.5 509.6 508.7 508.7 510.3 510.5 509.1 508.1 507.7
409.7 397.2 388.6 376.9 368.9 362.7 374.6 379.8 390 396.9 410 420.4 427.5 433.2 430.8 423.3 415.9 415.6 413.4 410.4 412.5 413.4 419.4 422.5 427.7 433.8 436.9 437.1 435.1 426.1 417.9 408.4 408 406 413.7 415.4 423 430.1 444.8 454.6 463.4 472.9 479.5 485.6 486.8 490.3 494.4 501.3 509.5 515.9 522.8 527.4 531.8 534.7 535.4 537.5 540.5 544.5 548.7 553.8 555.2 555.8 553 548 541.5 536.1 530.1 523.9 519.1 513.4 510 509.1 508.4 508.5 508.7 508.2 506.6 506.6
414.6 403.1 393 384.2 375.7 370.2 377.5 385.2 391.9 397.4 410.6 419.4 426.1 430.8 433.9 429.3 425.9 423.4 422.8 423 421.2 420.8 425 429 434.7 440.8 446.6 446.9 442.8 434.9 428.1 420.6 423.4 425.5 432.1 434.3 437.9 448.2 457.7 467.7 475.9 484.8 492.1 494.4 491.6 492.3 496.3 500.2 505.7 511.2 516 519.6 522.3 524 524.4 527.5 528.8 532.2 537 541.1 546.5 548.5 548 541.8 536.1 531.9 528.1 523.8 518.6 512.9 510.2 508.2 506.9 505.7 504.6 504.1 503.1 503.3
420.6 408 397.1 388 379.8 372.2 376.3 389.7 394.4 399.5 410.6 418.3 425.6 431 435.2 434.1 433.6 432.2 430.5 431.9 430.2 431.6 433.6 437.2 445.4 451.6 454.3 453.1 449.4 441.8 436.4 436.3 440.1 441.7 444.6 448.1 455.5 462.9 468.9 481 485.8 490.5 491.5 488 485.1 483 485.1 491 495.1 497.9 502.4 505.7 507.9 509.3 510.8 511.9 514.1 517.9 521 526.9 533.3 537.9 537.4 532.3 527.8 525.9 523.9 522.6 517.1 511.3 508.3 506.5 504.8 502.9 500.7 499.3 497.7 497.5
430.3 417.2 403.5 394.1 389 382 381.1 387.7 396 400 406.1 417.2 423.8 431.9 437.5 439.5 439.6 438.5 437.3 440.4 440.1 437.6 442.6 446.7 451.4 454.3 456.4 455.9 453.3 448.2 439.8 446.1 449.7 453.3 452.9 460.1 467.5 475.6 481.9 486.6 490.4 487.1 484 477.3 472.4 472.6 475.6 478.2 480.2 482 486.1 488.9 491.3 494.1 495 494 495.3 499.3 501.8 510 517.7 521.7 523 517.9 516.8 517 517.2 516 511.2 508.3 506.1 504.5 502.8 500.6 498 495.3 492.7 490.7
437.3 425.8 410.7 403 395 387.9 387 391.6 395.4 402.1 406 417.8 424 432.2 439 440.9 439.6 437.7 438.5 441.9 443.3 441.8 446.8 450.9 452.6 453.8 454.1 451.8 447.7 445.5 443.6 443.7 448 456.7 457 463.9 473.6 482.1 483.8 483.8 480.7 475.6 471.7 466.6 463.3 460.2 461.3 462.9 462.6 464 465.6 467.6 469.4 470.7 475.4 475.8 474.6 479.4 483 491.6 495.2 502.3 505.1 505.8 506.3 507.9 507.9 506.3 503.9 502.6 502.6 501.6 499.4 497.5 495.5 492.3 488.9 484.3
441.4 434.9 418.9 411.7 403.5 393.9 388 396.6 397.5 401.3 407.3 415.5 421.7 425.6 431.1 433.2 432.7 431.1 432.3 435.7 438.2 440.4 443.4 445.3 445.5 445.8 443.4 439.3 436.5 434.9 435.6 440.5 441.6 447.2 452.4 461.9 467.4 474.8 474.4 472.5 467.1 462.3 458.1 454.5 450.7 447 445.7 446.4 446 445.6 446 449.7 453.1 453.4 455.2 456.4 456.9 460.2 466.3 472.2 475.4 480.7 482.7 487.3 494.5 497.2 497.4 497.2 496.3 495.8 495.3 494.2 495.1 495.6 492.1 488.9 485.3 480.4
442 438.1 424.2 417.4 408.7 398.3 390.6 392.1 393.8 396.5 402 405.6 410.4 414.2 419.3 420.7 419.6 418.6 419.9 425 428.1 431.3 431.4 431.7 433 431.7 428.8 424 421.5 420.5 424.2 429.7 434.1 434.6 443.1 451.1 457.7 462.8 460.6 456.1 450.7 448.2 446.5 442 438 434.1 432.2 430.2 426.9 428 431.7 435.7 438.6 440.4 442.4 442.1 444.4 445.5 447.1 453.3 459.6 463.9 467.3 475.8 482.8 486.1 484 485.3 486.1 487 486.7 488.6 490.3 493.7 490.1 485.1 481.4 475.5
435.3 432 422.5 412.4 401 392.6 385.9 384.9 386.5 388.1 387.1 391.5 392.8 396.6 403.9 405.7 405.2 404.4 407.1 410.4 412.9 414.8 417.9 420.1 419.5 417.7 414.3 409.4 407.6 407.6 413.4 419.1 425.2 428.4 432.5 441.8 446.3 447.3 443.6 439.1 437.7 435.9 434.7 431.5 426.3 422.3 418.4 415.1 413.7 416.6 419.9 421.4 424 425.9 427.2 424.6 432.2 429.6 432.2 437.5 442.4 445.2 452.3 465.2 473 473.9 470.5 471.3 473.5 476.4 477.8 479.5 484.1 487 486.7 482.9 478.4 472.7
422.8 425.4 421.5 411 398.6 386.5 378.4 376.6 375.3 371.6 370.9 372.4 371.1 374.6 380.2 388.5 389.4 390.6 392.5 394.8 396.3 400.2 403.6 406 406.2 402.4 400.1 395.1 392.9 396.3 401.8 406.9 413.9 421.8 426.8 431.8 435.6 433.4 430.1 427.3 425.8 424.9 423.3 420.9 417.6 413.4 407.7 405.9 404.1 405.2 407.6 408.2 410 410.7 411.6 411 417.1 415.5 418.8 423 428.5 433.7 443.1 454.1 461.1 459.5 454.6 455.2 457.8 462.5 464.7 470 474.7 475.6 479.3 477.8 473.4 467.1
406.7 411.9 413.9 407.6 396.8 383.2 373.5 366.6 364.1 359.3 354.8 352.8 352.2 358.4 362.7 373.5 376.4 377.1 379.1 380.9 381.7 386.8 389.9 392.7 392.8 390.3 388.4 381.1 382 387.8 392 397.6 405.5 413.1 419.9 425.1 425.4 423.4 419.7 417.6 415.6 415.5 413.5 411.4 408.3 404.1 398.3 396 393.4 393 394.1 395.2 396.3 397 397.7 398.8 402.4 401 404.9 410.2 413.6 426.4 434.5 440.5 445.3 442.9 439.2 439.4 443.8 448.1 451.8 457.5 461.1 463.6 467.3 468.5 463.7 457.4
391.4 399.9 403.7 401.1 392.3 379.8 371.5 358.2 351.7 345.3 338.3 336.4 339.4 345.1 351.8 360.9 363.7 365.6 367.2 368.2 369.1 374.6 377.7 379.6 380.3 378.9 374.5 373.3 371.9 377.9 381.1 387.9 397.6 404.8 411 415.6 416.1 413.8 410.4 407.7 407.2 406.9 404.9 403.6 401.2 396.4 391.2 387.2 383.4 381.9 382.4 382.1 382.9 384.5 384.2 387.3 389.9 388.9 393.4 397.1 408 417.3 422.5 428.1 428.5 426.5 424 425.1 429.2 432.1 434.6 443.2 447.2 450.4 454.5 454.6 451.4 445.9
378.2 386.1 390.8 390.2 383.6 374.5 362.4 349.1 336.8 330.4 326.4 326.8 328.8 333.3 341.9 347.5 350.4 353.3 356.6 356.3 358.5 363 365.8 367.7 369 369.1 364.7 364.8 360.2 365.8 368.1 377.2 385.9 393.9 400.7 406.3 406.7 405.8 401.8 398.7 398.5 397.9 397.6 397.1 396.2 392.1 386.1 380.5 376.7 372.3 370.9 371.3 372.5 373.7 374 376.3 378.8 377.8 381.7 391 401.8 405.9 410 413.8 414.1 412.4 412.3 412.9 414.1 416.9 422.1 428.7 432.5 434.9 437.3 438.8 436.3 433.5
365.1 372 376.3 377.1 375.4 363.9 353.3 336.4 327.4 320.6 316.9 317.2 320.2 323.3 330.1 336.5 339.9 342.7 344.5 346.6 347.7 350.6 354.2 356.7 357.6 359.1 353.7 355.4 351 351.1 358.4 366.8 374.1 381.2 389.4 393.8 396.3 396.1 392.4 390.3 389.7 388.8 389.2 391 392.1 389.6 383.7 375.7 368 365.2 363.5 362.2 360.8 362.4 364 366.8 367.9 366.7 373.9 389.1 395.4 399 401.1 402.1 401.5 400.7 398.4 400.8 402.5 405.1 408.7 414.2 416.1 418.9 421.2 421.8 419.7 419.6
350.6 358 364.1 367.3 364.6 356.2 344.9 330.3 317.4 311.9 309.9 310.3 312.9 317.2 320.6 327.7 330.9 334.6 336.9 339 339.5 339.4 341.6 344.7 346 347.1 347.3 347.6 344.3 341.3 349 355.2 361.7 370.1 376.3 381.8 384.4 384.9 383 381.9 380.5 380.3 381.6 385.4 387.6 387.5 381.9 374 363.5 357.5 354.5 353 351.7 353.4 354.4 356.7 355.5 360.7 372.6 384.5 389.8 393.6 391.8 390.8 389.6 389.7 388.2 388.3 390.8 392.2 394.6 399.9 401 402.5 402.8 403.7 402.8 401.5
336.7 343.7 351.5 358.9 358.2 348 331.2 320.3 310.7 305 302 303.1 306.9 305.9 311.4 317.4 323.2 326.5 327.2 327.5 330.7 331.4 331.5 334.4 338.3 342 341.5 340.1 336 333.1 338.4 344.8 351.2 359.1 364.9 369.3 373.7 375.4 374.2 374.1 373.2 373.9 375.8 379 382.8 384.3 379 371.9 363.6 352 346.4 345.5 344.8 345.1 346.5 346.3 346.6 355.4 369.3 377.3 383 384.3 381.4 379.6 380 378.5 376.7 376.3 377.2 378.6 382.1 387.5 388 387 385.8 386.1 387.9 389.3
325.2 330.7 339.9 348.8 349.4 337.2 324.1 315.6 307 300.5 296.3 295.4 294.9 296.8 301 307.1 314.1 317 317.4 318.7 321.3 322.9 322.6 326.8 330.6 334.6 334.9 332.8 329.7 325.8 330 334.4 341.9 348.7 354.6 359.4 364.1 366.3 366.6 366.3 366.4 367.1 369.5 373.1 377.5 380.7 377.3 370.4 361.4 349.8 339 337.3 337.6 338.7 338.7 336.2 338.7 351.3 362.3 369 373.8 373 370.3 369.5 370.4 368.2 366 366.3 367.1 369 370.4 372 374.4 375.3 377.4 378.6 380.9 381
315.2 317.4 323.4 331 336 329.7 319.5 310.6 303 296.7 291.1 288.6 288.3 291.4 292.5 301.9 309.8 311.8 309 310.5 313.5 315.2 314.2 318.7 324.5 330.5 330.5 326.9 323.1 317.7 322.3 326 333.5 338.3 344.5 351.2 356.1 359.7 359.5 359.1 358.3 360.7 363.5 367.1 371.9 375.6 373.3 367 357.1 347.5 337.7 330.7 328.7 330.9 330.3 330.6 334.1 344.2 355.1 361.6 364.3 362.8 360.3 359.8 360.2 358.7 356 356.5 357.1 359.3 361.9 362.4 364.8 367.6 369.4 370.9 372.3 372.8
306.4 306 307.2 313.5 320.8 320.6 315.5 308.4 299.9 293.3 284.8 282.5 280.3 282.8 287.1 299.6 307.3 308.7 303.4 301.7 306.7 307.7 305.9 312.3 317.6 322.2 324 321.6 314.9 310.5 314.2 318.4 324.2 329.8 335.2 343.2 348.5 351.7 353.2 353.2 352 353.5 356.2 360.3 364.2 366.3 365.6 361.7 354 345.2 336.4 327.5 320.9 323 323.4 322.7 328 338.1 346.5 352.2 353.5 351.9 350.5 349.6 350.1 349.1 346.9 346 347.4 350.3 353.1 353.2 354.8 357.9 360.7 362.9 364.4 363.8
