Game/Highland_Data/StreamingAssets/GeoData/Data/nj/NJ42.asc
ncols 200
nrows 200
xllcorner 340000
yllcorner 820000
cellsize 50
[rows 140 to 174 of 200, columns 78 to 155 of 200]
383.2 381.4 377.8 372.1 364.9 357.8 350 343.4 335.3 326.2 317.6 308.4 304 299.6 296.5 293.1 291.3 287.5 285.1 281.5 283.5 283.2 278.7 277.3 270.5 271.3 262.1 257.7 254.3 254.9 261.4 255.9 251.9 248.1 243.6 243.5 242.7 242.5 242.2 240.5 238.1 235.7 233.6 231.2 227.3 220.4 217.6 216.2 214.6 213.2 212.2 211.1 210.2 209.2 208.6 207.8 206.9 206.7 206.7 208.7 210.7 212.2 210.9 207.5 208 219.7 229.7 233.9 231 225.2 225.5 227.3 230.7 238.2 241.7 239.4 235.3 234
367 366.2 362.8 357.7 349.5 342.6 338.1 331.7 324.2 314.5 311.7 311 311.4 310.3 306.1 305.5 305.4 303.5 304.8 304 298.7 294.8 289.8 284.4 277 278.4 278.1 268.4 265.9 247.4 248.7 247.7 245.9 243 242.8 243.5 243 242.4 240.9 238 232 226.5 221.8 220.7 219.7 221.5 225.8 224.8 223.4 220.6 218 213.1 210.3 209.2 208.2 207.3 206.7 206.5 206.5 206.6 207 208.4 207.6 207.7 208.3 208.8 228.4 234.6 226.9 225.8 227.7 226.6 231.3 233.7 230.8 233.1 229.6 230.1
348.1 348 346.5 343.2 338.3 332.4 324.9 321.4 319.1 324.6 331.2 329 327.3 328.8 321.8 328.6 329.3 323.9 325.7 329 319.5 313.6 302 288.5 280.9 277.5 273.2 266.8 261.7 256 248.5 245 243.3 240.1 238.9 239.5 241.9 241.2 238.3 233.2 225.4 224.4 223.5 225 226.3 226.8 225.7 223.2 222 220.3 217 213.3 212.9 209.3 208.4 207.7 207.1 206.9 207 206.8 206.9 207.6 207.9 208.2 208.7 209.6 215.5 225.8 221.7 223.2 228.9 225.9 225.3 227.1 226.4 225.7 226.1 227.4
359.5 352.7 346.7 340.6 337.5 336.4 336.2 337 340.2 344.3 348.3 347.7 343.1 344 345 348.4 346.7 344.3 339.4 333.5 322.7 315.3 302.4 290.7 281.7 276.6 271.2 266.1 261 255.4 249.6 247.7 245.6 243.4 241.6 237.6 233.7 235.4 232.7 229.1 228.4 226.6 226.4 227.5 227.2 225.8 224 221.7 220.7 219.2 217.7 216.6 215 211.7 209.3 208.7 207.6 210.1 210.4 209.7 210.1 207.7 208.2 208.6 209.3 209.8 211.1 219.1 222.2 223.7 224.5 223.4 224.1 224 223.2 222.9 223.7 224.8
372.8 368.1 363.3 360.7 359 356.5 355.5 355.3 357.8 361.8 364.5 363.4 354.9 361.2 359 352.7 355.5 351 344.8 337.4 327 313.1 300.6 291.4 283.8 276.7 271.4 266 258.3 254.9 251.4 250.2 246.9 243.6 241.2 238.7 235.4 233 230.8 230.1 228.8 227.5 227.1 226.6 226.2 225.1 222.7 222 222.5 220.5 217.6 215.3 214.9 211.4 209.1 208.3 208.2 209.4 213.6 214 212 210.8 210 209.1 209.7 210.5 212.1 223.5 223.1 223.9 225.7 227.6 224.6 224.3 223.9 225.7 223.5 227.1
388.1 383.4 379.2 374.8 371.7 372.2 373.6 376.5 377.4 376.8 376.2 373.4 370.3 372.1 369.7 363.7 362.1 357.7 350.4 340.2 328.9 314.1 300 289.6 284.6 277.4 270 265 258.5 258.1 254.4 250 245.1 242.6 240.3 238.3 237 235.8 233.2 229.6 227.7 226.8 226.2 225.7 225.2 223.6 222.6 224 223.9 219.5 215.2 216.2 213.6 210.5 209.6 209.5 208.7 210.1 214.2 213.7 210.4 210.2 210 209.7 210.2 211 212.6 223.3 222.8 222.5 226.7 227.1 225.2 225.6 224.3 222.1 223.5 224.8
398.7 394 389.9 386.1 385.8 387.6 388.3 390.6 388 386.1 382.9 380.8 380.5 379.5 376.5 376 371.7 365.6 356.6 344.5 333.7 318.3 300.4 290.2 283.2 275.9 268.9 263.8 261.7 258.5 255 249.9 244.8 241.1 241.3 238.2 236.4 233.4 230.3 227.7 227 228.4 227.6 227 225.3 223.9 224.2 224.2 224.6 217.5 215.1 214.6 211.5 211.4 211.1 210.8 210.1 209.6 210.6 210.5 210.8 210.6 210.4 210.3 210.6 212.7 222.7 223 219.9 219.5 222.1 222.9 221.9 221.6 221.5 222.1 223.4 224.1
409.5 404.6 400.4 398.6 399.3 398.3 398.6 398.3 396.3 392.4 389.2 382.1 384.6 383.4 381.5 381.1 379.1 372 361.5 348.3 335.5 317 300.2 289.4 282 275.2 268.4 263.8 261.5 258 254 249.5 244.7 241.2 239.7 237.4 235.3 231.2 227.4 230.3 231.5 230.7 229.5 227.9 225.8 223.2 223.5 222.4 222.2 214.9 212.5 211.5 211.7 213.2 213.5 212.9 211.9 210.4 211 210.8 211.2 211 210.8 210.8 215.6 219.9 222.4 219.9 218.6 219.1 219.9 220.2 220.3 221.4 221.4 223.1 225 223.6
421.4 417.1 415 415.8 412.9 411.3 408 403.8 402.1 399 392.6 385.8 387.6 383.9 383.1 382.2 378.5 373.5 362.8 349.4 335.5 318.3 300.4 288.3 279.8 273.8 268 263 259.5 256.3 252.2 247.5 244.7 243.5 240.9 236.5 234.1 228 232.5 233.8 232.1 230.4 228.8 226.8 224.7 222.6 222.3 222.3 219.5 213.6 212.5 212.8 212.1 214 215.7 213.4 211.8 211.1 210.5 211.4 211.6 211.5 211.3 212.6 216.8 220.7 223.3 222.7 219.2 222.9 221.2 220.1 222 221.5 223.7 223.7 224.8 229.7
436.7 434.2 433.6 428.7 422.7 418.7 414.7 407.8 404.2 401.4 394.8 389.8 385.3 383.3 382.1 379.9 375.2 368.3 357.4 344.9 332.3 312.6 299.7 287.1 280.5 274.5 268.1 263.4 259.6 255.7 252.2 249 247.2 246.1 241.7 237.6 232.8 232.4 233.3 232.2 230.9 229.4 227.6 224.8 222.4 222.6 223.1 222.8 219.4 213.8 212.8 212.3 212 214.4 213.6 211.5 210.9 211.1 210.8 212.8 211.7 211.7 211.6 212.7 213.7 217.1 222.6 218.7 222.5 221.6 223.3 222.1 222.3 223.2 224 226.7 229.8 233.8
453.7 445.7 443.5 438.1 431.3 424.9 418.4 411.5 404.8 401.3 396.6 389.4 385.6 383 380 377.5 372.9 365.1 355.8 343.5 329.8 310.2 296.3 286.2 278.4 273.4 266.6 262.6 259.6 255.1 251.4 249.8 250.1 247.1 242.7 237.2 233.6 231.6 230.9 230.5 229.5 228.5 225.9 222.7 222.5 223.2 223.6 223.5 221.4 213.7 212.9 212.9 212.6 213.7 211.6 211 210.8 210.8 213.2 215.8 210.9 211.3 211.2 212 213.3 216 217.1 220.3 221.6 220.9 221 223.4 223.1 224.1 228.1 229.7 233.8 236.8
465.8 456.6 452.5 444.4 438.7 431.3 423 414.7 406.8 400.4 394.3 388.1 383.4 378.8 374.6 371.3 368.9 362.6 354.2 341.2 328.8 312.7 297.3 284.8 274.8 270.5 265.2 262 258.8 254.6 251.5 250.9 250.2 247.5 243.5 237.9 231.9 229.6 228.7 228.5 229.4 227.4 224.3 222.8 222 222.8 223.1 221.8 217.7 213.3 213.2 213.3 213 212.7 211 210.4 210.2 210.3 214.5 212 210.3 210.7 210.8 212 214.7 214.9 221.6 223.3 224.4 222.9 223.3 223.1 223.7 225.4 230.7 232.7 235.9 239.1
474.3 468.5 459.5 451.1 441.2 432.5 424 416.2 407.3 399.3 391.8 385.3 380 374.2 368.7 363.9 359.4 353.5 347 336.8 324.7 308.1 294.3 281.2 272.7 267.2 264.1 260.1 257.4 254 251.9 250 248.2 246.3 243.6 238.5 234.1 231.1 228.9 228.1 227.3 224.2 222.7 223.1 222.3 222.1 222 220.9 217.5 213.5 213.6 213.7 213.3 211.9 210.4 209.5 209.3 209.8 213.2 213 212.2 210.3 210.5 211.6 212.3 218.9 221.1 222.4 221.6 221.8 222.3 223.7 223.6 226 231.7 235.3 238.1 241.2
476.7 470.6 463.1 454.9 445.8 434.2 424.9 416.2 405.9 397.2 389.3 382.4 374.8 367.2 361.9 356.1 349.9 344.2 337.8 329 318.1 306.2 292.4 279.1 271 266.1 262.9 258.5 255.4 252.8 250.5 247.8 245.9 245 242.3 238.4 233.9 231.5 229.6 227.8 223.3 222.5 221 223.5 222.6 222.3 221.1 220 215.3 213.7 214.1 214.1 213.3 211.9 209.8 209.2 208.9 209.7 212.9 212.3 210.6 210.3 210.5 211.6 212.6 220.3 220.8 221.1 222 222.3 222.3 222.8 223.7 224.7 228.6 232.3 234.2 235.2
477.8 471.4 464.4 457.4 446.7 436.7 425.8 415.7 404.5 394.6 386.1 377.8 369.4 360.8 354.9 347.9 341.5 335.2 329.1 319.7 309.6 302.1 290.1 277.1 269.4 265 260.9 256.7 252.6 250.3 248.3 245.6 243 241.6 238.6 235.1 232.4 229.6 228 224.9 222.8 222.9 224 223.9 222.9 221.8 220.3 218.7 213.5 214 214.6 214.2 213.4 212 209.7 209.1 208.9 209 211.6 208.6 208.7 209.2 210.3 211.2 214.8 220.1 218 219.8 220.9 221.6 221.9 223.8 224.3 224.3 225.3 227.2 229.3 230.2
480.5 472.8 463.8 454.8 444.9 431.6 425.1 413.9 403.4 390.4 381.2 371 363.3 355.1 346.9 339.4 332.8 326.4 319.7 310.9 301.9 296.4 285.7 273.7 267.1 262.3 259.1 255 250.8 247.1 245.1 242.5 239.8 238.3 236.3 232.7 230.3 228.1 226.1 224 222.9 223.2 224.4 223.3 222.2 221 219.5 215.3 213.6 214.1 214.2 213.9 213.2 211.6 209.7 208.9 208.7 208.5 209.1 209.2 208.4 210.1 211.8 211.9 212.9 214.4 218.5 219.1 220.9 221.4 224.1 225.9 226.1 225.9 226.5 227.2 228.9 229
481.5 473.9 464.2 455.1 441.3 436.7 426.2 414 400.3 388.3 375.5 365 357.2 348.1 340.9 332.6 323.9 317.5 310.3 301.7 295.8 288.6 278.1 268.6 263 258.6 256.5 252.7 248.9 244.8 242 239.3 236.9 235 232.9 230.9 228.8 226.8 225.4 223.9 223.3 223.8 223.5 222.3 221.2 220.1 217.6 212.6 212.8 213.6 213.7 213.5 212.8 211.1 209.7 208.9 208.6 208.8 209.1 209.4 208.9 209.3 214 211.3 212.1 215.7 219 219.9 221.8 223.7 225.7 226.5 228.1 228.4 228.4 228.9 230 230.6
481.8 473.7 464.7 455.6 442.7 439.6 428.2 414.6 399.2 386.3 371.2 359.4 349.7 341.8 334.5 325.4 318 306.7 298 290.1 285.3 279.7 271.5 264.8 259.3 254.9 252.8 250.2 246.4 242.6 238.9 236.4 234 231.6 229.8 227.8 227 226.7 225.3 223.7 223.4 223.7 222.9 221.7 220.5 219.2 215 211.5 211.5 212.2 213 213.1 212.6 211.6 210.1 208.6 208.5 208.5 208.5 208.6 208.2 211 215.9 211.8 212.1 215.5 224.4 222.2 222.7 224.1 226.3 228.4 228.4 228.8 229.6 232.3 232.2 233.2
479 472.3 464.4 455.2 445.3 437.7 425.4 411.7 398.3 385.2 370.7 358.6 349.1 339 330.8 321 312.1 302.8 294.2 284.4 277.1 271 265.2 259.5 255.2 251.2 249.1 246.9 243.9 240.1 236.6 234 231.3 228.7 226.2 224.9 224.9 225.3 224 223.3 223.2 222.7 221.6 221.1 220.3 218.2 210.8 210.3 211 211.7 212.6 212.7 212.2 211.6 210.5 209.4 209.2 208.1 207.4 207.9 208.1 208 216.3 213.9 213.1 214.8 224.2 220.5 222.1 224.5 226.7 228.9 229.1 229.5 231.6 233.6 235 236
473.7 468.5 462 453.1 443.4 434.1 419.7 409.1 397.6 384.3 371.6 359.5 350 340.6 332.4 322.9 314.2 306.7 299 288.9 278.8 270.1 260.7 256.1 251.6 247.9 245.2 243.1 241.1 237.5 235.3 233.1 230.3 228.1 226.3 224.9 224.8 223.9 222.7 222.1 222.5 221.6 220.3 219.4 217.1 215.9 210 209.4 209.9 211.3 212.1 212.2 212.8 212.3 211.7 210.9 210.1 208.8 207.5 207.6 207.4 207.1 207.7 212.8 214.2 216.6 219.2 220 223 225.7 227.8 229.6 229.8 231.2 233.7 236.5 239 239.5
466.9 462.3 456.1 448.9 440.9 429 416.1 406.2 394.8 383.5 370.9 358.9 349.7 341.9 333.7 325.1 316.1 308.9 300.7 290 281.5 272.7 263.7 256.4 251.4 246.2 242.5 240.1 238.4 235.9 234.1 232.5 230 227.5 226.4 226.1 222.8 221.8 219.9 221.9 221.5 221.2 220 218.9 218 210.5 209.1 208.5 208.8 209.1 210 210.9 211.4 212.3 212.5 211.9 211.1 209.3 207.7 207.5 207.2 206.9 206.7 209.2 214.4 215.8 218.8 222 225.2 226.9 227.8 229.7 230.8 232.9 236.4 239.5 242.4 245
457.4 454 448.5 443.3 436.3 425.9 413.9 401.7 390.7 380.9 369.5 357.6 348.6 341.2 333.9 325.6 316.8 308.2 299.7 291.9 283.9 275.2 266.2 258.8 251.8 246 243 238.7 236.7 234.7 232.9 231.3 229.7 226.9 226.1 225.5 222 219.4 220.7 221 219.9 220.5 220.5 219.7 218.5 210.1 208.4 207.6 208.2 208.6 208.1 209.6 210.1 211.3 212.5 212.8 212.2 211.1 207.4 207.4 207.1 206.9 206.6 209.1 213.1 216.4 220.2 222.3 225.5 227.3 227.5 229.4 231 231.8 237.7 241.6 245.1 248.2
445.9 445 441.7 436.9 429.2 419.7 411.8 400.2 389 377.4 366.8 355.3 346.1 338.3 331.2 324.1 315.6 308.9 300.1 292 284.8 276.9 268.6 260 252.3 245.8 241.2 237.4 236.1 233.7 231.7 230 228.3 226.6 224.6 222.5 218.9 217 216.2 217.3 217.9 217.7 217.9 217.3 214 210.1 207.9 207 207.1 207.9 208 208.6 210.5 212.8 214.4 215.4 216.3 214.7 210.5 207.3 207.1 206.8 206.4 208.2 211.6 216.2 217.6 223.2 225 227 227.2 229 231.9 233.2 237.6 243.3 247.7 251
434.3 432.7 431.1 426.5 420.1 415.2 407.8 396.5 385 373.4 363.9 353.3 344.2 335.5 328.5 321.3 312.2 305 298.1 290.3 283 275.9 267.9 260.2 252.2 245 237.9 235.7 234.3 231.2 230.6 228.9 226.9 224.5 222.2 220.5 220.6 219.4 219.4 217 213.9 212.8 211 211.1 209.4 208.2 207.4 206.5 206.6 207.1 208.2 211.4 213.4 215.4 215.8 216.8 217.7 217.8 212.9 208.7 207 206.6 206.3 207.2 212 212.6 216.4 222.1 225.6 225.6 227.2 229.9 232.4 234.7 237.9 243.4 249.1 253.9
421.5 419.4 418.5 417.9 414.2 408.7 402.4 392.5 380.2 369.2 360.2 351.1 342.3 333.7 325 316.7 308.8 302.1 294.9 287.8 280.7 273.5 265.6 258.2 250.7 242.6 236.3 233 231.3 227.9 228.2 227.5 225 222.6 221.8 221 220.6 220.5 220.1 218.7 217.5 218.6 217 214.6 209.4 207.4 206.8 206 206.1 206.7 211.3 215.3 216.6 216 216 217.1 218.1 218.8 216.5 209.2 206.6 206.1 205.7 208 212.9 215.8 216.5 221.1 224 224.6 226.8 229.6 232.6 234.9 237.5 244.5 251 256.8
411.6 412.6 412.1 410.9 408.5 402.3 396 387.2 378.6 367.7 358.3 349.1 340.6 332.2 322.6 315.6 305.9 299.5 292 284.9 277.5 268.7 260.8 254.7 246.7 239.7 235.1 231.9 229 227.1 226.5 224.4 223.5 223.4 222.4 221.2 220.5 220.1 219.6 218.6 216.9 216.9 215.4 212.1 207.9 206.7 205.8 205.5 206.6 208.7 213.9 218.2 217.9 216.8 216.6 217.6 218.3 218.7 217 211.2 207.2 205.9 206.5 206.6 210.5 212.3 215 221.7 220.7 223.8 226.9 229.3 231.7 236 237.2 245.6 253.3 259.6
399.6 400.8 400.9 400.8 399.5 396.5 390.6 384.1 376.4 367.1 357.3 348 339.3 329.9 320.9 314.3 304.4 296.5 289.6 283 273.9 264.6 254.7 247.9 242.9 238.7 234.8 232.1 228.9 226.4 225.5 225.4 225.2 223.3 221.5 220.2 219.9 219.6 219.1 218.3 216.6 216.2 214.9 209.2 206.3 206.3 205.9 205.5 206.2 211 216.2 218.9 218.4 216.9 217.5 216.7 216.9 218.8 216.9 213 208.9 207.6 206.6 207.1 205.5 208.9 211.2 218.6 219.2 222.7 226.3 228.8 231.9 235.9 241.2 248.8 256.4 263.4
386 388.8 389.6 389.9 390.7 389.1 385.8 381 374.5 366.5 357.6 348.5 339 329.8 319.4 310.8 302 294.9 287.8 279.4 272.3 262 257.8 249.8 243.5 239 235.1 231.3 227.4 226.6 226.2 225.2 224.2 223.2 222 219.6 219.2 218.9 218.6 218.1 217.9 216.5 213.2 207.7 206.3 206.3 206.4 206.3 207.3 211.9 216.4 219.1 218.7 217.1 217.3 215.8 216.1 218 216.7 214 208.7 210.7 210.6 208.3 206.5 207.9 210.7 214 218.2 221.9 226 228.3 232.7 237.3 242.6 252.1 259.4 267.1
395.4 382.3 376.2 378.2 379.7 380.6 379.2 375.9 370.9 363.3 355.1 347.7 339.4 330.8 319.1 310.1 301.3 293.2 284.9 278.3 270.3 265.7 259.8 250.1 243.5 238.7 233.5 229.2 229.1 227.9 226.6 225.1 223.7 222.5 221.3 220.3 218.8 218.4 218.1 217.7 217.8 217.2 210.8 206.4 206.8 206.4 206.4 206.7 208.8 214 217.8 218.1 218.3 217.8 216.2 214.8 215 216.5 216.4 210.3 209.2 213.3 211.5 208.6 206.2 206.9 209.3 213.6 216 222.1 226.2 229.1 234.6 238.3 246.5 254.9 261.6 270.1
397.3 387.1 376.1 364.6 367.3 369.9 369.2 368.2 364.5 358.4 351.1 345.3 338.1 329.7 319.1 310.9 303 293.3 286.4 277.9 270.6 264.5 259.7 249.5 243.8 237.5 232.7 230.1 229.3 227.5 225.9 224.5 223.1 221.8 220.7 219.7 218.3 218 217.5 217.1 217.1 215.8 209.6 206.3 206.2 205.8 205.2 206 211 216.4 217 217.3 217.5 216.5 214.5 213.7 213.7 214.6 215.6 211.8 210.9 213.5 211.6 208.1 206.4 204.6 205.9 214.7 216.9 221.5 226.8 229.9 235.4 240.9 248.5 256.6 263.4 271.9
397.7 388.8 378.3 369 357.8 358 359 358.6 356.4 352.2 346.8 341.7 335 327.4 316.8 310.4 303 292.3 284.3 275.5 268.5 262.4 256.7 247.8 243 234.4 231.7 230.6 228.7 227.1 225.9 224.9 223.7 221.8 220 219 217.9 217.5 216.9 216.6 216.4 213.7 208.7 205.5 205.4 205.2 204.9 205.6 211 216.1 216.3 216.6 215.7 213.9 212.1 212 212.7 214 215.2 213.1 212.5 212.2 210.4 206.4 204.4 204.3 206.6 210.6 212.6 220.9 225.6 229.9 235.9 241.3 248.3 256.9 263.9 272.4
398.9 389.3 379.3 370.7 358.5 353 349.6 348.3 348 345.2 340.9 338 330.4 323.6 316.8 310.4 301.9 291.1 283.3 274 268 262 252.2 237.9 237.6 233.6 233.2 232.9 230.9 229 227.7 226.6 224.2 222.2 220.1 218.1 217.4 216.8 216.2 215.8 214.9 213.4 208 205.8 205.3 204.8 204.7 206.2 209.9 214.6 215.7 215.5 213.1 211.3 210.2 210.6 212.1 213 214.5 215.2 209.9 209.9 207.9 203.8 202.6 204 207.6 211.5 213.7 220.8 224 228.5 233.8 241.2 247.4 256.5 264.3 271.8
399 389.2 378.3 369.7 360.9 350.8 344.3 338.4 339.3 337.7 335.2 330.4 325.8 320.9 314.9 308.4 301.2 289.9 281.5 274.8 267 258.5 243.1 240.8 237.3 237.5 237.7 235.9 233.5 230.8 229.4 226.8 223.3 220.7 220.3 218.4 215.8 215 214.9 214.4 213.4 213.7 209.9 205.5 204.9 204.4 204.4 204.5 208.8 213.1 215.1 213.5 210.2 208.8 208.4 209 210.5 211.9 213.3 213.3 206.1 209.1 209.6 202.6 202 202.6 208.6 209.9 214.9 219.2 223 227.2 233.2 240.1 246.1 254.5 262.4 269.9
398.5 388.2 376.6 368 360.2 353.3 344.4 337.6 331.9 328.7 324.8 322.2 317.9 316 309.9 303.2 297.4 289.2 281.7 274.6 264.6 248.2 247.5 247.3 237.3 242.8 240.9 238.7 235.5 232.4 231.1 225.9 222 220.8 219.8 219.5 217 214.2 213.3 213.7 212 212.3 209.8 205 204.3 203.6 203.5 204.8 207.5 211.3 213.5 210.8 206.8 205.9 206.6 207.4 208.9 210.5 211.8 209.4 202.9 203.3 206.8 204.3 201.6 203.3 204.3 210.7 214.8 218 222.6 226.3 231.9 237.6 246 253.3 260.4 266.8
393.8 384.4 372.1 364.4 358.8 353.3 348.8 345.1 341.2 334.8 328.1 323.1 318 305.4 294 291.7 287.1 282.9 277.1 268.3 255 249.4 252.2 245.3 241.4 243.7 242 240.3 237.1 234.3 231.6 225.5 222.7 222.8 219.5 214.1 211.8 211.2 210.4 209.4 208.7 209.5 209.6 205.7 204.9 204.1 204.2 204.8 207.4 209.2 210 207.8 204.7 205.2 205.8 206.2 207.7 209 210.3 209 202.9 201.3 204.1 206.4 202.5 201.3 203 210.2 214 217.5 220.8 225.4 229.2 237.6 243.7 252 258.1 263.8
