Game/Highland_Data/StreamingAssets/GeoData/Data/nj/NJ60.asc
ncols 200
nrows 200
xllcorner 360000
yllcorner 800000
cellsize 50
[rows 70 to 104 of 200, columns 78 to 155 of 200]
267.7 268 267.7 266.5 267.7 269.2 267.8 265.4 261.9 258.4 254.5 249.7 245.7 241.6 239.2 237.6 233.9 233 231.9 231.7 232.5 233.3 236.5 236.8 237.5 238.8 241.3 243.9 246.4 250.9 254.3 254.9 254 252 250.9 248.5 248 248.7 250.1 252.6 255.4 255.8 257.3 257.9 256.4 249.7 240.6 231.3 224.1 216.7 210.4 205.4 201 197.1 192.9 186.7 178.1 171 171.2 168.9 174.8 181.9 184.4 187.9 192 195.7 198.6 198.9 198.2 195.1 192.9 189.5 186.3 183.5 180.2 176.7 175.8 175.1
266.9 270.2 272.3 273.8 275.1 273.9 271.5 269.3 265.9 263.3 259.8 255 250 246.1 241.9 238.5 236.1 234.8 234.5 235 236.4 237.8 239.6 240.1 241.6 243.7 247.2 249 251.8 254.8 257.8 258.5 256.4 252.5 249.6 246.9 245.8 244.3 245 246.7 250.4 252.1 255.2 254.4 251.1 243.4 233.6 226 219.5 213.4 207.1 203.6 199.4 195.2 180.5 174.2 180.3 183.7 172.8 181.3 185.7 187.1 189.3 192.1 195.6 198.4 200.2 199.8 197.6 194.8 191.8 189.2 185.8 182.5 179.8 177.6 176.8 175.2
263.5 269.6 274.5 277.5 279.5 279.9 277.4 274.5 271.2 268.4 263.4 258.7 252.9 248.6 244.6 240.9 238.6 237.4 237.9 238.5 240 241.5 243.7 245.1 247.1 249.8 253.5 256 258.6 259.9 262.1 262.3 259 253.6 248.1 245 242.8 240.5 239.8 239.7 243 246.8 247.6 246.8 240.2 233.6 226.9 221.3 216.2 211.3 205.9 201.4 194.6 184.7 181.7 189 186.5 185.1 173.4 184.4 191 194.5 197.1 198.8 201.3 202.4 202.9 200.6 198.2 194.3 191.9 189.6 186.7 182.8 179.2 177.4 175.6 175.6
262 268.3 272.8 277.9 281.8 283.6 283.4 283.3 278.7 272.2 265.5 260.5 255.3 250.6 246.4 243.6 240.9 240.4 241 242.6 244.3 245.8 247.9 250.1 252.8 255.8 258.8 261.6 264 265.9 267.2 264.1 259.6 253.2 246.4 243.9 241.1 237.8 235.5 235 237.1 239.2 237.9 232.8 228.1 225.2 222.1 218 213.3 208.5 202.2 197.5 180.6 180.3 191.7 192.1 189.5 185.7 180.8 190.1 198.5 201.7 204.5 205.7 207.1 207 205.5 202 198.5 196 192.6 187.3 185.3 182.6 178.9 177.7 176.4 176.4
258.6 264.1 269.2 272.9 276.4 283.1 286.2 286.8 282.5 274.4 267.5 261 256.8 252.8 249.6 246.3 245 245.4 245.3 246.2 248 250.4 253.1 255.7 258.2 260.8 263.6 266.1 267.5 269.7 268.2 264.1 257 251.9 245.5 242.7 239.9 235.1 233.1 231.5 230.2 232.8 228.6 223.1 220.9 218.7 216 213.3 208.6 203.7 195.9 182.8 193.2 195 196 194.9 192.4 186 184.5 195.8 204.9 211.6 211.2 212.1 210.8 209.8 208 202.7 198.8 195.5 192.6 186.9 183.5 181.3 178.9 177.9 177.6 179
253.6 258.3 262.3 266.3 269.6 274.9 281.3 284.2 280.2 274.2 268.9 262.1 258.4 255.8 253.3 251.2 250.5 250 249.9 250.3 252.1 254.7 257.4 258.9 261.2 263.3 266.5 268.5 268.8 268.3 265.3 261 255.2 250.4 245.4 241.2 238.2 234.1 230.9 227.4 225.9 217.4 212.3 211.4 203.7 204.4 203.6 197 195.4 188.6 193.8 198.1 199.5 199.8 200.5 201.3 196.8 184.9 187.8 198 208.2 213.9 214.5 216.7 215.6 212 206.5 202.9 198.8 194.6 189.3 185 182.1 180.6 180 179 178.3 178.9
248.3 251 253.8 256.8 261 266.6 272.2 277.1 276.5 273.6 270 266.9 263.7 260.5 258.3 254.7 253.8 254.4 254 255.5 257.8 258.7 261.1 262 263.8 265.5 267.4 267.6 266.1 263.4 260.3 257.4 253.9 249.9 245.9 240.7 237.7 232.1 221.9 216.9 207.7 206.7 211.1 210.3 211.8 212.2 211.1 209.5 207.8 205.3 203.6 203.7 204.5 205.7 206.2 204.3 199.2 189.3 184.5 197.4 207 214.5 219.6 220.3 218.7 212.7 207.2 201.9 197.6 192 188.9 185.5 183.6 182 181.9 180.4 179.7 181.8
241.9 244.2 248.1 250.7 254.1 257.4 263 268.2 271.4 273.6 273.6 270.7 269.5 264.3 261 260.6 259.4 259.1 260.6 260.5 261.5 263.1 263.9 264.8 265.3 265.4 264.9 263.9 261.1 257.6 256.5 254.5 251.2 248.8 244.4 237.9 232.6 217.2 211.8 216.2 220.8 221.3 221.2 219.7 218.4 217.6 215.6 213.1 210.8 208.8 207.7 208.5 209.5 210.9 210.2 206.9 200.8 196.9 185.5 195.2 202.3 213.2 217.5 218.4 216.9 208.8 204.2 201.1 198.6 194.4 189.3 188.3 188.4 184.3 183.6 182.6 183.3 185.2
237 238.2 240.9 244.3 247.7 252.6 257.5 261.6 266.5 272.1 273.6 274.6 271.6 270.3 269.2 269.2 267.9 267.6 266.4 266.2 264.6 265 265.5 265.5 265 263.3 261.6 260.3 257.8 255.1 253.4 251.4 248.9 246.9 238.9 218.1 216.4 217.8 228.4 228.2 228 226.8 225 223.5 222.1 220.6 218.7 215.9 213.3 211.7 212.5 213.3 214.1 215.3 214.7 209.6 203.1 198.4 190.7 193.3 201.1 209.7 212.5 210.4 204.9 202.9 202.8 201.2 199.5 196.4 196.3 193.7 191.5 186.8 184.4 185.1 187.2 188.3
232.5 233.4 235.2 236.6 241.9 247.4 251.5 258.3 263.2 269.6 273.6 275.5 274.4 274.8 275.2 275.9 274.2 272.2 271.3 271.1 269 267.8 266.5 265.9 263.5 261 259.7 257.9 254.6 251.4 250.1 240.3 235.2 231.5 228.6 240.1 237.5 235.7 235.4 233.5 231.6 228.8 227.2 226 224.4 222.4 221.1 217 216.2 215.7 215.5 217 218.5 219.7 218.5 212.1 205.6 200.5 196.4 192 199.2 203.8 205 203.9 201.6 206.5 205.6 204.8 200.4 202.7 196.7 195.1 192.1 187.7 188.2 188.3 189.8 191.4
226.5 228 231.2 236.2 239.4 241.3 247.1 254.6 260.1 266.9 272.1 275 275.5 277 279.2 278.9 277.4 276 275.8 275.2 273.4 271.8 268.4 266.2 262.2 258.9 257.9 255 252.1 244.6 235.6 232.5 246.1 248 248.9 248.5 245.3 242.6 239.3 235.6 232.9 230.4 228.8 227.3 226.5 224.8 222.9 220.1 220 219.2 219.3 220.5 223.4 224.2 221.6 212.7 205.4 200.8 197.6 188.9 196.4 197.8 199.1 200.4 202.7 206.2 208.1 206.2 206.7 204 202.1 198.1 195.1 193.4 192.3 192.6 193.1 197.1
223.9 224.3 226.9 229.8 234.1 239.2 244.1 249.1 256.5 263 269.6 274.4 276.2 277.6 277.5 278 277.2 277.8 277.8 277.7 276.1 273.1 268.5 263.9 259.4 256.9 254.4 252.3 238.8 235.3 242.5 252 252.9 255.1 255.7 254.9 250.1 246.4 241.9 238.3 234.9 232.3 230.5 229.6 228.9 227.5 227.3 225.5 223.9 222.9 222.4 224.3 226.7 225.9 222.3 213.2 206.1 199.8 195.7 191.8 192.7 195 199.1 202.5 205.3 207.7 207.8 208.6 207.4 206.6 205.3 203.4 204 198.9 196.4 194.1 197 202.2
221.8 223.1 225.2 226.9 229.3 233.8 240 244.8 250.9 257.8 263.9 270.7 274.4 275.3 274.7 275.6 276.1 277.2 279.2 279.9 277.5 272.4 267.1 262.7 259.1 255.4 253 247.1 251.9 254 254.8 256.2 258.6 261.8 260.9 256.2 251.5 247.1 243.3 241.1 237.8 234.8 231.8 231.8 230.7 229.8 229.7 229.5 228.1 227.1 227.1 227.1 227.3 224.7 220 211.6 207.2 200.9 194.5 190.9 192.5 195.1 200.4 203.7 205.9 208.3 210.6 211.3 211.2 212.1 209.8 208.1 207.5 205.5 202.9 201.3 204 206.9
220.2 222.9 223.2 224.2 228.2 232.7 237.8 241.9 245.7 251.5 257.1 262.9 269.8 271.7 271.9 273 274.1 276 278 278.6 275.8 270.9 265.4 261 257.6 253.7 242.3 248.8 256.6 258.5 262.6 268.5 268.5 266.7 261.5 256.4 252.3 248.5 245.7 243.6 240.2 236.4 234.9 234.1 232.6 231.7 231.2 231.6 231.9 230.8 229.6 228.2 225.6 220.7 215.2 209.6 204.7 198.7 193.1 191.6 192.7 194.5 199.4 204.8 207.8 210.4 212.9 213.9 215.6 216.1 214.4 213 210 207.7 205.9 205 207 209.8
218 219.4 222 223.6 225.1 229.8 234 239.9 242.7 245.8 250.5 255.7 261.9 265.6 267.7 269.7 270.7 272.5 273.7 274.3 271.9 267.9 262.7 258.9 256 247.6 243.7 256.9 262.4 267.5 272.6 272.1 268.8 264.2 259.8 256.2 252.8 250.4 247.8 245 241.9 237.7 235.2 233.6 233.2 233.4 233.9 234.9 234.4 231.4 229.3 225.9 219.8 214.7 209.8 205.3 200.3 195.5 192.3 192.2 192.5 193.6 197.9 205.1 208.4 212.2 214.8 216.3 217.5 218.5 217.7 214.9 211.6 210.4 208.4 207.8 209.8 212.8
217.4 219.6 223.7 225.4 225.1 227.6 231.1 235.3 240.3 242.5 244.6 248.7 253.5 258.1 262.2 265.5 268 269 269.6 269.4 267 264.1 260.8 253.9 252.5 245.3 254.8 259.8 265.4 271 271.1 267.9 265 262.4 259.4 256.3 253.7 251.5 248.4 244.3 240.3 237.2 234.5 233.1 232.6 233.8 233.9 233.2 231.2 228.4 225.4 218.8 213.5 208.9 204.1 200.2 196.4 194.2 192.3 192.7 193.7 193.6 199.4 202.5 208.2 213.4 215.7 217.8 219.2 220.4 219.8 217.7 215 211.9 210.1 211.6 213.3 215.4
217.8 219.8 224.6 225.9 226.5 227.8 230.1 232.4 236.1 238.7 240.8 242.6 245.3 248.6 254.7 259.8 262 262.1 261.3 261.1 259.7 259.3 255.8 252.4 249.8 251.5 255.6 261.3 266.3 267.9 267.5 265.2 262.4 259.7 257.2 255.6 253.8 249.3 245.7 242 237.8 235.2 233.6 231.8 230.8 230.7 229 226.5 223.9 220.5 216.4 212.2 207.6 203.5 199.6 195.2 193.3 193 193.6 194.3 194.3 194.7 199 202.5 208.9 212.9 215.9 218.3 220.8 221.9 221.8 220.4 217.5 215 214.1 215.2 216.9 220.1
220.9 222.5 224.7 226.8 227.1 229.2 231 232.5 234 235.3 236.6 237.3 238.7 241.7 246.4 250.8 251.9 250.9 251.2 251.6 253.2 255.9 257.4 258.1 255.8 253.5 256.4 262.5 265.5 266.7 265 261.3 259.2 256.2 255 253.4 250.2 244 242 239.8 233.9 231.3 230 228 226 223.4 221.4 218.5 216.1 213 209.3 205.1 201.9 199.7 195.7 193.6 193.7 193.1 194 194.8 194.9 196.1 199.4 204.1 208.9 212.5 216 218.9 221.3 222.6 223.8 223.8 221.3 218.9 218.4 219 220.7 224.2
222.1 225.9 227.8 229.9 228.9 229.5 231.1 232.5 233.3 234 233.7 235.1 235.2 235.9 237.7 244.8 246.5 251.3 256.8 260.7 265.6 266.6 267.4 263.6 258.5 254.5 256.9 260 262.4 262.5 260.1 256.4 254 250.6 247.2 245.6 242.2 240.1 237.6 232.7 228.4 225.4 223.3 220.5 218.5 215.5 212.9 210.2 208.3 204.2 200.7 199.3 197.3 196.1 194.1 193.6 193.6 193.4 194.7 195.8 195.8 196.9 201.1 205.5 208.5 211.9 215.6 218.6 221.6 224.1 226.7 227.8 226.4 223.6 223 224.1 225.5 229.6
223.5 226.3 229.1 234.2 235.7 234.2 234 234 235.3 233.9 233.9 233.4 233.8 235.5 237.1 247.1 256 263.5 268.2 271.4 274 272.7 269.9 265.1 258.5 254.9 257 258.9 258.6 257.6 254.6 252.5 248 245.8 243.4 241.5 239 236.1 231.8 227.1 223.9 221 217.6 214.8 213.2 210.1 204.5 201.7 201 199.6 199.1 199.5 195.2 195.8 195.3 194.3 193.3 193.8 195 196.6 196.9 197.7 199.8 202.6 207.9 211.4 215.1 219.3 222.6 227.4 230.8 232.8 232.1 229.3 228.4 229.9 231.3 234.4
223.9 226.8 230.2 235.8 240.4 239.6 238.7 238.5 238.2 236.4 234.8 235.7 236.1 240.1 248.9 259.5 267.4 275 278.7 278.6 283.2 278.9 272.5 266.4 260.2 257 257.9 258.7 259 257.3 252.8 247.1 244.8 241.8 240.1 237.5 234.8 230.3 225.8 222.8 220.3 216.4 213 209.8 208.5 205.7 201.2 200.6 201.8 203.6 202.8 199.3 195.6 195.8 195.6 193.8 193.9 195.3 197.4 198.5 198.4 198.8 200.8 203.6 207.3 212 215.4 220.4 224.6 230.4 234.5 237.5 238.3 237.2 235.8 235.7 238.3 240.9
225.6 227.6 231 235.6 239.4 239.9 241.1 242.4 240.6 240.4 241 241.9 246.7 254.2 263.5 273.5 281.5 285.1 287.1 288 285.9 280 271.6 269.1 265.4 264 262.4 262.5 262 257.9 252.9 247.3 242.7 237.5 235.9 232.7 229.3 226.5 222.1 220.3 216.6 212.9 209.7 207.8 206.1 202.7 201.5 200.5 200 199.4 197.3 197.2 197 196.1 195.2 195.3 196.7 198.5 199 200.1 199.8 200.1 202 204.9 208.5 211.9 215.3 221.5 226.1 232.5 237.9 242.1 244.7 244 241.1 241.9 244 246.9
228.2 229.2 232.3 235.1 239.4 243.6 245.3 247.5 247.8 248.1 250.5 253.9 258.4 266.2 273.3 281.9 290.6 293.4 294.5 294 289.9 283.6 275.2 275 272.8 271.5 269.6 267.2 265.4 260.4 256.2 249.9 243.2 237.3 232.9 229 225.7 222.2 218.7 216.2 212.8 209.4 207.1 205.8 203.7 202.4 203.4 201.5 200.9 200.1 199.3 198 197.7 197.3 197.7 197.7 199.9 201.1 201 201.8 200.7 201.2 202.9 205.5 208.8 211.6 214.8 219.7 226.7 233 241.5 246.3 249.1 247.9 248.2 248.8 252.6 257.7
235.5 237 240.5 244.5 248.1 251.6 254.6 258.5 263.1 267.3 268.1 268.7 270.1 275.8 279.7 290.7 300 302.2 301.7 300.2 297.8 292.3 285.5 282.8 278.9 277.3 275.6 273.4 270.8 266.1 258.4 251 245.6 239.8 235.3 230.8 227.5 221.1 216.5 212.1 209.2 206.1 205.3 204.9 203.6 203.2 202.3 201.6 202.7 203.3 203.5 201.4 201.6 200.4 202.7 200.9 203.2 202.8 203.2 203.9 203.8 202.4 203.9 206 209.3 212.1 216.4 220.8 226.7 235.5 244.7 250.6 251.9 251.7 256.5 260.9 265.5 270.9
241.4 244.8 249.1 254 258.5 263.6 268.1 272.8 278.3 281.7 283.8 282.8 278.5 287.8 293.2 305.2 311.4 311.4 310.5 310 307.3 302.2 293 290.3 287.5 285.4 283.2 280.4 276.6 269.8 263.1 256.6 250.6 242.4 235.8 233.4 227.7 221.1 216.1 210.5 207.4 205.9 206.1 205.4 204.7 203.9 204.8 204.9 206.7 207 206.5 204.4 204.7 206.6 206.8 204.3 206.2 205.4 206.7 206.9 205.7 202.9 203.2 207.1 210.2 213.5 217.5 223.3 230.4 239.4 247.7 252 255.7 259.3 267.5 273.3 279.2 284.4
249.3 252.4 259.4 265.2 271.3 275.9 281 286.2 292.8 297.2 298 295.8 298.7 303.5 311.1 316.3 318.1 320.5 320.4 319.1 314.5 303.8 300.2 297.6 296.7 294.2 291 287.1 280.3 272.6 266.6 259.9 253.7 247.5 239.9 231.5 225.9 222.4 216.6 211.2 207.9 207.3 206.9 206.7 206.8 207.1 208.8 209.5 210.9 209.7 209.1 208.5 209.6 210.7 211 210.3 210.3 209.6 209.5 208.7 207.3 205 205.1 208.4 213.3 217 218.4 225.1 235.3 242.2 247.6 252.5 258.6 268.4 277.4 284.5 290.2 295.4
260.9 267.8 273.3 279.8 283.7 287.9 291.9 297.8 304.7 309.1 309.4 307.8 312.3 316.2 321.6 324.3 326.5 329 328.6 323.7 315.8 307.1 304.5 303.7 303 300.6 294.3 289.4 282.1 274.6 267.4 260.3 254.9 248.8 242 235.3 228.7 224.3 217.5 211.5 209.8 208.7 209 210.1 210.4 210.8 211.2 211.3 213.3 213.3 213 212.8 213.1 214.1 214.6 214.5 214.1 212.8 211.6 210.7 208.6 206.5 208.1 212.4 217.5 222.2 225.1 229.6 235.9 243.6 248.2 254.6 264.8 276.1 285.9 292.7 298.3 302.1
273.9 281.6 287.4 292.7 294.3 296.7 301 305.6 311.6 315.2 316.4 316.9 316.6 321.7 324.2 325.5 327.6 330.5 330.5 325.3 315.9 310.9 309.8 309.2 306 302.1 296.1 290.6 281.9 274.4 267.2 260.5 254.2 248 241.5 233.8 227.5 222.1 216.3 211.8 209.8 210 210.8 212.8 214.4 213.8 213.9 215.9 216.9 217.2 217.4 217.1 217.4 217.7 218.2 218.9 217.8 215.4 213.3 212.1 208.9 208.6 211.8 215.2 224.2 230.9 238.1 241.5 241.7 245.1 249.4 256.9 270.3 282.1 291.7 298.4 303.2 307.9
288.5 294.3 296.7 300.5 300.8 300.4 304.2 308.9 310.3 312.7 313.2 312.9 315.1 317.1 317.5 319.1 320.5 324.4 326.1 321.9 317.6 315.2 315.8 312.9 308.6 303.6 296.8 290 281.6 274.2 266.8 259.6 253.4 247.1 240.8 233.3 227.1 219.2 216.4 212.6 211.5 212.1 214.4 216.1 217.8 217.4 217.4 219.1 220.4 221.2 221.9 222.3 222.8 224.1 224.3 224.5 221.9 217.8 215.3 213.5 210.4 210.2 214.2 222.9 232.4 241.1 248.2 250.7 248.9 244.8 252.5 259.1 272.8 284.4 292.7 299.8 306.3 314.3
301.2 301.4 302.6 304.8 302.4 302.6 303.8 304.4 305.3 306.2 305.1 305.5 306.2 306.2 306.6 308.9 309.9 312.2 313.9 313.4 315.3 317 317.6 315.3 308.9 304.1 297.8 290.2 283.2 273.3 266.4 259.3 253.3 247.2 240.2 232.7 224.2 220.2 216.3 216 213.3 215.8 218.5 220.5 221.7 220.3 221 222.4 223.7 225.3 226.2 227.1 229.3 231.8 232.7 231.6 227.4 221.5 216.9 214.5 212.4 214.3 218.3 227.1 240.1 249.7 256.4 255 253.6 254.3 252 261.4 273.4 283.8 291 299.2 307.5 317.5
306.3 306.8 309.5 304.9 299.8 298.5 295.3 294.2 294.2 294.4 294.5 294.9 295.1 294.9 295 296.5 298.2 299.7 303.6 307.3 310.4 314 316.1 314.6 309.4 303.9 298 291.6 283.1 275.9 267.5 260 254.4 246.7 239.4 232.2 225.5 219.2 219 218 216.4 220.1 223.7 225.9 225.8 225.1 225.2 226 228.5 229.8 230.9 233.8 238.2 240.5 240.9 238.7 233.1 225.7 219.3 214.7 215.5 217.1 221.2 232.8 250.3 257.5 259.4 258.9 258.7 259.8 261.6 265.7 270.8 282.2 289.2 298.4 308.3 319.6
308.5 305.6 303 295.7 290.1 286.1 282.5 281.3 281.9 282 282.2 283.4 283.4 284.1 285.5 286.5 288.1 290.9 296 299.7 304.8 309 311.9 313.3 309 303.5 298.6 292.4 285.4 277 267.8 259.4 252.2 245.2 238.5 231.5 225.1 223.1 221.4 218 216.6 225.9 230 231.3 231.6 230.5 231.6 231.7 233.6 234.8 235.7 241.6 246.4 247.9 247.3 244.6 238 229.4 221.4 217.9 218.4 220.1 222.6 237 251.4 257.6 260.3 261.8 261.8 265.4 268.5 273.6 279.4 284.8 289.8 296.8 306.4 316.6
301 297 290 283.7 277.4 272.5 268.9 268.3 269.4 270.9 271.9 273.4 275.4 277.7 279.2 281.2 282.4 285.5 290.8 295.7 299.2 304 307.7 308.9 306.2 302.2 297.8 290.8 284.4 276 266.5 257.3 249.6 239.3 238.2 231.3 226.1 222.8 220.5 219.3 225.8 232.3 235.1 237.3 237.8 236.6 237.5 237.7 239.1 241 242.4 252 255.4 255.4 253.2 248.7 240.5 232 225.9 222.6 220.8 224.6 228.3 236.5 249.7 257 261.8 264.5 266.4 269.5 273.2 278.9 286.8 292.4 296.7 302.8 309.9 317.1
289.2 286.1 278.8 270.9 265.6 261.8 258.8 260.9 261.5 262.2 263.4 264.8 267.9 270.8 272.6 274.8 276.7 281.1 286.5 292.1 296.5 300.1 304 305.4 303.6 300.6 296.2 287.7 279.5 271.8 262.8 252.8 246.2 240.2 234.8 228.4 225.7 223.7 221.7 226.6 233.1 236.8 239.3 241.9 243.5 245.1 245.1 247.3 249.6 252.4 256 261 264.3 261.1 257.5 251.6 242.5 234.7 229.9 225.4 225.7 229.9 233.3 240.1 247.9 256.4 262.4 266.1 269 273.5 277.3 282.8 293.4 301.1 306.3 310.8 316 322.6
276.5 273.1 265.7 259.2 253.5 251.7 251.5 250.6 252.4 254.4 256.1 257.1 262.2 265.4 267.4 271.1 274.9 279.3 283.3 289.9 293.9 296.8 299.7 303.1 300.9 297.1 290.5 282.4 274.6 266.6 256.8 252 245.3 239.8 234.1 230.7 225.4 224.1 225 231.1 236.1 239.6 242.8 245.8 249.3 252.7 258.6 262.2 266.2 269 271.2 273.1 270.8 266.9 259.2 253.1 245.8 238.9 233.6 228.4 229.2 235 240.9 245.3 251.4 258.2 263.4 267.3 271.7 277.8 283.5 289.7 301.1 309.3 313.5 318.6 325.1 331.4
