Game/Highland_Data/StreamingAssets/GeoData/Data/nj/NJ75.asc
ncols 200
nrows 200
xllcorner 370000
yllcorner 850000
cellsize 50
[rows 74 to 110 of 200, columns 83 to 165 of 200]
84.3 87.2 89.4 91.5 93 94.5 97.2 99.3 99.8 100.9 100 100 100.7 102.1 104.8 107.1 110 112.9 115.5 116.6 116.4 115.7 114.9 113.7 112.7 112 111.1 110.2 108.3 105 103.8 108.1 106.8 106.7 107.5 108.8 110.2 111.2 112.4 112.6 112.6 112.6 112.8 113.1 113.6 113.8 113.8 113.4 112.7 112.5 112.3 112.1 111.8 111.4 110.8 110.1 109.7 108.2 104.5 102.6 103.2 104.1 104.6 106.5 107.7 109.3 110.6 111.6 111.1 109.5 107.4 95.8 89.6 90.2 103.2 109.4 114.2 116.4 117.6 118.5 119.4 118.7 117.9
86.9 88.7 91.5 93.9 95.3 97.1 99.9 101.7 102.3 103.4 102.5 102.7 103.2 103.9 106 108.8 111.6 114.6 116.7 117.2 117.3 116.5 115.7 114.5 113.7 113.4 112.3 111.2 109.2 106.1 104.1 106.4 106.5 107.2 107.8 109.4 110.8 112.2 113 113 113 113 113.2 112 112.3 111.7 111.9 112.1 111.5 110.7 110.4 110.1 109.9 109.2 108.3 107.6 107.1 104.7 102.1 100.7 101.2 101.7 102.5 104.3 105.6 107.3 108 109.4 109.8 104.2 92.9 87.3 91.9 102.1 110.8 112.2 114.3 117.5 120.2 121.4 121.1 121.2 121
88.7 90.8 93.1 95.4 97.1 99.4 101.7 103.9 104.9 105.4 104.9 104.8 105.1 105.8 107.4 110.2 113.3 115.5 117.3 118 118 117.3 116.4 115.5 114.6 113.9 112.8 111.7 109.4 106.5 105.5 106.6 107.3 107.9 108.6 109.9 111.2 112.4 113.3 113.4 113.4 113.5 111.8 111.4 110.4 109.6 110.1 110.4 110.1 109 108.4 108.2 107.8 107.3 106.5 105.3 102.9 101.9 99.9 99.4 100.2 100.8 101.9 103.7 105.2 106.8 108 108.4 104.4 92.2 85.5 92.3 103.3 112.1 114.5 116.6 116.6 118.9 121.3 122.6 122.8 123.2 124.2
89.4 91.2 93.8 96.1 97.9 100.4 103.2 105 106.3 106.4 106 105.5 106.2 107.1 108.6 110.7 113.4 115.8 117.4 118.1 118.1 117.7 117.2 116.6 115.6 114.3 113.3 111.9 109.4 106.8 105.9 107.1 108 108.8 109.4 110.6 111.4 112.2 113.4 113.5 113.3 112.3 110.9 109.7 108.7 108.2 108.6 108.7 108.7 107.6 106.1 104.7 105.5 105 104.3 102.1 99.4 99.1 97.9 99.7 100.6 102.1 103.5 103.9 105.2 106.9 108.1 104 89.3 85.3 92.9 105.4 113 115.3 117.2 118.5 119.3 120.4 121.5 122.9 123.9 124.7 125
89.7 91.5 93.8 95.9 99.2 101.7 104.5 106.1 107.3 106.9 106.4 105.8 106.8 107.7 108.5 110.4 113.3 115.6 116.9 117.6 117.8 117.5 117 116.2 115.3 114.1 113.1 111.3 108.9 106.6 105.6 107.6 108.2 109.1 110.2 111.3 111.4 111.4 111.9 112.4 112 111.2 109.8 108.5 107.4 107 108.1 107.8 107.4 106.4 104.3 100.9 101.9 101.4 99.3 97.1 96.1 98.8 101.6 102.3 102.3 102.6 103.8 104 104.6 105.2 98.9 86.6 84.7 89.6 104 114.4 116.3 117.8 118.5 119.5 121 122 122.6 123.2 124.1 125.4 126.2
91.1 92.2 93.9 95.9 99.4 102.4 105.5 107.2 107.4 107.1 106.1 105 106.1 107.9 108.8 109.6 112.2 114.3 115.5 116.4 116.5 116.6 116.4 115.8 114.6 113.4 112.2 110.4 109 107.1 106.2 107.4 107.6 109 110.4 111.2 111 110.2 110.8 110.9 110.5 110 108.6 107.3 106.8 105.2 106.2 106.4 105.7 104.4 102.8 99.6 97.1 96.3 94.5 94 97.1 100.9 103.6 104.6 104.7 104.8 105.1 105.2 104 94.3 85.6 84.8 90 104.5 113.2 117.2 118.8 118.6 119.7 120.6 122.3 123.4 123.9 124.5 125.2 126.7 127.6
91.9 92.8 94.6 96.6 99.9 102.8 105.2 107.6 99.7 107.3 106.3 105 105.8 107.8 109 108.1 110.9 113.1 114.3 114.8 115.1 115.2 115.1 115.1 114 112.7 111.4 109.5 108.4 106.6 105.7 106.4 106.9 108.6 109.8 110.3 110 109.4 109.2 109.3 108.9 108.6 107.4 106.3 105.6 103.2 103.4 104.2 103.3 102.1 100.5 97.1 94.7 92.5 92.6 94.4 98.1 101.3 104.9 106.7 106.9 107.2 107.2 106.4 105 87.5 84.1 85.9 100.5 109.4 114.2 117.2 117.8 119.1 120.2 122.1 123 123.5 124.8 125.8 126.7 127.5 128.4
93.3 94 94.8 97.5 101 101.8 104.7 107.6 107.5 106.8 105.6 104.9 105.7 108 108.8 108 109.6 111.6 112.4 112.9 113.3 113.8 113.2 113.7 113.7 112.2 110.4 108.4 107.6 105.5 104.3 104.9 105.6 107.5 109 109.2 109.3 108.8 107.4 107.6 107.4 106.6 106 105.3 103.7 100.6 98.2 100.7 100.4 99.7 97.1 94.2 92.2 92.2 93.7 95.3 98.7 102.9 105.8 108 108.3 109.3 108.9 107 105 86.4 84.1 95.1 103.9 109.7 113.2 116.1 117.3 117.3 119.6 121.3 122.4 123.1 124.7 126.1 126.9 127.9 128.6
94.5 95.2 95.6 97.9 100.2 102.1 104.2 105.3 105.2 105.5 104.8 104.3 105.1 107.6 108.2 107.9 108.4 110.1 110.6 111 111.4 111.6 111.7 112.2 112 110.9 109 106.9 105.5 104.1 103.5 103.5 104.5 106 107.9 108.1 108.1 108.1 107 105.6 105.3 104.2 104.8 102.1 100.3 97.9 94.6 97 98.1 97.3 94.2 91.6 90.3 93.5 94.8 96.5 99.8 104.6 109 110.3 110.4 110.8 109.4 107.8 98.2 85.6 84.3 99.3 105 110.5 111.5 114.4 114.4 115.6 118.3 120.3 121.7 122.9 124.5 126 127 128.1 128.4
94.5 95 95.9 98.2 99.9 101.6 103.5 104.5 104.1 104.4 104.1 103.5 104.5 106.4 107.2 107.2 107.5 108.4 108.9 109.5 110.1 110.2 110.2 110.5 110.2 109.3 107.7 105.5 104.2 103.9 103.1 103.1 103.6 104.2 105.8 107 107.1 106.7 105.5 102.6 101.2 99.7 99.5 97.6 95.9 94.1 92.2 92.5 94.7 93.7 91.3 89.2 92.6 95 96.2 97.7 101 105.8 109.8 112.4 114.5 116.8 111.9 102.3 87.6 83.3 89.8 100.4 104.8 109.6 110.6 113.1 113.2 116.4 117.9 119.7 121.6 122.8 123.8 125.4 126.5 126.7 127
92.6 93.7 96.2 98.1 99.6 100.8 102.1 102.9 103 103.1 103.1 102.4 103.5 105.3 106.1 106.4 105.2 106.8 107.4 108.5 108.7 108.9 108.8 108.9 108.4 107.5 106.3 104.2 103.8 103.6 102.5 102.4 103 103.6 103.8 105.3 105.5 105.5 103.4 98.7 95.6 94.1 93.6 93.9 93 91.7 89.8 89.1 90.2 88.5 87 90.3 93.8 96.6 98 99.3 100.8 105 108.6 111.5 114.4 115.7 105.1 93.8 82.5 83.3 95.9 100.8 104.9 108.4 109.8 111.9 115.7 116.9 118.8 120.4 121.9 123 123.4 124.2 124.8 125.2 125.4
90.7 92.4 94.4 96.2 97.8 99.5 100.4 100.6 101.5 101.8 102 101.2 102.5 103.8 104.3 104.8 106.3 106 106 107.4 107.4 107.6 107.4 107.3 106.6 106 105.2 103.6 103.2 102.9 101.9 101.8 102.7 102.8 102.5 103.4 104.1 103.4 99.6 96.2 91.7 89.4 88.5 88.2 88.8 87.7 86.4 85.6 85.4 85.7 89.9 93.8 95.8 97.7 99.6 100.2 101.3 104.3 105.9 106.8 108.9 106.2 95 82.9 83.2 87.5 96.3 100.8 104.2 104.7 108.8 113 117.1 118.1 119.4 120.6 122 122.7 122.7 122.6 123.2 123.4 123.4
89 90 92.1 93.2 95.1 97 97.4 98.5 99.5 100 100.3 99.5 100.9 101.9 102.4 102.7 102.5 102.8 104.1 105.8 106.1 106.2 106.1 106.3 105.8 105.2 104.5 103.5 103.2 102.1 101 101.2 102.4 101.7 102 102.6 102.9 99.9 95.9 92.8 88.7 86.2 84.6 84 84.2 83.9 83.8 82.6 83.7 86 90.9 94.4 95.8 97.7 100.4 100 101 102.1 101.2 100.3 97.8 92.9 81.6 81.4 88 96.4 96.2 96.1 103.1 107.8 111.1 114.6 117.4 118.3 118.9 119.7 120.9 121.6 121.6 121.5 121.2 121.2 121.1
85.9 87.5 89.3 90.1 92.2 93.3 94.5 95.9 96.8 98.1 98.2 97.5 98.6 99.7 99.9 100.1 99.9 99.8 101.5 102.8 103.5 104.5 105.3 105.5 105.3 104.5 103.8 103.2 102.4 101.3 100.6 100.6 101.4 100.4 100.7 101.4 100.7 96.5 92.3 89.2 86.5 82.9 81.7 81.4 81.5 81.7 81.5 82.9 83.1 85.1 87.9 90.6 93 95.8 97.4 97.7 98.3 98 96.4 94.7 88.4 81.1 82.1 88.4 98.9 100.6 103.1 104.2 106.6 108.8 112 114.6 116.7 118.1 119 119.5 120.3 120.3 120.3 120 119.3 118.9 118.7
82.1 83.4 85 86.1 87.3 88.3 91 92.5 94.2 95.6 95.5 94.7 96 97.5 97.4 97.6 97.1 92.7 99.6 99.9 101 102.1 102.8 104.1 104.5 103.6 102.9 102.7 102.1 99.6 98.6 99.1 100.2 98.3 98.6 99.1 97.5 93.9 89.9 85.6 82.4 80.4 79.4 79.7 80.4 81.3 82.9 83.8 84.5 84.6 85 86.4 88.4 90.3 91.5 92.8 94.4 91.4 86.1 83 81.6 82.1 92.7 96 101 103.3 103.7 105.1 106.3 108.8 111.3 114 116.4 117.4 117.8 118.3 118.7 118.9 119 118.2 117.4 116.8 116.5
79.5 79.9 80.6 81.7 82.9 83.8 87.2 89.6 91.4 92.6 91.9 92.1 93.7 95.3 95.6 94.9 93.7 93.5 96.9 96.9 98 99.3 101.6 103.1 103.2 102.9 102.2 102.1 102 99.5 95.1 96.6 98.1 97.1 96 96.4 96 92.7 87.2 81.9 78.1 78.1 79.8 81.6 82.1 83.2 84.6 84.9 85.4 85.7 86 86 86.6 87.1 86.6 84.7 83.1 80 80.1 81.2 81.2 85.3 94 96.9 101.1 101.5 102.7 103.2 105.2 107.6 110.3 113 115 115.9 116.2 116.6 116.8 116.9 116.7 116.1 115.3 114.8 114.3
78.1 77.8 78.4 79.3 80.2 81.3 84 87.3 88.8 89.4 88.8 89.9 91.7 92.3 93.3 93.9 93.2 93.8 93.6 93.3 94.9 96.8 99.5 101.7 102.5 98.7 102 101.2 102.2 99.9 92.9 93.4 95.7 95.9 94.1 93.4 93.5 90 83 78.7 76.9 79.2 81.7 83.8 85.3 85.6 86.2 87.3 88 88.5 88.5 88 84.6 82.8 81.1 78.4 78.8 79.7 80.3 80.8 84.1 80.9 88.9 93 95.7 98 98 101.2 104.4 107 109.4 111.4 112.8 114.2 114.4 114.4 114.6 114.6 114.2 113.7 113.2 112.4 111.4
76.7 76 77.7 77.9 78.5 79.8 82.2 84.6 85.6 86.1 85.9 87.5 89.4 90.3 91.1 91.8 92.2 92.4 90.6 90.1 91.6 94.4 97.2 100 98.3 98.6 98.8 100 101.9 98.4 91.5 88.3 93.4 94.3 93 88.8 89.4 84.9 79.4 75.3 77.8 80.9 83.7 85.9 87.3 88.9 89.9 90.6 90.7 91.1 90.8 87.6 83.2 81.6 77.1 77.9 79.1 79.8 83.8 88.7 87.3 87.6 82.2 81.1 85.5 90.7 94.1 97.9 101 104.7 107.2 109.5 110.9 111.7 111.9 112 112.1 112.3 112.1 112 111.8 110.5 108
77.6 76 77.8 78.1 78.8 80.2 80.9 82 82.1 83 82.9 84.6 88 89 90.4 91 90.8 87.3 86.9 87.4 89 91.7 94.4 97.2 97.8 96.6 96.7 96.3 96.1 93 89.1 83.9 90.2 91.7 91.1 88.8 85.6 80.5 75.5 75.3 79.5 83 85.8 88.1 90 91 91.2 91.3 91.2 90.9 87.2 77.3 76.4 76.1 76.8 78 88.5 89.2 89.6 85.5 82.5 84.5 84 85.1 86.3 85.9 87.6 93.5 96.6 101 104.9 107.2 108.4 107.4 107.1 108 108.8 109.1 109.9 110.3 110.3 108.9 105.1
78.9 78.7 77.7 78.2 77.7 78.5 79.8 80 80.1 80.3 80.8 82.6 85.3 86.8 89.1 88.9 85.5 84.6 84.2 85.4 87 88.9 91.7 94.6 95.9 95.3 95.6 92.5 92.2 90.2 86.5 81.9 87.1 89 88.6 87 82.4 78.2 73.6 76.8 80.8 85.8 88.2 90.3 91.9 91.1 91.3 91.2 88.9 85.3 78.1 76.4 77.2 77 77.7 86.8 89.8 88.3 80.9 82.7 88.9 92.7 91.6 91.6 91.4 89.8 86.9 87.3 89.4 97.1 101.7 103.6 104.1 101.6 101.3 102.5 104 106.2 107.3 107.6 107.6 105.2 100.8
80.4 79.8 79.3 79.3 79.6 79.9 80.2 79.6 79 78.5 78.9 80.5 82.6 83.2 83.9 83.7 82.4 81.8 82.1 83.4 85 86.4 89.2 92.2 93.3 93.7 92.7 88.6 88.4 87.2 84.6 79.9 84.7 86.2 85.5 82.4 78 74.6 75.3 78.8 83.3 87.5 89.4 91 91.7 91.4 87.1 81.6 75.8 74.8 75.5 76.3 76.8 76.9 78.6 80 86.8 94.4 98.4 99 98.7 97.7 96.4 95.1 94.3 94.9 93.6 91.8 89.9 88.4 94.5 97.2 95.9 95 94.8 96.6 99.2 102.8 104.8 105 103 99.3 100.7
81.9 81.5 81.2 81.6 82 81.6 81.9 80.9 79.4 77.9 76.6 77.5 79 79.7 80.3 80.6 79.6 79.1 79.9 82.1 83.3 84.1 86.3 88.9 90.1 90.5 90.3 87 82.2 82.9 81.4 77 81 82.1 79.8 77.1 74.9 72.4 76 80.2 84.8 88.1 89.4 89.7 86.9 77.9 73.4 74.6 74.7 75 75.9 75.9 76.1 77.5 92.2 98.2 100.5 102.5 104.1 103.7 103.4 102.1 102.4 100.9 99.8 99 97 94.3 94.8 90.1 90.3 90.1 91.3 91.2 92.3 92.3 94.4 98.6 100.8 98.7 97.7 100.7 103
82.8 82.9 82.9 82.9 83.1 83.6 83.2 82.1 80.4 77.7 76 74.9 76.4 76.6 77.1 77.7 77.2 76.7 77.7 80.2 80.9 81.7 83.9 85 86.4 86.9 86.2 82.1 77 76.8 76.2 73.4 75.3 75.2 74 74.3 72.4 73.5 76.4 80.6 84.4 86.3 86.1 85.2 76.5 73.6 74 73.9 74.2 76.4 76.1 77.2 84.9 94.1 101.2 102.7 104.3 106 107.5 108.5 108.5 107.4 106.2 105.3 104.4 103.1 99.3 97.9 99.2 97.6 98.2 97.5 95.9 95.9 96.1 96.4 95 93.9 98.1 100.2 101.6 103.4 105.6
83.1 83.3 84.2 84.5 84.5 84.5 84.1 83.2 80.3 77.6 75.3 73.7 75 75.1 75.3 74.6 74 73.8 74.6 76 77.3 78 78.7 79.5 81.5 82.5 81 75.1 71.8 70.8 70 70.3 69.8 70.8 71.2 71.9 73.3 74.1 75.4 78.6 82.1 83.6 84 82.5 75.4 73.3 77.3 82.3 87.1 94.3 99.2 96.6 101 102.1 104.4 106.5 108.5 110.2 111.4 111.3 111.3 110.5 108.9 106.9 105.8 104.1 101.7 101.7 102.6 101.8 101.6 101.5 99.6 98.4 99 98.8 99.1 96.2 99.4 101.6 103.8 105.9 108.1
83.3 84.2 84.8 84.7 84.8 84.4 84 82 78.9 76.5 74.8 72.7 74.4 74.8 72.9 70.2 69 69.3 69.2 69.6 71 72.1 70.8 69.8 70.6 71.9 69.3 68.1 68.5 68.8 68.4 68.7 69.3 69.4 70.2 71.4 73.1 74.3 75 75.3 77.9 80.7 81.9 73.6 73.1 75.1 82 87.5 92.7 98.6 101.6 102.5 104 105.4 107.8 110 112.1 113 113.4 113.3 113.2 112.6 111.3 108.9 107.6 106.2 105.2 104.3 103.6 104 104.6 104.2 103 102.5 102.7 101.8 102.1 100.5 98.1 102.7 105.1 107.2 109.3
83.3 84.3 85 84.7 84.2 82.8 80.3 79.2 77.2 75.5 72.6 70 72.4 69.3 66 65.8 66.2 66.5 66.8 66.3 66.7 66.4 66.7 66.9 67.4 67.6 67.6 67.9 68.2 68.7 68.7 69.4 69.2 69.3 70.2 70.6 70.9 72 75 75.6 76.4 77.7 77.4 73.5 72.4 79.6 86.4 91.9 96.8 100.3 103.2 105 106.9 108.6 111.3 113.1 114.4 114.4 114.8 115.2 115.1 114.2 113.2 111.3 109.2 107.6 107 105.9 106.1 106.4 106.7 106.9 106.4 105.7 105.4 104.7 104.8 103.6 98.3 102.2 106.1 108 110.4
83.4 83.9 83.2 79.5 74.7 70.5 69.1 69.3 69.3 67 66.1 65.2 64.8 65 64.4 65.2 65.6 65.8 65.9 66.2 66.5 66.6 66.5 66.8 67.2 67.2 67.5 68.3 68.8 69.4 70.5 71.1 71.3 70 70.6 70.6 70.2 70.9 71.3 71.9 72 72.5 72.4 72.6 74.9 80.9 88.4 96 100.4 101.3 104 106.9 108.2 109.7 113.1 113.8 115.3 116.1 115.8 116.3 116.3 115.5 114.6 113.1 110.8 109 108.5 108.3 108.7 109.2 109.1 108.6 108.5 108 107.8 107.5 106.8 105.2 100.9 101.5 106.2 108.9 111.4
82.2 78.5 72.2 67.7 64.2 62.8 65.1 65.1 64 63.3 63.8 64 66 69.3 68.5 68.7 68.4 67.1 67.9 69.3 67.8 67.9 68.3 68.4 69 69.3 70.4 71.9 72.6 73.8 74.8 75.2 74 73.4 74.2 72.4 71.7 71 70.6 72.3 72.1 72.9 74.2 74.4 74.6 81.2 88.8 95.5 100.6 101.9 104.4 107.4 107.7 109.9 113 114.4 115.3 116.2 116.5 116.6 116.7 116.4 115.4 113.7 111.9 110.9 110.3 110.2 110.6 111 111 111.1 110.6 110.4 109.6 108.9 108.2 106.7 103.2 101 107.1 110.6 112.8
73.1 66.9 63.4 65.1 65.1 65.1 65.1 65.1 64.7 65.4 67.3 71.1 75.9 78.3 79.9 79.9 77.7 76.7 70.2 74.5 74.2 71.8 70.6 69.6 70.3 72.5 73.9 74.7 75.3 75.5 76.1 78.1 77.5 78.7 78.9 77.7 78.3 76 77.5 81 81.7 80.2 80.9 79.5 77.7 79.4 86.1 92.3 97.5 101.9 103.7 106.3 107.4 108.9 111.6 113.1 114 115 115.6 116 116.2 116.1 115.7 114.4 112.9 112.7 112.2 112.2 112.5 112.4 112.3 112.8 113.5 113.2 111.5 110.9 109.5 107.6 105.1 101.3 106.7 112 114.4
62.6 62.3 64.7 65.1 65.1 65.7 66.2 67.6 68.1 71.9 80.2 82.2 83.5 85.1 85.6 86.1 86.7 84.8 76.2 71.1 72.6 72.1 71.3 70.3 73.2 73.8 75.3 76.1 76.3 77.3 81.1 85.1 84.4 84.8 84 82 83.4 86.7 90.6 93.3 92.7 91.2 91 87.5 82.1 78.5 83 88.5 93.5 98.5 101.2 103.6 106.1 107.9 109.9 111.1 111.6 112.9 113.8 114.4 114.9 115.3 115.3 114.5 114.1 114.7 114.1 114.2 114.8 115 114.3 115.6 116.3 116.4 114.2 113.1 110.8 108.8 105.6 102.1 105.8 111.6 115.3
64 64.7 65.5 65.4 67.3 69.3 72.3 75.1 72.2 73.4 83.7 85.5 86.8 88.8 89.7 90.2 90 87.6 83.6 75.7 74 72 72.9 72.7 72.9 74.4 76.4 77.7 79.4 83.2 89.7 92.6 92.9 92.4 90.2 87 86.3 92.3 95.1 96.9 97.1 95.3 93.7 91.1 85.3 79.1 78.2 79.4 88.2 92.9 96.5 98.8 101.8 104.8 106.9 108.3 109.5 110.6 111.5 112.2 112.9 113.7 114.5 114 114.7 115.7 115.5 116.2 116.8 116.7 116.5 117.4 118.8 119.2 117.4 115 112.7 110.3 107.6 104.6 104.4 111.2 115.5
66.4 66.5 67.6 69.5 72.8 76.5 78.8 80.5 79.4 74.9 86.2 90.6 91.6 92.6 93.4 93.5 92.5 89.5 86.3 82.5 78.9 76.2 76.5 73.6 74 75.4 78.6 80.5 82.8 89 93.5 95.1 96.1 95.6 94.4 90.7 87.7 94.7 98.6 99.6 99.4 98 96.8 94.5 87.1 83.7 88.1 87.3 84.8 83.4 90.4 93.8 98 101.1 102.5 104.1 106 107.1 108.3 109 110.1 111.5 112.3 112.4 115.1 116.2 116.6 117.1 117.7 118.1 118.2 119.7 121.3 121.2 120.2 117.4 114.3 112.7 111.1 107.7 104.5 110.2 115
71 70.6 70.3 74.5 77.3 81.8 87.4 90.8 90.1 86.4 78.4 91.6 93.7 95.2 95.2 94.7 92.8 89.5 86.1 82.2 83.7 81.2 77.8 75.4 75.9 79.3 82.6 83 87.8 90.3 94.7 97.9 98.7 97.7 95.7 91.7 89.7 96.5 99.5 99.8 100 99.4 98.5 94.6 88.7 89.4 92.3 91.2 90.6 90.4 88.5 84.3 92.7 93.9 96.5 99.9 102 103.3 105.4 107 108.8 110.1 112.5 113.9 114.4 115 116.2 116.7 117.5 119 120.4 123 123.4 123.1 122.8 120 116 113.7 111.8 108.4 105.1 108.5 113.4
74.9 74.9 73.4 76.3 80.7 87.5 92.8 95.8 95 93.5 81.9 82.9 88.9 94.1 94.9 93.1 88.4 84.9 84.6 86.3 86.9 85.9 83.6 79.1 79.2 83 86.4 88.1 89.3 91 97.1 101.4 98.7 98.6 97 94.3 92 95 98.8 99.8 100.1 99.9 98.6 95.8 88.1 93 95.3 95.6 94.8 94.5 93.5 89.7 88.8 92.4 89 93.4 97.6 99.5 102 103.7 106.9 109.6 111.3 112.4 113.4 113.9 115.1 116.1 117.1 119.2 122.4 125.9 125 124.4 124.7 121.9 117.6 114.7 112.4 109.9 108.8 107.3 110.9
77.7 78.1 77.7 79.7 84.8 90 94.6 97.2 96.2 96.9 95 90.8 88.2 86.9 83.6 84.8 88.4 90.6 91.2 90.2 90.1 87 85.5 81.3 81.3 85.9 88.8 91.2 94.8 94.4 97.5 99 97.9 100.8 100.2 97.5 95.7 94.8 96.7 98.4 99.3 99.4 97.6 95.3 89.2 95.1 98.4 98.5 98.3 98.4 97.1 95.4 88.7 96.5 95.4 95.5 96.5 95.1 96 98.6 100.7 106.4 109.5 110.7 112.3 113.2 114.9 115.8 116.9 120.8 123.4 127 127.4 126.5 125.9 123.5 119.2 116.1 113.3 112.7 110.8 108.4 109.3
84.7 84 83.5 82.1 87.4 92.2 97.1 99.5 100.2 99.3 97.6 95.2 96.3 97.9 97.7 96.7 95.6 94.2 94 93.8 92.7 90 86.9 82.2 85.7 87.2 91.7 95.4 97.8 96.9 93.9 96.1 98.9 103.1 103.1 102.3 100.7 99.6 97.3 96.5 97.2 98.1 97.3 94.3 92.3 97.3 100.7 101 101.8 102.4 101 98.9 95 95.3 100 98.9 99.8 101.1 102.1 103.1 104 102.5 105.5 109.4 111.1 112.8 114.9 115.7 117.4 121.2 124.4 127.7 128.7 127.7 126.1 124.6 120.6 118.1 116.2 113.8 110.9 111.4 110
87.5 87.6 87.7 88.3 87.6 95.1 98.8 101 102.9 103.1 101.6 100.8 99.9 99.5 100.3 100.5 99 97 96.4 95.8 94.8 92.4 89 84.5 88.1 88.6 92.1 95 96.3 94.9 97.1 101.6 103.1 104.5 105.9 106.1 106.1 105.5 104 101.2 100.1 98.5 97 94.3 94.6 97.9 101.4 103 104.3 104.6 103.6 101.6 100.1 93.9 101.5 101.6 101.1 102.3 104.2 105.4 106.9 107.5 105.3 107.5 110.8 112.9 114 116.2 118.5 121.8 125.2 128 130 129.1 127.4 125.6 122.7 120.4 118.2 115.4 112.3 113.8 112.6
