Game/Highland_Data/StreamingAssets/GeoData/Data/nz/NZ61.asc
ncols 200
nrows 200
xllcorner 460000
yllcorner 510000
cellsize 50
[rows 35 to 69 of 200, columns 0 to 77 of 200]
101.5 102 104 104.3 105 105.4 105.9 107.4 106.8 105.9 105.1 104.9 104.4 103.5 103.2 102.5 101.7 100.9 100.6 99.7 98.6 97.4 95.9 94.1 93.9 93.4 92.9 92.7 91.8 91 90.4 90.4 91 91.2 90.5 89.9 88.3 86.1 82.2 74.1 64 76.5 80.5 63 60.1 62 62.4 61.2 68.5 71.9 76.5 82 81.8 75.2 72 74.2 76.5 76.5 76.2 75.5 71.9 64.3 71.7 71.9 74.1 71.7 60.2 54 53.6 53.5 57.7 66.3 69.6 73.2 74.3 76.1 78.2 80.5
103.4 104.2 106 107 107.7 107.8 108.1 109.4 109.6 108.3 107.3 106.8 106.1 104.3 104.1 103.6 103.1 102.1 100.8 99.8 98.4 96.5 95.1 94.3 93.7 93.1 92.6 92.5 92.5 91.1 90.8 90.7 91.6 91.3 90.8 90.5 89.6 87.1 81.1 72.1 65.8 78.9 82 81.3 79.7 77.7 74.2 65.8 62 60.5 63.7 69.2 69.9 62.8 60.1 60.8 65.7 68.8 69.8 74.4 74.4 67.3 65.4 70.2 73 67.3 56.1 54.2 56.1 57 57.1 66.6 71 73.5 75.7 77.5 78.8 79.5
105.3 106.2 107.9 109.1 109.8 110.7 110.9 111.1 110.6 109.4 108.6 108.3 107.6 106 105 103.8 102.6 101.8 100.8 99.7 97.2 95.4 94.1 93.8 93.4 92.8 92.4 92.3 92.3 92.2 91.5 91.8 91.5 91.2 90.9 90.5 88.9 83.7 76.5 66.8 70.3 79.9 83.6 84.5 82.5 78.9 77.1 75.3 73.3 68.4 60.8 61 62.5 61.5 58.4 58.5 58.5 59 58.6 60.4 64.5 62.8 58.8 64.5 64.8 62.8 57.4 54.7 56.3 62.4 66.7 61.2 65.8 72.6 74.7 76.7 78.7 81.7
107.4 108.4 110 111.9 112.5 112.2 112.4 112.6 110.9 109.6 109.3 108.1 107.7 106.5 104.5 102.8 101.6 100.7 100.4 98.9 96.4 94.4 93.5 93.2 93 92.4 92.1 92.1 92 91.7 92.1 91.6 90.5 89.7 88.4 87.5 85.9 77.9 71.3 64.6 75.6 80.6 85.1 86.4 84.7 81 78.9 78.9 76.8 71.5 64.4 58 60.1 61.2 59 57.7 59.6 59.4 54.9 57.9 58.3 57.3 55.3 54.8 54.9 56.1 59 55.2 56.5 65 70.4 71.5 67.9 65.9 72.7 76.9 80.8 83.2
109.7 110.4 111.8 112.6 113.4 113.7 113.5 112.8 111.1 110 109.2 107.5 106.5 105.9 104.8 102.5 100.6 99.5 99.1 97.3 96 94.4 94 93.4 92.7 92.1 91.9 92.2 93.9 93.3 91.6 91.2 88.9 89.4 93.9 90.8 84.2 75.5 66.8 69.2 77 82.1 86.4 87.1 86.5 83.3 82.5 81.7 80 75.5 71.8 67.5 63.2 57.1 61.5 70.7 71.9 69.6 65.6 59.4 58.9 62.5 58.4 58.3 57.6 57.8 56.4 54.8 59.4 65.2 69.1 73.9 74.2 73.2 69.9 75.3 80.5 84.4
111.9 112.6 113.4 114.3 114.5 113.5 112.4 111 109.3 109.4 111.2 110.8 105.2 105.2 104.3 104.3 100.8 99 97.8 95.6 93.2 94.2 93.2 93.1 92.8 92.2 92 94.7 97.4 97.6 97.2 94.4 93.5 97.4 96.7 88.3 79.3 69.1 64.3 71.6 78.7 83.8 87 87.5 86 84.8 84.7 84.6 83.6 80.3 76.1 69.9 75.4 74.2 79.9 80 77.2 74.6 73.8 73.4 72.4 70.8 61.5 57.5 55.9 55.6 55.7 57 68.5 69.3 65.9 72.9 76.6 77.6 74.7 79.1 76.9 85
112.8 113.4 114.5 115.7 113.8 112.4 110.1 109.6 109.9 112.1 113.4 112.7 110.4 109 108.1 105.8 102.4 98.2 94.6 93.2 92.6 93.3 92.3 93.5 93.5 92.4 92.3 95.3 98.9 100.4 100.3 99.9 101.1 103 96.9 86.8 75 66.9 64.9 73.3 80.4 84.3 86.5 88 86.3 85.9 85.5 85.6 84.4 82.2 78 73.3 81.3 82.9 83.2 82.6 81.5 79.4 77.3 75.3 72.7 68.6 59.1 62.1 63 64.8 64.4 68.1 74.1 74.7 72.9 69.3 76.5 79.7 80.3 76.1 83.5 85.3
112.1 113.4 114.4 113.9 113.1 110.9 109.7 108.9 108.1 111.3 113.5 113.1 110.7 104 94.9 93.9 95.8 94.3 92.7 91.7 91.9 92.1 92.8 93.3 93.1 92.4 91.8 94.1 95.9 98.9 101.6 102.8 103.6 101.5 93.9 87.3 79.8 69.3 66 72.1 81 83.8 86.5 88.1 88.3 86.2 86.9 86.2 84.9 82.8 79.8 76.5 81.6 84.1 83.7 83.3 81.9 79.8 77.1 72.9 66.3 60.5 67.6 69.1 68.5 71.5 73.5 75.2 76.2 77 76.2 72.9 76.4 81.3 81.9 83.8 82.5 85.5
110.1 112.3 112.4 111.5 110.9 111.3 109.8 108.6 107.9 106.8 111.1 112.6 110.5 101.5 92.9 90.8 92.5 92.4 91.6 91.3 90.9 91.7 92.7 93 91.2 90.4 91.8 91.2 91.2 95 100.2 101.2 101.1 94.8 87 80.1 75 67.5 64.9 73.3 81 83.7 86.2 88.1 89.1 88.2 88.3 87.6 85.5 83.8 81 77.9 83.2 84 83.4 83.5 82.1 79.3 72.4 68.9 60.3 65.1 72.4 71.9 69.2 73.3 76 78.1 78.8 78.5 75.4 75.5 79.7 82.6 83.6 86.2 88.5 91.2
108.4 108.5 108.7 108.8 109.6 109.6 109.1 108.4 107.4 106.5 106.4 110.4 110.5 103.3 94.8 90.8 90.6 90.8 91.6 90 90.6 90.2 90.7 92.4 92.2 92.2 91.7 91.2 90.8 93.3 97.4 96.7 94.2 88.3 81.2 74.2 68.6 66.6 69.5 76.5 80.3 83.6 85.9 86.8 89.3 89.5 89.6 89.2 87.9 86.6 83.9 79.9 84.1 86.4 85.4 84.3 81.7 76.7 74.1 71.6 61.8 71.7 73.8 70.5 71.8 75.4 77.8 79.1 78.3 76.5 76.7 78.2 80.5 82.5 85.4 87.9 90.8 93.8
107.1 107 107.1 107.3 107.9 107.4 106.7 106.2 106.2 106 105.6 106.1 108.4 106.8 96.6 92.3 91.2 91.2 92.4 90 89.9 91.3 91.6 92.9 91.5 92.2 91.7 91.2 90.8 90.2 91.7 91.3 88.8 83.3 76.8 70.4 66.8 69.1 74.5 76.7 78.8 80.9 84.6 86.9 89.6 90.8 91 90.9 90 88.7 86 81.7 86.2 87.5 87 85.7 83.3 80.4 78.2 74.2 62 73.1 74.8 71 76.6 77.3 78.6 79.2 79.1 77.6 77.9 80.7 82.4 83.7 85.7 90 93.9 97
109 108.8 108.3 107.5 104.7 104.6 104.4 103.4 103.5 104.2 103.6 101.8 104.8 106.3 100.4 94.5 91.2 90.9 93.5 91.6 90.8 92.1 91.6 91.6 91.1 91.6 91.4 91.1 90.5 89.9 88.3 86.4 82.9 79.7 73.6 67.6 66.7 66.5 74.3 79.2 81.6 84.5 87.3 87.2 89.1 91.8 92.6 92.2 90.6 88.9 86.7 85.7 88.4 88.1 87.8 86.5 84.6 82.4 80.2 74.8 64.4 64.2 75 73.2 78.7 79.8 80.6 79.8 79.6 78.9 79.4 82.8 84.4 85.6 87.2 90.3 94.5 100.4
111.2 110.4 109.7 109 106.4 102.6 99.4 100.2 102.4 101.9 100.3 99.3 99.6 101.7 101 96.6 92.8 91.9 92.4 92.1 93.3 92 91 88.2 89.2 88 88.2 89.1 89.5 89.2 87.7 84.2 78.8 75.6 71.5 68.5 66.2 69.9 74.4 79.2 83 86.5 89.5 89.6 89.5 91.6 93.8 93.3 91.8 89.6 87.9 89.6 89.3 89 88.5 87.4 85.4 82.9 80.6 76.3 69.1 66.5 65.2 76.4 75.8 79.8 81.4 80.3 79.9 80.3 81.5 84.2 85.7 86.8 89.7 92.7 97.1 106.5
115.9 114.4 113 110.4 107.5 104.1 101.3 99.7 97.5 98 97.3 97.5 99 99.4 98.7 96.5 94.4 94.6 92.6 94 92.4 91.8 90.8 92.1 88.8 86.5 84.1 82.5 83 83.1 79.9 74.8 72.9 71.1 69.8 68.2 66 73.8 77.1 79.3 82.7 86.9 89.9 91 91.9 92.8 94.7 94.4 93.2 91.6 91.5 90.9 90.3 89.8 87.8 87.4 86.1 83.1 80 72.9 73.7 69.3 67.2 78.2 79.9 78.3 81.9 80.7 80.4 81.6 83.6 85.4 86.8 89.1 92 95 101.8 115.3
118.4 116 113.3 110 107.4 104.7 102.8 104.1 95.8 94.9 95.7 96.9 98.5 99.4 100.1 97.6 94.4 93.5 92.6 92.2 91.9 92.3 92.8 92.4 91.3 90 88.5 85 80.5 78.1 77.7 75.4 73.4 69.3 66.8 68.9 71.4 77.7 83.4 81.9 81.3 85.3 88.6 91.7 93 94.3 96 95.6 94.4 93.6 93.2 92.7 91.9 90.2 87.7 86.1 86 84.3 80.7 73.8 77.9 72.4 68.1 79.6 82.2 80.3 79.4 81 81.4 83.2 85.1 86.8 88.2 91.1 94.3 97.4 107.6 121.1
118.8 116.1 114.3 111.5 108.4 106.1 104.3 104.3 100.2 94.5 94.6 95.8 97.5 99.3 100.1 98.8 94.6 93.5 92.7 92.5 92.6 93 92.8 91.8 91 89.9 88.4 87 83.9 84.8 83.7 81.5 77.6 70.5 67 70.5 73.9 80.3 85.4 85.8 85.4 83.7 87.8 92 93.6 94.9 96.3 96.6 96.3 95.2 94.2 93.9 92.4 89.9 87.3 84.8 85.2 84 82.4 77.8 80.2 75.4 69.1 80.7 84.1 82.4 83 81.9 82.9 84.7 86.5 88.3 89.8 92.7 96.1 100.1 111.7 126.2
120.6 118.5 117.3 113.2 110.3 108.8 105.6 104.6 100.9 95 94 94.6 96.3 98.1 99.1 99.3 95.6 93.5 93.7 93.5 93.2 92.9 92.3 91.1 90.2 89.6 88.7 87.3 87.1 86.1 83.4 81 78.6 73.3 68.2 70.2 78.4 82.6 86.8 87.8 88.9 87.2 88.9 92.2 93.5 95.3 101.6 101.3 99.2 97.3 95.9 94.3 93.1 90.1 88 86.4 84.8 82 79.2 81.3 81.9 76.3 70.6 80.7 84.4 84.2 84.4 83.4 84.5 86.2 88 89.7 91.4 94.3 98.6 103.5 115.1 129.2
127.5 122.4 118.3 114.6 112.1 110.1 107.6 104.1 99.6 96.3 94.6 93.3 96.1 97.1 97.7 98.7 95.3 93.6 93.6 93.3 93 92.7 91.6 90.5 89.3 89.1 88.8 87.8 86.6 85.3 82.8 80.1 75.2 69.2 67.1 70.5 80 85.2 87.4 88.2 88.9 89.1 91.3 92.6 95 101.5 106.2 104.7 101.9 99.1 97.7 95.9 94.1 92.3 90.2 88.2 85.6 82.9 82.4 83.7 82.8 75.2 70.5 79.4 83.8 85.8 85.4 85.3 85.9 86.6 89.5 91.4 93.1 96 100.8 106.8 116.8 130.7
136.9 127.4 119.8 115.7 112.3 110.8 108.5 104.4 100.8 97.4 96.1 94.8 96.6 98.3 98.5 97.8 94.6 93.3 93.4 93.1 92.8 92 90.7 89.8 89.4 89 87.6 85.9 84.4 83.3 80.8 76.6 70 70.8 73.8 75.7 79.2 85.1 88.2 89.4 90.6 91.7 91.9 93.8 97.5 108.1 109.8 107.8 104.6 101.4 99.3 97.5 95.7 93.8 91.2 88.5 85.4 86.4 84.7 84.8 83.4 71.1 70.6 80.2 84.9 85.8 86.7 87.6 87.8 88.6 90.4 92.5 94.8 98 102 108.3 118.4 131.1
141.2 129.5 121.3 116.2 111.9 111.1 108.8 107.7 102.4 97.6 95.7 92.1 96.9 99.4 97.9 96.6 93.6 93 93.1 92.8 92 91.6 90.1 89.6 89.2 87.8 85.8 84.1 80.8 79.1 76.6 73.1 68 75.8 80.4 82.2 80.3 84.3 88.7 90.2 91.4 92.4 93.4 95.1 106.1 112.5 112.8 110.3 106.4 103.5 100.9 99.1 97.3 95.1 92.6 89.9 88.6 87.8 86.2 86.7 84.1 74.4 69 81.7 86.1 87.1 88 89.9 91.5 90.8 92.7 94.8 96.8 99.6 102.9 108.8 118.2 128.3
139.1 127.2 119 114.3 111.8 110.5 109 107.2 101.8 98.4 95.4 90.3 97.7 98.6 95.7 93.7 92 92 92.8 91.7 91.9 91.6 90.2 89.2 88.7 86.2 84 82.1 78.9 70.8 69.6 69.3 68.2 76.7 81.5 85.5 84.9 84.7 88.8 91 91.9 93.1 95 102.7 109.4 116.3 115.6 113.2 108.9 106 103.2 100.7 98.9 96.5 94 91.4 91 89.8 87.5 88 84.4 77.2 68.3 80.3 86.7 88.6 90.4 92.2 94.5 93.5 95 96.7 98.5 101.4 104.5 109.6 117.3 127
133 123.3 117 113.3 111.7 110.3 109.8 105.2 101.6 97.7 94.4 91.1 92.7 95.5 94 92.4 90.9 90.8 90.9 91 91.5 91.4 90.3 89 87.1 84.3 82.1 79.6 76.2 69.9 70.7 71 76.2 77.2 79.2 84.2 87.4 86.8 88.6 91 92.1 93.9 98.1 107.2 114.2 120.1 118.3 116.2 112.2 109.6 106.6 103.5 100.5 99.3 96.5 94.5 92.5 91.7 88.1 88 87.6 82.2 71.2 79.2 88.6 90.5 92.3 94.1 96 96.2 96.3 97.1 99.5 101.5 106.3 111.4 118.3 127.4
126.3 119.7 116.4 115.8 114.1 112.9 108.2 104.2 101.7 98 95.5 97.7 91.9 86.4 88.3 90.7 90.4 89 89.1 90.6 90.7 90.8 89.9 88.1 85.3 81.8 78.4 71.9 69.8 72.2 76.8 81.7 81.4 81.9 80.5 81.8 86 88.1 88.8 90.9 92.8 94.6 104.2 111.6 116.4 121.3 120.1 118.8 115.4 112.9 110.3 107.2 102.8 99.8 97.3 95.1 93.1 91.6 91.3 89.3 89.8 87.6 76.3 74.8 89.8 92.8 94.5 96.3 97.1 97.6 97 97.6 98.8 101.9 108.1 113.3 119.3 128.4
120.7 116.5 114.5 112.5 111.3 109.7 105.2 102.5 100.2 99.5 97.7 98.7 96.9 93.6 83.7 83.2 84.8 85.7 87 88.8 90.1 90 88.8 86.3 79.8 75.8 71.8 70.1 75.2 76.9 81.7 85.6 85.1 86.3 86.7 82.5 86 89.4 90.8 91.3 93.3 97.3 106.7 113.7 119.2 122.3 122.2 120.8 118.7 116.1 113.7 110.4 105.3 101.7 98.7 96.7 94.3 92.7 92.7 92.5 91.2 89.2 82.1 75.1 77.9 94.3 96.2 97.3 98.2 99 98.6 98.9 101.5 104.4 109.5 114.3 119.3 128.1
118 114.3 111.5 109.2 107.7 105 103 102.5 101.7 100.1 97.9 98.2 97.3 95 92.1 85.7 82.3 78.3 81.8 87.8 89.7 87.9 84.2 80.3 74.7 70.2 71.3 74.4 77.9 84.2 86.2 87.8 88.4 88.3 89.3 85.7 86.8 89.2 92.6 92.7 94.7 102.1 109 114.8 120 120.2 120.8 122 121.8 118.9 116.4 112.4 106.8 103.2 99.7 98.1 96 94.6 94 92.8 92.4 92.1 89.6 81 73.7 86.7 96.3 98 98.9 99.9 101.2 101.4 104.7 106.9 109.9 115.2 119.5 127.7
115.9 112.5 109.9 106.7 104.4 101.5 100.2 100.5 101.2 99.9 98.3 97.6 96.1 94.3 92.4 90.8 89.4 83.2 76.6 85 84.4 81.8 77.8 74 71 70.5 76.6 78.1 80.6 87.3 89.7 90.4 91.3 91.1 90.1 86.2 86.7 89.4 92.2 94.5 98.7 105.1 111.1 114.2 118.3 118.8 118.8 120.8 122.1 121 117.9 113 108 103.8 100.5 98.3 97 96.6 96.3 95.5 95.3 95.2 95.2 88.8 79.8 77.2 92 98.8 99.9 100.8 101.9 103.8 104.8 107.2 111.8 116.5 120.4 126.5
112.9 110 107.8 104.6 101.7 99.2 96.6 97.7 99.2 99.6 97.4 95.7 94.5 92.7 90.3 88.4 85.3 78.4 74.4 79 77.7 76.8 71.7 70.9 72.6 74.9 79 84.4 84.3 90.4 92.3 92.6 93.2 94.3 95.4 96.4 94 91.4 94.8 97.9 103.1 109 112.5 115.1 117.1 117.4 117.3 118.8 120.7 120.9 117.2 112 107.6 104.8 102 98.5 97 97.7 98.4 98.2 98 98.2 98.3 97.9 91.6 80.7 79.4 89.6 100.6 101.4 101.9 102.8 104.8 108.9 113 117.1 121.2 126.8
109.2 106.3 103.6 99.6 97.2 96.4 94.3 94.8 96.5 96.6 95 93.8 92.5 90.6 86.3 79.4 76.8 75.6 72.5 72.5 72.9 72 71.3 72 78.4 82.4 86.4 90.8 91.7 92.1 92.3 92.4 92.8 92.7 93.8 95.4 97.1 98.3 98.4 100.7 105.1 108.9 111.5 113.6 115.8 115.8 115.3 117.4 119 119.3 116.3 112.5 109.5 106 102.6 99.4 98.2 98.6 98.3 97.8 97.5 100.4 100.8 100 98.4 89.4 78.7 76.5 86.3 98.2 100.3 101.6 105.9 109.5 113.4 118.4 123.4 128.1
103.9 101.4 98.8 95.1 93.5 93 93.4 93 94.5 94 93.7 92.2 88.3 84.3 81.7 76.7 73.2 74.6 72.6 72 71.5 72 75 76.1 82.6 90.2 90.4 90.8 91.2 91.5 92 92.1 92.4 92.8 94.3 95.1 97.8 99.4 100.5 105.9 104.7 102 105.5 111.1 113.7 113.7 113.8 115.5 116.3 117.4 115 112.4 109.2 105.7 102.3 100.2 99.5 99 98.7 98.7 98.4 101.6 102.1 101.2 100.1 96.5 89.5 84.1 77.7 83.4 90.9 101.9 105.8 110.6 114.3 120.1 125.3 130.2
99 96.5 94.2 91.9 90.6 91.7 92.3 94.4 93.7 92.8 90.3 84.2 80.7 77.9 74.5 73.8 74.3 76.1 74.7 74.1 78 80.5 81.3 82.1 89.8 89.9 90.6 91 91.1 92 93 92.9 93 93 94.1 96 97.9 100.4 103.5 106.4 107.8 108.5 109.6 109.7 107.9 107.9 110.8 111.9 113 114.2 113.8 110.5 107.8 105.1 102.3 101.6 101 100.4 100.1 99.8 99.9 101.8 102.1 101.4 101.9 101.1 96.5 90.6 82.5 80.7 85.6 98.1 107.9 111.9 115.3 119.8 125.5 130.7
95.4 93.2 92 89.4 87.5 90.8 93.2 93 90.9 87.5 79.9 75.4 74.3 74.2 74.2 75.8 79.9 79.1 84.4 81.4 84.8 86.7 88.4 89.5 89.9 88.9 90.9 91.7 93 94.4 95.2 94.9 95 93.9 94.9 97.4 98.4 100.8 103.4 106.4 107 107.3 108.1 109 108.8 108.3 107.7 107.9 107 108.6 110.4 107.1 104.6 102.2 102.3 101.8 101.5 101.4 101.7 101.6 101.6 102.8 101.9 101.7 102.9 103.2 101.5 94.7 83.2 80.4 85.3 95.6 107.6 111.7 116.3 120.1 125.3 131
94.3 93.6 92.9 89 82.6 84.9 84.2 82.6 80 79.5 76.5 74.6 76.3 82.7 83 83.2 83.8 85.8 87.3 87.5 88.3 89 89 89.4 89.8 90.2 91.8 94.9 96.2 97 97.3 97 95 96.1 97.3 98.7 100.7 102.8 104.6 105.7 106.9 107.3 107.3 107.3 106.6 105.9 105.8 107.6 108.7 108.8 106.1 103.1 101.9 101.3 102 101.8 101.3 101.9 102.2 102.3 102.5 102.7 101.7 102.4 103.9 104 102.3 93.3 79.2 84.4 88.4 99.5 108 111.9 117.6 122.1 126.7 133.2
95.7 94.8 93.1 89.5 81.4 79 77.8 77 76.4 76.7 75.9 77.3 80.5 85.1 85.9 85.5 85.3 87.1 88.3 89.5 88.4 89.8 90.4 90.3 90.8 90.5 93.8 95.9 97.6 98.6 98.4 96.3 95.7 97 98.7 101 103.4 105.5 106.4 105.9 106.9 106.8 106 104.8 103.6 102.8 103.1 105.2 107.3 106.5 102.7 100.2 99.6 100.8 101.8 101 99.9 100.6 101.5 102.3 102.8 102.1 101 102 104 104.3 99.3 83 86.8 94.1 100.5 105.9 109.2 112.6 117.4 122.9 128.4 134.9
96.3 95.1 93.4 88.2 79.4 77.1 76.5 76 82.1 84 83 83.5 84.9 86 87.6 87.8 88.2 88.4 89.3 88.6 89.1 90.5 91.8 91 90.7 91 92.3 94.4 98 100.2 99 95.4 94.8 95.9 98.6 102.5 106 105.9 106.8 106.8 106.7 105.2 104 102.5 100.9 100.3 100.6 102.6 105.6 104.6 100.9 98.7 98.6 99.2 100.6 99.3 100.9 100.9 100.9 102.3 102.1 100.8 101.1 100.6 102.8 104.4 89.2 89.2 102.4 103 105.1 106.5 109.1 112.7 117.5 124.4 130.1 135.2
93.9 92.1 89.7 84.9 78 75.9 77.2 85.1 87.1 86.1 84.5 86.2 88.2 87 88.2 88.9 89.9 90 90.3 89.7 90.3 91.7 93.3 93 91.5 92 93.4 95.9 98.9 99.6 96.8 93.7 93.2 94.2 96.9 103.1 106.9 106.6 106.7 106.9 104.6 104.5 102.1 99.7 98.7 98.8 98.8 99.1 101.7 101.3 99.7 98.3 98.4 98.6 98.8 99.2 101.9 101 101.2 101.5 100.4 100.3 100.3 100.9 88.8 84.7 81.4 92.9 103.1 103.4 105.1 106.3 108.3 113.2 117.7 123.8 131.3 137.7
