Game/Highland_Data/StreamingAssets/GeoData/Data/nz/NZ90.asc
ncols 200
nrows 200
xllcorner 490000
yllcorner 500000
cellsize 50
[rows 74 to 110 of 200, columns 0 to 81 of 200]
159.9 157.8 155.6 151.5 146.9 143.3 139.8 136.4 132.5 134.5 132.6 131.8 131.4 131 132.5 134.1 134 133 132.8 131.4 127.7 122.7 113.2 120.7 124.6 124.9 124.6 114.5 117.6 125.4 126.5 132.1 138 140 141 141.7 142.6 143.6 146.4 149.4 151.6 152.4 151.9 149.6 150.4 149.3 149.8 149.4 147.5 149.2 152.6 157.9 161.2 163.7 164.7 165.2 165.8 165.4 164.8 163.6 164.2 163.4 163.8 164.3 165.3 167 169.6 171.8 171.3 170.2 169.5 169.5 169.9 170.1 170.7 170.9 170.9 171.4 170.8 168.8 168.4 167.1
160.4 159.1 156 150.8 146.6 143.1 139.4 134.3 136.4 135.6 135.1 135.5 134.8 133.8 133.4 132.6 129.6 130.7 131.5 129.7 123.2 116 112.8 120.4 125.1 125.9 125.7 119.5 118.4 126 127.6 132.2 139.3 143.3 144.4 145 145.6 146.6 148.3 151.6 154.1 155.8 154.9 152.1 153 154.7 156.1 157 155.1 153.6 154.2 158.4 161.8 165.3 167.2 168.4 168.5 167.4 165.7 167.3 167.4 166.9 167.2 167.2 167.9 169.2 171.3 173.3 172.8 172 172 172.3 172.8 174 174.7 174.8 174.9 174.8 172.5 168.6 168.5 166.8
162.5 160.8 156.6 151.4 147.2 143.8 140.2 135.7 138.5 137.3 138.7 138.5 134.9 132.2 129.9 126.6 131.2 132.2 126 123.4 123.1 123.1 119.4 114.8 124.6 126.7 126.8 120 118.8 125 129.3 132.5 137.6 143.9 146.8 148.6 149.2 149.9 151.4 153.3 155.5 157.5 157.6 156 157.7 159.8 161.7 162 160.7 158.1 157 159.9 163 166.2 168.5 170.4 170.5 167.9 170.2 170.6 170.2 170.2 170.3 170 170.3 171.3 173.5 175.1 175 174.4 174.6 175.5 176.7 177.9 179.1 179.2 177.9 175.4 172.5 166.8 162.2 164.5
163.9 162.8 159.8 154.2 149.7 144.4 139 140.7 140.5 140.4 141.7 139 133 129 127.2 130 137.5 138.3 136.3 134 131.6 128.7 122.5 118 121.8 127.6 127 119 117.8 126.1 131.3 135 138.5 143.7 147.8 150.6 152.4 153.6 154.9 156 157.7 159.4 160.7 160 161.8 164.6 165.1 164.2 162.1 160.6 160.5 161.8 164.6 168.1 171 172.2 171 170.3 173.1 173.1 173 173 173.1 172.4 172.4 173.4 174.7 176.9 177.2 177.1 177.8 179.1 181 182 183 181.7 179.2 175.7 172.6 167.7 159.5 160.9
163.6 161 158.1 154.6 148.9 142 143.2 142.2 142.6 142.8 142.2 137.9 130.3 128 127.8 135.5 140.2 141 139.4 137.6 134.9 131 126.1 120.8 119.7 128 128.3 121 119.3 126.4 131 135.1 139.4 144.2 149.7 153 155.1 156.6 158 159 160.7 162.9 165 165.7 165 168.5 168.7 167 166.4 165.1 164.1 164.5 166.6 170.3 173.8 173.3 174 172.8 175.7 175.9 175.9 175.9 175 174.2 174.2 175.5 176.8 178.1 179.1 179.9 181.1 182.8 185.4 186.2 185.9 183.5 180.4 176.4 172 165.8 158.9 153.5
162.5 158.5 154.9 150.1 145.1 143.9 146.2 145.1 145 143.8 141.8 133.3 131.6 132.8 131.7 137.6 141.4 142.6 141.7 139.6 136.4 132.9 128.7 121.9 124.2 129.3 130.6 123.5 119.9 127 130.8 132.3 138 143.4 151 154.8 156.8 158.8 161.1 163.1 165 167.3 169.1 169 168.4 169.8 171.4 171 171.3 170.3 168.8 165.9 168.8 172.4 175.8 175.9 175.1 175.3 177.3 179.2 180.4 180.6 179.6 177.9 177.1 177.6 178.9 180.1 181.4 182.6 184 186.1 189.2 189.1 186 184.4 181.1 175.8 169.7 163 156.9 148.6
161.7 157 151.9 146.1 148.6 149.5 149 147.8 146.3 145.1 140 133.2 137.2 135.6 132.5 139 142.7 144.3 143.9 141.5 138.4 135.4 130.6 124.8 122.7 131.5 131.8 122.9 125.5 130.1 133.8 136.6 138 141.6 150.8 155.3 159.3 162.1 164.5 166.8 169 170.9 172.6 172.2 171.6 172.2 174.3 175.4 176.1 174.8 173.3 170.3 171.1 174.5 177.4 178 178.4 179.7 181.2 182.7 184.2 184.5 183 181.5 181.2 181.3 181.7 182.3 183.3 184.4 186.1 187.3 187.9 186.3 181.9 180 179.2 173.6 166.2 159.8 154.3 146.1
158.3 153.9 149.1 152 153.1 153 151.1 148.9 147.9 143.4 136 141.4 142.3 138.3 139.8 142.8 144.7 146.7 146.2 143.6 140.5 137.4 132.9 127.4 125.8 133.6 133.5 126.7 126.4 130.9 133.9 138.7 141.7 145.6 148.8 154.1 158.4 162.4 167.8 170.4 172 173.9 175.6 175.7 174.7 175.1 177 179.5 180.7 178.8 176.2 173.1 172.9 175.5 178.5 180.2 181.8 183.2 184.5 186 187.8 187.7 185.1 184.5 184.3 184.3 184.4 184.1 183.9 185.7 187.2 186.4 184.2 180 175.5 173.8 174.3 167.7 161.2 156.7 151.8 145.1
162.4 156.5 156.6 157.7 157.4 156.5 154.7 153.9 151.1 138.2 145.4 146.3 144.8 140.6 143.5 146.7 147 149.1 149 146.9 143.6 139.8 136.7 130 127.8 135.6 135.6 122.8 133 132.5 134.8 138.7 143.6 148.7 152.2 157.8 160.8 164.1 167.9 171 174 176.3 178.3 179 177.8 178.3 179.3 182.7 183.7 181.7 178.8 175.9 176.2 178.2 180.6 181 183.5 186.8 188 188.9 189.7 189.1 187.7 187.2 186.8 186.8 185.8 184.7 184.2 184.5 185.4 183.3 179.2 175 170.1 166.8 164.9 160.3 155.6 151.2 147.6 143.1
163.1 161.6 160.7 160 159.4 156.3 153 154.4 142.1 144.6 150.9 150.1 148.8 143.4 144.7 149.4 149.8 151.2 151.8 150.1 146.2 142.5 139.6 133.1 126 136.5 136.8 124 133.8 134.9 136.2 140 144.8 150.3 155.7 161 165.5 167.6 169.3 171.3 174.8 178.4 181 181.4 180.3 181.5 183.2 184.6 185 183.5 182 181 181.4 182 183.1 183 183.7 187.1 189.1 189.9 190.6 190.5 189.8 189.6 188.9 187.6 186.2 183.8 181.5 180.4 179.4 177 172.8 168.7 163.8 160.3 155.8 151.3 148.1 143.5 140 137.6
165.6 163.7 162.6 161 156.5 155.7 155.2 143.4 148.7 149.6 151.7 153.2 151.8 145.3 148.3 151.9 153.1 153.6 154.4 152.9 149.4 144.9 142.1 135.9 127.8 136.9 137.8 123.6 137.4 138.7 138.1 142.3 147 152.3 157.9 163.5 168.5 170.5 171.5 172.8 176 180.1 183.8 183.7 182.7 183.1 185.3 187.4 188.1 188.3 187.8 186.9 185.5 185.4 185.6 184.7 184.7 188.1 189.6 190.9 191.5 192 192 191.9 189.7 188.3 185.2 182.8 180 176.5 174.8 171.2 166.2 161.3 157.4 155 149.6 143.6 139.1 136.2 130.8 128.7
167.3 165.5 164.4 161.6 156.7 158.6 153.3 150.8 157 156.4 157 155 153.8 152.1 151.9 154.5 156.3 156 156.6 154.8 151.1 147.2 144.3 139.2 131.6 131.8 138.8 126.8 140.8 141.8 140.3 144.8 150.1 154.9 160.6 166.8 170.9 173.5 174.9 177.2 180.4 183.1 185.3 186.6 185.5 185.1 186.7 189.2 191.1 192.1 191.6 190.2 188.4 187.7 186.7 186.2 187 189.4 191.3 192.6 193.8 194.8 194.8 193.8 191.1 187.9 184.2 181.4 177.6 174 171 167.9 162.7 156.3 151.4 148.6 145.6 138.7 131.3 128.8 124.2 120.1
168.2 166.2 163.8 159.3 160.1 158.6 152.4 157.1 160.7 160.9 158.8 156.7 155.4 155.4 157 158.7 159.1 158.6 157.9 155.9 152.8 149.5 146.4 142.4 135.4 132.9 141.7 133 138.9 143.2 144.6 149.5 154.1 158.3 164 170 173.7 176.1 178.7 181.8 184.8 186.4 187.7 189.6 188.9 188.1 188.9 190.9 192.9 194 194.1 192.9 190.8 189.5 188.4 188.9 190 192.1 194 195.4 196.7 197.7 197.8 195.8 192.4 189.5 185 179.7 175.2 171.5 167.6 164.1 159.9 154 146.6 141.5 138.6 134.2 128.4 121.1 117.2 113.4
167.7 162.2 160.5 163 161.1 153 159.5 159.1 162.6 161.6 160.2 158.7 156.9 160.3 160.8 161 161.5 161.5 160.1 158.3 155.3 151.9 147.9 143.3 143.1 137.7 139.6 139.1 134 145.4 146.7 153.3 156.7 160 166 172.1 176 178.5 182.6 186.4 188 188.4 189.1 191.2 192 191.3 192.3 193.8 194.4 195.8 196.1 195.8 193.8 192.3 192.4 193.3 194.1 194.8 196.6 198.1 199.6 200.3 200.3 198.6 195 190.6 185.9 180.5 174.8 168.8 164.5 159.8 155.6 149.9 142 135.8 131.8 129.6 126.4 120.3 113.8 108.1
167.5 167.3 165.5 164.2 157.4 160.8 160.7 160.8 164 163.3 162.6 161.2 162.4 163.4 163.7 163.5 163.8 164.1 162.9 160.5 157.6 154.1 149.8 144.9 145.4 141.9 131.6 142.6 133 147.2 148.2 151.7 157 161 166.2 171.7 176.3 179.8 184 187.6 188.8 189.6 190.7 193.1 194.8 194.4 195 196 196.2 197.2 197.6 197.4 196.7 196 196.7 197.4 198.2 198.9 199.7 200.9 202.8 202.1 201.2 199.9 196.6 191 186.3 181.5 175.9 168.5 161.3 155.5 150 142.9 136.7 131.1 125.6 125.5 123.9 119.3 114.2 107.4
171.7 170.2 167.6 164.3 162.1 163.4 162.8 163.5 165.6 164.9 164.2 163.6 165.4 166 166.1 166.1 166.1 166.4 166.2 163.8 160.5 156.9 153.2 148 147.6 144.2 131.7 146.3 134.2 141.7 150.9 152.8 157.2 162.4 166.7 170.6 175.4 178.6 182.7 186.7 189.1 190.8 191.9 193.8 196.5 196.4 196.4 197 198 198.3 198.7 198.4 198.4 199 200.2 201.4 202.3 202.9 203.2 203.4 203.7 202.2 200.8 198.8 195.6 191 186.2 181.6 176.8 169.9 161.5 153.4 142.2 135.9 130.2 124.7 120.2 121.3 120.3 116.8 112.2 107.4
174 172.2 169.6 165.5 163.2 165 166.5 167.2 167.2 167 166.8 166.7 167.5 168 168.4 168.3 168.4 168.7 168.8 167.7 165 161.6 156.7 151.9 150.9 148 131.4 147.5 134.9 135.4 147.9 153.3 157 162.6 165.2 168.2 173.5 177.7 180.4 184.9 189.1 190.3 191.9 193.8 195.3 196.8 196.9 197.3 198.4 199.1 199.6 199.9 200.3 200.8 201.5 202.6 203.9 204.7 205 205.3 204.4 202.9 200.3 198.1 193.9 189.3 184.9 181 176.5 165 162.5 152.6 140.3 129.1 122.2 118.5 114.8 116.6 116.4 113.5 109.2 105.1
175.3 174.1 171.5 166 164 167 169.4 169.9 169.7 168.8 168.6 168.7 169.3 169.9 170.4 170.5 170.7 171 170.6 169.4 167.7 165.1 160 156.2 153.8 146.4 138.9 148.3 140.3 143.6 141 152.5 157.2 161.1 162.7 166.5 172.5 174.4 179.7 183.8 187.3 189.8 191.8 193.6 195.5 196.5 197.2 197.8 198.8 199.8 200.4 201.4 202.2 202.7 203.2 203.9 205.2 206.5 206.9 206.7 205.1 203.1 200.1 196.9 192.4 188.3 184.2 180.4 176.7 170.9 162.3 149.9 138 127.9 119.9 110.1 107.8 110.8 113.1 109.2 105.2 102.6
176.1 174.1 170.6 165.9 164.8 169.3 171.2 172.1 172.3 171.6 170.5 170.7 171.2 171.7 172.2 172.8 172.8 172.8 172.1 171 169.2 166.5 163 159.1 154.4 151.3 144.8 147.1 141.1 152.5 149.7 149.7 151.2 155.6 156.6 157.9 167 174.4 179.6 183.5 188 189.9 191.5 193.2 197.3 198.1 197.5 198.3 199.4 200.4 201.6 202.5 203.6 204.4 204.6 205.4 206.4 207.7 208.2 207.7 206.7 203.3 199.9 195.9 191.7 187.6 183.6 180 176.3 171.5 160.7 147.1 136 126.5 117.9 110.9 104 102.4 106.3 103.9 101.2 98.6
174.3 170.3 167.1 160.5 166.2 171 172.9 173.7 174.5 174.5 173 172.6 173.1 173.9 174.6 175.5 175.5 174.5 173.8 172.2 170.2 167.2 163.8 160.1 156.2 156.2 149.3 148.7 148.8 147 155.5 153.8 159 161.7 165.2 168.4 164.7 172.7 178.9 184.6 187.8 189.7 191.4 193.9 197 199 199.2 198.9 200 201.2 203.1 203.9 205.1 206.4 206.7 207.2 207.7 208.7 209.1 208.6 206.4 202 198.8 193.8 190.5 186.9 182.8 178.4 173.4 167 156.1 143.1 131.8 123.6 117.5 111 103.9 94.6 99.6 99.4 97.2 95.2
170.9 166.4 167 167.7 170.2 172.4 174.4 175.3 176.2 176.9 175.5 174.7 175.4 176.3 177.3 178.4 177.8 176.3 174.9 173.4 171.5 168 164.9 162.4 159.6 154.7 141.6 154.2 157.4 147.1 153.9 157.5 157.6 162.8 166.5 169.6 166.5 176.2 182.7 186.6 188.1 190.3 192.1 194.1 196.4 198.3 199 199.9 201.1 202.1 204.4 205.1 205.9 208.3 209 209.5 209.8 210 209.6 208.5 204.8 199.6 195.4 192.2 189 185.3 180.8 173.5 165.8 157.8 148.5 139.7 131 122.6 115.1 110.6 105.5 97.9 94.2 96 94.3 92.6
171.5 170.8 170.9 172.2 173.6 174.9 175.7 176.2 177.3 178.7 178.4 176.6 176.8 177.7 179 180.3 179 177.1 175.7 174.2 172.2 169.5 167.1 163.7 159.6 149.9 150.4 158.3 159.3 158.3 148 159.3 160.8 163.3 166.5 171.3 173.8 171.6 179.2 185.6 187.8 190.8 192.9 194.8 197 198.2 198.6 199.2 201.2 203.6 205.7 207.3 208.9 211.3 211.8 211.5 211.5 211.4 209.9 207.3 202.6 197.5 193.6 189.9 183.4 181.1 176.5 166.1 157.6 149.3 140.9 134.1 129.5 122.4 113.3 106.3 101.3 93.8 92.1 92.8 91.7 90
176.2 174.4 174.3 175 176.1 176.9 176.9 177.1 178.3 179.6 180.2 177.8 178.4 178.9 180 180.6 179.4 177.8 175.8 174 172.2 170 165.9 161.5 156.9 146.2 156.7 158.8 160 159.8 151.9 161.6 165.9 167.6 167.2 171.4 175.5 179.8 180.6 181.4 185.7 189.9 193.6 195.5 197.1 197.6 198 199.9 202.6 204.9 206.7 208.7 211.1 213.5 213.7 213.5 213.5 212.7 211.5 208 202.7 198.2 194.5 190.4 184.5 173.8 167.2 158.5 150 141.6 134.4 127.9 123.3 118.5 110.5 103.6 96 85.2 93.2 92.5 90.2 87.2
179 177.5 177.7 177.9 178.4 178.7 178.7 179.1 179.7 180.4 181.6 179.3 179.6 180.1 181.3 181.5 180 177.8 175.7 173.7 171.5 168.1 163.7 158.9 154.7 145 157.8 159.3 160.6 159.5 157.4 164.3 168.9 169.9 170.7 173.8 177.8 181.5 183.9 184.5 185.5 188.7 192.8 195.4 195.8 196.4 197.8 200.9 204.4 205.6 207.7 209.9 212.1 213.8 215 215.5 215.2 214.1 213.1 208.9 203.1 198.4 194.2 188.9 182.1 171.3 155.6 149.4 141.9 136.1 129.2 122.3 117.6 113.2 108.1 102.2 93.8 82.9 90 90.9 88.8 85.5
181.5 180.6 180.8 180.9 181 181.5 181.8 182.3 182.8 183.4 184.5 181.6 180.6 180.8 181.7 180.6 178.5 176.3 174.1 172.2 169.5 166.3 162.6 158.6 152.8 147.9 158.3 160.1 161.2 156.8 157.9 161 167.1 171.2 173.1 176.3 180.4 184.1 186.4 187.6 188.6 189.9 190.9 192.7 193.5 195.6 198.6 201.8 205.2 207.2 208.4 210.1 211.8 213.5 214.9 216.5 216.8 216 214.8 210 203.5 198.5 192.8 187 178.9 168.3 157 144.1 132 129 124.2 116 111.6 108.2 103.1 93 92.3 87.1 79.8 87.2 85.9 83
183.7 183.3 183.2 183.1 183.7 184.4 185 186 186.1 186.7 187.1 184.3 182 181.8 179.8 178.9 176.9 174.2 171.5 170.1 168.1 165.4 161.9 159.1 154.7 152.1 159.6 161.5 161.5 158.9 164.8 168.4 166.5 168 173.9 178.6 182.7 186.3 188.7 190 190.8 191.9 192.7 193.4 194.6 196.5 199.1 202.3 205.6 207.8 209 210.7 212.3 214 215 216 217.3 218.2 216.4 210.7 204.7 199.7 192.9 185.6 175.2 164.1 152.3 142.7 132.6 123.6 118.9 115.3 111.8 107.7 103.4 98.8 96.4 91.1 79.6 79.2 81.4 79.7
186 185.7 185.3 185.6 186.5 187.9 189.2 190.5 190.6 189.6 188.2 186 182.7 179.3 176.4 175.8 173.2 171.2 168.9 167.8 166.4 163 160.7 157.3 150.9 155.8 161.8 163.3 163.4 163.1 166.9 170.9 174.7 174 173 179.2 184.4 187.9 190.7 192.3 193 193.9 194.7 195.5 196.3 198.3 200.2 202.8 205.2 208.1 209.5 211.4 213.1 214.8 215.7 216.7 218.1 219.6 217.6 212.1 206.2 200.4 193.8 185.6 175.2 163.5 152 142.1 132.3 123 116.1 110.7 107.2 104.2 100.4 97.3 95.1 91.6 86.5 76 69.4 70.9
188.5 188.2 188.3 188.6 189.9 191.4 192.9 193.8 192.7 190.4 188.2 185.6 182.1 179.2 175.3 172.4 170.2 168.2 166.1 160.7 158 154.4 149.7 150.5 158 161.8 163.9 165.2 166 167.4 169.4 174.1 177.9 178.1 178.4 180.9 184.9 189.5 192.2 194.5 195.1 195.9 196.7 197.4 198.1 200.8 203.4 204.9 205.5 207.5 210 212.1 213.9 215.7 216.7 217.7 218.9 220.1 218.7 213.1 206.4 200.2 194.6 187.2 177.8 165.7 153.5 141.7 132 123.1 114.8 108.4 102.6 99.3 95.1 94.4 94.2 92.4 87.8 79.3 75.7 72
191.8 191.7 191.7 191.7 193.2 194.7 195.4 194.6 191.8 188 185.5 182.7 181.3 178.6 174.4 169.9 167.6 165.9 158.8 155.5 160.4 161 161.3 151.9 162.4 164.9 167.4 169.4 170.2 172.4 170.6 177.8 180.9 182.2 183.6 185.9 187.4 190.9 193.9 196.7 197.1 197.5 199.1 200 199.9 202.3 204.3 206.2 208.7 210.1 211.2 212.7 214.4 215.9 216.5 217.5 218.6 219.5 219.6 215.4 209.2 201.2 195.4 188.6 180.5 171.1 159.2 150.9 140.9 129.3 119.1 112.1 108.2 102.8 98.8 93.9 90.5 91.7 87.8 83.5 81 77.2
195.4 195.4 195.3 195.2 196.1 196.5 196.2 193.8 189.9 185.5 181.7 180 178.1 175.7 170 163.3 162 157.4 158.2 165.4 165.5 165 164.6 154.7 165.6 168.7 171.8 176.6 179 178.3 174.7 180 183.7 185.4 186.8 189.1 191.4 192.4 195.1 196.8 197.8 199.1 200.9 202.1 202.1 203.3 204.7 206.6 208.6 211.4 212.6 214 214.9 215.6 216.3 217.3 218.4 219.7 220.5 218.2 211.5 203.8 197.3 191.7 184.1 175.1 165.6 158.6 148.3 135.2 123.9 119.9 113.7 108.3 103.6 98.7 93 86.6 87.2 86.6 83.4 80.2
198.4 198.7 198.8 198.7 198.9 198.8 196.5 193.1 188.4 183.8 180.5 178.6 175.4 171.2 165.3 165.6 165 167.1 166.1 167.7 167.9 167.6 165.6 158 168 171.3 174.8 180 182.6 183 181.2 183.7 186 187.8 190.5 192.3 193.4 194.5 196.2 197.7 199.4 201 202.7 204.5 204.9 205.5 206.6 207.3 208.7 211.4 213.9 215.4 216.2 216 216.3 217.3 219 220.1 221.4 220.6 214.9 207.9 202.8 195.8 187.5 178.7 170.8 163.4 152.4 140.9 134.8 129.4 122.9 117.1 109.5 102.5 97.5 93.7 92 89.8 84.8 82.6
200 200.2 200.7 201.4 201.6 199.7 196.3 191.9 187.4 183 180.4 177.9 174.6 167.8 171 170.1 168.3 170.9 171.5 167.5 170 169.7 166.5 164.2 167.6 173.1 176.6 182.2 184.8 185.8 184.1 186.9 189 191.2 194 195.1 195.6 196.7 197.6 198.9 201.1 202.8 204.5 206.6 206.9 207.6 208.5 209.9 210.4 212.3 214.9 217.4 218 217 216.8 217.6 219.5 221.1 222.8 222.4 217.5 213.2 210.1 201.1 190.9 182.5 175.1 167.2 156.6 150.3 145.1 137.9 129 121.6 113.6 106.7 101.8 98.3 95.8 92.4 88.7 86.8
201.7 201.8 202.2 203.1 202.6 199.5 195.1 190.8 186.4 182.4 179.8 177.3 173.2 173.2 175.3 174.3 172.7 175.8 175.3 170.6 172.6 171.8 171.1 167.2 172.8 174.2 180 183.8 185.9 187.7 186.9 189.7 191.5 193.6 195.9 196.6 197.4 198.4 199.6 201.1 203.9 204.8 207.1 208.7 209.4 209.8 211.1 211.6 213.7 216.1 217.9 218.6 217.9 216.7 217.1 217.7 220.7 222.4 223.6 223.5 220.9 217 213 204.4 194 186.1 178.6 171.7 164.9 158.9 153.3 143.4 132.9 125.3 117.6 111.1 107.4 103.1 98.9 96 92.8 89.5
202.6 202.2 203.3 203.4 201.7 198.4 194.1 189.7 185.2 180.8 178.5 172.9 171.4 176.3 177.5 178.4 178.4 180.2 179.3 175.8 174.6 174.2 175.9 174.9 176.6 179.1 182.5 185.1 187.3 189.3 189.4 191.9 193.6 195.2 196.8 197.7 199 200.6 202.1 204.1 206.3 207.1 209.7 211 211.7 212 212.4 214.5 216.3 217.3 218.2 218.2 217.3 216.2 216.6 217.3 220.9 223.4 223.6 223.6 223.1 219.5 212.8 205.3 195.6 189 182.3 176 170.6 165.8 158.5 149.5 142.6 133.3 122.6 116.6 111.2 105.8 101.2 98.4 94.7 90.2
202.8 202.3 202.8 201.9 200.1 196.3 192.4 188.4 183.4 179.6 174.6 176.4 177.1 178.3 179.9 181.3 183.2 184.3 184 182.6 180.7 178.8 180.2 181.5 181.1 183.4 184.1 186.4 189 190.7 191.3 193 194.9 196.2 197.9 198.9 201.2 203.5 205.3 207.2 208.6 209.9 211.1 211.9 212.6 213.3 213.5 215.1 216.5 217.2 217.6 216.7 215.5 214.3 215.5 217.2 220.8 221.8 221.5 222.3 224.3 224.1 215.3 206.9 197.6 191.8 186.4 181.7 177.1 173 168.8 161.3 150.1 137.4 126.9 119.9 114.1 108 103.4 98.3 92.4 87.3
203.1 202.6 201.4 199.8 197.7 193.8 189.6 185.4 181.3 178.9 173.8 177.5 177.4 179.7 181.4 182.8 185.3 186.9 186.3 185.2 184.4 183.6 181.8 184.7 184.8 185.1 186.9 188.4 191 192.5 193.1 193.9 195.6 197.2 198.9 200.6 203.1 205.2 207.6 209.4 210.4 211.3 212.1 212.4 213.3 212.6 213 214.7 216 215.2 214.9 213.5 211.5 211.5 213.1 217 218.4 218.1 219 221.3 223.8 224.6 219.9 209.4 200.1 195.3 191.8 187 183.2 179.7 176.8 166.6 153 139.7 128.7 120.7 114.2 108.4 102.7 97.5 90.6 82.8
203.9 202.9 201.3 199.2 195.5 190.9 186.9 183 180.3 177.5 174.5 177.6 177.7 180.6 182.4 184.6 186.2 187.8 188.2 187.9 187.4 187.1 185.5 187.2 187.6 188.4 189.2 190.1 192.6 194.1 194.5 195 196.6 198.3 200.1 202.1 204.3 206.6 209.1 211.1 212 212.4 212.2 213.2 212.4 212.2 212 212.1 213 210.9 209.7 209.5 209.4 209.7 211.6 215.5 215.2 215.6 217.8 220.4 222.2 224.1 222 213.4 204.2 198.7 194.8 192.3 188 185.6 181.1 168.1 153.2 140.7 129.1 119.4 112.1 106.4 100.8 95.3 87.9 79.7
