Assets/StreamingAssets/GeoData/Data/nc/NC01.asc
ncols 200
nrows 200
xllcorner 200000
yllcorner 910000
cellsize 50
[rows 152 to 189 of 200, columns 84 to 167 of 200]
24.1 24.1 24.1 24.1 24.1 24.1 24.1 24.1 24.1 24.1 25 29.1 32.5 35.7 39.4 42.9 47.1 50.9 53.5 55.6 58.2 60.7 63 66.6 71.8 79.8 86.9 95.9 108.6 119.8 128.3 130 131.1 132.8 135.2 140.9 140.9 147.5 149.6 154.8 155.9 158.6 156.2 165.2 167.9 162.2 157.5 138.2 134.1 130 128.8 129.4 119.6 114 116.6 109.3 96.4 88.7 93 90.8 89.3 84.9 82.5 75.7 70.8 67.4 65 64.4 64.7 65.6 66.3 64.8 60.5 56.8 41.4 37.7 30.7 32.8 26.7 34.3 50.5 48.7 52.6 56.4
24.1 24.1 24.1 24.1 24.1 24.1 24.1 24.1 24.1 24.1 24.1 25.1 29 33.5 36.6 39.7 44.1 48.5 53.3 56.3 58.9 61.3 63.8 67.4 72.4 81.5 94.9 105.2 112.6 120.5 127.3 128.3 128.9 130.3 132.6 137 141.9 150.8 154.1 155.3 157.1 163 170.1 175.7 171.2 166.7 161.1 147.8 140.4 137.1 126.8 119.5 111.6 110 108.7 103.5 91 93.2 92.9 91.1 86.5 88.5 86.2 78 71.5 68 67.7 70.2 70.7 68.8 67.7 65.8 63.7 57.1 48.2 39.4 30.2 29.7 26.9 32.1 41.4 42 56.5 69.2
24.1 24.1 24.1 24.1 24.1 24.1 24.1 24.1 24.1 24.1 24.1 24.1 24.1 28 32.9 36.7 41.2 45.9 51.1 55.4 58.9 62.2 65.3 69.9 73.8 79.6 91.8 109.3 118.6 123 127 128.4 127.9 128.5 129 138.5 143.5 149.8 152.3 155 158.5 161.2 171.3 180 176.6 169.6 160.9 152.5 147.3 138.9 122.5 114.1 109.9 107.1 102.7 95.4 90.4 91.1 97.7 93.5 89.1 92.6 95 86.7 78.6 69.7 72 80.2 85.5 85.9 84.4 79.4 73.4 60 47.7 43.2 36.2 30.4 28.8 34.6 37.4 38.6 50.6 58.8
24.1 24.1 24.1 24.1 24.1 24.1 24.1 24.1 24.1 24.1 24.1 24.1 24.1 24.1 27.6 32.1 37.9 43.1 48.2 53.6 58.4 62.8 67.8 72 76 82.5 89.2 104.2 117.3 123.2 127.7 129.4 131 129.7 128.7 131 139.4 142.4 147.1 157.8 159.5 159.1 163.4 166.3 166.2 168.7 167.3 159.2 153.1 143.3 123.6 118.1 114.7 106.5 99 92.7 90.9 90.9 96.1 100 97.1 98.1 97.6 98.5 81.6 74.9 71.2 81 90.5 93 95.7 89.1 84.3 73.7 58.9 46 38.3 32.4 30.4 33.4 35.1 37.2 45.7 54.4
24.1 24.1 24.1 24.1 24.1 24.1 24.1 24.1 24.1 24.1 24.1 24.1 24.1 24.1 24.1 27.1 32.5 38.3 43.9 50.1 56.2 62.6 68.8 74.5 80.2 87.9 96.6 105.9 116.9 127.2 135.6 138.2 140 140.3 134.3 131.6 137 140.7 145 149.9 154 157.2 157.3 159 162.5 170.4 171.7 165.2 156 146.1 138.5 129.7 121.2 112.5 104.6 98.1 91.4 91.1 92.4 98.7 99.9 98.8 97.7 96.5 90.4 77.1 73.6 78.5 92.6 95 94.3 95.6 95.9 87.6 71.2 57.3 45.5 36.7 31.5 32.1 34.4 36.3 38.3 54.1
24.1 24.1 24.1 24.1 24.1 24.1 24.1 24.1 24.1 24.1 24.1 24.1 24.1 24.1 24.1 24.1 25.1 31.7 38.1 44.7 52.6 60.5 67.4 77 84 92.6 103.2 113.6 123 132.1 142.3 153.8 156 145.8 139.7 138.1 138 140.2 144.2 149.6 151.3 154.7 155.1 158.3 163 169.3 171 165.8 158.2 153.7 149.4 141.8 131.3 121.7 107.6 101.5 92.5 91.6 91.7 94.1 98.6 98 99.5 100.8 90.9 83.6 80.4 87.9 99.6 97.4 96.7 98.2 93.1 86.6 81.4 73.7 59.9 49.8 39.3 34.1 34.2 36.9 46.8 63.1
24.1 24.1 24.1 24.1 24.1 24.1 24.1 24.1 24.1 24.1 24.1 24.1 24.1 24.1 24.1 24.1 24.1 24.1 31.9 38.5 46.8 56.3 66.3 75.9 86.6 97.4 108.4 120.2 130.3 137.9 143.5 150.3 156.7 160.2 150.8 140.8 140.1 140.4 142.1 144.3 149.4 154.6 154 156 164.3 164.5 163.7 164 160.9 157.6 153.1 147.7 142.8 126.5 116.5 105.1 98.7 93.9 94.9 94.3 97.3 97.8 97.7 99.6 99.6 84.2 88.1 96.6 99 99.6 101.4 100.4 99.1 90.9 89.2 82.1 70.8 59.9 54 47.1 41.4 48.1 54 60.8
24.1 24.1 24.1 24.1 24.1 24.1 24.1 24.1 24.1 24.1 24.1 24.1 24.1 24.1 24.1 24.1 24.1 24.1 24.1 30.8 38.5 49.9 60.8 73 86 98.2 110.5 122.9 133.9 140.4 145.8 150.1 153 154.2 153.3 149.9 146.1 142.1 142.1 143.5 145.8 150 152.7 156 158.6 159.7 160 163.8 162.9 162.6 155.7 152.8 143.9 133.7 121.1 110.9 106.1 96.7 99.3 97.1 100 100.7 98.8 97.4 96.7 88.9 99.4 105 103.8 102.2 100 96.6 94 91.7 89.8 86.9 75.4 72.1 66.2 56.5 55.2 61.6 69.5 79.8
24.1 24.1 24.1 24.1 24.1 24.1 24.1 24.1 24.1 24.1 24.1 24.1 24.1 24.1 24.1 24.1 24.1 24.1 24.1 24.5 29.6 41.2 53.3 66.9 82.2 95.6 110.1 122.9 135.2 142.9 147.2 150.4 153.8 154.2 150.2 148.2 146.4 145 144 144.7 145.5 148.1 150.7 155.3 157.3 156.6 153.7 155 159.9 158.7 157.4 153.8 149 140.2 128.2 115.5 105.1 98.9 102.9 100.9 102.8 103.3 107.5 107.1 101.1 97.5 99.7 102.3 102.8 101.8 100.8 98.3 95.6 93.7 92.3 88.7 81.9 76 72.3 75.5 78.1 73.1 73.9 80.4
24.1 24.1 24.1 24.1 24.1 24.1 24.1 24.1 24.1 24.1 24.1 24.1 24.1 24.1 24.1 24.1 24.1 24.1 24.1 23.7 25.1 29.7 38.2 54.3 72.7 89.1 104.9 119.6 133.5 143.7 148.4 151.4 153.3 152.5 149.1 147.5 145.8 145.5 144.6 145 145.6 146.1 148.3 153 157.2 155.6 148.5 148.3 149.5 151.8 153.2 150.4 147.5 139.6 133.1 129 117.3 110 111 105.4 104.8 103.7 104.9 104.7 106.7 105.3 104.8 105.1 105.7 104.2 103.3 100.9 99.4 98 95.4 95.5 94.2 85.3 87.8 92.4 89.2 84.8 79.1 79.9
24.1 24.1 24.1 24.1 24.1 24.1 24.1 24.1 24.1 24.1 24.1 24.1 24.1 24.1 24.1 24.1 24.1 24.1 24.1 24.1 24 25.5 31.4 44.6 57.5 79.4 97.1 116.1 128.2 141.3 147.6 149.4 149.8 150.6 148.4 146.9 145.9 145 143.9 144.2 145.1 145.6 146.7 148 151.6 151.4 147.8 147.8 149 150.4 150.6 148 143.2 138.3 135 127.1 122.7 124.2 124 121.9 121.5 115.8 107.3 106.3 107.5 108.9 109.1 110.4 111.2 111.3 111 108.3 106.7 106.3 108 104.9 101.9 102.2 103.2 100.2 98.9 95.7 89 85.6
24.1 24.1 24.1 24.1 24.1 24.1 24.1 24.1 24.1 24.1 24.1 24.1 24.1 24.1 24.1 24.1 24.1 24.1 24.1 24.1 24.6 25.4 29.6 39.2 51.4 72.8 87 111.4 135.5 138.6 140.7 144.5 146.3 147.3 147.7 146.6 145.6 144.4 143.1 143.3 144.5 145.2 146.4 147.9 148.8 148.1 147.8 147.8 148.7 150.4 151.2 150.9 149.3 144.4 140.6 137.9 134.8 131.5 131.6 132.6 132.1 129.4 126.5 120.4 114.5 113.1 113.1 113.4 114.6 115.2 115 113.5 114.9 114.3 112.4 110.1 109.6 108.6 106.5 103.5 100.6 98.5 97.6 92.9
24.1 24.1 24.1 24.1 24.1 24.1 24.1 24.1 24.1 24.1 24.1 24.1 24.1 24.1 24.1 24.1 24.1 24.1 24.1 23 24.6 25.7 27.7 33.4 44.6 62.5 80.6 100.7 124.7 127.4 130.4 136.1 139.7 141.9 143.5 143.7 142.1 141.8 142.4 142.4 143.5 144.4 145.5 146.4 147.7 149.6 150.2 148.2 148.2 148.5 148.3 149.6 147.8 143.4 141.3 138.5 138 136.7 134.8 134 134.8 133.7 129.7 127.5 125.8 124.4 122.7 120.6 120 118.8 119.4 121.6 119.6 120.9 119.8 120.5 119.3 119.1 116.7 113.5 111 108.9 105.4 104.7
24.1 24.1 24.1 24.1 24.1 24.1 24.1 24.1 24.1 24.1 24.1 24.1 24.1 24.1 24.1 24.1 24.1 24.2 24.1 26.1 26.4 25.1 27.1 31.4 40.8 51.4 67.6 85 99 114.9 116.5 124.8 136.9 139.3 136.1 134.6 135.9 137.9 138.3 138.7 140 141.2 142.4 143.8 145.1 147.5 149.1 150.7 145.7 144.1 144.5 145.6 142.2 140 138.2 135.7 134.2 134.5 133.4 132.8 132.2 130.7 129.9 129.2 128.8 129.5 129.5 130.1 129.5 128.2 124.9 125.4 124.4 124.6 124.8 126.1 126.9 125.5 124.1 124.9 124.4 124 121.5 118.8
24.1 24.1 24.1 24.1 24.1 24.1 24.1 24.1 24.1 24.1 24.1 24.1 24.1 24.1 24.1 24.1 24.1 24.2 25 29.1 33.4 36.2 26.8 29.2 35.6 43.5 58 72.4 90.3 100.3 102.2 106.6 122 134 128.1 127.7 129.2 129.9 130.7 131.2 133.4 134.6 136.6 137.8 139.7 141.1 141.7 142.8 140.4 138.2 138.1 137.1 136.9 135.4 134.5 133.3 132.9 133 132.5 131.9 131.5 131 131.4 130.8 131.8 132.8 133 133.3 134.4 134.7 137.4 134 138.6 138.4 133.9 136 133.2 133 131 130.7 129.2 126 121.9 118.9
24.7 24.1 24.1 24.1 24.1 24.1 24.1 24.1 24.1 24.1 24.1 24.1 24.1 24.1 24.1 24.1 24.1 24.1 29.3 31.7 31.9 35.4 30 28.1 30 38.2 49.3 65.7 76.9 90.9 98.1 94.6 111.5 117.4 120.2 122.2 124.7 125.8 126.9 125.6 126.3 126 128.1 130.5 132.2 132.9 133.9 133.3 131.9 131.4 130.5 130.5 131.3 130.7 131.2 131.1 130.7 130.5 131.4 130.9 130.9 131.1 131.6 131.8 132.8 133.5 134.9 135.3 136 137.9 138.7 138.4 140.2 140.1 140.6 139.4 137 137.2 137.3 133.7 131.7 130.4 128.6 125.2
26 25.9 24.3 24.1 24.1 24.1 24.1 24.1 24.1 24.1 24.1 24.1 24.1 24.1 24.1 24.1 24.1 31 39.1 36.5 38.8 38.4 36.6 34.5 28.3 30.8 40 51 63.2 74.7 83 85.1 93.4 105 111.6 112.6 113.4 121.6 119.9 122.3 121.3 121.8 123 123.2 124.1 125.4 126.3 126.4 126.2 125.9 124.9 125.3 125.1 125.4 126.3 126.3 127.8 127.9 128.5 128.9 129.9 130.4 130.2 131.4 132.8 134 135.6 136.9 139.3 140.2 140.4 140.7 141.5 142.6 144.6 144.5 146.3 145 141.4 138.4 136.4 136.1 134.9 133.1
27.4 25.6 24.1 24.1 24.1 24.1 24.1 24.1 24.1 24.1 24.1 24.1 24.1 24.1 24.1 24.1 24.1 26.8 39.2 45.2 36.3 35.5 41.2 47.6 47.8 30.4 31 40 49.9 59 69.6 79.2 83.9 87.5 102.1 96 105.9 112 114.5 116.3 117.8 120.1 121.7 120.9 120.8 119.2 119.7 119.3 119.1 119.5 119.1 118.8 118.4 119.8 120.9 120.9 122.6 123.8 125.2 125.8 127.1 128.2 129.6 130.8 131.9 134 135.5 137.5 139.7 141.3 142.8 142.8 143.2 143.6 145.3 145.8 148 148.8 148.4 148.4 148.9 147.9 146.9 147.6
27.1 24.1 24.1 24.1 22.9 23.6 24.1 24.1 24.1 24.1 24.1 24.1 24.1 24.1 24.1 24.1 24.1 24.1 28.1 35.7 36.3 38.3 48.3 48.7 49.5 44 33.1 36 43.4 50.1 58.5 61.5 65.5 69.8 79 89.9 89.4 96.1 100.6 101.4 109.3 119.3 121.4 118.6 114.2 111.6 109.9 110.6 111.6 113.5 113.9 110.7 110.3 112.2 112.7 113.7 114.9 117.4 119.6 120.9 123.1 124.5 125.7 128 130.3 132 134.2 137 140 141.5 143.6 145.1 147.1 146.1 149.8 150.5 152.2 152 155.7 155.8 157.5 157.7 160 159.7
30.8 30.7 23 24.1 24.1 25.4 24.2 24.1 24.1 24.1 24.1 24.1 24.1 24.1 24.1 24.1 24.1 24.1 24.1 25.5 34.5 42.5 53.6 52 49.7 43.3 38.9 34.2 39.8 44.4 46.9 49.7 53.3 58.2 61.5 70.1 77.9 83.6 83.1 82.1 90.9 105.7 115.5 113.8 103.9 104.7 104.9 103.9 103.2 104.6 101.9 101.5 100.7 102.9 103.2 104.9 106.3 107.8 110.2 112.4 114.5 118.5 121 123.3 126.1 129.3 131.6 134.2 138.2 140.8 144.3 147.2 149.6 151.1 153.7 155 157.5 159 160.6 161 163.5 165.8 167.6 168.8
34.7 40.8 40.5 37.4 30.1 30.3 24.1 24.1 24.1 24.1 24.1 24.1 24.1 24.1 24.1 24.1 24.1 24.1 24.1 34.8 43.1 47 53.7 56.4 58.8 55.9 49.6 48.4 35.1 39.1 42.5 42.2 46 47.7 52.8 57 63.8 68.9 70.1 71.2 75.2 81.5 84.9 82.8 91.8 96.2 98.7 94.7 91.8 96.9 93.6 93.1 90 91.4 91.1 91.8 94.1 96.2 98.9 101.7 104.8 109 111.4 115.5 118.6 122.9 126.3 130.1 133.8 137.7 142 144.7 148.9 152.5 154.6 158.9 159.7 162.2 165.4 168.1 172.5 171.5 175.2 176.2
40.2 44.6 49.5 52.8 50.9 39.8 31.6 24.1 24.1 24.1 24.1 24.1 24.1 24.1 24.1 24.1 24.1 24.1 35.6 49.8 51.6 52.3 58.2 65.6 71.3 69.8 61.6 48.2 35.8 39.3 39.6 42.5 43.5 44.7 48.8 52.8 53.6 56.6 59 60 64.3 69.7 76.2 77.3 81.5 83 85.9 87 86.6 87.5 89.9 88.6 85.4 84.1 82.1 83.4 84.3 85.1 85.9 87.2 90.8 93.7 97.9 103.5 106.8 112.3 117.6 120.9 127.4 132 136.1 141 145.3 150 154.4 158.1 161.1 165.5 168.8 174 178.9 177.7 181.5 182.8
48.3 51.6 55.3 61.7 62.6 60 54.8 48.6 27.4 24.1 24.1 24.1 24.1 24.1 24.1 24.1 24.1 28.1 41.5 53.6 61.5 61.9 66.6 70.8 78 80.3 71.8 62.2 48.1 37.3 39.5 43.8 43.7 44.7 46.2 48.1 50.9 53.1 55.1 57.1 60 61.9 66.1 70 72.6 74.3 75.8 77.4 78.6 82.4 86.7 88.5 86.5 79.3 77.1 76.9 76.9 77 78.4 80.2 79.3 79.3 80.9 86.1 92 97.2 104.5 109.8 114.5 120.5 125.1 131 136.5 142.5 148.3 153.4 158.9 164.8 169.1 176 181 184.6 190.4 194.4
56.3 59.8 64.4 65.8 67.1 65.5 63.6 55.1 43.9 39.7 26.9 24.1 24.1 24.1 24.1 24.1 24.1 38.6 50 59.4 73.5 72.9 70.2 72.6 75.2 84.7 71.9 63.7 53.1 37.6 39.4 41.4 41.7 43.5 51.1 48.5 48.9 51.3 54.4 59.8 58.7 59.6 61.4 63.5 67 67.7 67.6 70.6 70.2 72.6 78.2 81.8 77.6 74.4 73.7 73.8 75 74.5 75.1 73.8 73.9 75.7 75.4 77.8 80.4 85.6 90.4 96.9 102.1 106.1 111.3 117.3 123.6 129 135.1 141.5 148.9 156.8 164.9 172.6 179.7 185.1 193.2 200.4
63.9 67.3 73.2 73.1 73.7 71.6 66.7 61.3 56.6 52.6 45.7 24.1 24.1 24.1 24.1 24.1 24.1 34.9 59.7 74.5 84.1 82.2 74.5 73.5 73.8 76.6 70.4 63.2 53.1 41.1 38.7 42.5 40.5 41.9 51.3 46.3 51.8 55.2 56.3 57.3 58.2 58.4 59.1 58.2 57.7 59.7 61.7 61 62.5 65.6 69.4 71.8 73.9 68.7 68.5 71.2 73.3 71.3 72.3 70.2 68.9 71.2 71.2 68.8 68.8 73.5 81.7 87.9 91.5 96.8 99.1 102.1 106.9 110.6 116.5 121.1 131.2 139.7 151.5 164.6 174.5 182.8 191.5 199.2
73.3 73.4 77.2 79.4 83.1 83.8 76 67 58.8 57.6 49.5 34.1 29.1 24.4 24.1 24.1 24.1 39.2 60.1 84.1 85.9 86.9 82.6 77.1 75.1 69 65.1 56.3 51 47.8 44.9 39.6 40 43.1 48.9 47.1 50.1 55.2 56.3 56.8 57.8 57.8 56.6 55.6 53.9 54 55 51.9 53.4 54.1 59.2 66.1 65.4 62.6 62.1 63.7 62.9 63 67.4 65.9 63.8 63.7 65.8 66.1 64.2 65.7 68.6 73.5 80.1 86.4 89.7 94.5 95.1 94.7 94.9 99.6 107.5 116.8 133 144.8 156.8 168.7 179.4 191.2
77.6 79.5 82.3 85.7 87.6 88.9 87.4 73.8 63.6 58.6 54 41.7 39 30.5 24.1 24.1 24.1 35 57.9 79.8 86.6 88 83.9 79.6 76.1 62.6 59.6 50.8 48.2 45.4 46 58.6 51.1 41.7 46.2 49.2 55.9 62.3 58 57.1 55.6 54.4 53.6 54.5 52.2 50.8 52 47.7 47.7 51 52.9 55.9 58.2 58.4 59.6 60 58.9 58.5 57 55.4 57.3 57 57.8 57.8 61.5 59.4 63.3 68.1 70.5 70.4 73.7 78.8 83.5 82.3 81.4 82 85.4 96.3 108.4 125.6 137.3 153 160.9 173.2
80.3 81.2 85.5 87.2 88.5 90.1 89.5 79.9 74.5 62.4 55.2 46.9 41.7 29.9 25.8 24.1 25.8 33.3 44.7 68.5 78.7 84 80.7 75.3 68.8 66.1 63 52.5 46.6 46.5 65.2 64.6 58.7 57.7 41.2 52.3 51.8 63.9 73.7 67.6 54.9 53.7 52 50.5 47.7 47.7 47.7 47.7 47.7 47.7 47.7 49 51.4 52.8 54.7 60 59.5 57.7 55.2 50.7 47.7 47.7 49.2 49.1 50.2 52.9 56.9 62.9 66.1 65.4 66.8 69.9 74.3 76.2 74.9 75.5 76.2 81.7 92.1 107.2 124.4 138.9 152.1 164.8
87.7 84.2 85.9 91.2 89.3 89.1 89 86 80.1 66.7 59.2 51.4 43.1 32 25.8 29.2 39.8 45.9 45.6 58.8 70.3 72.4 73.2 72.7 74.1 75.6 60.8 49.2 47.5 55 69.4 75 68.5 64.9 51.5 48 52.4 59.8 66.1 76.1 61.9 54.4 51.4 50.3 47.7 47.7 47.7 47.7 47.7 47.7 47.7 47.7 47.7 47.7 47.7 47.7 47.7 55.7 47.7 47.7 47.7 47.7 47.7 47.7 47.7 47.7 52 55.1 56.8 59.2 60.5 66.2 69.6 69.9 72.4 72.3 71.5 73.5 83.3 93.7 104.8 121.8 138.7 155.3
87.8 85.1 85.6 86.2 89.2 89.4 89.2 84.9 79.9 71.1 66.3 59.4 45.5 34.9 30.5 36.8 53.4 48.9 52.9 67.7 74.4 68.6 67.8 67.6 67.2 65.6 64.1 55.3 59.8 78.9 81.6 80.6 81.7 69.3 54.7 48.2 45.5 54.3 56.5 54.7 64.7 56.1 52.3 47.7 47.7 47.7 47.7 47.7 47.7 47.7 47.7 47.7 47.7 47.7 47.7 47.7 47.7 47.7 47.7 47.7 47.7 47.7 47.7 47.7 47.7 47.7 47.7 47.7 51.5 54.1 56.1 60.5 64.6 65.2 65.3 69.4 66 68.1 74.8 85.3 96.8 108 122.3 136.1
86.8 85.1 85 84.9 86.1 90.5 92.9 88.6 83 73.3 68 63.8 55.3 41 37.2 35.4 48.5 51.7 66.1 60.8 69.6 68.8 66.8 65.5 63.5 63.2 61.1 73.5 83.6 84.1 79.2 84.1 77.2 69.9 60 57 48.1 47.9 54 54.6 47.7 52.9 47.7 50.1 47.7 47.7 47.7 47.7 47.7 47.7 47.7 47.7 47.7 47.7 47.7 47.7 47.7 47.7 47.7 47.7 47.7 47.7 47.7 47.7 47.7 47.7 47.7 47.7 47.7 47.7 50.5 54.8 57.6 60.6 63.6 64.1 63 63.8 64 69.6 81.6 92.5 109.1 119.1
86.1 83.8 84.3 83.8 84.4 87 96.1 91.7 89.4 82.7 69.7 64.6 60.6 49.4 36.6 34.5 43.1 55.5 78.7 70.5 71 68.2 68.3 67.2 62.7 61.4 62.6 85.3 86.2 82.2 78.4 78.5 78.8 76.2 68.1 61.8 51.5 55.2 49.9 53.2 52.6 47.7 49.4 47.7 47.7 47.7 47.7 47.7 47.7 47.7 47.7 47.7 47.7 47.7 47.7 47.7 47.7 47.7 47.7 47.7 47.7 47.7 47.7 47.7 47.7 47.7 47.7 47.7 47.7 47.7 47.7 47.7 49.1 56.6 58.8 61.5 58.7 60.1 59.8 60.8 68.3 81 94.7 108.1
87.2 82.8 82.9 82.5 82.4 82.6 88.9 89.2 87.6 79.7 75.4 69.4 61.9 51.9 38.9 40.8 44.3 59.6 76.9 70.3 70.8 69.2 78 70.9 63.5 63.2 69.6 83.6 84.5 84.3 83.2 81.3 79.8 78.7 74.8 69.4 54.6 55.3 56 48.7 53.2 47.7 47.7 48.3 47.7 47.7 47.7 47.7 47.7 47.7 47.7 47.7 47.7 47.7 47.7 47.7 47.7 47.7 47.7 47.7 47.7 47.7 47.7 47.7 47.7 47.7 47.7 47.7 47.7 47.7 47.7 47.7 47.7 47.7 54.6 54.8 52.6 54.3 58.7 58.3 62.6 64.5 77.6 95.5
91.6 87.2 85.3 82.1 81.4 81.6 84.6 87.6 83.7 75.4 71.9 68.8 60.8 51.2 41.6 41.1 47.5 65.9 69.3 71.8 75.6 84.8 82 74.6 68.4 68.3 80.9 86.9 85.7 84.9 84.5 86.4 86.7 83.2 80.7 77.6 69.5 61.5 57.5 53.1 48.7 47.7 47.7 47.7 47.7 47.7 47.7 47.7 47.7 47.7 47.7 47.7 47.7 47.7 47.7 47.7 47.7 47.7 47.7 47.7 47.7 47.7 47.7 47.7 47.7 47.7 47.7 47.7 47.7 47.7 47.7 47.7 47.7 47.7 47.7 47.7 47.7 47.7 49.9 55.7 59.5 61.7 65.7 76.9
100.6 98 92.2 85 81.6 81.4 82.7 86.6 75.5 73.8 69.6 64.1 58.1 51.3 46 39.7 45.9 61.8 69.2 79.5 84.2 82.9 79.2 75 74.2 85.6 92.3 96.9 91.2 86.8 84.3 83.8 83.4 84.4 82 80 72.5 68.2 65.8 65 55.7 47.7 47.7 47.7 47.7 47.7 47.7 47.7 47.7 47.7 47.7 47.7 47.7 47.7 47.7 47.7 47.7 47.7 47.7 47.7 47.7 47.7 47.7 47.7 47.7 47.7 47.7 47.7 47.7 47.7 47.7 47.7 47.7 47.7 47.7 47.7 47.7 47.7 47.7 52.5 59.7 61.2 66.7 68
109.4 103.4 101.4 95.7 87.7 83.5 79.7 75.6 75.9 75.2 74.2 71.4 64.7 57.6 56.1 44.8 48.2 65.6 85.2 89.4 91.8 82.7 77.7 80.6 92.7 104.7 99.2 95.3 90.6 89.5 88.8 85.7 83.8 80.8 80.3 77.4 73.4 70 66.7 64.3 63.8 58.7 47.7 47.7 47.7 47.7 47.7 47.7 47.7 47.7 47.7 47.7 47.7 47.7 47.7 47.7 47.7 47.7 47.7 47.7 47.7 47.7 47.7 47.7 47.7 47.7 47.7 47.7 47.7 47.7 47.7 47.7 47.7 47.7 47.7 47.7 47.7 47.7 47.7 50.1 53.9 59.9 64 70
123.1 117.2 106.2 102.6 97.5 87.8 81.6 79.1 80.8 80.6 81.5 79.3 70.7 59.7 51.1 48.6 51.5 68.9 84.1 93.2 85.8 83.6 90.6 100 103.7 103.8 98.9 97.4 92 89.7 87 84.4 81.8 79.9 77.7 74.1 72.8 70.8 66.4 61.5 58.6 50.3 47.7 47.7 47.7 47.7 47.7 47.7 47.7 47.7 47.7 47.7 47.7 47.7 47.7 47.7 47.7 47.7 47.7 47.7 47.7 47.7 47.7 47.7 47.7 47.7 47.7 47.7 47.7 47.7 47.7 47.7 47.7 47.7 47.7 47.7 47.7 47.7 47.7 51.8 53.9 55.6 60.5 64.9
129.6 124.3 114.8 104.3 103.4 105.8 105.5 101.9 99.1 96 91.7 88.1 79.6 64.1 50.5 56.9 58.3 63.6 80.1 91.4 106.2 100.3 100 120.6 113.5 105.5 100.3 99.7 100.8 96.7 89.7 82.5 80.6 79.3 75 72.8 70.3 68.8 63.7 59.8 55.5 52 47.7 47.7 47.7 47.7 47.7 47.7 47.7 47.7 47.7 47.7 47.7 47.7 47.7 47.7 47.7 47.7 47.7 47.7 47.7 47.7 47.7 47.7 47.7 47.7 47.7 47.7 47.7 47.7 47.7 47.7 47.7 47.7 47.7 47.7 47.7 47.7 47.7 47.7 47.7 52.1 55.3 61.1
