Assets/StreamingAssets/GeoData/Data/nc/NC03.asc
ncols 200
nrows 200
xllcorner 200000
yllcorner 930000
cellsize 50
[rows 114 to 151 of 200, columns 0 to 83 of 200]
-1.9 -1.9 -1.9 -1.9 -1.9 -1.9 -1.9 -1.9 -1.9 -1.9 -1.9 -1.9 -1.9 -1.9 -1.9 -1.9 -1.9 -1.9 1.2 78.6 89.8 97.9 105.5 115.2 118.3 118.1 119.8 120.4 121.7 120.6 118.2 116.7 119.1 121.8 122.4 116.2 113.4 111.2 108.8 102.9 99.2 97 96 95.3 95.6 95.9 63.2 11.4 1.2 -1.9 -1.9 -1.9 -1.9 -1.9 -1.9 -1.9 -1.9 -1.9 -1.9 -1.9 -1.9 -1.9 -1.9 -1.9 -1.9 -1.9 -1.9 -1.9 -1.9 -1.9 -1.9 -1.9 -1.9 -1.9 -1.9 -1.9 -1.9 -1.9 -1.9 -1.9 -1.9 -1.9 -1.9 -1.9
-1.9 -1.9 -1.9 -1.9 -1.9 -1.9 -1.9 -1.9 -1.9 -1.9 -1.9 -1.9 -1.9 -1.9 -1.9 5.8 28.5 0.9 70.8 80.4 95.1 107.1 115.2 118.3 120.6 120.9 123.4 123.2 124.9 120.9 116 113.4 117.6 120.7 115.4 112.2 110.5 109.9 109.1 106.2 99 96.9 97.1 97.2 95.7 93.2 89.7 68 2.3 0.2 -1.9 -1.9 -1.9 -0.9 -1.9 -1.9 -1.9 1 4.7 41.5 -1.9 -1.9 -1.9 -1.9 -1.9 -1.9 -1.9 -1.9 -1.9 -1.9 -1.9 -1.9 -1.9 -1.9 -1.9 -1.9 -1.9 -1.9 -1.9 -1.9 -1.9 -1.9 -1.9 -1.9
-1.9 -1.9 -1.9 -1.9 -1.9 -1.9 -1.9 -1.9 -1.9 -1.9 -1.9 -1.9 -1.9 -1.9 -1.9 7 36.4 58 69.5 86.6 100.7 111.2 115.8 121.3 122.3 122.4 126.4 128.7 128.9 120.9 114.5 111.8 111.3 112.1 112.3 110.7 110.1 109.8 109.2 107.1 99.6 97.4 96 94.7 93.5 90.3 83.5 66.1 13.9 1 -0.5 -0.3 0.4 1.3 1.6 2.1 5.4 19 62.9 70.5 47.9 11.9 48.6 15.1 -1.9 -1.9 -1.9 -1.9 -1.9 -1.9 -1.9 -1.9 -1.9 -1.9 -1.9 -1.9 -1.9 -1.9 -1.9 -1.9 -1.9 -1.9 -1.9 -1.9
-1.9 -1.9 -1.9 -1.9 -1.9 -1.9 -1.9 -1.9 -1.9 -1.9 -1.9 -1.9 -1.9 -1.9 -1.9 11.1 41.6 57.7 70.1 84.1 98.4 109.8 115.7 121.4 125.6 125.3 130.8 131.3 129.4 121.2 113.4 111.6 110.4 110.3 110.4 110.4 110.7 110.5 112.2 109.3 102.2 98.9 97.4 93.2 89.9 84.1 79.3 67.8 25.1 2.2 1.6 1.6 2.2 18.1 45 36.9 69.1 67.5 70.8 72.2 74.4 76.2 69 49.8 8.6 -1.9 -1.9 -1.9 -1.9 -1.9 -1.9 -1.9 -1.9 -1.9 -1.9 -1.9 -1.9 -1.9 -1.9 -1.9 -1.9 -1.9 -1.9 0.7
-1.9 -1.9 -1.9 -1.9 -1.9 -1.9 -1.9 -1.9 -1.9 -1.9 -1.9 -1.9 -1.9 -1.9 -1.9 3.5 43.9 61.9 71 82.9 95.5 105 112.1 120.2 124.7 124.3 130.1 131.9 129.6 120.2 112.7 111 110.2 110.1 110.2 110.4 113.1 115.5 115.8 112.6 104.9 100.8 97.8 91.7 85.9 79 76 66.5 60.9 63.7 37.6 60.2 61.3 64.7 68.9 71.8 70.6 69.6 73.5 75 74.3 74.4 69.1 62.4 57.4 2.1 -1.9 -1.9 -1.9 -1.9 -1.9 -1.9 2.3 2.2 -1.9 -1.9 -1.9 -1.9 -1.9 -1.9 -1.9 -1.9 2.6 2.3
-1.9 -1.9 -1.9 -1.9 -1.9 -1.9 -1.9 -1.9 -1.9 -1.9 -1.9 -1.9 -1.9 -1.9 -1.9 3.6 49.3 64.1 71.7 84.8 96.5 105.6 108.2 111.2 114.9 125.4 129.4 130.6 128.2 118.3 113.4 110.3 110.3 109.5 110.9 113.4 114.6 115.3 115.9 112.1 105.7 98.8 93.4 87.9 81.7 76.6 74.7 74 75.7 74.6 74.1 70.9 64.9 63.4 65.4 68.3 68.8 69.5 72.2 74.9 73.7 70.1 66.1 61.3 58.2 51.9 5.8 1.6 -1.9 -1.9 -1.9 -1.9 4.6 7 -1.9 -1.9 -1.9 -1.9 -1.9 -1.9 -1.9 0.5 2.6 8.2
-1.9 -1.9 -1.9 -1.9 -1.9 -1.9 -1.9 -1.9 -1.9 -1.9 -1.9 -1.9 -1.9 -1.9 -1.9 5.2 36.5 62.5 72.3 84.9 97.1 104.3 107.1 110.3 118.1 124.3 128.7 130.1 128.3 117.3 114.2 110.7 110.1 108.1 108.9 111.3 110.1 109.9 109.3 106 102.2 93.7 85.3 79.1 76 73.6 71.5 74.4 75 74 73.9 70.6 62.5 61 62 64.2 64.8 67.5 70.3 73.6 71.8 67.8 61.7 58.8 54.6 46.8 42.9 19 3 -1.9 -1.9 16.1 14.1 24.4 20.9 18 -1.9 -1.9 -1.9 -1.9 -1.9 5 11.1 9.4
-1.9 -1.9 -1.9 -1.9 -1.9 -1.9 -1.9 -1.9 -1.9 -1.9 -1.9 -1.9 -1.9 -1.9 -1.9 -0.9 13.1 56.3 72.4 85.1 95.6 99.7 106.2 110 118.1 124.9 126.9 124.8 121 115.1 113.7 111.4 109.9 105.5 103.5 104.2 102.3 99.7 98.7 96.6 91.7 83.6 77.3 74.5 72 70.3 69.7 73.7 73.4 71.5 69.9 67 60.4 58 57.6 58.1 61 63.7 66.2 68 65.2 62.9 59.3 56.7 53.1 46.7 42.3 40.4 37.2 31.7 28.5 25 22.7 27 30.2 31.3 30.1 28.8 25 18.5 18.8 16 14.6 14.6
-1.9 -1.9 -1.9 -1.9 -1.9 -1.9 -1.9 -1.9 -1.9 -1.9 -1.9 -1.9 -1.9 -1.9 -1.9 -1.9 1.8 29 69.6 81.5 91.7 101.4 106.3 110.4 115.1 121.4 123.5 122.3 118.5 113.3 112.8 112 109.7 106.9 101.2 96.4 96.1 92.4 91.3 88.9 83.7 77.5 73.4 70.9 68.8 67.3 68.4 69.8 68.9 66.1 63.7 61.2 57.7 55.7 54.1 54.4 56.8 59.2 60.8 60.9 59.6 57.7 57.7 56.8 54.9 47.6 43.9 39.2 37.2 32.5 33 32.1 29.6 35.1 35.1 33.8 33.5 29.7 24.3 20.7 17 13.4 11.5 -1.9
-1.9 -1.9 -1.9 -1.9 -1.9 -1.9 -1.9 -1.9 -1.9 -1.9 -1.9 -1.9 -1.9 -1.9 -1.9 -1.9 0.7 28.8 72.6 83.9 93.6 103.1 107.9 113.3 117.6 115.9 117.4 114.5 110 108.6 109.1 107.1 107.1 104.7 98.2 88.8 87.1 85.1 83.7 81.5 78.4 73.8 71.8 68.7 66.6 65.4 65.5 65.7 65 64.3 61.7 58.7 55.9 54.2 53.1 53.5 55.2 54.4 56.6 59.3 57 55.8 59.3 60.9 57.4 49.8 43.7 38.5 36.1 33.2 35 36.6 40.8 40.5 38.5 32.5 29.8 25 21 17.5 14.8 8.5 0.8 -1.9
-1.9 -1.9 -1.9 -1.9 -1.9 -1.9 -1.9 -1.9 -1.9 -1.9 -1.9 -1.9 -1.9 -1.9 -1.9 -1.9 2.5 40 77.1 87.8 93 97.7 104.4 112 114.9 117.4 111.2 106.5 99.7 98.9 100.2 100.9 98.2 97.4 90.2 86.4 85.4 84.2 83 80.9 79.1 75.2 70.2 66.9 64.2 63.5 64.1 63.6 64.1 62.6 60.9 58.2 54.9 53.3 52.6 53.3 54.8 54.3 53 57 55.6 53.8 58.9 57.5 54.2 47.3 42.3 39.5 36.5 34.8 35.4 40 43 40.5 37.4 31 25.6 20 16.7 13.8 11 3 1.7 -1.9
-1.9 -1.9 -1.9 -1.9 -1.9 -1.9 -1.9 -1.9 -1.9 -1.9 -1.9 -1.9 -1.9 -1.9 -1.9 -1.9 54.7 70.2 77.8 84.5 88.1 92 97.8 103.7 104.2 107.3 99.5 95.7 91.6 91.2 92.3 94.3 94.5 90.7 87 85.1 84.5 83.4 83.7 81.2 78.8 74.8 69.5 64.7 62 62.1 62.5 61 59.7 59.1 57.4 56.1 54.9 54.2 52.3 53.2 54.8 54.8 54.1 54.9 54 52.9 53.2 52.4 51 45.5 42.4 40.2 35.7 36.2 37.6 42.2 38.5 33.7 26.7 22.2 18.9 15.9 12.3 10 9.2 2.2 -1.9 -1.9
-1.9 -1.9 -1.9 -1.9 -1.9 -1.9 -1.9 -1.9 -1.9 -1.9 -1.9 -1.9 -1.9 -1.9 -1.9 20.1 60.9 71.6 74.4 77.2 81.6 89.8 95.8 91.8 93.8 91.1 90.1 90 90 90 90.2 90.5 89.8 87.8 87 84.9 83.7 83.4 82.7 81.5 78.6 72.6 66.7 61.9 60 59.9 59.3 58.5 57.4 57.8 56.8 56.1 55.3 53.6 52.3 51.5 54.8 54.7 54.2 51.8 51.2 50.5 50.1 51.1 47.4 43.8 38.5 36 34.7 34.1 37.7 35.1 31.3 26 21.8 18.4 15.6 12.3 9.6 8.4 5.6 0.4 -1.9 -1.9
-1.9 -1.9 -1.9 -1.9 -1.9 -1.9 -1.9 -1.9 -1.9 -1.9 -1.9 -1.9 -1.9 -1.9 2 30.4 62.7 71.8 71.8 73.5 76.3 81.2 89.4 86.9 93.3 96.1 95.9 93.7 94.2 92.2 90.4 90.5 89.8 87.7 87.6 85.3 84.3 83.3 82.3 81.3 76.5 69.9 64 59 57.4 57.3 56.3 57.1 56.7 57.6 57.3 56.7 56.8 55.1 52.8 51.8 51.3 50.8 51.1 50.7 50 49.5 48.6 48.7 46.8 39.4 36.3 34.9 33.9 33.6 32.8 31.3 27.7 24.6 20.2 16.1 13.1 11.3 8.9 8.3 4.1 0.4 -1.9 -1.9
-1.9 -1.9 -1.9 -1.9 -1.9 -1.9 -1.9 -1.9 -1.9 -1.9 -1.9 -1.9 -1.9 -1.9 -1.9 27.7 60.6 70.2 70.6 68.6 66.6 72.8 85.1 89.6 89.9 95.1 98.8 100.9 96.9 94.3 91 90.2 89.8 88.6 87.2 85.8 84.9 84.2 82.7 79.4 71.5 66.1 61 56.4 55.2 55.8 56.2 56.2 56.3 57.4 57.2 57.1 58.9 56.8 52.1 51.6 51.2 51.1 51 50.8 50.9 49.5 49.7 49.3 44.7 38.2 35.7 34.4 33.9 32.5 31.8 30.6 25.3 20.8 17.4 13.5 11.1 9.6 8.5 7.9 2 0.2 -1.9 -1.9
-1.9 -1.9 -1.9 -1.9 -1.9 -1.9 -1.9 -1.9 -1.9 -1.9 -1.9 -1.9 -1.9 -1.9 1.7 34.1 56.6 64.3 54 66.2 71.2 79.3 82.4 85 92.7 99.2 106.3 103.7 102.8 99.7 97.7 95.9 91.4 91.6 90 88.2 88.3 87.7 83.6 78.4 69.7 64.9 59.8 54.2 54.8 54.8 54.8 55.8 56.8 59.5 58.9 59.2 58.7 56.4 52.7 53.2 51.6 51.2 51.2 51.2 51.4 50.4 50.2 49.2 43.6 37.4 35.2 34.5 34.2 32.9 30.9 27.6 22.6 17.9 13.9 11.8 10.3 9.8 8.9 8.2 1.7 0.2 -1.9 -1.9
-1.9 -1.9 -1.9 -1.9 -1.9 -1.9 -1.9 -1.9 -1.9 -1.9 -1.9 -1.9 -1.9 -1.9 -1.9 1.7 33 60.8 67.9 66.8 76.2 85 85.7 87.7 89.1 92.2 99 105.1 104.4 104.3 100.3 99.5 99 95.6 93.5 91.1 89.5 88.1 84.2 78 73.1 65.1 57 54.8 54.8 54.8 54.8 54.9 56.4 59.7 60.7 61.7 59.9 59.8 58.8 57.8 56.6 54.1 54.9 53.8 51.6 50.8 49.1 46.9 41.7 37.1 34.9 33.9 33.4 32.3 30 24.7 19.7 15.1 11.8 11 9.5 9.9 8.8 5.4 1.4 0 -1.9 -1.9
-1.9 -1.9 -1.9 -1.9 -1.9 -1.9 -1.9 -1.9 -1.9 -1.9 -1.9 -1.9 -1.9 -1.9 -1.9 1.4 36.5 68.5 71.9 71.2 73.5 86.5 89.4 88.1 89.5 89.2 94.2 99.1 104.4 108.9 114.9 106.5 104 98.9 96.1 92.9 89.5 87.8 85.7 82.2 77.7 69.4 60.4 54.8 54.8 54.8 54.8 54.8 54.6 58 61.2 62.5 63.9 64.5 64.8 64.7 65.1 61.4 57.2 56 54.6 54.1 50.2 46.4 44.3 37.6 34.6 33.3 32.4 31.5 28.4 22.7 16.9 12 10.3 9.3 8.6 9.5 8.3 2.2 0.9 -0.4 -1.9 -1.9
-1.9 -1.9 -1.9 -1.9 -1.9 -1.9 -1.9 -1.9 -1.9 -1.9 -1.9 -1.9 -1.9 -1.9 -1.9 12.9 69.1 71.4 72.8 73.3 82.3 86.7 90.7 89.1 90.8 89.9 92.9 94.4 98.5 108.6 119 116.5 106.5 101.3 98.2 94.5 91 89.1 88.2 84.6 79.9 72.8 63.1 55.2 54.8 54.8 54.8 54.8 54.8 56.5 61.1 65 64.7 67.2 69.6 70.2 69.8 65.6 62.6 57.5 56.5 55.6 52.1 46.5 45.9 40.2 35.2 33.2 31.7 28.7 25.4 19.9 15 12.3 9.8 7.8 7.4 7.3 7.6 1.8 0.4 -0.9 -1.9 -1.9
-1.9 -1.9 -1.9 -1.9 -1.9 -1.9 -1.9 -1.9 -1.9 -1.9 -1.9 -1.9 0.9 -1.9 8.7 68.7 71.9 72.1 73.9 77.2 83.2 90.5 88.9 89.4 92.1 92 92.9 93.1 95.9 102.3 107.2 111.2 106.6 104.3 101.3 98.6 93.5 91.7 89.9 85.9 80.8 74.5 65.5 59.3 54.8 54.8 54.8 54.8 54.8 55.4 59.1 62.4 65.5 67.4 70.9 74.1 72.6 70.3 67.1 61.2 58.7 57 53.2 47.7 45.8 41.7 37.4 34.6 31.4 27.8 22.1 17.7 15 12.8 9.9 8.2 6.7 5.8 5.9 1.4 -0.1 -1.9 -1.9 -1.9
-1.9 -1.9 -1.9 -1.9 -1.9 -1.9 -1.9 -1.9 -1.9 -1.9 -1.9 -1.9 -1.9 12.3 65.9 72.7 73.9 74.2 74.8 80.7 85.9 90.6 88.7 89.3 93.8 95.1 93.2 92.6 93.2 96.9 100.3 104.5 107.3 106.7 102.8 99.1 95.8 93.3 90.2 86 82.3 77.1 69.9 63.4 54.9 54.8 54.8 54.8 54.8 55.5 57.8 62.1 65.6 67.6 71 72.6 70.7 73 67.5 66.6 64.8 61.4 58 52.2 46.6 44 38.2 33.1 28.6 24.7 20.4 16.9 13.7 11.6 10.6 7.4 6.1 -1.1 1.6 -0.1 -1.9 -1.9 -1.9 -1.9
-1.9 -1.9 -1.9 -1.9 -1.9 -1.9 -1.9 -1.9 -1.9 -1.9 -1.9 -1.9 2.3 40.6 69.3 72.3 75.3 78.6 76.5 81.5 85.8 89.8 88.3 89.1 94.8 94.7 91.4 90.3 91 93.1 97.9 103 107.5 106.7 102.1 98.1 95.3 92.6 88.9 84 82.7 80.3 75.9 68.1 60.3 54.8 54.8 54.8 54.8 54 56.3 58.9 60.4 64.7 70.6 69.3 70.5 71.3 67.1 65.9 65.4 63.3 59 54 49 41.6 34.6 30.7 27.4 23.5 19.2 15.5 13.1 11.2 10.5 6.8 3.1 0.1 -0.8 -1.9 -1.9 -1.9 -1.9 -1.9
-1.9 -1.9 -1.9 -1.9 -1.9 -1.9 -1.9 -1.9 -1.9 -1.9 -1.9 2.6 52.4 73.1 72.1 73.6 77.3 76.9 77.8 83.1 85.3 87.1 88.5 87.3 89.8 89.3 86.6 88.2 90 95.8 99.1 103.3 107.2 111 107.1 98.1 93.6 91.1 87.1 81.9 80.6 78.8 74 70.2 65 54.8 54.8 54.8 54.8 54.8 55.8 57.6 59.1 61.9 64.2 65.5 67.2 66.3 64.6 65.6 65.9 62.1 58.6 52.5 46.2 40.1 34 31.1 27.5 23.2 17.9 15.3 13.6 12.6 14.4 9.3 3 1.1 -0.2 -1.9 -1.9 -1.9 -1.9 -1.9
-1.9 -1.9 -1.9 -1.9 -1.9 -1.9 -1.9 -1.9 -1.9 -1.9 -1.9 2.6 63.5 71.7 71 72.9 76.2 79.6 81 84.3 85.4 86.6 87.1 86.2 83.1 81.2 80 80.9 85.6 94.5 97.6 102 104.4 108.1 105.4 93.5 88.6 86.2 83.5 80.5 79.8 77.3 74.5 70.7 66.8 59.1 54.8 54.8 54.8 54.8 54.8 55 57.1 59.6 62 64.2 66.7 65.5 62.4 63 62 60.7 56.1 50.3 45.8 40 34.2 31.4 28.1 23.3 18.7 15.8 14 12.9 13.4 12.2 6.2 1.4 0 -1.9 -1.9 -1.9 -1.9 -1.9
-1.9 -1.9 -1.9 -1.9 -1.9 -1.9 2 -1.9 -1.9 -1.9 -1.9 6.7 68.2 69 71.3 72.5 74.4 78.5 80.8 84 86.7 84.9 84.8 83.1 78.5 76 75.4 75.8 81.2 89.2 93.9 97.3 102.1 104.5 96.4 89.9 85.7 83.6 82.2 80.3 80.3 80.9 76.2 72.4 68.9 62.9 54.8 54.8 54.8 54.8 54.8 54.8 56.6 58.6 58.7 60.3 63 61.4 61.9 60.9 61.6 61.3 56.6 48.3 49.5 41.6 33.6 30.6 26.6 22.6 18.5 16.3 15.1 15.5 14.9 14.5 11.8 2.3 1.7 1.3 1.7 2.1 3.2 3.3
-1.9 -1.9 -1.9 -1.9 -1.9 1.9 2.3 46.7 1.6 0.8 2.4 52.9 63.9 68.4 70.8 72.7 76.1 78.7 80 82.7 84.8 82.8 83.7 79.8 77.9 75.5 75.1 75.3 77.2 81.9 87.6 91.1 95.4 97.2 88.6 82.9 80.9 82 80 79.5 80.4 81.4 74.6 73.3 70 63.7 54.8 54.8 54.8 54.8 54.8 54.8 54.3 56.3 56.3 58.1 60.9 60.4 60.7 60.9 62 63.4 60.5 53.7 52.2 44.7 38.1 35.5 30.7 24.3 18.7 16.8 15.7 17 18.1 20.3 24.3 24.2 10.1 9.7 14.7 16 17.9 15.6
-1.9 -1.9 -1.9 -1.9 -1.9 4 39.2 51.3 34.2 8.9 41.2 54.9 61.1 65.4 70.4 75.5 80.3 77.7 77.6 82.2 83.4 83 82.2 78.3 76.5 75.5 75.1 75.3 77.2 78.5 81 82.9 83.6 83.1 81.3 77.8 77.6 79.1 79.8 78.8 78.9 76.6 73.7 72 68.6 63 56.3 54.8 54.8 54.8 54.8 54.8 54.8 54.8 54.1 57.1 58.2 58.9 60.8 64.6 64.1 66.6 63.1 59.6 55.1 49.8 44.6 40.2 35.6 29.1 23.2 18.4 16 16.4 15.5 14 13.2 13.5 13.1 14.1 20 22.8 22.8 16.5
-1.9 -1.9 -1.9 -1.9 -1.9 1.6 37.6 47.6 32.4 29.2 45.7 53.4 60.2 64.7 68.2 76.8 76.8 73.4 74.6 78 80.6 81.3 79.2 75.9 72.1 71.2 70.8 73.8 76.2 76.9 76.6 75.4 76.7 76.5 75.1 75.4 76 78.7 80.3 77.5 76.3 75.9 73.7 70.1 69.8 64 57.9 54.8 54.8 54.8 54.8 54.8 54.8 54.8 54.8 57.6 58.4 58.3 62.7 66 65.6 65.9 64.6 61.9 58.5 54.6 48.1 43.3 39.6 32.3 24.3 18 15.6 14.3 13.4 12.8 12.7 12.4 11.9 15.4 20.4 24.5 26 20.2
-1.9 -1.9 -1.9 -1.9 -1.9 -1.9 27.5 47.3 28.9 30.8 46.1 52.5 59.1 62.8 67.3 74.2 71 70.9 72.1 73.2 75.2 76.4 76.6 71.6 69.4 69.3 68.6 69.3 66.4 66.3 66.7 68 70.2 70.7 71.9 71.7 75.1 78.3 79.1 76.4 75.1 72.5 70 66.2 63.2 59.7 56.9 54.8 54.8 54.8 54.8 54.8 54.8 54.8 54.8 56.3 56.8 58.5 62.7 67.4 68.4 67.6 64.8 63.4 61.9 57.5 55.6 50.9 48.2 41.2 33.3 24.8 17.2 15.9 14.8 14.2 13.6 13.3 13.9 15.8 22 27.1 21.9 19.3
-1.9 -1.9 -1.9 -1.9 -1.9 -1.9 -1.9 34.4 30.5 33.8 44.1 51 56.8 60.1 67.5 67.5 66 67.1 69.1 70.3 71.8 74.6 73 70.2 68.4 67.6 66.9 66.6 65.6 62.2 63.3 64.8 65.6 67.6 68.6 70.3 72 76.4 77.3 75.5 74.1 70.7 67.1 64 60.5 58 55.4 54.8 54.8 54.8 54.8 54.8 54.8 54.8 54.8 54.8 56.5 60.4 63.6 67.8 68.3 66.8 66.7 66.2 63.4 60.9 57.6 56 51.9 47.3 41.1 29.9 18.9 18 17.5 18.4 15.7 15 17 19.2 19.4 18.9 18.4 19.4
-1.9 -1.9 -1.9 -1.9 -1.9 -1.9 -1.9 19.8 30.3 34.8 40.5 47.1 53.4 57.4 61.9 62.3 63.5 64.9 68.2 68.8 71.7 71.8 70.1 69.5 67.8 65.8 65 63.1 60.9 61.3 62.6 60.8 62.2 65.6 66.8 68.1 69.2 71.6 73.1 74.1 73.8 71.2 68.4 63.6 59.7 57.1 54.8 54.8 54.8 54.8 54.8 54.8 54.8 54.8 54.8 54.8 57.2 59.5 62.1 65.6 67.1 68.6 70 70.2 68.6 63.9 61 59.2 56.1 52.2 44 32.5 24.3 22.7 22.9 19.8 17 17.2 20.5 24.4 20.9 18.2 19.3 25.7
-1.9 -1.9 -1.9 -1.9 -1.9 -1.9 -1.9 2.2 25.3 35 39.3 43 49.1 53.1 58.1 60.9 62.1 64.3 67.2 68.6 70.5 71.6 71.3 68.9 66.5 64.3 63.1 63.1 60.8 59.3 58.4 58.5 59 61.6 63.8 64.9 66.4 67.6 70.2 73.2 73 71.4 67.1 61.2 58.5 56.2 54.8 54.8 54.8 54.8 54.8 54.8 54.8 54.8 54.8 54.4 55.8 57.3 60.7 66.1 68.2 71.8 72.4 72.2 68.3 61.5 60.9 60.4 57.7 55.1 48.7 40.7 35.5 28.9 23.3 20.4 20.1 21.1 21.5 21.9 20.1 21.6 27.1 34.9
-1.9 -1.9 -1.9 -1.9 -1.9 -1.9 5.1 3.6 26.4 32.7 42.9 44.9 48.8 53 55 59 62.5 66.7 68.7 70.9 71.8 71.1 72 70 66.1 63.9 61.9 60.2 58.4 57.3 56.3 55.4 56.2 58.9 60.3 61.4 65.5 66.9 68.6 70.5 70.2 68.5 65.7 57.5 56.9 55 54.8 54.8 54.8 54.8 54.8 54.8 54.8 54.8 54.8 54.8 54.8 57.8 62 66.1 69.4 72.3 74.2 74.5 70.3 63.5 63.8 62.3 57 57.7 51.2 47.6 39.8 31.4 24.8 24.1 24.4 21.4 21.6 20.8 20.2 23.3 35.3 40.6
-1.9 -1.9 -1.9 -1.9 -1.9 -1.9 20.7 24.3 28.1 30.5 40.3 44.2 47.2 52.3 55.7 61.1 63.6 69.4 72 75.5 74.4 72.8 72.5 69.5 65.6 64.5 61.1 59.6 57 54.9 54 53.1 53.2 55.4 55.9 59.3 61.1 65.1 66.5 66.8 66.9 66.2 60.3 54.4 53.3 54.8 54.8 54.8 54.8 54.8 54.8 54.8 54.8 54.8 54.8 54.1 55 57.5 61 65.6 69.8 73.9 76.2 78 74.3 71.2 68.2 66.7 57.7 53.3 51.1 45.9 38.7 33.5 26 24.8 24.3 22.6 22.2 21.9 21.7 34.8 37.9 43
-1.9 -1.9 -1.9 -1.9 -1.9 6.8 23.7 25.5 28.9 30.5 35.7 40.5 43.4 51.4 56 60.2 64.6 71.5 73 73.2 76.6 74.3 72.2 67.7 64.4 63.7 59.5 56.7 55.6 53.6 51.6 50.8 50.4 51.6 52.7 54 56.8 60.6 61.6 60.1 62.2 61 55.5 51.4 56.1 54.8 54.8 54.8 54.8 54.8 54.8 54.8 54.8 54.8 54.8 54.8 55.6 59.1 63.3 65.7 69.9 72 74.6 76.1 74.5 72.4 70.6 65.1 57 53 49.3 43.1 38.4 35.8 30.5 26.5 25.5 26.2 24 25.3 29.6 36.2 43.5 47.7
-1.9 -1.9 -1.9 -1.9 -1.9 5 22.3 19.2 25.4 28.2 33.1 36.2 39.1 48.3 56.1 63.6 66.7 69 70.2 73.6 75.2 73.8 69.8 64.4 62.1 60.7 58 54.9 53.8 51.9 49.6 49.3 49.1 49.1 50.7 52.1 52.3 55 57.4 58.2 58.3 56.7 50.3 54 54.6 54.8 54.9 54.8 54.8 54.8 54.8 54.1 54.4 56 56.5 56.4 58.3 60.9 63.4 67.5 71.1 72.9 75.5 76.4 75.9 76.4 68.9 64.1 59.7 54.7 49 43 40 39.4 40.3 34.6 28.6 34.4 42 38.8 37.3 45.2 49.2 49.8
-1.9 -1.9 -1.9 -1.9 -1.9 5.5 2.4 1.8 14.2 24 25.7 30.3 32.1 43.3 53.2 58.8 60.7 63.2 64.8 69.1 72 69.6 64.5 57.4 58.5 54.7 52.6 50.4 50.5 48.2 47.4 47.8 47.4 48.9 49.4 49.3 50.3 51.8 53.4 54.4 52.8 48.3 52.1 56.8 55.4 58.2 55.2 54.8 54.8 53.9 55.5 56.6 57.2 58.6 58.3 58.6 60.5 62.1 66 71.1 74.2 77.4 78.3 80 81.1 80.4 70.7 62.9 59.3 55.3 55.7 48.1 45.6 41.9 44.4 38.1 36.6 37 41.6 46.5 48.8 45.4 48.8 57.2
-1.9 -1.9 -1.9 -1.9 -1.9 -1.9 -1.9 -1.9 2.4 19.9 19.4 21 23.5 30.8 41.3 52.2 57.3 58.1 54 56.1 58.7 55.6 53.6 46.4 49.3 48.1 46.6 46.3 46 44.5 45.2 45.3 46.3 47.1 48.2 49.1 48.5 49.5 51.1 51.7 48.8 46.5 51.6 57.1 57.7 56.3 57 56 58 61.2 62.3 59.1 59.1 59.7 60.3 62.1 64.5 68.4 72.7 75.7 78.6 80.8 83.2 85.7 86.4 82.7 70.4 63.2 58.3 53.3 51.9 47.5 46.3 46.9 46.9 43.3 40.7 40.1 47.7 55.2 54.1 53.7 59.6 64.2
