Assets/StreamingAssets/GeoData/Data/nc/NC10.asc
ncols 200
nrows 200
xllcorner 210000
yllcorner 900000
cellsize 50
[rows 35 to 69 of 200, columns 0 to 78 of 200]
125 126.9 126.1 124.3 124.3 124.6 124.1 123.8 122.2 122.2 122.4 123.9 125.2 125 124.5 122.5 122.2 123.9 123.8 127.7 131.4 133.9 139.1 144.2 148.5 149.1 146.4 152.4 144.3 138.8 143.8 146.1 141.9 131.1 128.8 126.3 117 105.2 92.3 65.3 51.4 51.4 51.4 51.4 51.4 51.4 51.4 51.4 51.4 51.4 51.4 51.4 51.4 51.4 51.4 51.4 51.4 65 86.8 97.7 104.6 111.2 118.3 126.2 146 165.3 194.8 205.3 230.7 254.8 278.6 299.6 319.9 353.6 406.3 446.6 479.8 506.4 540.4
125.9 126.9 127.4 129.7 130.4 131.1 133.5 135 135.4 134.6 134 133.6 133.6 132.8 136.7 136.7 135.2 133.2 134.3 137.7 155 159.8 158.8 149.4 152.5 160.8 161.6 162.1 157.7 154.8 150.6 145.1 140.6 134.4 127.3 121.5 114.1 104 92.9 72.3 51.4 51.4 51.4 51.4 51.4 51.4 51.4 51.4 51.4 51.4 51.4 51.4 51.4 51.4 51.4 51.4 51.4 58.3 81.5 85.8 98.3 106.6 113.3 122 141.8 155.6 183.9 197.6 213.7 241.9 262.7 287.3 305.8 334.9 377.8 440.7 472.1 482.8 501
130.7 131.4 132.4 134.4 137.8 141.9 142.3 142.7 142.4 141.8 144.6 143.4 143.2 150.9 155 154.6 155.9 163.3 166.5 163.6 167.6 170.1 169.2 164.9 169.9 170.9 186.1 187.2 178.2 164 145.1 139.8 133.4 128.9 123.3 118.9 110.6 97.7 90.6 75.1 51.4 51.4 51.4 51.4 51.4 51.4 51.4 51.4 51.4 51.4 51.4 51.4 51.4 51.4 51.4 51.4 51.4 62.7 75.6 77.9 93.2 97.2 106.3 118 132 147.8 171 184 206.1 233.1 250.2 269.2 297.2 320.2 363.5 417.9 446.7 456.6 473.5
136.1 138.6 145 148.4 151.7 159.1 160.9 162 163.7 166.1 169.6 161.7 161.5 162.4 168.5 175.8 176.5 175.3 173.4 172.9 169.6 170.6 169.6 171.3 192 205.7 211 202.1 187.5 176.2 161.6 145.2 130.9 125.6 115.3 109.7 104.4 96.6 87.2 73.3 65.7 51.4 56 55.8 58.5 51.4 51.4 51.4 51.4 51.4 51.4 51.4 51.4 51.4 51.4 51.4 51.4 58.6 72.9 76.5 85.7 91.3 97.2 111.3 125.8 142.7 155.4 168.6 192.6 220.8 235.6 251.2 278.1 311.9 378.9 410.8 424.3 435.8 455.9
150.9 161.6 169.6 177.4 187.3 194.3 193.5 190.8 191.6 191.8 189 183.6 179.7 181.2 180.9 181.9 180.8 177.2 174.1 173.3 172.5 174.3 178.1 188.7 207.6 219.7 219.1 213.6 197.7 185.8 166.9 151.3 140.2 135.8 125.1 118.4 108.8 107.8 100 73.2 68.5 66.7 64.1 62.8 53.7 51.4 51.4 51.4 51.4 51.4 51.4 51.4 51.4 51.4 51.4 51.4 58.2 57 62.2 68.5 73.8 83.4 87.4 97.8 123.9 140.1 146.7 158.4 196.5 209.3 226.7 241 262.5 298.3 372.9 389.1 409.3 424.3 449.8
173.4 182.1 186.9 185.4 188.9 195.3 197.2 194.5 193.3 189.8 187.4 186.2 189.7 185.2 182.6 181 182 183.2 180.7 184.3 190.3 192.7 194 202.3 222.3 228.9 225.3 217 203.2 189.9 176.2 156.6 152.1 143.3 133.7 125.6 131.1 121.3 107.5 75 72.4 72.3 74.2 64.7 51.4 51.4 51.4 51.4 51.4 51.4 51.4 51.4 51.4 51.4 51.4 51.4 51.4 56.8 52.4 63.7 71 79.3 82.5 88.7 117.5 131.1 138.4 147.2 183.8 203 214.2 228.1 249.7 283.9 328.4 350.6 409.5 432.3 467
189.8 190.1 194.6 197.4 197.1 196.5 194.5 193.3 190.9 190.3 190.3 185.9 184.1 183.1 182.9 185.6 190.4 192.8 196.1 202.3 199.8 197 197.8 207.6 224.7 228.1 231.8 222.4 210 200 190.5 173.1 158.4 150.7 148.3 137.9 135.2 128.6 108.2 77.9 71.1 79.8 76.6 68.5 51.4 51.4 51.4 51.4 51.4 51.4 51.4 51.4 51.4 51.4 51.4 51.4 51.4 51.4 51.4 59.7 70.2 71.1 78.4 83.4 98.9 115.6 131.9 139.6 170.3 187 202.6 224.6 242 276.6 324.6 378.8 421.8 457.1 480.5
198.1 198.2 197.8 196.3 195.5 196.2 195.5 195.2 193.9 190.4 186.9 184.2 183.6 184 184.5 187 192.2 202 207.4 219 219.5 216.4 220.3 229.9 240.8 241.2 235.5 232.1 239.6 232 214.3 206.5 197.4 170.8 155.5 154 142.4 131.1 113.7 81.3 77.4 80 77.2 70.1 62 51.4 51.4 51.4 51.4 51.4 51.4 51.4 51.4 51.4 51.4 51.4 51.4 51.4 51.4 55 66.3 69.4 74.3 76 90.9 107.3 121.1 133.3 150 172.7 190.1 215.2 251.5 286.1 345.5 410.4 438 453.5 468.7
200.7 202.4 206.1 209.2 214.4 208.1 209.4 207.5 203.6 201.2 196.6 191.9 191.4 199.6 202.1 207.4 211.9 222.5 230.4 247 252.4 246.7 248.2 257.2 262.6 269.1 261.6 260.8 257.4 247.2 238.8 222.1 201.8 188.7 174.4 169.3 165 146 109.9 86.5 80.9 82.4 78.7 71.5 66.3 56 51.4 51.4 51.4 51.4 51.4 51.4 51.4 51.4 51.4 51.4 51.4 51.4 51.4 51.4 62.9 66.6 70.8 73.3 79.8 96.4 109.2 130 153.1 179.8 195.5 209.9 241.4 307.6 353.2 397.8 411.5 434.7 448.9
229.6 234.8 251.5 254.2 254.5 250.5 241.4 234.8 226.8 222.6 218.6 224.2 229.7 237 240.9 268.9 267.2 276.6 280.5 288.6 286.2 281.5 295.4 323.6 319.9 312.3 306 292.6 282.2 271.4 253.8 229.4 206 196.8 191.4 183.5 164.8 152.5 106.6 88.8 82.3 83.7 80.2 72.8 64.3 62.1 56 51.4 51.4 51.4 51.4 51.4 51.4 51.4 51.4 51.4 51.4 51.4 51.4 51.4 51.4 63.2 65.7 71.4 80.8 90.6 106.4 124 150.9 176.4 193.5 205.5 233.6 297.6 342.3 363.9 384.5 399.7 415
263.9 268.1 275.7 276.5 274.7 272.7 265.4 255.7 254.8 253.9 254.1 258.1 266.3 270.6 298.3 322 327.6 329 329.7 325.5 320.1 338.2 340.9 358.2 345.4 333.4 323.4 308.7 297.2 287.2 270.2 239.1 213.5 198.8 198.6 184.7 172.1 150 108.9 91.2 85.7 85 82.7 77.7 71 70.3 62 51.4 51.4 51.4 51.4 51.4 51.4 51.4 51.4 51.4 51.4 51.4 51.4 51.4 51.4 51.4 59.6 67.6 75.2 88 105.6 115.7 144 168.5 182.5 200.6 224 277.7 328.1 354.2 362 373.3 375.3
276.7 283.4 300.4 308 303 289.6 281.6 280.1 290.4 292.7 317.2 345.3 360.6 370.6 383 394.6 382.2 385.5 372.1 366.3 383.2 411.5 424.4 417.5 407.7 385.9 348.1 331 311.4 295.1 277.2 242.5 219.3 205.9 197 186.6 174.1 143.8 111.8 94.2 92.5 86.8 82.3 79.4 76 70.5 65.9 57.8 51.4 51.4 51.4 51.4 51.4 51.4 51.4 51.4 51.4 51.4 51.4 51.4 51.4 51.4 53.7 62.5 75.9 84.8 101.8 109.6 125.9 156.2 169.1 198 221 266 301.7 335 340.9 345 345.1
284.3 304.5 317.3 322.2 321.8 319.4 323 323.8 329.1 339.6 364.4 410.3 413.1 429 462.5 465.8 456.5 452.5 435.1 420.7 444.2 448.1 453.5 455.1 436 407.7 391.1 356.7 329.1 297.6 278.4 246.1 224 209 199.1 185.2 173.5 147.8 121.9 101.7 97.9 90.5 82.9 81 78.1 75.9 67.7 60.2 51.4 51.4 51.4 51.4 51.4 51.4 51.4 51.4 51.4 51.4 51.4 51.4 51.4 51.4 51.4 65.1 81.5 83.8 89.6 98.8 114.3 137.6 151.4 180.4 212.1 262.1 281.2 306.1 328.4 328.8 323.1
293.2 317.2 332.6 349.1 355.2 364.3 366.4 372.7 371.5 384 435.5 463.1 475.9 493.9 512.4 505.6 495.6 495 496.3 492.5 492.9 496.6 504.7 491.5 454.4 420.5 401.5 375 349 312.1 277.8 251 229.2 217 197.8 183 168.8 146 129.5 112.8 99.4 93.8 82.8 80.8 79.4 73.6 68 59.6 51.4 51.4 51.4 51.4 51.4 51.4 51.4 51.4 51.4 51.4 51.4 51.4 51.4 51.4 51.4 66.8 79.1 82.4 84.4 93.2 104.4 121.2 138.7 168 204.4 252.3 266 288.2 307.9 320.3 315.2
289.3 312.6 337.2 360 378.5 392.5 406.1 419.8 434.4 454.9 472.9 507.6 531.5 546.5 543.5 555.2 554.6 555.4 529.5 531.6 557.8 569.9 542.3 513.4 487.1 454.6 413 387.5 356.2 327.4 283.8 251.1 238.4 220 204.3 184.1 168.7 147.7 141 121.6 102.3 93.7 84.8 79.3 78.3 72.2 66.4 59.2 56.4 51.4 51.4 51.4 51.4 51.4 51.4 51.4 51.4 51.4 51.4 51.4 51.4 51.4 51.4 61.6 74.8 79.2 81.8 88 101.5 113.6 125.5 148.8 183.8 233.4 251.1 269.4 287.3 298.2 297.2
292.4 313.8 334.9 354.8 369.4 384.6 399.9 413.6 440.5 461.6 496.4 541 558 539.7 543.9 547.4 551.1 565.6 583 578.9 585.5 567.9 535.1 507.2 481.3 456.8 429.7 390.7 361.8 336.5 281.4 252.9 236.7 219.8 204.5 181.1 167.2 148.9 146 132.1 111.9 96.4 87 80.8 76.4 72.1 65.9 59.8 55.8 53.2 51.4 51.4 51.4 51.4 51.4 51.4 51.4 51.4 51.4 51.4 51.4 51.4 51.4 51.4 65.9 72.8 81.3 85.5 95.9 104.8 109.9 139.7 165.4 211 233 243.8 258.8 267 274.9
293.1 305.1 328.5 349.9 362.4 379.5 391.8 413.4 427.5 445.2 478.6 522.4 531.6 519.3 522.8 528 538.2 558.1 559.5 564.9 566.7 546.8 519.7 497.5 470 449 421.2 387.3 363.1 335.7 289.9 253.3 233 221.2 203.8 186.6 165.5 151.2 144.4 135.2 120.3 104.5 90.7 82.9 74.2 70.5 65.8 60.9 58.3 57.9 51.4 51.4 51.4 51.4 51.4 51.4 51.4 51.4 51.4 51.4 51.4 51.4 51.4 51.4 51.4 66.5 76.4 85.5 91.6 99.1 100 122.1 143.2 176.1 214.8 227.9 233.4 242.3 251.1
299.6 313 321.3 337.8 357.1 377.2 393.7 412 416.3 434.7 460.3 480.1 503.1 502.5 502.1 518 528.6 530.1 536.5 538.2 540.4 524.8 503.2 481.8 460.3 436.1 408.9 380.3 359 332.2 284.7 250.2 229.5 217.7 203 190.1 167.8 151.5 141.9 137.3 131.7 118.8 100.9 90.7 74 67.9 65.7 60.8 61.6 60 55.7 54.8 51.8 51.4 51.4 51.4 51.4 51.4 51.4 51.4 51.4 51.4 51.4 51.4 51.4 51.4 65.3 75.2 81.9 91.8 98.9 111.4 125.6 153.5 185 212.3 225.7 225.2 232.1
302.8 314.8 332.4 348.4 360.5 379.4 393.6 413.5 415.4 437 444.7 466.1 473 475.8 485.5 506.7 512.3 510.5 513 515.2 513.9 500.7 486.8 466.7 449 426.3 393.7 370 346 323.7 278.3 246.7 227.1 215.7 206.3 193.7 173.5 158 147.9 143.9 138.7 125.5 112.7 100.8 96.4 86.6 75.3 71.6 66.6 65.9 63.8 61.1 59.9 55.9 52.6 51.4 51.4 51.4 51.4 51.4 51.4 51.4 51.4 51.4 51.4 51.4 51.4 63 79.6 82.3 92.4 102.4 121.2 140.1 162.1 200.9 216.8 214.6 216.6
302.3 322 353.4 374.4 376.6 386.6 398.9 414.3 426.7 439.3 438.1 453.4 445.9 446.3 464.7 482.2 493.3 489.4 493.7 497.5 495.3 481.5 468.8 453.6 435 411 382.9 356.5 329.1 303.3 265.6 242.2 226.3 214.6 207.1 193.3 175.6 162.5 151.6 144.7 140.9 133.3 122.7 109.9 98.1 87.6 79.2 73.5 70.2 69.2 67.9 64.1 59 51.4 51.4 51.4 51.4 51.4 51.4 51.4 51.4 51.4 51.4 51.4 51.4 51.4 51.4 51.4 61.6 70.1 82.9 88 107.2 125.2 143.8 180 194.2 201.5 202.5
311.1 337.9 374.3 405.7 410.1 434.5 445.4 426.9 433.4 436.6 443.7 436.4 427.8 431 442.9 459.1 468.2 473.7 480.3 480.9 474.6 463.9 453.3 440 420.5 396.2 370 347.2 319.7 294.5 261.5 238.4 226.2 214.7 206 194.7 179.2 166.9 161.7 153.1 143.8 134.8 125.3 111.4 96.8 87.5 80.5 77.5 77.1 70.8 68.1 64.8 66.1 61.7 51.4 51.4 51.4 51.4 51.4 51.4 51.4 51.4 51.4 51.4 51.4 51.4 51.4 51.4 51.4 63.1 69.9 76.7 99.1 112.6 125.3 142.2 165.6 178.4 178.2
315.6 349.9 407.3 438 484.4 507.5 491.8 475.3 445.6 440.4 437.8 427.9 427.9 427.9 434 436.4 456.3 455.8 463.2 466.1 459.6 450.8 441.7 426 407 382.9 358.6 334.9 311.6 280 258.4 241.5 225.7 214.8 205.8 195 182.7 173.1 168.5 155.9 149.1 139.1 124.4 111 102.7 88.5 80.5 77.6 73.9 67.6 65.1 63.6 62.3 64.2 61.4 51.4 51.4 51.4 51.4 51.4 51.4 51.4 51.4 51.4 51.4 51.4 51.4 51.4 51.4 51.4 63.4 74.3 95.4 104.4 119.4 126.8 145.2 158.7 169.4
320.1 356.9 425.3 496.2 549.1 543.8 533.6 518.1 488.6 462.8 437.1 427.9 427.9 430.5 431.9 434.4 433.5 437.6 450.9 450.6 444 440.1 429.1 414.8 394.7 372.3 350 326.8 297.6 278.6 260.8 246.2 228.9 216.2 208.1 200.9 189.9 181.6 176.3 163.9 148.2 135.9 126.4 119.4 110.3 92 83.4 76.3 73.6 71.3 67.5 60.9 58.2 57.4 56.9 56.4 51.4 51.4 51.4 51.4 51.4 51.4 51.4 51.4 51.4 60.3 54.4 51.4 51.4 51.4 51.4 64.8 80.2 94.5 108.5 113.5 130.1 145 155.8
324 363.9 434.5 534.2 561.3 548.7 537.8 522 502.7 469.8 440.1 427.9 427.9 432.3 431.3 425.3 422.8 422.9 429.5 430.9 434.6 425.7 415.8 402.8 383.2 359.9 341.3 315.8 291.7 278.4 266.3 249.7 238.2 223.4 213.3 206.1 194.9 186 176.2 165.1 152.2 147.9 137.9 131 126.3 109.7 92.2 90.5 84.7 82.8 81.9 78.5 69.4 65.3 61.3 55.3 51.4 51.4 51.4 51.4 54.3 60 63 63.1 61.1 61 59.8 56.6 51.4 51.4 51.4 53.7 71.8 82.9 98.6 104.6 121.8 132.6 145.5
326.5 390.8 457.5 544.5 569.7 559.8 541.9 524.9 503.4 471.7 450.1 435.7 438.7 427.6 425.2 419.7 414.6 415.7 417.6 420.8 420.4 414.4 404.6 388.7 371.8 352.5 334.6 312.1 291.5 280.5 268.8 258.1 251 229.1 217.3 210.3 204.2 190.8 176.8 170.8 166.1 156.5 147 137.9 131.9 120.9 113.1 107.3 100.8 94.5 89.4 83.2 78.6 75.7 71.7 65 61.8 62.8 51.4 53.8 56.5 58.9 63.1 68.8 66.1 62 61.9 62.7 61 60.6 51.4 51.4 59.4 70.3 84.8 95.4 105.8 117.6 135.3
332.8 386.3 493.3 555.2 582.6 576.1 552 531.4 506.1 485.4 465.6 460.7 453.5 441.9 429.2 420.4 413.1 410.5 415.1 414.8 409.9 402.7 392.9 378.2 361.7 347.9 333.3 312.4 297.9 289.9 276.4 261.2 252.4 234.6 222.9 213.8 203.4 197 190.4 181.4 170 156.7 149.9 147.4 149.5 148 143.9 137.7 125.7 113.5 103.9 97.6 83.1 80.3 75.1 72.8 69.9 71.2 68.6 66.6 66.8 65.3 63.6 65.2 63.2 61.9 61.3 61.9 61.2 60.8 58.5 51.4 51.4 62.2 74.3 80.2 86.8 99 123.3
334.1 402.1 496.6 536.6 587.1 584.1 563.6 538.6 513.8 494.2 483.2 467.4 454.7 445.7 436.1 422.5 414.6 406.7 400.9 399.9 397.2 390.4 380.7 368.8 358.7 347.8 332.3 317.6 306.1 288.8 275.6 258.9 248 238.5 226 217.4 209.8 204.8 199.2 189.9 176.7 168.5 166 165.5 168.1 162.4 158.5 151.5 141.5 130.2 123.8 115.3 108.1 100.3 91 90.2 85.9 81.4 77.6 75.5 72.3 67.9 62.9 62.3 61.9 62 61 60.7 62.1 63 60.6 51.4 51.4 54.8 70.1 82.1 87.5 90 107
324.4 396.5 483.7 544.3 597.7 589.6 568.6 544.7 525.3 503.1 485.9 468.9 456.6 447.4 435.7 427.4 420 409.4 399.7 390.9 385.2 379.1 373.6 365.7 357.6 345.4 330.9 317.4 303.1 284.4 269.5 257.2 248.7 239.7 228.5 224 218.9 214.2 206.2 196.4 184.7 182.3 178.1 175.4 172.9 169.9 165.7 161.6 156.1 146.3 137.4 130.2 123.2 115.5 108.6 101.7 92 85.4 80.3 77.9 75 66.9 60.7 61.5 59.6 59.7 59.2 58.3 59.4 58.3 62.3 51.4 51.4 51.4 57.3 73.1 83.4 88.9 93.7
312.3 394.5 484.6 532.2 588.9 594.6 573 556.5 537.2 515.9 492.5 472.7 459.1 446.8 434.9 425.1 415.9 404.9 395.4 386.9 379.8 371.5 363.7 357.7 350.8 341.1 326.9 313.6 299.1 283.8 268.1 257.7 248 242.6 237.3 231.8 224.5 218.1 209.3 204.4 200.5 194 188.3 185.2 182.9 183.5 177.9 171.6 166.8 164.8 157.9 142.7 128.8 122.3 115.4 106.5 98 86.8 79.9 78.6 76.3 69 62 60.1 59.5 59.6 59.2 59 56.5 55.9 55.6 51.4 51.4 51.4 51.4 58.6 76.7 81.9 90.3
309 392.7 476 528 576 587 579.4 574 551.5 527.4 503.1 481.1 461.7 446.8 436.2 424.2 410.7 401.6 395.4 390.6 384 372.8 364.4 352 341.9 334.8 323.8 309.4 297.3 286.3 268.8 261.5 255.8 246.7 239.6 234.8 228 221.4 218.2 217.2 215 211.7 214.2 208.1 204.6 200.3 197.2 204.3 190.3 181.4 175.5 167.1 145.6 127.9 119.2 110 99.3 91.9 82.9 78 76 70.8 63 60.5 60.9 60.8 59.7 58.6 59.7 55.4 51.4 52.2 51.4 51.4 51.4 51.4 59.6 70.2 80.7
301.4 389.6 462.9 513.6 551.3 572.8 578.1 583.1 563.8 537.1 511.5 487.6 468 450.8 436 421.9 410.9 403.6 396.5 389.9 382.4 374 364.3 352.3 343.3 332.4 324.8 315.4 304 285.6 273.8 266.9 259.4 249.8 245 238.2 232.6 230.9 231.2 230.7 229.8 229.2 226.3 224.9 229 222.3 225.9 223.1 216.9 211.2 198.3 191.8 182.4 147.7 131.1 120.6 100.7 93.5 89.7 82.1 73.4 70.4 64.5 62.4 61.6 62.6 59.9 56.1 51.4 51.4 51.4 59.2 57.2 53 54.1 55.6 59.3 60.3 68.6
303.3 395.2 450.8 496.2 528 550.8 568.3 580.2 573.6 550 522.4 497.5 477.3 460 441.5 426.2 414.4 405.3 396.7 388.3 380.7 371.8 362.7 353.6 345.8 336.2 332.4 324.5 303 286.4 276.2 269.1 261.9 253.9 247.8 243.5 241.3 237.2 238.7 240.1 240.7 239.8 242.8 244.2 244.1 245.9 245.2 239.5 233.9 224.5 215.3 207.1 193 176.1 147.3 129.8 106.8 94.9 90.2 83.8 76.7 66.8 64.5 62.9 59.9 61.8 57.2 51.4 52.2 52.5 51.4 58.3 56.7 61.6 64.7 65.5 58.5 56.2 58.5
312.2 388.6 425.4 475.9 500.5 540.4 566.8 578.7 581.3 563.9 540.4 518.3 494.7 470.3 452.1 432.9 420.3 410.8 401.1 390.7 381.9 369 361.6 354.4 346.3 337.5 336.2 319.5 301.8 290.1 277 269.8 262.8 257.5 255.5 253.1 249.6 247.6 249 250.9 256.7 265.9 273.7 270.8 269.7 274 277.7 273.2 260.5 246.2 231 220.1 202.8 184.9 163.1 133.7 113.8 99.9 91.3 82.8 73.1 68.8 63.4 61.1 58.2 56.5 56 51.4 54.3 52.5 51.4 59.2 64.1 66.4 68 70.5 67.5 58.4 56.4
299.5 360.9 410.1 442.4 476.4 517.7 548.6 579.4 590.3 584.9 562.4 540 517.3 491 467.4 447.2 432.1 422.2 408.5 395.7 386.6 374.5 363.3 353.8 346.8 339.3 330.7 314.6 301.9 290 280.1 272.9 267.6 264.7 263.8 263.9 261.3 262.2 264.5 272.9 284.6 296.3 304.4 306.2 309.6 310 327.4 303.7 271.9 258 245 225.3 211.5 188.5 169 142.8 122.2 112.5 102.2 91 78.8 73.9 67.7 62.5 57 57 56.7 55.5 51.7 51.4 51.4 57.8 65.2 68.1 69.5 69.4 70.7 69.6 59.8
295.6 368.3 403.1 426.8 461.2 497.5 520.9 555 587 591 578.8 567 539.7 513.3 489 470.4 451.6 434.5 421.6 409.1 395.5 385.1 372 356.2 345.7 342.7 335.7 313.8 305.6 291 287.5 281.8 278.9 276.8 275.6 276.8 277 280.2 293.3 302.4 315.5 342.4 347.7 366 371.9 368 351.7 311.9 272.6 254.2 245.5 226.2 215.3 192.8 172.3 155.4 140.5 126.4 112 95.1 85.6 77.8 72 64 58.7 58.3 58 56.8 58 53.8 53.6 60.3 64.8 66.7 71.1 68.1 67.7 67.2 64.5
