Assets/StreamingAssets/GeoData/Data/nc/NC12.asc
ncols 200
nrows 200
xllcorner 210000
yllcorner 920000
cellsize 50
[rows 0 to 36 of 200, columns 0 to 82 of 200]
50.3 50.3 50.3 50.3 50.3 50.3 50.3 50.3 50.3 50.3 50.3 50.3 50.3 50.3 60.8 65.8 83.5 101.9 92 91 91 82.5 75.3 70.1 72.7 70.8 69.7 70.5 72.1 72.2 80.3 91.9 92.7 93.2 79.7 68.9 71.7 73.4 82.9 98.4 104.2 106.5 104.2 94.7 100.2 100.8 112.8 98.5 88.9 88.7 93.8 83.2 82.2 85.8 89.9 96 92.5 79.6 79.2 84 84.1 96.7 99.9 99.9 95.7 107 107 116.9 116.6 127.6 124.7 131.4 135.3 132 135.9 139.7 129.3 127.8 115.2 110.5 110.5 110.5 110.5
50.3 50.3 50.3 50.3 50.3 50.3 50.3 50.3 50.3 50.3 50.3 50.3 50.3 50.3 50.3 50.6 61 68.3 74.3 82.4 78.8 83.6 76.5 69.5 71.3 70.2 68.2 69.9 66.6 66.5 70.1 74.7 89.9 91.4 84.2 71.7 67.7 74.8 80 99.3 103.4 104.5 97.7 93.5 92 92.1 106.9 106 95.7 91.2 102.4 103.5 97.5 97 103.8 104.2 99.3 79.2 80.9 93.6 96.4 92.5 109.7 114.1 104.2 100.7 108.5 115.6 116.4 115.6 122.2 129.6 130.6 130.1 137.5 128.9 120.5 114.7 110.5 110.5 110.5 110.5 110.5
50.3 50.3 50.3 50.3 50.3 50.3 50.3 50.3 50.3 50.3 50.3 50.3 50.3 50.3 50.3 50.3 50.3 58.4 60.9 59.8 62.8 69.2 62.7 68.7 74.8 72.4 67.4 66.7 68.7 68.9 65.6 63.3 67.6 83.1 88.4 73.4 64.9 77.7 89.1 91.9 94.4 101.7 104.2 98.6 94.2 85.9 90.6 112 116.6 103.3 104.4 105.3 109 112.3 107.3 102.1 90.9 80.4 94.6 108.4 113.5 99.7 120.1 121.9 110.1 99.3 108.8 110.3 114.9 116.6 116.5 120.8 130.6 127.4 128.5 120 110.5 110.5 110.5 110.5 110.5 110.5 110.5
63.7 50.3 50.3 50.3 50.3 50.3 50.3 50.3 50.3 50.3 50.3 50.3 50.3 50.3 50.3 50.3 50.3 50.3 50.3 53.8 55.9 54.2 53.8 58.1 63.4 65.7 79.4 76.7 72.5 68.7 63.6 62.2 61.5 74.4 87.8 70 65 79.2 94.9 103.7 105.3 101.7 99.3 89.7 84.9 83.2 85.1 95.2 102.7 99.2 103.9 118.8 109 111.6 109.2 90.6 94.1 82.5 93.2 114.4 127.2 121.6 117 119.1 111.5 104.7 111.3 119.5 116.9 116.3 115 117 120.9 123.7 122.9 114.2 110.5 110.5 110.5 110.5 110.5 110.5 110.5
88.1 71.3 50.3 50.3 50.3 50.3 50.3 50.3 50.3 50.3 51.9 55.8 58.2 56.4 54.2 59.5 57.1 56.2 50.9 51 53.6 53.1 60.1 60.8 56.2 57 65.1 67.4 74.6 76.9 66.2 67.6 61.9 64.5 75.1 64 67.9 80.6 84.7 98 105.2 100.5 96.7 85.7 80.2 85.6 88.8 86.5 85.5 88.2 95.4 100.2 115.9 118.1 100.3 83.4 81.3 76.7 102.6 114.1 134.1 132 113.4 115.8 112.1 110 106 117.9 123.1 115.8 111.9 116.6 117 118.2 121 116.7 110.5 110.5 110.5 110.5 110.5 110.5 110.5
90.3 72.4 59 50.3 50.3 53.8 57.7 54.1 50.3 50.3 54.7 66.7 65.1 65.2 61.6 60.1 58.4 54.6 60.4 56.2 52.3 52.4 55.5 61.4 65.1 66.7 55.9 57.4 64.8 71.6 82 69.2 64.1 61.5 63.6 66.7 69.3 75.4 86.4 93.1 96.6 88.5 82.8 73 73.6 82.6 92.4 85.5 79.9 78.7 81.4 81.6 96.1 101.5 93 80 72 80.4 104.5 115 133.8 129 114.5 110.3 113.5 110.5 107.4 105.9 117.5 117.8 110.9 110.8 113.9 114 120.1 110.5 110.5 110.5 110.5 110.5 110.5 110.5 110.5
83.7 71.8 65.8 63.1 54.4 57 68.2 64.6 59.5 57.6 61.7 65.5 71 84.3 73.1 61.2 55.6 55.2 59.7 57.3 53.1 53.5 59.9 62.2 64.5 68.6 68.9 64 58.6 58.4 64.4 66.8 76.2 65.1 61.5 67.3 69.8 72.2 79.7 87.6 85.4 84.5 75.2 71.9 73.5 79.6 86.2 85.5 73.7 73.3 73.7 75.8 82 81.1 81.2 79.5 67.2 92.4 100.6 101.2 108.8 122.9 112.8 110.2 114.9 113 113.6 112.1 110.8 110.6 110.5 110.5 117.9 111.7 112.9 120.6 119.9 110.5 110.5 110.5 110.5 110.5 110.5
84.2 74.6 69.2 67.9 61 62.8 60.5 69.3 73.1 68.7 65.2 66.6 73.9 79.5 81.7 63.6 57.2 58.3 61.6 53.2 53.1 53.2 70 67.8 68.6 68.5 70.8 71 72.6 76.5 71.9 59.1 62.9 65.6 66.9 71 69.4 69.1 75.8 78.6 77 74.4 72.8 71.5 75.7 81.7 79.9 79.9 76.1 69.1 73.1 74.3 76.8 70.4 70.1 64.4 70.6 92.2 111.2 105.5 100.8 104.1 110.6 111.5 114.1 124.4 125.2 116.9 117 118.5 122.5 112.4 110.8 113.9 116.4 118.6 120 126 122.6 110.5 110.5 120 120.4
92.5 77.7 70.5 74.2 68.1 65.2 68.6 66.5 65.9 67.9 68.8 67.8 70.7 77.6 77.8 64.1 59 58.9 55.7 53.5 53.3 58.8 74.5 70.8 70.6 69.9 73.6 75 78.1 76.5 67.6 69.3 66.9 58.4 58.4 63.7 65.7 67.5 70.4 75.1 76.6 73.9 72.2 71.2 76.5 82.1 75.5 75.9 81 77.5 69.8 72.6 68.9 64 63.1 62.9 82.9 97 94.6 94.1 95.1 107.4 106.3 109.1 117.5 125.1 129.3 128.7 125 121.9 127.7 122.6 112.9 114.1 117.3 119.5 127.2 130.9 119.9 111.7 110.5 110.5 110.5
112.7 94.1 74.5 75 69 69.6 72.3 80.2 72.5 68.1 68.5 68.3 73 76.3 69.9 61.7 60.6 61.3 54.9 53.7 53.5 63.6 81.9 81.1 72.3 75.7 78.4 81.4 78.5 80.4 68.5 58.4 58.4 58.4 58.4 58.4 58.4 63 68.8 71 74.1 76.7 73.7 71.1 70.4 72.6 73.5 76 83.6 78.3 67.9 65.6 67.9 62.9 62.9 68.2 80 91.2 85.8 86.8 96.6 109.5 101.6 118.8 116.5 123.2 125.2 135.7 126.1 123.4 125.3 115.2 113.1 114.1 119.8 131.5 130.2 131.2 120.6 110.5 110.5 110.5 110.5
114.8 104.3 97.8 77.6 72.4 69.9 76 82.2 90.5 80.8 71.4 71 72.8 65.5 61.5 59.1 58.2 57.9 56.9 53.5 56.9 73.5 84.9 90.9 85.9 85.4 82.5 84.6 79.8 80.2 75.6 65.7 58.4 58.4 58.4 58.4 58.4 58.4 58.4 57.9 74.4 73.8 73.7 71.3 66.9 69.8 72.8 72.6 79.4 71.8 68.7 61.5 61.5 61.5 63.3 75.9 83.6 86.7 83.4 84.7 94.9 98.8 96.9 110 119.6 131 124.3 127 132.1 124.8 121.3 120.3 123.5 125.5 133.1 134 134.8 131 113.4 110.5 110.5 110.5 110.5
110.5 108.9 103.3 87.3 77.8 75.5 79.8 93.8 100.8 94.5 83.1 78.5 75.5 73.2 60.4 63.7 57.1 56.2 54.5 53.5 64.7 81.2 92.9 97 93.8 94.5 94.9 93 89.7 79.6 75.4 68 60 58.4 63.1 58.4 58.6 59.4 65.5 57.8 58.4 60.3 70.9 67.5 64.1 68.1 74.3 68.1 64.5 64.3 61.8 61.5 61.5 61.5 65.9 78 87.9 86.3 84.3 83.4 88.1 86.2 87.9 101.9 104.7 115.5 117.8 112.5 113.8 115.3 122.1 130.3 140.1 137 133.9 135.6 143.4 144.7 129.6 123.2 124.7 121.1 110.5
114.6 111.4 105.6 94.8 83 77.5 90.8 95.5 97 92.1 84.9 79.6 81.6 69.3 59.2 55.7 55.3 56.4 56.2 57.4 69.4 80.5 95.2 103 101.2 102 105.5 101.3 93.1 86.5 76.7 66.3 60.8 79.7 75.1 70.2 83.3 75.4 76.1 70 75.4 66.4 61.5 61.5 61.5 61.5 61.5 61.5 61.5 61.5 61.5 61.5 61.5 61.5 63.8 75.8 85.5 92.9 88.9 87.3 81.1 79.7 88.6 97 93.1 94.2 98.8 98.2 98.2 109 124.2 126.5 142.2 153.7 139.2 138.3 145.3 139.6 134.6 133.1 133.7 122.2 110.5
116.5 113.9 110.2 107 95.7 79.7 90.7 98 97.1 88.8 80.8 76.2 70.4 59.7 57.3 60.3 58.8 69.1 73 69.7 74.5 85.2 88 96.2 97.2 110.5 111.1 106.1 97.5 90 79.6 68.8 77.2 98.4 98 80.1 88.7 88.5 88.8 94.4 81.1 67.3 61.5 69.3 75 66.3 61.5 61.5 61.5 61.5 61.5 61.5 61.5 61.5 61.5 69.8 72.7 74.3 85.3 77.9 78.1 81.1 81.6 83.9 84.8 84.3 85.6 88.8 96.7 112.9 119.9 124.4 127.7 130.7 140.4 142.6 141.7 146.9 138.1 138.5 135.9 117.7 110.5
121.5 120.6 110.6 110.9 101 92.8 92.7 95.1 95.1 90.1 88.4 84 68.5 59.7 59.1 64.5 64.4 82 89.4 79.5 91.3 86.5 91.3 92.9 96.8 109.6 112.2 109.1 104.9 102.6 89.2 100.8 109.3 108.7 97.9 87.6 90.6 90.9 95.4 104 85.6 74.5 76.8 93.8 97.6 93.2 86.6 78.7 61.5 61.5 61.5 61.5 61.5 61.5 61.5 61.5 67.6 70.8 76 74.7 85.8 80.3 79.7 80.5 82.9 84.9 86.6 92.1 98 107 116.3 121.8 123.4 122.3 123.6 127.5 141.7 140.5 148 139.3 130.1 120.6 131.7
122.3 125.1 113 109.4 106 103.1 91.3 92.9 98.6 96.2 93.2 82.7 71.6 63.2 59.2 64.6 72.7 99.9 96.7 93.9 102.3 102.3 101.2 95 103.6 112.2 115 115.7 111.4 104.4 93.1 107.3 115 116.8 107.3 96.1 106.4 95.3 104.9 104.9 95.9 84.8 101.3 110.5 106.9 95.3 99.7 85.9 67.8 61.5 61.5 61.5 61.5 61.5 61.5 61.5 64.2 67 69.8 72.3 77.9 80.3 78.8 80.2 81.6 85.7 89.2 91.9 103.6 106.5 116.3 120.7 121.5 118.7 120.7 128.1 126.4 129.7 141.9 138.4 128.3 129.2 136.6
126.7 119.7 115.2 116.3 110.4 105.4 100.8 95.3 97 96.1 92.5 83.9 75.4 64.7 64.1 71 83.9 94.9 92.5 97.2 101.7 108.7 111 102.8 105 115.9 112.2 112.5 106.9 100.4 105.2 108.5 110 114.1 112.5 103.3 108.4 109 113.8 105.4 98.6 115.7 127.1 120.2 116.8 110.5 98.5 89.6 73.7 61.5 61.5 61.5 61.5 61.5 61.5 61.5 61.5 61.5 62.3 67 70.5 75.7 76.1 82.8 82.5 87.5 89.8 95.2 99.8 111.4 117 119.7 120.5 118.6 119.6 124.7 125.8 126.7 128.2 133.6 143.4 144.7 144.2
119.4 116.2 116.4 116.9 116.6 110 102 97.5 99.4 102.2 95.9 84.6 75.5 65.5 69.7 77.8 83.3 86.4 89 91.7 95.2 101.1 102.7 121.5 121.4 111 110.2 109.7 107.1 101 103 106 109.8 110.7 110.6 106.4 112.2 118.7 112.3 126.2 130.5 128.1 127.1 125.5 126 117.6 104.7 95.6 83.5 63.6 61.5 61.5 61.5 61.5 61.5 61.5 61.5 61.5 61.5 61.5 65 70.7 74.5 74 85.8 89.9 94.2 100.4 105.6 118.5 121.6 121.9 120.8 121.7 125.7 130 130.6 131.8 125.9 129.4 129.6 146.8 156.5
109.3 111.2 118 118 114.4 111.3 106.1 104.4 99 103.8 93.6 86.5 81 71.3 80.5 88.6 85.8 82.9 83.3 86.8 89.9 89.8 98.8 107 108.6 107.7 105.2 105.9 103.6 103.2 103.8 105.6 109 110.9 108.9 109 112.7 108.3 122.7 139.6 139.8 129.3 129 134.3 131.7 124.9 117.3 102.1 86.3 68.5 61.5 61.5 61.5 62.9 61.5 61.5 61.5 61.5 61.5 61.5 61.5 63.8 66.9 68.6 75.2 92.9 99.4 100.7 111.3 121.4 125.2 130 127.4 126.8 133.5 135.4 130.7 124.5 121.5 122.2 119 138.4 150.1
109.8 112.3 120.2 117.6 116.1 112.7 110.6 109.2 106 103.8 92.7 87.8 85.2 80 82.8 87.9 85.1 81.9 82.2 84.8 93.3 103.1 96.4 94.2 95.8 97.3 98.5 107.7 105.3 104.4 104.9 105.5 109.2 113.6 108.5 109 109 108.9 113.4 124.5 129 124.6 123.9 124 120.1 112.3 101.4 90.4 82 74 62.6 61.5 61.5 62.9 61.5 61.5 61.5 61.5 61.5 61.5 61.5 61.5 62.7 65.5 67.3 77.7 88.6 97.2 109.6 129 137.5 126.7 115.6 117.6 128 133.1 126.3 119.7 121.8 119.7 115 116.1 121.9
112.5 113.5 113.9 118.9 123.8 115.2 114.2 118 112.8 102.5 93.7 91.6 89.3 82.9 82.6 86.9 83.4 82.2 82.4 86.7 96.5 102.5 102.5 96.5 96.5 96.7 97.9 103.6 109.3 109.8 107.6 105.8 113.6 115.2 109.2 109 109 121.8 124.4 126.9 121 113.5 108 108.3 106.5 99.2 90.5 83.5 80.5 70.8 62.9 66.4 62.2 61.5 61.5 61.5 65.4 61.5 61.5 61.5 61.5 61.5 61.5 62.4 66.3 70.5 75.6 87.3 101.7 129.6 133 117.2 108.4 110.1 112.3 113.4 113.7 118.6 136.4 131.6 123.4 115 115
118.8 117.4 116.7 116.8 117.9 119.4 115.3 121.3 114.9 106.3 95.5 96.8 93.1 89.2 86.7 88.4 91.4 85.5 87.3 92.9 91.4 90.9 91.3 91.2 95.4 95.8 93.6 96.1 111.1 119.8 117.5 112.7 115 110.8 108.6 108.7 134.6 131.9 125.4 119.1 117.5 117.2 104.2 100.5 97.5 92.8 95.1 93.3 82.6 67.1 66.4 68.5 75.2 61.5 61.5 61.5 62.5 63.3 61.5 71.2 73.1 61.5 61.5 61.5 62.5 68.6 74.6 84.8 104.6 115.1 115.4 108.5 102.1 107.6 106.5 107.9 110.3 118.4 128.8 132.1 132 115 115
119.7 120 118.6 116.1 116 115.7 113.1 117.8 110.5 107.6 100.4 97.3 98.5 95.8 98.5 98.7 88.5 95 101.6 93.5 92.8 92.2 91.4 92 92.5 92.4 92.1 106.6 118.5 127.4 125.8 133.1 130.6 113.6 111.5 113 133 135 131.6 121.3 116.7 105.8 100.5 99.5 97.3 106.4 111.9 104.8 91.5 81.9 70.4 67 68.3 62.7 62.7 61.5 61.5 61.5 61.5 73.7 71.9 63.3 61.5 61.5 61.5 64.6 74.1 85.8 93.1 94.2 95.6 96.8 107.2 112.1 109.6 109.1 110.5 117.3 124.4 132.1 136.3 122.9 115
118.1 117.9 113.8 114.9 114.1 110.6 109.8 110.2 107.1 107.5 103.3 96.8 99.3 99.4 98.8 94.1 87 91.1 98.8 91.1 91 91.1 93 98.7 90.2 93.8 94.4 103 125.4 128.6 128.6 133.5 122.2 116 116 119.2 148.1 148.3 139.9 126.7 111.1 106 107.2 106.3 110.3 117.8 116.7 110.2 100.4 92.1 77.9 65.9 62.9 61.5 61.5 64.5 61.5 61.5 61.5 61.5 65.7 67.9 85.8 82.1 64.7 61.7 68.8 84.1 82.7 85 96.3 100.1 105.3 109.2 114.9 122.4 124.2 126.3 137.5 140.4 132 120.4 115
115.8 112.4 113.5 112.7 109 108 107.9 108.3 106.2 105.4 108 103.8 101.6 108.7 109.4 101.8 94.7 90.4 91 93.1 90.2 90 92.7 89.7 89.7 89.8 98.8 115.5 122.2 125.9 128 125.6 121.8 122.2 125.7 145 146.6 148.1 139.7 128 119.5 111.8 115.9 117.8 117 118.1 115.7 113.3 113.3 102.2 81.6 70.7 62.9 61.9 61.5 61.5 61.5 61.5 61.5 61.5 68.6 77.7 89.5 85.3 69 67.4 63.9 66.8 74 86.1 97.7 105.4 116.1 114.2 114.1 120.1 129.2 133.3 127.7 124.1 127.9 122.4 118.2
129.1 125.4 116.7 113.1 108.7 107.7 107.4 106.9 106.8 106.5 107.4 108.5 105.6 104.8 105.9 97.9 92.2 92.6 90 90.7 90.4 96.3 89.7 89.7 89.7 89.7 94.2 103.1 112.4 120.7 121.5 120.6 131.3 130.9 135.2 146.1 150.2 153.9 146.7 134.4 123.3 124.1 126.4 128.2 117.8 116.6 115.5 114.2 110.9 100 81.7 72.4 69.4 65.8 64.3 62.5 61.5 61.5 61.7 62.9 68.5 79.7 84.8 82.2 79.2 83 84.1 69.2 66.2 79 89.4 100.8 113.5 115.1 119.4 119.7 121.2 121.8 118.2 109.2 110.8 111.9 112.7
140.8 136.4 129.5 119.8 111.8 111.1 108.4 108.8 107.8 107.3 108.1 109.2 117 105.7 103.6 101.1 100.5 108 96.1 95 93.2 89.6 89.7 89.7 89.7 89.5 94 101.2 106.5 111.5 113.7 121.3 128.9 130.3 139.4 155.6 160.7 152.7 144.3 136.7 133.3 135.1 136.8 139.2 127.3 121.6 117 116.8 110.7 102 90.5 75.4 76.1 73.8 73.4 71.3 72.2 79.8 69.3 75.4 73.1 70 76 75 83.6 102.6 105.5 79.1 74.3 66.9 82.3 95.9 110.1 107.1 111.1 112.3 111.4 111.9 108.7 100.8 100.8 107.8 114.8
147.2 142.1 134.7 122.2 119.9 110.8 110 112.8 115.2 108.9 108.5 111 116.7 113.6 107.9 108.9 115.8 119 114 103.5 95.1 93 98.5 99.8 103.3 100.3 100.4 104.1 110.8 108.6 112.4 120.8 129 136.1 149.7 162.2 156.7 148.7 137.9 133.3 137.7 141.1 144.3 141.6 136.1 135.9 121.6 124.2 118.4 101.6 88 82.3 85.4 87.1 91.5 83.3 88 83 73.3 86.5 79.1 82.2 85.2 81.8 91.3 106.6 108.7 98.2 78.3 76.3 73.3 82.9 94.4 97.7 98.9 99.2 103 95.6 96.9 91.6 92.3 105.2 116.5
157.1 140.5 130.5 127.7 123.9 113.8 119 125.3 121.4 113.7 109.5 118.9 121.1 130.5 114.1 114.4 122.1 116.2 107 100.2 103.9 111.3 114.7 117.6 123.2 107.3 109.5 113.2 111.8 121.4 129 141 144.1 171.9 187 180.1 168.9 149.4 138.5 135 152.8 154.7 149.4 144.2 133.1 130.4 128.2 120.3 106 95.6 88.8 95.4 94.5 98.6 86.9 84.1 83.5 81.9 84.2 84.6 79.4 91.1 96.2 90 113.4 111 106.2 101.9 88.9 87.7 92.2 79.7 72.6 84.7 89.7 89.9 88.4 88.2 86.8 81.3 81.5 92.3 104.1
153.1 143.2 133.8 129.3 126.8 127.1 130 130.5 129 114.7 110.3 119.4 127.5 125 118 115.6 116.5 119 111.3 108.1 110.3 111.5 120.4 127.9 128.3 120.1 115.1 112.3 125.7 157.6 171.7 163.2 178.1 199.2 192.5 185.1 170.9 153.5 144.7 152.4 156.6 158.6 148.1 135.9 133.9 131.7 121 104.5 97.5 101.3 92.9 95.5 102.5 97.4 84.3 87.4 92.1 90.4 83.1 85.2 79.9 81.1 84.9 92.5 105.9 122.4 123.4 110 96 94.8 101.5 88.4 76.9 76 81.6 87 86.4 84.2 80.7 80.3 82.9 95 96.4
147.9 142 133 134.3 140.3 145.9 145.7 140.8 130.5 116.9 111.3 111.6 116.2 115.3 121.8 129.8 121.3 118.4 114.2 112.1 110.7 113.7 127.6 125.3 124 116.4 112.3 112.3 141.4 165 172.4 185.3 189.8 197.7 195.3 189.3 176.3 154.8 152.6 154.1 149 141 139.9 140.3 133.4 124.4 113.4 102 103.1 98 90.1 93.7 93.8 87 85.2 84.7 93.3 85.6 82.1 80.5 80.1 81.9 82.9 91.9 104.2 118.8 116.8 107 103.1 98.1 110.5 97.9 84.1 81.3 77.7 75.9 78.1 80.9 81.6 85 88.5 94.8 103.3
142.7 138.8 137.3 136.7 138.1 146.9 145.1 144.3 133.3 124.1 115.5 115.5 111.4 112.4 124.5 123.4 121.5 120.7 122 123 120.7 121 125.1 125.4 124.5 112.3 112.3 113.8 132 150.3 169.9 193.7 200.3 201 197.7 187.8 177.2 163.6 156.5 149.3 143.2 144.3 154.8 149.5 135.5 126.3 116.2 109.5 102.1 93.3 86.9 87.1 89.1 83.7 83.7 84.5 91.7 94.1 85.5 81.8 91.3 94.7 82.7 87 92.3 113.4 109 106.2 104.4 107.8 109.8 103.4 97 96.1 92.9 84.5 79 79.8 81.7 91.8 93.5 99.6 103.2
141.5 139.6 138.8 138.7 138 140.8 141.7 144.1 132.9 126.7 127.9 127 112.5 112.7 118.1 119.6 120.8 121.6 129.1 135.1 134.7 130 125.9 125.5 119.4 112.3 113 126.5 141.9 154.5 193.5 206.8 210.2 204 197.7 185.4 175.2 163.8 159.2 158.2 169.3 175.5 163.4 145.5 134.3 133.2 124.7 111.2 105.8 92.9 85.1 84.6 83.7 83.7 83.7 84.9 93.8 99.5 96.3 85.7 92.7 85.8 82.5 86.5 90.7 104.5 101.2 102.6 104.3 103.3 103 105.1 102.1 102.2 104.1 103.1 92.2 80.9 80.7 80.5 87.6 96.2 105.9
140 146.7 147.6 145.8 148.1 143.3 141.8 140.4 141 131.3 137.5 132.8 117.3 113.8 118.4 120.8 126.6 138.5 134.5 130.2 131.3 127.2 122.2 114.8 116.2 129.3 142.1 162.3 165.6 175.8 192.7 202 208.1 197.9 195.3 185.1 176.1 168.2 167.5 161.1 182.7 181 165.7 161.9 157.2 140.8 127.2 113.1 102.9 90.7 84.6 83.8 83.9 83.7 86.8 99.9 109.2 111.9 104.8 86.3 87.3 84 82.5 84.6 91.4 91.2 92.7 97.5 95.2 98.4 99 101.7 102.4 99.4 95.1 97.1 97.8 90.4 86.9 87.2 79.8 85.3 99.6
143.8 152.1 152.6 151.2 148.9 147.4 149.4 146 136.2 137.5 135.6 130.7 120.1 121.4 130.9 139.1 147.3 142.7 137.8 130 120.2 120.4 119.9 119.4 118.5 142.7 166.5 180.2 184 189.4 199.7 202.3 200.4 202.8 196.6 188.7 176.6 187.7 179 187.6 188.8 180.7 177 172.7 165.9 153.9 136.2 124 112.4 92.2 85.9 85.9 85.6 93.5 99.2 110.1 121.7 121.2 101.4 90.3 87.8 84.1 82.6 87.3 86.5 85.5 85.5 88.9 92 95.8 103.4 106.1 105.4 96.2 92.5 92.5 99.7 99.6 97.8 92.8 87 89 86.8
136.5 137.2 142.8 153.4 154.8 154.4 161.3 149.4 133.6 128.8 127.7 124.8 122.9 126.2 133.3 140.1 146.2 143.6 135.7 128 119.4 119.4 119.4 119.4 114.5 123.3 147.5 159.1 168.6 186.8 194.3 194.5 203 198.1 199.3 192.4 195.9 210.5 198.1 202.4 193.5 191.4 183.1 177.1 166.8 151.5 137.3 123 109.6 97.8 101.4 103.1 104.2 107.1 115.8 124 129.1 123.5 102.9 94.1 104 96 86.3 85.3 85.5 85.5 85.5 94 100.8 101.5 100 100.9 104 92.5 93.2 92.5 97.7 112.9 106.7 96.6 94.4 101.9 96
130.9 132.7 145.2 158.2 163.1 168 166.9 151.5 133.7 128.1 125.6 124.2 127 130 133.2 138.1 147.9 144.3 128.9 121.8 119.4 119.4 119.4 115.8 117.5 116.5 131.9 146.6 153.3 166 175 178.7 190.2 184.3 186.8 199.9 219.6 219 219.9 209.4 197.8 188.9 179.6 169.2 155.8 140.3 123.2 117.9 127 130.1 126.4 119.7 124.2 123.7 128.8 130.2 126.4 113.9 104.3 102.6 108.5 96.6 87 87.6 84.8 89.8 90.3 97.6 101.5 103.2 100.2 98 94.9 92.5 97 92.5 97.2 102 101.4 92.5 96.4 100.8 101
