Assets/StreamingAssets/GeoData/Data/nc/NC23.asc
ncols 200
nrows 200
xllcorner 220000
yllcorner 930000
cellsize 50
[rows 144 to 179 of 200, columns 0 to 80 of 200]
61.8 66.2 73.9 76.8 72.7 57.1 47.9 34.9 28.3 24.6 18.3 -1.8 -1.8 -1.8 -1.8 -1.8 -1.8 1.9 18.1 41.9 71.3 93.7 102.7 102.1 101.8 86.7 73.7 64.6 48.3 36.2 26.8 17.8 5.8 4.2 9.8 19.1 34.5 43.7 51.3 57.6 59.4 47.7 12.9 28.5 46.5 57.4 75.4 78 88.2 97.4 109.6 121.9 128.7 141.4 142.7 142.3 130 117.4 94 71.7 68.1 69.2 51.3 53.1 55.1 61.4 65.2 68.9 66.4 65.3 65.1 53.7 45 22.6 13 -1.8 -1.8 -1.8 -1.8 -1.8 -1.8
95.7 74.3 78.6 86.6 80.3 74.8 57.4 49 40.6 33.4 27.3 22.6 14.8 -1.8 -1.8 -1.8 -1.8 1.3 15.2 39.7 65.1 88.6 107.4 107.1 100.6 88.6 83.7 71.5 62.6 45.2 35.8 27.2 14.9 10.4 11.6 27.3 41.2 46.7 57.6 69.8 70.1 67.3 55 32.9 35.8 49.9 69.2 90.5 85.2 92.3 114.5 121.3 132.1 143.8 150.9 149.5 151.9 137 122.8 107.1 104 91.7 90.3 90.2 68.5 57.2 63 69 71.4 70.7 69.4 72 63.1 41.8 18.2 5.1 -1.8 -1.8 -1.8 -1.8 -1.8
127.1 104.8 87.3 85.4 89.9 83.9 74.8 63.5 50.7 42.3 38 32.4 23.5 14.2 15.1 10.8 -1.8 3.2 8 26.1 50.9 82.5 95.4 104 104.2 97.3 88.3 79.3 73.9 58.5 44.1 34.1 16.4 23.2 20.2 32.5 43 56.6 63.1 72.8 74.7 73.2 77.2 65.3 47.3 52 60.8 84.9 96.3 103.4 113.5 121.6 130 141.8 153.7 154.1 151 144 139.8 124 119.7 110.5 112.9 116 117.4 102.2 70.9 65.1 69.3 72.1 78 71 66.8 50.7 20.5 6 -1.8 -1.8 -1.8 -1.8 -1.8
135.2 134.1 119.3 100.5 95.5 92.9 91.2 78.9 64.4 55.8 47.9 40.5 33.1 27.8 27.3 23.3 18.5 6.9 9.9 25.4 49.2 74.4 91.8 103.1 109.8 104.7 91.6 87.8 78.1 66.1 48.5 37.1 21.9 29.3 29.6 40.4 51.7 65.2 73.8 79.6 80.1 79.1 90.7 78.3 67.7 60.7 80.3 69.8 79.1 103.7 111.9 120.2 123.8 146.9 157.4 163.6 162.1 152.5 153.6 141.4 141.2 124.1 123.4 124.3 130.6 126.3 110.7 86.6 67 63.8 64.3 72.3 70.8 56.5 33.3 10.2 -1.8 -1.8 -1.8 -1.8 -1.8
142.2 142.7 137.3 123.7 114.1 100.3 96.2 89.7 82.5 69.3 58.1 51.5 40.6 43.1 40.6 37.9 37.4 29.3 12.7 26.7 51.5 69.1 83.6 93.6 103.8 106.1 98.5 103 92.7 75.8 55.2 41.2 26.2 35.8 36.1 49.4 61.4 67.1 75.8 79.7 84.7 84.5 90.5 99.7 97.5 85 65.2 90.5 89 83.7 94.1 103.3 118 145.1 159.2 167.5 164.1 159.4 158 148.2 140.1 132.7 129.1 129 128.8 126.9 122 111.7 95.6 81.3 65.4 56.6 57 49.9 32.5 2.2 -1.8 -1.8 -1.8 -1.8 -1.8
143.9 151.7 149.3 138.3 130.8 119.9 107.4 97.8 89.7 78.8 74.1 67.6 58.9 62.4 58.8 57.9 55.8 44.2 33.4 15.2 51.9 71.3 85.1 92.7 100.2 104.2 105.4 110 97.8 85.6 69.9 52.6 31 37.6 42.8 57.2 67.6 76.9 85.6 89.3 89.2 87.9 89.9 96.5 105.8 105.2 87.2 73.3 96.9 100.3 92.3 92.7 109.8 137.4 154.9 157.7 153.4 155.1 147.1 144.4 140.6 134.9 133.5 133.6 132.1 131.8 129.1 119.6 106 94.4 82.9 63.1 48.2 30.1 21.1 -1.8 -1.8 -1.8 -1.8 -1.8 -1.8
148.2 150.2 154.1 152 144.9 137.4 128.7 109.8 98.6 89 87.4 80.3 73.1 81.5 75.3 74.1 64.2 64.4 56.8 42.6 20.2 54.9 76.2 87.2 98.5 102.8 105.2 104.5 98.7 91.3 79.4 56.9 39.8 45.5 49 58.5 73.6 81.2 91.9 97 97.5 90.9 94.1 103.9 104.8 100.2 97.6 82.1 80.9 97.3 103.8 102 108.9 115.4 128.7 146.6 146.6 147 147.5 145.6 142.3 137.7 140.9 136.8 139 137 131.3 122.4 112.4 96.9 87.2 68.1 53.7 38.8 22.6 -1.8 -1.8 -1.8 -1.8 -1.8 -1.8
159.8 161.5 160.9 161.3 153.8 146.1 134.8 122.9 113.9 101.1 96.3 92.3 91.5 91 88.4 87.5 80.8 79.5 78.2 57.1 45.5 27.6 59.4 75.5 87.3 97.5 103.6 106.2 101.8 97.5 86 56.9 48.3 55 61.8 62.3 76.3 83.2 94.9 98.3 98.6 92.5 98.7 107.7 104.6 100.8 100.8 93.7 80 80.2 92 101 115.5 119.9 120 119.3 122.5 138.4 147.7 142.8 139.7 139.7 141.6 147.9 142.2 134.6 129.2 120.8 115.5 100.5 86.3 76.7 64.2 48.7 31.7 21.4 -1.8 -1.8 -1.8 -1.8 -1.8
156.8 171 162.1 161.6 169.7 162.8 143.4 134 124 115.3 98.1 101.1 103.6 102.2 100.8 99.1 96.1 98.8 98 74.9 67.5 59.9 37.2 60.7 79.6 90.3 105.3 113.8 102.1 100.2 84.2 65.1 50.6 59.2 66.9 75.4 80 88.8 95.9 98.4 100.2 96.5 100.5 103.2 103.8 103.6 101.8 98.3 96.3 79.4 81 85.3 101.1 109.6 113.5 119.1 122 125.1 127.3 136 138.1 145.9 143.3 145.2 138.4 129.4 125.5 119.2 109 99.3 89.1 81.1 70.2 58.4 37.5 27.1 14.1 -1.8 -1.8 -1.8 -1.8
164.7 170.8 169.2 170.7 172 169.6 150.6 143.7 135.1 126.1 115.5 99.5 104.4 109.8 111.9 113 109.3 111.5 116 88.5 84.1 85.9 75.2 41.8 52.7 68.7 93 108.5 111.5 101.6 83.8 79 56.1 66.1 74.2 84 92.1 96.1 103.4 109.6 102.4 101.1 102.2 104.2 105.9 106.2 103.3 101.1 97.9 90.4 79.6 86.6 101 106.2 108.4 114 121.1 128.8 130.1 129.3 131.1 136.2 135.6 133.9 131.1 127.1 124.1 119.6 107.2 100.9 95.7 80.9 73.9 66 43 28.4 16.2 -1.8 -1.8 -1.8 -1.8
172.1 174.7 181.3 180.2 184 172.7 157.1 157.5 148.7 137.6 128.7 118.4 104.7 98.9 110.5 112.6 112.6 111.6 105.5 104.6 100.1 100.8 91.9 83.1 54.2 41 61.5 81.7 92.7 98.5 82.7 78 64.9 69.4 79 86 94.5 106.3 108.9 113.2 110.9 112.2 104.6 110.3 107.5 106 103.4 102.2 101.6 93.2 86 90.9 98.6 101.1 103.8 113.8 118.8 122.8 131.2 133.1 141.3 140.1 135.7 134.1 134.2 128.7 122.1 114.5 107.7 102.2 93.5 81.5 72 53.3 39.1 24.8 13.4 -1.8 -1.8 -1.8 -1.8
174.9 179 180.6 181.8 182.7 180.6 172.6 163.7 156.3 145.1 136.8 131.6 133.1 112.3 99.8 110.5 112.2 114.8 119.5 121 112 109.3 105.5 100 82.2 66.2 55.7 53.6 69.2 77.3 71.8 71.7 71.8 72.1 79.3 91.2 94.4 102.7 112.8 114.4 115.1 116.4 117.2 111.3 111.1 108.6 105.8 102.7 102 98.8 93.8 91.9 97.3 97.8 102.2 109 119.6 127.8 131.6 135.9 140.3 140.6 140.5 133.8 125.2 121.6 118.8 115.4 105.4 96.5 90.8 72.4 56.5 43.3 28.3 17.9 2.2 -1.8 -1.8 -1.8 -1.8
173.7 181.2 185.8 185 183.5 184.4 184.8 185.3 164.6 158.4 145.6 144.3 142.6 130.5 112.7 100.7 109.6 117.2 123.6 126.5 123.3 117.7 123 115.1 99.9 91 79.1 60.8 54.8 60.7 61.1 64.5 70.4 71.5 77.5 88.4 94.7 98 108.9 115.9 116.7 124.3 117.9 112.3 113.6 114.3 112 103.8 99.2 96.6 94 88.6 89.6 99.8 108.9 114 119.6 129.3 131.7 135.5 138.4 138.9 137.8 134.7 123.9 116.4 111.1 108.7 107.6 81 67.7 57.6 44.6 32.6 22.5 14.3 -1.8 -1.8 -1.8 -1.8 -1.8
169.2 176 180.1 191.1 191.5 189.8 187.1 188.1 184.9 171.6 160.6 155.4 149.4 145 125.4 119.1 104.6 113 125.8 128.8 132.1 127 126.1 122.7 112.7 108.9 85.9 71.2 54.4 55.9 59.3 58.4 60.4 69.1 75 86.7 95.6 97.4 103.1 113.1 118.2 121.1 119.3 114.7 111.4 116.1 107.2 103.7 97.7 93 88.4 88.4 88.4 94 106.6 116.9 124.3 126.4 132.3 132.5 136 138.6 137.6 132.6 123.3 116.4 109.9 92.7 80.2 70.2 56.8 43 32.6 21.1 16.1 8.6 -1.8 -1.8 -1.8 -1.8 -1.8
154.5 159.3 165.8 186.9 191.8 194.9 189.9 186.4 175.5 172.3 164.5 156.6 156.8 152.5 138.6 131.9 124.4 118 116.1 127.6 129.9 132.6 132.1 125 121 116.1 93.4 66 65.8 62.6 63.7 59.8 58.9 60.9 71.9 81 92.7 96.2 98.5 107.8 115 121.6 119.8 110.9 107.4 107.3 108.5 102.1 98.4 94.5 91.3 88.3 88.4 88.4 100.3 115.1 121.7 124.2 128.3 129.1 131 139.9 139 134.2 127.7 124 114.2 97.2 79.4 63.2 49.8 35.8 24.8 17.8 13.6 13.5 -1.8 -1.8 -1.8 -1.8 -1.8
138.8 140.3 149.2 153.1 159.6 170.4 177.4 175.8 173 169 165.9 157.2 152.9 150.9 146.1 141.8 136.5 131.1 124.6 121.1 136.8 141.1 132.7 125.5 123.3 112.1 80.8 81.3 79.1 70.3 74.3 69 61.8 59.9 67.9 86.6 90.2 96.4 98.3 104.6 113.1 120.3 120.5 110.7 104.8 102.4 102.5 100.3 98.9 95 92.6 89.8 88.4 88.3 88.4 87.8 108 120.5 122.5 125.6 128.4 136.3 140.4 139.2 132.8 124.3 110.9 90.8 69.6 56.5 47.9 38.7 28.6 20.3 15 7.8 1.1 -1.8 -1.8 -1.8 -1.8
168.8 158 145.3 155.6 164.2 163.9 171.4 184.6 175.5 171.1 171.2 166.1 156.6 156.8 154.7 148.2 143.4 138.5 140.8 132.5 128.5 134.7 132.9 124.9 122.3 102.8 103.3 96.4 97.9 85.7 80.5 83.7 74.5 62.4 62.4 78.5 93 97.7 100.9 108.8 112.3 116.3 117.9 112.4 104.6 102.2 100.8 96.7 97.7 94.9 93.4 93 88.4 88.4 88.4 88.4 95.1 108.4 117.8 124.2 128.5 134.8 137 140.7 133.2 119.2 97 78.7 63.9 52.4 47.3 41.7 34.8 26.7 16.4 5.6 0.6 -1.8 -0.6 -1.8 -1.8
170 165 164.7 160.6 154.7 165.2 169.2 171 184.3 187.1 183.4 178.2 170.5 163.8 158.7 161.2 159 151 156.7 154.5 146.2 135.4 132.2 129 120.2 105 108.4 110.7 109.7 99.1 95.8 85.2 87.4 80.5 63.9 66.6 84.9 96.6 104 110.5 115.1 117.2 115.4 108.7 105 103.4 100.2 93.3 91.1 89.2 88.4 88.4 88.4 88.3 88.4 88.3 97.3 106.4 116.6 120 122.8 125.6 128 125.6 121.5 107.6 87.6 71.3 58 53.8 51.4 46.6 43.4 39 27.1 15 0.9 0.6 0.9 -0.3 -1.8
191 174.2 165.4 171.5 171.5 164 169.7 177.1 176.8 180.9 196.9 186.9 186.9 186.7 173.1 171.7 177.7 175.7 174.9 171.9 173.4 164.4 133.8 127 112.9 103.7 107.2 122.2 114.4 111.6 105 101.5 100 94.7 79.3 70.4 69.9 91.4 108.4 118.5 119.6 123.7 111.6 106.5 105 105.6 104.4 103.7 92.6 90.9 91.1 89.2 89.6 88.4 88.4 88.4 96.8 102.3 112.4 117.6 118.2 121.3 123.5 122.2 114.5 101.1 79.9 65.8 58.1 55.8 57.1 56.6 53.2 46.3 34.6 18.9 6.6 5.8 2.3 0.3 -1.8
230.7 211.7 189.2 175.7 174.8 175.4 176.7 177.5 185.3 182.7 184.6 186.3 188.9 195.9 194.3 184.5 185.3 194.6 197.5 195.3 192.3 182.8 153.9 129.3 114.7 105.9 108.3 120.3 139.3 134.6 127.6 114.5 114.3 115.9 100.4 85.6 76.8 72.3 90 112.4 118.1 120.4 108.2 105.7 106.4 110.2 111 110.9 105.9 94.9 95.1 94.4 95.7 99.1 88.4 88.4 98.3 105.1 110.2 114.2 117.2 120.9 121.7 120.9 116.4 92.3 78.5 63.4 60.8 59.8 64.8 59.9 56.7 49.8 28.8 13.7 12.8 15.7 11.5 1.7 -1.8
251.3 241.7 227.4 197.5 188.3 187.7 192.4 193.9 196.5 190.5 194.4 194.3 192.4 197.5 198.4 198.7 198.6 203.9 213.2 213.1 207.4 197.2 173.6 149.3 121.1 108.4 110.8 113.9 138.6 155.2 143.6 130.2 123.3 124.5 124.2 108.6 89.6 75 75.5 90.3 107.6 111 103.4 104.1 106.7 112.7 115.9 111.5 107.8 104.2 95.2 93.3 93.7 101.9 88.4 88.4 88.4 101.2 112.4 117.4 124 120.1 114.3 112.1 101.6 85.4 73.2 63.2 60.8 63.9 64 60.4 51.2 30.6 21.3 13.5 15.6 18.6 16.7 9.9 1.6
252.7 248.6 248.8 235.4 207.9 205.9 202.7 210.3 214.1 210.4 198.7 198.5 202.5 205.4 210.2 209.4 205.1 210 214 214.9 214.6 208.1 191.3 172.8 136.8 112.7 106.6 114.1 123.9 147.6 149.2 141.2 128.9 129.8 128.8 123.2 101.5 87.3 85.7 76.5 87.4 95.5 99.6 103.4 108.2 110.2 111.5 111.6 110.2 108.5 105.6 95.3 92.3 91.4 90 88.4 88.4 91.1 107.2 116.6 116.4 111.6 106.4 103.3 93.1 79 69.6 61.4 58.7 58.7 59.6 53.8 36.9 29.8 19.4 16 16.9 15.4 12.5 8.6 6.8
254.7 250.6 251.1 248.4 227 217.6 214.5 219.6 231.3 237.1 221.1 220.1 207.5 206.6 212.8 218.8 211.9 214.7 220.5 219.4 218.9 216.9 202.9 182.7 146.5 126.9 112.9 107.3 115.2 137.6 149 146.8 134.2 130.5 128.9 129.5 113.8 98.7 93.5 92.3 81 90.3 100.2 106.6 110.9 110.9 113.4 118.2 119.5 118.9 114.9 108.9 103.5 94.7 92.2 88.3 88.3 92.2 96.8 107 106.4 107.2 103.6 97.8 92.7 82.5 71.9 60.1 57.1 54.5 46.5 37.6 28 23.6 19.2 21.3 19.1 18.7 16.2 13.8 16.6
262 255.2 246.2 244.9 226.1 222.8 227.5 219.7 224.7 246.3 239.4 238.9 232 222.8 212.1 210.3 213.8 217.4 224.2 227.3 222.7 216.2 198.8 178 155.3 140 126.1 112.7 107.5 112.7 127.1 138 134.7 131.2 134.8 129 116.5 116.4 108.2 99.1 94.1 94.2 105 110.4 113.2 112.9 117.8 125.1 126 133.8 128.7 122.5 116.6 107 95.7 93.6 88.4 88.9 95.6 101.2 103.2 105.6 103.9 90.8 87.4 83.7 73.1 64.1 54.6 47.8 36.6 26.8 25.7 22.3 24.9 25.3 23.7 25.4 23.3 25.9 26.3
253 244.5 237 236.7 232.6 227.5 228.9 219.9 223.4 239.1 249.5 245.9 242.9 243.9 237.3 221.9 212.1 207.7 220.2 222.1 221.8 208.2 188.6 173.6 162.8 144.6 138.8 117.6 110.2 107.8 117.2 122.7 127.9 131.4 132.2 128.4 128.2 128.4 119.2 111.3 107.6 101.6 108.8 117 125.7 129.7 127.2 128.1 133.7 142.7 142.4 132.3 127.7 117.3 106.5 97 89.9 89.1 91.3 97.5 101.3 98.4 88.8 88.2 83.1 78.6 69 63.7 54.5 43 30.8 30.5 28 33.1 36.2 35.6 33.8 32.8 39.7 43.2 39.7
255.1 250.4 245.1 245.9 241.8 240.9 228.9 221.8 222.8 223.6 238.6 243.8 249.2 251.8 252.8 247.2 241.6 226.2 207.7 205.3 210.1 201.3 187.8 171.7 162.2 142.8 129.8 120.3 112.9 111.2 109.5 119.5 129.1 128.7 130.8 138.2 134.5 132.4 133.6 119.4 115.6 120.7 110.6 125.2 133.5 141.9 143.9 149.7 145.4 154.7 146.8 140.9 135.8 130.2 118.2 105.9 102.2 91.6 94.4 94.8 86.6 81.4 81.6 78.9 75.7 72.3 66.2 62.3 54.1 36.1 40.8 37.7 37 43 43.9 43.8 44.4 47.9 52.2 53.6 44.2
260.9 261.2 257.5 258.8 249.8 246.9 236.8 229 228.6 226.9 230.5 244 247.5 260.4 268 258.8 257.5 252.6 238.6 207.4 198.6 189.9 181.3 174.6 155.4 146 126.8 121.6 115 115 114.4 110.2 115.8 125.8 135 147.4 143.3 139.4 140.8 132.5 121.3 129.2 130.1 124.7 142.7 153.7 156.8 165.7 172 162.6 167.8 161.2 149.9 141.3 128.4 114.3 102.8 95.2 99.7 91 86.5 79.4 76.9 74.2 72.5 67.8 65.4 60 46.4 41.5 44.8 47.5 47 51.2 52.7 53 52.3 57.2 57.5 58.7 52.2
265.8 264.7 264.6 274.2 262.3 251.1 244.7 237.7 235.5 233 236.9 250.6 266.8 272.6 276.8 277 279.4 264.7 241.4 224.1 208.8 201.1 189.4 177.6 152.2 140.3 125.9 120.9 121.8 120.6 114.3 111.1 118.4 131.9 141.1 144.3 145.3 147.9 147.2 141.9 132.5 136.5 139.7 138.3 143.5 161.9 167.9 182.8 182.8 180.6 171.2 170.4 160.1 155.4 138.6 128.2 113.1 96.4 90.1 90 81 75.7 74.5 70 67.8 68.1 62.2 51.6 46.5 54.8 51.9 52.3 51.5 50.6 54 57.1 62.1 62.2 61.9 61 65.3
265.8 273.6 269.1 278.3 278 268.7 250.5 244 243.5 244.8 243.1 256.6 278.1 290.3 300 294.2 282.1 266.9 246.9 230.7 216.9 209.9 198.6 181.4 157.2 140.8 127.6 127 124.8 121.3 111 112.2 120.6 131.4 143.3 146.8 151.2 156.9 152.6 141.8 139.1 147.8 149 150.7 147.9 159.2 177.9 189.2 187.6 185.3 174.5 172.1 171.3 161.5 154.3 135.7 121 107.1 96.7 82.3 80 79.2 78 70.8 67.1 63.2 55.4 51.1 54.6 55.4 58.4 60.2 58.3 54.5 56.2 59.7 63.1 66 67.4 69.4 73.1
296.2 290.1 283.8 279.2 288.2 279.6 261.5 254.2 256.2 259.9 264.1 263.5 272.3 285.4 294.6 296.1 287.2 271.7 247.2 232.3 224 211.5 200.6 186.2 162.5 149.2 137.3 124.2 119.5 115.8 114.7 118.9 123.7 132.6 140.6 149.9 159.9 157.2 149.1 141.2 139.8 148 163 163.3 165.3 163 167.7 182.6 190.3 183.5 175.6 174 176.1 170.2 158.5 137.6 129.7 119.9 108.4 94.5 81.2 79.1 76.3 75.3 68.4 61.1 54.8 53.9 54.5 58.3 62.1 65.1 56 60.5 61.8 63.6 66.5 69.4 72.8 75.5 84.9
317 313.3 311.9 297.3 306.3 290.3 270 266.7 275.6 286.8 283.9 284.2 289.6 294.9 302.9 303.1 295.3 276 254.3 246.5 232.6 212.4 203.2 190.7 173.7 156 146.5 135.9 129.7 120.7 117.3 117.4 122.1 128.4 138 148 148.2 147.1 145.6 142.3 149.6 154.4 159.2 164.3 168.6 174.8 165.4 169 178.1 179.9 175.2 174 174.8 178.1 163.5 140.1 133.9 129.7 124.5 105.8 88.5 82.3 76.8 75.4 66.4 60 61.3 59.7 59.6 60.1 61.8 61 60.7 63.9 64.9 68.1 73.4 76.8 81.8 86 89
330.3 333.3 335.6 323.6 324 309.7 284.3 287.4 283.8 298.5 301.9 301.9 297.6 312.9 321 317.4 310.1 281.4 263.9 252.1 236.1 218.7 205.3 190.7 178.8 164.7 153.8 146.5 139.5 133.3 129.8 119.3 117.9 123.9 129.7 133.3 133.4 137 139.9 141.7 148.6 160.4 163 164.9 175.2 172.9 165.2 163.9 163.9 164.4 168.8 170.1 176.3 184.3 169.1 145.2 143.2 141.2 131.7 118.8 101.9 84.9 80.4 72.4 67.7 67.5 69.2 66.1 63.5 65.2 66.1 66.4 64.6 68.5 73.5 76.9 83.3 86.6 88.8 90.2 93.4
342.2 344.9 352.3 343.1 343.7 323.5 304.3 302.6 303.4 310.6 320.8 312.6 306.8 315.3 316.9 313.1 303.2 282.6 265.9 255 234.5 217.3 206.3 189.5 179.3 162.8 159.2 152 147.6 140.3 131.2 123.6 127.7 124.2 120 120.4 120.4 121.8 123.6 131.2 141.5 155.8 166.9 170.6 171.2 170.9 166 163.9 163.9 163.5 163.9 165.3 177.4 185 170.2 153.7 156.8 156.2 142.4 128.1 116.8 92.3 82 75.2 75.3 75.5 78.2 78.5 70.6 72.4 73.8 69 69.2 75 81.6 88.3 94 98.3 98.4 99.4 105.8
355.1 346.3 350.6 348.3 354.1 344.7 335.6 330.3 332.1 326.9 326.9 322.3 313.2 313.2 311.3 310.4 300.2 285.3 268.9 254.6 230.1 217 198.2 190.6 173.1 168.2 163.8 156.2 148.9 146.4 140.7 135.5 138.5 138.9 132.4 120.4 120.4 120.4 120.4 120.4 124.2 142.1 159.5 175.9 177.4 167.9 165.3 167.7 167.5 168.2 168.6 168.7 167.6 174.4 172.8 167.3 169.3 164.1 160.8 139.6 126.1 112 97.2 87.4 82.5 82.8 81.4 78.4 74.6 76.4 72.8 69 81.2 86.3 91.9 97.5 102.4 109.8 110.4 113.7 116.7
359.1 359.7 356.4 351.8 354.7 352.6 349.1 342.8 344.4 339 337.5 337.4 327 318.9 311.2 302.8 300.4 281.7 265.3 244.3 223 210.1 196.3 186.3 177.9 171.8 168.5 162.1 154.3 151 144.5 144.3 146 146 142 132.7 127.1 120.4 120.4 120.4 120.4 126.8 145.5 161.2 168.2 162.6 165.9 172.1 170.4 171.7 181.4 174.5 168.9 169.9 171.5 170.1 171.1 168.4 170.6 155.8 136.9 127.2 117.4 103.6 99.4 91.7 84.4 81.9 79.3 74.1 78.6 87.3 97.9 101.4 104.4 107.8 113.1 117 121.9 128.6 130.4
376.6 376 369.7 359.7 359.3 355.7 351.5 350.8 357.3 357.5 353.7 347.8 339.4 319.4 307.6 298.9 290.7 273.8 257.1 234.1 216.8 202 193.5 186 181.4 174.5 169.4 165.1 158.8 156.3 151.6 149.5 150.7 149.9 147.9 142.3 135 130.1 119.9 120.4 120.4 120.2 136.9 145.5 153.5 160.6 167.6 169.3 170.4 173.1 181.1 172 170.3 172.4 184.1 182.5 175.9 165.3 159.3 155.6 147 140 136.8 122.5 116.2 106.6 98.4 92.6 87.2 87.8 93.6 104.3 112.5 115 115.5 119.9 125.7 131.2 135.8 144.8 137.5
