Assets/StreamingAssets/GeoData/Data/nc/NC24.asc
ncols 200
nrows 200
xllcorner 220000
yllcorner 940000
cellsize 50
[rows 36 to 71 of 200, columns 81 to 161 of 200]
106 101.3 98.7 94.5 99.6 105.1 109.5 115.5 113.6 92.8 89.1 101.2 101.1 100.5 97.6 91.2 93.4 104.1 116.6 111.9 115.5 130 131.6 127.4 122.1 121.3 105.1 110.8 109.8 112.3 115.2 120.2 123.5 122 117.8 126.7 115.7 112.5 112.5 126.9 129.7 131.1 132.6 143.6 146.4 143.7 144.9 147.7 149.9 149.9 148.1 147.1 149.4 143 143 143 146.6 148.2 147.2 141 130.8 116.9 98.3 87.6 84 79.4 61.3 52.6 52.6 52.6 52.6 61.9 75.4 85.5 89.2 90.9 90.4 92.7 102.7 112.2 120.6
104.8 103.6 94.6 99.1 112.6 106.1 111.4 111.4 107.8 88 91.9 99.7 105.3 110.8 107.7 95.6 99 107.9 117.4 118.3 125.5 132.3 134.4 126.8 115 113.1 113.2 108.3 108.2 112.3 120.8 130 129.8 125.7 123.1 130.4 125.1 115.8 112.5 128.1 132.8 130.2 145.4 150.6 152.5 148 148.3 142 143.2 145.6 145.3 144.3 143 143 146.6 150.2 148.2 154.7 146.6 135.6 121 110 104.1 97.3 83.4 73.6 62.9 52.6 52.6 52.6 52.6 69.9 72.2 77.6 85.8 89.3 89.6 93.1 96.3 107.6 113.3
98 101 94.5 104.8 107.4 111.2 115 102.2 91.5 87.1 105 107.7 107.7 107.9 108.1 94.7 110.5 111.9 113.6 112.2 124.8 128.9 131.2 127.4 113 113 113 119.6 112.2 108.5 118.9 127.7 129.7 123.6 123.4 125.8 127.6 129.5 118.8 120.7 124.1 129.8 141.1 146.8 152 148.6 148.9 143.7 142.7 143 144.9 146.4 149.1 149.1 145.6 144.4 147.8 148.6 140.1 127.8 113.8 124 119.1 101.3 85.8 75.4 64.8 56.4 52.6 52.6 52.6 56.7 69.5 75.3 85.5 91.3 88.9 95.4 96.1 99.8 105.9
101.4 96.5 102.1 96.8 98.3 107.1 101.5 91.5 84.1 87 115.8 122.4 114.3 107.9 97.4 98.3 110.3 109.6 117.4 114.5 123.9 130.7 132.4 129.6 120.2 113 113 124.6 125.6 121.4 114.9 120.1 126.1 117 120.1 126.9 129.5 136.3 138.8 120.7 115.9 120.8 130.3 139.7 143.9 146.1 146.7 143.8 141.6 144.1 146.3 149.9 150.9 146.9 151 152.2 143.2 146.6 135.7 120.7 118.6 124.4 124.7 117.2 95.4 78.1 67.3 58.9 52.6 52.6 52.6 52.6 67.2 72.4 75.5 87.5 91.5 97.1 100.8 101.2 103.2
103 95.2 94.5 92.2 93.1 95.7 97.1 90.4 84.1 91 108.6 122.3 116.4 104.9 93.7 99.1 105 106.7 109.5 113.6 124.9 132.7 131.4 128.1 123.4 113.5 113 128.6 130.3 126 111.2 110.7 114.8 110.7 118.8 128.6 132.1 135.9 138.7 127.7 126 118.3 125.5 129.2 141.8 143.4 141.8 139.6 140.4 141.7 142.1 149 154 146.9 149 141 140.9 145.7 138.6 129.4 123.1 136.9 138.4 133.7 111.1 83.5 68.5 60.4 52.6 52.6 52.6 52.6 53.2 64.6 64 79 88.8 98.4 111.1 105 104.4
111.6 110.2 108.3 94.2 92.8 94.2 102.4 87.8 85.6 86.2 106.8 114.4 112.6 93.7 95.2 94.2 100.7 97.9 107.6 111.4 115.6 126 128.4 125.9 120.2 114.5 113.7 125.6 128.9 122.6 117.3 112.6 110.7 110.7 117.3 122.6 125.1 127.6 131.9 131.1 128.7 122.3 129 132.1 144.2 139.4 134.7 137.7 138.5 139.3 141.5 148.5 153 150.1 146.8 138.5 138.9 136.1 134.8 125.6 131.1 144.3 144.9 142.2 128.6 105.3 73.6 62.5 52.6 52.6 52.6 52.6 52.6 57.8 66.8 76.5 98.5 96.8 105.2 108.1 101.2
113.9 117.6 116.9 115.4 102.1 85.4 85.7 84.1 84.6 84.5 100.8 115 109.5 99.8 93.7 95.1 95.2 99.5 107.1 111.9 112.4 117.6 122.2 123.2 113.9 113.7 117.5 125.2 126.8 121.4 117.8 118.4 110.7 110.7 113.9 119.5 119.3 123.5 130.6 130.6 139.3 123.8 128.7 132.8 133.9 137 132 132 132 132.7 138.8 146.9 150.2 144.9 138.7 138.1 133.5 130.5 125.7 127 148.8 147.8 146.8 140.1 133.3 131.4 98.4 66.6 54.3 52.6 52.6 52.6 52.6 52.6 71.9 77 86.8 90 92.5 98.1 96.5
114 122 120.2 118.2 112 95.2 84.1 84.1 84.1 84.1 94.6 99.5 96.6 99.3 95.3 94.7 97.5 107.7 109.2 108.8 108.3 111 116.9 122.6 116.5 113.8 119 132.7 135.2 130.4 130.7 124.6 121.1 113.6 110.7 113 120.1 131.5 132.4 127.2 136.6 128.4 131.4 131.6 136.3 137.2 136.8 132 132 132 136.3 138.8 140.9 146.2 148.9 148.2 144.6 132.1 133 148.8 156.9 153.2 149.9 147.9 142.7 139.6 118.5 82.7 60.6 52.6 52.6 52.6 52.6 52.6 53.2 69.6 73.7 84.8 90.3 93.7 95.8
117.1 121.5 122.5 121.9 122.1 107.9 84.1 84.1 84.1 84.1 85.6 91.8 91.6 101.1 96.1 96.2 105.6 121 120.2 110.7 108.6 108.1 108.1 113.1 115.9 118.7 130.3 139.5 137.5 134.3 135.3 128.8 131.4 129.3 116.7 110.7 119.9 131.3 128.7 122.4 124.4 126.8 127.7 129.2 134.5 141.3 132.4 132 132.5 132 142.4 147 138.8 138.8 142.7 144.1 137.9 138.8 148.2 160.1 159.3 153.4 155.5 152.7 147.5 140.3 118.3 87.2 70.7 53.9 52.6 52.6 52.6 52.6 52.6 56.4 64.5 74.9 90.8 91.9 92.6
128.9 127.1 128.8 122.6 121 108.8 96.5 86.6 85 85.7 99 91.5 105.5 108.6 99.4 93.7 108.4 124 132.9 116.3 110.6 108.1 108.1 108.3 116 123.5 134.6 139.3 137.7 137.7 136.6 130.9 134.7 130.3 119.6 119.2 113.4 121.9 127.5 117.3 112 122.9 126.1 133.2 139.7 144.5 145.3 137.6 132 136 142.4 144 142.1 141.1 138.8 145.8 142.8 140.5 150.3 162.3 157.7 160.3 154.4 151 145.3 130 109 98.2 86.1 74 52.6 52.6 52.6 52.6 52.6 52.6 59.8 74.2 82.9 85.8 83.9
133.9 131 134.6 130.7 117.9 106.3 103.6 89.5 87.7 85.5 92.3 100 109.3 107 99.9 94.6 95 110.9 120.7 122.7 117.5 109.3 108.1 108.1 109 120.9 130 131.5 133.8 139.7 134.1 129.3 128.1 128.8 119.2 122.8 122.5 112 124.2 115.7 112 115.1 122.4 135 136.3 147.4 141.8 133.8 133.9 139 144.3 141.9 143.6 145.5 148.1 146.6 152.8 135.5 144.6 148.3 151.9 155.5 151.7 150 139.8 119.4 113 108.9 100 84.5 62.9 52.6 52.6 52.6 52.6 52.6 52.6 58.3 68.4 76.4 74.7
126.5 128.3 131.7 135.9 125.9 109.6 103.2 97.2 86.8 83.9 91.7 108.1 112.4 104.9 94.7 93.5 93.7 96.8 105.3 114.8 116 113.3 114.9 110.8 111.6 116.5 119.3 122.5 128.5 130.6 129.8 132.6 126.9 124.8 117 125.5 121.4 122 112 112 112 116.1 125.2 131 132.8 136.2 135.4 132 136 139.8 145 142.9 147 150 153.4 152.3 145 135.5 144.2 139.3 136.6 136.6 140.3 139.1 123.9 121.1 129.6 127.8 119.8 98.1 80.2 52.6 52.6 52.6 52.6 52.6 52.6 52.6 62.4 68.1 69.1
123.9 119.3 118.4 129.4 113.3 111.8 108.1 101 85.7 82.8 101.7 109.3 109.4 96.8 94.7 93.5 93.5 93.7 95.8 101.6 102.7 111 122.7 115.6 112.1 114.5 119.8 129.5 127.3 127.8 128.5 129 126.6 123.1 117.2 117.9 119.6 122.9 125.2 112 112 123.2 138 132.6 134 133.2 134.9 134 135 142 146.4 142.8 148 152.6 150.5 148.5 144.2 139.2 139.9 143.3 147.2 142 131.1 126.7 130.6 133.4 137.4 137 130.2 114.2 97.4 72.9 52.6 52.6 52.6 52.6 52.6 52.6 59.2 67.6 76.5
122.1 117 112.1 103.4 97 111.3 123.4 105.5 95.6 85.3 89.2 97.4 100 91.5 93.5 93.5 93.7 93.5 93.5 93.5 95.7 106.1 115.8 115.7 112.9 110.1 116.6 125.7 134.4 130.2 134.6 136.9 128 121.3 117 126.2 123.5 124.4 137.1 128 118.3 122.7 126.3 129.1 132.8 134.5 136.2 138.9 137.6 136.1 143.1 144.8 143.7 150 147.6 147.5 144.5 138.1 136.6 140.6 143 133.2 136.5 136.7 145.2 147.7 139.9 141.3 137.3 118 102.2 77.6 55 52.6 52.6 52.6 52.6 52.6 55 63.2 74.6
122 108.9 105.2 91.7 85 98.9 119.6 105.9 96.8 92 78.4 90 84.3 104.5 103.7 102.1 102.3 98.8 100.5 93.5 93.9 106.7 109.4 111.7 113.8 108.1 111.9 118.6 127.1 130.9 134.2 140.8 132.8 124.9 117 120.3 123.5 124.4 133.7 131.8 127.2 126.5 125.9 126.3 131.4 135.5 137.8 140.3 141.3 140.7 146.4 150.4 146.8 152.7 153 155.8 144.8 142.5 135.6 133.9 132.5 137.1 145.4 143.5 150.4 155.5 148.9 145.3 141.7 125 109.4 87.1 68 52.6 52.6 52.6 57.4 59.6 68.1 72.7 72.9
113.3 108.6 97.8 82.3 76.7 98.8 102.7 105 93.2 90.8 80.4 73.2 90.9 108.8 111.6 109.5 104 101.2 105.3 107.9 93.9 99.9 107.3 109.1 105.6 105.1 107.3 114.9 125.6 130 137.3 136.5 133 130.1 123.9 125.7 127.8 131.8 133 134 128.5 123.9 126.5 127.6 136.2 147.6 146.4 141.9 142.3 147.1 152.4 147.5 153.5 159.3 158.5 154 143.6 138.3 136.3 132 133.6 148.5 146.8 143.3 150.7 154.6 154.6 146.3 138.6 129 124.7 97.1 75.1 56 52.6 52.6 56.6 58.9 64.2 65.4 70.8
107.8 101.6 83.1 73.4 72.1 84.4 92.7 102.6 97 89.7 78.7 68.4 85.5 107.9 106.7 105.3 106.7 100.6 106.5 111.6 112.2 97.7 100.7 100.6 101.4 101.9 105 119.7 117.7 126.5 131.2 135.3 132.3 129.9 126.3 137.3 133.1 134.5 139.7 140.1 128.5 132.8 125 132.2 142.2 147.7 148.1 146.3 146.2 142.3 146.3 152.1 156.9 157.9 158.9 152.1 141.5 132 132 132 139.2 150.4 146.7 146.3 153.8 151.6 151.7 145.4 135 134.9 134.7 112.8 82.2 62.7 52.6 52.6 61.6 62.5 68.2 69.3 74.3
85.3 87.2 73.1 77.2 76.9 91.4 86.1 97.3 100.3 95.5 81.3 69.4 76.8 103.8 102.3 107.5 112.3 99.4 103.8 108 119 119.3 99.7 100.3 110 106.1 110.5 113.9 117.6 120.4 127.5 127.6 129.9 130 126.3 138.6 145.1 137.6 137 140.9 147.5 144.8 140.8 130 143.7 138.6 140.6 145.7 145.8 150.4 143.9 150.3 150.9 154.7 158 144.5 132 132 133.2 142.6 141.3 147 148.8 146.9 155.1 153.2 146.6 142.4 141.7 141.9 136.9 121.7 81.5 68.7 57.6 52.6 57.3 65.7 67.6 71.1 72.7
73.6 71.3 56.4 63 76.2 77.9 80.3 90.8 103.8 95.8 88.1 73.4 66.8 85.5 103.4 107.3 109.8 99.4 103.5 108 120.3 119 114.8 100.2 103.1 106.5 119.4 122.8 126.2 127.4 127 122.4 125.3 126.1 125.3 126.2 141.3 145.3 142.7 143 145.8 155.1 153.6 142.3 129.6 131.1 135.4 141.6 149.1 154.5 144.8 148.8 149.3 150.1 145.8 136.7 145.2 140.1 144.8 152.4 150 139.3 145 149.3 154.8 149.3 144.3 146.4 142.7 140.5 138.5 129.9 95.5 73.4 61.3 55.6 57.7 64.6 69.4 71.4 72.4
60.2 50 43.1 38.9 58.8 63.3 71.6 96.4 105.1 94.2 89.9 83.6 68.6 68.6 87.3 97.6 100.6 101.7 106.6 107.9 115 115.7 115.4 112.5 101.9 107.4 123 133.2 132.9 134.5 134.8 128 125.5 122.5 121.6 118.5 128.5 141.3 144 142.2 146 151.3 150 144.9 132.2 127.7 133.5 137.1 143.6 149.7 148.5 147.3 147.1 147.5 138.7 149.4 148.1 151.5 153.8 156.1 153.1 148.5 139.3 140.2 144.2 144.8 148.6 149.3 147.8 137.6 136.7 138 109.1 79.3 65.6 57.2 56.1 66.1 71.3 68.9 73.5
46.8 36 31.4 38 47.2 58.7 60.8 80.9 95.6 87.9 84.6 99.4 76 60.9 77.9 80.8 87.9 99.4 98 97.5 111.9 116.7 119.7 118.3 115.4 106.8 127.4 141.6 136.5 138 135.7 133.7 131.7 130.3 116.6 111.7 117.8 127.3 133.6 134.9 135.4 135.8 146.6 149.3 147.7 128.3 131.4 142.9 147.7 147.8 147.6 145 138.3 136.1 146.9 149.3 149.1 152.2 155.7 153.7 151.2 147.5 139.3 139.3 139.3 139.2 148.6 153.1 151.7 140 138.4 138.7 114.6 81.4 69.6 60.4 59.8 66.4 70 71.8 71
30.4 29.1 27.4 27.8 44.8 48.2 49.7 57.3 75.3 76.6 83.4 87.4 83.7 62.9 51.8 59.9 74.7 91.1 91 99.9 119.4 119.9 123.3 118.8 121.5 122.7 113.7 132.2 139.4 138.8 135 134.7 132.7 127.1 119.9 108.8 121.6 119.4 115.3 120.2 124.1 131.7 141.1 146.5 145.3 152.1 128.5 147.7 155.7 150.5 142 139.8 132.2 138 144.4 145.9 149.1 150.9 151.8 151.9 151.4 148.4 141.1 139.3 139.3 139.3 139.3 148.2 149.2 136.3 134.7 130.5 116.1 85.8 74.6 62.6 56.2 68.1 71.7 73.1 74.8
18.4 18.2 17 22.5 28.1 30.6 40.1 40.2 46.4 52.4 69 84.4 83 77.1 51.1 49.1 65.3 91.8 100.8 108 116.4 116.7 116.4 118.9 127.1 130.9 120.4 116.4 127.3 137.6 134.9 140.2 139.9 129.4 119.4 109.2 119.7 128.4 123 115.3 120.1 128 129.3 134 138.4 146.5 141.3 129.9 146.4 145.2 129.5 128.3 137.4 140.4 142.5 150.8 147.1 147.6 149 151 150.4 142.6 139.3 141.2 139.3 139.3 144.6 147.2 145.7 135.8 132.6 128.4 117.6 97.5 80.5 64.6 56.8 65.3 72.9 76.5 75.2
6.5 7.1 8.3 9.6 11.8 13.1 16.2 19.7 23.3 31.9 49.4 64.1 68.7 62.1 56 42.7 70 92.9 106.4 114.2 108.8 108.5 104.1 118.4 130.2 135.8 128.6 119.6 119.6 134.1 138.5 134.7 131.4 127.4 120.6 109.5 116.9 120.6 121.8 120.1 125.7 134.8 135.1 127.1 124.2 132.9 136.3 124.6 125.9 126.4 125 127.5 140.1 142 143.1 146.4 147 149.7 152.4 154.7 143.1 139.3 139.3 139.3 142.5 140.9 148.4 150.9 147.1 133.3 132.1 134.2 118.4 100.9 83.3 71 58.3 59.1 69.3 73.4 75.3
8.5 7.9 6.8 7.6 7.9 8.1 9.7 11.3 13.6 15.1 26.6 31.4 33.9 66.7 52.8 41.1 60 75.4 88.4 96.5 101.1 100.5 103.7 115.1 119.3 128.4 126.7 120.2 126.7 123.5 139.3 138.9 128.6 126.2 128.6 110.8 106.9 112.8 122.9 123 127.1 134.9 140.2 135.1 125.1 115.7 115.5 112.1 109 110.3 115.6 125.2 136.2 138.9 144.5 146.6 146.9 149.8 150.7 151.4 146 139.3 142.8 146.1 142.8 140.3 140.3 140.3 141.8 136.6 132.3 131.3 113.1 101.8 90.6 72.8 61.2 58.6 64.1 72.8 75.2
10.1 10 11.2 13.3 17.1 15.7 8.1 8.1 9.3 9.3 9.3 12.4 22.9 42.5 51.1 32.9 31.2 50.3 64.7 72.1 82.7 93.8 103.6 104.7 109 122.4 120.7 117.6 119.8 123.2 123.1 131.3 133.9 127.6 124.1 117.5 100.9 111.4 116.2 118.3 119.9 130.4 140.9 135.2 130.6 118.1 106.4 99.6 100.2 98.3 109 120.9 127.3 132.2 144.5 143.3 144.2 145.2 149.4 150.6 146.1 147.8 149.6 158.5 154.7 149.6 150.2 146.7 143 142.1 142.8 129.9 113.8 108.1 101.1 81.9 76 59.2 59.4 67.6 72.8
10.3 14.3 21.7 41.1 42.2 40.9 38.8 28.1 14.2 14.8 12.5 11.4 9.3 12.5 19.5 18.5 15.3 20.1 32.5 44.5 56.1 84 91.9 96.5 103.5 109.8 114.1 115 116.7 124.1 118.9 119.5 123.3 124.1 126.4 121.6 102.4 100.9 108.2 117.3 116.5 123.4 131.9 132.5 128.8 112.9 109.5 107.9 98.3 98.3 98.3 112.1 112.4 121.9 134 133.9 138.1 140.3 145 144.1 145.2 147.3 154 153.7 155.9 148.6 146.7 146.1 148.4 143.2 140.8 135.9 118.2 107 100.7 100.2 85.4 67.9 59.3 59.8 63.1
14.8 29.8 50.3 45.1 42.8 54.5 61.1 49.6 28.3 19.5 18.5 17.6 13.6 9.5 11.2 14.3 13.2 16.5 18.3 21.9 35.5 61.7 78.1 85.9 89.7 94.5 106.9 109.1 115.6 128.3 125.2 121.6 118.9 122.8 125.2 121.6 114.8 100.9 100.9 117.2 123.7 126.9 126 123.1 124.6 113.2 105.2 99.6 98.3 99.6 98.3 98.7 103.1 109.8 115.7 124.7 126.1 132.1 134.3 139.4 142 142.8 147.8 151.7 155.6 153.2 146.3 145.9 148.3 145.5 139.7 133.5 120.5 111.5 111.3 103 86.4 75 62 59.3 61.2
25.4 49.6 56.9 58 54.2 43 52.4 62.5 56.5 28.2 23.8 22.1 17.9 18.4 13.6 11.9 12.1 15.5 17.2 19.9 28.3 53.5 61 67.5 70.7 78.9 93.3 96.8 107.9 115.3 121.1 123.3 124.3 121.5 123.1 125.4 118.8 104.7 100.9 125.9 130.8 128 125.8 112.7 107.8 104.8 95.5 99.8 102.6 112.5 117.2 112.1 108.6 109.8 110.5 111.2 117 124.8 131.7 135.1 137.7 139.7 146.7 154.7 155.1 156 149.9 142.1 143.2 141.5 137.8 139 132.1 117.4 105.3 96.3 95.7 94 74.4 59.2 61.1
67.4 67.8 64.6 69.8 73.6 57.4 48.1 54.7 68.3 73.3 57 44.5 33.6 26.2 18.6 16 12.1 13.8 16.2 17.8 34 45.8 52.8 53.2 57.1 69.4 76.5 83.8 89.3 110.8 119.4 120.5 123.8 123.4 120.6 121.7 122.6 118.6 100.9 126.5 135.4 126.8 121.7 108.5 99.3 95 96.7 98.6 113.6 128.5 132.6 126.3 119.2 114.8 116.9 125.5 126.2 131.6 139.7 143 138.2 139.1 140.2 144.7 150.4 151.9 148.7 137.6 138.8 139.4 143 145.6 136 121.6 106.2 99.6 104.3 102.2 85.1 61.7 62.1
84.6 90.1 84.6 91.7 86.5 78.4 56.3 59.1 70.2 79.1 80.1 61.8 53.5 63.2 47.2 18.5 17.1 12 13.3 16.5 23.2 30.2 33.8 37.7 46.8 53.9 62.9 68.4 82.5 98.5 112 117.9 120 120.4 120.7 112.2 108.9 113.5 107.2 121.7 126.9 125 111.7 99.3 92 93.6 98.4 102.1 114.6 124.4 128.5 133.6 131.1 125.5 120.5 130.6 134.4 136.6 141.7 147.4 150.8 152.7 145.5 146.7 141.2 140 135.9 133.2 132 138.8 138.5 133.7 132.9 121.9 110 107.6 107.4 103 85.9 68.4 60.3
96.5 104 103.3 100.8 106.9 96.3 80.8 83.8 79.7 82.9 85.9 73.3 74.2 85.3 77.6 47.6 20.9 15.4 17.1 13.4 13.7 15.1 19.6 25.1 36.6 45.4 58.4 52.3 65.7 81.7 98.6 107.4 114.2 119.2 115.9 109.8 101.9 106.7 106.7 106.1 109.5 111 94.4 89.1 90.1 93.9 96.5 111.2 126.5 120.2 124.7 128.4 132.6 138.6 123.9 128 140.8 149.9 145.4 144 144.4 146.4 146 143.3 142.4 141.5 124.7 122.2 122.9 126 123.4 122.3 117.8 112.8 116.3 108 104.8 105 90.5 77 61.9
100.9 109.5 115.6 113.9 121 117.2 103.7 105.2 105.4 93.2 81.2 80.1 88.9 88.7 81.8 68.8 47.5 24.5 20 20 16.6 13.5 15.2 22.3 30.7 46.9 49.4 56.3 55.9 64.9 83.1 98.2 108.9 116.8 115.5 109.9 103.7 104.6 106.2 91.8 95.8 88.4 85.7 87.1 99 99.6 96.3 102.7 114 118.3 123.4 125.6 129.8 132.3 128 123.1 136.7 146.2 146.4 141.2 139 137.5 140.8 140.1 147.6 143.5 138.7 119.8 111.4 111.4 115.3 111.6 112.1 117 123.2 106.1 100.7 100.1 89.9 77 65
112 119.4 123.1 126.4 122.5 124.5 118.3 102.7 109.7 110.5 93.5 78.8 78.4 79.1 78.1 72.4 70 43.1 36.4 22.5 20.9 18.9 14.8 18.6 36.7 54.5 54.7 57.1 61.7 69.4 78.9 89.2 100.6 109.9 112.7 105.3 107.9 112.9 99.1 89.8 74.9 72.8 78 109.8 108 103.1 96.7 106.3 106.6 111.3 120 123 126 130.7 130.1 132.6 121.7 135.6 140.7 139.8 134.4 133.8 135.7 138.3 142.3 147.1 142.1 136.2 116.1 111.4 111.4 111.4 111.4 120 115.6 104.6 99.1 95 84.4 78.7 71.7
119 127 131.3 136.1 132.8 129 132.7 120.6 113.6 110.1 105.4 100.8 79.9 79.6 80.6 93 86.4 64.2 40.6 29.3 28.7 58.8 31.5 14.5 19.5 42.7 62.3 79.6 82.9 79.2 102 104.4 102.8 107.7 103 100.7 98.1 94.8 88.5 79.1 71.3 68.6 95.1 109 111 99.8 90.3 98.7 104.9 108 118.1 120.3 119.9 124.7 128.4 132.5 128.5 121.7 132.7 134.1 131.9 129.7 128.9 133.8 137.8 142.3 138.6 130.3 115.1 111.4 111.4 116.3 125.7 125.1 106.2 100.3 102.2 102.2 86.7 82.1 71.5
126.3 133.7 137.4 142.7 141.7 141.4 143.8 139.8 121.3 118.4 110.7 110.9 97.8 85.6 92.5 95.8 93.4 84.9 51.4 35.7 33.8 59 72.2 45 16.4 21.4 43.9 59.3 72.6 89.5 98.3 99.7 104.1 99.1 92.7 87.8 89.1 82.3 71.5 70 65.6 72.6 99.4 112.5 110.5 92.2 94 100.4 100.2 105.1 108 110.6 115.4 117.1 121.1 130.3 132 119 119.5 128.5 127.3 123.7 124.9 132.9 136.7 138.3 128.4 119.6 111.4 112.8 115.3 129.7 130.2 119.9 111.7 114.4 116.7 106 91.2 78.2 70.9
