Assets/StreamingAssets/GeoData/Data/nc/NC25.asc
ncols 200
nrows 200
xllcorner 220000
yllcorner 950000
cellsize 50
[rows 36 to 71 of 200, columns 83 to 165 of 200]
120.9 123.4 132.8 134.5 135.5 142.3 143.4 144.8 144.5 142.7 140.3 143.6 149.6 160.9 169.7 183 201.7 201.5 205.7 201.4 205.6 210.4 217.6 217.5 218.6 229.8 234.6 240.2 244.3 248 249.3 246.8 278.9 296.9 318.5 347.6 355.5 354.4 347.5 342.4 343.3 342.1 339.8 335 331 326.2 319.1 307.7 300.5 297.7 298 302.6 314 326.2 341.6 345.5 343.9 336 328.4 317.7 310.3 306.1 303.2 300.4 302.2 306.8 309.7 309.4 312.4 314.8 318.6 326.5 331 331.9 327.5 327 330.6 324 316 310 303.8 294.5 290.6
126.9 128.8 128.4 135.4 139.7 140.7 142.6 147.2 149.6 146.3 141.5 144.6 153.8 169.4 167.9 183.1 194.7 201 207.6 210.1 207.3 213.5 221.5 225.1 226.1 234.1 243.3 244.8 248.3 251.2 244.8 249.7 283.8 300.6 321.2 346.9 352 346.4 339.4 337.7 339.2 340.7 339.1 332 327.2 321.9 313.5 304.6 297.7 295.5 296.6 304.8 317.3 335.9 352.1 354 349.5 342 333.8 322 313.5 310.1 305.5 301.8 304.4 309.6 311.6 313.3 318.6 326.9 332.8 335.8 334.7 333.8 332.8 331.2 330.1 326 317.2 309 301.1 293.5 288.8
132.1 133 132.4 135.6 141.9 144.8 146.6 149.5 151.2 149.7 142.4 145.7 158.7 168.8 178.9 194.8 194.3 192.8 200.3 210.7 216.4 216.8 227.2 231.2 231.1 242.6 245.7 249.2 251.9 251.5 244.8 254.3 279.4 295.4 313.3 333.6 340.2 333.5 334.9 336 337.4 337 333.9 327.8 323.3 317.7 311.7 305.6 295.9 294 296.5 305.1 315.8 334 346.7 349.9 347.1 341.2 333.5 322.6 315.6 313.1 307.8 306.4 307.9 310 310.5 314.1 319.7 326.6 336.9 339.2 337.5 334.6 334.4 335.4 329.5 325.2 318.2 311.9 307.2 298.1 290.1
135.2 137.5 134.1 136.1 142.7 152.9 152.9 152.5 153.5 149.8 143.5 145.7 158.4 165.4 179.2 190.8 201.2 200.6 199.6 207.9 217.7 221.9 228.9 232 239.1 243.5 248.8 251.6 253.7 253.5 249.4 255.9 274.4 285.9 298.1 313.9 324.7 327.3 331.2 334.1 332.6 328.1 325.7 321.9 318 312.1 308.8 303.5 293.1 293 297 304.3 316.2 324.9 335.3 341.5 341.5 336.6 326.3 318.6 315.1 313 309.8 307.2 309.5 310.7 312.8 318.3 323.7 332.4 344.9 342.8 338.6 334.1 334.4 333.7 328.6 323.7 319.8 318.7 315.7 306.7 294.6
137.5 139.6 138 141.9 142.7 153.9 157.3 156 154 155.6 147.2 146.9 159.2 163.4 182.9 193 200.1 204.5 209.8 210.4 222.3 237.5 231.5 236 241 248.8 251.9 256.7 254.1 250.5 246.7 259.3 265.4 275.1 283.2 295.8 309.8 314.5 319.3 321.6 323.2 321.7 318.5 314.9 310.4 306 302.1 296.5 288.6 289.7 294.7 303.4 309.9 320.1 322.9 328.2 330.1 323.8 317.1 312.2 309.7 310 308.4 307.4 310.1 314.9 319.9 323.4 328.1 339.9 342.9 341.9 341.2 339.5 336.9 333.6 330.1 323.9 323.6 321.1 317.6 309.9 302.7
142.6 141.3 140.7 146.2 146.3 149.6 158.9 156.3 154.5 152.6 150 149.6 156.3 164.8 178 192.8 199.6 209.2 217 213.9 216 230.4 236.6 239.6 244.5 246.8 253.6 257.5 250.1 243.6 237.7 254.9 266.2 270.4 276.5 287.7 293.9 298.7 311.2 315.5 317.7 314.5 309.4 305.8 302 297.9 293.6 287.8 281.4 282.7 289.5 295.9 302.9 308.5 312.3 311.8 311.9 308.6 305.7 303.3 300.9 306.2 306.4 309.1 313.9 320 324.8 326.6 330.5 339.1 341.6 340.3 339.4 337.4 335.3 334.4 330.4 324.6 326.1 322.6 319.4 315.6 308.3
144.7 143.2 146.2 148.4 151.2 153.5 155.8 158.6 157.7 156.4 152.4 151.1 155.6 164.3 174.5 187.5 203.2 211.7 215.7 216.1 226.1 235.9 237.5 243.2 244.9 248.8 250.6 247.5 232.4 225.1 224.5 239.6 255.1 262.5 266.5 274 277.4 283.8 296.7 303.7 306.6 300.5 294.7 294.1 292.1 288 286.8 280.7 272.2 276 280.9 287.5 293.4 298.7 300 299.2 293.9 294 292.2 293.2 297 303.1 305.8 311.7 316.1 321.9 327.5 333.8 337.6 338.7 339.4 339.1 338.1 335.8 334.9 333.8 330.2 326.5 326.3 323.8 320 317.2 313.3
146.7 145.9 146.7 151.5 155.9 160.4 161.2 159.4 159.9 159.2 160 153.5 157.2 167.7 176.7 192.3 211.2 215.7 222.7 217.7 233.4 235.8 242.5 243.8 245.4 250 245.5 227.6 220.3 215.4 213.7 218.1 227.7 236.3 248.4 261.1 260.4 265.1 281.5 288.1 289.4 284.6 283.2 284.3 282.1 282.8 280.7 269.8 263 268.3 273.7 277.8 283.2 288.7 287.4 285.1 284.7 284.4 283.9 285.6 293.3 303.5 319.6 324.7 324.9 325.5 327.2 332.9 338 337.5 335.9 335 335.6 333.2 332.7 332.7 331.9 333.5 330.1 322.6 318.1 314.8 311.5
147.7 146.7 149.4 155 159.8 164.5 167.2 164.8 159.8 162.8 162.4 156.6 162 169.6 178.6 194.8 208.8 215.3 222.3 227.1 236.8 237.3 240 244.1 244.8 242.2 222.6 214.6 211.8 209.7 209.6 214.8 223.6 229.9 234.1 238.9 248.2 255.8 262 267.5 273 279.5 281 276.4 273.5 277 272.5 261 258.1 264.3 268.4 270.3 272.9 276.6 278.2 276.5 279.1 279.2 278.4 281.9 290.6 304.8 322.4 327.5 327.8 329.9 334.1 336 333.6 331.9 330.8 333.5 333 331.1 331.5 331.9 332 332.2 328.2 324.2 320.8 315.5 309
150.9 150.9 153.8 157.8 162.5 166.1 170 172.4 161.5 165.5 164.6 159.3 166.6 169.6 180.9 206.6 214.4 217.3 214.9 220.9 231.5 234.2 238.2 238 238.4 235.1 213.6 205 205.3 208 209.7 222.3 230.3 233.1 238.6 242.6 254.3 256.8 259.7 263.9 271.7 274.8 271.6 266.7 265.7 264 257.9 251.3 250.4 257 259.7 262.3 265.4 267.2 268 269.2 270.9 268.4 271.9 282.3 295.4 303.6 315.6 323.2 328.7 330.6 335.6 332.3 329.4 328.4 329.3 328.8 329.6 328.4 329.2 329.1 329.2 328.4 326.5 322.9 318.8 314.8 310.8
155.6 156.1 155.5 157.2 162.2 166.4 170.2 171.4 163.8 168.6 166.6 162 163.8 170.6 174.4 195.3 204.2 211 213 222 232.8 241.2 239.4 239.9 234.3 223.1 211.8 203.3 203.8 209.9 212.3 226 229 234.5 241.3 245 252.4 258.4 256 254.8 264.5 265.8 261.3 253.5 253.1 252.7 244 241.9 245.1 248.7 251.5 256.8 258.1 260.8 264.1 265.4 262.7 263.5 268.4 281.9 297.3 300.2 309.1 319.2 325.2 330.4 334 331.8 325.2 326.8 326 326.3 326.1 326.1 326.9 328.1 327.6 324.8 321.9 319.3 316.5 313 309.8
160 162 159.4 157 158.4 164.2 171.5 169.5 168.9 170.4 168.9 167.1 164.7 168.9 175.4 190.9 212.4 216 212.9 227.4 236.1 243.5 242.1 238.6 223.3 206.6 204.8 200.8 203.4 206.7 215.9 225.9 229.4 235 239.4 242 249.1 253.1 253.1 250 249.1 249.9 247.5 243 243.5 240.6 238 236.9 240.7 244.2 243.9 247.9 251.7 254.9 255.5 255 257.2 261.4 268.4 287.3 297.1 301.1 308.4 315.9 321.4 329.3 329.9 326.5 326.8 326.8 325.9 325.7 325.3 324.8 323.4 321.3 321 321.6 319.1 316.3 313.3 310 306.8
159.9 164 161.3 161.1 164 165.6 167.5 168.9 168.7 168.3 170.5 166.5 165 165.2 171.4 187.3 207.7 210.9 216.5 226.7 233.4 230.6 239.4 232.8 210.6 199.2 199.3 202.6 205.7 214.5 217.2 228.2 228 235.4 238.8 240.2 242 242.6 243.9 243.5 241.7 236.3 233.3 234.1 233.5 228.5 229.8 231.3 230.8 233 236.3 238.8 243.5 245.8 247.1 247.7 251.5 257.3 267.3 287.7 295 303.1 309.8 318.6 322.1 323.3 325.3 324.1 323.7 326.6 326.5 323.9 324.1 322.8 320.1 317.7 316 314.4 313.7 311.4 308.3 304.3 300.5
156.9 161 163 166.2 171.6 177.5 174.1 168.9 168.6 169.3 171.1 173.1 167.9 165.3 165.9 184.8 193.4 211.6 225.9 230 228.7 226.8 221.8 223.1 198.3 196.2 199.1 202.3 209.4 214.9 218.9 226.3 230.8 231.6 234.8 239 234.4 234.2 234.2 230.8 228 226.3 223.8 222.9 221.8 218.4 217.9 220.2 222.3 228.5 230.7 234.1 239.3 240.6 241.2 243.2 245.8 249.7 261.2 282.8 292.9 300.1 307.9 315.7 325 326 323.1 320.8 321.7 324.6 324.2 322.2 320.1 318.6 318.1 315.7 312.8 308.7 306.5 304.8 304.7 303.8 299.5
156.6 162.1 166.6 170.6 176.8 181.8 177.1 168 180.7 178.1 167.9 173.4 174.9 171.2 167.1 172.6 188.5 207.6 223.3 225.9 226.2 220.1 214.1 204 190.7 191.6 195.9 203.6 209.2 212.6 216 229.2 235.9 232.5 226.8 228.7 227.3 226.7 223.5 227.1 222.9 221.8 220.5 217.2 216.2 210.7 211.3 214.1 217.1 221.9 229.5 234.2 237 238.5 238 240.2 244 252.4 260.2 268.2 288 295.6 300.5 305.5 324.1 326.2 319.6 318.1 319.5 320.1 320 317.9 315.1 313.9 313.3 311.4 309 305.7 303.4 299.1 297.6 296.9 295.8
160.1 165.1 175.8 176.8 182.6 183.6 174.8 174.4 182.4 182.1 179.1 174.6 174.1 176.4 171.9 171.2 178.2 193.4 207.4 213.8 215.7 215.4 209 194.4 187.3 188.4 201.5 205.5 206.6 207.4 214.7 224.3 229 226.6 223.9 221.7 221.5 219.8 217.5 216.8 214.9 213.8 212.1 209.4 206.5 206.4 206.9 211.7 217.3 222.4 228 232.2 233.1 232.2 231.1 236.4 242 251.4 256.5 263.2 272.4 287.4 296.3 300.3 314.2 320.5 313.9 315.5 313.5 311.7 308.5 309.1 308.7 310.3 309.2 306.9 303.6 300.9 298.4 295.1 292.4 290.4 288.6
164.9 168.6 180.2 182 186.7 179.7 175.2 180.2 183.6 184.6 184 184.4 181.9 179.1 176.9 175 176.2 179.1 190.7 197.5 202.6 207 203.7 192.5 186.1 191.8 204.9 204.6 206.4 205.4 208.7 215.7 219.2 216.9 218.3 217.2 216.8 210.4 211.3 211.4 207.7 203.5 201.9 201.9 202.1 202.3 206.4 212 215.2 220.5 223.3 226.3 228 227.6 228.8 232.4 239.2 247.3 254.8 259.3 267.8 277.4 285.8 299.6 305.4 306.6 309 313.3 308.6 306 304.2 302 304.7 305.4 304.3 302 298 296.7 294 290.4 285.1 283.9 279.7
169.5 170.4 178.2 182.3 186.4 178.6 177.6 186.3 186.6 186.7 187.3 190.2 190.2 188.5 184.1 179.4 178.5 178.6 181.6 187.4 191.2 195.8 197.6 185.9 186.4 193.1 197.4 206.5 205.1 205.4 208.8 211 210 208.7 208.5 208 207.2 203.7 201.4 200.1 195.9 195 194.8 194.9 197.8 201.3 205.4 210.1 214.2 218.1 220.5 221.5 219.3 215.7 222.6 228.5 236.5 245.5 249.7 258.1 262.1 271.2 280 289.3 295.2 293.5 304.4 307.3 302.4 298.8 296.1 295.5 295.2 295.1 293.9 291.9 291.6 289.5 287.7 285 281.2 276.5 274.7
168.3 170.8 175.1 180.3 180.5 176.1 182.1 187.2 188 187.7 188.5 192.2 196.2 197.8 190.4 184.9 179.2 179.2 180.2 183.3 189.6 190.5 189.2 181.9 185.5 189 197 202.2 201.4 204.4 209.3 206.9 204.3 204.5 202.6 201.1 199 197.9 192.1 189.2 190.4 188.9 190 190.7 194.7 199.9 204.6 208.4 214.3 216.3 219.1 216 214.2 210.5 217 226.8 232.1 237.5 245.2 253.5 254.9 260.3 272.5 282.8 282.3 284.2 290.7 295.7 293.8 293.6 290.5 289.4 288.8 288.4 287.2 285.5 286.9 284.4 282.2 279.3 276.7 271.2 267.9
169.6 171.9 174.9 178.1 178.1 177.5 182.3 186.3 187.4 187.6 193.8 190.9 193.7 196 194.2 189 185.9 179.3 175.7 180.8 189.9 187.8 180 176.1 177.2 185.1 190.8 196.5 194.5 199.2 205.5 204.9 201 200.9 199.4 195.8 191.6 183.1 183.1 184.1 184.4 184.7 186.9 189.3 191.7 196 200.8 205.5 212 213.9 214.5 212.2 211.3 207.4 212.5 221.7 225.8 230.4 238.3 244.6 250.6 255.3 259.8 265.3 269.6 279.3 284.3 284.4 284.6 282.4 280.4 280.5 279.5 278.5 276.5 276.5 275.3 273.3 272.3 270.4 268.9 266.6 263.8
179.1 176.3 175.8 176.6 178.3 179.6 182 185.6 187.3 186.5 188.8 188.5 188.5 191.1 192.6 191.5 188.4 181.9 174.4 173.8 178.9 178.4 172.1 170.7 175.5 181 187.1 187.3 192 195.3 194.9 198.1 198.2 192.2 188.1 185 176.4 174.5 177.9 179.4 180.9 180.9 183.5 185.6 188.6 192.4 197.7 200.3 204 204.9 205.3 204.8 203.1 206.1 209.3 218.6 222 225.7 231.6 239.8 243.4 250.3 255.2 258.3 264.2 269.3 273.9 277.4 277.4 275.7 272.6 270.2 269 269.6 269.5 269.1 267.8 267 265 263.2 261 259.9 258.4
175.8 183 175.4 175.9 178.6 180.2 183.3 185.7 187 187.2 186.1 185.5 185.4 188 192.3 189.6 186.6 179.4 180.4 178.1 172.7 172.2 167.2 170.5 173.2 176.7 182.5 183 187.6 187.8 188.6 185.7 179.7 179.2 173.8 169.5 168 170.8 174.8 175 175.7 178.1 180.3 181.9 186.5 188.3 193.2 197.4 200.8 202.9 203 203.4 198.6 204.7 207.3 209.3 213.3 218.9 223.6 232.5 238.4 245.7 252 253.7 259.9 262.3 265 267.6 269.1 268.5 266.5 264.3 263.1 264.1 266.1 268.1 264.4 263.3 261.6 256.8 255.8 255.2 252.6
169.1 171.9 172.8 174.5 180.1 183.4 186.2 187.6 186 186.2 185.1 183.8 183.5 183 184.4 183.2 180 178.5 179.3 177.6 174.5 171.1 163.5 166.1 167.8 173.1 176.4 180.4 182.9 182.3 175.8 169.8 167.9 170.1 164.6 163.5 164.9 166.8 169.9 173.3 172.1 173.5 175 176.8 179.3 182.4 185.8 190.1 193 196 197.4 197.3 194.2 200.9 203 207.6 209.8 213.3 219.3 224.9 231.9 238.8 242.8 244.4 251.7 253.4 257.4 257.9 257.5 259 257 256.6 258.6 260.9 263.1 261.6 259.3 258.2 255.1 253.1 252.3 249.4 245.7
169.8 170.5 170.5 171.9 176.4 186.6 187.3 185 185.3 185 184 183 181.5 180.1 179.6 179.6 176.5 175.9 178.3 177.6 175.8 173.8 164.1 161 160.5 166.8 170.6 171.9 171.7 167.1 163.4 161.5 161.9 161.8 162 162.7 164.4 166 167.6 169.7 169.5 170.8 172.4 173.3 175.5 178.7 180.6 182.8 186.4 190.3 191.3 188.7 191 194.1 199.7 204.4 207.4 211.6 216 221.3 226.9 228.9 232.8 234 240.6 242.2 246 248.1 248.6 250.5 249.1 253.4 256.1 255 254.5 253.4 253 252.5 250.7 249.3 247.1 242.4 239.1
171.5 170.8 170.2 170.2 171.8 175.9 179.5 181.6 183.4 183.3 183.5 182.7 180.9 178.2 177.5 175.4 174.2 172.4 171.9 176.5 173.8 168 164.9 161.4 159.3 159 160.3 162.6 162.5 161.4 160.1 159.9 160.2 160.6 161.4 163.3 164.9 165.9 166.8 167.4 167.4 168 169.6 170.9 171.1 172.4 173.9 177.3 179.1 180.5 181.5 182.7 185.7 188 194.8 200.6 205.6 209 212.3 214.8 219.5 222.2 220 227.8 233.4 236.7 239.5 243.4 245 245.4 244.8 248.7 252.6 251.3 247.5 247.2 249 249.8 247.2 245.9 242.9 238 235.5
173.4 171.1 169.7 168.9 168.5 171.2 174.9 178 179.7 180.9 181.5 183.9 179.3 177.6 175.6 174.4 172.5 169.6 168.5 168.2 165.9 164.7 162.9 160.6 158.5 157.9 159 157.7 158.7 159.4 159.2 159.7 160.1 160.6 162.1 163.9 164.6 165.5 166.2 166.4 166.5 166.8 167.4 169.5 169.9 170.6 170.2 170.7 171.2 172.7 175.9 177.6 180.3 184.5 190.8 193.7 201.6 200.2 203.6 207.7 209.7 210.5 211.7 219.2 225.4 227 233.4 237.3 239.2 238.8 241.2 246.1 247.7 246.3 242.8 243 244.8 245.1 243 241.1 238.6 233.7 231.8
171.8 168.8 168.3 167.3 166.3 166.5 169.4 173.6 178.4 179 177.5 177.4 175.7 174 172.8 171.8 169.8 166.9 165 164.1 162.6 162.8 161.3 160.2 159.3 157.1 157 158.3 160.2 160.1 159.8 159.6 159.6 161.7 162.8 163.2 163.9 164.5 165.2 165.5 165.7 165.9 166.2 166.4 167.7 166.8 168.3 168.9 168.8 169.5 170.8 175.2 178.6 180.5 184.8 189.7 191.9 195.7 197.4 202 203.8 202.9 208.4 211 215.1 222.1 227.9 234.8 233.1 231.2 236 240.8 241.5 240.4 239.1 240 241.5 242.7 240.1 237.4 234.9 227.9 227.1
161.7 164.1 165.3 162.7 161.9 162.4 163.7 167.2 175.7 170.5 171.8 169.7 171.6 170.2 169.2 166.9 165.9 165 160.8 159.3 157.9 157.6 158.4 159.2 158.8 156.8 157.7 159.9 160.7 161.3 161.5 160.3 160.4 160.1 161.3 162.5 162.8 163.4 164.2 164.6 164.8 165.2 165.5 165.7 165.5 164.3 167 167.2 167.6 167 168 172.2 174 178.4 180.6 186.7 187.9 190.2 194.5 196.2 195.6 196.5 202.8 206.4 213.4 219.5 225 225.9 227.7 228.2 233.6 237.6 239.1 239.1 238.2 238.1 239.7 237.8 234.5 231.1 228.4 224.3 224.3
152.9 154.9 157.9 156.8 156.5 158.7 160 160.2 163.9 162.5 164 163.3 167.2 165.2 164.8 163.7 163.2 161.4 159.3 156.8 156.1 156.5 156.8 157.2 155.8 155.3 157.8 160.5 161.9 163 163.4 163.6 163.8 161.8 160.2 161.7 161.9 162.3 163.2 163.8 164.1 164.4 164.8 165 164.8 164.9 164 165.7 165 165.4 166.5 168.6 170.5 172.1 176.1 179.6 183.5 186.4 191.4 192.5 191 193.7 198.4 203.1 210.1 214 214.4 216.1 223.1 227.5 232.3 237.8 240.4 237.5 237.2 236.8 237.4 235.7 231.8 227.8 225.1 223.4 222.4
143.8 147.2 148.4 150.2 150.4 152.6 154.7 153.8 154.1 154.8 157.5 158.6 161.9 161.3 160.8 160 159.1 157.7 156.3 154.6 154.5 155.3 155.6 155.7 154.7 157.6 159.3 161.3 162.5 163.3 165.1 167.1 167.7 165.4 163.4 163 161.9 162.2 163.2 163.1 163.1 163.1 163.7 164.7 164.9 164.9 164.9 163.6 164.2 163.9 164.3 166.5 168.2 169.1 172.2 174.5 177.1 181.2 183.3 184.7 187.1 191.9 195.3 200.6 203.2 206 207.9 215 221.1 225.6 232 235.2 233.4 233.7 235.9 236.9 237.3 233.9 229.9 226.6 223.6 221.6 220.2
136.6 137.9 141.2 142.6 145.8 147.8 149.1 147.2 146.4 156.2 156.2 154.5 156 156.9 156.6 155.7 154.6 153.7 152.8 152 153.1 153.9 154.3 152.4 156.4 158.3 159.9 161.1 162.6 163.5 165.5 167.5 168.8 168 167.1 166.1 165.3 165 164.9 164.3 164.5 163.1 163.1 164.5 164.9 164.9 164.1 164.9 163.7 162.5 164.9 164 166.6 167.2 167.8 169.7 172.4 174 175.4 178 183.6 187.6 190 198.6 204.5 209 211.6 215.5 219.7 223.6 226.4 230.4 231 233.7 235.1 236.3 234.9 230.7 226.6 222.7 220.9 219.2 216.1
126.9 134.3 138 139.1 140.1 140.7 138.8 141.9 142.4 144.4 146.2 151.8 151.1 151.6 151.1 151.6 151.7 151.1 150.7 150.7 151.7 152.4 152 155.3 156.9 157.5 159.5 160.9 162.3 164 166 168.1 170.1 169.9 169.8 169.5 168.7 167.6 167.5 166.7 165.6 165.3 164.9 164.7 164.9 164.9 166.1 165.1 164.9 164.9 164.9 162.5 163.4 163.5 164.9 162.7 165.1 168.1 169.1 174.1 177.2 179 185.7 193.5 201.3 207.1 212.2 215.9 220.4 225.7 230.8 230.9 232 234.5 234.4 233.6 231.4 228.3 224.2 221.4 219.4 217 214
123.9 129.5 138.7 138.7 139.3 137.9 142.5 142.7 140.4 142.1 143.4 144.4 149.5 148.5 149 149.1 149.5 149.8 149.3 149.3 148.5 152.1 154.1 155.1 155.9 157.7 158.8 161.2 163 165.1 168.4 170.2 171 171.1 171.9 173.2 172.4 171.5 170.6 169.2 168.2 166.8 167 166.4 163.8 164.8 165 165.2 164.9 164.9 164.9 164.9 164.9 164.9 164.9 164.9 164.9 164.9 167.1 169.9 171.7 173 182.4 190 197.1 203.1 208.7 213.3 217.7 225.2 229 230.9 231.7 232.7 231.5 230.2 227.3 224.3 221.6 219.1 216.9 214.7 212.3
124.3 125.5 133.7 134.8 137.5 139.1 141.7 141.8 141.7 140.9 142.5 143.2 143.9 146.1 146.8 147.2 147.7 148.4 147.7 149.6 151.4 152.9 154.1 155 155.9 157.9 158.7 161.5 163.2 166.6 168.2 170.1 171.2 172.6 173.9 174.9 175.4 176.5 175.3 172.5 170.8 169.1 167.8 167.3 166.7 166 165.6 165.3 164.9 164.9 164.9 164.9 164.9 164.9 164.9 164.9 164.9 164.5 166.5 166.7 166.6 170.2 177.2 184.1 192.1 199.4 204.7 209.9 214.9 220.8 225.1 228.9 231.5 232.2 230.2 227.5 223.7 220.5 218.1 214.9 212.5 210.2 208.8
120.3 126.3 131.6 133.4 135.3 140.4 141.7 141.7 144.6 142.9 141.4 142 142.2 142.4 144.5 145.4 145.9 146.1 148 150.7 152.1 153 154 155 156 157.7 159.2 161.5 164.5 167.2 167.8 170.1 172.7 174.3 177.3 178 179.1 179.3 178.5 176.3 175.2 172.8 170.5 168.4 167.8 167.2 166.1 165 164.8 163.8 164.6 165 164.9 164.9 164.9 164.9 164.9 164.9 165.4 165 165.4 167.7 173.6 179.6 187.6 194.4 200.1 205.4 211.2 218.2 223.1 225.7 227.1 227.1 226.9 224.2 220.9 217.6 213.5 210.5 208.1 206.4 205.3
133.2 135.4 136.2 149.9 142 143.1 141.5 144.3 145.8 146.5 144.5 148.6 145.4 144.5 144.9 144.6 147.3 148.4 150.1 151.4 152.3 153.2 154 155 156.1 157.5 159.1 161.5 165.3 168 169.4 172.8 175.8 178.2 181.2 181.2 180.9 181.9 182.2 181.2 179.5 177 174.7 171.2 169.2 168.3 167.5 166.8 166.6 166.7 165.9 165.9 164.9 164.9 164.9 164.9 164.9 164.9 164.9 164.9 164.7 166.3 172.4 177.2 182.9 188.5 194.5 201.3 206.3 213.1 218.7 221.3 221.7 220.7 220.1 219.4 215.8 213.1 210 206.6 204.2 202.7 201.1
