Assets/StreamingAssets/GeoData/Data/nc/NC27.asc
ncols 200
nrows 200
xllcorner 220000
yllcorner 970000
cellsize 50
[rows 152 to 189 of 200, columns 84 to 167 of 200]
-1.7 -1.7 -1.7 -1.7 -1.7 -1.7 -1.7 -1.7 -1.7 -1.7 -1.7 -1.7 -1.7 -1.7 -1.7 -1.7 -1.7 22.1 50.6 58.5 64.6 67.5 67.5 67.4 68.8 69.7 72.8 77.9 78.8 78.4 76.7 70.4 62.4 57.5 54.9 49 38.7 47.6 61.2 63.5 65.9 66.1 66.1 65.1 63.8 63.1 61.3 60.5 61.5 62.1 62.6 64.6 67.1 68.5 68.7 70.1 71.4 71.5 71.3 72.7 74.7 78.1 85.5 97.6 102 103.5 102.6 103.2 104.8 102.3 101.1 100.7 100.7 102.9 107.3 111.4 108.7 106.4 101 101.6 105.8 103.7 100.5 91.7
-1.7 -1.7 -1.7 -1.7 -1.7 -1.7 -1.7 -1.7 -1.7 -1.7 -1.7 -1.7 -1.7 -1.7 -1.7 -1.7 -1.7 42.4 51.5 64.4 69.7 72.1 71 71.2 72.7 71.8 73.2 76.3 77.4 77.8 73.6 66.6 60 57.5 55.8 45.8 40.3 62.9 63.2 64.2 65.5 65.5 64.4 63 63.1 62.9 61.5 61 62 62.9 64.1 66.1 68.1 69.1 70.1 69.5 70.6 71.6 71.7 72.8 74.1 77.9 86.1 93.7 99.6 102.8 103.1 104.3 106 104.5 102.6 102.5 104.1 106.9 108.6 111.2 108.4 103.1 102.8 103.4 102.2 102.2 101.8 99.3
-1.7 -1.7 -1.7 -1.7 -1.7 -1.7 -1.7 -1.7 -1.7 -1.7 -1.7 -1.7 -1.7 -1.7 7.6 8.2 29.6 50.6 58.1 64.6 71.4 73.4 73.1 73.6 72.8 73 74.1 74.8 75.2 72.3 68.4 62.6 60.1 59 58.1 47 51.5 64.6 64.7 64.4 64.6 64.5 63.8 63 63 64.1 62.1 61.6 63.4 64.3 65.8 67.6 69.3 70.6 71.4 70.1 70.9 71.8 72.4 72.9 74.2 76.1 82.2 88 93.2 97 100.8 103 104.6 105.6 106.6 109.4 109.4 110.9 107.6 108.5 105.5 104.4 103.5 103.3 102.2 102.2 103.4 100.5
-1.7 -1.7 -1.7 -1.7 -1.7 -1.7 -1.7 -1.7 -1.7 -1.7 -1.7 -1.7 -1.7 3.8 41.6 44.8 25.1 54.9 60.8 66.8 71.5 72.8 72.9 72.8 72.8 72.8 75.1 75.3 72.2 68.1 64.5 62.2 62.1 61.7 60 34.8 60.9 63.4 61.2 60.4 62.3 64.9 68.7 67.5 64.6 64.7 63 63.4 64.9 66 67.7 69.5 71 71.7 72.3 71.6 71.3 70.7 71.5 72.7 74.5 75.9 77.8 82.1 87.1 90.8 94.9 99.4 104 111.3 113 113.5 112 109.2 107.2 105.9 104.6 106.6 109.3 108.1 105.7 104.4 102.7 100.8
-1.7 -1.7 -1.7 -1.7 -1.7 -1.7 -1.7 -1.7 -1.7 -1.7 -1.7 -1.7 -1.7 6.6 33.4 49.4 52.1 55.2 62.5 66.5 70 72.8 74.5 73.1 72.9 73.3 74 74.5 70.6 65.2 62.1 62.2 63.9 64.2 53.1 41.5 55.8 59.2 59.7 60.2 63 69.6 74.4 73.1 67.5 64.9 62.9 66.3 69.5 72.1 72.2 73.3 74 73.8 73.7 73.5 73.5 73.3 73.5 73.6 75.4 76.8 77.4 78.7 82.3 85.8 89.5 93.1 102.5 110.3 115.1 114.6 110.4 108 107.3 105.1 106.5 109.1 110.2 110.2 108.2 110.2 107.1 103.8
-1.7 -1.7 -1.7 -1.7 -1.7 -1.7 -1.7 -1.7 -1.7 -1.7 -1.7 -1.7 -1.7 -1.7 38.4 51.1 54.3 56.2 63.3 66 69.2 71.5 72.9 72.5 72.2 72.5 71.7 69.6 65.9 62.7 62.5 62 63 62.5 38.4 46.4 52.1 56.9 59.3 63.2 68.2 73.4 77.4 76.8 72.2 66.5 65.9 69.4 74.8 80 82.1 80 78.4 76.9 76.3 75.5 75.2 75.5 76 76.4 76.2 76.4 77.2 77.9 78.4 80.5 82.5 85.7 94.8 106.5 111.8 112.1 110.6 109.6 110.1 109.2 114.8 115.5 114.5 114 115.4 112.8 110.1 108.3
-1.7 -1.7 -1.7 -1.7 -1.7 -1.7 -1.7 -1.7 -1.7 -1.7 -1.7 -1.7 -1.7 -1.7 23.4 44.2 52 52.1 60.8 65.1 67 68 69.5 71.1 72.3 71.5 69.7 66.5 63 61.3 61 62.1 62.1 61.4 37.1 40.1 53.2 60.2 64.3 69.7 74.5 78.8 83 81.4 76.5 70.8 67.9 69.8 76 82.8 84.7 84.3 83.1 81.3 79.8 78.5 77.6 77.5 78 78.1 77.9 77.5 76.8 77.2 77.5 77.8 78.4 79.5 84.1 93.6 103.3 108.2 110 113.6 117.8 117 120.6 124 123.7 125 120.7 120.6 115.5 110.4
-1.7 -1.7 -1.7 -1.7 -1.7 -1.7 -1.7 -1.7 -1.7 -1.7 -1.7 -1.7 -1.7 0.6 30.3 30.5 37.6 46.1 54 59.4 58 58.6 62.7 65.9 69.4 69.7 66.5 62.2 58.7 59.9 60.2 59.2 55.5 44.9 33.1 51.3 60 67.4 71.3 74.7 79.1 83.3 86.3 84.7 79.8 74.1 70.6 74.9 75 79.3 83.7 85.5 85.7 85 83.2 82 81 80.1 79 78.8 78.1 77.5 77.3 77.5 77.9 78.2 78.5 78.5 79.1 83 89 97.7 106.4 111.5 117.5 120.8 123.5 124.8 126.2 127.2 126.3 125.9 119.5 116.4
-1.7 -1.7 -1.7 -1.7 -1.7 -1.7 -1.7 -1.7 -1.7 -1.7 -1.7 -1.7 -1.7 1.6 0.5 41.8 36.3 37.9 42.7 45.9 50.6 56.2 60.2 62.2 65.4 65.5 61.1 50.3 51.6 57 55.3 51.4 36.6 33.1 46.2 60.6 65.8 73.5 78.5 80.1 82.8 85.9 87.2 86.3 82 75.9 75.2 78.7 80.5 81.4 81.9 85.3 86.1 87 86.4 85.8 84.1 82.4 80.5 79.6 78.8 77.9 77.5 77.5 78.3 78.7 79 79.2 79 79.3 81.1 85.7 91.3 99.3 109.5 115.8 120.5 122.7 123.6 124.9 125 122.5 118.9 113.4
-1.7 -1.7 -1.7 -1.7 -1.7 -1.7 -1.7 -1.7 -1.7 -1.7 -1.7 -1.7 -1.7 26.7 35 27.9 25.8 38 41.7 45.2 54 63.4 65.2 61.5 59.9 58.6 48.4 31 28.2 35.1 33.1 31 42.6 54.1 62.9 66.3 72.2 78.2 81.5 82.7 86.7 90.5 90.6 87.4 82.7 76.9 78.9 83.4 87.4 88 85.2 86.3 87.1 88 88.2 87.6 86.7 85.1 83.4 80.6 79.7 78.7 77.9 77.8 79 79.5 79.6 79.9 80.4 83.1 80.5 80.4 83.6 88.7 97 107.7 113.9 117.2 118.6 120 120.4 117.3 113.6 106.8
-1.7 -1.7 -1.7 -1.7 -1.7 -1.7 -1.7 -1.7 -1.7 -1.7 -1.7 -1.7 -1.7 -1.7 -1.7 -1.7 -1.7 -1.7 15.1 25.8 40.3 52.2 53.6 51.8 49.5 35.6 25.8 40.2 43.7 36.9 46.4 52.5 58.3 64.8 69.5 70.8 75.4 80.6 83.8 85.7 88.7 91.3 91.3 88.7 84.3 79.1 81 83.4 88.7 90.8 86.7 87.6 88.3 88.9 89.4 89.1 89.3 88.3 87.9 83.5 81.5 80 79.8 80.5 80.2 80.6 81.9 84.1 87.8 84.8 83 81.7 81.4 82.3 88.1 95.6 104.7 110.5 112.4 112.6 112.6 110 105.5 99
-1.7 -1.7 -1.7 -1.7 -1.7 -1.7 -1.7 -1.7 -1.7 -1.7 -1.7 -1.7 -1.7 -1.7 -1.7 -1.7 -1.7 -1.7 4.7 22.9 16.7 21 22.9 21.8 25.7 39.9 46.5 49.6 52.3 56.8 60.8 62 65 71 75.3 77.1 79.6 83.8 87.1 89.1 90.6 91.4 91.4 89.9 86.8 82.6 82.1 86.2 89.1 89.7 88.2 88.8 89.2 89.8 90.1 90.6 90.9 91.1 91.2 89.8 87.1 86.5 85.2 87.4 87.5 83.6 84.4 86.5 91.2 91.6 89 84.5 83.1 82.4 83.2 87.2 93.3 99.4 102.7 103.9 102.6 101.6 99.4 94.6
-1.7 -1.7 -1.7 -1.7 -1.7 -1.7 -1.7 -1.7 -1.7 -1.7 -1.7 -1.7 -1.7 -1.7 -1.7 -1.7 -1.7 -1.7 23.8 58.2 60.1 63.3 58.4 56.4 52.1 51.8 50.8 55.4 61.1 66.6 69.8 71.9 74.3 77.7 80.6 83.4 85 88.1 90.2 91.5 91.8 92.3 92.6 91.7 88.8 84.2 85.9 88.7 90.8 90.9 89.7 90.3 90.3 90.5 91.3 93.1 95.9 93.3 93.2 92.8 92.6 92.6 92.8 93.1 93.4 88.8 89.8 91 93.8 96.9 98 92.8 88.8 87.3 84.1 84.3 87.4 90.7 94.4 96.3 97.7 97.9 95.7 89.6
-1.7 -1.7 -1.7 -1.7 -1.7 -1.7 -1.7 -1.7 -1.7 -1.7 -1.7 -1.7 -1.7 -1.7 -1.7 -1.7 -1.7 15.2 48.6 67.1 72.6 72.9 70 66.8 66.5 62.3 56.5 61 68.2 73.7 75.6 77.1 79.2 83 85.6 87.5 89.1 91.3 92.2 92.8 92.9 93.6 94.4 93.6 89.4 85.6 89 92 94.1 95.8 93.1 94.9 96.4 97.1 96.7 101.6 104 104.4 102 99.7 99.2 97.6 97 96.9 94.4 93.7 94.1 93.9 95.2 99.6 101.9 99.9 95.7 91 87.3 84.9 85.5 87.8 89.6 91.3 92.5 93.1 91.9 87
-1.7 -1.7 -1.7 -1.7 -1.7 -1.7 -1.7 -1.7 -1.7 -1.7 -1.7 -1.7 -1.7 -1.7 -1.7 -1.7 -1.7 28.8 60.3 74.5 76.4 77.8 75.5 73.8 72 68.2 63.8 67.9 71.6 76.3 79.8 82.5 83 87 89.9 91.7 92.8 94.2 94.5 94.3 94.6 95.4 95.8 94 89.5 90.5 92.7 95.3 97.9 99.1 98.1 99.8 101.9 103.6 105.4 107.5 108.7 108.8 107.5 105.6 103.7 101.1 99.3 96.9 97.1 99.1 99.9 96.8 102.2 107.8 114.7 112.8 108.5 102.7 95 89.3 86.8 87.3 89 90.6 91 90.4 88.6 84.4
-1.7 -1.7 -1.7 -1.7 -1.7 -1.7 -1.7 -1.7 -1.7 -1.7 -1.7 -1.7 -1.7 -1.7 -1.7 -1.7 4.6 38.4 78.7 81.6 81.7 81.2 80.3 79 75.9 72.9 70.2 71.3 74.2 78.2 82.4 86.8 89.1 91.4 93.5 95.6 96.7 97 97 97.9 97.9 98.3 97.1 94.4 91.2 94.3 96.6 98.3 101.7 102.5 103.2 100.7 104.1 106.5 108.2 110 111.6 112.4 111.3 110 106.7 103.1 100.2 99.7 101.3 103.9 105.4 106.1 112.5 121.2 125.9 122.4 117.9 115.8 110.2 105.4 96.3 90.5 90.1 91.3 92.3 91.2 86.7 83.6
-1.7 -1.7 -1.7 -1.7 -1.7 -1.7 -1.7 -1.7 -1.7 -1.7 -1.7 -1.7 -1.7 -1.7 -1.7 -1.7 9.6 41.7 83.6 85.1 86.7 87.1 85.3 83 79.5 75.9 74.1 73.6 75.6 80.8 85.7 89.5 92.3 94.1 96 98.4 98.9 99.5 100.3 101 101.4 101 99.6 97.2 93.3 97.8 101.9 103.6 105.5 105.7 105.5 105.6 104.7 108.1 109.6 111.1 112.7 114.3 113.9 112.1 109.3 106 103.5 105.8 107.2 108.8 112.7 120.1 124.7 128.1 131.1 130.3 130.1 126.9 119.3 112.8 107 100.4 96.8 95.7 95.8 95 89 83.7
-1.7 -1.7 -1.7 -1.7 -1.7 -1.7 -1.7 -1.7 -1.7 -1.7 -1.7 -1.7 -1.7 -1.7 -1.7 -1.7 26.3 65.7 89.1 90.9 92 90.1 88.4 86.8 83.6 79.9 78.1 77.2 80.3 84.5 88.4 92.3 95.6 97.3 99.2 100.3 100.8 101.4 103 104 105 105.8 104.6 102 97.3 103.1 106.1 107.8 108.4 108.4 108.1 108.4 108.9 109 110.3 111.9 113.5 114.7 114.9 113.4 111.1 109.1 107.4 111.1 114.3 119.2 124.4 126.9 129.3 131.9 133.8 133.2 131.7 129.1 125.3 119.7 115 109.8 105.6 102.3 101.4 98.9 91.6 84.7
-1.7 -1.7 -1.7 -1.7 -1.7 -1.7 -1.7 -1.7 -1.7 -1.7 -1.7 -1.7 -1.7 -1.7 -1.7 -1.7 38.1 53.4 82.7 94.3 97 96.3 95.1 92.2 88.9 84.8 82.1 81.9 85.6 89.1 92.4 95.4 98.4 100.4 100.5 102 102.9 103.6 105.5 108 110.1 110.7 109.2 106.9 102.9 106.2 109.3 112.2 112.1 112.3 111.6 110.3 110.5 110.9 111.3 112.1 114.3 115 114.6 114.4 113.3 111.1 111.1 114.6 119.2 124.2 129.1 131.7 133 134.7 135.4 134.2 132.5 130.2 126.6 123 119.8 115.7 112.3 108.5 107.6 103.9 94.6 86.2
-1.7 -1.7 -1.7 -1.7 -1.7 -1.7 -1.7 -1.7 -1.7 -1.7 -1.7 -1.7 -1.7 -1.7 -1.7 -1.7 1.8 15.3 65.2 98.2 99.2 101.5 102 97 93.4 90.7 89.8 89.7 92.9 94.9 97.9 99.4 101.2 101.9 102.7 103.6 105.3 106.6 109.6 112.4 114.8 116.2 113.7 110.7 107 108.8 111.1 113.2 115.5 117.9 116.5 114.7 113.5 112.2 112.3 111.6 114.2 115.3 115.2 115 113.9 113.4 114.3 117.1 122.7 129 131.2 133.3 135.6 136.8 136.1 134.9 133.3 130.9 127.6 125 122.6 119.8 116.8 112.9 109.4 103.9 94.7 86.4
-1.7 -1.7 -1.7 -1.7 -1.7 -1.7 -1.7 -1.7 -1.7 -1.7 -1.7 -1.7 -1.7 -1.7 -1.7 -1.7 -1.7 2.4 20.2 100.6 103 103.8 103.5 100.5 96.6 95.4 96 98.4 99.9 101.4 103 103.4 103.7 104.2 104.9 105.9 108.4 110.7 114 116.7 120.3 121.3 117.5 113.3 110.7 111.7 113.8 115.7 118.3 120.8 120.6 119 117.5 115.3 113.9 112.8 114.6 115.6 115.7 115.6 115.1 115.2 116.1 119.9 124.7 130.9 134.6 136.2 136.8 136.9 136.7 135.8 134.1 132.3 129.1 126.5 123.6 121.6 119.1 115.7 110.8 104.2 93.2 86.3
-1.7 -1.7 -1.7 -1.7 -1.7 -1.7 -1.7 -1.7 -1.7 -1.7 -1.7 -1.7 -1.7 -1.7 -1.7 -1.7 -1.7 -1.7 18.2 104.6 107.1 106.6 105.2 103.2 100.1 97.9 98.4 102 105.9 106.2 106.8 106.5 107.4 107.9 108.1 108.7 111.6 115 118.5 122.4 126.3 126 120.1 115.8 113.6 115 117 118.3 121.3 122.3 121.9 121.7 120.9 118.9 116.2 114.4 113.6 115.6 115.4 116 116.1 117 118.9 123 127.3 131.1 134.5 136.6 137.2 137.5 137.6 136.7 134.8 132.6 129.8 126.6 124.1 122.4 119.4 116.1 110.6 103 92.2 87.1
-1.7 -1.7 -1.7 -1.7 -1.7 -1.7 -1.7 -1.7 -1.7 -1.7 -1.7 -1.7 -1.7 -1.7 -1.7 -1.7 -1.7 -1.7 48.9 109.8 109.7 107.7 106 104.2 102.4 101.9 101.4 105.3 109.4 110.8 111.3 111.6 113.3 115.7 116.8 116 116.5 119.4 122.9 125.6 129.1 128.9 123.4 118.5 116.2 118 120.5 121.6 123.5 124.5 124.6 124.5 123.5 121.5 118.8 116.1 114.2 114.8 115.3 116 117.3 118.6 121.3 126.3 130.4 133.1 134.8 136.4 137.4 137.9 138.1 136.3 134.4 132.1 129.3 125.5 123.3 121.1 118.3 115.3 109.3 99.2 94.2 92.7
-1.7 -1.7 -1.7 -1.7 -1.7 -1.7 -1.7 -1.7 -1.7 -1.7 -1.7 -1.7 -1.7 -1.7 -1.7 -1.7 -1.7 -1.7 21.9 113.1 111.3 108.4 106.7 105.1 103.5 104.3 104.7 107.9 112.5 114.7 117.7 120 122.9 123.9 125 123.3 122.8 125.3 128.1 130.4 132.9 131.5 126.8 121.8 119.6 121.1 121.7 123.6 125.4 126.6 127.2 126.8 125.7 124 121 117.8 116.1 114.4 116.4 116.8 118 120 123.8 128.3 131.9 133.7 135.1 136.2 136.8 137.1 136.2 134.8 132.4 130 126.8 123.7 121.5 119.1 116.4 112.3 105.9 101.3 93.5 98.6
-1.7 -1.7 -1.7 -1.7 -1.7 -1.7 -1.7 -1.7 -1.7 -1.7 -1.7 -1.7 -1.7 -1.7 -1.7 -1.7 -1.7 -1.7 1.9 88 110.4 107 106.8 105.6 105.3 107.4 108.1 112.2 115.5 120 124.6 127.5 133.2 137.3 136.3 133 129.7 131.4 134 136.2 137.2 134.7 129.5 125.1 122 123.3 124.1 125.5 127.8 128.6 129.1 129 127.9 126.2 123 119.8 117.1 115.5 117 117.9 118.7 121.7 126 130.3 133 134.7 134.7 135.5 135.7 135.3 133.9 131.6 129.4 126.7 124 120.9 118.4 116.4 113.5 109.9 106.9 101.3 99.8 102.5
-1.7 -1.7 -1.7 -1.7 -1.7 -1.7 -1.7 -1.7 -1.7 -1.7 -1.7 -1.7 -1.7 -1.7 -1.7 -1.7 -1.7 -0.6 1.6 52.4 108.2 104 103.7 105.6 107.3 109.8 110.4 114.8 121.4 127.6 132.4 136.5 141.8 145.6 146.2 142.2 137.8 137.7 140.6 142.4 141.3 138.4 133.1 128.6 125.6 125.3 126.5 127.9 129.3 130.4 131.9 132.1 130.7 128.6 125.6 122.2 117.6 115.8 117.6 118.2 119.4 122.2 125.7 129.6 133.2 135 134.1 134.2 133.5 132.8 130.8 128.5 125.5 123.4 120.8 118.3 115.9 113.4 111.3 108.9 105.9 105.3 104.9 105.6
-1.7 -1.7 -1.7 -1.7 -1.7 -1.7 -1.7 -1.7 -1.7 -1.7 -1.7 -1.7 -1.7 -1.7 -1.7 -1.7 -1.7 0.2 2.2 57.7 104.2 103.7 103.1 105.1 107.5 111.3 112.2 116.5 125.6 133.8 141.9 147.7 150.9 154.5 153.4 149.7 145.7 144.7 146.6 147.7 147.4 143.3 138.1 131.7 129.1 129.5 128.8 129.9 131.4 132.3 134 135.9 134.9 132.2 128.7 125.5 119.5 117.2 116.9 118.3 118.7 121.7 125.2 127.8 131.6 132 131.5 131.1 130 128.8 127.3 125.9 124.4 121 118.4 116 113.9 112.8 111.5 109.3 108.8 108.2 107.4 108
-1.7 -1.7 -1.7 -1.7 -1.7 -1.7 -1.7 -1.7 -1.7 -1.7 -1.7 -1.7 -1.7 -1.7 -1.7 -1.7 -1.7 0.6 3.1 70.3 102.6 102.7 102.9 105.4 107.1 110.7 114.5 119.3 128.3 139.3 149.3 156.3 160.6 162.2 160.9 156.4 151.6 152.7 153.3 153.2 151.7 147.8 143 136.2 133.3 135.7 134.7 134.4 133.5 135.2 136.4 138.8 139.4 136.5 131.2 128.1 123.1 118.3 117 117.3 118.4 119.7 122.1 124.3 127 127.4 127.7 127.6 127.3 125.9 125.2 124.9 123.6 119.9 117.7 116.4 116.2 115.1 113.3 111.4 111.8 110.9 110.1 110.3
-1.7 -1.7 -1.7 -1.7 -1.7 -1.7 -1.7 -1.7 -1.7 -1.7 -1.7 -1.7 -1.7 -1.7 -1.7 -1.7 -1.7 0.3 3.2 80.2 94.2 94.4 99.8 105.4 108 110.6 115.4 122.1 130.8 142.8 153.9 160.6 165.6 167.1 166.8 161.4 156.8 157.1 158.4 158.1 155.7 152.5 147.2 141.4 137.3 139 140.6 141.3 140.1 140.2 141 142.3 142.8 139.6 134.8 130 126.3 120.8 118.6 117.6 118 118.6 119.7 121.9 122.8 124 125.1 126.5 126.6 124.5 125.8 125.1 123.9 121.3 119.4 118.8 118.5 117.8 113.9 114.6 114.3 114 113.5 114.8
-1.7 -1.7 -1.7 -1.7 -1.7 -1.7 -1.7 -1.7 -1.7 -1.7 -1.7 -1.7 -1.7 -1.7 -1.7 -1.7 -1.7 0.6 5.5 31.9 81.3 101.2 104.1 108.3 110.9 113.4 116.4 122.6 132.1 146 157.1 163.4 167.1 169.4 167.4 164.9 162.1 161.1 162.1 162.6 159.8 155.7 151.5 146.1 142.5 142.8 144.9 145.6 147 147.1 145.7 145.5 145.3 142.3 137.9 132.9 128.3 122.6 119.6 118.9 118.5 119.6 120 121.2 122 123.3 124.2 125.4 126.2 126.4 126.1 125.2 124.7 123.3 122 121.5 120.9 120 118 119.2 118.8 118.1 117.9 119.5
-1.7 -1.7 -1.7 -1.7 -1.7 -1.7 -1.7 -1.7 -1.7 -1.7 -1.7 -1.7 -1.7 -1.7 -1.7 0.4 1.5 4.3 18.7 51.2 85.3 103.6 108.1 110.8 113.7 116.9 120.9 123.1 129.5 141.4 151.9 159.8 166.4 169.5 168.3 166.7 166.6 167 166.2 166 165.4 162.7 157.7 153.3 148.2 147.4 148.9 151.1 151.8 151.2 150.7 149.7 147.8 144.8 140.4 135.4 129.8 123.8 121.2 120.4 119.7 121.2 121.8 122.1 122.6 123.5 124.2 125.4 126.6 127.9 127.8 126.9 126.2 125.5 124.5 123.8 123.1 122.3 122.4 123.9 123.4 122.5 121.9 123.6
-1.7 -1.7 -1.7 -1.7 -1.7 -1.7 -1.7 -1.7 -1.7 3.6 37.7 1 2.5 -1.7 5 6.2 20.4 36.6 51 75.4 94.3 108.8 112.5 115.1 118.4 121.9 126.5 130.9 134.4 139.1 147.6 155.7 162.8 166.9 168.9 169.1 169.2 170.7 172.5 173 173.4 171.7 169.3 164.8 159 155.4 156.9 159.6 161.2 160.4 159.2 157.5 154.1 149.9 143.7 137 131.2 125.4 123.1 122.1 121.9 123.3 123.4 123.6 124 125.1 126.9 128.7 129.7 130.7 131.1 130.5 128.6 127.8 127.7 127.1 126.1 124.6 125.5 128.1 127.8 125.7 125.2 126.4
-1.7 -1.7 -1.7 -1.7 -1.7 -1.7 -1.7 -1.7 1.4 86.1 92.7 101.7 114.6 68.9 111.3 107.9 87.3 65.8 80.3 106.4 113.6 116.2 119.4 122.3 125.5 129.9 133.8 137.5 141.7 146.1 148.1 155.7 161.8 166.3 168.9 170.5 172 172.7 173.9 175.1 176.5 178.2 178.7 175.8 172.8 166.1 166 169 172.1 175.3 172.8 166.1 159.9 153.7 146.6 139.4 132.8 127.5 124.9 124.2 125.4 126.3 126.2 126.1 127 129.2 130.7 131.6 133.2 134.7 135.7 134.8 133.1 132.1 131.2 129.6 128.8 126.6 126.6 131.1 130.2 128.2 127.9 128.4
-1.7 -1.7 -1.7 -1.7 -1.7 -1.7 -1.7 -1.7 83.5 99.5 111.4 120.6 126.9 126.2 118.5 112.4 102.9 113.8 113.9 119.1 120.9 123.4 126.9 130.6 133.8 138.1 143.2 147.3 149.1 152.2 155.6 156.4 163.2 168.2 171.2 172.6 173.7 174.8 175.4 176 177.8 180.5 184.1 187 186 181.4 174.7 177 180.6 183.9 182.9 172.5 163.8 155.4 149.1 142.3 135.1 130.7 129.3 128.7 127.9 129.3 129.6 130.1 130.9 133.6 136.5 136.8 138.1 138.7 139.3 138.3 137.3 137 135 133.1 131.6 128.9 128.6 131.6 131.9 130.1 128.9 129.4
-1.7 -1.7 -1.7 -1.7 -1.7 -1.7 -1.7 -1.7 75.3 106.8 122.6 129.9 134.6 123.7 120.4 120.1 120.2 121.3 123.1 125.6 129.2 133.6 137.3 141.2 145.4 151.2 155 157.5 159.4 162 163.4 164.1 165.3 170.3 173.8 175.4 176 176.4 176.1 176.9 179.1 182.6 186.8 192.2 195.9 197.3 192 182.3 185.4 186.4 182.9 175.5 166 158 151.1 145.6 139.1 136 134.1 132.4 131.7 132.6 133.2 135.1 136.7 139.7 142.2 142.2 142.2 142.1 141.5 141 139.8 140.1 139.1 136.8 135.4 132.7 131.1 131.6 131.7 129.7 128.4 128.4
-1.7 -1.7 -1.7 -1.7 -1.7 -1.7 -1.7 14.6 82.6 114.4 133.6 138.4 137.1 125 122.7 123 124.8 126.3 128.8 133.7 138.1 143.2 149.6 154.4 159.9 164.9 167.1 169.3 171.9 172.5 173.6 172.1 169.6 172.7 175.6 178.2 179.5 179.9 180 179.7 182.1 185.3 190.4 197.2 201.6 206.1 207.9 202.5 195.9 189.6 186.8 180.9 171.3 161.9 155 148.4 143.7 141.6 140.5 138.8 137.4 138 139.9 142.1 143 145.1 146.7 147.1 146.5 146.2 144.7 143.6 142.4 142.9 142 140.5 138.8 136.4 133.5 133.1 131.5 128.7 129.3 128.7
-1.7 -1.7 -1.7 -1.7 -1.7 -1.7 -1.7 41.3 88.7 120.6 140.3 147.8 142.8 126.9 125.2 126.4 129.5 132.2 136.3 142.6 149.9 155.6 162.3 169.9 172.9 175.8 178.9 183.1 185.5 184.5 181.1 175.6 173.9 174.4 177.9 180 182.8 185 185.8 186 188 191.9 196.8 202.8 211 217.9 221.5 222.6 218.8 209.9 198.3 191.4 179.1 167.7 159.2 152.4 147.2 146.7 147 146 145.1 144.2 146 148.2 150.6 150.5 151.3 151.3 150.7 149.5 147.8 146.1 144.5 144.9 144.1 142.4 140.4 138.4 135.7 136.5 132.8 129.5 129.3 128.7
-1.7 -1.7 -1.7 -1.7 -1.7 -1.7 16.8 59 97.5 124.3 147.2 151.7 145.9 131.6 126.8 128.9 134.1 140.6 147.4 154 160.7 168 174.9 180.6 181.4 184.8 192.9 198.5 195 190.4 184.5 178.8 174.9 176.9 180 184.8 187.9 190.6 191.4 193.3 196.1 200.5 206.5 213.6 221.1 228.1 234.9 237 235.3 231.5 220 202.9 190 176.1 166 158 153.3 151.8 152.8 152.3 151.3 150.8 152.1 153.9 157.2 156 155.2 154.5 153.9 152.3 150.3 148.3 146.7 146.1 145.1 143.5 141.2 138.2 136.9 140.2 135.8 130 128.5 127.7
