Assets/StreamingAssets/GeoData/Data/nc/NC30.asc
ncols 200
nrows 200
xllcorner 230000
yllcorner 900000
cellsize 50
[rows 0 to 34 of 200, columns 0 to 78 of 200]
197.9 194.4 190.9 185.7 179.7 177.8 174.3 170.4 166.5 163.3 160.4 157.5 154.7 153.7 153.9 154.1 154.2 154.9 155.9 156.8 157.5 157.9 158.4 159 161.5 162.5 160.9 161.9 153 164.6 166.7 166.5 166.3 171.4 168.5 165.6 175.1 187.2 196.5 203.3 215.2 216.5 218.2 217.4 216.7 215.8 215.5 215 212.3 214.8 218.8 222.4 225.2 229.4 233.1 235 237 239.4 241.4 244.3 247.2 248.5 250 252.4 253.9 252.5 256.5 259 260.3 260 262.8 264 263.4 265.3 267 267.9 267.7 268.1 268.1
196.1 193.2 189.8 186.8 180.7 178 174.8 170.9 166.9 164.2 161.2 158.2 155.3 153 153.1 153.3 154.4 154.5 155.4 156.3 156.9 157.3 157.7 157.9 159.4 162.2 159.6 154.1 153.7 160.4 163.3 163 163.1 165 163.7 165.1 174 183.2 195.7 207.8 212.9 216.1 216.1 215.4 214.8 213.2 211.5 211.1 210.7 214.7 219.3 224.1 228.3 230.3 234.8 237.6 239.4 241.5 244.6 247.6 250.1 251.8 253.9 255.5 256.8 258.6 257.3 260.7 263.5 263.7 264.9 266.3 266.2 266.3 268.6 269.9 269.9 270.9 271.6
193.7 192.7 190.1 187 181.7 177.8 174.9 171.3 168.2 165.1 161.7 158.6 156 153.7 152.5 152.6 153.2 153.9 154.9 155.8 156.2 156.5 156.5 156.6 155.8 149.2 149.9 151.2 156.6 158.6 159.7 161.6 161.5 162 162.4 164.9 176.3 183.7 197.3 207.2 211.4 214.7 214.7 213.5 212.8 211.3 209.4 206.3 208.5 214.9 220.2 225 229.1 233.5 237 239.4 241.9 243.9 247.2 250.1 252.7 254.9 256.9 258.6 259.8 260.8 260.7 262.1 264.3 265.8 266.2 267.7 269.2 268.9 271.4 272.7 273.1 273.6 275.1
191 191.8 190.9 187.3 183.6 180.1 176 172.2 169.1 165.9 162.5 159.1 156.8 154.5 152.2 152.4 153.2 153.9 154.6 155.1 155.1 155.2 155.3 155.3 152.6 151.4 153.1 154 156.6 157.3 158.3 158.8 159.7 160.4 161.4 165.5 177.1 186.6 197.3 205.2 211 215.8 212.2 210.5 209.4 208.6 208.1 202.1 208.7 216 221 226 230.3 234.3 238.5 241.3 243.7 246.5 249.1 252.7 255 258.4 259.9 261.5 262.5 263.9 263.4 265.9 266 266.6 267.7 269.5 271 271.5 272.7 274.9 275.8 276.1 278.1
189.6 191.5 191.5 189.8 187.1 183 178.3 173.7 170 166.7 162.9 159 156.8 155 152.8 151.8 153.2 153.4 153.7 154.3 154.5 154.6 154.8 155 150.5 151.5 153.7 155.3 155.5 156.3 156.9 158.1 159.2 160.3 162.5 172.5 179.6 186.7 194.8 202.9 208.3 212.5 208.3 206.3 204.8 203.9 200 205.8 211.2 217.6 222.3 227.4 232.5 236.6 240.4 244.2 247 249.7 251.8 256.3 259.4 262.9 264.3 266.3 267 269.1 267.5 268.8 267.3 267.2 270.4 271.3 273.2 273.4 273.9 276.3 278.5 280.2 280.4
188.2 191.2 191.4 194.3 191.1 185.2 180.2 175.5 170.7 166.7 162.8 158.9 156.3 154.5 152.8 152 151.7 152.2 152.6 153.3 153.7 153.8 154 150.6 148.4 151.4 152.7 154.6 156.3 158.6 159.8 161 161.3 161.9 165.5 170.6 179.9 188.5 195.5 200.8 204.7 207.5 203.5 201.5 199.5 195.7 195.8 207.2 213.3 219 223.7 228.8 233.5 238.1 242.1 246.2 249.6 252.6 256 260.2 262.7 265.1 266.9 269.3 270.7 270.8 270.9 271.4 270.9 268.4 272.5 273.5 275.1 276.2 276.1 279.5 281.2 282.9 283.8
186.5 188.8 190.6 195 192.7 185.7 179.4 174.5 169.8 166.3 162.7 158.7 155.8 154.6 153.2 151.8 151.7 153 152.3 151.3 152.1 152 152.4 150.2 150.3 150.6 151.5 153.9 156.4 159.2 161.8 163.2 162.9 162.8 164.9 167.4 178 185.2 193 200.4 204.1 205.9 200.5 197.4 192.1 192 201.9 208.1 213.6 219.1 224.6 229.3 234 238.7 243.5 248 251.8 255.7 259.8 263.5 266.3 268.8 271.1 272.5 273.6 274.2 273.7 273.7 273.6 272.5 274.3 275.9 277.5 278.2 279.4 280 283.5 286.6 287.1
183.9 186.2 189.5 190.8 189.2 182.2 176.9 172.9 168.7 165.4 161.8 158.3 155.5 154 153 152.4 153.1 156.7 156.4 154.4 153.8 150.4 151.5 148.4 149.9 150.5 149.9 152.9 155.4 158.2 160.9 162 163.1 163.3 162.9 165.6 172.2 181 190.7 202 202.3 202.4 196.8 192.3 181.8 193.5 201.8 208 213.4 219.3 225.5 230.3 235 239.8 245 250.3 254.6 259.6 264.4 267.7 270.8 272.9 275.1 275.7 277.2 277.9 277.3 277.3 275.6 275.8 275 278.1 279.5 280 282.2 283.4 286.1 288.8 291.2
181.7 183.7 185.2 185.6 183.2 179.2 174.5 170.9 167.7 164.5 160.9 157.2 155.1 153.6 153 152.5 154.4 161.1 162.2 160.2 156.4 153.1 151.7 149.9 149.8 150.4 148.4 151 154.7 155.9 157.2 157.4 159 162.4 160.2 162.6 169.3 178.6 190.3 193.8 195.4 195.3 191.5 186 182.2 191.9 200.6 207.1 213.5 219.6 225.7 231.4 236 241.4 245.9 252.3 257.8 263.5 267.2 270.9 275.4 276.8 278.3 279.7 280.7 281 279.8 278.8 279.1 279.3 279.8 279.9 282 283.3 285 287.1 289.2 291.8 294.5
179.7 181.4 181.9 181.5 180.3 175.7 171.8 168.7 166 163.2 159.8 156.5 154.8 153.2 152.8 152.4 158.5 163 162.5 162.5 162.1 161.5 158.6 152.2 148 148 146.9 147.1 150.1 151.7 151.4 152.5 153.4 157.1 156 156.2 161.3 168.6 175.6 178.5 183.4 185.3 183.4 176.1 184.8 191.7 199.1 206.1 213.2 219.8 226 232.2 237.4 243 247.6 254.2 261.1 266.9 270.2 274.6 277.2 280.1 282.1 282.3 282.1 282.3 281.3 281.7 281.7 282.4 283 283.5 283.9 285.8 287.9 290.4 292.3 294.6 299
178.9 180 179.4 178.7 177.1 174.6 169.7 166.9 164.2 161.3 158.5 156.3 154.5 152.9 153.1 152.9 160 160.6 165.5 167.6 166.8 166 166.4 159.9 153.9 153.2 152.9 150.2 149.5 145 147.8 148.6 149.8 151.6 151.7 151.8 155.3 156.6 162.3 166.2 172.3 173.9 171.5 173 184 192 197.9 205.3 212.7 220.1 226.8 233 239.1 244.7 250.3 256.3 263 269 271.5 276 279.1 282.7 284.6 284.3 284 283.6 282.5 283.4 283.4 285.1 285.8 285.8 285.3 288.4 291 293.3 296.1 299.6 303.1
178.6 179.1 178.5 176.3 173.1 169.9 167.3 165.1 162.3 159.8 157.3 155.2 153.9 154.1 155.9 161.6 161 163.8 170.6 173.1 172.7 172.7 171.4 165.6 162.5 159.9 157.3 154.6 151.1 147.5 144.4 146 147.1 151 151.2 150.3 150.1 150.1 154.5 158.6 164 165.3 165.7 172.7 182 190.1 196.7 204.6 213.8 221.4 228 234.4 240.8 246.5 251.7 257.4 263.8 268.7 272.1 277.5 281.2 283.7 285.6 285.5 285.1 284.6 284 284.5 284.3 286.3 288.4 288.1 287.2 291.3 295 297.1 300.5 304.9 310
177.7 178.2 178 175.8 172.5 171.7 169.1 165.5 161.7 158.9 156.6 155.5 153.9 156.3 165.2 170.3 172.9 171.3 174.6 179.7 177.1 179.2 176.8 174.1 171.2 168.3 164.2 160.7 157.4 152.4 147.9 144.6 144.8 148.9 150.8 149.4 148.4 147.2 150.1 153.4 157.6 159.2 163.6 172.1 181 189.4 197.6 206.2 215.2 222.7 229.3 235.7 242.2 248.1 253 258.1 262.8 269 270.7 277.8 281.9 284.8 286.1 286.6 286.2 286.1 285.2 286.5 287.4 289 290.6 291.4 291.4 292.5 296.5 300.2 304.2 309.7 315
176.6 177.5 177.4 177.4 177.7 176.8 174.7 168.3 160.8 158.5 157.1 156.9 159.8 167 174.8 178.7 181.4 182.6 187.7 188.9 189.7 189.1 184.4 181.4 178.5 174.7 170.5 167 163.5 157.8 151.5 147.7 143.6 144.9 147.3 149.5 148.9 146.6 150 149.6 152 153.1 165.2 173.7 182.4 191.1 199.7 208.3 216.1 223.8 230.6 237.2 243.7 249.7 254.4 259 262.1 266.9 269.6 275.8 281.2 284.8 287.6 287.8 288.1 287.8 287.5 289.5 290.7 291.3 292.6 293.7 293.7 296.4 300.6 304.1 308.2 314.1 319.8
175.6 177.1 178.8 181.2 183.6 180.4 175.6 168 162.2 158.9 159.7 160.3 168.6 190.1 196.8 197.1 196.3 202.1 204.5 202.4 199.8 195.5 192.3 188 184 179.5 176.1 176.5 171 162.6 156.5 151.2 146.2 143.8 143.1 148.6 149.6 146.2 149.2 148.2 148.9 157.3 167.7 176.3 185.4 194.2 202.6 210.1 217.7 225.1 230.8 237.4 244 250 255.3 260.1 263.1 266.7 269.1 274.8 281.1 284.3 287 289.8 291.3 289.5 289.8 291.8 292.3 293.2 295.4 295.9 297.5 299.2 303.4 307.4 312.7 319.3 325.2
175.8 177.5 179.3 183.4 184.2 181.1 175.3 170.1 165.1 160.6 161.2 173.8 180.8 202.6 207.8 212.3 213.9 214.1 211.8 209.5 205.7 203.9 199.6 195.3 189.7 184.8 181.4 177.9 172.5 165.3 161.8 158.1 153.4 147.2 143.5 142.2 147.4 145.4 146.2 144.6 150.9 160.6 170.3 179 187.4 196.9 205 212.1 219.5 225.6 231.1 237.1 243.7 249.4 254.4 260.5 263.6 266.9 269 273.7 279.5 284.9 287.1 291.4 294.1 293.2 291.9 292.2 293.9 295.7 297.7 298.5 301.3 305.4 308.1 312.2 317.7 324 331.2
176.1 178 181.5 183.2 181.9 179.8 174.7 169.9 167.7 168.6 175.9 181.8 200.2 205.2 219.8 225.8 225.6 225.3 219.5 218.4 212.6 209 204.6 200.2 193.8 188 182.6 178.7 173.1 167.7 165.7 161.8 157.9 151.7 146.5 141.4 143.4 141.8 143.4 147.2 154.9 163.8 173 181.4 189.7 197.6 205.7 213.2 220.3 226 231.5 237 243.4 248.7 253.5 258.8 264.4 266.8 268.8 272.2 277.4 282.9 285.2 289.5 293.8 295.2 295.1 295.5 295.9 297.9 299.9 302.4 305.4 309.7 314 318.7 323.8 329.4 335.9
176.9 179.7 185.4 183.5 182.5 179.1 176.7 172.2 173.4 186 191.8 198.3 207.6 222.2 230.2 234.1 233.9 231.3 227.4 222.8 217.9 213.5 209.1 203.8 196.3 188.9 183.4 182.9 177.6 173.4 170.9 165.7 159.8 154.4 148.9 144.8 139.5 140.2 146.1 149 158.3 166.2 175.2 182.8 190.7 197.9 205.8 213.6 220.1 225.8 231.5 237.3 243 247.8 252.4 257.6 262.7 265.5 268.1 271.2 275.3 279.3 283.1 286.5 291 294.8 297.1 298 300.2 301 304.4 306.7 309.5 314 318.9 324 329.1 336.9 341.9
175.9 178.6 180.7 182.3 183.3 180.3 179.9 185.1 189.8 199.6 206.3 218.6 224.8 230.8 238.6 236.2 236.7 238 233.3 227 222.7 218 213.6 207.2 195.7 187.5 184.5 185.6 180.4 176.1 173.7 169.1 161.7 156 153 147.3 142.8 139.1 143.7 154.2 162.3 169.9 176.9 184.1 191.5 198.7 206.3 213.4 219.1 225 230.9 236.2 241.3 246.4 251.4 256.5 261.1 263.9 266.8 270.5 273.2 278.4 281.7 284.8 288.6 293.9 298.3 300.5 302.9 306.2 308.9 311.5 314.9 320.1 325.2 331.5 337.3 342.9 347.4
173.9 177.4 180.8 184.6 184.7 186.1 186.7 194.5 201.7 213.6 219 223.9 232.9 237.9 239.8 242.9 245.8 242.9 237.5 231.7 226.4 222.5 216.1 207.4 197.1 187.9 181.5 177.5 174.8 172.6 169.6 166.3 162.6 157.3 153.2 149.3 143.9 141.3 144.9 155.6 164.7 171.8 178.7 184.6 191.3 198.5 205.4 212.1 217.5 222.7 227.9 233.9 239.5 244.7 249.7 254.2 259.6 262.1 264.1 268.7 272.8 277.7 280.6 283.8 286.7 294.1 299.7 303.2 307.4 311.4 314.6 318.2 321.8 326.8 332.6 339.2 344.3 349.1 354.1
172.6 175.4 180.7 183.3 184.1 185.8 190 204.5 217.7 222.3 229 236.1 245.1 248 248.4 249.7 248.4 246.1 242.3 236.4 229.9 224.6 215.8 205.4 192.6 182.8 176.7 172.7 170.9 168.7 165.4 162.1 158.8 154.9 150.7 147.2 143.3 140.5 145.2 155.1 164.5 172.6 178.3 184.4 190.8 197.7 204.6 210.1 214.1 219.1 224.8 231.1 236.9 242.5 247.4 252 256.2 259 261.9 266.1 270.9 276.4 280.1 283.7 287.5 293.3 300.5 305.5 312.1 315.7 320.8 325.6 329.7 335.4 340.9 346.2 351.1 354.4 357.8
172.3 176.4 182.4 191.4 191.1 190.9 206.3 215 223.9 234.7 250.6 253.7 254.1 255.2 253.8 252.3 249.1 246.6 245.1 240.4 231.1 223.9 210 197.3 186.7 178.8 173 169.3 167.1 164.3 160.4 156.9 154 151.3 147.6 145.6 142.3 138.1 145.5 154.7 163.9 171.9 177.9 184.3 190.7 197 203.8 207.3 211.1 215.6 222 228.3 234.3 239.8 244.9 249.2 252.8 256.1 259.9 264.1 268 272.5 278.8 281.1 286 293.8 300.5 310 317.2 323.4 327.8 334.1 338 343.2 347.1 352.6 356.8 358.7 358.9
176.8 185.8 192.6 200.8 203.2 206.7 217.3 229.1 236.9 245.8 252.4 256.2 257.4 258.1 256.1 253.3 250 245.4 241 232.1 221.5 211.4 201.8 191.8 183.3 176 170.2 166.9 163.8 159.9 155.9 152.3 149.2 146.4 143.7 141.4 140.1 136.3 144.6 153.2 162.6 170.8 177.8 184.2 190.7 197.1 202.4 206.3 209.8 213.2 218.8 225.3 231.6 237 241.5 245.5 249.5 253.8 257.9 262.1 266.3 271.3 277 280.9 286.6 293.8 303.1 312.9 322.1 329.9 338.1 344 348.7 351.4 355 357.8 358.1 357.5 356.8
184 192.5 202.2 209.1 216.5 226.3 237.2 242.5 243 248.5 257.9 263.8 263.6 261.9 259.8 258 254.5 247.9 239.5 231 220.7 210 201.5 192.7 184.4 176 168.2 165 162 157 152.1 148.4 145.3 142.5 140.6 138.8 136.2 136.3 145.2 153.1 161.2 169.6 177.5 184.6 190.9 197 202.6 206.2 209.4 212.6 216.1 222.7 228.4 233.7 238.2 242.3 246.4 251.3 256.2 260.1 265.5 270.3 275.7 280.9 286.5 295.9 305.9 315.9 325.4 336.2 347.1 353.2 356.4 357.8 356.9 358.1 355.2 352.9 351.6
190.4 201.1 211.1 221.5 230 243.9 244 244.8 248 258.9 270.7 275.3 277.2 273.6 268.9 266.7 263.3 253.9 241.4 231.3 221.2 211.8 202 192.1 183.7 175.2 167.6 163.1 161.1 156.4 151.1 145.6 141.8 140.4 138.9 137.1 135.2 137.4 145.9 153.8 161.7 168.7 176.6 184.3 190.6 196.8 202.2 205.5 208.8 212.1 215.4 220.9 225 230.1 234.6 239.2 243.3 248.6 254.7 260.6 265 269.7 274.9 280.6 289 298.9 308.9 318.9 329.2 341.3 351.4 357.6 360.9 360.4 355.9 353.3 349.9 346.5 344.4
199.8 207.6 217.3 228.6 240.3 249.4 249.7 247.6 253.7 273.7 279.5 281.6 279.9 278.5 277.3 276.4 270.6 255.6 243.7 233 221.9 211.8 201.9 192 183 175 167.1 162.3 159.2 155.8 148.9 143.6 140.1 137.8 136.8 136 133.1 136.5 145.7 154.8 162.9 167.7 175.7 183.2 189 194.7 199.5 202.8 206.1 209.7 213.8 217.8 221.7 226.4 231 235.5 240.4 246.1 252 258.2 264 269.2 275.4 282.5 291.7 302 311.9 321.9 334.4 346.4 352.4 359.1 361.5 358.8 352.7 347.4 343.6 339.4 336.9
201.8 211.1 221 233.8 248.8 260.8 259.8 256.2 258.8 274.9 281.3 281.2 280.5 280 279.1 277.6 271.1 256.9 245.4 233.9 222.6 212.6 202.6 192.5 183.4 175.3 167.1 159.4 153.7 151.7 146.7 142.7 139.4 136.3 135.5 134.8 132.8 137.7 146.4 157.4 162.3 166.1 172.8 180 186.5 192.1 196.7 200.1 203.2 206.8 210.9 214.5 218.3 222.7 227.2 232.4 237.6 242.6 249.3 255.9 262.4 269 276.3 284.7 294.2 304.6 314.9 325.2 339.7 349.4 355 358 358.1 353.5 346.7 340.6 336.3 331.8 327.7
201.6 206.3 218.3 232.1 248.2 260.1 261.9 264 264.8 269.9 275.3 277.8 279.9 279.6 279.6 278.9 273.2 258 246 234.7 223.4 213.4 203.5 193.8 184.7 176.4 168.2 160 151.6 150.7 146.6 142.4 138.9 135.8 134.8 134.1 130.4 145.6 148.8 155.1 160.5 164.8 170.3 177.7 183.3 190.2 195 197.5 200.4 203.9 207.6 211.6 215.5 219.6 224.5 229.7 234.9 240.4 247.5 254.9 262.6 269.4 277.7 286.7 296.6 307 317.4 331.2 343.9 348.9 350.9 352.1 350.7 344.7 337.7 332.2 327.1 323.3 319.6
196.3 203.3 215.5 230.6 247.3 259.7 263.2 265.9 267.5 270.9 273.7 276.3 279.7 280.1 278.4 276 268.8 259 247 235.3 224.2 214.4 204.8 195.1 186 177.7 169.4 161.8 154.8 151 146.8 143.5 138.3 135.2 133.2 131.9 138.9 147.4 150.7 154 158.4 164.9 171 176.3 180.2 186.6 190.4 193.5 196.8 201 205 208.9 213.6 218.3 223 227.7 233.3 239.8 245.9 253.8 261.5 270.4 279.4 288.2 297.9 308.4 319.9 333.9 344.3 345.4 345.3 342.3 339 334.4 328.2 322.7 317.3 314.2 311.5
193 200.4 215.6 232.2 242.7 257.8 261.2 261.2 264.3 267.6 272.8 279.9 283 283.1 280.4 274.4 268.8 259.6 247.8 236.2 225.2 215.7 206.1 196.5 187.2 178.9 170.6 163.9 159.8 154.7 149.5 143.8 138.5 134.5 132.2 129.3 141.8 144.5 146.9 151.5 157.4 164.1 170.1 174.4 177.8 181.1 185.6 189.6 193.9 198.3 202.5 207.4 212.1 216.2 220.7 225.6 231.6 239.8 245.8 253.1 261.9 271.4 280.7 289.6 300.5 309.1 321.8 331.2 341.1 339 334.3 330.5 327 323.4 318.1 312.4 307.7 304.5 300.9
191.2 197.2 217.5 230.2 243.3 254.3 257.4 258 259.6 264.2 274.5 283.2 285.9 285.3 281 275.1 268.9 260.2 248.3 236.6 225.7 216.1 206.5 196.8 187.1 179.7 171.5 165.9 161.3 155.7 150.3 145.5 140.4 134.5 131 133.3 137.4 140.3 144 148.8 155.1 162 166.3 170.7 174.1 179.2 181.8 184.7 189.1 193.4 200.1 205.2 209.6 213.7 218.7 223.6 229.9 238.1 246.2 253.6 262.1 272.1 281.9 291.1 301 309.4 320.1 324.3 327.8 325.9 322.5 319.2 315.4 311.6 307.3 301.5 296.3 292.2 288.1
188.5 195.9 216.9 230.2 243.5 249 252.5 254 258.4 262 269.6 279.2 282.7 283.8 283.9 276.5 269.4 260.7 248.7 237 225.3 215.7 206.4 196.5 186.4 179 171.3 166.2 161.3 155.4 150.1 144.8 139.6 134.6 133.2 131.8 133.6 137.2 139.7 145 151.4 157.2 161.1 165.5 170 174.4 177.5 179.8 183.4 188.7 194.6 200.1 204.8 209.9 216 221.6 228.2 236.4 244.4 254.1 262.6 272.1 282.3 292.3 301.5 310.3 316.5 320.4 318.6 315.7 311.9 308.2 304.8 301.8 297 290.7 285.5 280.3 275.3
186.3 192.9 208.6 222.1 229.2 239.1 242.3 247.8 253.3 262 270.5 274.2 277.5 282.1 283 277.6 270.9 262.3 249.5 235.4 225.2 215.8 206.5 196.4 186.1 178.3 171 166 160.7 155 148.9 142.9 138.2 135.4 130.7 125.3 129.8 132.1 134.1 139.5 146 152.4 157 161.2 165.5 169.8 172.9 175.8 179.4 183.8 189 193.6 199.2 205.7 212.5 218.7 225.8 233.6 243.2 252.9 262.7 272 282.5 293.4 303.9 312.4 313.8 313.4 309.9 306.3 302.8 299.2 294.6 291.3 287.2 281.6 274.7 267.9 263.5
185.8 190.6 196.2 212.6 222.2 228.1 233.1 239.4 244.7 252.8 262.5 268.5 274.4 277.8 277.1 275.9 270.8 263.8 251.9 238.1 226.1 216 206.6 196.2 185.6 178.6 171.4 165.7 161 155.6 149.8 143.8 138.1 134.2 131 124.4 127.7 129.1 130.5 135.2 141 147.3 152.5 156.7 161 165.4 168.1 170.6 175.1 179.4 184 189 193.7 200.6 207.6 214.6 221.7 231 241 251.2 261 271.1 282.6 293.9 304.2 309.8 310.4 307.4 303.1 298.9 294.6 290.5 286.2 282.6 278.7 273.3 265.9 258.5 256.3
180.1 181.6 189.7 204.9 217.1 221.9 225.5 229 233.6 241.7 251.8 260.4 264.7 269.4 271.2 269.2 264.5 261 252.7 239.6 227.4 216.8 206.4 195.9 185.6 178.8 172.7 167.9 163.2 158.5 152.3 146.2 140 134.5 130.6 126.2 126.1 127.3 129.1 131.4 137 142.3 147.3 152.2 156.5 159.9 162.8 167 171.9 174.7 178.3 182.5 186.9 193.5 201.3 208.9 216.1 225.8 237 249.4 259.1 269.4 281.3 293.6 302.8 306.7 305.6 302.8 298.4 294.3 290.3 286.2 280.6 274.2 269.9 265.3 257.9 253.6 252.2
