Assets/StreamingAssets/GeoData/Data/nc/NC31.asc
ncols 200
nrows 200
xllcorner 230000
yllcorner 910000
cellsize 50
[rows 35 to 69 of 200, columns 78 to 155 of 200]
501.1 490 486.5 482.6 474.5 466.6 454.2 439.8 431.3 424.3 418.7 414.1 404.1 393.2 383.3 373.1 366 360.2 351.9 343.8 335.2 330.5 327.8 315.5 310.7 308.3 306 305.1 303.4 298.6 295.4 294.7 293.1 292.3 294.3 292.8 294.6 292.2 292.7 292.6 294.3 291 291.4 291.1 291.1 288.8 284.4 280.9 278.4 272.6 271.2 267.5 267.8 258.8 256.4 254.9 247.7 242.8 238.2 233.7 227.9 223.6 220.3 213.2 210 200.5 195.4 186.6 180.3 172.7 163.7 155.1 145.6 151.1 153.8 156.6 161.8 155.2
491 480.8 476.7 469.7 460.5 450.2 437.6 424.6 416.5 409.2 405.1 399.4 393.5 387 377.1 367.2 361.8 357.8 351.3 344.9 337.4 333 328.5 315.3 310.2 306 306.4 306.1 302.3 298.2 293.8 292.9 290.1 288.8 289.6 288.5 289.1 292.3 290.4 290.5 291 291 290 288.7 290.7 286.1 282.9 283.6 280.8 276.1 276.9 268.3 266.1 259.8 258.7 254.9 247.7 244.3 240.7 235.2 231.5 225.6 222.3 217.8 211 204.2 197 190.1 183.7 176.8 170.9 162.9 154.6 144.1 149 150.1 151.2 155.9
481 473.9 468 459.2 447.8 436.7 421.9 413.1 405.3 399.3 394.9 390.1 385 381.1 373.9 365.2 361.5 357 351.3 345 339.1 336.1 332.4 320.3 310.8 305.4 304.2 305.9 300.4 297 294.4 290.6 288.6 287.3 287.8 285.5 286 287.3 286.7 288.2 289.1 287.5 288.3 288.2 288.2 284.3 283.2 283 279.3 277.1 272.6 268.7 264.4 260.4 259.6 254 246.7 246.1 243.5 239.9 231.9 226.9 224.2 219.6 212.2 205.8 199.2 192.6 186.2 180.2 175.3 168.2 160.5 152.4 145.1 144.7 147.2 148.2
473 468.5 458.3 445.2 424.6 419.7 410.4 399.3 396.6 393.4 390.6 387.3 382.7 378 371.8 367.2 362.5 357.8 353 345.3 342.1 338.3 336.4 320.4 315 306.6 301.2 302.6 301 297 294 292.5 289.7 286.3 285.6 286 286.1 285.2 284.8 284.8 284.1 284.9 285.7 286.6 286.5 282.4 283.2 282.1 279.4 276.1 271.5 267.6 263.3 261 259.6 253.7 249.7 245.4 243.6 237.2 231.7 227.6 223.7 217.7 212.1 207.1 200 193.9 189 183.8 178.1 171.5 163.5 156.3 150.5 145 142.7 146.3
472.6 458.1 444.1 428.5 408.5 401.1 401.1 390.8 389.5 385.6 386.7 384.4 379.9 376.2 371.8 367.1 364 360.4 353.6 347 342.2 337.6 333 323.7 316.6 309.3 301.8 299.1 298.7 294.2 293.1 292.6 289 285.5 286.2 286.6 282.4 282.1 282.8 285.6 283.5 284.1 284.6 285.6 284.5 282.2 284 279.8 280.8 278.9 274.6 268.5 265.8 263 258.6 253.6 250.4 247.3 244.2 238.1 232.7 227.3 223.7 219 211.8 205.7 200.8 197.1 191.5 185.7 179.5 171.6 165.6 159.6 153.3 145.6 145 140.6
463.8 444.3 433.8 407 396.3 380.7 386 384.5 381.6 381.5 379.5 378.1 377.4 374.9 372.7 369.3 365 362.4 356.2 349.6 341.8 338.1 332.4 323 314.2 305.7 302.1 296.6 295.4 292.6 290 288.4 284.9 285.5 284.1 284.2 280.9 282.1 281.9 281.8 282.5 282.9 284.7 284.3 283.9 282.5 280.6 280.5 280.7 277.4 274.6 268.8 267.9 264.9 258.5 254.2 252.4 248.1 244.9 239.8 233.2 228.5 224.1 220.4 213.6 208.8 204 199 194 187.6 179.7 172.3 165.9 164.2 159.1 151.5 145.3 141.4
452.3 431.7 419.3 396.9 381.9 370.2 366.8 373.8 373.1 375.1 374.2 371.7 374.5 372.1 371.3 369.2 369.3 364.3 355.9 350.1 344.7 340.2 333.4 320.4 316.2 307.2 301.2 298 293.8 290.5 286.8 284.7 284.7 284.6 284 282.5 280.8 280.1 281.2 281.6 281.7 282.3 285.1 284.7 282.7 281 280.3 280.6 279.6 276.1 272.3 268.7 267.9 264.4 259.4 253.6 251.5 250.4 244.2 240 233.5 229.9 224.9 221.2 214.8 209.5 205.4 199.6 193.2 192 180.1 178.4 172.8 168.2 162.4 156.6 151 145.7
438.6 423 394.7 387.7 365.3 362.3 354.8 363.1 368.4 371.6 369.4 370 371.7 371.4 371.5 371.9 370.2 361.8 353.5 351.3 347.6 344.2 333.1 322.4 312.2 305.9 303.7 300.4 294 290.5 286.7 283.3 282.9 281.8 281.7 282 281.9 279.8 280.6 280.3 281.1 281.5 284.7 284.5 281.9 279.7 279.1 279.7 277.8 274.6 272.4 268.5 267 263 257.9 253.9 250.4 248.6 247.2 240.4 233.8 229.8 224.9 219.9 215.7 206.3 202.3 198.1 193 191.7 186.8 181.9 176.8 171.3 164 160.8 156.9 152.2
416.2 395.3 381.3 374.8 357.7 349.7 344.7 352.7 360.6 364.8 364.8 365.7 369.1 369.6 370.4 369.1 366.7 359 353.4 349.3 344.4 339.9 329.3 321.8 311.9 307.1 305.6 297.6 294.1 289.7 287.1 283.6 283.5 282.2 280.7 279.9 281.4 280.1 280.9 280.4 280.3 282.8 282.2 284.2 283.7 281.1 277.9 277.5 275.3 273 270.5 268.6 266.5 261.1 257.4 253.1 247.9 247.6 249.4 239.8 234.8 233 224.5 221.3 217.6 212.4 207.9 200.2 195.9 194 190.1 185.1 181.5 176.4 169.5 165.4 162.6 157.2
388.7 367.6 352.6 345.9 347.4 342.1 339.6 344.7 354.5 359.6 359.5 364.6 366.4 371.1 371.3 367.3 362.7 358.7 351.2 345.3 339.2 333.3 330.3 322.1 315.4 312 307.7 298.9 293.2 289.8 287.3 285.7 285.3 281.1 281.3 280.1 280.3 279.1 281 280.3 280.4 280.5 281.5 281.7 281.6 280.1 277.1 275.8 274.3 270.9 269.8 266.9 263.5 262 258.9 254 247.9 246.7 248.2 242.5 235.8 226.3 224.9 221 216.9 212.1 206.5 204.5 200.7 196.5 193.1 187.2 184.1 179.7 175.5 171.5 167.9 161.9
369.7 351.1 341.1 337.3 337.6 337.3 337.3 337.3 347.8 355.9 358.6 362.8 365.6 370.6 369.2 367.2 364.1 356.8 347.8 339.9 334.3 330.8 330.3 319.7 317.5 315.5 307.6 299.8 295.3 289.9 287.1 285 282.5 282 282 280.5 280.7 281.3 279.2 279.1 281.3 281.4 280.6 280.8 280.6 277.4 276.4 274.5 272.5 269.3 266.8 267.9 265.1 262.5 260.3 255 248.8 244.4 247.2 236.6 232.8 235.8 229.6 222.8 220.8 217.5 212.6 205.8 203.4 197.9 193.4 192.7 187.1 184 181.2 174.8 171.3 167.1
354.9 346.5 337.3 337.3 337.3 337.3 337.3 337.3 339.1 350.7 356.7 360.8 364.4 367.4 370.5 369.1 363.3 354.7 344.8 337.9 327.8 326.2 323.7 317.5 312.9 309.7 308.5 301.5 296.1 290.1 286.3 285.5 284.6 283.4 281.4 282 280.2 280.6 281.1 278.9 279.9 283 280.4 279.9 279.9 274.9 274 272 271.1 269.1 265.2 267.1 263 259.9 258.6 249.4 249.1 247.2 240.7 243.4 239.4 239 233.1 229.3 225.7 222.7 214.4 209.1 203.9 203.8 198.5 197 193.9 187.8 183.5 176.6 175.4 171.9
345.3 337.3 337.3 337.3 337.3 337.3 337.3 337.3 339.8 347.8 352.8 357 359.1 363.6 365.9 365.1 359.8 351.6 341.9 333.4 326.7 325.4 320.2 317.3 312.6 309.1 306.3 299.4 294.5 291.5 287.8 287.7 285.1 283 282.9 282.2 281.4 281.2 281.5 279.6 279.6 280.8 280 278.3 277.3 273.6 271.8 269.6 269.3 265.2 261.6 265.1 263.1 255.4 254.7 255.9 251.9 251.3 245.4 242.9 243.6 240.1 235.1 233.6 228.9 225.2 217.3 213.7 208.9 207.5 203.3 201.7 197.4 190.2 183.9 182.1 179.9 175.9
342 337.3 337.3 337.3 337.3 337.3 337.3 337.3 337.6 344.5 347 350.8 353.8 358.3 361.1 362.3 358.2 353 338.7 332.8 325.8 323.2 319.9 316.9 312.6 309.6 307.4 302.9 296.4 293.3 289.9 289 289.5 284.6 282.9 282.8 282.1 280.9 279.7 279.8 279.6 282.7 276.2 274.7 275.4 271.3 271.5 268.9 265 264 266.8 266 263.1 261.5 258.4 255.4 254.1 251.6 249.1 246.9 243.6 242.4 239.5 236 232 228.4 223 216.2 214 210.8 209 203.6 198.4 193 190.4 187 183.8 180
341.7 338.3 337.3 337.3 337.3 337.3 337.3 337.3 337.3 337.6 342.3 345.3 348.7 353.8 359.8 360.3 356 349.6 339.5 329.7 328 323.5 320.6 317.2 313.5 311.7 308 303.3 299.6 296 291.8 289.5 287.7 285.2 285.1 283.2 281.6 281.7 280.8 281.3 282.5 282.5 280.1 278.6 276.7 274.5 273 270.3 268.3 268.7 267.8 265.3 264.6 263.8 260.4 257.2 255.5 252.7 250.8 250 247.5 243.7 242.1 240.2 234.6 234.5 225.4 222.3 218.1 215.1 213.5 206.9 205.7 200.5 196.5 190.4 187.1 183.9
344.2 341 338.4 337.3 337.3 337.3 337.3 337.3 337.3 337.3 337.3 338.3 344.5 348.4 353.8 356 354.5 348 334.9 331.3 328.6 323 317.5 314.2 312.2 310.8 308.1 303.9 299.8 294.8 291.7 290 288.5 286 284.7 283.5 283.4 283.1 283.6 283.6 286 284.8 284 283.3 279.4 276.3 273.7 271.6 269.9 272.4 270.3 265.5 265 264.6 259.9 256.9 255.7 254.4 252.9 254.5 249.3 248.3 244.1 240.8 236.3 232.3 230.1 224.5 223.1 220 217.5 209.2 207.4 205.3 199.8 197.1 190.5 185.9
346.7 344.9 342 337.4 337.3 337.3 337.3 337.3 337.3 337.3 337.3 337.3 339 343.1 345.8 349.8 347.7 339.9 332.3 331.3 325.7 326.6 325.4 321.3 317.3 313.3 310 303.9 298.7 293 291.5 291.5 290.6 287.2 286.8 284.8 284.3 285.3 285.5 284.9 284.7 287 284.2 284.3 281.4 278.2 275.7 274.7 272.5 272.2 270.1 269.7 265.1 263.2 261.2 258.7 257.7 254.5 255.3 252.6 251 248.3 244.3 243.5 240.2 237.6 232.2 228.1 226 224.2 216.8 214.1 212.7 207 204.3 199.8 194.5 188.3
353.6 347.9 344.8 340.8 337.3 337.3 337.3 337.3 337.3 337.3 337.3 337.3 337.3 340.3 341.6 344.3 343.3 338.3 332 331.8 331.2 329.7 328.4 324.9 321.7 317.1 310.2 305.2 299.7 295.1 293.1 291.9 290.9 287.9 285.7 284.2 285.7 286.4 286.8 286 285.5 285.8 286.2 285.6 283.8 282.9 278.9 276 273.9 274.5 273.5 270.5 266.3 265.6 261.3 259.2 260 256.4 255.5 254.8 250.4 249.7 247.3 245.9 239.9 241.4 237.1 229.8 226.8 226.6 223.9 217.8 214 209.7 206.3 201.9 196.2 190.8
360 352.8 348.9 346.7 340.3 337.3 337.3 337.3 337.3 337.3 337.3 337.3 337.3 337.3 338 337.3 337.3 337.4 337.9 336.7 335.2 333 331.6 328.8 325.5 321.8 315.9 308.4 303 298 296.1 293.2 289.6 287.6 286.6 285.1 286.1 287.8 287 286.6 287.9 288.1 288.4 285.7 285.4 283.4 281 277.7 275.4 275.1 272.1 269.9 267.5 263 261.9 260.2 258.4 256.4 257.6 255.4 252.1 250.1 247.9 244.5 244.5 243.2 237.6 236.9 233.4 231.5 226.1 220.9 217.5 213 209.1 204.2 198.4 193.1
364.9 358.4 355.6 351.1 345.7 341.5 337.3 337.3 337.3 337.3 337.3 337.3 337.3 337.3 337.3 341.9 345.7 345.1 345.4 342.1 337.4 337.2 333.3 330.8 328.9 324.2 317.7 312.1 305.7 301.5 296.6 295.6 292.9 289.4 287.9 286.7 286.4 287.4 287.4 287.2 289.6 289.1 288.5 287.1 285.2 284.3 284.5 279.9 278.2 275.7 272.2 269.9 266.5 264.2 263.3 261.5 260.1 257 255.8 255.3 252.8 251.5 248.4 243.4 244.9 242.1 242.7 239.1 236.5 233.6 229.2 224.4 220.3 217.1 213.1 207.2 201.7 196.3
369.2 364.7 359.3 354.6 349.3 342.2 338.9 337.3 337.3 337.3 337.3 337.3 337.3 337.3 337.3 345.9 349.2 347.5 346.8 344.5 339.8 337.2 333.7 331.6 329.1 325.1 318.7 313.4 308.9 303.7 298.4 297.6 294.2 290.1 287.8 286.3 287.8 288.1 290.3 290.3 290.9 290.8 288.9 288.5 285.4 284 283.1 279.1 276.5 274.5 272.2 271 266.4 267.4 265.4 262.3 260.4 257.6 256.1 254.8 252.6 252.2 248.5 249 245.8 247.5 246.1 244.3 240.7 236.1 233.3 229.1 225.4 220.8 216 211 205.2 199.6
377.3 371.9 367.9 360.8 355.2 347.8 344.2 337.3 337.3 337.3 337.3 337.3 337.3 337.3 337.9 347.3 351.2 348.4 347.1 343.6 340.6 337 333.2 331.6 327.9 323.6 320 314.1 309.5 304.8 300.5 297.8 294.7 291.4 288.5 288.8 291.2 290.2 290.2 291.5 291.8 291.6 289.7 289 286.8 284.6 283.1 280 277.3 276 274.6 271.4 268.6 267.7 262.9 262.7 261.3 259.3 256.7 254.9 253.6 253.2 251.6 248.9 252.9 251.4 249.7 246.7 243.1 240.9 237.6 234.6 230.2 222.9 218.9 214.2 209.2 204.4
385.5 380.6 374.1 367.7 360.2 355.2 349.1 343.2 337.3 337.3 337.3 337.3 337.3 337.3 343.3 347.3 348.1 348 345.5 341.5 340.2 338 335.1 333.5 328.4 323.2 320.2 315.2 308.5 303.6 300.3 299 295.8 292.4 290.2 290.4 290.5 292.1 292.1 292.7 292.9 292.1 292.4 290.4 287.7 284.9 283.4 283.1 279 277.4 275.9 273.8 271.3 268.2 264.9 263.1 261.9 261.5 259.9 256.3 252.4 254.8 253.2 254.5 254.7 253.8 252.5 248.8 247.6 243.6 239.8 237 233.1 228.9 225.3 219.9 214.2 207.7
395.5 390 382.1 374.7 369 363.6 356.6 348.9 343.5 339.2 337.3 337.3 337.3 340.4 346.7 348.9 350.5 348.4 344 343 340.4 339.2 335.7 332.8 328.1 324.9 319.9 315.6 310.3 306.4 302.9 299.1 296.1 292.2 291.8 292.5 291.8 293.5 292.9 292.8 294.3 294.3 292.8 290.9 287.7 286 284.4 282.4 279.9 278.3 276.4 274.8 272.2 268.8 265.4 263 263.2 262.3 259.9 256.8 257.1 256.6 253.6 257.7 256.6 255.2 254.4 253.2 250.6 247.1 244.2 240.7 236.1 232.3 226.8 223.2 217.1 211.9
410.6 402.6 392.5 385.3 378.7 371.6 362.7 356.5 350.8 345.3 341.6 341.2 343.4 347.9 349.1 350.6 350.4 346.6 346.3 343.8 339.9 339.7 336.7 332.4 327.9 323.6 320 315.8 311 308.4 306 301.2 295.5 293 294.1 293.2 294.2 294.1 294.9 295.7 296 295.2 294.5 290.5 288.7 287 285.4 283.1 281.6 278.9 277.1 275.4 273 269.6 265.7 263.7 262.5 261.3 260.2 260.1 259.3 257.2 259.2 258.9 258.2 258.5 258.1 255.7 253.9 251.6 246.8 243.9 239.6 235.7 230.8 226 221.5 216.2
424.4 416.1 406.9 396.6 390.5 382.9 375.7 367.9 361.5 352.1 349.4 346.3 348.2 351.5 353 352.2 350.9 347.4 346.6 344.7 340 338.3 335.1 332.8 328.7 324.3 320.8 317.6 314.5 310.5 306.9 302.3 297.2 296.6 296.4 296 294.6 296.7 296.1 296.8 297.2 295.9 295.2 291.6 289 287.6 286.4 283.7 282.3 280.2 277.4 275.5 273.2 270 266 264.6 264.2 263.5 260.8 261.4 260.6 258.5 260.9 260.1 261.1 259.9 260.5 258.9 256.8 254.1 251 248.5 244.5 238.3 233.4 229.7 225 218.9
440.3 432.3 422.3 414.3 408 399.1 391.1 381.6 372.6 358.6 353.3 350.8 353.2 356.5 354.1 351.4 351.1 348.2 345.4 343 339.4 337 334.2 331 328.1 325.6 322.2 318.3 315.3 311.6 306.6 302.5 299.8 297.6 298.1 297.8 298.3 298.7 299 299.7 298.6 297.2 295.8 292 290.6 288.2 286.3 283.9 282.5 281.5 277.8 275.1 271.7 269.4 267.2 266.5 265.3 263.8 262.9 262.3 261.1 261.2 262.5 261.6 261.1 261 261.5 261.4 260.3 257.7 255.7 253.8 248.5 244.6 238.9 233.4 227.7 220.9
455.6 452.5 439.8 430.5 423 411.6 400.7 390.8 379.3 364.6 359.2 359 361.1 359.9 356.9 352.5 349.8 347.8 345 339.9 338.1 336.2 332.6 330.1 327.6 324.4 320.9 318.4 315.6 309.8 308.3 305.6 303.6 301.8 300.3 300 299.9 300.5 300 302.2 300.8 298.2 296.2 292.7 291 288.6 286.2 285.3 282.8 280.8 277.6 274.4 271.1 270.6 269.3 268.3 266.3 265.5 264.3 263.9 261.5 264.5 265.3 264.2 264.6 263.4 263 262.9 262.6 261.4 259.8 256.6 252.6 248.3 243.8 237.6 231.5 225
468.2 471.7 464.9 453.2 436.6 422.6 409.5 399.3 389.7 374.6 369.3 367.5 366.3 361.9 357.2 354.1 350.1 346.5 342.7 338.7 335.9 333.5 331.1 329.6 327.2 324.4 320.8 318 316.9 314.2 310.8 308.3 307.2 303.7 303.2 301.7 302.3 302.4 303.3 303.9 301.7 300.6 297 293.2 291.2 288.3 287.9 283.9 282.7 280.5 276.7 274.3 272.1 271 270.8 270.1 267.9 267.2 266.9 265.9 264 266.9 267.2 267.1 266.5 267.2 266.8 265.7 264.9 263.8 261.5 258.9 255.4 251.9 246.9 243.1 236.3 229.6
480.9 480.3 475.7 468.5 452.4 433.3 416.7 404 394.5 389.2 384.2 378.4 374.5 365.7 359 353.8 349.3 342.9 339.4 337.4 334.7 332.5 331.6 329.4 328.6 324.5 320.8 320.7 318.6 315.8 313.2 310.7 308.3 307.4 305.3 304.1 304.7 304.2 305.3 304.6 302.7 303.4 296.5 293.9 291.5 288.7 288.2 283.9 282.4 280 277.3 276 273.5 272.5 271.7 270.5 270.2 269.7 268.3 268.1 266.9 268.6 269.3 269.4 269.2 269.8 269.3 268.5 267.5 267.3 264.4 261.4 257.8 254.1 252.1 247.9 242.4 235.4
500.3 487 483.2 474.9 464 447.4 430.8 415.5 407.7 401 391.7 383.4 377.1 365.9 360.6 357.5 346.9 342.5 338.4 337.6 336.8 335.1 332.6 330.8 328.8 326.4 325 322.6 320.5 318.7 314.7 313 311.7 309.5 305.3 305.5 307 305.7 306.3 305.9 304.6 302.1 298.3 295.3 293.6 290.2 286.3 284.3 281.8 281.2 278 276.4 274.8 274.2 272 271.4 271.9 271.4 270.2 269.9 269.6 269.9 270.3 270.7 272.1 271.8 271.8 270.8 269 267.8 266.2 263.8 261.5 258.7 256 252 247 237.1
517.3 504.8 487.7 484.3 475.6 462.1 445.9 436.4 428.4 411.3 399.3 388.6 379.4 369.7 359.2 356.7 347.9 345.1 342.1 343 340.7 334.8 332.7 336 334.1 332.6 329.3 326.6 323.7 322.4 317.6 315.9 314.1 312.7 310.4 310.2 310.5 310.6 307.2 304.7 304 301.9 299.2 297.1 294.8 291.9 287.6 285.3 284.1 281.5 279.5 277.8 276 274.1 273.6 272.6 273.4 273.2 273 272 269.9 271.8 271.5 273.5 273 273.2 273.2 272.5 270.8 270.2 267.7 265.5 263.8 261.9 258.2 255 249.8 245.5
539.1 520.9 508.9 496 486.3 474.4 463.9 456.1 440.8 426.7 408.8 394.6 380.9 373.1 362.7 356.4 350.9 345.4 342.5 342.9 342 340 338.3 336.9 335.9 335.6 333.3 329.1 327.1 326.1 322.4 320.2 319.7 316.1 313.1 315 313.5 311.2 310 307.9 304.9 302.5 299.5 296.5 296.6 292.9 288.1 285.6 284.8 283.3 279.3 277.3 276.8 276.2 276 275.5 274.1 273.1 272.1 273 271.7 272.8 273.9 274.4 274.4 275 274.2 274.1 273.8 271.6 269.9 268 266.7 265 260.7 257.4 255.4 250.5
561.7 546.3 530.8 516 500.8 492.1 480.5 463.9 453.5 433 414.2 401 386.5 374.9 367.1 359.2 353.9 351.9 349.8 348.8 349.3 345.2 341.5 339.8 339.3 338.3 338.1 333.7 331.5 329.2 327.2 325.2 322.5 319.6 316.1 314.4 313.6 311.4 310.8 308.6 306.1 302.6 300.5 296.7 294.6 292 288.7 286.6 283.1 282.2 280.6 278.8 278 278.4 276.9 275.5 274.2 273.9 277.2 275.3 274.1 273.2 276 275.3 275.5 275.9 275.3 274.3 274.6 273.3 271.6 269.9 269 268.3 265 261.3 259.6 255.2
587.1 572 556.3 538.3 517.6 499.3 488 469 451.4 434.7 422.7 406.3 391.2 378.6 368.9 360.9 359.9 356.3 356.5 355.7 355.8 352.9 344.5 342.4 343.7 343.4 342.3 341.3 336.1 334.2 331.3 328.2 325.6 322.1 319.6 318 315.2 313.6 312.3 309 307.1 303 301.1 299.8 295.1 291 288.9 289.7 285.9 284.4 282.3 280.7 279.8 279.4 277.9 275.8 275 275.3 275.6 275 273.7 275.1 275.9 277.3 277.2 278 277.3 275.6 276.1 275 274.8 273 270.8 269 267.2 266.4 262.9 259.5
