Assets/StreamingAssets/GeoData/Data/nc/NC35.asc
ncols 200
nrows 200
xllcorner 230000
yllcorner 950000
cellsize 50
[rows 72 to 107 of 200, columns 80 to 159 of 200]
165.3 185.6 205.4 227.3 248.2 271.7 292.1 315.6 333.8 349.5 358.5 366.5 370.7 374.1 382.8 382.7 379 382.9 376.6 383.8 385 382.8 384.2 385.2 391.5 404.8 414.5 433.7 458.3 483.5 515.5 557.2 575 584.4 598 614.6 624.6 628.4 628 624 612.3 589.7 580.1 588.4 598.6 601.5 601.7 602.6 600.5 593.2 584 576.4 574.3 564.9 553.2 540.1 524 513.4 497.8 476.2 456.8 443.7 433.6 425.4 419.7 414.2 409.2 402.8 397.3 392.4 386.9 382.8 378.2 372.8 370.5 368 360.3 350.9 342.4 331.8
171.8 188 206.5 231.2 258.2 278.6 301.7 323.4 342.5 361.3 369.9 382.5 396 402.4 408.6 409.1 409.9 409.6 410.5 417.9 418.1 408.8 405.4 407.4 416.7 429.8 439.4 448.3 474.6 500.2 532.8 550.9 561 567.5 581.5 602.5 613.6 618 619.5 614.9 607.2 583.8 566.3 569.6 580.1 587.5 592.2 591.7 592.3 584.4 576 573.6 569 556.2 545.3 530.7 516.9 504.9 485.3 465.1 449.4 439.9 430.7 424.1 417.6 410.5 404.6 400.4 394.4 388.2 381 374.9 368.6 363 358 353.7 350.7 344.6 336.9 328
173.5 187.9 212.4 237.8 263 286.3 311.4 330.7 353.4 372.1 388.6 399.7 415.8 425.4 429.9 433.3 435.2 432.3 440.3 450.9 448.9 442.8 433 434.7 449.2 466.6 478.1 479.4 489.3 501.6 518.7 552.8 559.7 562.1 572.5 591 603.8 609.6 610.8 608.2 598.5 577.4 565.5 550.8 562.2 570 577.2 579.4 579.1 573.6 567.6 562.5 555.4 544.1 532.2 519 505.3 489.1 471.9 456.7 446.2 437.2 428.9 420.8 413.8 407.9 403.2 397.2 392 385.5 377.7 369 360 352.6 345.9 339.1 330.6 326.1 324.1 316.6
178.9 192.8 215.9 238.4 265.6 292.6 318.3 343.3 366.4 386.3 405.6 419.9 436.8 448.4 453.2 460 459.9 460.8 471 475.6 475 474.3 463.1 473.3 491.1 507.3 509.3 511.2 524.5 526.7 536.3 560.4 572.3 564.7 569.2 580.7 591.2 597.8 599.8 596.6 585.1 570.8 558.3 545.1 543.3 551.6 559.1 562.7 560.5 556.8 551.7 546.2 537.2 528.5 516 502.9 490.6 478.1 465 454.4 444.9 435.7 426.6 418.7 412.5 408.4 402.3 396.8 388.5 380.6 372.9 365.6 358.3 349.4 339.4 331.7 323.6 313.8 305.8 300.8
184 199.4 219.3 243.6 274.6 298.7 328.5 355 377.7 398.4 419.1 436.2 455.4 467.2 477 481 487.3 494 497.5 502.1 506 507.2 501 517.9 523.6 533.3 533.4 549.7 561.4 559.8 586.9 593.2 582.5 572.7 562.6 569.4 576.1 580.9 583.2 578.8 567.2 556 543.7 539.2 528.2 534.5 541.1 546.8 548.6 545.8 538.6 530.3 519.6 509.4 498.5 488.3 480.5 472.7 463.2 453.2 443.3 434.8 426.9 420.8 414.4 408.1 399.8 391.6 383.5 376.5 370.3 362.4 355.2 346.3 337.8 328.8 319.3 310.4 299.6 287.3
188.5 205.5 226.1 259 288.1 314.9 338.9 366.5 391.4 412 430.2 450.1 468.4 480.9 490.4 499.6 507.8 511.7 519.6 523.3 534 537.2 540.2 554.1 553.3 560.2 562.7 584.7 595.8 624.9 625.2 603.3 582.9 564.9 552.3 549.6 552.2 560.7 561.9 556.9 551.5 549.6 535.6 526.8 521.6 521.8 524 530.1 533.1 530.2 522.9 511.6 501.8 493 483.9 477.5 473 467.4 460.5 453.5 445.8 437.7 429.5 420 412.6 402.8 393.8 385.9 378.5 372 365 356.5 349.5 341.7 332.8 323.2 313.7 304.6 294.2 281.6
197 216.5 239.9 274 310 332.5 355.4 380.2 403.6 425.1 443.9 461.4 476.3 487.9 502.7 513.9 523.7 528.4 533.3 542 554.3 561.4 571.4 580.7 590.6 599.5 609.5 626.9 648.5 639.2 612.7 589.6 567.5 551.5 537.2 527.4 526.3 533.3 535.5 538 537.6 536.1 530 517.3 514.1 508.8 512.2 514.5 517.6 514.8 509.3 500.5 492.2 483.3 474.6 468.2 465.5 461.9 457.6 452.4 445.6 437.2 428.1 417.9 407.6 398.3 389.7 382.9 375.7 368.5 360.3 352.3 343.6 336 325.9 316.9 308.1 299.2 285.3 274.1
213.7 238.2 255.8 284.3 326.6 354.2 377.5 396.2 416.3 436.6 453.5 468.4 484.5 496.5 511.9 525.7 536.7 544.7 552.2 563.5 572.5 586 596.4 607 616.4 627.7 643.7 653.8 649.7 620.6 592.9 568.1 546.5 529.8 520.2 513 507.6 506.7 512.9 521.4 521.8 521.1 518.6 507.9 504.7 501 500 502 502.6 502.1 499.9 491.7 484.9 477.9 469.4 461.5 459.7 457.5 453.8 447.9 441 433.3 423.7 414.5 404.8 395.5 387.3 378.6 371.6 363.3 353.7 345.7 337 327.2 319.8 311.3 302.3 289.1 277.8 267.7
243.4 275.8 293.5 316.1 353.1 384.9 399.8 411.8 428.4 444.1 459.9 476.1 491.6 507.1 523.1 539.2 552.8 567.4 576.1 587.1 597.4 608.9 621.3 633 641.5 650.6 659.5 650.5 621 591.8 566.9 550.1 536.1 520.7 502.4 497.4 494.5 492.2 491.6 508.3 512.1 508.9 508.1 504.4 494.6 492.7 489.1 489 494.3 495.2 492.3 485.5 479.8 472.8 464.9 460.4 457.7 455 449.7 441.8 435.4 428.1 419.9 411.1 401.6 392.1 383 373.6 364.7 357.8 347.2 337.3 328.7 320.7 314 305.5 295 282.6 272.4 257.8
255.1 311.2 334.7 337.6 369.3 394.4 412.5 423.2 436.3 450.6 468.7 487 503.5 520.5 539.9 558.5 572.3 586 601.1 612.9 626 636.8 648.2 658.3 667.1 671.6 665 645.6 618.1 585.6 572.8 562.6 545.3 527.4 506 481.9 482.2 481.9 481.1 491.3 504 496.8 494.7 497.4 488.4 485.7 482.2 484 486.2 488.1 487.5 483.2 478.3 472.9 465.6 459.8 454.6 449.2 441.8 434.7 428.4 421.4 413.5 405.5 396.6 387.2 377.8 368.9 360.7 351.4 340.5 330.1 320.6 313 306.6 298.9 286.7 274.8 261.4 252.3
278.5 340.6 353.1 358.2 373.9 394.2 408.7 425 443 463 483.8 501.7 519.6 538.5 562.9 579 592.8 608.6 624.6 637.2 650.7 662.2 674 683 688.2 687 665.1 641.3 615.7 599.1 587.2 573.3 553.7 529.8 507.6 481.9 469.4 476.8 478.4 483.6 492.7 490.9 487.1 491.5 482.2 475.8 476.5 475.9 477 479.3 481 478.7 475.7 470.1 462.9 454.2 447.5 440.7 436.8 431.5 423.5 416.2 407.5 398.9 389.9 381.6 372.7 364.1 355.5 346.8 335 323 311.2 304.3 297.8 288.7 275.6 264 256.4 248.1
290.5 333.5 353.6 364.6 375.5 396.6 415.5 434.8 454 471.9 493.2 513.4 536.3 556.8 580.3 599.5 615.3 631.1 648 660.6 673.8 684.4 698.1 707.5 714.3 699.3 667.4 642.3 615.1 600.1 591.7 578.7 561.9 536 505.9 476.8 456.6 462.3 468.3 472.6 478.6 484.3 488.5 483.4 478.1 476.1 473.2 468.8 469.5 469.3 469.9 469.5 469.5 465.9 459.9 452.2 443.2 438.2 433.4 425.1 415.9 408.6 400.8 393.1 384.1 376.5 367.7 359.1 349.2 339.4 329 314.7 303.9 295 285.7 274.4 265 257.7 252.4 243.4
297.9 331.4 349.1 369 386.1 397.8 421.8 443.5 463.2 478.6 504.2 527.7 548.1 572.8 595.4 615.5 633.7 651.4 668 683.6 696.2 709.4 723.1 733.8 737.5 708.6 674.2 645.9 621 599.8 592.3 582.2 559.8 534.9 505.1 481.2 454.8 454.8 465.3 468.5 469.4 479.3 479.7 480.4 479.3 471.1 464.9 461.1 462.7 460.6 459.9 462 464.4 463.8 457 447.3 439.5 431.9 424.2 416.7 409.5 400.8 392.1 385.3 377.1 370.5 361.5 350.9 340.8 332.4 321.2 307.1 295.4 282.6 273.6 266.5 258.7 251.8 247 237.1
310.4 327.1 349 371.1 395.5 410.9 429.1 452.6 472.8 489.9 512.2 536.6 559.6 584 605.3 629.4 649.7 668.3 685.8 702.7 717.8 737.5 753 761.9 761.4 715.7 680.3 650 627.4 602.2 584.9 572.8 556.3 531.2 506.6 479.8 458.2 454.8 457.9 462 466.5 474.8 472 480.7 473.5 463.5 462.1 454.4 453.7 452.3 451.3 453.2 455.9 453.9 446.7 439.4 430.7 422.7 414.3 406.9 399.4 391.9 383.8 376.5 369.7 361.6 352.1 342.5 333.8 325.3 310.6 296.3 284.1 275 268.5 260.7 252.8 246.8 239.4 231.3
309.1 328.8 355 377.1 401.6 426.3 437.6 462.4 480.8 500.5 518.7 542.8 567.1 590.6 616.4 640.3 662.5 683.5 700.4 720.3 742.4 766.1 784.5 785.6 773.1 729.5 693.2 659.7 630.6 612.9 585.8 567.1 547.6 529.4 505 479.4 467.9 461.9 454.8 461.1 457.9 462.3 462.4 471.1 467.5 459.1 445.9 446.9 442.1 440.5 441.1 442.9 444.9 442.7 436.9 429.4 422.2 414.7 407.1 399.5 392.1 384.6 376.5 368.6 364.2 355 345.4 336.5 327.4 314.8 303.2 292.3 281.7 273.4 264.3 254.9 248.5 240.8 230.6 222.1
312.9 347.5 359.3 383.6 405.8 422.7 445.7 465.6 486 509.7 524.7 549.5 574.3 597.5 624.8 651.1 674.8 693.8 714.2 738.8 763.9 788 793.9 787.4 775.9 755.3 717.9 684.2 650.7 619 599.8 571.5 546.8 525.6 506.1 483.3 474.5 470.1 465.5 454.4 455.2 457.5 462.3 464 459.4 448.8 440.7 436.2 432.9 433.8 428.9 430.8 432.1 428.5 424.3 419.9 412.9 406.1 399.5 392.8 385.1 377.2 370.9 364.9 357.5 348 338.9 330.1 322.3 313.3 300 288.1 277.2 269.4 258.5 247.6 241.1 231.9 222.7 213.9
320 346.9 370.5 389.6 411.3 431.8 454.3 470.3 490.8 511.4 528.3 554.8 579.8 603.4 629.3 656.6 684.1 705.3 726.3 754.4 786.6 797 792.3 785.3 771.7 759.8 746.1 716.8 678.3 642.2 611 587.8 556.6 527.7 503.1 491.9 482.9 476.8 467.5 458.4 452.1 456.7 455 456.2 448.9 440.1 431.3 427.2 421.7 427.3 418.3 419.8 419.8 418.2 413.8 409.2 404.5 399 392.5 386.9 379.5 372.6 367.2 359.3 350.7 340.8 331.9 325.2 319.1 311.3 299.2 284.5 274.8 261.7 249.4 240.5 233.7 223.2 214.5 206.2
329.1 344.1 370.7 384 409.8 429.9 452 471.7 491.5 510.4 533.6 560.2 584 608.3 635.2 665 693.7 713.8 738.6 764.5 795.2 792.3 789 780.5 768.7 760.1 744.8 725.8 712.6 664.4 632 599.8 572.2 534.4 513 496.6 488.4 477.2 472.6 468.3 458.3 446.8 442.7 440.4 440.5 436 420.7 412.1 412.7 414.7 410.5 407.1 408.3 408.7 404.5 400.6 396.8 392.1 386.4 380.3 374.2 369.1 362.7 354.9 344.1 337.2 331.6 323.7 315.2 305.6 296.9 287.3 268.6 251.3 239.2 231.7 224 215.5 206.8 198.6
333.9 356.8 372.5 387.3 403.2 424.7 445.9 468.6 488.8 510.5 535.9 563 588.7 613.4 642.5 668.9 700.2 720.3 745.6 773.3 790.2 789.1 784.6 774.9 765.7 755 740.1 725.4 717.2 713.8 654 617.7 581 547.4 519.3 500.5 483.9 481.7 468.6 464.7 453.5 435.3 431.7 427.8 431.8 423.7 405.8 400.5 404.9 409 402.9 397.8 392 394.1 392 389.3 387.4 383.4 378.5 373.9 369.8 364.9 357 349.8 343.8 336.8 328.5 319.6 310.2 301.2 293.1 279.5 257.2 244.3 233.8 225 217.7 209.5 202.8 195.2
321.5 348.2 363.3 380.3 397.5 419.1 440.9 460.9 486.3 511.8 536 562.6 590.1 618.9 648.1 675.2 701.8 724.9 747 775.5 785.3 781.6 776.7 769.2 760.5 747.3 739 728.6 717.5 710 675.6 632.2 592.9 555.8 525 496.3 482.9 469.7 457.3 450.1 443.9 430.8 416 416.5 418.4 409 395.3 395.5 399 397.4 396.4 388.9 380.7 377.2 381.1 376.5 373.9 373.7 370.1 367 362.6 361.2 355.5 351.3 345.3 337.1 328.6 316.9 305.6 296.8 286.2 267.4 250.1 237.7 228.2 220.6 212.2 205.1 198.1 188.9
310.6 330.6 349.4 371.6 393.8 412.2 435.2 455 479.8 502.4 528.5 561.8 591.2 621.1 650.4 678.7 701.3 725.7 746.3 764.3 772.9 771.9 766 760.1 747.4 740.2 732.3 723.8 713.9 700.2 663.1 629.8 590.7 552.1 528.2 505.2 467.3 440.2 428.6 423.8 419.8 406.6 399.3 402.1 399.6 401.2 393.3 387.8 390.8 386.5 385 375 375.1 365.1 364.2 366.1 365.7 363.7 362.7 362.3 359.4 356.7 353.2 347.4 340.9 333.8 324.5 312.5 301.2 291.5 276.9 258.4 242.6 232.4 224.3 215.3 208.3 201.9 192.7 181.8
302 322.2 343.2 362.3 384.1 407.9 427.4 452.2 475.6 499.6 529.8 562.8 595 627.1 656.7 684.2 705.8 727.4 747.5 756.8 759 757.5 750.6 742.5 735.9 731.1 724.3 715.2 707.4 682.1 645.2 614.1 579.7 548.8 515.9 489.6 457.3 424.4 407.4 398.3 394.7 391.9 385.7 387.6 395.4 389.7 379.9 379.4 376.3 375.9 373.6 372.2 362.3 356.5 354.5 355.8 358.1 357.6 357.3 355.7 353 348.6 345.7 340.4 334.4 327.2 318 304.9 294.4 285.9 267.8 248.8 238 228.7 219.6 212.8 204.4 196.4 185.3 175.9
279.3 308 328.4 349.7 377.1 398.3 424.4 449.2 474.4 501.2 534.8 565.6 596.8 629.5 662 689.4 712.4 734.3 752.3 755 750.7 739.9 734.9 730.6 727.9 723 714 701.9 689 657.5 622.5 589.7 562.1 535.5 506.6 463.2 443.5 415.1 391.9 382.8 379 378.5 373.7 367.2 378.2 379.3 366.5 369.5 366.6 366.4 357 352.4 351.4 353.1 349.7 345.3 346.1 347.2 345.6 343 342.3 340.9 338.2 333.6 327.6 320.5 308.9 296.5 288.9 276.1 256.3 243 231.3 223.3 217.2 208.1 200.2 191.5 180 170.9
260.1 285.4 318.3 347.6 374.4 395 422.1 447.4 472.6 500.9 533.1 566.6 598 630.6 665.2 693.4 716 741.9 763.6 753.6 744.7 737.1 731.6 730.7 722.6 709.6 698.1 691.4 675.2 634.3 600.8 566.5 536.3 507.6 472.9 450.1 438.9 416.9 397 380 376.5 370.8 367.6 361.3 367.4 365.7 359.5 363.1 361.3 361.5 357 346.7 345.4 346.6 344.2 339.8 334.4 333.3 331.4 330.3 330.2 331.1 330.1 324.7 319.1 310.5 299.3 290.9 281.1 259.4 246 233.9 226.4 219.4 210.9 201.4 193.8 182.9 175.7 167.2
253 277.2 305 337.3 367.5 396.9 423.3 448.2 474.7 502 530.9 567.1 598.3 632.2 667 697 718 742 765.3 751.7 738.8 729 720.2 714.5 706.7 702.9 692.1 679.6 656.3 616.2 581.4 547.2 513.7 483.3 459 441.2 424.8 413.9 399.6 388.8 376.6 371.4 365.9 363.1 360 358.6 357 352.4 354.3 354 347 343.9 338.6 337.8 336.6 331.3 327.6 321.5 320.2 321.1 320.9 320.7 318.4 315.3 308.5 298.9 291.5 283.3 264.2 248.6 236.8 228.1 222 213.6 202.4 195.5 186.4 179.3 171.7 162
250.3 270.8 299.9 331.2 364.3 396.8 421.7 445.1 473.4 504.1 535.8 567.5 601.6 635 665.3 692.3 711.6 731.9 755.9 751 735.4 725.4 714.9 704.9 695 691.8 680 669.6 641.4 601.2 564.1 533.2 501.8 472.3 451.5 438.6 425.8 412.9 400.5 389.3 381 375.4 371.8 369.4 366 360.8 354.6 352 345.1 345.2 346.8 341.4 334 333.8 326.7 323.4 318.8 313.2 310.5 310.5 310.8 309.2 307.7 305.7 300.7 292.8 285.1 269 253.6 241.2 231.4 222.1 214.6 204.4 197.1 188.3 181.9 175 166.1 152.8
251.1 275.1 313.4 336.9 372.3 400.9 421.7 446.1 474.2 505.5 537.5 571.6 599.8 630.2 659.1 681.2 697.9 716.6 732.5 737.7 730.7 726.9 720.7 699.4 689.1 680.5 672.2 662.3 628.6 588 551 514.5 486.9 465.5 449 437.9 429 419.3 406.5 399 391.5 387.5 382.7 377.3 371.4 366.9 358.9 352.3 342.4 341.5 338.8 330.4 330 327.5 318.2 314.5 312 305 301.9 299 299.2 299.9 299.5 298.7 293.9 285.5 273.4 258.3 244.2 234.4 222.9 213.6 206.5 197.9 188.9 182.7 174.9 165.3 155.2 143.4
262.9 297.4 322.1 341.9 370.3 396.4 422.8 447.1 473.1 504.2 536.1 566.7 594.4 620.6 646.9 669.7 686.1 700.7 715.4 723.4 725.5 719.1 710.7 695.1 684.7 675.4 666.4 657.3 626.4 584.3 547.3 514.8 486.8 469.1 453.8 444.1 440 431.6 421.4 408.4 403.2 395.6 392.2 388.2 381.7 374.6 370.2 353.2 344.6 340.4 335.3 323.1 317.1 316 311.9 306.2 301.6 297.1 292.9 290.6 289.1 288.8 288.7 287.8 282.9 273.6 262.2 246.6 237.3 225.1 215 208.1 200.3 191.3 182.6 173.7 165 156.4 145.3 135.1
256.3 296.4 322.1 344.4 366.7 392.1 424.6 446.9 472.2 499.2 528.9 557.7 585.2 609.9 631 651.9 670.2 688.1 701.9 708.4 710.9 708 698.7 687.3 676.7 669.2 658.9 644.6 625.8 587.6 551.8 525.1 503.6 485.8 473.2 462.3 454.6 446.2 438.5 424.9 412.3 403.4 400.6 391.8 385.9 380.8 375.3 368.5 344.7 332.4 332.4 319 316.1 309 306.7 302.1 293.1 290.8 286.6 281.8 279.3 279 277.6 274.6 269.8 260.8 247 238.4 227.3 218.9 211 200.8 191.8 183 173.4 165.9 157.6 149.1 137.7 128
255.7 284 318.4 344.8 363.4 388.1 421.4 447.1 469 485.6 515.8 543.1 569.2 594.9 616.4 635.1 654.2 672.3 687.6 696.7 699.9 695 691.1 677.4 666.6 657.5 649.3 634.9 616.9 595.2 571.3 555.9 534 514.3 500.3 488.9 478.3 470.9 459.4 449.2 429.7 413.2 404.6 397.7 383.1 381.2 367.8 363.2 350.4 323.6 320 317.9 315.6 307.7 305.6 296.4 290.2 284.3 279.7 274.8 274.4 272.7 269.9 264.5 259.5 249.5 239.6 229.5 220.2 213.3 201.5 192.5 185.2 176.1 166.1 159 150.8 142 131.1 120.7
235.9 271.7 321.4 337.7 359.9 379.9 410.3 441.9 460.8 476.5 500.1 526.8 552.2 576.6 598.5 617.6 640.1 657.5 675.1 685.6 688 687.6 682 670.8 660.7 649.2 638.4 626.8 613.7 608.1 602.8 592.3 570.9 554.9 535.3 525.3 516.9 508.2 495.9 482.2 463.8 440.1 415.8 400.8 385.9 377.9 369.2 356.5 347.7 332 314.7 317 312 310 303.3 294.8 288.8 283.2 275.1 270.3 269.4 264.7 262.3 257.6 249.1 240.1 231.3 221 211.2 202.7 195.5 187.5 178.8 168.9 162.4 154.3 144.6 135.2 123.5 114
230.1 268.8 310.4 338.9 354.8 374.8 397.6 425.4 449.4 465.5 480 504.4 530.9 555.9 579.4 602.1 625.1 641.5 657.5 671.3 678.5 678.4 673.4 663.4 652.6 641.8 637.8 629.9 625.5 622.6 612.8 601.9 593.2 585.6 577.6 568.8 558.8 549.4 537.7 519.3 498.8 470.8 450.1 425.9 397.8 378.3 369.3 358.4 349.2 335.2 327.6 318.6 316.4 309.1 300.7 294 286.2 278.8 273.3 270.9 259.3 258.5 251.9 249.2 239.6 230.7 221.3 211.9 205.2 196.7 190.2 181.8 173.6 165.4 157.5 147.5 138.2 128.4 118.4 106.5
221.3 249.4 293 331.4 347.9 365.5 386 411.4 435.1 453.3 469.1 488.7 512.7 538.9 563.1 583.4 605.4 623.3 640.6 659.5 666.6 668.1 666.2 659.5 656.6 647.3 640.6 634.4 630.2 623.2 612 602.4 592.5 587.3 578.6 569.5 558.9 548.5 537.9 526.2 516.9 504.4 483.8 453.9 425.7 395.5 374.9 361.3 353.5 343.6 333.2 322.6 316.9 307.3 298.9 290.6 283.6 278.6 274.2 269.5 262.9 255.4 247.4 238 232.2 222.4 213.1 205.3 197.6 191.1 182.7 174.3 168.1 160.8 151 140.9 131.2 120.7 107.5 101.3
206.5 240.6 284.2 324.5 337.4 360.2 386 407.1 430.2 450.5 468.5 484.8 502.6 524.6 547.2 567 585.9 605.5 624.1 644.7 654.7 659.4 660.8 660 657.8 651.6 643.1 635.4 626.5 613.6 604.3 595.5 589.5 581.6 573.7 563.9 553.3 544.8 535.6 523.6 513.7 504.4 494.5 474.9 447.4 417.4 390.6 370.3 356.2 344.4 335.4 325.7 316.7 307.8 299.9 293.8 287.8 282.3 275.1 267.1 259.7 251.7 243.9 234.4 222.8 214.7 206.4 198.1 191.6 184.7 176.2 169.2 163.6 154.9 144.9 135.5 122.2 112.6 105.5 96.3
197.7 224.1 254 287.6 333.6 362.3 385.8 407.6 424.7 447.3 464.9 481.9 495.9 511.8 534.5 553.7 573.1 589.9 611.7 637.8 648.9 654.8 658.2 657.5 655.7 649.9 640.6 628.6 617.2 602.2 594.3 588.4 581.6 574.6 564.7 555.8 547.1 539 529.2 518 508.8 499.2 489.4 478.6 458.5 431.9 404.1 380.4 360.6 346.6 335.3 325.4 317.1 308.3 301.8 295.2 286.3 279.3 272.6 263.6 255.9 247.3 238.6 228.8 219 211.4 201.1 187.3 180.8 176.8 170.7 164.4 158.2 148.3 138.7 126.7 115.6 108.7 102 92.7
187.3 211.2 235.6 273.4 323.7 349.7 373.5 400.6 420.9 438.1 455.6 474.1 491.4 504.2 521.9 540.9 560.7 585.2 610.4 635.3 645.3 650.7 653.6 653.5 651.8 642.6 630.4 618.1 606.3 597.9 588.5 579.6 572 564.3 556.3 547.9 538.2 530.1 520.3 510.7 500.3 491.2 481.2 470.5 459.5 440 410.9 383.6 361.2 346.4 332.8 323 314.9 306.2 299.4 292.9 284.7 276.3 268.2 259.5 251.3 242.7 232.5 222.2 214 207.7 199.2 185.3 171.9 158.5 149.6 151.9 152.7 142 129.4 118.8 112.1 104.5 95.6 87.8
