Assets/StreamingAssets/GeoData/Data/nc/NC36.asc
ncols 200
nrows 200
xllcorner 230000
yllcorner 960000
cellsize 50
[rows 108 to 143 of 200, columns 81 to 161 of 200]
244 242.8 247.4 247.3 243.2 236 230 227.1 218.8 213.9 205.8 201.5 198.3 193.4 190.7 187.7 182.5 180 178.1 174.8 171.8 170.7 166.9 162 164.4 176.3 185 190.4 194.3 197.5 193.3 183.5 172.9 164 155.4 148.2 142.6 138.7 135.2 136.8 138 130.6 119.1 108.9 99.1 97.3 91.7 84.4 76.5 68.4 61.3 50.6 40 28.1 20.7 9.9 3.7 2.3 2.3 4.7 2.1 1.5 1 0.7 0.4 0 -0.4 -1.1 -1.7 -1.7 -1.7 -1.7 -1.7 -1.7 -1.7 -1.7 -1.7 -1.7 -1.7 -1.7 -1.7
241.9 239.3 241.1 240.2 235.7 231.7 229.2 224.8 223.9 213.3 207.9 203.8 199.8 197.2 193.7 189.6 183.5 181.7 179.8 174.7 173.3 170.9 166.7 157 161.8 174.5 179.9 183.7 187.8 189.8 184.9 176.5 168 156.6 150.4 142.4 135.1 134.2 132.8 133.8 129.6 120.9 109.7 99.3 97 92 84.2 77.3 68 59.3 50.7 40.3 27.4 19.1 8.8 2.3 2 1.8 1.6 1.6 1.3 0.7 0.2 -0.1 -0.3 -0.6 -1.1 -1.7 -1.7 -1.7 -1.7 -1.7 -1.7 -1.7 -1.7 -1.7 -1.7 -1.7 -1.7 -1.7 2.4
237.7 236 236.6 234.2 231.5 230.8 229.6 229.2 221.3 212.5 208.4 204.3 200.6 198 194.3 189 184 183.9 180.3 176.1 174.4 169.8 162.9 155.7 161.4 168.8 173.6 176.4 178.9 180.5 176.8 169.8 162.5 154.4 147.7 137.4 133.2 128.4 128.5 126.9 119.4 109.5 97.6 93.7 89.7 84.5 77 70.1 60.6 51.2 40.5 28.4 21.6 7.8 2.2 1.8 1.5 1.1 0.9 0.8 0.5 -0.1 -0.6 -0.9 -1 -1.7 -1.7 -1.7 -1.7 -1.7 -1.7 -1.7 -1.7 -1.7 -1.7 -1.7 -1.7 -1.7 -1.7 2.1 4.6
236.2 234.7 233.6 232.8 232.6 231.1 231.4 227.8 218.3 213.7 209.3 206.3 201.9 198.5 192.1 189.6 187.4 185.6 181.1 177.7 174 168.4 158.1 153.7 159.9 163.2 166.5 168.3 168.8 169.4 167.3 160.8 153.7 150 143.6 135.3 130.3 124.9 122.2 116.6 107.5 97.6 87.7 87.2 82.7 76.3 69 61.7 50.8 40.8 28.5 20.5 8.6 2.2 1.5 1.1 1 0.6 0.2 0 -0.3 -0.9 -1.7 -1.7 -1.7 -1.7 -1.7 -1.7 -1.7 -1.7 -1.7 -1.7 -1.7 -1.7 1.4 2.1 1.9 2.4 3.2 2.9 5.8
236.2 234.3 234.2 236.1 236.5 234.5 232.3 224.7 217.8 213.3 209.4 206.2 203.1 199 196.3 191.9 190.5 186.7 183.5 180.2 174.2 164.8 155.6 152.6 157.2 157.8 158.2 159.3 157.6 156.9 156.3 150.1 145.9 141.8 134 130.9 124.6 117.6 113.3 105.1 95.7 87.8 82.9 80.4 73.5 66 59 50.6 39.2 29.3 20.1 9 2.1 1.3 0.8 0.3 0.2 0.1 -0.3 -0.6 -1 -1.7 -1.7 -1.7 -1.7 -1.7 -1.7 -1.7 -1.7 -1.7 -1.7 -1.7 -0.5 1 2.6 4.3 4.8 5.4 4.7 3.7 10.1
235.8 234.8 235.6 240.9 239.8 234.2 230.4 224.3 217.6 213.3 209.9 207.3 203.6 203.3 198 195.4 192.8 189.8 186.4 180.7 173.2 160 153.4 149.8 154.6 153.6 152.2 150.5 150 147.2 143.9 137.3 135.6 133.5 125.3 121.2 115.6 113.1 107.2 95.5 87.3 79.8 76 70.6 62.8 55.1 48.4 38.2 29.8 18.9 7.4 1.7 0.9 0.3 0 -0.4 -0.5 -0.6 -0.7 -1.2 -1.7 -1.7 -1.7 -1.7 -1.7 -1.7 -1.7 -1.7 -1.7 -1.7 -0.8 -0.2 0.5 1.3 2.3 5 8.8 6.5 4.2 7.6 14.8
236.5 239.2 242.6 244.6 240 234.9 228.6 223.4 216.3 213.4 210.2 207.4 208 204.3 201.4 199.4 195.4 193.5 189.5 181.4 170 156.9 153.6 155.8 149.5 149.5 148.4 145.6 143.4 140.5 136.5 130.9 128.5 124.5 117 112.8 110.8 105.3 95.6 89 77.9 69.3 67.6 61.3 53.2 45.8 36.9 29.7 19.7 4.8 1.4 0.1 -1.7 -1.7 -1.7 -1.2 -1.2 -1.3 -1.4 -1.7 -1.7 -1.7 -1.7 -1.7 -1.7 -1.7 -1.7 -1.7 -1.2 -0.7 -0.1 0.4 1.1 1.9 6.2 13.1 16 5.5 5.7 10.4 17.4
243.7 243.5 245.3 242.7 239.2 232.4 228.3 221.6 216.1 213.4 209.3 210.1 209.7 207 204.8 202.1 199.4 197.6 190.7 181.2 164.9 156.5 156.9 156.9 151.6 144 143 140.7 137.1 130.8 127.6 123.1 120.7 114.5 109.1 107.2 103.5 95.8 90.2 78.2 67.1 63.4 57 51.6 44 37.1 29.8 20.2 5.7 0.9 -1.7 -1.7 -1.7 -1.7 -1.7 -1.7 -1.7 -1.7 -1.7 -1.7 -1.7 -1.7 -1.7 -1.7 -1.7 -1.7 -1.7 -1.1 -0.7 -0.2 0.4 1.1 1.7 7.2 15.5 16.9 18.8 15.8 13.8 14.9 20.8
249.2 248 244.3 241.4 236.6 232.3 227.4 219 215.8 212.6 213 212.8 212.2 209.6 207.5 205.1 203.9 199.5 192.4 177.6 162.2 158.4 157.3 155 149.9 146.5 145 140.5 136 124.5 102.5 114.9 111.7 105 102 100.8 94.3 91.7 80.4 68.3 61.6 58.4 48.5 43.8 35 28.6 20.8 -1.7 -1.7 -1.7 -1.7 -1.7 -1.7 -1.7 -1.7 -1.7 -1.7 -1.7 -1.7 -1.7 -1.7 -1.7 -1.7 -1.7 -1.7 -1.7 -1 -0.6 -0.2 0.3 0.8 1.5 2.2 19.8 20.2 19 20.7 17.7 20 20.7 22.9
252.2 247.8 242.7 238.4 235.2 232.4 225 216.6 213 211.6 213.7 216 214.4 212.3 209.7 208.5 206.2 203 190.6 172.5 162.4 160 157 153.2 147.2 145.7 143.8 141.3 136.6 126.9 111.4 99.8 102.7 98.6 96.1 92.9 87.7 82 70.4 61.6 56.7 47.4 41.9 34.2 26.6 20.1 -1.7 -1.7 -1.7 -1.7 -1.7 -1.7 -1.7 -1.7 -1.7 -1.7 -1.7 -1.7 -1.7 -1.7 -1.7 -1.7 -1.7 -1.7 -1.7 -1 -0.6 -0.1 0.3 0.8 1.3 1.8 14.4 21.7 23.7 23.4 24 22 29.2 30.3 30.3
252.3 246.5 242.8 237.6 235.1 230.9 216.5 211.8 211.2 213.1 217.4 217.2 216.1 214.3 213.1 212.6 211.7 206.4 186.7 169 162.9 160.1 155.7 150.1 146.1 144.2 142.6 142.5 137.3 121.4 107.2 97.1 92.4 90.5 88.5 84.7 80.9 72.9 60.6 56.5 48.6 40.1 34.5 26 21.8 -1.7 -1.7 -1.7 -1.7 -1.7 -1.7 -1.7 -1.7 -1.7 -1.7 -1.7 -1.7 -1.7 -1.7 -1.7 -1.7 -1.7 -1.7 -1.7 -1 -0.7 -0.3 0.1 0.5 1.1 1.6 2.2 21.8 24.2 24.4 26.4 24.9 23.6 34.7 37.3 35.7
249.2 247.8 241 236.9 234.4 224.2 211.8 211.2 211.2 215.5 218.6 217.7 217.2 217.2 217.4 216.8 219.3 203.3 183.5 166.3 161.8 158.6 151.5 146.7 143 140.1 138.9 140.7 129.9 116 104.8 96.1 83.7 80.4 80.2 74.8 73.2 63 52.9 48.9 39.5 34 26.6 19.4 14 -1.7 -1.7 -1.7 -1.7 -1.7 -1.7 -1.7 -1.7 -1.7 -1.7 -1.7 -1.7 -1.7 -1.7 -1.7 -1.7 -1.7 -1.7 -1.4 -0.7 -0.3 0 0.4 0.8 1.2 1.7 2.3 21.7 23.6 28 27 22.9 34.3 39.9 37.9 34.2
248.7 247.8 240.5 236.4 230.8 219.8 211.2 211.2 211.6 220.1 218.5 218 218.3 220.2 220.7 222.6 214.5 198.8 179.2 166.5 161.8 155.6 150.4 141.8 136.2 130.4 127.6 132.8 122.5 111.7 101.8 94.3 84.4 73.7 71.9 67.4 63.6 53.3 46.9 39.9 31.7 24.8 17 9.8 -1.7 -1.7 -1.7 -1.7 -1.7 -1.7 -1.7 -1.7 -1.7 -1.7 -1.7 -1.7 -1.7 -1.7 -1.7 -1.7 -1.7 -1.7 -1.7 -1.3 -0.6 0 0.4 0.8 1.2 1.5 1.9 2.3 22.2 24.3 30.1 27.5 25.3 38.3 35 33 35.5
248.2 247.5 239.6 233.7 227.4 215.8 211.2 211.2 220.6 221.7 219.2 219 222.5 223.7 222.1 220.5 209.1 195 175.9 167.2 159.2 151.7 144.1 139.5 135.2 123.1 115.6 122.3 118.5 106.8 98.8 90.7 79.2 71.9 64.3 59.8 52.8 44.5 39.1 30.8 25.3 16 8.6 1.8 -1.7 -1.7 -1.7 -1.7 -1.7 -1.7 -1.7 -1.7 -1.7 -1.7 -1.7 -1.7 -1.7 -1.7 -1.7 -1.7 -1.7 -1.7 -1.7 -1.1 -0.4 0.2 0.7 1.1 1.5 1.9 2.3 7.6 22.3 25.7 29 34.6 30.5 32.9 31.3 33.6 41.2
245.6 244.1 235.7 229.4 222.1 215.2 213.6 220.1 226.5 221.2 221.4 222 225.3 226 224.1 218 204.9 190.4 173.2 165.8 155 150.1 137.8 133.3 130.1 118.6 109.2 108.7 114.4 104.2 94.6 86.2 75.5 67.1 56.5 49.7 45.2 35.9 29.8 21.3 16.1 8.8 1.9 0.6 -1.7 -1.7 -1.7 -1.7 -1.7 -1.7 -1.7 -1.7 -1.7 -1.7 -1.7 -1.7 -1.7 -1.7 -1.7 -1.7 -1.7 -1.7 -1.7 -1 -0.3 0.4 1.1 1.4 1.8 2.2 2.3 9.7 21.4 27 30.2 33.9 29 29.8 31.7 40.4 47.1
243.5 238.2 229.9 224.2 221.9 219.2 221.4 227.6 228 223.9 223 226.6 229.7 228.3 225.3 215.3 201.7 183.1 172.1 162.5 154.9 152.6 134.6 129 123.6 116.6 105 98.4 105.5 98.7 89.4 80.8 71 60.4 50.1 40.3 34.7 26.4 19.8 15.7 7.4 2.2 0.9 -1.7 -1.7 -1.7 -1.7 -1.7 -1.7 -1.7 -1.7 -1.7 -1.7 -1.7 -1.7 -1.7 -1.7 -1.7 -1.7 -1.7 -1.7 -1.7 -1.7 -1 -0.3 0.5 1.2 1.8 2.1 2.3 9.5 16 21 28.5 32.7 36.8 30 29.9 34 49.1 52.1
237.5 229.6 226.2 224.8 223.9 225.4 229.6 233 228.9 226.3 227 233 232 230.9 222 212.5 194.3 177 168.9 159 153.5 142.8 134.2 129.6 123 112.9 100 93 94.2 95.1 84.6 74.8 64.1 53.7 42.9 31.9 24.5 17.3 12.4 7.2 2.1 1.1 0.1 -1.7 -1.7 -1.7 -1.7 -1.7 -1.7 -1.7 -1.7 -1.7 -1.7 -1.7 -1.7 -1.7 -1.7 -1.7 -1.7 -1.7 -1.7 -1.7 -1.7 -1.2 -0.3 0.5 1.3 2 2.3 4.5 15.5 20.3 24.2 30.6 34.4 31.6 31.3 30.7 39.2 51.5 56.5
230.4 227.2 226.8 225.9 226.7 232.3 231.5 233.5 228.6 229.1 231.7 235.3 233.6 226.8 218.6 207.3 183.3 172.7 166.7 160.9 153.9 142.3 135 128.7 120.7 106.6 94.8 87.4 85.9 86.5 79.2 68 58.2 44.7 33.9 24.2 15.6 11.3 7.9 2.4 0.9 0.1 -0.8 -1.7 -1.7 -1.7 -1.7 -1.7 -1.7 -1.7 -1.7 -1.7 -1.7 -1.7 -1.7 -1.7 -1.7 -1.7 -1.7 -1.7 -1.7 -1.7 -1.7 -1.7 -0.4 0.6 1.5 2.5 3.7 11.6 22.7 22.3 28.5 32.3 33.8 33.4 32.2 33.5 47.7 53.7 60.9
224.6 226.7 225.5 228.3 230 232.5 235.8 232.2 229.3 228.9 232.4 232.9 228.5 220.9 210.2 191.4 172.1 170.3 168.1 162.8 148.2 140 133 128.7 112.7 100.8 89.2 80.8 78.4 76.7 71.5 61.6 50.2 37.2 25.8 17.4 13.6 5.2 5.5 2.2 -0.1 -1.7 -1.7 -1.7 -1.7 -1.7 -1.7 -1.7 -1.7 -1.7 -1.7 -1.7 -1.7 -1.7 -1.7 -1.7 -1.7 -1.7 -1.7 -1.7 -1.7 -1.7 -1.7 -1.7 -0.3 0.7 1.7 3.5 15.6 21.4 27.9 31.2 26.3 34.2 34.9 34.2 34.7 43 50.4 55.4 66.3
218.3 221.9 220.8 220.3 224.2 230.1 231.8 230.5 227.5 227.8 226.4 223.9 218.8 210.5 198.4 176.5 168.2 169.4 166.5 155.3 145.9 139.5 130.2 117 99 88 82.8 74.5 70.8 69.7 65.1 53.3 41.8 29.5 17.9 12.1 8.6 4 2.9 0.9 -1.7 -1.7 -1.7 -1.7 -1.2 -1.2 -1.7 -1.7 -1.7 -1.7 -1.7 -1.7 -1.7 -1.7 -1.7 -1.7 -1.7 -1.7 -1.7 -1.7 -1.7 -1.7 -1.7 -1.7 -0.3 1 2.2 12.6 22.7 30.1 33.9 33.9 31.1 36.1 36.1 35.7 37.6 46.7 56.5 67.1 72.3
207.1 206.5 209.9 213.9 216.5 223 225.6 222.6 222.6 220.3 216.7 212.8 206.9 198.3 182.5 168.1 169.6 167.8 158.2 148.4 139.4 134.4 126.1 106.1 89.9 82 76.2 66.3 63.8 63 57.5 43.7 31.6 20.5 10 5.4 4.9 3.4 2.3 -1.7 -1.7 -1.7 -1.7 -1.1 -0.8 -0.6 -1.2 -1.7 -1.7 -1.7 -1.7 -1.7 -1.7 -1.7 -1.7 -1.7 -1.7 -1.7 -1.7 -1.7 -1.7 -1.7 -1.7 -1.7 0.1 1.7 10.5 21.6 26.9 34.9 35 34.2 33.5 37.7 37.1 37.6 40.7 52 64 71.7 74.7
194.9 196.9 200.6 202.7 206.3 210.8 211.5 213.4 212.9 210.2 205.8 197.6 190.6 180.3 168.6 167.7 169.6 159.7 151.1 141.9 136.5 129.8 113.5 95.7 78.6 73.2 65.6 59.3 50 55 46.2 34.1 22.8 9.7 5.2 2.9 2.3 1.9 0.8 -1.7 -1.7 -1.7 -1 -0.6 -0.3 0 -0.6 -1.2 -1.7 -1.7 -1.7 -1.7 -1.7 -1.7 -1.7 -1.7 -1.7 -1.7 -1.7 -1.7 -1.7 -1.7 -1.7 -1.7 1.6 8.8 21.1 28 36.2 35.7 34.7 33.3 35.2 38.6 38.4 39.4 46.1 64.8 69.3 73.5 76.7
184.4 186.4 187.4 188.2 193.8 197.2 198 198.5 196.7 195.6 187.6 179.7 175.4 169.8 166.1 164.8 159.9 152 147.6 134.5 129.6 120.5 103.4 84.9 70.5 62.1 55.8 51.6 40.1 42 34.1 23.6 14.1 6.4 5.2 3.6 1.7 0.6 -1.7 -1.7 -1.7 -1.2 -0.6 -0.1 0.2 0.3 0 -0.6 -1.2 -1.7 -1.7 -1.7 -1.7 -1.7 -1.7 -1.7 -1.7 -1.7 -1.7 -1.7 -1.7 -1.7 -1.7 0.9 6.4 19.8 29.1 35.4 37.1 36.4 33.8 34.6 37.3 39.5 40.1 40.9 62.2 69.9 71.2 75.6 79
172.2 174.9 175.7 176.1 179.7 181.9 182.3 182.1 181.8 179.8 176.1 170.1 166 163 159.7 155.7 149.9 146.4 136.2 129.2 121.9 109.9 92.4 75.5 63.3 54.1 49.4 45.1 36.1 30.9 25.5 15.7 7.6 5.8 5.2 2.6 0.9 -0.6 -1.7 -1.7 -1 -0.6 -0.2 0.3 0.7 0.7 0.5 0 -0.6 -1.1 -1.7 -1.7 -1.7 -1.7 -1.7 -1.7 -1.7 -1.7 -1.7 -1.7 -1.7 -1.7 -1.7 3.8 14 26.9 31.6 37.4 35.9 34.4 33 35 38.9 41.4 42.5 53.5 67.6 70.8 74.4 77.5 80.6
162.4 162.7 163.8 162.8 165 163.4 163.9 164.8 165.6 166.2 163.1 157.8 155.2 152.8 149.6 144.7 141.6 133.6 123.6 117.5 112.8 99.2 81.7 67.6 56.9 47.3 43.3 36.7 31.7 22.2 17.3 9.4 5.8 4.8 4.5 2.1 0.4 -1.7 -1.7 -0.8 -0.1 0.1 0.4 0.7 1.2 1.2 1.1 0.6 0 -0.6 -1.1 -1.7 -1.7 -1.7 -1.7 -1.7 -1.7 -1.7 -1.7 -1.7 -1.7 -1.7 1.4 7.3 21.7 30 36.1 37.5 36 32.7 34.3 36.8 43 45.6 46.8 56.1 66.6 71.7 74.9 78 79.2
153.3 152.4 151.9 151.8 150.7 148.8 145.7 145.1 147.7 148.7 147.2 142.5 140.5 138.4 136.8 134.2 127.5 121.9 114.9 110.6 101.1 87.2 74.9 60.9 47.6 41.4 36.9 29.8 25.4 19.5 10.7 8.3 5.6 2.4 2.3 1.8 0 -1.7 -1.7 -0.1 0.8 0.8 1.1 1.3 1.7 1.8 1.7 1.1 0.6 0 -0.6 -1.1 -1.7 -1.7 -1.7 -1.7 -1.7 -1.7 -1.7 -1.7 -0.7 0.9 4.4 13.2 24.2 32.3 37.4 37.9 36.8 36 35.1 37.6 44.1 48.2 50.4 56.4 66.8 73.1 76.7 77.7 78
143.6 143.2 139.3 137.7 137.3 134.3 132.3 131.5 131.2 129.7 127.1 124.6 121.8 123.5 126.3 121.4 118.4 114.2 107.2 103 95.9 77.3 65.5 49.2 41.5 36.1 29.1 23.6 19.2 14 9.6 7.2 4.2 2.3 2.3 1.1 -0.4 -1.7 -0.5 0.5 1.6 1.6 1.8 2 2.3 2.3 2.2 1.7 1.1 0.6 0 -0.6 -1.1 -1.7 -1.7 -1.7 -1.7 -1.7 -1.7 -0.7 0.2 1.5 7.5 14.3 22 30.4 37.7 37.6 36.8 36.6 36.7 39.7 44.4 48.8 52.5 60.9 70.4 75.9 78.4 78.3 76.9
132.3 130.2 127.5 124.6 121.1 117.4 117.9 116.5 113.4 110.4 107.6 107.7 107.1 109 109.1 110.7 108.8 108 100.7 91 79.4 68.9 52 41.4 36.2 30.2 25.6 19.4 13.2 9.4 7 5.3 4.5 2.3 1.4 0.2 -1.7 -1.7 0.5 2.1 6.4 2.3 2.9 2.3 3 5.4 2.3 1.6 1.1 0.6 0.1 -0.4 -0.9 -1.7 -1.7 -1.7 -1.7 -1.7 -1.7 0 1.1 2.2 9.1 15.5 20.3 25.9 33.3 35.3 36.4 36.4 37.5 42.1 47 50.7 57 65.1 73.5 78.6 79.2 78.4 75.1
117.9 114 114 110.1 104.5 104 103.2 101.5 99 95.9 94.4 94.5 95.3 95.1 93.9 95.1 89.4 85.4 83.1 78.8 75.6 53.4 43 35.1 30.6 26 22.9 15.5 9.6 7.4 6.1 5.5 4.6 2 0.7 -0.6 -1.7 -1.7 1.6 8.6 8.5 9.3 3.5 8.8 10.5 7.4 3.1 1.6 0.7 0 -0.5 -1 -1.7 -1.7 -1.7 -1.7 -1.7 -1.7 -0.5 0.6 1.6 7.5 10.2 15.7 25.2 25.2 26.9 30.6 34 35.7 37.3 42.2 47.9 53.9 60.7 68.6 75.8 79.7 79.6 77.9 73.9
103.1 101.2 101.9 97.7 93.9 93.7 92.3 90.4 88.7 85.6 85.5 83.9 80 78.8 80.4 75.1 73.2 69.9 67.6 66.4 57.7 39.4 33.9 29.5 26.5 23.2 18.5 9.2 7.8 6.2 5.1 5.4 4.5 2.9 0.7 -1.7 -1.7 -1.7 6 13.6 17.7 13.9 12 11 9.6 6.8 2.1 1.3 0.5 -0.3 -1.1 -1.7 -1.7 -1.7 -1.7 -1.7 0.3 0.6 0.6 1.6 2.3 2.3 9.7 13.8 20.4 28.5 26.8 27.1 30.3 33.8 36.4 43.4 50.3 56.8 64.9 71.1 77.9 80.4 79.5 76.7 71.9
90.3 91.3 89.5 85.8 85.4 84.5 82.3 82.5 79.1 75.9 73.5 72.9 69.9 68.7 65.7 63.8 62.4 57.9 54.8 48.7 37.5 33.1 28.2 24.6 21.9 19.1 11.5 7.8 7.3 5.7 2.8 4 5 5.1 -1.7 -1.7 -1.7 -1.7 10.9 21 22.2 16.6 20 14.6 8.7 4.7 1.8 0.9 0 -0.9 -1.7 -1.7 -1.7 -1.7 0.9 3.5 4.4 2.8 2.3 2.3 2.3 2.3 8.9 15.6 16.6 20.9 26.6 25.7 27.3 29.4 37 45.1 52.8 61.2 67.5 74 79.3 80.7 79.3 75 69
80.6 77.8 76.7 76.1 75.6 76 74.6 71.8 69.6 68.4 66.6 64.7 62.8 60.2 57.9 55.4 51.4 47.2 42.5 36.7 32.3 27.2 24.2 20.9 16.4 12.4 8.9 6.4 4 1.4 0.7 0.3 0.8 -1.7 -1.7 -1.7 -1.7 8.9 23.6 24.3 24.2 22.6 21.1 15 10.4 2.2 1.3 0.3 -0.5 -1.7 -1.7 -1.7 -1.7 0 1.9 6.8 6.2 6.7 6.2 6.1 2.3 2.3 8.7 13.4 15.9 17.4 20.8 25.7 28.6 29.1 38.1 46.2 56.6 65.7 69.4 76.3 80.6 80.8 78.6 72.6 67.2
71.5 69.7 67.7 66.7 67.1 67.3 66.9 64.5 60.9 59.5 60.5 60 56.8 54.1 50.3 47.7 43 38.6 34.1 30.7 26.6 22.3 19.7 14.3 10.3 7.9 6 2.5 0.5 -1.7 -1.7 -1.7 -1.7 -1.7 -1.7 -1.7 5.8 28.6 28 27.8 25.2 29.4 22.6 16.7 3.8 2.3 0.9 -0.2 -1.7 -1.7 -1.7 -1.7 -0.7 0.4 1.7 5.5 7 8.4 7.4 7.6 4 2.3 7.4 9.8 12.7 15.7 16.7 20.2 25 30.6 40.7 52.3 64 66.3 70.3 77.3 80.9 79.6 76.3 70.3 65.4
65.8 63.3 61.4 62.7 61.3 60.6 59.5 58.9 58.3 56.1 52.8 57.1 53.5 48.1 44.8 40.9 36.6 32 27.1 24.4 20.3 17.2 16.8 12.6 8.9 7.2 2.7 0.3 -1.7 2 -1.7 -1.7 -1.7 -1.7 5.2 5 28.6 32.1 36.9 30.1 29.2 30.5 23.2 14.9 3 2.3 1.6 -0.1 -1.7 -1.7 -1.7 -0.9 -0.2 0.8 1.8 4.9 6.8 5.6 8.4 8.4 7.8 5 5.1 9 10.5 12.2 17.2 19.5 26 36.6 47.5 56.1 62.1 65.1 70.9 76.4 78.3 77.2 73 66.3 64.4
62.1 64.5 64.1 63.8 64 65 64.3 64.8 61.8 57.1 50.2 49.2 49.7 43.6 39 35.3 31.7 26.6 20.9 15.1 14.1 12 9.1 -1.7 -1.7 -1.7 -1.7 -1.7 -1.7 -1.7 -1.7 -0.3 -1.7 5 7 17.5 33.3 35.8 36.1 33.3 35.5 32.7 19 10.1 2.3 2.3 2 -1.7 -1.7 -1.7 -0.6 -0.1 0.6 1.3 2.3 3.7 6.5 7.6 8.5 9.1 8.7 8 6.8 5.9 9 11.5 14.1 19.3 27.9 38.3 46.2 53.5 60.7 64.4 69.7 74.3 75.1 73 67.4 63.4 63.2
64.9 65.1 65.2 65.9 66.8 67.5 68.3 65.2 61.5 55.3 50.5 42.9 42.4 38.8 34.2 30.8 25.7 20.4 17.3 14 10.8 10.4 10 -1.7 -1.7 -1.7 -1.7 -1.7 -1.7 -1.7 2.3 2.9 7.8 11.6 14.3 26.6 35.6 37.9 34.1 36.6 38.6 33.8 15.2 8.3 2.3 2.3 -1.7 -1.7 -1.7 -1 0.1 0.8 1.4 2 3.1 5.7 7.5 9.7 9.6 9.6 9.4 9.5 8.7 5.1 7.2 11.5 15.3 19.4 28.5 36.2 44.2 49.8 56.2 62.9 68.3 71.6 71.3 67.4 62.8 61.7 62.6
