Assets/StreamingAssets/GeoData/Data/nc/NC40.asc
ncols 200
nrows 200
xllcorner 240000
yllcorner 900000
cellsize 50
[rows 0 to 34 of 200, columns 0 to 78 of 200]
335.5 330.5 324.9 318.2 315 310 304.1 296.3 287.3 281 275.3 267.9 261.2 252.4 245.8 239.8 233.3 227.8 222.7 218.5 213.1 207.1 200.4 195.2 190.5 186.2 182.3 178.2 175.7 171.9 169 167.5 165.7 163.4 160.4 156.7 155.1 152.7 149.4 145.8 140.8 134.6 127.5 118.1 115.2 107 98.6 87.7 75.6 64.7 64.7 64.6 64.6 64.4 63.7 64.8 64.6 64.7 64.1 64.2 73 84.2 97.3 117.3 130.5 141.2 152.3 158.2 168.8 175.3 182.3 188.7 190.5 193.2 195.4 200.3 205.5 213.7 222.8
342.5 336.3 331.4 323.4 321.9 317.1 312.1 303.8 296.5 287.1 280.6 273.9 267.1 258.6 251.2 244 237.7 232.3 226.1 221.4 216.8 211.8 205.9 200.4 195.1 190 186.6 182.9 180.2 176.1 173.6 171.7 169.1 167.1 164.5 161.8 159.4 156.8 153.9 150.5 146.2 141 133.7 129.3 121.4 116.1 108.7 99.6 83.1 72 64.3 64.7 64.5 64.8 63.7 64.7 63.3 63.2 64.3 64.4 64.3 75.9 91.1 104.1 120.8 133 145.7 153.5 163 170.5 183.7 189.8 190.5 192.6 193.3 195.1 200.8 207.4 216.3
348.8 344 336.8 333.3 328.8 322.9 317.8 311.9 303 294.3 286.3 278.1 271.3 264.5 256.1 248.2 242.2 237.8 230.7 224.6 220.4 216.5 212.1 206.3 200.8 194.2 190.4 187.3 183.5 179.6 176.9 174.6 172.6 171 168.3 165.4 163.4 160.9 157.9 154.2 148.1 143.9 141.6 136.6 129.5 121.7 115.9 108.2 89.5 77.2 69.8 64.3 64.6 64.4 64.7 64.1 64.1 62.9 64.3 63.6 64.4 64.9 80.7 96.7 107.2 122.1 134.1 148.9 159.3 167.4 177.3 186.1 190 190.3 190.6 192.9 198.2 202 208.9
354.4 349.1 344.4 339.4 334.9 329.6 322.9 316.3 310 301.8 293.6 284.4 276.4 268.4 259.9 252.6 245.2 239.5 233.5 228.1 223.4 219.9 215.4 212.5 205.1 200.2 195.7 191.4 187.8 185 181.6 178.8 176.8 174 172.7 169.5 167 164.2 160.8 154.8 153.2 150.2 146.9 141.8 137.3 129.1 125.5 113.9 98.5 83.8 75.5 72 64.6 64.2 64.3 63.6 62.7 63.3 64.1 63.7 64.4 64.5 70.9 82.5 100.1 115.9 131.3 144.8 156.3 164.2 172.6 181.1 181.9 188.8 189.2 191.3 194.2 197.1 203.9
360.6 354.2 350 346.8 341 336.3 328.1 322.8 314.7 307.7 299.8 292.3 282.8 276.3 267.5 258.1 252.6 247.2 237.2 231.1 226.1 222 217.5 216 212.9 207 200 195 191.4 189.1 185.8 182.6 180.8 178 176 174.1 170.9 166.8 162.9 160.6 157.4 153.9 150.2 146.8 142.4 134.5 128 120.3 105.6 93.8 83.7 79.7 71.9 64.3 63.7 64.4 64.2 62.3 64.2 64.2 63.2 63.5 64 74.7 92.9 109.2 122 136.2 149.4 161.7 166.8 170.2 180 185.9 188.3 188 190.4 193.6 200.5
367.2 360.9 356.3 351.5 347.2 342.9 336 328.3 322.7 315.9 306.9 298.5 289.3 283.1 273.1 265.1 257.7 250.8 244 235 229.8 225.3 220.4 217.9 216.5 211.1 205.6 198.9 196.5 193 190.2 187.4 184.3 181.9 179.3 177 172.9 169.8 167.9 164.1 160.4 157 154.8 150.4 145 138.9 131 123.2 113.2 99.4 89.5 85.7 79.7 68.6 65.1 64.1 64.4 63.7 63.2 63.7 63.3 64.2 64.2 64.7 83.2 102 115.9 133.2 143.3 150.7 159.3 165.1 173.6 180.1 184.4 183.7 187.3 191.6 194.7
376.4 369 362.6 357.1 353.1 347.9 342.5 337 331.1 322.6 313.8 305.5 296.4 290.4 280.6 273.2 263.4 255.7 248.9 242.7 234 227.4 224.9 220 215.9 213.9 209 206.2 201.3 196.7 194.3 191.6 188.3 185.3 182.1 176.7 175.6 174.5 170.4 167.2 162.5 159.5 157.5 155.1 148.8 142.7 135.2 126.9 120.4 105.4 96.5 89.9 83 75.4 72.1 63.4 64.3 64.3 62.9 64.2 63.8 64.1 63.9 63.7 69.6 90.8 109.7 124.3 139.8 145.2 150.8 161.7 165.9 170.8 171.1 174.2 181.7 184.4 190
389.9 383.2 374.7 365.8 361.9 358 349.6 344.7 337.1 330.6 322.9 312.6 303.5 296.6 289.5 280.3 271.2 262.1 253.7 249.1 242.2 233.8 228.3 221.8 218.8 215.1 212.7 210.4 205.7 200.6 197.3 194.5 192.2 187.7 184.5 182.9 179.1 178.9 175.3 172 167.9 165 160.9 156.9 153 146.7 139 132.5 124.5 112.4 103.4 94.7 90.2 82.5 76.9 67.7 62.5 63 63 62.9 63.8 64 63.6 63.9 64.2 80.7 99.5 116.2 129.8 141 145.9 150 156.7 160.5 165 171.8 178.6 182.2 185.8
402 392.3 385.1 382.2 373.6 362.7 353.9 349.7 345 335.9 330.5 318.6 311 301.6 293.1 286.1 277.9 269.9 262.8 254.6 249.4 241.8 233.5 227.1 223.4 219.1 215.4 211.4 208.9 206.2 198.9 196.3 195 194.6 191.4 187.3 184.8 183.3 181 177.1 173.2 168.7 165.8 163.5 157.8 150.7 141.6 133 128 117.7 104.1 99 97.2 91 79.1 67.5 63.6 64.2 64.4 64.1 64.1 63.7 64 64.2 63.6 64.5 87.6 102.4 120.2 132.4 139.9 143.3 149.5 156.6 164.1 166.9 172.7 177.6 182.6
405.4 400.7 396.1 391.4 385.3 377.1 359.2 348.9 345.1 339.2 333 325.3 315.3 309.1 301.2 292.6 283.6 276.2 268.3 260.3 253.1 250.5 241.4 233.6 227.6 222.5 218.6 214 207.9 204.3 205.5 201.7 200.1 199.2 197.8 193.7 190.8 186.9 184.4 182.1 178.1 173.8 169.2 165.7 162.5 155.2 148.8 138.8 130.2 119.7 108.5 101.3 97.2 91.1 82.9 67.5 62.7 64.1 64.2 63.9 63.7 63.7 64 63.8 64 64.1 69.8 90 105.2 119.8 130.4 137.8 141 149.9 155.8 160.5 167.9 173 177.7
408.9 405.1 402.3 395.5 390.7 383.9 372.8 354.4 350.3 343.9 335.9 329.5 319.6 315.3 307.7 299.3 290.4 281.7 274.8 265.2 257 252.7 248.5 241.1 233 225.1 221.7 217.4 214.3 211.6 208.6 206.5 202.9 202.2 201.5 199.7 194.5 190.7 187.7 185.3 182.6 178.5 173 168.2 165 160.4 152.4 144.7 132.2 124.9 115.1 104.7 95.4 90.3 83.5 67.2 63 62.2 63 63.7 64.1 64.2 64.1 63.4 64.1 64 63.8 70.8 86.4 95.9 116.2 126.8 137.7 144 149.7 157.4 165.4 172.9 179.5
415.3 407.1 400.4 397.6 391.9 386.7 376.4 358.9 351.4 349.1 339.3 334.3 325.6 318.6 312.6 306 298.6 290.1 282 270.3 262.5 256 252.2 246.7 239.7 231.7 226.4 221.9 217.7 214.3 211.7 210.1 208.6 205.5 203.7 203.8 204 195 191.2 188 184.8 181.6 177.2 171.5 166.2 162.6 157.1 147.9 137.9 127.2 120 110.2 101.5 92.1 80.6 72.9 67 62.4 62 63 63.4 63.5 63.6 64.2 64.1 64.1 64 63.7 69.7 86.3 100.1 115.4 127.5 138.9 147.1 157.7 168.3 175 181.7
418.7 412 403.1 394.6 387.7 381.8 372.7 358.5 350.2 344.1 342.1 338 331.7 323.1 316.8 311.1 306.4 297.2 287.6 280 268.9 261.4 256.8 251.1 245.2 238.9 232.9 227.5 222.3 219.8 216.7 213.1 211.1 209.3 208.3 206.9 206.1 201.9 196 192.4 189.4 185.7 180.7 175.2 169.3 164.6 159 152.2 142.5 132.4 123.7 115.5 105.2 95.1 87.1 78.2 68.2 64.2 63.7 63.8 63.4 62.4 63.9 63.9 63.8 63.7 63.5 63.7 65.1 80.3 97.9 105.6 119.4 133.1 149.6 160.8 170.8 177.2 183.1
425.7 419.7 410.5 403.6 393.7 380.5 369.1 359.3 354.4 347.2 343.3 338.7 334.1 327.1 320.7 314.4 308.8 302.3 292.7 284.2 275.4 269.7 261.3 254.9 250.4 245.9 239.6 233.5 228.5 226.3 223.2 218.4 214.9 212.5 210.9 209.7 208.6 205.9 201.7 197.9 194.6 190.8 185 179.9 172.8 167.8 161.3 154.6 144.5 136 127.5 120.8 110.7 97.1 89.8 82.4 72.3 67.7 64.4 63.3 63.4 62.4 63.1 63.5 63.5 63.4 63.6 63.8 64 67.3 82.7 94.8 110.1 128.4 150.7 164.5 175.6 181.2 186.3
430.9 426 420.6 412.5 403.2 388.4 376.3 367.8 358.4 349.5 344.8 341.3 335.9 329.2 325.1 317.8 310.2 305.4 298.3 289.8 281.1 274.3 268.6 261.8 256.3 250.8 247.1 243.3 237.6 232.4 229.2 224.1 220.2 216.7 214.4 213.4 211.9 208.3 205 201.6 197.6 195.1 190.6 183.7 176.4 171.6 164.4 157 149.4 140.4 131.1 124.4 116.7 102.2 91 83.2 76.7 70.8 67 64 63.8 63.6 63 63.9 63.3 63.4 63.7 64.1 63.9 66.5 70.8 91.2 103.5 124.9 148.5 164.5 177.9 186.7 190.9
436.4 432.8 426.9 419.6 411.1 399.9 386.4 375.8 367.7 359 349 339.3 332.3 327.3 322.7 318.7 313.2 306.8 301.9 296.2 287.3 280.3 273.2 266.2 263 259.2 254.9 252.1 247.1 241.7 234.7 230.2 225.4 221 217.4 216.8 216.7 215.2 209.6 204.8 200.8 197.5 194.4 186.4 179.8 175.4 167.6 160.6 154.3 145.6 136.7 127.6 119.3 103.8 90.6 80.7 77.1 74.2 72.1 66 64 63.4 63.1 62.2 63.9 64.1 63.8 63.6 63.8 64.3 65.9 76.3 92.7 113.2 143.1 160.6 173.1 184.3 187.3
444.1 439.3 434.2 425.8 418.9 407.2 398.5 387.9 378.8 368.4 362.9 352.2 342.9 330.7 324.1 318.2 312.5 308.4 303.5 299.5 293.2 286.1 281 276.1 273 269 264 259.8 256.5 250.4 242.1 236.4 231.9 227.7 222.6 220.2 220.7 219.6 215.7 210.3 204.2 199.9 194.9 188.5 182.6 176.7 171.3 163.2 158.4 150.9 140.6 132.4 123.2 108.5 93.5 89.2 81.7 78.2 74.5 72.2 65.1 63.3 63.7 61.7 64 63.6 63.4 63.2 63.7 63.6 64.6 65.8 85.4 102.3 134.4 153.9 169.9 181.6 183.9
452.6 447 442.2 435.2 427 417.4 407.3 401 392.6 383.6 371.9 362 357.9 345.6 333.8 326.2 318.3 313.2 307.2 303.5 298.5 294.6 291.9 286 282.3 281.3 275.6 269.1 263.7 258.7 252.9 246 237.6 232.9 228.5 225.1 223.4 224.8 221.4 215.6 209.7 203.5 197.2 190.9 185.5 179.3 172.7 167 161.9 156.9 145.5 136.9 127.1 115.7 101.7 91.8 83.1 80.3 76.9 73.6 66.2 63.2 63.6 61.8 63.8 63.3 62.9 62.9 63.5 64.2 65.1 66.3 78.6 92.6 118.9 146.8 161.9 185.1 182.5
458.8 455.3 450.4 445 437.5 426.7 415.8 406.3 400.8 391.9 383.5 376.5 369.3 356.1 343.2 335.7 330 323 316.8 310.8 304.7 299.8 298.7 295.5 291.8 289.3 288.2 279.4 272 266.4 261.2 255.1 248.3 240.7 236 231 228.9 228.7 227.2 220.6 214.9 206.4 200.3 194.3 187.7 182.2 177 172.3 166.3 159.6 152.1 140.9 133.8 119.7 109.1 97.2 90.1 85.4 77.2 73.8 67.6 64.4 63.7 61.7 62.6 63.3 63.6 63.5 63.6 64.2 66.1 67.4 69.5 85.2 102.9 132.7 149.6 174.8 178.1
465.8 460.8 455.8 452.2 447.3 439.3 427.3 414.7 403.3 398.3 392.7 384.1 375.8 363.8 351.2 343 335.1 330 324 320 315.4 309.4 307.2 304.7 303.6 299.2 293.9 290.9 284.1 275.8 268.9 262.9 257.4 251.1 243.9 237.6 232.6 230.9 231.1 226.4 221.3 213.2 206.5 198.1 190.1 185.6 181 176.9 173.5 164.4 158.7 149.9 138 124.3 113.9 102.5 93.2 87.6 83.7 76.5 71.7 67.6 65.5 63.5 62.6 63.6 63.8 64.1 64.2 64.4 65.9 67.4 69.3 71.8 91 109.4 132.4 158.6 172.3
472.2 467.4 463 457.6 451.8 447 438.4 425.9 413.8 401.9 395.9 388.7 377.5 370.4 360.6 351.2 345.6 338.2 332.1 324.7 322.5 318.2 313.6 310.4 311.5 311.5 306 298.3 291 285.3 278.1 272.5 266.6 260.6 253.6 245.7 240 235.1 232.8 228.7 223.2 217.9 211.6 203.8 196.3 191.7 185.3 179.8 175.9 169.1 162.6 154.4 142.9 130.8 118.6 108.3 99.4 91.4 86.2 81.4 76.1 72.9 68.7 63.4 63 63.3 63.7 64 64.3 64.6 66.1 67.2 69.5 72.4 82.4 100.6 119.2 134.9 160.7
481.6 475.4 470.2 464.5 459 453.4 448.5 437 423.7 410.5 398.2 393.2 387 378.4 366.7 359.4 353.1 345.6 340 328.2 324.5 323.2 319.6 313.6 311.9 314.2 312.7 306.1 299 291.7 286.2 281.8 278.1 271.6 262.7 254.5 247.4 240.5 235.9 233.9 230.3 219.9 213.3 207.9 202.2 196.3 191.4 183.2 179.7 173.3 167.3 160.6 150 135.8 124.9 113.3 103.5 94.4 86.7 82.9 79.1 74.5 69.5 63.8 63.2 63.1 63.6 63.9 63.7 64.5 66.4 67.3 71.4 81.1 78.3 93 109.6 128.7 147.6
490.8 485 479.2 473.9 466.6 461.3 455.1 448.1 438.2 422.5 406.7 398.2 393.6 388.2 378.1 363.9 358.7 349.5 342.9 332.2 326.6 325.5 323.5 314.7 308.6 308.6 311.4 308.1 302.2 296.4 291.5 286.7 282.5 278.9 272.1 264.7 256.2 248 239.5 233 228.5 223.6 216.6 211.1 206.2 200.3 193.7 188.1 183.2 179.2 171.6 166.6 158.9 145.9 130.8 117.5 103.2 93.7 87.7 84.4 80.8 75.1 71.4 68.1 64.7 62.6 63.4 63.2 63.1 63.4 64.8 65.7 72.6 88.2 96.9 97.5 95.3 121.7 140
497.1 493.5 487.8 482.8 476.5 469.8 464.4 457.7 449.6 441.3 425.2 410 400.2 391.8 382.8 371.2 360.1 350.4 342.1 335.7 328.2 324.6 322.7 316.9 307.5 302.9 302.5 303.7 302.5 298.5 296.3 292.5 288.6 282.6 277.2 270.2 262 253.9 244.6 236.4 229.9 224.7 218.4 214.8 210.1 202.7 196.8 192 185.8 183 177.4 169.8 158.8 145.7 130.5 117.7 106.9 98 91.7 87.7 83.1 77.4 74.5 70.6 67 63.3 63.2 63.4 63.5 63.3 63.9 66.3 73.6 88.7 104.5 112.2 112.8 100.3 129.6
502.7 499.7 494.5 490 485.5 480.1 474.1 467.5 459.7 451.2 438.9 426 414.2 402.6 384.5 374 364.5 361.6 347.9 340.2 333.2 324.8 320 315.7 308.2 301.7 297.3 299.3 300.5 298.4 296.3 296.1 293 288.5 282.3 274 267.1 260 249.9 241.1 233.9 228.9 223.1 216.9 211.9 206.5 198.9 194.7 191.3 184.7 177.8 170.9 161 150.3 136.5 124.6 110.9 101.2 92 86.5 82.9 78.8 74.7 70.2 68.6 63.1 63.8 61.7 63.6 63.5 63.9 65.1 74 87.9 107 115.4 120.8 123.4 104.1
506.5 504.5 501.5 496.7 492.8 488.1 481.9 476.1 469.4 459.4 447.2 434.2 422.8 412.9 402 390.1 375.6 363.6 353.6 343.4 334.4 326.3 319 313.6 307.3 301.6 295.6 293.5 294.3 294.7 295.1 295.4 293.9 291.8 287.3 278.2 270.1 263.8 254.5 245.5 237.7 232.8 226.4 220.8 216.5 214.5 205.2 197 191.4 185.1 177.9 172.9 163 152.2 144.5 127.9 113.7 103.8 92.9 88.8 84.7 81.2 76.1 73.6 69.4 63.9 64 63.6 61.8 63.3 63.7 64.4 76.1 89.5 103.3 110.7 126.5 130.2 130.5
511.2 508.9 505.6 503 499.2 494.9 488.3 482.3 475.5 466.4 456.3 440.9 428 416.5 404.9 397.6 386.2 374.8 366.9 358.4 349.9 332.9 317.7 310.9 303.7 299.4 294.2 291.4 291 291.5 291.8 291.6 291.5 289.3 287.4 281.5 274.7 267 257.8 250.5 242.6 237.7 231.9 224.4 219.9 217.1 211.7 203.2 193.8 186.1 177 170.2 162.6 152.5 143.7 130.6 117.3 106.6 96.6 92.5 87.8 83.1 79.1 73.9 71.7 65.2 65.9 65 63.8 61.8 63.2 63.9 77.5 90.6 102.5 109.7 118.5 132.8 134.3
515.4 512.1 509.7 506.6 502.7 498.6 492.5 486.1 479.1 470.9 461.3 448.1 431.5 418.6 404.5 398.4 387.5 378.9 366.5 360.7 353.2 338.5 319.4 308.7 301.5 295 293.6 291.3 289.4 288.4 287.9 288 288.3 288.2 288.1 282.5 277.1 270 260.5 253.4 246 241.1 237.1 230.5 225.1 217 212.9 207.2 199 187.2 179.4 170.5 161.6 152.9 144.3 135.1 122.9 115.2 103.6 96.4 88.8 83.1 78.8 73.9 70.4 65.4 63.7 63.7 63.7 62.7 63 64.1 72.7 87.1 103.3 105.5 118.5 128.9 135.7
517.9 514.3 510.9 507.2 503.6 499.1 494.2 488 481.4 473.3 464.6 452.8 435 423.6 406.6 394.2 386.3 379 367.5 363.4 355.3 337.9 320.2 309.9 302.3 295.3 290.8 291.2 289.3 287.9 286.6 286.3 286.9 288.4 292.7 289.6 280.9 274.2 266.5 256.7 251.1 245.1 240.6 236.8 229.8 223.4 217.2 207.6 199.4 191.8 184 173.6 165.4 157.6 149.1 139.1 126.6 117.5 107.5 99.7 91.2 85.2 79.6 75.7 70.5 64.7 64 64 63.9 63.8 61.9 63.3 68.6 85.3 97.2 100.5 112.7 121.6 128.9
518.7 515.6 510.7 507.1 502.7 498.6 493.6 486.9 480.9 473.5 465.4 455 439.7 422.8 405.1 391.8 382.5 374.4 367 361 352.2 333.7 318.8 310.8 303.8 296.6 290.9 289.3 288.8 287.7 286.1 286.1 286.5 288 298.5 299.7 292.4 282.4 272.4 262.4 254.2 247 241.4 237 231.4 227.8 224.5 217.4 207.3 195.3 188.2 176.9 169.2 160.8 153.1 144.6 133.1 122 112.2 101 92.1 87.1 81.5 75.5 70.9 68.8 63.7 64.1 64 63.9 62.9 63.7 65.6 81 85.9 94.7 107 115.8 125
518.1 514.1 509.2 504.1 500 495.3 490.1 484.1 478.7 472.7 463.4 455.3 442.4 426.9 411.4 390.3 382.4 372.6 366.3 356.1 345.8 329.6 319 312.2 306.1 297.1 288.8 284 285.7 286.4 284.7 284 284.6 286.8 297.7 299.9 297.7 288.3 279.5 271.8 262.1 249.5 242.9 238.7 232.3 227.9 224.3 220.5 212.9 202 188.2 181 171.9 165.8 159.3 153.2 141.8 129.4 116.1 104.6 91.7 87.1 83.1 74.2 70.4 66 63.5 63.3 63.1 63.8 61.6 63.1 63.2 71.5 80.6 92.3 104.6 117.4 126.6
514.9 511.6 506.8 500.2 495.3 490 485 479.9 474.8 469.1 461.8 452.2 441.8 428.7 416.3 398.6 382.6 374.9 367.5 360.7 346.2 331.9 322.6 318.4 308.2 300.3 290.8 283.7 282.7 282.8 281.5 280.2 280.8 281.8 292.1 292.2 296.3 289.6 283.9 275.9 264.9 253.6 244.4 238.6 232.9 224.8 222.4 217.8 215.1 207.7 196.2 181.4 171.3 167.1 160.6 155.3 141.4 132.9 118.7 108.3 91.5 83.1 79.9 76 71.7 67.5 64.7 63.9 63.5 63.7 62.8 63.1 62.8 66.7 78.2 89.2 100 110.5 120.9
510.1 505.5 500.9 495.2 489.1 483.3 478.5 473.9 469.1 463.4 456.3 447.4 437.5 423.3 409.4 398.9 384.3 371.5 365.3 357.2 346.8 331.8 326 319.2 311.2 306 295.5 285.9 280 277.7 278.8 278 276.5 275.3 279.5 285.8 292.3 286.2 279.3 278 265.1 255.5 247.6 238 231.9 224.1 218.5 213.9 208.7 202.1 195.5 184.7 172.9 170 159.3 147.8 139.3 128.9 124.9 113.5 99.4 85.2 77.9 75.1 70.5 68.8 63.8 63.7 63.6 64.3 64.3 62.3 62.9 65.4 76.5 83.4 92.5 101 110.1
502.9 498.1 493.3 487.6 480.8 475 469.6 465.8 463.2 458 449.9 440.9 432.7 421.8 407.4 394.4 382.3 371 362.3 355 343.6 331.4 326.1 318.7 312.4 306.8 298.6 287.6 279 275.2 278.1 276 272.2 269.7 271.6 275.5 281.8 281.3 275.2 273.7 266 256.9 248.3 237.5 229.4 223.7 217 211 203.8 197.9 190.9 183.5 172.4 163.9 155.9 146.9 137.6 130.2 121.3 114.5 104.4 97.6 92.1 79.8 74.8 73.1 66.8 63.8 63.7 64 64.2 62.7 63.1 64 70.6 76.9 85.1 92.9 104.2
497.3 491.7 485.2 479.4 474.4 467.9 462.7 456.3 455.5 451.4 443 433.7 426 416.3 405.1 391.8 380.9 369.3 355.5 347.7 342.3 337.2 331.2 323.2 314.1 308.4 298.5 288.2 279.1 273.6 272 272.2 267.4 264.2 265.5 267.5 269.9 274 269.8 266.7 263.5 256.2 248 236.9 227 220.3 213.8 207.3 199.7 193.9 187.3 180.7 172.4 162 152.1 142.7 136.7 131.5 122.2 115.4 106.5 101.6 101.5 93.5 80.2 74.1 67.9 64.1 63.5 63.5 63.7 64.1 61.9 65.5 70.6 74.7 81.7 91 101.3
