Assets/StreamingAssets/GeoData/Data/nc/NC43.asc
ncols 200
nrows 200
xllcorner 240000
yllcorner 930000
cellsize 50
[rows 70 to 104 of 200, columns 0 to 77 of 200]
402.9 413.6 424.7 440.3 466.7 494.6 522.5 547.5 565.5 579.1 593.1 603.7 611.6 617.2 621.7 623.4 625.3 621.9 607.8 565.2 529.1 513.9 504.7 480.1 449.3 417 390.1 364.1 345.2 323.2 302 275.7 269.7 262 255.5 251.4 239.1 239.1 239.1 239.1 239.1 239.1 240 247.4 252 257.8 266.6 274.7 280 284.6 288.1 291.9 294 296.6 298.1 301.7 304.8 305.8 309 310.2 312.8 315 318.7 323.2 326 329.7 337 345 347.3 349.6 353.1 354.8 356.7 360.6 359.5 372.1 380.1 394.5
395.9 407.1 417.4 430.7 455.4 481.7 509.9 534.8 554.3 567 580 592.4 598.8 605.3 613 616.7 619.6 618.1 597.6 558.8 516.6 491.7 476.4 454.8 427.5 396.2 366.3 343.4 323.7 302.1 284.7 270.8 258.4 246.4 239.1 239.1 239.1 239.1 239.1 239.1 246.6 247.9 248.6 249.9 257.5 265.9 274.1 282.1 287.4 291.8 295 297.1 298.9 303 305.3 308.8 311.2 312.8 313.9 316 319 322.6 326.9 330.9 332.7 338.5 350.2 357.7 358.4 360.7 363.1 364.7 367 373.5 372.1 385 393.4 407.1
388.5 398.2 409.8 423.6 446.4 472.3 496.3 518.8 538.5 552.1 563.5 575.9 585.1 592 598.1 604.5 608.7 608.5 577.9 543.3 517.1 484.5 463.2 437.2 416.2 385.2 349.4 325.2 306.6 295.8 274.2 274.4 256.2 250.5 239.1 244.4 239.1 239.1 239.1 246.8 249.3 252.1 251.1 257.9 267 274.3 280.6 287.6 293 297.2 299.4 302.7 305.9 310.8 313.2 317.3 319 320.6 321.7 323 325.9 330.7 336.4 341.4 344.1 348.6 363.7 368.5 369 370.8 371.9 374.4 380 383.6 385.4 390.6 408.5 420.4
380.3 389.5 400.3 415.5 434.5 457.5 480.8 500.7 516.4 529.6 542.4 553.6 565.9 575.5 583.2 590.6 595.1 593.2 561.3 527.4 499.9 468.8 444.4 420.8 401.6 379.9 339.3 306.6 290.9 282.4 271 263.5 249.3 239.1 239.1 239.1 239.1 239.1 239.1 249 250.3 253.1 256.3 264.6 273.2 280.4 286.5 292 297.3 301.4 305.9 308.9 313.2 318.9 320.8 324.4 327 328.2 330 332.2 336.3 339.8 347.1 351.9 356 363.1 377.4 380.3 379.7 382 381.2 385.5 392.3 398 400.5 410.7 422.9 428.7
374.1 382.8 392.7 406.1 423.8 441.6 461.9 481.8 493.3 506.6 517.2 529.7 543 555 563.9 571.6 577.8 573.8 539.7 508.3 474.7 444.9 415.2 396.4 379 360.2 324.1 295.8 281.6 270.9 264.1 251.9 239.1 239.1 239.1 239.1 245.5 248 247.4 250 253.9 254.8 259.4 271.7 281.1 285.3 291.4 298.1 303.2 306.9 311.7 314.8 320.9 325.4 327 330.6 333.6 336.6 340.3 344.2 350.5 355.9 361.4 365.3 374.2 381.7 391.6 395.4 393.2 394.5 392.7 401.2 407.3 414.5 420 429.2 433.9 438.1
367.3 375.8 384.9 396.6 410.3 425 443 459.5 472.2 481 493.3 505.8 517.9 530.8 541 547.8 552.3 550.4 526.9 479.6 450 421.4 391.7 364.1 344.9 327.9 303.9 284.7 271.3 256.2 251.5 239.1 239.1 239.1 239.1 239.1 239.1 250.1 251.8 256.8 257.7 263.3 272.8 276 283.2 290.4 297.3 304.6 308 311.7 317.4 323.3 328.6 331.8 333.9 338 342.9 348.5 357 366.7 369.9 369.5 370.7 378.7 391.1 393.9 406.2 408.3 413 412.6 418 417.5 427.5 431 437.6 445.5 448 452
361.7 368.1 375.6 386.4 399.4 411.9 424.8 438.8 450 458.6 470 480.8 494 504.9 513.5 519 522.5 520.4 506.5 461.9 427.1 397.2 368.2 341.8 320.2 302.9 290.2 271.8 261.2 246.8 239.1 239.1 239.1 239.1 239.1 239.1 239.1 247.8 254.2 256.1 259.2 266.4 269.2 282.3 291.4 295.5 303.8 310.1 313.9 318 323.4 329 334.4 339.2 342.6 348.4 359.7 369.3 378.8 383.2 387 383.6 381.8 399.9 403.7 416.5 421.9 429.6 431.3 436.4 440.8 446.2 444.1 446.9 454.5 458.8 462.5 467.9
355.5 360.5 368.2 377.7 388.6 399.7 408.8 420.4 429.6 440.4 449.1 458.9 469.6 479.3 485 489.8 491.2 484.8 464 435.5 405.8 376.4 350.1 328.1 304.3 290.2 278.8 264.4 251.5 239.1 239.1 239.1 239.1 239.1 239.1 239.1 239.8 250.7 259.2 262.3 267.6 275.5 281.9 284.9 296.3 303.2 311.3 314.9 318.7 324.3 329 334.6 340 346.7 352.3 364.4 377.4 386.8 399.1 399.7 400.8 399.3 406.2 416.2 422.8 435 441.1 448.2 452.8 459.2 461.4 462.4 463.5 465.5 468.7 474.9 485 487.7
349.9 352.9 362.1 368.8 376 384.1 394.7 405 411.4 420.9 428.6 438.9 446.2 453.1 459.2 460.4 457.2 446.9 429.2 406.3 380.4 353.6 332.3 313 292.8 283.6 267.3 254.8 239.1 239.1 239.1 239.1 239.1 239.1 239.1 250.1 239.1 252.6 261.1 265.5 273.9 282.9 289.1 293.2 301.1 310.5 316.3 320.2 325.1 329.4 334.2 338.6 347.3 355.1 365.9 381.8 395.3 408.4 412.8 416.2 418.8 421.6 426.9 430.6 443.9 453.7 460.8 469 475.5 479.3 478.1 478.2 482.5 484 491.5 500.2 503.4 507.8
343.3 344.5 355.6 361 366 371.5 379.3 386.3 393.7 401.4 409.6 418 424.4 429.2 433.4 433.5 422.8 410.5 395.2 375.9 351.8 330.3 312.9 297.5 280.5 267.7 257.4 239.9 239.1 239.1 239.1 239.1 239.1 239.1 239.1 247.9 250.6 253.8 262.7 271.7 279.4 288.3 295.1 301.7 309.3 316.8 320.9 326.3 331.1 336.2 340.9 348.6 355.2 365.4 380.9 397.5 412 421.7 425.5 431.3 436.9 438.2 444 452.7 460.2 468.1 479 487.1 492.6 497.4 498.8 499.4 506.2 511 511.7 519.6 529.6 540.8
334.3 337.5 345.6 352.1 357.6 361.5 367.5 370.1 376.8 380.2 386.1 394.7 401.5 407.6 409.8 407.2 397.2 382.7 366.8 349.1 331.1 317 295.2 281 267.7 262.4 253.9 239.1 239.1 239.1 239.1 239.1 248.1 242.6 245.2 251.4 259.5 263.2 264.8 275.1 284.8 294.3 302.7 306.1 315 320.1 324.8 331.8 336.7 342.5 349.5 355.1 363.5 378 396 410.4 424 433.3 437.9 444.3 448.1 453.5 462.5 470.8 479.8 485.6 497.8 503 513.1 515.6 522.3 526.4 528.5 534.2 549 556.5 562.1 565.8
323.1 326 334.4 339.2 346.8 349.6 353.4 356.8 360.3 362.3 368.8 373.9 377.3 381.8 385.4 380.4 369.4 353.6 339.1 326 313.3 298.9 283.1 270 258.4 254.1 243.6 239.1 239.1 239.1 239.1 239.1 239.1 245.1 249.4 253.4 264.6 267 269.6 279.8 289.2 300.3 307.4 312.7 317.9 322.4 330.7 336.7 343 351.1 356 361.9 373.4 390.1 408.4 423.4 437.1 444 449.9 455.4 459.9 470.2 478.2 483.9 493.7 505.1 511.7 522.3 528.4 535.3 542 545.9 554.3 568 575.4 588 594.6 597
313.2 315.1 320.5 328.8 329.8 337 337.5 340.6 343.7 345.9 348.4 353.4 356.2 355.5 353.4 349.2 340.1 330.8 319.7 304.5 295.3 280.9 269.6 256.7 254.9 251.6 248.3 239.1 239.1 239.1 239.1 239.1 239.1 246.4 253.8 257.2 269.6 270.5 273.1 287.7 293.2 304.7 315.3 319.8 324.4 331.1 337.9 344.6 351.4 357.2 364.1 371.6 387.6 406 419.2 434.7 449.3 457.3 464.3 470.3 474.8 484.2 491.7 501.2 509.1 518.9 527.1 536.3 547.1 555.9 560.9 569.2 584.2 596.5 608.5 620.4 626 631.5
292.3 296.1 307.8 314.9 316.2 321.7 324.7 321 324.7 323.9 322.5 325.9 326.2 326.3 323.8 319.2 315.7 308.8 301 292.4 280.6 273 260 256.1 252.6 251.9 239.1 239.1 239.1 239.1 239.1 248.5 246.6 249.1 259.1 268 268.6 276.9 279.9 293 299.3 313.2 318.6 327.3 334.1 338.1 344.6 353.2 360.8 368.3 376.6 377.9 405 420 434.6 450.1 463.5 470.9 480.2 486.9 491.8 496.4 506.6 515.6 525.6 532.6 543.4 555.5 565 572.5 582.5 599.7 616.1 628.6 638.5 651.5 659.4 660.9
280.2 283.1 289.5 294 298.6 299.3 302.8 307.4 305.1 302.3 299.2 301.5 302.4 302 299.3 297 297.8 286 282.3 276.8 269.4 264.1 257.4 254.4 249.2 249.7 244.6 239.1 239.1 239.1 248.3 250.6 250.1 255 265 268.9 271.7 283.4 284.6 298.7 307.7 315.4 327.4 335.7 342.7 347.1 354.1 365.9 375.5 389.3 392.6 406.9 413.3 435.8 456.2 465.5 479.2 486.5 498.8 501.4 501.3 516.5 522.2 531.3 540.7 547 560.5 571.5 582.3 595 610.1 627.3 643.8 657 669.9 681.5 686.9 689.7
272.7 275.2 277.7 278.3 281 281.6 281.7 282.5 281.2 282.9 279.8 278.4 278.1 280.6 281.1 280.8 279.2 273.1 268.9 263.3 255.6 250.8 251.4 250.9 239.1 239.1 239.1 239.1 247.3 251.8 257.6 257.4 254.4 263.1 267.5 268.9 274.3 285 291.8 302.7 315.4 322.4 331.9 343 350.7 357.4 367.6 384.9 397.8 407.4 410.7 428.6 436.3 450.2 469.5 479.9 495.4 511.4 518.4 507.9 522.4 533.7 539.7 550.2 557.3 565.2 577.2 588 602.5 618.7 638.5 655.1 669.5 683 698.8 709.5 712.4 710.9
268.8 271 271 272.4 271.3 271.9 269.2 267.6 266.7 264.4 260.9 259.1 259.5 259.8 259.4 258.2 259.8 258.5 257.4 254.3 251.4 247.7 247.8 239.1 239.1 239.1 239.1 249.6 253.7 257.6 258.8 259.1 255.6 258.7 267.2 273.1 276 293.5 295.3 308.4 319.8 329.4 339.6 351.2 362.1 370.3 382.1 406.2 417.3 426.2 431 449.8 450.7 463.9 479.9 491.9 509.8 521.7 521.9 527.7 538.1 547.9 557.7 563.7 568.9 582.2 594.3 606.8 623.9 643.7 663.4 681.3 695.2 710.8 722.4 730.7 729.2 727.4
264.2 269 268.5 267.8 267.9 266.2 264.1 262.1 257.1 255.3 253.6 250.8 251.9 252 252.6 253.3 251 248.8 246.8 241.3 248.2 241.3 248.5 249.1 239.1 247.7 249.6 252.5 255.5 256.3 257.7 262.9 267.1 264.9 273.9 282.1 284.2 298.6 302.5 314.4 319.1 334.4 348.1 360.7 372 385.2 403.1 421.3 437.2 437.8 450.3 466.4 471.6 478.5 488.6 504.2 521.1 531.3 532.9 540.6 551 558.9 568 573.4 582.5 595.7 610 629 648 670.4 689.7 705.7 719.9 732.7 744.3 748.2 736 738.4
263.3 266.1 267.7 266.6 265.2 263.2 260.4 256.9 253.5 250.9 250.7 250.6 248.7 248.4 247.7 241.3 241.3 241.3 241.3 241.3 241.3 241.6 253 250.3 249.5 252.3 256.2 256.5 258.6 259.2 259.6 268.7 271.8 272.8 276.5 286.3 293.7 303.1 312.4 322.7 334.2 344 354.9 370 384.6 403.7 423.3 442.2 460.6 452.7 467.4 482.1 490 494.4 503.9 515.5 529.5 535.4 540.4 546.5 556.1 566.3 573.6 580.9 596.5 609.9 632.4 653.8 673.1 694.2 713.1 730.1 743.7 756.1 766.6 767.3 746.3 735.4
262 264.5 267.4 267.3 267.2 263.8 261.8 256.6 252.2 250.8 249.3 249.6 248.5 249 241.3 241.3 241.3 241.3 241.3 241.4 252 253.9 253 251.4 255.2 253.5 257.4 261.7 260 260.3 263.5 268.9 273.8 276 280.2 291.5 297.5 310.8 322.6 329.6 340.5 353.3 362.8 381.7 402.2 423.7 442.5 459.7 473 479.4 489.3 496.6 509.6 509.9 518.6 524.3 535.4 539.4 540.1 545.2 555.3 568 577.3 591 607.2 631.4 656.6 678.6 696.6 715.3 736 756 771.8 778.1 783.7 781.4 757.5 741
260 267.4 267.7 271 271.5 268.2 267 261.7 256 253.2 250.3 250.7 249.5 249.3 241.3 241.3 241.3 241.3 244 251.9 255.4 257.8 258.1 257.4 261.6 259.2 259.9 261.5 262.1 262.3 268.4 274.2 272.5 280.6 284.5 294.4 298.8 314.2 328.2 340.3 352.5 365.2 378.8 398.4 424.1 441.5 464.2 474.8 485.3 497.7 512.8 518.7 519.9 524.1 530.3 532.4 533.8 540.1 535.8 538.7 551.3 568 582.3 601.4 628.3 654.9 680.6 701.8 718.8 737.8 760.3 778.8 790.7 796.2 797.6 793.5 771.4 752.7
261.5 274 275.5 273.9 272.1 272.8 272.2 267 260.3 257.4 256.4 256 255.5 252.2 253.6 250.7 252.3 250.9 254.5 264.8 265.9 265.6 264.4 263.4 265.3 265.1 263.2 265 265 270.5 272 277.9 275.8 283.8 288.3 304.1 307.6 323.6 334 351.3 366.7 381.2 398.7 421.8 444.3 465.8 478.4 491 504.1 519.2 525.8 528.8 535.6 541.5 541.9 538.5 536.8 534.3 533 533 545.8 568.8 592.7 620.2 648.2 675.8 702.7 722.3 739.4 761.8 779.4 792.1 801.3 807.2 809.8 805.5 792.8 771.7
268.3 278.6 275.6 276.2 277.4 282.2 281.5 270.3 268.2 269.6 267.5 265.3 265.2 261 258.6 256.2 259 260.9 268.4 274.6 277.5 278.1 272.9 276 273.8 268 267.3 268.3 269.8 276.2 277.7 281.5 281.6 287.3 295.4 308.1 319.6 327.9 344 364.8 382.5 403.8 424.8 445.8 464.1 486.1 498.9 508 529.3 531.7 541.2 547.7 545.3 554.6 552.1 544.7 541.3 538.9 533 533 546.2 574.6 607.1 639.5 668.7 696.9 723.7 743.9 762.2 781.4 792.2 804.3 812.7 817.1 816.1 811.6 799 786.1
277.6 285.9 285.6 289.3 293.1 290.3 287.1 285 286.1 284.3 277.8 275.8 276.8 270.7 270.1 271.5 268.7 271 278.7 282.3 289.3 286.9 285.8 289.6 283.2 270.1 272.4 273.9 277.7 282.7 283.9 287.1 287.9 292.9 305.3 317.4 328.8 342.6 362.6 380.8 401.3 428.2 447.2 466 486.5 504.7 522.1 529.5 540 548 553.9 560.8 564 565.9 563 552.7 542.3 543 533 539.1 550 581.7 618.9 657.8 689.1 717.8 743.4 762.2 781.9 795.9 804.4 814.8 821.3 819.6 817.2 809.1 797.8 786.1
288.2 299.3 301.8 308.4 304 301.3 303 304.4 302.3 299.8 295.6 297.7 295.6 293 292 294.7 292.8 291.1 290.8 297 298.3 298.2 295.3 300.7 287.6 277.2 278.5 279.6 285.3 292.7 294.5 292.1 296.7 301.8 324.8 332.6 342.4 364.4 379.5 400 422.6 447 465 488.7 509 526.8 540.8 547.2 557 564.9 570.6 574.3 579.6 576.9 571.9 557.9 548.7 548.9 538.4 544.6 556.8 589.6 633.2 672.9 706.4 733.6 758 777.9 794.7 805.6 819.9 825.2 827.9 822.7 815.6 803.7 789.7 778.1
303.4 313 318.1 320.6 327.4 324.7 324.9 323.9 320.3 323.5 327.2 328.6 329.4 324.5 321.9 321.2 318 316.2 320 319 318.9 313.7 317.7 319.4 308.9 300.5 293.4 300.1 304.2 305.3 304.5 310.6 317.2 319.9 336.1 351.5 361.7 386.5 402.7 420.9 444.8 467.9 490.1 511.1 535 553 559 569 576.9 583.9 589.7 592.2 594.1 587.7 573.9 562.7 555.9 550.9 545.5 551.8 568.8 602.2 647.1 689.8 723 750.6 774 790.8 805.3 819 829.8 833.5 828.3 822.2 810.5 797.1 781.9 770.8
316.7 328 339.2 345.9 352.1 356.4 355.9 352.7 353.1 362.7 364.6 369.3 374.9 362.1 355.6 353 357.3 354.2 357.9 349.5 337.3 340 335 341.2 334.4 331.9 329.3 331.8 332.1 330.4 333 343.7 346.2 341.9 355.8 373.3 385.8 407.2 426.1 445.1 465.6 488.7 513.6 535.6 561.3 567.8 579.1 589.5 598.5 605.1 610.9 608.5 603.9 588.8 574 564.8 559.5 552.1 549.9 560.6 578.7 616.3 667.4 703.9 739.1 768.2 788.2 802.6 821.1 831.4 840.2 840.2 833.9 821.3 806.5 787.8 774.4 760.7
329.1 342 355.1 370.2 388.2 390.6 387.7 389.7 391.2 401.3 411.6 412.6 407.2 404.2 397.6 394.9 393.6 393.8 394.7 395.7 371.3 368.7 371.6 373.2 380.6 372.7 377.1 374.5 362.8 373.3 389.5 377.7 364.1 365.2 370.3 389.9 405.2 427.2 451.3 471.3 492.2 512.4 539 561.2 577.6 589.6 598.6 609.4 618.7 626.2 628.9 619.8 611 597.7 581.8 572.3 560.9 554.9 558.2 566.4 593.9 636 683.8 722.1 755.3 780.7 799.6 820.3 834.9 845.1 848 844.7 834.6 820.2 802.7 783 766 754.1
342.6 358.3 374.8 396.4 415.8 427.9 440.4 440.7 431.8 427.6 443.6 447 451.1 452.5 450.6 450.3 444.3 437.4 446 446 418.1 414.3 422 417.4 419.7 417 415.9 408.8 412 412.9 410.5 392.9 383.3 382.7 388.1 409.3 429.3 451.3 476.3 497.9 517.1 539.9 567 583.5 598.6 609.9 619 630.7 643 644.9 642.6 631.4 613.7 599.1 583.8 576.4 568.2 556.1 562.8 584.9 613.1 659 699.4 735.8 769.7 791.9 814.8 833.8 846.3 852.2 851.1 844.2 832 817.5 799.3 779.5 763.6 748.4
353.2 373.4 395.7 419.2 441.5 460.2 469.6 470.9 467 461.6 479.3 490.8 492 488.4 495.8 488.6 492 509 504.6 488.7 455.9 465.1 472.3 473.6 462.7 461.8 451 446.4 444.1 434.9 420.1 403.4 394.6 396.7 412.5 431.9 447.3 475.3 501.1 526.2 546.5 570.5 590.2 603.8 618.4 629.3 639.9 657 668 669.8 668 649.4 625.7 603.6 587.2 578.5 567.7 562.5 572.4 599.1 632.7 677.4 711.5 749.5 780.8 806.3 826.8 840.2 850 852.8 849.9 842 830.6 817.2 796.8 780.1 763.9 746
362.9 387.9 410.8 435.7 459.7 478.8 491.9 497.1 499.5 503.5 519.4 517.1 523.8 525.4 519.3 523.6 536.8 539.9 525.4 513.2 497.1 518.5 520.4 532 523 510.9 485.3 473.6 465.7 445.5 430.4 415.1 409 412.5 426.9 455.2 470.1 501.3 532 553.1 582.5 599.5 609.7 622.5 637.6 647.4 662.5 681.9 690 695.7 692.4 675.7 649.1 626.3 605.1 588.6 575.1 576.9 587.8 618.3 658.2 698.5 731.7 764.8 790.5 813.9 832.9 841.6 847.6 847.2 844.2 835.9 826 813.7 797 782.5 764.5 745.5
372.1 399.4 424.8 449 473.4 491.1 507.4 519.7 528.5 535.2 535.3 537.4 550.7 544 540.9 544.7 552.6 553.9 549 546.4 546 555.5 566.8 576 554.5 548.6 517.6 496.1 478.5 453.8 434.2 423.5 421.9 421.7 447 470.7 493.6 523.4 555.7 587.2 607.9 620.1 628.2 638.5 650.9 663.8 682.6 697.3 708.2 716.3 710.5 693.9 668.2 641.1 621.2 599.7 585.9 596.7 604.3 637.7 681.5 717.6 750.2 778.9 801.3 823.4 836 841.4 843.7 841.5 835 826.2 819.9 810.7 797.2 785 769.6 754.8
383.2 411.1 435.4 460.5 482.3 504 518 535.1 546.8 556.6 560.7 569.9 567.3 563.1 558.3 562.5 564.4 563.7 562.1 562.1 571.4 582.7 600.1 608.3 601 573.2 549 519.6 497.6 469.1 450.3 432 427.3 437.2 471.2 490.9 519.1 543.7 581.9 617.1 630.1 637.9 643 650.2 661.7 676.4 695.2 713.6 728.6 734.4 734.1 712.3 688.2 666.9 640.6 617.8 610.7 610.2 632.1 663.4 702.7 735.8 766.1 788.6 808.7 828.1 833.3 836.5 834.9 830.2 822.3 817.6 814.2 807.3 800.1 789.3 776.6 765.1
394.2 418.3 443.7 470.1 492.4 511.4 526.7 543.6 557.8 567.4 573.8 580.9 579.5 572.7 568.5 569.2 569.9 567.2 566.2 570 585.1 600.5 614 626.1 622.1 605 582.7 537.4 514.7 487.4 466.1 451.6 447.7 462.8 488.7 511.8 537.5 565 604.7 646.2 649.3 654.6 657.8 663.7 673 687.9 709.9 727.2 739.7 747.8 742.3 722.7 700.7 676.2 654.1 633.2 631.1 642.8 662.5 690.3 723.5 752.7 777.3 797.2 813.4 824.9 827.9 822.4 815.7 809.8 805.7 806.7 804.9 803 798.3 791.3 786.7 777.9
400.2 422.8 450.8 478 499.3 518 532.8 547.1 558.7 573.1 574.4 579.9 578.1 572.1 569.9 567.4 567 566.4 568.3 574.9 589 601.1 617.8 636.1 632.5 619.3 595.4 564.4 539.1 511.1 481.7 465.7 466.9 490.1 508.6 534 560.6 588.7 633.4 664.7 664.8 670.3 670.6 677.1 684.3 701.5 721.2 736.5 752.6 756.3 749.4 733.6 712.1 688.8 665.6 651.8 659.2 672.9 692.7 714.9 742.4 767.6 789.3 804 814.7 810 795.4 782.5 776.6 778.2 783.2 786.3 792.2 795.8 793.7 787.5 784.8 779.1
