Assets/StreamingAssets/GeoData/Data/nc/NC45.asc
ncols 200
nrows 200
xllcorner 240000
yllcorner 950000
cellsize 50
[rows 108 to 143 of 200, columns 82 to 163 of 200]
167.8 167.6 165.5 157.4 148.3 142.8 136.1 129.6 125.8 115.6 109.5 103 98.7 96.2 91.5 90.4 88.6 79.7 63.9 56.9 49.1 39.5 31.9 23.8 17.8 13.2 6.9 5.2 4.6 3.4 3.4 3.4 3.4 3.4 3.4 3.4 3.4 3.4 3.4 3.4 3.4 3.4 3.4 3.4 3.4 3.4 3.4 3.4 3.4 3.4 3.4 3.4 3.4 3.4 3.4 3.4 3.4 12.4 18 26 33.8 42.6 52.6 62.6 74.7 88.1 102.4 117.4 132.1 143.9 157.9 161.5 164.9 173 181.3 186.8 193.2 197.4 200.6 203 205 208.8
165.5 166.6 165.8 157.6 147.4 142.3 135.5 128.5 122.3 113.8 109.5 100.6 92.6 93.4 89.9 85.5 85 73.4 65 58.6 46.4 34.9 28.7 21 15.1 10.8 4.6 3.4 3.4 3.4 3.4 3.4 3.4 3.4 3.4 3.4 3.4 3.4 3.4 3.4 3.4 3.4 3.4 3.4 3.4 3.4 3.4 3.4 3.4 3.4 3.4 3.4 3.4 3.4 3.4 3.4 9.9 14.8 22.3 26.8 35.7 46.4 58.1 65.4 77.9 89.6 103.3 119.6 133.9 146.7 157.3 160.9 164.6 170.2 179 186 191.7 196.9 201.4 204 205.7 208.7
163.1 165.9 163.1 155.7 147.5 142.2 135.9 127.1 121.6 114.9 110.7 94.4 88.7 86.9 87.3 82.1 78.9 70.9 59.8 54.7 44.9 32.2 25 18.1 13 6.6 3.4 3.4 3.4 3.4 3.4 3.4 3.4 3.4 3.4 3.4 3.4 3.4 3.4 3.4 3.4 3.4 3.4 3.4 3.4 3.4 3.4 3.4 3.4 3.4 3.4 3.4 3.4 3.4 3.4 3.4 17.7 24 25.4 27.3 36.9 44.5 61.6 70.2 79.9 92.5 108.1 121.6 136.4 146.9 154.3 158 161.6 167.5 176.1 183.1 190.3 194.8 200.4 204.6 207.3 209.6
160.8 162.5 160.5 153.3 145.9 141.3 134.4 125.4 120.3 114.8 101.6 91.9 85.4 79.9 83.1 81.2 75 65.9 55.7 50 38.7 29.6 23.4 17.1 11.7 3.6 3.4 3.4 3.4 3.4 3.4 3.4 3.4 3.4 3.4 3.4 3.4 3.4 3.4 3.4 3.4 3.4 3.4 3.4 3.4 3.4 3.4 3.4 3.4 3.4 3.4 3.4 3.4 3.4 3.4 6.1 21.8 29.1 31.9 34.3 44 51.8 67 68.3 86.9 98 110.7 125.5 135.8 144.1 149.9 153.7 160.6 165.4 173.7 182.6 189.5 195.1 201.5 205.4 207.7 208.9
159.9 160.4 158.9 152 145.1 138.8 130.7 122.1 117.8 109.8 97 87.7 81.4 70.9 75.3 78.2 72.8 60.5 57.2 47.3 33.8 25.9 20.2 15.5 9.1 3.4 3.4 3.4 3.4 3.4 3.4 3.4 3.4 3.4 3.4 3.4 3.4 3.4 3.4 3.4 3.4 3.4 3.4 3.4 3.4 3.4 3.4 3.4 3.4 3.4 3.4 3.4 3.4 3.4 3.4 12.2 25.5 31.1 35.4 40.5 49.1 57.9 68.8 76.9 87 99.3 111.9 123.9 134 141.5 148.5 155.2 161.4 167.7 178.7 191.5 193.1 197.8 201.4 205.1 207.5 209.3
158.9 154.8 157.9 151.3 144.3 135.8 126.9 120.6 115 104.4 92.1 85.2 78.2 68.8 70 71.8 69.1 56.4 54.4 43.8 32 25.7 20.4 12.8 6.7 3.4 3.4 3.4 3.4 3.4 3.4 3.4 3.4 3.4 3.4 3.4 3.4 3.4 3.4 3.4 3.4 3.4 3.4 3.4 3.4 3.4 3.4 3.4 3.4 3.4 3.4 3.4 3.4 3.4 11.4 22.2 33.8 34 39.7 44.1 53 62.5 71.2 79.3 91.3 101.9 112.7 124.5 133.5 141 148.9 157.6 168.3 181.8 190.4 194.7 195.4 197.4 201.3 204 206.7 208.9
155.3 150.3 155 149.7 141.9 136.1 127.3 119.4 114.6 103.2 91.4 83.2 76.6 70.6 65.1 64.4 60.1 55.8 47.6 38.4 26.1 23.5 18 11.6 3.4 3.4 3.4 3.4 3.4 3.4 3.4 3.4 3.4 3.4 3.4 3.4 3.4 3.4 3.4 3.4 3.4 3.4 3.4 3.4 3.4 3.4 3.4 3.4 3.4 3.4 3.4 3.4 3.4 5.9 17.1 26.2 32.9 39.2 43.6 47.8 57.5 65.6 73 85.3 94.9 104.5 114.1 124.6 132.3 141.4 153.3 166.4 175.8 184.4 190.7 195.4 197.5 199.1 202.9 205.2 207.2 208.8
154.9 147.2 148.8 144.6 138.5 133.9 125.9 118.7 111.3 102 91.1 82.4 75.3 70.1 61.5 50.2 50.2 46.4 42.1 33.2 25.2 21.2 15.4 10 3.4 3.4 3.4 3.4 3.4 3.4 3.4 3.4 3.4 3.4 3.4 3.4 3.4 3.4 3.4 3.4 3.4 3.4 3.4 3.4 3.4 3.4 3.4 3.4 3.4 3.4 3.4 3.4 3.4 8.4 15.6 21.9 32.4 38.4 47.5 53.1 61 69.2 76.8 88.2 97.7 106.7 113.7 123.1 133 146 158.5 170 178.8 184.5 191.2 194.6 196.9 201.7 204 205.8 207.7 210.2
153.9 145.3 143.1 142 136 128.4 120.5 116.1 108.3 100.7 91.9 81.9 73.9 67.7 60.5 55.2 47.8 37.7 34 27.3 21.9 18.5 13.6 8.6 3.4 3.4 3.4 3.4 3.4 3.4 3.4 3.4 3.4 3.4 3.4 3.4 3.4 3.4 3.4 3.4 3.4 3.4 3.4 3.4 3.4 3.4 3.4 3.4 3.4 3.4 3.4 3.4 3.4 9.6 19.6 28.5 34.6 40.3 47 56.3 61 69 79.6 89.5 99.2 107 113.2 123.1 136.3 149.5 161.3 172.1 179.1 186.1 190.9 194.2 198.1 201.8 204.5 206.6 208.6 214.8
154.7 143.8 141.7 143.2 134.5 123.4 114.5 107.5 101.9 95.3 88.7 80.3 71.2 63.8 53.4 48.9 44.4 38.7 30 22.8 13.7 14.7 11.3 7.7 3.4 3.4 3.4 3.4 3.4 3.4 3.4 3.4 3.4 3.4 3.4 3.4 3.4 3.4 3.4 3.4 3.4 3.4 3.4 3.4 3.4 3.4 3.4 3.4 3.4 3.4 3.4 3.4 3.7 15 28.4 37.6 48.6 55.2 61.6 62.9 69 75.8 80.9 86 95.8 106 111.6 123.6 139.3 151.5 164 174.5 180.1 185.7 191.1 195.5 198.9 202.5 205.3 209.4 213.6 216.9
155.8 142.6 138.3 139.8 134.5 130.4 119.1 108.5 100.8 95.5 85.7 79.5 72.2 66.3 57.7 49.2 42 33.2 27.3 22.2 19.2 12.7 5.9 4.5 3.4 3.4 3.4 3.4 3.4 3.4 3.4 3.4 3.4 3.4 3.4 3.4 3.4 3.4 3.4 3.4 3.4 3.4 3.4 3.4 3.4 3.4 3.4 3.4 3.4 3.4 3.4 3.9 10 22.1 38.3 62.6 68.4 72.8 72.5 72.6 76.1 86.6 90 92.5 96.1 99.5 107.9 126.2 142.1 155.3 166.2 174.3 180 186.3 192.4 196.5 200 203.7 208.4 212.1 216.6 217.9
154.3 145.6 138.7 134 133.4 127.6 119.7 110.4 98.6 93.4 85.7 79.1 71.5 64.8 57 49.3 40.7 32.9 26.5 20 15.7 12.9 7.9 3.4 3.4 3.4 3.4 3.4 3.4 3.4 3.4 3.4 3.4 3.4 3.4 3.4 3.4 3.4 3.4 3.4 3.4 3.4 3.4 3.4 3.4 3.4 3.4 3.4 3.4 3.4 3.7 9.6 21 44.1 71.2 76.4 79.3 81.2 80.8 80.8 90.3 97.5 97.3 98.9 104.7 114.6 128.7 133.1 147.2 159.3 166.3 173.7 181.3 187.1 193.2 197.3 200.6 203.9 209 213.8 215.9 215.8
153.5 144.5 136.5 134.1 126.2 119.5 116.3 109.4 100.1 93.4 84.6 77.5 70 63.3 56.5 45.9 38.6 30.9 24.4 17.7 13.8 10.2 5.6 3.4 3.4 3.4 3.4 3.4 3.4 3.4 3.4 3.4 3.4 3.4 3.4 3.4 3.4 3.4 3.4 3.4 3.4 3.4 3.4 3.4 3.4 3.4 3.4 3.4 3.6 7 12.7 28.9 42.6 61.3 72.1 82.8 82.7 82.7 83.4 96.5 106.9 113.9 120.8 120.9 115.5 135.2 142.9 146.2 157.3 162.9 168 174.2 181.3 187.9 194.6 198.2 201.4 204.3 208.4 210.7 210.6 209.3
155.7 142.6 133.6 130.1 123.8 113.4 109.2 105.7 98.1 91.2 82.5 75 67.4 62.9 55.5 39.3 30.9 26.9 21.2 17 12.6 8.3 3.4 3.4 3.4 3.4 3.4 3.4 3.4 3.4 3.4 3.4 3.4 3.4 3.4 3.4 3.4 3.4 3.4 3.4 3.4 3.4 3.4 3.4 3.4 3.4 3.4 3.4 5.1 8.4 28.5 44.3 57 64.7 73.3 80.7 83.8 85.6 102.7 115 120.8 147.2 145.6 136 137.6 142.8 150.7 157.9 164.9 169.4 173.6 177.6 184.1 190.1 195.1 199.1 201.9 203.7 205.7 206.2 206.6 204.9
147.9 140.5 131.5 128.3 121.5 111.9 101.1 90.9 83.8 84.4 79.4 72.6 65.9 60.1 47.3 39.8 30.1 21.3 14.7 15.4 10.2 7 3.4 3.4 3.4 3.4 3.4 3.4 3.4 3.4 3.4 3.4 3.4 3.4 3.4 3.4 3.4 3.4 3.4 3.4 3.4 3.4 3.4 3.4 3.4 3.4 3.4 3.4 8.3 25.3 42.6 54.7 63.9 69.1 75.1 83.6 97 99.1 112.1 120 129.9 142.5 149.5 152.5 149.3 147.6 155 162.2 168.1 174.1 177.3 182.1 186.7 190.1 193.8 197.7 199.8 202.3 203.9 206.8 206.3 205.3
140.3 134.7 130.2 125.2 120.8 111.8 103.2 96.2 88.6 81.7 73 66.3 62.4 52.4 50.1 37.1 29.4 23.8 16.9 13.7 9.7 6.4 3.4 3.4 3.4 3.4 3.4 3.4 3.4 3.4 3.4 3.4 3.4 3.4 3.4 3.4 3.4 3.4 3.4 3.4 3.4 3.4 3.4 3.4 3.4 3.4 4 11.4 29 42.1 51 60.6 74.6 79.7 89.3 109.7 107.1 124.2 141.3 155.9 155.1 166.8 168.9 162.9 153.8 153.8 156.8 164.8 172 175.9 180 183.5 186.1 190 191.8 195.5 197.6 200.1 202.3 205.5 206.8 205.4
135.7 131.1 128.8 123.7 119.2 112.8 107 100.4 92.1 83.7 75.2 66.4 60.4 56.5 45.1 33.9 27.5 21.6 15.5 7.5 6.8 5.5 4.7 3.4 3.4 3.4 3.4 3.4 3.4 3.4 3.4 3.4 3.4 3.4 3.4 3.4 3.4 3.4 3.4 3.4 3.4 3.4 3.4 3.4 3.4 4.6 13.6 23.1 39.8 44.7 54.5 68.5 83 92.6 104.1 119.8 147.9 155.1 181.4 183.1 182.8 186.3 178.9 171.3 165.3 164 164.8 169.2 173.6 177.1 179.8 183.5 185.5 188.5 191.3 193.8 195.9 198.1 200.6 202.6 202 200.9
131.6 130.1 126.9 122.8 118.4 113.2 106.5 99 90.8 82.4 74.4 65.1 61.4 56 43.4 33 24.8 16.5 9.5 10 9 7.8 4.9 3.4 3.4 3.4 3.4 3.4 3.4 3.4 3.4 3.4 3.4 3.4 3.4 3.4 3.4 3.4 3.4 3.4 3.4 3.4 3.4 3.4 10.3 12.3 18.4 26 38.9 48.7 65.1 78.3 89.7 104.3 123.5 166.1 178.3 181.1 183.9 184.8 187.4 188.6 179.3 172.1 169.6 168.6 170.4 172.8 176.4 177.3 179.4 182.2 185 187.4 190 192.6 193.3 194.2 196.1 200.2 197 196.3
130.7 129.7 125.8 121.7 117.5 111.2 104.2 97 88.4 80.9 72.3 63.8 59.3 51.2 41.1 33.3 20.7 13 13.2 11.5 9.8 7.6 5.6 3.4 3.4 3.4 3.4 3.4 3.4 3.4 3.4 3.4 3.4 3.4 3.4 3.4 3.4 3.4 3.4 3.4 3.4 3.4 3.4 3.4 12.9 16 26.9 30.5 43.9 58.7 71 87.7 112.8 153.1 176.4 177.1 179.4 181.1 181.3 185.3 191.2 187.4 176.7 173.5 172.1 171.8 172.3 173 172.9 174.6 176.4 181.2 186.2 187.6 188.9 190.5 191.2 191.9 192.1 192.2 191.5 193.8
129.5 127 122.8 117.4 112.9 107.3 100.5 95.2 87.1 78.8 71.3 62.9 57.5 51 40.1 27.1 17.2 16 14.4 12.5 10.7 9.6 9.2 4.9 3.4 3.4 3.4 3.4 3.4 3.4 3.4 3.4 3.4 3.4 3.4 3.4 3.4 3.4 3.4 3.4 3.4 3.4 3.4 7.4 11.9 15.8 25.3 32.8 49.3 64.9 82.6 119.8 149 164.7 171.5 176.9 176.6 177 178.2 186.8 190 185.5 177.6 174.8 173.3 172.8 173.1 173 173.4 173.8 176.4 181.6 187.9 188.1 189 188.3 189.3 190 191.1 191.3 192.1 195.1
129.2 123.6 115.8 107.1 103.1 94.9 86.5 83.1 85.8 77 70.1 61.7 57.1 52 42.5 29.2 20.6 17.7 15.3 13.6 14 21.7 23.6 15.9 7.1 3.4 3.4 3.4 3.4 3.4 3.4 3.4 3.4 3.4 3.4 3.4 3.4 3.4 3.4 3.4 3.4 3.4 3.5 10.7 12.6 19 30.6 41.3 55.2 75.9 129.1 150 156.9 163.9 167.8 168.8 168.7 170 174.6 182.7 187.4 183.6 179 175.8 174.1 173.4 173.2 173.1 173.7 174.5 179 180.8 182.8 184.7 185.1 186 189.4 190.7 191.8 192.4 195.2 196.9
126.5 119.8 114.1 119.2 110.6 98.6 88.9 83.3 79.5 72 63 55.3 57.1 42 41.8 27.4 23 19.9 16.8 19.9 23.9 35.7 39 30.9 13.5 7.5 3.4 3.4 3.4 3.4 3.4 3.4 3.4 3.4 3.4 3.4 3.4 3.4 3.4 3.4 3.4 3.6 10.5 14.1 14.2 22.8 35.2 53.5 79.3 107.8 137.9 142.5 148.1 154.5 170.3 168.5 165.9 165.9 171.3 173.5 179.3 184.5 179.9 176.7 173.8 172.5 172.5 172.5 172.8 174.2 177.9 179.9 180.8 181.8 185.3 187.9 190.5 192.2 193.5 194.6 196.7 199.1
119.3 124.2 125 121 113.6 100.6 91.7 85.4 79.3 71.4 65.9 57.9 52.3 49.4 41.2 35.6 26.4 23.8 27.8 33.1 37.1 48.8 43.4 31 21.3 15.6 3.4 3.4 3.4 3.4 3.4 3.4 3.4 3.4 3.4 3.4 3.4 3.4 3.4 3.4 6.6 14.1 19.4 19.9 17.4 23.1 38.3 64.5 97.7 119.1 123 129.5 136.7 156.9 168.1 169.2 167.1 167.1 170.2 172.3 175.8 178.9 177.9 174.3 173 172 170.9 171.3 172.4 174.8 177.1 178.5 178.5 184 187.2 188.9 191.3 192.8 194.2 196.2 198.5 202.1
122.8 128 125.4 120.9 116.1 109.4 101.5 91.2 84.1 78.4 69.2 60.2 55.4 51.1 41 37.4 30 30.2 36.6 45.9 51 59 47.6 30 25.3 18.4 3.6 3.4 3.4 3.4 3.4 3.4 3.4 3.4 3.4 3.4 3.4 3.4 3.4 3.4 4.3 9.2 19.9 20.1 20.4 29.2 49.1 73.2 101.7 114.2 120.5 123.7 131.6 150.2 162.5 167.8 164.8 165.7 170.5 171.4 176 177.2 175.5 173.4 172.2 169.4 171.8 172.4 174.3 177.3 179.2 180.4 182.8 185.1 188.2 189.9 191.5 193 195.1 199.4 201.6 205.9
125.1 128.8 125.8 122.3 118.4 112.7 105.9 97 87.1 80.1 72.1 61 55.3 51 39.9 40.3 31.1 38.4 45.8 57.3 65.2 72.6 52.8 35.6 29.5 23.1 15.1 3.4 3.4 3.4 3.4 3.4 3.4 3.4 3.4 3.4 3.4 3.4 3.4 3.4 3.4 6.9 13.9 20.7 27.1 41.9 59.3 77.3 98.4 110.9 116.8 118.3 127 139.8 147.7 157 159.3 164.4 166.6 172.2 173.7 174.5 173.7 172.5 171.4 170.5 171.8 172.8 176.3 177.1 178.8 180.4 183.6 186.6 189.2 191 192.3 194.2 198 202.2 203.9 206.9
126.5 129.1 126.8 123.6 120.2 114.3 107.7 99.3 89.7 81.6 72.6 62 55.5 49.1 43 41.8 35.4 43.2 56.9 64.1 73.5 81.3 59.1 42.2 36 32.4 22.2 11.5 3.4 3.4 3.4 3.4 3.4 3.4 3.4 3.4 3.4 3.4 3.4 3.4 3.4 4 10.9 25.6 35.4 49.1 61.5 73.5 86.6 99.6 105.6 109.7 118.3 130.7 133.8 149 154.8 158.3 167.8 169.5 171.1 171.9 171.9 171.2 169.5 171.2 172.6 174.3 175 175 177.3 179.9 182 186.4 189.7 191.7 194 196.7 200 202.7 205 208
127.4 129 127.4 124.9 121.8 115.9 108.6 101.7 90.8 83.8 73.5 63.9 57.3 49.9 44 40 45.2 47.3 62.2 74.5 80.7 82.1 58 47.8 37.3 32.8 31.7 32.5 31.6 3.4 3.4 3.4 3.4 3.4 3.4 3.4 3.4 3.4 3.4 3.4 3.4 3.4 12.9 36.4 49.6 59.9 63.2 74.2 85.2 94 96.7 100.4 119 133.3 139.3 146.3 149.6 154.9 162.8 165.2 167.5 170.1 170 168.3 169 171.4 173.2 173.6 170.7 176.2 179.9 181.7 183.6 185.1 190.2 192.8 195.1 198.1 201.2 203.5 207.1 211.3
129.2 130 129 127.3 124 117.4 110.9 103.4 93.6 85.6 74.3 67.1 60.2 53.3 43.9 44.7 54.2 58.8 78.3 87.1 85.4 79.4 63.5 51.5 36.5 35.4 36.9 41.6 42.2 16.6 3.4 3.4 3.4 3.4 3.4 3.4 3.4 3.4 3.4 3.4 3.4 3.4 26.1 48.9 54.9 62.1 67.4 75.1 81.4 88.3 94.2 92.9 115.3 132.9 137.5 138 148.7 155.1 159.1 158.7 164 167 165.8 167 169.5 170.9 170.8 168.9 170.9 176.8 180.6 183.7 186.9 187 190.6 193.6 197.2 200.2 202.4 205 209.3 212.3
132.5 130.5 131.9 129.9 127.2 118.8 114 105.9 96.7 88.5 76.7 68.2 63 57.4 46.6 51.8 57.6 71.9 85.9 88 83 76.2 61.8 49.2 37.8 38.9 46.9 52.1 44.7 18 3.4 3.4 3.4 3.4 3.4 3.4 3.4 3.4 3.4 3.4 3.4 8.9 39.4 45.6 54.8 59.8 62.7 69.1 74.4 80.2 83.6 88.4 107.8 125.2 127.8 134.3 148.3 148.3 152.4 159.5 160.3 161.1 158.8 166 167.2 166 164.1 169.8 174.9 178.3 180.7 182.7 187.6 191.5 192.6 197.4 199.5 201.4 204.1 205.8 208.2 210.5
135.8 131.6 134.6 132.7 129.1 121.9 115.3 111.3 100.1 91.3 81 71.1 67.1 61.9 53.8 62.1 68.6 84 100.7 89.4 80.7 71.3 58.8 50 41.5 45.8 48.8 52.8 41.5 13.1 3.4 3.4 3.4 3.4 3.4 3.4 3.4 3.4 3.4 3.4 8.5 13.2 31.4 40 50.5 58 59.4 63.4 67.1 68.6 72.1 88.1 107.3 121.3 125.5 133.8 138.9 143.3 149.4 155.5 155.1 158.8 162.1 162.5 162.1 159.8 166.4 171.6 176.2 180.7 184.2 187.8 189.7 193.6 197.9 197 198.6 200.8 202.9 205 207.6 211.1
138.8 132.7 137.5 135.4 130.3 129.4 121.1 115.9 103.8 96.3 85.1 76.3 72 65.1 62.7 68.4 75.2 101.6 109.8 93.9 79.3 77.4 63.6 52 43.6 45.1 47.9 48.4 39.5 5.2 3.4 3.4 3.4 3.4 3.4 3.4 3.4 3.4 3.4 3.4 11.6 14.8 27.5 37.5 44.1 46.8 50.8 58.4 62.1 57.1 72.8 97.2 104.6 114.4 129.4 136.6 141.7 148.8 147.7 149.6 152.4 158.5 157.5 158.1 155.4 161.3 168 173.3 177.7 182.7 186.4 190.2 193.6 195.2 198 200.2 200.4 202 203.4 205.5 208.2 211.2
139 137.5 140.2 138.3 136.2 134.8 129.1 120.7 109.6 100.9 89.9 81.8 77.4 67.7 70.5 76 83.8 106.7 107.6 93.2 79.9 78.6 65.6 53.2 43.9 42.5 42.6 38.6 26.3 3.4 3.4 3.4 3.4 3.4 3.4 3.4 3.4 3.4 3.4 6.7 14.5 19.2 28.2 36.4 35 37.2 42.9 51.8 54.7 54.9 81.1 97.3 102.4 114.4 125.7 134.4 143.8 144.2 141.9 144 155.1 154.1 152.9 153.3 157.3 164.1 170.1 175 179.5 184.3 188.6 192 195.4 198.9 200 201.1 200.9 202.6 204.5 206.4 208.5 211.5
141.7 142.6 142.5 142.5 144 140.2 135 126.1 114.3 105 95.1 86.1 81.9 74.5 79.2 80.9 92.1 101 98.2 87.3 79 73.9 64.8 53.1 41.4 39.9 35.1 30.6 13.8 3.4 3.4 3.4 3.4 3.4 3.4 3.4 3.4 3.4 3.4 4.5 12.6 16.6 26.9 27.4 24.6 35.8 39.3 40.9 44.1 59.9 82.6 91.8 100.3 113.5 127.7 134.2 137.4 138.7 131.2 145.1 150.1 149.2 153.7 155.9 160.7 166.7 171.2 176 181.3 185.9 190.3 193.5 197.6 200.4 201.4 201.7 202.7 202.8 205.3 208.9 209.5 215.9
145.6 145.9 148.1 146.9 148 145.3 139.1 130.2 119.6 108.9 99.2 87.9 81.7 81.4 87.5 86.5 93.6 97.9 95.2 87.1 77.9 71.5 60.3 45.1 39.8 36.7 26.2 19.1 3.4 3.4 3.4 3.4 3.4 3.4 3.4 3.4 3.4 3.4 3.4 4 7.6 12.1 16.1 20.5 27.6 32.8 37.1 37.1 42.8 61.1 80.1 82.7 94 114.3 122 129 128.8 125.9 125.7 135.5 141.8 147.7 153 158 163.3 168.3 170.9 176.6 182.8 187.9 191.9 195.8 199.1 201.6 202.4 201.3 203.5 209.4 213.7 214.7 217.9 222.6
151.2 152.2 151.6 150.2 154.4 150.2 143.3 134.4 121.8 111 99.3 88.6 88.8 91.2 93.5 89.3 92.6 99.4 97.7 85 78.2 69 53.2 45.3 35.8 32.5 22.9 9.5 3.4 3.4 3.4 3.4 3.4 3.4 3.4 3.4 3.4 3.4 3.4 3.6 6.6 15.6 19.8 24.5 30.5 34.3 35.6 37 49.5 68.6 75.4 84 94.5 111.4 116.2 117.2 110.6 118.8 136.2 142.2 142.4 147 150 156.1 161.8 166.2 170.5 177.9 184.7 190.7 195.3 198.8 201.5 203.4 204.1 206.2 211.4 218.7 221.2 223.6 227.2 232.4
157.2 157.9 154.8 153.7 153.8 155.6 149.1 137.9 121.9 107.6 98.4 91.3 100 97.8 93.3 91.7 93.3 100.8 96.1 85 75.8 58.9 49.3 41.3 35.1 29 17.6 3.7 3.4 3.4 3.4 3.4 3.4 3.4 3.4 3.4 3.4 3.4 3.4 5.5 6.8 13.9 19.2 25.9 30.7 37.2 38.7 40.5 55.2 63.5 74 84.6 92.3 104.5 102.2 95.6 113.7 128 134.8 140.4 143.1 146.3 152.6 159.2 160.9 167.9 172.8 178 186.6 192.6 198.2 202.5 205.8 209.7 210.3 214.4 225.9 226 228.3 230 236.1 237.7
