Assets/StreamingAssets/GeoData/Data/nc/NC46.asc
ncols 200
nrows 200
xllcorner 240000
yllcorner 960000
cellsize 50
[rows 111 to 147 of 200, columns 0 to 82 of 200]
68 68 68 68 69.3 71.3 75 84.8 92.8 101.5 108.9 113.1 115.3 122.6 131.6 132.7 130 126.9 128.3 130.9 129.3 133.1 135.1 131.5 130.8 131.4 132.1 121.7 138.3 148.6 157.4 160.1 159.9 162.7 167.3 176.3 184.6 200.4 214.5 235.9 265.8 299.4 332 359.2 368.5 363.3 363.6 356.4 355.4 355.1 345.3 335.6 332.4 321.7 307.8 289.6 285.1 282.5 276.2 261.5 248.6 243.9 233.9 206.8 187.7 169.3 161.6 162.2 165.8 162.5 156.2 150.7 137.8 131.7 126.6 123.8 117.6 109.7 104.2 98.2 98.5 98.5 92.9
68 68 68 69 73.1 74.6 79.2 86.8 95.5 103.2 110.1 114.7 116.8 122.7 131.8 133.4 128.6 130.3 125 137.4 137.6 139 140 140.1 136.9 132.9 132.5 134.7 133.8 145.2 155.5 158.5 158.7 160.2 165.4 169.7 177.1 191.3 208.5 228.5 267.3 303.4 325.8 348.1 353.6 362.2 354.2 349.3 344.8 334.6 329.1 322.4 315.5 301.8 289.5 284.2 284.7 278.8 267.7 253.7 253.9 248.1 233.8 203.8 177.6 167.5 169.6 167.6 168.5 166.5 158.7 145.6 136.5 129.1 123.8 119 113 107.7 104.7 102 102.4 98.5 94.8
68 68 71.8 70.9 75.1 76.6 80.8 90.2 98.2 106 114.1 116.8 120.1 125.2 132.1 130.6 131.2 130.1 130.6 140.8 139.9 142.1 142.7 140.8 139.5 136.7 140.7 140.2 140.6 137.4 147.8 153.8 158 160.2 161.7 164 177.1 188.5 198.2 224.5 260 290 311.9 324.3 337.8 341.6 331.4 325.6 326.5 324 321.8 316.2 307.2 295.3 287.3 280.8 278.8 274.8 271.7 259.8 248.1 236 207.7 189.4 174.9 173.3 173.2 175.6 176.5 169.9 157.9 149.2 137.6 130.2 126.1 117.2 107.9 107.2 107.2 104.5 99.7 95.6 91.9
68 73 75.5 75.6 78.4 82.4 88 95.8 103 109.7 116.8 121.8 123.6 127.4 129.2 131.9 132.3 131.7 137.5 142.7 147.7 148.3 145.9 143.6 140.9 141 143.8 150.5 150.1 149.8 147.1 152.5 152.2 154.2 159.6 166.2 173.1 181.2 194.6 220.7 242.9 261.6 285.9 304.7 308 304.8 312.4 326.8 316.7 314.1 315.6 316.2 311 302.7 289.5 285.5 280.4 265.1 253.3 240.8 238.4 226.6 205.1 184.9 181.3 184.5 183.4 195.5 190.2 179.4 161.7 152.1 141.2 134.1 123.3 111 107.7 108.2 114.1 106.2 98.1 91.9 83.5
70.7 77.6 76.8 79 84.1 87.4 92.5 102 108.5 116.5 122.8 127.7 128.7 132.7 136.2 138.9 135.1 141.6 143.3 144.4 149 149.8 153.2 148.8 143.9 150.6 146.9 157.3 160.3 160.3 152 152.4 156.8 154.6 157.3 162 169.5 183.9 191.1 205.5 226.5 252.8 272.4 276.3 287.5 297.6 305.3 315.5 317.1 310.9 313.9 312.6 307.6 301.2 288.9 275.8 265.6 258 253.2 248 244.3 229.7 199 194.2 190.4 190 199.4 201.5 195.7 185.7 166 154 148.4 137.2 126.4 113.4 108.3 108.4 111.1 103.8 96 83.5 70.6
72.9 79.2 81.9 87.3 90.7 93.9 97.7 105.2 115 123.8 130.9 134.7 133.2 136.3 140.3 143.3 141.1 140.3 143 149 152.1 153.6 157.3 157.9 155.7 148.5 156 156.9 166.8 168.1 161.5 154.1 157.3 157.8 157.3 159.8 163 174.6 187.2 199.3 229.1 245.3 255.1 267.8 276.4 284.5 297.9 310.3 306.3 307.4 307.9 306.9 302.4 300 290 282.6 269 264.1 259.7 256.4 244.9 216.7 207.6 207.2 204.1 199.4 201.1 200.3 195.1 184.2 165.1 159.5 149.7 139.1 128.4 113.9 109.3 107.8 107.9 100.5 86.9 73.7 62.5
82.6 85.2 89.4 92.5 97.3 99.7 104.9 107.6 121.6 126.6 135.1 140.6 139.4 139.2 142.9 149.7 148.8 145.1 146.2 154.9 158.7 161.9 158.8 162.8 160.7 162 161.4 163.5 168.5 173.7 170.8 161 158.4 160.1 160.1 162 164.3 165.7 176.7 195.5 221.4 238.3 254.5 264.1 274.3 286.2 287.3 292.9 298.6 303.5 303.2 300.9 297.5 296.7 294.3 276.2 271.5 266 260.9 251.4 234.8 217.5 218.1 218 211.9 200.4 199.3 197.9 192.6 179.8 174 167.7 153.5 139.9 129.6 117.6 109.5 103.9 100.6 90.5 73.5 66.9 68.4
90.4 94.1 100.7 101.9 103.9 107.2 109 111.1 120.1 127.2 139.6 144.9 144.8 145.3 150.5 154.6 153.6 147.8 147.8 153.7 164.3 169.7 167 164.8 164.9 168.8 169.8 172.6 171.6 182.5 183.7 172.9 164.3 162.2 163.1 165.5 168.9 168 183.9 195.7 205.8 231.3 244.6 261.2 274.1 280.1 287.7 289.9 291.2 292.8 296 299.6 300.3 294.4 290.6 283.6 272.2 266.3 256.1 237.1 220.6 219.1 219.7 215.3 209.6 199 197.4 198.4 192.2 184.6 176.2 168.5 153.7 142.7 129.7 118.2 105.8 101.5 93.9 82.4 70.7 70.3 70.2
94.8 102.1 107.6 106.8 112 115.4 112.5 114.6 119.9 127 142.8 151.9 153.4 157.6 158.1 158.8 157.3 153.9 153.8 153.3 165 170.7 175 174.6 170.3 174.7 176.9 175.5 181.4 188.1 188.9 181.9 171.5 166.9 165.6 167 172.1 181.2 179.2 191.2 203.5 225.5 249.5 270.5 279.5 284.7 291.8 289.1 288.9 292.6 294 293.1 294.4 292.5 287.3 283.4 276.1 261.3 230.7 221.7 219.1 219.2 215.4 210.3 203.5 194.9 191.2 193.9 189.4 183 176 169 158.1 148.9 131.7 117.2 106.8 93.9 84.6 81.3 80.8 79.3 74
102.2 109.7 110.7 113.2 121.6 123.9 117.4 117.5 122.2 127.7 146.3 156.8 160.5 164.4 165.8 164.7 164.9 162.7 161.2 157.7 166 170.1 175.9 176.9 178.1 175.7 179.4 186.5 193.6 198.4 198.7 196.3 180.2 174.5 170.1 169.7 174.1 186.9 196.9 199.5 205.8 212.6 238.6 259.7 275.5 283.9 285.4 284.4 283.5 281.8 285.3 286.5 287 289.1 288.4 281.8 275.5 233.9 222.5 219.1 219.1 218.9 214.3 208.5 195.3 186.1 185.3 183.7 183.6 183.7 178.4 170.5 164.2 151.5 131.3 121.1 109.1 95 90.9 88.8 86.2 83.3 80.1
109.9 112.8 116.6 119.5 129.8 128 119 121.6 126.4 132.2 144.8 158.8 165.7 170.4 173.2 171.2 170.5 171.5 171 169.5 171.5 171.4 172.7 175.7 181.3 180 182.6 192 200.7 206.7 208 203.9 190.6 181.5 178.1 174.3 173.2 185.8 205.7 218.5 218.6 223.4 243.1 256.8 273 277.2 274.3 269.7 269 272.5 277.7 279.5 279 282 279.1 273.6 240.3 220.5 219.1 219.1 219.1 220.7 212.8 203.9 191.9 184.8 183.4 182.2 183.9 182.1 175.3 166.8 160 149.9 130.1 120.9 111.5 98.2 91.6 91.9 89.5 87.8 70.4
115.1 119.2 123.9 127.1 133.8 128.7 125.2 126.4 130.5 140 150.4 159.4 169.5 174.8 178.4 177.6 177.4 180.1 178.7 176.6 176.2 179.1 178.5 175.8 177 180.3 186.3 192.2 199.4 209.3 216.2 211 203.1 194.7 184.1 182.5 178.8 180.2 200.6 215.7 230.6 234.7 241.4 248.3 258.5 262.5 264.7 264.5 265.5 267 270.7 273 274.2 270.1 263.7 249 226 220.4 219.1 221.5 225 220.8 213.3 204.4 197.4 195.8 190.5 184.3 179.6 177.8 172.3 162.6 153.6 141.3 128.8 120.6 111.7 100.7 92.9 92 92.2 80.5 63.5
118.5 122.9 130.3 131.1 133.2 132.2 131.1 133.2 138.9 148.6 157.2 160.2 170.5 176.2 180.9 181.9 185.1 191.2 190.1 183.1 184.1 180 183.1 183.1 186 189.5 194.1 196.5 201.5 208.7 221.5 223.9 218.6 205.8 192.4 188.1 185.7 182 191.6 206.9 221.4 230.7 236.5 246.1 249.7 250.5 253.9 259.7 263 266.1 268.8 268.8 267.8 260.6 254.4 239 227.8 221.6 226.4 233.7 235.7 229.2 223.6 215.9 212.2 205.7 200.1 189.1 179.9 175.8 170.3 160 148 132.6 124.2 119.1 114 100.2 94 87.3 74.8 68.9 65
120.9 128.5 134.3 135.8 136.6 136 134.5 140.8 147.3 157.8 164.2 165.4 171.8 176.7 182 185.2 194.2 199.1 197.6 193.1 188.9 184.5 184 187.8 194.6 198.4 204.4 208.5 213.6 212.6 216.7 225.7 221.7 211.6 201 193.3 190.3 190 188.4 203 209.9 220.5 239.8 249.8 246.8 246.9 252.2 258.4 264.7 269.1 267.4 263.5 260 247.4 237.5 231.9 224.5 226.9 231.8 234 234.5 227.5 219.5 215.1 210.5 205.2 199 191.7 183.3 172.5 165.5 156.4 145.5 130.6 122.5 118 107.5 100.1 82.1 79.1 76.9 74.6 75
121.6 131.7 136.2 138.1 139.3 138.4 140.9 148.6 155.5 166.4 175.7 172.2 175.2 176.9 183.5 188.5 198 206.9 209.6 200.6 194.5 192 185.8 194.3 200 207.3 211.5 217.2 222.8 227 230.5 231.2 225.1 222.3 214.9 200.8 191.9 195.7 193.1 197 217 238.4 256.5 268.4 265.5 255.3 252.9 256.3 262.2 267.6 267.4 258.6 250 235.1 228.5 225.8 224.8 231.6 235.2 233.5 228.2 223.7 214.6 212.3 208.3 200.8 196.1 190 181.1 172.5 161 153 144.2 130.2 120.9 116.2 100.3 85.7 83.8 88 88.6 81 72.6
124.3 133.1 139.2 141.3 143.3 144.7 151.6 158.3 166.3 174.2 182.8 179.9 183.6 183.7 187.6 191.8 198.9 209.7 215.7 204.9 199.6 197.2 194.4 193.9 206.5 217.6 223.3 223 231.2 235.6 236.2 241.1 237.1 230.8 221.2 210.5 197.9 198.9 199.5 199.6 207.5 224.6 250.4 270.7 273.1 266.5 262.3 258 255.9 259.5 256.3 244.4 232.5 227.2 225.5 224.3 223.8 227.1 228.2 225.9 222.9 218 212.2 209.5 207.2 199 193.3 184.4 177.3 168.7 158.4 148.5 138.9 128.7 119.7 108.6 93.7 89.9 92.6 94 89.2 79.3 70.5
127.3 135.6 141.1 145.7 147.7 153.8 161.3 170.7 175.1 178.7 184.1 190.6 194.6 194.1 194.6 199.1 199.9 208.1 217.3 212.5 206.9 206.3 206.2 199.6 203.7 219.4 229.8 235.9 232.9 238.1 239.4 243.2 241.5 238.8 234 211.4 201.5 200.9 203.1 202.9 213.4 226.8 250.6 268.9 278.6 274.8 267.3 260.6 253.3 246 237.2 228.5 226 225.1 224.9 222.2 220.7 220.3 221.1 220.2 221.2 216.3 208.8 205.7 201.9 195.1 185.7 179.3 172.5 165.9 154.4 142.7 133.1 121.5 115.2 101 95.4 96.9 97 91.1 86.3 76.1 67.9
131.6 137.2 144 149.3 155.3 162.8 173.9 179.6 182.2 181.8 190 200.6 205.8 206.6 205.7 207.8 207.9 207.6 213.7 215.4 213.2 213.6 210.1 205 206.6 221.6 236.5 239.7 243.9 241 241.8 251.7 251.4 243.9 233 225.4 206.5 204.4 204.8 207.4 215.9 227.7 245.1 262.5 273 277.2 270.9 259.1 247.4 240.7 231.3 225.8 223.9 223.9 223.6 220.1 218.4 215.8 216.1 214.6 211 209.6 205.6 198.5 193.9 186.8 180.2 174.6 166.5 159.2 150 139 128.5 115.7 109 98.1 97.6 100.1 94.6 87 77.5 71.9 65.2
133 140.5 149.5 153.8 163 174 180.9 187.5 188 193.7 204.5 211.8 214.8 218.5 216.8 219.6 222.6 215.5 218.5 219.1 224.2 221.7 223.1 223.4 215.2 226.2 234.7 245.5 259.8 269.4 269.6 263.5 261.2 254.7 242.6 224.6 217.6 209.1 207.8 207.3 216.2 227.9 240.1 256.4 269.2 270.8 265.1 252.8 245.4 238.2 226.9 224.1 223.6 222.4 220.3 217.9 216 211.4 208.9 205.1 203.8 202.6 198.8 193 187 182.3 176.7 168.8 161.5 152.7 140.9 133.7 122.2 113.1 103.4 97.6 102.2 99 94.3 83.6 74.1 66 63.1
134.4 144.4 152.5 163.5 173 180.1 188.7 193.3 194.8 207.7 216.3 221.6 222.8 227.2 229.5 232.3 238.7 229.4 234 233.4 227.3 227.9 240.3 246.6 238.8 232.9 242.9 267.5 286.4 295.9 290.2 281.8 268.1 257.5 245.4 233.4 226.5 217.5 213.3 208.1 214.9 232.3 246.8 254.8 263 263.2 256.8 249.7 245.1 232.4 224.9 224.3 224.9 226.3 221.3 215.4 211.2 207.3 203.1 198.5 197.5 196.5 192.4 184.2 178.2 175.3 170.5 162 154.2 146.9 135.3 127 119.5 111.4 100.2 101.3 103.6 97.7 93.3 80.9 71 63.3 57.6
138.3 148.2 158.3 173 181 188.9 196.7 200 208.1 217.2 227.2 233.7 231.6 234.4 240.4 248.4 249.7 245.7 251.6 251.5 253.2 238.8 239.7 260.3 255.2 248.5 261.7 275 303.4 310.7 308.2 290.9 282.7 273.5 261.7 243.4 233.6 221.6 217.1 211 217.8 231.9 245.6 252.4 252.8 255.5 253.9 250.3 245.1 228.3 224.9 225.5 228.1 224.7 219.5 213.7 207.9 201.8 199.1 194.7 191.8 187.7 181.4 172 168.4 167.6 163.9 157 148.3 138 132 122.4 115.9 106.3 101 102.6 101.2 101.5 90.6 77.2 70 62.9 48.2
142 150.2 164.9 177.8 185.6 193.7 201.3 206.5 218.3 226.3 234.8 237.9 240.3 245.6 255.9 263.1 269.3 267.4 265.2 272 278 269.3 253 254.2 260.5 267.9 273.3 291.4 301.6 320.4 323.6 312.9 304.3 299.6 280 266.7 246.6 231.7 217.7 213.2 217.5 227.6 238.8 244.6 247.3 252.5 256.1 251.5 237.9 226.9 225.5 230.3 230 224.5 215.9 210.4 204.7 198.9 192.8 192.9 184 175.4 168.3 163.3 161.2 160.3 156.5 147.9 139.8 134.2 127.7 120.5 113.6 104.9 102.3 102.5 100.5 99.9 87.4 75 67 58.3 48.7
149.8 163 168.3 187.7 186.5 194.8 205.3 214.9 227.9 235.9 242.1 246.3 249.1 259.3 273.2 280.1 286.2 283.4 291.2 302.7 296.2 292.1 284.5 275 279.1 279.2 287.5 300.6 310.6 314.5 328.6 322.9 316.5 309.9 293.2 274.5 261.1 241.3 227 219.7 217.9 227.5 237.2 242.8 250.6 253.2 255.8 247.6 233.9 228.1 229 229.6 227.2 221 213.4 208.5 202.2 196.1 186.1 183.4 175 169.2 162.4 158.9 156.3 151.6 145.1 138.7 135 129.1 123.9 117.7 111.2 102.9 102.4 101.9 102.8 92.9 80.1 69.7 62.7 52.7 44.2
159.8 174.3 181.4 191.6 192.1 197.9 208 220 233.1 240.7 247 256.2 263.4 272.5 283.5 298.4 303.2 304.8 316.3 318.3 324.2 332 314.7 301 308.7 311 295.2 301.9 319.1 324.1 324.6 330.3 323.5 316.7 306.3 282 266.2 253 235.1 226.7 221.6 230.7 236.2 241 251.1 252.4 252 242.5 234.1 231.2 229.2 227.9 224.6 218.4 211 205.6 200.4 190.7 183.5 177.7 172.2 166.9 160.6 155.1 149.8 143.1 137.6 133.3 128.9 125 119.9 114.2 108.6 98.9 102.6 101.4 98.8 89.7 76.3 69 53.6 49 43.5
172.8 190.1 192.6 188 200.1 208.2 214.8 222.9 230.9 240.3 255.1 264.8 273.1 283.2 297.6 311.9 318.1 330.3 334.6 338.6 355.3 369.9 361.9 335.2 349.5 338 323.8 307.4 306.4 322.8 320.4 328.7 324.1 315.2 299.4 287.9 273.6 257.2 241 230.4 221.5 233.2 236.8 239.2 244.9 252.5 248 239 237.3 233.7 229.8 226.5 221.7 214.4 209.7 204.1 199.5 187.3 178.9 173.1 168.8 161.5 156.7 150.5 143.7 138.7 133 128.1 123.8 120.3 114.9 109.3 100.2 98 99.7 99.4 93 81.6 73.8 63.2 51.7 43.4 41.4
185.9 200.7 200.2 191.6 198.3 218.5 223 227.3 236.9 244.9 253.9 272.1 279.7 296.1 304.8 320.2 329.4 338.7 353.4 359.9 382.6 393.8 396.8 377.3 361.4 357.7 341.5 323.4 308.7 305.2 312.4 312.5 315 314.2 302.8 287.8 284.5 262.6 248.9 233 222.5 235.9 240.2 240 240.6 245.7 244.2 236.6 238.4 233.9 230.7 224.8 218 212.1 207 202.7 199.8 184.7 176.5 169.2 164.7 159.4 152.5 147 140.8 132.5 128.4 125.4 120.3 116.5 112.1 102.8 94.1 94.5 97 98 89 76.1 70.1 56.5 50.1 40.5 34.3
199.9 205.7 204 193.1 198.8 215.1 229.8 234.4 241.5 257.1 274.8 279.4 293.9 302.4 311.5 329 337.9 346.9 365.2 387.6 403 408.1 404.2 394.7 378.2 364.5 348.5 339 326 311.7 305.8 303.4 306.7 307.4 303.8 294.1 285 272.8 258 242.4 223.9 240 244.1 243.3 240.9 240.9 237.9 234.4 233.4 229.8 229 223.3 215.8 211.1 205.8 203.3 197.8 181 173.8 166.2 160.2 154.8 148.9 142.5 136 129.9 125.3 121.2 118.4 114.6 106.8 97.9 92.1 94.1 95.7 92.1 81.2 72.6 58.5 51.7 46.4 36.7 29.8
211.3 210.1 201.5 195.5 198.1 211.5 231.3 237.3 255.8 274.4 284.5 291.3 301 304.1 313.6 332.6 345.3 354.8 378.3 400.8 409.1 406.3 400.9 396.4 383.2 372.6 358.2 343.6 333 326.7 312.3 302.1 301.4 299.6 300.2 293.7 288.5 277.4 266.9 252.6 232.3 243.6 249.9 249.7 244.6 238.9 233.6 232.3 229.5 225.7 221.7 218.8 212.1 208.1 202.7 202.4 187.6 178.6 171.7 163.5 156.9 151.4 145.6 139.3 132.7 126.3 123.1 119 115.9 112.2 105 97.9 89.6 92.9 91.2 83.3 75.1 64.5 58.2 47.6 40.8 34.4 31.5
219 215.5 200.5 201.5 204.5 215.3 235.2 242.1 264 286 304.5 299.2 304.7 312.7 322.8 331.8 348.6 367.6 382.8 401.1 406.5 404.4 400.2 393.7 386.9 378.6 365 347.5 333.9 332.4 317.7 306.4 297.3 295.4 293.2 292.7 288.8 280 267.5 255.1 246.7 248.9 251.3 251.1 247 237.1 231.8 230.3 228.6 223.4 216.4 213.3 210 203.4 199.3 195.1 182.7 175 168.2 161.6 155.1 148.8 142.8 135.8 129.4 124.1 120.6 116.2 113 107.8 101.5 95.1 86 85.2 82.5 75.3 68.4 62 51.1 44.6 37.7 35 25.9
234.3 227.8 214.3 219.3 224.2 237.2 244.9 242.2 256.6 290.3 304.2 316.9 320.1 321.9 332 343.8 354.3 368.1 387.1 397.6 404.4 403.3 399.9 391.8 384.4 375.8 362.3 350 328.6 322 317.3 307.6 299.1 290.8 288.3 287.3 284.2 275.9 264.3 259.5 253.1 250.6 251.8 253.3 246 233.5 230.5 229 227 223 213.2 208.8 206.3 200.1 195 188.4 180.2 172.9 166.6 160.4 153.3 146.5 140.1 132.4 126.3 121.9 118.3 114 108 103.6 100.5 91.7 80.4 75.6 74.7 68.5 64.3 57.1 47.3 39.4 38.5 30.1 25.7
245.9 232.4 239.3 249.2 247.7 264.7 264.4 251 253.4 275.6 305 325.9 338.9 337.5 343.4 358.3 366.7 369.6 382.2 397.8 401.1 400.2 395.1 388.3 381 371.6 356.1 345.1 327.5 316.7 311 304.9 299.1 289.9 285.3 276.7 272.7 269.6 265.4 263.1 254.8 250.1 249.2 251.8 245.5 231.2 229.3 228.3 223 217.8 210.9 205.3 202.3 195.5 190.8 185.2 178.1 170.7 164.6 157.8 151.1 143.7 136.6 129.3 123.5 119 114.3 108.5 103.9 101.4 94.7 83.6 77.1 71.5 63.8 62.3 58.6 52.1 40.5 33.4 32.9 25.9 22.9
248.1 246.2 267.8 271.8 264.4 279.4 282.1 267.5 260.6 274.9 300.1 327.1 341.7 347.1 354.5 372.3 383.5 380.5 384.9 399 410 404.6 392.5 385.3 378 365.5 357.8 344.7 329.6 313.2 307.4 301.4 297.6 287.4 281 274.1 266.6 264.7 265.4 260.8 253.4 248.4 245.7 245 234.3 230.3 228.1 225.3 219.9 214.8 210.3 203.1 197.7 191.5 186.5 181.8 174.4 168.9 161.5 153.6 146.7 141.1 134.3 125.8 119.9 115 110 105.8 101.2 94.9 86.2 79.7 72.8 66.6 60 58.6 55 47.3 34.9 33.7 28.6 26 23.1
251.4 271.1 287.1 292 283 291.3 293.4 281.2 268 281.6 296.6 319.7 343.4 354.4 368.7 387.9 394.3 389.2 388.3 407.3 418.3 412.2 399.4 380.8 372.1 363.1 352.2 341.5 327.9 311.6 307.2 297.5 294.1 284.9 276.3 271 267.1 262.2 258.4 256.8 251.6 246.4 241.4 236.2 230.8 228.6 225.9 220.2 215.8 213 207.8 201.4 193.4 187.7 181.3 174.3 170 164.1 157.3 150.3 143.5 136.8 130.5 122.6 115.8 111.2 106.3 101.3 94.7 89.3 83.2 74.8 66 59.2 57.7 54.9 52.3 42 37.2 27.9 28 32.2 26.7
257.2 292.7 307.7 306.6 294.6 299.1 303.1 292.2 276.8 291.6 303.5 315.9 339.1 363.9 377 392.8 395.5 395.2 392.9 411.4 418.3 411 402.3 383.5 368 357.6 347.2 335.8 324.4 310.6 302.3 292.5 283.6 277.2 273.2 268.8 265.4 260.6 254 251.2 248.4 243.5 236.8 226.7 227.2 227.6 220.7 216.2 214 209.4 204.2 197.4 191.6 182.1 174.9 168.8 165.1 160.3 153.9 146.9 139.9 134.9 127.3 120.5 110.8 105.8 101 95 89.3 83.8 78 69.8 63.2 57.9 56.4 53.5 46 39.9 35.8 34.2 35.4 28.3 23.4
264.3 297.6 319.3 311.6 309.3 311.9 316.8 303.9 286.1 301.9 311.1 319.4 336.4 357 380.9 400.5 398.9 397.5 394.9 404.8 413.7 406.2 397.9 383.4 368.2 354.1 342.6 331 324.3 311.1 301 291.5 278.6 273.4 269.5 266.7 260.2 254.2 249.8 247.1 243.8 238.9 230 221.5 224.1 221 216.3 211.3 208.5 206.5 198.5 192.5 183.8 177.7 168.8 164.4 159.7 154.1 147.6 142.6 136 129.9 122.8 115.6 107.4 101.8 97.1 89.9 84.6 78.2 71.2 63.1 57.6 56.5 53 52.9 46.9 41.4 32.1 35.6 35.1 27.7 33
266.2 301.6 319.3 312.9 322.1 322.7 320.3 319.9 298.2 313.3 317.9 328.2 336.7 353.5 375.3 395.7 396.7 396.8 394.8 395.4 408.5 401 395.4 381.7 371.6 357.5 336 327.8 320.3 313.1 300.6 291 276.7 268.7 266.3 261.8 258.7 249.6 246.8 243.1 239 233.4 223.6 217 218.2 214.6 211.5 207.6 203.4 199.5 194.4 187.7 181.1 173.1 165.8 160.4 154.8 149.3 142 137 132.1 125 117.9 110.8 103 98.7 91.9 86.5 80.8 74.6 67.5 59.5 56.5 56 55.7 55.6 42.5 34.5 42.9 44.2 34.2 32.5 40.2
272.3 295.4 311.8 323.1 332.2 327.5 323.3 321.8 306.9 318.2 323 332.3 351.5 364.4 375 387.2 391 391.2 390.5 393.3 402 399.3 396.9 386.2 369.7 354 334.9 324.5 316.8 309.1 300.8 288.5 275.4 267.8 260.6 257.4 253.3 245.8 243.1 239.2 234.7 227.4 217.3 214.1 210.6 208.5 206.8 204.1 200.2 197.2 191.2 183.2 177.2 168.7 161.9 156.1 150.6 143.6 136.8 129.6 124.6 116.5 113.1 105.5 99.4 94.6 89.4 83.3 78.6 71.4 63.6 57.7 61.4 56.9 58.4 46.5 42.8 38.9 47 46 39.7 43.6 39.7
