Assets/StreamingAssets/GeoData/Data/nc/NC50.asc
ncols 200
nrows 200
xllcorner 250000
yllcorner 900000
cellsize 50
[rows 35 to 69 of 200, columns 79 to 157 of 200]
234.4 231.9 229.2 226.5 224.4 222.4 221.5 218.9 216.5 212.8 209.2 205.7 202.2 199 194.5 189.9 185.4 180.3 175.1 170.4 165.8 161.7 157.6 152.8 150.4 148.7 145.4 139.9 133 121.4 112.6 106.1 100.1 93.6 90.2 90.2 90.2 90.2 90.2 90.2 90.2 90.2 90.2 90.2 90.2 90.2 90.2 90.2 90.2 90.2 90.2 90.2 90.2 90.2 90.2 90.2 90.2 93.6 99.3 103.3 108 114.6 117.9 120.3 123.8 126 130.5 131.9 134.9 139.5 142.6 147.2 159.1 163.6 164.2 162.5 162.2 160.1 160
238.4 235.9 233.3 230.7 228.8 227.1 226 223.7 221.2 217.5 213.9 210.3 206.7 203 198.5 194.1 189.6 183.7 178.3 173.6 169 164.5 159.6 155 152.2 149.8 146.5 142.3 136.1 125.3 116.2 109.2 103.5 97.9 90.2 90.2 90.2 90.2 90.2 90.2 90.2 90.2 90.2 90.2 90.2 90.2 90.2 90.2 90.2 90.2 90.2 90.2 90.2 90.2 90.2 90.2 90.2 90.8 99.6 103.5 109.8 115.1 118 120.3 122.8 129.4 137.1 140.3 139.8 142 148.3 151.6 156.8 160.9 162.6 160.7 158.5 158.2 160.4
243.1 240.7 238.3 235.7 233.6 232.3 230.7 228.8 226 222.1 218.5 215 211.4 207 202.6 198.2 193.6 187.6 182.2 176.8 172.3 167.7 161.2 157.8 153.7 150.7 146.7 142.3 136.6 127 118.5 111.3 105.7 101.1 91.8 90.2 90.2 90.2 90.2 90.2 90.2 90.2 90.2 90.2 90.2 90.2 90.2 90.2 90.2 90.2 90.2 90.2 90.2 90.2 90.2 90.2 90.2 90.2 96.6 104.8 111.8 114.5 117.8 120.3 122.9 130.4 138.2 145.2 144.8 144.1 146.2 150.5 162.6 167.2 164.6 160.7 156.8 154 152.8
247.7 245.5 243 240.6 238.6 237 235.4 233.9 230.8 226.9 223.2 219.6 215.9 211 206.6 202.2 197.7 192.9 187.9 181.1 175.1 169.6 164.8 161.2 155.9 150.1 144.5 140.4 136.6 129.4 120 112.2 107.9 102.3 93.8 90.2 90.2 90.2 90.2 90.2 90.2 90.2 90.2 90.2 90.2 90.2 90.2 90.2 90.2 90.2 90.2 90.2 90.2 90.2 90.2 90.2 90.2 90.2 96.3 104.8 112.4 114.7 116.9 120.9 124.8 131.7 138.1 144.3 148.7 152.7 155.2 158.1 159.9 163 166.4 162.6 157.1 152.7 151.1
252.2 250.2 247.8 245.6 243.9 242 240.4 238.8 235.6 231.7 227.8 224.2 219.9 215 210.6 206.3 202.1 197.4 192.6 185.2 179.8 173.3 168.1 162.9 159 152.4 146.3 140 135.6 130.9 121.3 114.6 109.6 103.7 95.7 90.2 90.2 90.2 90.2 90.2 90.2 90.2 90.2 90.2 90.2 90.2 90.2 90.2 90.2 90.2 90.2 90.2 90.2 90.2 90.2 90.2 90.2 90.2 94.4 103.9 111.2 113.8 116.2 120.2 124.3 130.1 137.2 143.3 147.1 150.7 156 159.5 163.2 164.4 160.9 162 160 154 149.6
256.8 255 252.8 250.8 249.9 247.2 245.5 242.9 239.9 236.3 232.6 228.7 223.9 219 214.6 210.5 206.4 201.8 195.9 189.6 183.3 176.9 171.2 166.2 160.6 155.9 148 142 136.5 131.1 122.3 116.8 112.1 105.6 98.6 90.2 90.2 90.2 90.2 90.2 90.2 90.2 90.2 90.2 90.2 90.2 90.2 90.2 90.2 90.2 90.2 90.2 90.2 90.2 90.2 90.2 90.2 90.2 92.2 101.4 109 112.7 114.8 119 124.2 129.5 136.5 140.6 145.9 148.3 152 155 157.8 160.2 157.5 158.5 158.7 157.8 153
261.1 259.7 257.7 255.7 254.8 252.5 250.2 247.4 244.6 241.6 238.1 233.6 228.7 223.9 218.8 214.8 210.6 205.9 200.5 194.8 189 182.3 174.8 169.2 163.9 157.2 149.5 142.6 137.7 131.5 123.6 118 112.9 107.6 101.5 91.9 90.2 90.2 90.2 90.2 90.2 90.2 90.2 90.2 90.2 90.2 90.2 90.2 90.2 90.2 90.2 90.2 90.2 90.2 90.2 90.2 90.2 90.2 90.6 98.4 106.1 111.2 113.2 117.2 123.2 128.8 136.9 140.1 142.7 147.1 149.2 150 152.6 151.9 157.2 164.8 160.2 157.3 155.3
265.1 263.7 262 260.1 259 257.2 255 252.8 250.1 247.1 244.1 239.7 234.8 230 224.2 219.7 214.8 210.9 206.1 200.4 194.2 187.2 180.5 172.9 167.7 161.6 150.9 144.5 140.6 132.2 125 119.4 113.8 110 100.8 91.9 90.2 90.2 90.2 90.2 90.2 90.2 90.2 90.2 90.2 90.2 90.2 90.2 90.2 90.2 90.2 90.2 90.2 90.2 90.2 90.2 90.2 90.2 90.2 96.3 103.1 109.4 111.7 116.3 122.4 127.7 133.1 140.3 142.2 145.3 146.3 148 149 150.1 155.5 160.6 161.4 155.7 155.1
269.1 267.7 266.1 264.4 262.9 261.2 259.4 257.2 255.1 252.5 249.7 245.8 241.1 236.1 230.3 224.1 219.4 215.8 210.7 206 200.3 192.8 185.5 177.1 169.7 163.8 153.6 146.3 140.3 133.3 128.3 121.6 114.9 110.9 103.2 92.3 90.2 90.2 90.2 90.2 90.2 90.2 90.2 90.2 90.2 90.2 90.2 90.2 90.2 90.2 90.2 90.2 90.2 90.2 90.2 90.2 90.2 90.2 90.2 95 101.9 106.8 109.8 115.1 121.5 127 132.2 137.8 141.9 144.1 145.8 146.4 149.4 151 156.6 156.7 158.5 156.6 154.2
272 270.8 269.2 267.4 266.3 265.1 263.5 261.6 259.4 257 254.7 251.6 247.4 242.3 236.8 231.6 226 220.2 215.2 210 205.3 198.6 190.5 181.2 172.3 164.8 155.6 148.8 142.8 135 129.2 121.6 115.3 110.6 104.1 93.7 90.2 90.2 90.2 90.2 90.2 90.2 90.2 90.2 90.2 90.2 90.2 90.2 90.2 90.2 90.2 90.2 90.2 90.2 90.2 90.2 90.2 90.2 90.2 90.2 97.8 104.1 107.5 113.6 119.3 124.4 131 136 140.1 143.7 144.7 146.6 150.6 154.4 156.6 156.4 155.3 155.2 152.9
274.6 273.7 271.8 270 268.9 267.8 266.9 265.7 263.7 261.4 258.7 255.6 252 247.4 242.5 237.9 232.7 226.9 220 214.7 208.9 202.8 195.5 186.6 178 168.1 159.2 154.5 143.5 136.3 128.7 121.9 117.2 110.6 104.3 93.9 90.2 90.2 90.2 90.2 90.2 90.2 90.2 90.2 90.2 90.2 90.2 90.2 90.2 90.2 90.2 90.2 90.2 90.2 90.2 90.2 90.2 90.2 90.2 90.2 96.2 101.3 105.6 111.2 116.1 121.5 129.2 134.1 137.7 142.5 145.4 148.2 152.3 154.2 156.7 159.8 157.7 156.7 153.5
276.5 275.2 273.8 272.3 271.5 270.4 269.4 268.4 267.4 264.7 261.8 258.6 255 251.1 246.5 241.9 237.1 232.1 225.8 218.2 211.8 205.6 199.1 191.5 182.2 173 164 154.6 145 136.9 133.1 125.2 117.9 110.9 103.1 94.7 90.2 90.2 90.2 90.2 90.2 90.2 90.2 90.2 90.2 90.2 90.2 90.2 90.2 90.2 90.2 90.2 90.2 90.2 90.2 90.2 90.2 90.2 90.2 90.2 90.2 96.2 102.8 109.3 115.5 120.5 126.1 132.4 135.6 142.9 146.6 148.8 152.1 154.1 155.8 156.8 158.7 156.1 152.8
278 276.6 275.2 273.8 272.9 272.3 271.6 270.7 269.1 267.1 264.1 260.8 257.5 253.3 248.9 243.9 239.4 235 229.6 222.5 215 208.7 202.6 196.4 188.8 177.9 166.3 157.1 148.7 141.9 136.1 128.2 119.2 110.3 102.2 95.7 90.2 90.2 92.8 90.2 90.2 90.2 90.2 90.2 90.2 90.2 90.2 90.2 90.2 90.2 90.2 90.2 90.2 90.2 90.2 90.2 90.2 90.2 90.2 90.2 90.2 93.2 99.2 106.7 113.5 118.5 123.3 128.7 136 144.5 149 150 150.7 152.3 154.9 155.2 157.3 155.3 151.2
279.4 278 276.6 275.2 274.2 273.3 272.3 270.8 269.9 268.7 266.4 263 259.3 254.6 250.3 244.7 240.3 236 231.7 225.6 218.4 211.9 204.7 198.1 194.3 183.9 171.3 162.5 151.5 144.2 138.4 130.3 120.5 111.3 103.7 96.4 90.2 90.2 95 90.2 90.2 90.2 90.2 90.2 90.2 90.2 90.2 90.2 90.2 90.2 90.2 90.2 90.2 90.2 90.2 90.2 90.2 90.2 90.2 90.2 90.2 90.2 95.6 100.1 110.6 116.7 122.2 127.3 136.1 143.2 147.8 150.7 152.2 151.6 153.5 155 155 153 149.5
280.7 279.8 278.4 277 274.8 273.7 272.7 271 269.8 268.9 267.2 264.1 260.3 255.8 250.3 245.3 241 236.8 232.5 227.6 220.6 214.3 206.9 200.7 194.3 188.2 177.4 167.4 154.3 147.2 142.5 132.7 124.5 116.3 105.5 102.6 97.7 97.8 95.4 91.8 90.2 90.2 90.2 90.2 90.2 90.2 90.2 90.2 90.2 90.2 90.2 90.2 90.2 90.2 90.2 90.2 90.2 90.2 90.2 90.2 90.2 90.2 90.2 97.9 105.3 113.1 119.9 125.8 131.7 138.1 143.6 148.4 151.6 151.5 153.7 155.8 156.6 152.8 149.1
283.1 282.7 280.9 279 276.5 274.1 272.9 271.1 269.6 268.7 266.7 264.1 260.4 256.3 250.6 245.9 241.6 237.3 233 228.7 222.4 216.2 209.5 202.8 197.4 188.9 182.8 170.8 160.5 151.5 146.2 137.7 128 118.7 110.7 108 102.1 100.9 96.9 91.3 90.2 90.2 90.2 90.2 90.2 90.2 90.2 90.2 90.2 90.2 90.2 90.2 90.2 90.2 90.2 90.2 90.2 90.2 90.2 90.2 90.2 90.2 90.2 91.5 99.3 109.3 120.2 125.7 129.2 132.7 137.4 147.4 149.4 148.8 149.3 153.3 153 151.5 147.6
285.8 285.4 283.3 280.8 278.1 275.5 273 271.2 269.4 267.6 265.8 263.3 259.7 256 251.6 247 242.4 237.9 233.6 229.3 224.1 218.1 212.4 206.2 200 192.3 184.5 177.5 167.2 156.1 148.9 138.3 129.6 122.3 116.9 112.6 108.2 104.8 96.4 90.2 90.2 90.2 90.2 90.2 90.2 90.2 90.2 90.2 90.2 90.2 90.2 90.2 90.2 90.2 90.2 90.2 90.2 90.2 90.2 90.2 90.2 90.2 90.2 90.2 93.3 103.9 116.8 125.1 124.1 124.4 128.7 135.1 140 139.5 140.2 141.6 144.1 145.4 144.1
286.1 285.8 284.6 282.7 279.6 276.4 273.2 270.5 268.6 266.7 264.9 262.3 259.3 256.3 252.7 248 243.4 239.2 234.4 230.2 224.1 218 213.9 208.5 201.9 194.9 188.1 181.6 172.2 160.1 150 138.5 131.9 127.2 122.6 117.5 112 105.7 93.9 90.2 90.2 90.2 90.2 90.2 90.2 90.2 90.2 90.2 90.2 90.2 90.2 90.2 90.2 90.2 90.2 90.2 90.2 90.2 90.2 90.2 90.2 90.2 90.2 90.2 90.2 97 107.3 115.3 116.3 119.4 122.3 123.7 127.4 132.9 138.6 140.2 140.4 137.6 137.9
285.2 284.6 283.5 282.1 280.3 276.9 273 270.8 268.1 265.8 263.6 261.1 258.7 255.9 253.2 249 244.8 240.8 236 231 224.3 218.2 212.7 207.2 202.7 198.6 192.2 185.7 177 164.4 151.6 142.2 135.5 129.7 124.5 120.3 112.4 103.4 95.6 90.2 90.2 90.2 90.2 90.2 90.2 90.2 90.2 90.2 90.2 90.2 90.2 90.2 90.2 90.2 90.2 90.2 90.2 90.2 90.2 90.2 90.2 90.2 90.2 90.2 90.2 90.2 97.7 99.6 101.8 110 116.1 115.2 123.2 129.2 131.4 134.1 134.8 132.2 132.5
284.4 283.2 282.1 280.7 278.6 275.9 273.3 271.3 268.7 265.7 263.1 260.9 258.1 254.7 251.6 247.3 244.2 240.2 235.4 231.1 225.4 219.1 213.2 208.2 206.5 201.5 195.3 188.6 180.1 167.5 154.5 146.7 141.1 133.6 129.1 122.7 115.2 103.4 98.1 90.2 90.2 90.2 90.2 90.2 90.2 90.2 90.2 90.2 90.2 90.2 90.2 90.2 90.2 90.2 90.2 90.2 90.2 90.2 90.2 90.2 90.2 90.2 90.2 90.2 90.2 90.2 90.2 90.2 93.2 103.4 112.7 117.1 118.8 118.6 119.9 125.2 125.3 126.4 128.7
283.5 282.2 280.6 279 276.7 275.5 273.8 271.8 268.9 265.1 262.5 260.4 257.2 254.2 251.1 246.1 243.6 239.7 235.1 231.1 226.8 220.9 215.5 212 209.1 202.5 197.4 189.8 179.7 168.6 160.1 153 146 139.2 132.1 124.7 117.1 106.5 99.1 93.5 90.2 90.2 90.2 90.2 90.2 90.2 90.2 90.2 90.2 90.2 90.2 90.2 90.2 90.2 90.2 90.2 90.2 90.2 90.2 90.2 90.2 90.2 90.2 90.2 90.2 90.2 90.2 90.2 90.2 93.7 102.7 110.9 109.4 110.1 111 114.9 119.1 123.6 123.2
281.7 280.8 279.1 277.1 276 275 273.5 271.7 267 264.2 262.1 260.1 256.6 253.8 251.1 247.7 243.2 240.1 237 232.5 227.7 223.2 218.3 215.1 208.8 201.6 194.3 187.8 178.1 170.4 163.2 156.2 149.2 142.9 135.8 127.8 118.4 108.9 102.4 99.7 96.8 90.2 90.2 90.2 90.2 90.2 90.2 90.2 90.2 90.2 90.2 90.2 90.2 90.2 90.2 90.2 90.2 90.2 90.2 90.2 90.2 90.2 90.2 90.2 90.2 90.2 90.2 90.2 90.2 90.5 94.6 100 100.8 102.9 106.7 111.6 113.3 116.8 120.6
280.8 278.4 277.1 276 274.8 273.4 271.7 269.4 267.3 263.9 262 260 257 253.3 248.8 247 244.9 242.5 238.4 233.5 229.4 225.9 221.1 217.4 212 204.7 194.6 187 180.3 173.9 166.6 159.4 152.2 145.3 138.3 128.8 122.1 115.9 108 104.5 101.5 90.2 90.2 90.2 90.2 90.2 90.2 90.2 90.2 90.2 90.2 90.2 90.2 90.2 90.2 90.2 90.2 90.2 90.2 90.2 90.2 90.2 90.2 90.2 90.2 90.2 90.2 90.2 90.2 90.2 90.2 93.2 95.6 98.3 99.8 104.1 107.8 111.8 117.1
279.9 277.9 275.5 273.5 273.3 271.5 270.6 269.8 267.3 263.7 261.8 259.8 257.4 254.4 252.3 248.7 246.2 243.8 238.2 234.3 232.2 228.2 223.4 219.2 214.5 205 197.5 192.5 185 177.9 170.4 161.4 154.4 147.4 140.3 132.9 127.2 120.8 113.7 107.2 98.2 90.2 90.2 90.2 90.2 90.2 90.2 90.2 90.2 90.2 90.2 90.2 90.2 90.2 90.2 90.2 90.2 90.2 90.2 90.2 90.2 90.2 90.2 90.2 90.2 90.2 90.2 90.2 90.2 90.2 90.2 90.2 92.9 95.8 96.3 98.4 103.2 105.6 110
278.3 277.1 275.4 273 272.1 270.1 269.9 269.8 265.8 263.7 262.1 259.5 259 255.3 252.1 250.1 247.8 245 240.8 239.6 235.3 230.9 228 223.8 218.5 213.6 206.6 198.3 190 182.7 173.1 164.2 158 152.2 145.3 138.3 131.5 124.9 117.8 110.4 101.5 93.2 90.2 90.2 90.2 90.2 90.2 90.2 90.2 90.2 90.2 90.2 90.2 90.2 90.2 90.2 90.2 90.2 90.2 90.2 90.2 90.2 90.2 90.2 90.2 90.2 90.2 90.2 90.2 90.2 90.2 90.2 93.7 91.2 92.4 94.5 96.6 98.8 102.9
277.6 274.9 273.2 271.9 270.6 269 268.7 267.3 265.3 263.7 262.2 260.7 259.3 255.3 255.6 252.2 249.5 246.5 245.6 241.9 238.4 235 231.6 227 222.3 217.6 210.2 202.1 193.7 185.9 179.3 171.6 165 157.7 150.6 143.4 136 129.3 121.4 112.5 105.7 98.4 91.7 90.2 90.2 90.2 90.2 90.2 90.2 90.2 90.2 90.2 90.2 90.2 90.2 90.2 90.2 90.2 90.2 90.2 90.2 90.2 90.2 90.2 90.2 90.2 90.2 90.2 90.2 90.2 90.2 86.6 85.8 88.8 88.8 89.6 92.1 94.1 95.6
273.6 272.3 270.6 270.2 269.4 268.6 267.2 266.8 265.2 263.6 262 261.3 259.8 258.8 257.5 255.5 253.4 249.9 249.1 246.6 242.9 239.2 234.5 229.7 224.9 220.2 213.3 205.5 197.9 191.9 185.5 179.1 171.3 163.3 155.6 147.9 140.8 133.5 121.8 114.9 108.1 103.7 95.7 90.2 90.2 90.2 90.2 90.2 90.2 90.2 90.2 90.2 90.2 90.2 90.2 90.2 90.2 90.2 90.2 90.2 93.4 91.5 90.2 92.1 90.2 90.2 90.2 90.2 90.2 90.2 86.8 83.9 83.9 83.9 83.9 83.9 84.3 87.9 90.8
270.7 269.5 269 269 268.7 267.9 267 266.1 265 263.4 263.2 262.4 262.2 262.6 260.6 258.5 258.5 255.8 252.2 250.8 247.1 243.4 238.5 233.8 229 224.2 217.7 210.6 203.6 197.9 192 185 177 168.3 159.8 151.8 142.5 133.1 127.7 118.6 112.5 107.9 103.9 94.6 90.2 90.2 90.2 90.2 90.2 90.2 90.2 90.2 90.2 90.2 90.2 90.2 90.2 90.2 90.2 90.9 93 97.5 96.1 90.2 90.7 92.9 90.2 90.2 90.2 96.1 84.3 83.9 83.9 83.9 83.9 83.9 83.9 83.9 85.9
268.7 267.7 267.7 267.7 267.4 266.9 266 265.8 265.9 265.7 266.2 265.3 263.9 264 263.7 263.1 262.2 260.2 258.1 254.9 251.2 247.4 242.8 238 233.2 228.4 222.3 216 209.5 203.5 197.1 190.1 181.5 172.8 164.2 156 147.6 139.4 131.8 123.3 117.9 114.6 110.8 103.9 95 90.2 90.2 90.2 90.2 90.2 90.2 90.2 90.2 90.2 90.2 90.2 90.2 90.2 90.2 96 99 98.9 98.4 97.3 95.2 95.9 98.5 98 95.4 91.3 89.5 83.9 83.9 83.9 83.9 83.9 83.9 83.9 83.9
267 266.2 266.4 266.5 266.1 265.7 266.2 266.5 266.7 266.7 267 268.2 266.9 265.5 266.8 266.5 265 262.9 261 258.8 255.3 251.5 247.2 242.3 237.4 232.7 226.9 221 214.9 208.2 201.6 194.9 186.3 177.4 169.1 163 154.3 145.1 136 128.9 123.9 119.5 112.6 107.1 98.4 90.2 90.2 90.2 90.2 90.2 90.2 90.2 90.2 90.2 90.2 90.2 90.2 90.2 90.2 100.5 102.1 100.1 101 100.9 102.3 101.2 99.2 99.9 95.3 92.5 90.4 86.6 83.9 83.9 83.9 83.9 83.9 83.9 83.9
265.2 264.8 265.1 265.2 264.8 265.3 265.9 266.5 267 267.4 267.5 268.8 270.1 269.2 269.3 269 267.7 265.7 264.1 261.9 259.4 255.6 251.6 246.6 241.7 236.9 231.5 226 219.6 212.9 206.6 199.7 191.1 183.2 176.2 170 160.9 151.5 142.5 134.6 128.3 121.7 113.8 105.7 95.3 90.2 90.2 90.2 90.2 90.2 90.2 90.2 90.2 90.2 90.2 90.2 90.2 90.2 90.2 100.4 101.5 104.8 103.2 101.1 100.5 100.1 98.5 97.4 96.7 93.5 90.4 87.1 85.1 83.9 83.9 83.9 83.9 83.9 83.9
263.3 263.4 263.7 263.9 264.4 265 265.6 266.2 266.8 267.3 268.4 270.1 271.6 271.6 271.9 271.3 270.5 268.9 267.2 265 262.5 259.7 255.9 251 246.1 241.2 236.1 230 223.6 217.3 211.4 204.5 197.3 190.5 183.4 176.8 167.1 158 149.1 140.1 130.7 123.4 116.5 109.1 100.4 90.7 90.2 90.2 90.2 90.2 90.2 90.2 90.2 90.2 90.2 90.2 90.2 90.2 90.2 97.7 100.3 105.7 103.7 101 100 98.9 97.2 96.1 95.7 92.9 90 89.2 87.3 84.9 84.5 84.2 83.9 83.9 83.9
262.1 262.5 262.6 263.1 263.8 264.5 265.2 265.9 266.5 267.1 268.8 271.2 272.5 274.2 275.3 275 274.2 272.8 271 268.6 265.6 263.2 260.1 255.4 250.5 245.6 240.1 234.3 227.9 221.8 216 209.9 202.7 195.7 189.5 181.8 173 164.6 155.7 145.2 135.9 126.9 120.3 113.8 103.8 98.9 91.3 90.2 90.2 90.2 90.2 90.2 90.2 90.2 90.2 90.2 90.2 90.2 90.2 94.7 101 105.8 102.8 101.2 100.1 99 96.8 95.5 95.1 92.1 91 90.2 89.1 87.6 86.8 86 84.9 83.9 83.9
261.4 261.6 261.6 262.2 262.9 263.6 264.4 265.2 266.1 267 268.6 272.1 274.4 277.2 278.4 278.5 277.7 277 274.8 272.3 269.9 266.9 263.8 259.8 254.9 249.5 243.9 238.3 232.5 226.3 220.8 215.3 208.1 201 194.2 186.5 179.3 171.2 161.2 150.2 140.2 131.6 121.8 115.7 111.3 105.2 95.6 90.2 90.2 90.2 90.2 90.2 90.2 90.2 90.2 90.2 90.2 90.2 90.2 96.8 102.4 105.4 104.9 101.6 100.4 99.4 98.5 95.7 94.4 92.5 91.9 91.3 90.2 89.1 88.5 87.8 86.6 84.1 83.9
260.2 260.3 260.7 261.7 262.6 263.5 264.4 265.3 266.2 267.1 268.8 271.3 275.4 278.3 280.5 281.1 280.9 280 278.2 276 273.6 271.1 268.2 264 258.9 253.3 247.7 242.1 236.5 231 225.7 220.2 213.5 206.3 198.9 191.9 184.7 176.5 165.7 154.8 144 133.4 130.2 125.3 116.8 110.2 101.6 90.4 90.2 90.2 90.2 90.2 90.2 90.2 90.2 90.2 90.2 90.2 99.1 102.6 105.3 106.5 105.2 104.1 102.2 99.7 98.4 95.9 94.1 93.5 92.8 92.2 91.3 90.8 90.2 89.5 88.6 86.6 84.4
