Assets/StreamingAssets/GeoData/Data/nc/NC52.asc
ncols 200
nrows 200
xllcorner 250000
yllcorner 920000
cellsize 50
[rows 140 to 174 of 200, columns 78 to 155 of 200]
238 242.8 249.1 257.4 261.9 267.5 271.3 274.5 277.2 279.6 281.9 283.7 285.4 286.9 288.1 289.1 290.6 292.1 293 293.7 294.4 294.3 292.9 290.5 288.1 286 283.9 281.7 279.3 276.2 272.9 269.6 266.8 265.1 262.7 261.9 263.5 264.1 264.8 265.7 266.9 269.2 271.1 272.5 274.7 276.5 277.5 281.3 284.7 287.1 289.3 291.2 292.5 295 298.3 300.2 302.9 305.3 306.1 306.9 308.7 310.6 313.7 316.5 319.5 320.8 321.7 321.5 319.7 317.7 315.8 317.4 323 327.7 334.6 340.4 345.2 349.2
235 236.8 240.9 246.7 255.4 262.1 266 268.8 272.1 274.4 278 280.6 282.1 283.4 285 286.2 287.7 289.2 290.7 291.4 292.1 292 291.3 289 286.9 284.6 282.3 280 277.5 274.8 271.4 268.3 266 264.3 262.6 261.6 261.9 263.5 264.2 264.8 265.3 267.7 268.5 270.4 272.9 273.7 276.3 280.1 283.4 285.7 287.9 290.3 291.2 293.9 295.4 297.4 300.1 303 304.5 305.3 305.3 307.6 309.7 311.5 314.4 315.9 315.7 313.5 312.8 313.2 319.6 326 332.7 336.2 341.7 345.4 350.2 355.4
232.4 233.7 236.4 240.5 247.6 253.7 259.2 263.3 266.6 270.4 273.9 276.8 279.6 281.4 282.4 283.3 284.8 286.4 287.9 289 289.5 289.1 288.7 287.6 285.2 282.9 280.6 278.2 275.7 273.2 270 267.5 265.1 263.4 262.4 260.4 262 262.7 263.1 263.5 263.9 265.2 267.1 268.8 270.5 272.4 276.3 279 281.2 282.7 284.8 287.5 289.2 291.5 293.9 295.1 297.9 300.2 302.7 303.3 303.2 304.5 306.4 308 309.5 311.6 305.9 307.5 315.8 323.3 329.5 334.9 340.1 345.7 349.2 354.2 357.3 359.7
230.5 231 232.2 236.7 240.6 245.8 251 256.2 262.2 266 269.1 273.4 277.3 278.9 279.9 280.8 282 283.5 285 286.5 286.7 286.5 286 284.7 283.4 281.2 278.9 276.4 273.9 271.4 268.9 266.6 264.3 263 261.8 261.5 261.9 262.2 262.4 262.7 262.9 263.5 265.9 267.5 268.1 271.9 274.1 276 278.4 280.3 282.8 284.2 286.3 289.7 291.7 292.8 296.1 297.5 299.7 301.2 301.5 302.5 301.8 304.8 304.7 301.2 308.2 316.4 324.5 331.9 339.3 345.5 352.3 356.1 357.6 358.4 359.9 362.6
228.6 228.9 228.6 230.7 234.9 239.6 244.8 250.4 255.7 260.4 264 267.8 271.9 273.1 275.4 277.7 279.4 281.3 283 283.8 284.2 284 282.9 281.7 280.3 279 277 274.4 271.8 269.6 267.5 265.1 263.6 262.7 261.4 260.5 261.4 261.6 261.5 261.5 262.2 263 264.1 264 266.8 269.4 271.7 274.3 277.5 280.2 280.7 281.7 283.8 286.7 289.1 290.8 293 295.1 295.7 295.6 297.8 297.7 297.8 296.4 299.6 302.3 313.2 322.3 330.2 337.8 344.9 352.4 357.8 358.7 359.5 360.4 361.8 363.2
226.7 226.7 227.4 227.6 230.4 234.4 239.6 244.7 249.2 255.4 259.7 263.6 266.2 268.3 271.4 274.8 276.8 278.3 279.8 280.6 281.1 281.1 279.9 278.7 278.6 276.5 274.5 272.2 270 268.1 266 264.3 263 262.3 260.8 259.4 260.2 260.1 260.1 260.9 261.4 261.8 262.4 263.2 264.7 267.1 269.5 273.1 276.6 277.9 278.7 279.5 280.6 282.2 283 285.4 286.8 286 287.6 288.8 288.8 291.8 301.2 305 308.9 312.9 317.7 321.9 332.8 339.2 346.9 352.9 357.5 359.1 359.9 360.2 360 362.1
225.2 225.9 226.5 226.6 227.4 231.1 234.6 239.3 243.6 248.5 253.8 258 261.3 265 268.6 271.1 272.1 274.1 276 277.2 277.7 277.4 276.7 275.7 274.9 274.1 272.1 270.2 269 267.1 265.2 263.4 262.5 261.4 260.2 257.1 258.3 258.7 259 259.4 259.8 260.2 260.7 262.2 264.1 265.9 266.5 270.6 273.6 274.7 275.4 273.9 275.3 278.6 280.9 283.1 287.9 291.3 293.6 295.3 299.2 303.5 307.8 309.8 314 318.3 323.4 328.9 333 339.6 345.6 352.1 356.5 358.5 359.4 358.8 360 362.6
224.8 225.2 225.7 226 225.9 227.3 230.9 235 238.4 242.7 248 253.2 256.9 260.6 264.4 266.1 268.7 270.4 272.2 273.6 274.2 273.4 273.2 272.3 271.8 271.1 270.1 268.2 267 265.8 264.3 262.4 261.4 260.2 259.1 257.9 255.4 257.4 257.7 257.9 258.3 258.7 258.2 260.9 263.2 264.4 263.8 264.9 266.3 269.9 271.5 274.4 279.9 282.9 286.3 290 293.2 296.6 299.9 303.3 305 307.5 311.4 314.8 319.4 323.6 327.8 333.8 338.5 342.3 346.2 350 351.9 357.1 358.9 361.1 362.1 364.4
223.9 224 224.8 225.4 224.7 225.7 227 231.4 233.9 238.9 243.3 248 252.2 256.1 259.2 262.1 265 267.3 267.4 269.2 270 269.7 270.2 269.6 268.6 268 267.2 266.2 265.2 264.2 262.7 261.1 260.1 259.1 258.1 257 253.9 255.6 256.8 256.6 256.6 256.1 258.4 260.1 261.5 259.9 266 268.5 270.6 272 275.9 277.8 281.4 284.8 287.8 291.3 295 298.7 302 305.5 307.8 310.4 314.9 319.7 324.7 328.7 333.5 338.9 344.2 348.2 352.9 356.8 359.6 361.2 362.6 364.6 365.6 365.4
223.5 222.8 223.9 223.9 224.2 225.3 226.2 227 230.1 234.3 239.3 243.8 247.7 250.8 253.8 256.8 260.5 263.1 263.6 264.7 265.8 266.7 267.5 267.7 266.6 265.6 264.9 264.3 263.6 262.6 261.1 259.9 258.9 257.9 256.9 256 255 253 255.6 254.9 255.1 256.1 255.6 257.7 260.8 263.5 266.2 269.1 271.6 274.3 275.9 277.4 281 284.7 288.8 292.9 296.3 299.7 303.3 307.6 310.1 311.4 317.7 323.1 329.6 334.3 339.5 344.8 351.2 356.8 359.9 364.9 368.9 369.7 369 368.9 368.3 369.5
222.4 221.5 223.2 222.9 223.7 225 226 226.7 227.8 232.1 236 240.2 243.1 247.5 250.7 252.9 257.1 258.9 260.6 261.9 263.2 263.9 264.5 264.5 264.4 263.4 262.8 262.2 261.6 261 259.7 258.7 257.8 257 256.3 255.5 254.4 253 254.5 252.8 253.1 253.5 255.7 259 261 263.3 266 268.4 271.5 273.9 275.7 277.4 280.1 283 288.3 293.1 297.7 301.6 305.7 310.4 312 312.7 319.6 327.6 333.3 338.8 345.6 350.6 357 362.5 370 377.8 382.1 380.2 377.4 375.9 374.1 372.9
220 220.8 221.7 222.3 223.1 224.8 225.7 226.6 226.9 230.6 234.8 237.5 240.2 243 246.2 249.1 252.6 255.2 257.4 259.4 260.9 262.1 262.7 262.4 262.1 261.6 261 260.4 259.9 259.3 258.8 258 257.3 256.5 255.7 255 254.1 251.5 253.1 251.6 252.9 254.9 256.7 258 259.9 261.8 264 266.5 270.4 273.5 275.2 275.7 277.1 283.1 287.8 292.6 297.3 302 306.8 310.6 312.5 315.3 322.7 330.2 334.9 342.3 348.8 354.8 361.1 368.4 376.7 386.1 387.3 384.5 384.2 382.7 380.3 380.7
217.5 219.8 221.1 221.8 222.6 224.5 225.4 225.8 226.1 228.1 231.7 234.9 238.5 240.8 244.7 247.1 248.8 250.9 253.4 255.8 258.4 260.8 261 261.2 260.9 260.4 259.8 259.3 259 258.8 258.3 257.5 256.7 255.9 255.1 254.4 253.4 250.7 250.9 252.7 254.1 255.1 256 256.8 258 259.9 261.3 264.2 267.9 271.3 273.1 274.4 277.5 282.4 287.8 293.5 297.1 301.8 306.8 311.1 313.6 318.2 325.4 332.4 337.5 343.9 350.6 357.4 364.2 372.5 380.2 384.5 389.2 392.1 391.7 390.9 390.2 391.2
216.6 218.5 220.1 221.9 222.1 224.1 224.8 225.2 225.7 227.2 230 233.5 236.8 239.8 241.9 244.9 247 249.1 250.7 252.9 255.4 257.7 259.4 259.6 259.6 259.2 259 258.7 258.5 258.3 257.8 257 256.1 255.3 254.5 253.7 252.8 251 250.9 252.4 253.3 254.3 255.3 256.1 256.9 258 260.1 262.2 265.4 268.7 271.6 273.3 274.9 282 288 293.8 298.8 302.5 307.4 311 314.5 320.3 327 333.3 338.8 344.5 350.7 357.5 365.9 374.6 381.9 387.8 395.1 397.3 397.6 400.4 402.2 401.8
214.3 216 218.2 220 222.9 224.2 225.2 225.6 226.1 226.5 229 231.5 234.5 237.3 240.8 243 245.6 247.6 248.9 250.7 252.8 254.6 256.5 258 257.9 259.2 259.1 258.9 258.7 258.4 257.8 256.4 255 254 253.2 252.7 252.2 251.1 251.4 251.6 252.8 254 254.5 255.2 255.9 257.1 259.1 261.3 263.9 267.2 269.5 271.4 273 277.8 285.8 293.2 298.7 302.9 307 310.7 314.4 321.1 326.3 332.8 338.4 343.8 351 358.2 367.3 374.2 381.8 388.2 394.7 400.8 407.5 415.1 414.6 412.3
215.6 217.5 219.6 221.6 222.9 224.2 225.5 226.4 227 227.3 227.5 229.9 232.3 236.8 240.3 241.9 244.2 246.2 247.8 249.2 250.9 252.9 254.6 256.1 256.7 258.5 259.4 259.3 259 258.8 258.2 256.9 255.6 254.2 252.9 251.4 251.2 250.7 250.6 252.3 253.1 253.6 253.4 254.3 255.4 256.6 258.3 259.7 262.7 265.6 267 268.9 271 273.5 282 290.6 296.7 301.7 306.4 310.2 313.8 320.6 325.1 330.7 337.6 343.2 350.4 358.2 367.5 375.4 382.4 390.9 397.3 403.8 412.8 420.2 420.4 419.8
216 217.8 220 222 223.3 224.6 225.9 226.5 226.9 227.5 227.3 228.6 230.4 234.4 237.8 241.3 244.8 247.1 248.6 248.7 249 250.7 252.8 254.3 256 257.7 258.6 259.5 259.4 259.2 258.6 257.5 256.1 254.8 253.4 251.9 250.3 250.7 249.7 251.7 252.5 252.2 252.6 253.8 254.9 256 257.2 258.1 261.6 263.1 264.6 266.4 268.3 270.5 276.9 286 293.6 298.9 304 308.6 312.2 318.4 323.6 329.1 335.8 342.8 350.6 358.4 367.2 374.7 383.7 391.7 397.8 402.9 411.4 417.1 416.8 420.1
216.3 218.3 220.5 222.3 223.7 225 226.3 226.6 226.9 227.5 228.7 229.8 231.5 234.3 238.7 242.4 245 247.2 249.3 250 250.7 250.9 251.2 252.4 255.2 257 257.9 258.8 259.6 259.6 258.9 257.9 256.7 255.3 253.9 252.4 251 249.9 250.4 251.2 250.5 250.5 252 253.1 254.1 254.6 255.2 257 259.2 260.7 262.1 264 265.8 268 272 279.9 287.2 293.8 299.1 304.7 308.7 315.5 321.7 328.1 335.6 343.1 351.2 359.2 366.6 375.9 385.2 391.9 396 401.3 407.6 411.2 412.6 416.2
216.7 218.8 221 222.7 224.1 225.5 226.4 226.8 227.5 228.6 229.8 231 233.7 236.7 239.6 242.7 245.3 248 250.2 251.2 252 252.4 252.8 253.4 254.5 256.3 257.1 258 258.9 259.8 259.3 258.3 257.2 255.8 254.5 253.3 251.9 249 250.2 250.3 248.8 249.8 251 251.4 251.8 252.3 253.4 255.8 257.1 258.3 259.7 261.7 264.2 266.8 269.6 273.7 281.6 288.3 294.3 300.4 305.7 313.7 320.6 327 333.9 341.4 351.8 359.9 367.1 377.5 386.1 391.5 395.9 402.1 405.3 407.5 409.5 413.6
217.1 219.3 221.5 223 224.5 225.9 226.6 227.5 228.5 229.6 230.7 232.1 234.9 238 241.3 244.1 246.8 249.5 251.2 252.7 254.2 254.9 255.4 255.6 256 257.4 258.5 259.5 260.4 261.1 260.5 259.5 258.2 257.1 256 254.8 253.8 252.2 248.6 247.7 248.6 246.4 248.9 249.8 250.1 250.8 252.6 253.9 255.2 256.5 257.8 260.7 263.2 265.7 268.4 271.1 276.3 282.9 288.6 294.7 301.9 310.1 318.9 325.9 332.7 341.6 351.3 357.7 365 376.6 384.7 390.7 396.1 401.6 404.3 406 409.2 411.3
217.8 219.8 221.9 223.4 224.8 226.1 227.6 228.5 229.5 230.6 231.9 233.4 236.1 239.4 243 245.7 248.3 251 252.6 254.9 256.5 257.8 258.1 258.1 258.5 259.4 260.7 262.3 263.9 264.1 263.6 262.1 260.2 258.7 257.4 256.2 255.5 254.5 252.3 251.1 250.7 249 249 248.2 249.4 250.4 251.4 252.3 253.5 254.8 256.1 258.8 261.9 264.6 267.3 269.9 273.7 278.3 283.8 291 298.2 307.2 316.5 327.3 336.2 343.1 349.1 354.3 363.6 375 381.6 389.4 394.9 401.1 404.9 407.5 408.8 410.2
219.4 221.2 222.9 223.6 224.5 226.3 228.1 229.5 230.6 232.4 234 235.1 237.9 241 244.7 247.5 250.1 252.6 254.9 257.3 259.2 260.9 262.6 263.4 263.8 264.8 266.3 267.9 269.5 269.9 269.6 268.6 267.1 265.1 263 259.3 257.6 256.6 255.3 253.3 252 250.5 245.3 244.8 248.1 249.2 250.1 250.7 251.9 253.1 254.5 256.9 260 263.1 266 268.3 271.1 274.6 279.7 287 296.2 305.6 314.9 327 337.4 342 347 350.9 360.2 370.9 379.6 389.7 396.5 402.8 407.1 408.5 409.7 408.9
220.7 222.8 224.1 225.2 226.7 228.3 229.6 231 232.2 233.4 235 238.1 239.9 243.8 247.7 251.5 254.1 256.3 258.6 261 262.9 264.5 266.1 267.8 269.4 270.5 271.7 272.9 274.4 275.8 275.4 275 274 272 270.2 267.4 263.8 261.3 258.4 255.9 253.2 251.6 250.4 249.2 246.3 248.3 248.8 249.3 250.2 251.5 252.8 255 258.1 261 263.8 266.6 269.4 272.4 276.7 284.3 292.2 301 311.3 322.6 333.2 340.3 344.4 349.4 358.5 369.5 379.4 390.8 398.8 404.6 410.2 409.7 411.6 409.7
222 224 225.9 227.2 228.9 230.6 232 233.3 234.5 235.8 237.7 239.9 242.5 246.1 250.7 255 257.2 259.8 262.4 264.6 266.5 268.1 269.7 271.3 272.9 274.7 276.3 277.5 279.3 280.9 281.4 281.1 280.8 279.5 277.5 274.3 270.1 267.7 264.4 260.5 255.6 252.4 249.5 244.1 245.1 246.7 247.3 247.9 248.7 249.9 251.2 253.1 256.1 257.7 261.3 264.8 267.8 270.8 273.8 280.9 288.3 296.8 308.5 320.8 328.9 336.1 341.5 348.2 358.1 368.4 379.3 391.5 399.9 408.1 418.5 418.5 414.7 409.8
223.7 225.7 227.7 229.4 231.1 232.8 234.5 236 237.5 239.1 241.7 244.3 246.9 249.1 253.1 257.7 259.7 262.3 265 267.7 269.9 271.6 273.2 274.8 276.3 277.8 279.8 281.5 282.9 284.1 285 286.1 286.1 286.1 284.6 280.7 276.6 274.1 270.6 266.3 261.2 256.1 251.5 248.3 242.6 244.9 245.4 246.5 248.3 249.3 250 252.1 253.3 255.2 258.9 262.5 265.8 268.7 271.7 276.9 284.5 291.9 304.3 319.1 326.6 331.6 337.1 345.7 356.5 368.2 382.5 392.4 399.5 411.2 423.3 423.7 416.5 409.4
226.2 228.2 230.2 232.9 234.5 236.1 238 239.3 241.1 243.4 246.1 248.7 251.4 254.1 257.5 259.8 262.5 264.9 267.6 270.5 273.3 275.1 277 278.5 278 279.4 280.5 282.1 284.5 287.1 287 287.7 289.3 289.8 289.2 286.6 282.6 279.9 276.3 271.8 266.8 260.7 253.8 249.6 246.2 243.3 243.6 245.5 247.2 248.3 248.8 250.8 252.1 252.6 256.2 259.8 263.4 266.6 269.6 274.5 279.9 287.2 297.7 311.1 318.7 324.7 331.7 342.4 354 367.8 380.7 389.9 398.5 411.9 420.6 417.2 412.8 404.8
228.6 230.7 233.1 235.8 238.3 240.7 243 243.6 245 247.8 250.5 253.1 255.8 258.3 260.5 262.7 265 267.4 270.1 272.7 275.5 278.4 280.7 279.9 279.8 280.1 280.4 281.5 283.7 286.2 288 289.3 290.6 290.6 290.4 289.9 286.7 284.2 281.5 277.2 272.3 265.6 259 252.5 246.2 242 242.4 243.8 244.9 246.5 247.6 249.4 250.9 251.5 253.5 257.1 260.7 264.2 267.5 272 276.3 282.7 289.7 300.1 309.6 318.4 328.3 340.1 352.8 366.1 377.7 385.8 396.4 408.9 411.1 405.7 404.3 397.2
230.9 233.8 237.3 240.3 243 245.6 248.2 248.7 248.6 248.8 251.2 257.1 260.7 262 263.9 266.4 268.6 270.3 272.8 275.1 277.1 279.7 281.5 280.9 280.8 280.5 280.1 279.6 281.5 284.4 287.3 289.1 290.3 291.4 291.1 290.1 288.6 287.3 284.7 282.1 277.2 270.6 263.6 257.2 251.7 245.3 240.5 241.6 243.8 245.3 246.3 248.1 249.8 250.5 251.2 254.4 258.1 261.8 265.4 269.5 273.8 278.9 284.9 293.7 302.9 312.4 325 337.9 351.1 362.2 373 381.7 393.2 402.1 402.7 400.2 400.3 393.1
234 237.4 240.9 244.6 247.6 250.2 252.6 254.2 255.1 257.3 261.2 261.6 265.1 266.9 268.6 270.3 272 273.3 275.5 277.4 279.2 279.7 281 280.6 279.6 279.3 279 278.6 279.1 281.4 284.3 287.7 289.6 290.8 291.2 290.1 289.3 288.6 287.4 286.2 281.8 276.1 269.3 263.3 257.1 249 244 239.4 241.8 243.7 245.1 246.7 247.7 249.4 250.2 252.6 256.8 260.4 263.5 266.4 270.9 276 282.1 290.2 299.6 309.6 322.7 335.3 347.7 359.4 368.7 378.7 389.1 395.6 398 396.8 393.7 388.2
237 240.9 244.5 248.2 251.5 253.8 256.2 258.1 259 260.9 263.5 266.6 268.8 270.6 272.3 273.8 274.8 276.9 278.9 279.5 279.7 280.3 280.8 279.9 278.5 277.8 277.5 277.2 277.2 278.4 281.5 285.2 287.5 289.4 290.6 290.1 289.3 288.7 288.2 287.4 285.6 280.5 273.8 268.8 261.7 253.1 246.2 240.5 239.6 241.5 243.6 245.6 247.4 248.7 249.4 251.3 254.2 258.4 261.1 264.2 268.2 273.6 280.2 289.1 298 308.3 320 331.8 344.2 356.5 365.8 376.3 384.3 390.7 395.4 393.7 390.9 384.4
238.8 243.7 247.8 251.2 254.4 256.7 259.1 261.2 262.5 263.7 266.3 268.2 270 272.1 274.1 275.8 277.4 278.6 279.8 280.4 280.6 280.7 280.5 279.2 277.8 276.5 276.1 275.7 275.5 275.7 278.1 281.1 284.8 287.1 288.7 289.4 288.5 287 287.1 286.8 286.1 282.7 277 271.6 264.6 257.7 251.1 244.4 238.6 239.3 241.9 244.6 246.5 247.7 249.6 250.7 252.2 255.4 259 262.6 266.4 271.5 279.1 288 297 306.7 319.3 330.8 342.1 353.5 364.3 375.1 383.1 389.8 393.6 388.9 385.7 379.4
239.7 245 250 254.1 257.2 259.4 261.5 263.6 265.2 266.5 267.8 268.7 270.1 271.6 273.1 274.8 276.7 278.6 278.9 279.3 279.4 279.3 278.8 278.1 277.1 275.8 274.6 274.3 273.6 273.7 274.2 277 280.7 283.5 284.9 286.1 286.3 284.8 284.3 283.6 282.8 281.7 278.3 273.1 266.9 260.3 253.3 246.3 238.7 238.5 240 242.8 246.1 248.1 249.2 250.2 251.2 254 257.7 261.7 265.7 269.8 278 286.6 295.2 305.2 317.2 330.2 341.7 353.6 365.7 374.2 382.3 391.1 392.6 386.1 378.6 373.1
239.1 245 251.3 256.8 260.2 262.4 264.2 265.3 266.7 267.1 268 268.7 269.2 270.6 272.1 273.6 275.4 276.6 277.2 277.7 277.9 277.5 277 276.5 275.7 274.7 273.7 272.8 271.7 271.5 271.4 271.6 274.9 277 279 280.8 281.9 281.4 280.3 279.5 278.8 277.7 276.1 272.6 267.2 262 255.8 249.1 243.8 239.8 237.6 241 244.3 246.6 247.2 248.4 250.4 252.4 257.4 261.9 266.1 270.2 275.9 284.5 293.2 303.6 316 329.5 339.8 353.3 365 374 378.7 386.2 383.8 375.6 367.9 365.3
237.6 243.6 249.9 257.7 261.6 264.5 265.5 266.5 267 267.2 267.9 267.7 268.2 269.7 271.1 272.3 273.7 274.3 274.9 275.4 275.9 275.6 275.3 274.8 274.2 273.3 272.3 271.3 270.7 269.8 269.1 268.9 269.1 271.3 273.4 275.3 276.7 277.7 276.5 275.5 274.8 273.3 272.1 270.2 266.7 262 256.8 250.7 244.1 240.9 237.9 240.4 242.5 243 245.4 247.9 250.2 252.2 257 260.5 265.7 270.4 275.5 281.7 290.6 301.7 314.2 327.3 339.8 351.3 363.4 370.1 373.9 377.7 373.7 366.9 359.1 357.4
235.1 240.9 247 254.6 260.6 263.8 265.5 266.3 266.6 267 266.8 266.6 266.4 267.9 269.4 270.6 271.3 271.9 272.5 273 273.3 273.3 273 272.7 272.3 271.7 270.7 269.9 269.3 268.7 268.3 267.8 267.4 267 268 270.1 271.6 272.9 272.6 271.5 270.7 269.6 268.4 267.2 265.4 261.9 256.9 251.2 244.9 240.3 237.2 238.4 239.3 240.8 243.5 246.1 248.7 251.2 254.3 258.6 264.2 269.8 274.9 280.4 287.9 299.2 311.2 323.7 336.3 346.4 359.6 366.7 369.5 370.2 365 358.6 353.8 350.6
