Assets/StreamingAssets/GeoData/Data/nc/NC65.asc
ncols 200
nrows 200
xllcorner 260000
yllcorner 950000
cellsize 50
[rows 35 to 69 of 200, columns 79 to 157 of 200]
97.4 106.2 115.7 118.5 119.2 125.8 126.4 127.2 128.7 130.7 130.7 131.9 139.1 139.8 138.5 132.3 125 120.8 118.4 118 118.1 119 116.7 115.5 114.9 114.2 112.2 110.4 109.6 107.4 107.4 105.8 101.2 98 93.5 90.6 88.2 84.9 81.2 77.1 68.6 58.1 50.9 46.5 43.3 40.4 38.7 38.6 36.1 32.7 32.9 32.7 40.6 42.2 43.9 49.2 56.1 60.4 62.5 64.5 66.8 69.8 70 69.5 76.5 79.9 81.9 78.2 68.6 53 52.5 45.5 39.1 35.5 40.4 46 55.8 62 66.4
94.9 106.2 111.7 114 116.2 117.4 128.7 127.9 129.6 129.1 129.1 130.3 133.3 140.9 137.1 136 125.8 121.3 119.2 118.9 118.5 118.5 117.5 116.3 114.3 113.3 111.5 109.9 109 106.3 104.1 103.4 99.2 94.6 92.2 90.6 87.5 82.6 78.4 76.4 70 59.4 50.3 45 41 40.2 38.7 38.2 36.8 33.6 33.5 33.5 43 43.8 45.1 54 60.4 64.2 66.6 68.8 71.6 74.3 73.5 76.5 83.5 82.6 80.9 74.7 68.2 59.6 57 50.1 44.5 43.3 42.4 41.9 56.3 63.5 72.8
96.1 99.9 107.6 112.2 115.1 116.5 122.6 128.4 129.9 130.3 129.1 129.1 129.7 135.5 135.8 134 127.3 123.7 120.2 119.4 118.8 118.5 117.3 116.9 113.8 113.2 111.7 109.7 107.9 105.5 103 100 96 93.2 91.3 88.5 84.8 79.9 74.4 67.6 65.7 59.9 51.6 44.1 41.4 40 40 38.7 39.9 33.5 34.9 41.2 44.7 45 53.3 61.5 66.1 70.4 72.6 75.8 76.3 79.1 80.1 84.3 89.6 85.6 86.3 79.9 72.9 64.9 59.8 57.3 52.9 49.3 48.5 43.6 56.3 63.3 73
97 97.1 107.8 110.6 113.8 116.3 117.2 125.1 130.3 132.8 129.1 129.1 129.1 129.5 134.4 130.7 127.8 124.2 121.7 119.7 119 118.7 117.4 115.8 113.7 112.8 111.3 109.2 107.9 105.7 103.4 99.7 97 92.7 91.4 89.4 87.2 81.8 76.3 64.3 58.6 57.1 53.4 43.5 42 40.4 39.3 37.8 35.4 35.9 35 43.5 45.7 46.4 60.9 73.4 75.4 77 78.7 81.3 86.2 89.2 88.4 91.5 90.5 92 90 91 80.8 74 66 63.7 56.5 53 54.3 47 54.6 63.8 72.9
98.1 97.3 106.5 108.7 113.3 116.3 117.6 122.9 127.4 134.6 135.6 131.3 129.1 129.1 130.2 130.2 129.8 125.5 121.2 119.9 118.8 118.3 117.3 115.7 113.2 112 110.6 109.2 107.1 105.2 102.7 98.4 92.5 87.2 86.7 89.2 87.4 81.5 75.1 67 60.6 56.9 51.1 43.9 42.5 40.7 39 37.3 36.2 36.5 36 43.9 46.6 54 69.5 78.8 86.7 84.5 84.1 86.2 99.2 99 95.6 94.1 95.7 95.9 96.7 101.2 93.5 81.2 69 63.1 58.5 58.4 59.3 55.3 50.9 63.8 73.2
100.6 98.9 104 110.4 113.4 116.4 118.2 121.7 128.6 130.5 133.2 136.8 133.2 129.1 130.6 130.2 129.4 125 122.1 120.6 119.9 119.1 117.7 115.1 113.2 112.2 110.4 109 107.2 104.7 100.6 94.3 87.1 81.9 78.7 83.7 84.8 78.4 72.6 66.2 60.1 56.3 49.2 44.6 42.8 42.3 39.7 40.2 37 36.9 35.3 44.5 48 58.5 71.8 86.3 94.1 94.4 93.7 106.9 113.8 103.6 101.1 97.9 102.4 103.8 102.3 101.3 102.3 92.4 74.6 66.3 62.4 62.5 66 67.9 47.8 59.5 69.8
104 100.8 100.2 109.4 112.8 118.8 119.5 122.1 128.1 130.6 132.5 133.6 136.3 133.2 131.2 130.2 128.9 125.5 122.7 121.4 120.7 119.3 117.7 115.4 113.7 112 110.6 108.5 106.7 103.8 99.5 95.8 91.1 87.7 87.2 80.4 74 70 65.4 60.3 56.5 53.3 50 44.7 43.3 42.2 40.4 38.4 37.7 37.3 37.7 44.7 51.8 61.9 74.6 88.6 99.2 103.4 100 113.8 119.1 108.9 104 102.6 112 109.6 108.8 106.5 108.1 101.2 85.9 73.7 67.3 67.9 69 70 59.2 59.6 64.1
108.8 104.2 100.7 105.9 112.1 116.6 119.4 124.1 125.5 129.8 133.2 133.1 133.4 133.3 133.1 131.6 128.5 126 122.7 121.5 120.6 119.5 118.4 115.3 113.6 112 110.7 108.6 107.5 105.7 102.1 96.3 91.5 89.7 87.7 83.9 83.2 76.2 72.8 67.9 61.5 52.3 47.7 45.2 43.5 42.7 41.4 38.3 37.7 36.7 37.9 46 55.2 67 78 91.6 104.6 109 106.6 109.4 115.6 108.4 105.4 105.6 116.4 115.8 114.4 109.4 113.1 106.5 95.3 83.7 71.8 73.9 67.8 69 59.9 52.8 65
114.4 111.7 107.6 101.1 108.7 115.5 118.3 119.4 122.3 129.3 133.3 133.2 132.7 132.5 132.1 131.6 130.8 125.7 123.1 121.9 120.8 119.9 117.2 115.4 113.9 112.9 111.5 110.2 108.5 106.6 104.2 97.9 93.2 90.8 89.4 88.7 85.3 81.7 78 70.8 62.6 56.8 51.6 45 43.5 42.5 40.3 38.4 38.5 36.6 42.8 45.8 61.8 75.2 86.5 95.5 111.2 114.7 111.2 111.5 112.8 111 107.1 105.4 119.6 121 120.4 113.6 112.8 112.5 102.5 93.8 87.7 78.9 70.7 67.8 62.1 59 63.5
118 114.5 111.3 108.6 102.7 113.2 118 118.8 119.8 123.6 133 133.2 132.6 131.9 132 131.3 130.1 128 123.5 122 120.7 119.6 117.1 115.6 114.4 113.6 112.3 111 109.6 107.5 104.9 99.3 95.1 93.1 92.9 93.3 89.2 84.1 79.5 72.3 63.6 59.2 51.1 45.3 44.8 44.3 39.8 38.7 39 38.9 44.4 48 66.8 77.4 90.1 103.8 115.9 122.3 117.4 112.8 113.2 111.8 107.7 105.4 120.2 124 123.8 123.3 116.4 115.8 108.7 103.5 93.5 83.2 76.1 69.4 63.7 57.8 63.5
118.2 115.8 114.3 111.5 106.9 111.1 116.9 118.4 119.2 121 129.4 132.7 132.8 130.9 131.1 131.1 129.4 127.2 124.6 122.4 121.7 120.6 117.6 115.9 114.9 114.5 113.3 112.2 110.3 108.1 106.2 102.7 99.2 97.4 97.6 98 92.8 85.8 80.5 73.4 64 58.1 47.5 45.2 44.3 44.6 40.9 39.5 39.5 40.1 44.5 52.7 65.5 81.5 93.6 109.6 124.2 130.1 124.6 115 114.5 110.7 107.5 107.7 122.9 125.2 127.4 128 120.7 117.3 114.4 110 104.1 89.8 80.6 73.9 67.4 62.7 64.7
124.2 117.2 115.5 113.3 113.6 107 115.4 119 119.1 120.9 124.1 131.9 132 129.7 128.6 128.8 127.9 127.4 125.2 122 122.7 120.1 118.2 116.3 115.5 115 114.3 113.5 111.4 109.8 107.4 105.2 102.9 100.8 100.6 100.4 95.9 89.5 81.1 74 65.6 59.4 47.9 45.6 44.8 44.7 42.3 39.8 38.1 42 45.8 54.6 66.5 85.4 93.6 118.3 129.1 133.4 130.7 121.6 116.2 113.7 107.1 109.2 120 127.1 128.9 129.6 125.1 120.1 119.1 113.9 111.3 100.9 78.9 76.8 71.5 64.1 66.1
126.8 119.3 117.4 114.7 114.6 112.2 110.7 117.7 118.1 119.6 125.2 131.1 130.4 128.5 127.3 127.9 125.9 123.6 123.1 122.5 121.6 120.5 118.7 117.7 116.4 116.3 115.8 115.3 112.6 110.8 108.9 107.6 105.2 103.9 104.4 104.4 99.6 91.7 83.5 74.9 66.2 59.8 48.5 46.1 45.6 44.3 43.6 40.2 38.6 44.9 47.8 57.6 69 79.7 94.7 118 129.6 133.6 133 129.2 115.7 111.3 106.6 106 119.3 123.4 130.1 129.5 128 122.1 120.5 116 115.7 106.5 86.1 79 75.3 65.2 67
126.2 123.1 116.3 115.3 114.6 113.3 110.3 113.8 118.7 120 120.9 128.9 128.3 126.2 125.5 124.8 123.9 123.4 123 122.6 121.7 120.6 119.2 117.9 117.7 117 116.8 116.3 114.8 112.9 111.4 111.5 107.8 107.8 109.5 110.1 106.6 97.3 87.1 77.6 68.7 60 49.2 46.6 45.8 47 45.3 40.5 38.7 46 48.5 61.5 67.7 79.5 95.1 110 126 130.5 132.5 131.6 119.2 109.6 106.1 104.3 117.1 123.9 126.4 127.3 126.4 123.3 121.5 116.5 117.4 108.3 91.8 82.2 75.9 68 67.9
126.9 124.5 116.4 116 115.3 114.2 112.7 114.1 119.3 120.1 120.9 124.9 126.3 125.5 124.5 123.9 123.6 123.3 122.9 122.5 122 121 120 119 118.6 118.2 117.7 119.1 119.2 116 113.3 114.6 110.5 110.8 111.5 114 110.8 102.2 90.3 80.1 68.6 60.5 48.5 47 46.4 45.9 46 41.5 40.1 44.6 49.1 53.9 69.7 76.6 92.9 111.8 121.2 126.8 129.5 131.7 125.3 110.6 106.5 103.8 111.6 120.3 125.7 123.9 125.2 121 120.4 118.2 113.1 107.9 96.6 90.3 80.1 70.3 67.6
126 124.7 118.9 116.4 116 115.4 115.2 114.9 119 120.2 121 122 123.7 124.5 124 123.7 123.4 123.1 122.8 122.4 122 121.4 120.5 119.9 119.4 118.8 118.8 123.3 124.5 121.4 116.3 115.2 112.5 112 112.5 113.6 110.8 103.4 96.2 85.7 72.1 59.1 49 47.3 46 47.1 46 42.1 41.5 41.9 50.3 54.4 66.6 75.2 92.7 105.7 116.7 123.2 124.6 127.6 124.1 111.3 106.1 103.6 108.4 112.2 119.2 116.8 118 118.6 118.4 113.9 107 104.9 99.9 96.4 87.1 72.5 68.5
124.9 122.4 117.8 117.2 116.6 116.7 116.7 116.7 118.3 120.4 121.2 122.1 123.1 124 123.7 123.5 123.2 122.8 122.1 122.1 121.9 121.6 121 120.2 119.8 119.6 119.6 126.3 128 125.4 117.4 115.3 113.5 113.3 112.9 112 111 104.1 100.9 94.9 77.8 61.5 51 49 46.8 46.8 46.2 43.1 42.5 41.8 50 54.6 64.4 75 89.9 105.1 113.9 119.9 119.5 115.3 113.6 109.7 108.4 98.7 94.6 102.2 107 107 107.4 106.9 109.4 109 104.2 103.9 101.8 99 92.2 77 70.2
122 119.5 117.7 117.4 117.3 117.2 117.3 117.6 119.3 120.7 121.7 122.4 123 123.5 123.5 123.4 123 122.7 122.1 122.1 121.9 121.3 121.3 120.7 120.3 120.3 120.6 127.9 131 128.6 120.7 115.8 114.3 113.6 112.9 111.7 110.1 104.7 101.3 99.2 84.1 65.7 51.9 48.5 47.2 45.3 44.1 43.6 43 42.7 42.8 52.1 63.4 74.5 89.2 102.8 111.9 117.1 116.2 110.2 106.3 105.9 106.8 104.1 88.1 87 91.2 88.7 92.7 92.6 96.8 99.2 95.7 98.6 100.3 98.2 90.8 80.8 73.6
121.8 119.4 118.3 117.6 117.5 117.5 117.5 118.7 120.2 121.2 122.3 123.3 123.8 123.6 123.4 123.3 122.8 122.4 121.9 122.1 121.9 121.2 121.6 121.1 121.3 121 121.2 128.2 131.2 131 123.7 117.3 114.2 113.6 112.8 111.7 107.7 101.2 97.6 95.6 88.4 70.2 52.4 49.7 48.1 47.1 45.4 43.9 44.2 43.2 42.9 54.2 64.2 75.4 88.2 101.2 109.9 114.1 113.3 106.7 104.8 103.2 102.7 101 85.9 87.9 88 87.9 88 88 85.8 85.3 84.9 84.8 96.4 95.9 88.4 79.9 75.5
121.1 120 119.1 118.5 117.7 117.8 118.1 119.2 120.7 121.9 123.2 124.1 124.2 123.9 123.3 123.1 122.7 122.2 121.6 121.5 120.9 120.8 121 120.9 121.4 121.4 121.7 127.1 130.7 129.8 126.9 118.6 115 113.2 112.3 111.3 107.7 101.8 95.2 91.2 84.4 71.3 53.4 50.4 48.5 48.6 47.4 45.2 46.1 42.2 43 52.8 64.8 74 86.4 99 107.9 112.7 112.2 106.7 104.5 102.4 102.1 102.7 89.9 86.2 88 88 88 88 88 88 88 88 84.5 88.9 85.1 79.5 74.4
120.8 120.7 120.5 119.5 120 118.8 118.6 119.2 121.2 122.6 123.9 124.2 124.3 124.2 123.5 122.9 122.4 121 119.5 118.9 119.2 118.6 119.2 120.9 121.1 121.5 122 126.4 128.7 128.5 126.2 119 115.5 113.1 112.4 110.7 106.7 101.1 94 88.2 80.2 67.8 56 52.2 48.9 49.5 46.4 46 47.3 43.1 43.8 51.9 60.6 74.3 84.1 96.6 106.4 111.7 111.9 107.6 105 104.3 99.8 97.9 96.1 88.3 92.8 87.8 88 88 88 86.2 90.1 91.3 86.5 87.2 89.4 84.1 75.7
120.9 121.3 120.6 120.2 120 118.5 118.8 119.4 121.3 123 123.8 124.2 124.2 123.7 123.2 122.6 121.9 120.6 118 117.5 117.8 117.4 118.3 120.3 120.8 121.4 122.5 126.6 128.1 127.5 125.2 119.7 115.6 113.1 111.5 109.2 105.5 99.6 92.6 87.3 78.7 66.6 58.3 53.3 50.8 50.1 47.5 49.2 49.9 44.7 44.6 51.1 56.4 71 84.2 94.5 104.1 110.8 111.9 109.4 106.8 104.9 102.4 100.3 93.3 89.5 90.9 91.5 88 87.9 88 88 85.6 95 86.8 82 79.8 79.8 77.1
120.6 120 119.4 118.8 118.9 118.3 118.5 119.3 121 123.1 124 124.1 124 123.5 123 122.2 121.4 119.4 116.5 117.6 116.9 117.6 117.5 118.6 120.5 121.2 122.7 126.7 127.7 126.7 124.2 120.2 115.9 113 110.2 106.9 103 97.4 91.6 87.5 81.2 71.6 62.9 56 52.1 50.7 48.3 50.3 50.6 44.7 44.6 52.4 56.6 65.3 81.2 92.9 101.9 109.9 112.4 111.8 108.4 107.4 106.4 106.1 98.2 93.3 92.6 93.2 87.2 87.9 88 88 88 85.8 87.2 89.6 92.5 87.6 79.7
120.2 119.3 118.5 117.5 117.9 118.2 118.4 119.3 121.2 122.8 123.6 124 123.7 123.3 122.8 122 121.3 119.6 117.6 117.6 117.6 117.6 117.6 117.1 119.2 120.6 122.3 126.4 126.4 125.3 123 119.7 115.2 111.6 108.8 105.4 101.4 96.3 92.1 90.3 84.6 75.2 66.8 58.4 54.5 50.5 49.6 50.1 49.2 44.4 51.6 53.5 54.5 65.6 80.3 92.6 100.8 108.2 112.4 111.8 109.9 109.2 108.1 110.1 108.5 104.1 107.3 107.6 104.1 93.9 96.1 100.1 101.6 96.8 97.1 96 95.9 91.4 85.1
119.6 118.3 116.7 116.2 117.3 117.8 118.8 119.7 121.5 122.5 123.2 123.8 123.5 123.2 122.6 121.9 120.9 118.8 117.6 117.6 117.6 117.6 117.6 117.6 118.1 119.8 121.8 125.6 125 123.4 121.7 117.4 113.3 110.4 108.3 105.5 100.8 94.8 92.1 90 84.7 79.2 69.5 61.6 55.5 51.8 50.1 50.3 46.3 45.5 52.5 53.6 56.4 67 81.8 92.5 101.5 108.3 112.8 112.4 112.1 110.5 109.3 109.5 107.5 104.8 111.3 107.1 105.4 100.6 99.3 97.9 103.9 98.1 98.6 97.4 95.4 92.1 87.8
117.7 115.3 117.1 113.7 114.9 117.7 119.5 120.3 121.4 122.6 123.2 123.4 123.1 122.8 122.4 121.6 120.8 119.1 117.7 117.6 117.6 117.6 117.6 117.6 117.2 118.7 121.4 125.1 123.9 122.2 120.2 116 112 109.5 107.9 104.6 99.5 95.1 91.8 88.1 84.9 82.3 76.1 68.7 58.6 55.4 50.8 51.1 48.2 46.5 52.9 54.6 56.2 67.3 80.5 92.8 101.5 108.6 113.6 118 116 113 111.4 110.4 113.5 113.2 110.3 110.6 106.3 103.1 101 102.1 101.8 99.9 99.2 98.3 96.4 93.3 87.6
117 119.2 119.2 119.2 113.4 117.7 120.6 121.2 122.2 122.5 122.9 123 122.7 122.4 122.1 121.5 120.8 120.2 117.4 117.6 117.6 117.6 117.6 117.6 117.6 118.1 121.3 124.3 123.1 121.3 118.8 113.8 110.8 108.7 107.2 104.4 99.7 95.4 90.7 86 84.4 85.4 78.9 76.1 65.5 56.8 55.8 51.6 48.9 46.8 50.4 55.4 57.6 68.9 81 93.9 100.3 108 112.8 118.7 117.4 115.4 113.4 113.6 114.9 114 111.9 109.4 108 105.9 103.9 103.3 103 102.2 101.2 100.2 97.9 94 85.8
116.4 114.4 119.2 119.2 118.6 116.6 117.1 120.9 121.8 122.2 122.6 122.6 122.3 122.1 121.9 121.3 120.8 119.7 117.6 117.6 117.6 117.6 117.6 117.6 117.6 118 120.3 123.5 121.9 120.5 117.5 112.5 109.1 107.9 106.7 104.1 99.2 93.3 87.8 84.7 82.6 80.7 78.9 75.4 66.6 57.5 57.3 51.8 50.7 46.1 49.5 55.5 56.5 71.5 80.6 92.9 99.9 107.2 113.3 116.5 118 116.4 115.5 114.8 115.1 114.5 113.7 111.2 108.1 107.4 106.1 106.7 104.2 102.9 101.6 100.9 100.3 97.7 90.5
117.5 115.9 119.2 119.2 119.2 119.2 119.2 116.4 120.9 122.2 122.4 122 121.6 121.9 121.6 120.9 120.2 118.3 117.6 117.6 117.6 117.6 117.6 117.6 117.6 117.6 120 120.8 120.2 119.1 115.9 111.7 109.2 106.6 105.1 104.2 98.4 92.5 86.5 83.1 81.2 79.4 78.7 73.6 67.1 60.7 57.5 53.4 52.3 47.5 46.7 55.6 57.3 67 78.8 91.7 99.6 107.1 112.5 114.8 116.5 116.9 116.2 115.6 115.6 115 113.7 111.9 109.5 108.1 108.1 107.4 106 103.5 101.4 99.8 99.5 99.2 95.4
118.5 116.3 119.2 119.2 119.2 119.2 119.2 115.2 119.6 121.9 121.7 121.2 121 121.6 121.4 120.5 119.7 116.4 117.6 117.6 117.6 117.6 117.6 117.6 117.6 117.6 118.9 119.2 117.8 115.3 112.6 110.2 108 105.4 102.8 101.5 99.4 93.1 86.1 81.2 78.8 78.1 78.4 74.8 68.3 67.9 58.8 55.8 51.9 48.9 46.9 55.1 58 67.8 77.5 91.9 100.2 107.4 112 113.3 115.6 117.2 117.1 116.8 115.3 114.3 113.3 112 110.3 108.6 108.6 108.3 106.9 104.2 102.2 98.9 97.3 96.3 95.1
121.4 118.5 115.6 119.2 119.2 119.2 119.2 115.9 118.3 120.4 121 120.5 120.4 121 120.6 119.8 117.6 117.6 117.6 117.6 117.6 117.6 117.6 117.6 117.6 117.6 117.4 118.7 117.8 116.9 116.4 113.2 110.3 106.2 102.5 100.6 92.8 89.6 85.9 80.2 78.9 77 75.4 71 70 69.3 58.8 56.3 52.1 49 47.2 55.7 60.4 69.2 74.1 91.7 101.2 109.1 111.6 111.6 113.1 117.4 117.6 117.3 116.2 114 113 112.2 109.9 109.3 108.5 109.5 108.1 104.9 102.4 99.8 97.3 95 93.8
124.2 117.9 115.7 114.7 113.5 119.2 119.2 119.2 116.6 119.2 120.1 119.9 119.8 119.9 119.7 119.2 117.6 117.6 117.6 117.6 117.6 116.7 117.1 116.8 117.5 117.6 120.3 120.5 118.8 117.4 115.8 113.9 111.5 108.7 106.2 103.9 99.4 91.7 83.4 80 78.2 77.5 79 71.7 69.5 65.5 58.4 57.1 53.3 49.8 48.8 56.4 61 67.5 74.1 89.3 102.1 109.3 110.7 110.9 112.2 118.1 119.4 118.3 117.3 115 112.3 111.5 110.2 109.4 108.1 108 109.1 108.5 103.3 101.4 98.2 95.6 94
123.6 117.8 114.7 113 115.8 115.8 119.2 114.7 116.5 118.8 119.6 119.5 119.3 119.3 119.1 118.8 117.6 117.6 117.6 117.6 117.6 117.6 117.6 116.4 117.7 117.4 121.8 119.9 118.1 116.4 115.1 113.8 112.7 111.5 107.6 107.2 104.8 94.5 87.3 80.8 78.1 77.1 76.1 71.4 67.9 63.3 58.1 57.4 53.1 49.4 49.3 58.7 61.2 66.5 73.7 88 101 108.2 109.6 110.4 109.7 116 119.5 118.4 117.6 116.6 111.9 111 110 108.9 107.7 107.6 107.7 107.4 105.1 101.7 100 97.5 96.6
122.5 118.2 112.6 111.2 113 110.5 112.5 114.5 116.3 118.5 119.1 119.3 118.8 118.5 118.4 118.3 118.4 117.4 117.1 117.7 117.6 117.6 116.5 117.6 118 118.4 120.4 119.7 118.4 117.1 115.8 114.4 113.6 112.5 109.8 108.9 108.7 97.8 87.9 85.9 82.1 76.7 74.8 73.2 70.3 63.9 59.3 58.3 52.7 50 49.1 59.3 63 67.6 72.3 81.2 96 106.8 108.8 108.6 108.3 115 119.8 118.9 117.9 116.8 114.2 110.6 109.6 109.6 107.8 106.9 106.9 107.7 106.8 101.2 100.9 101.9 100.1
123.3 119.6 113.4 111.2 110.5 110.2 115.3 115.5 115.9 118 119 118.8 118.4 118.1 117.9 117.8 119.1 119.2 119.2 118.9 118 118.3 117.6 118.5 119.2 119.1 119.9 120.3 119.9 118.8 116.5 116.4 114.6 117.9 114.1 109.8 109 99.3 91.8 88.7 88.1 76.1 74.8 73.8 70.7 64.6 59.4 57.5 52.7 50.8 49.5 59.6 63.9 67.2 74.6 83.7 100.7 101.4 106 105.8 106.6 117.8 119.7 118.7 118.1 117 114.6 110.4 108.4 108.3 107.9 105.1 105.2 107.3 107.6 103.7 100.6 101.1 103.6
