Assets/StreamingAssets/GeoData/Data/nc/NC76.asc
ncols 200
nrows 200
xllcorner 270000
yllcorner 960000
cellsize 50
[rows 148 to 184 of 200, columns 83 to 165 of 200]
57.5 68.4 70.8 77.7 84.4 89.5 95.3 102.6 108.4 104.4 99.1 93.8 85.9 90.2 105.2 111.3 107.5 119.9 117.1 115 110.3 109.8 109.7 108.9 111 112.5 116 119.2 123.2 125.6 132 143.7 146.7 147.1 141.6 142 134.4 136.5 141.1 144.8 145.1 148 148.9 149.5 149.4 149.3 149.1 148.6 148 147.5 146.7 143.1 139.8 134.1 129.1 126.7 125.5 125.1 123.6 121.8 116.2 111.7 108 104.1 104 114.7 107.4 99.9 96.8 97.9 92.6 101.5 101.7 102.2 94.5 84 78.7 70.7 63.6 63 61.5 61.3 59.5
65.5 74.5 69.7 75.7 85.8 86.6 88.6 93.8 99.6 106.9 104.9 101.3 92.5 96.5 92.9 109.7 114 114.1 112.9 107.3 108.8 108.5 108 107.7 109.2 111.1 114.9 118 121.9 123.3 129.6 137.4 139.4 138 136.3 132.6 129.8 129.6 133.6 138.4 141.8 145.9 147.8 148.9 149.1 149.1 149 148.8 148.6 148.8 148.7 146.1 140.4 136.6 130.6 127.4 126.9 126.5 123 119.4 115.5 110.5 107 102.4 100.9 105.6 104.3 106.1 103.9 100.9 99.6 99.9 99.7 96.5 91.7 81.2 77.6 70.9 68 62.8 60.5 59.4 61.1
72.2 78 80 75.6 83.3 86.5 87.7 91.2 95.6 100.6 106.7 101.4 94.7 95.9 96.1 108.2 113.2 114.6 110.1 105.4 111.4 106.5 107.6 106.4 108.2 110.8 116 119.3 123.4 122.1 125.2 132.4 133.9 131.8 131.1 126.7 126.3 127.7 128.1 132.8 137.7 142.7 146.7 147.9 148.6 148.9 148.8 148.9 148.8 148.9 150.9 149.8 142.5 139 133.1 129.1 128.1 127.9 128.2 118.4 115 111.4 106.5 104.3 108.7 109.2 110.2 109.3 106.6 104 103 101.5 99.1 96 86.8 80 76.5 74.1 72.8 63.8 61.7 60.9 62.8
79.9 82.3 84.1 80.8 80.3 86.9 87.5 92.8 95.1 99.5 103 103.7 97.9 96.6 100 96.6 111.9 114.7 106.4 103.3 102 103.6 105.9 109.4 109.3 108.3 117.2 120 125.3 120.6 121.5 123.6 127.1 128.3 124.4 129.2 129.7 130.2 128.7 130.4 134.1 141.1 145.6 146.9 147.7 148 148.5 149 149 149.8 153.8 155.4 146.7 142.5 138.4 132.7 130 129.5 133.2 124.5 116.5 113.2 108.4 107.2 110.9 111 111.8 113.2 111.4 109.2 109 109 110.7 109.1 95.9 82.3 80 80.4 79.2 67.5 63.5 62 66
88.4 88.6 83.9 82.8 83.7 92.6 100.5 103.6 104.3 122.2 131.4 126 109.2 100 101.3 96 98.2 98.5 103 104.6 110 106.5 108.5 110.6 110.9 110.8 110.6 112.9 116.1 115.6 115.2 117.4 122.1 122.6 126.9 129.8 131.6 132.3 130.6 128.3 131.5 137.9 144.7 146.1 146.5 147.2 148 148.8 149 149.9 155.1 159 150.4 145.1 143.5 136.8 134.1 131.7 137.6 130.6 119.2 110.4 106.3 107.3 109.1 111.5 114.1 116.7 117.9 116.6 115 114.4 117.3 115.3 108.8 92.1 84.6 84.2 80.3 71.1 66.9 64 74.2
98.2 98.3 88.9 87.2 91.4 106.2 131.4 128.5 134 139.7 149.7 148.3 131.5 123.4 114.8 104.6 106.7 111.8 109.2 115.4 118.3 110.5 108.9 110.8 112.5 116.1 112.9 110.8 111.9 114 119.4 121.6 124.1 128.5 128.8 130.9 133.1 136.1 132.7 129.1 129.3 135.4 146.7 144.8 145.2 146.6 147.8 148.6 149 149.4 155.8 159.5 149 145.5 143.5 140.5 137.3 134.9 140.1 138.4 122.2 107.1 105.4 106 109.3 113.8 117.6 123.8 125.9 123.8 122.8 120.6 117.4 120.7 108 101.5 92.7 94.3 86.7 76.8 70.3 76.1 81.8
109.5 108.1 107.4 98.9 120 136.5 143.3 139.3 140.5 142.3 154.9 157.9 150.5 138 122.8 113.2 116 125.3 128.6 116.3 118.9 114.1 112.5 113.5 118 125.6 120.8 122.5 117 122 126 125.1 127 129.5 130.7 132.3 133.7 134.7 131.4 129.7 129.2 134.4 141.2 142.9 143.7 145.5 147.2 148.5 149 149.4 153.4 157 149.2 145.4 143 139.5 137.9 136 127.8 127.8 117.3 107.4 105.6 106.1 113.1 118.9 123.4 127.3 128.8 128 127.3 126.2 123.2 116.4 117.2 112 101.1 102.5 94.1 82.4 70 78.2 83.7
133.9 128.6 124.1 117.4 128.2 137.7 142.3 139.5 138.9 146 156.8 159.7 154 137.6 124.5 121.8 123.1 133 138 130.1 131.5 125.9 128.6 123.3 131.5 136.4 133.6 125 124.8 132.1 136.2 134.2 131 131.4 133.2 133.5 134 134.1 136 131.2 129.6 132.3 135.9 139.2 142 144.2 146.8 148.3 148.9 149.7 150.3 151.4 151.4 145.9 141.4 137.5 130.6 128.1 122.8 118.3 113.9 113.6 111.4 115.1 123.8 125.3 128 129.9 130.9 131.5 132.5 131.1 134.6 120.9 114.5 111.1 106.3 104.7 102.1 92.1 77.4 68.8 77.2
136.4 137.4 130.1 125 125.6 132.3 139.3 138.7 137.1 142.5 153.2 156.3 150.2 133.3 124.5 122.1 127.7 137.5 144.4 139.6 133.8 134.7 134.5 136.2 144.7 151.5 152 138.9 137.2 147 150.1 149.7 142.8 138.3 143.5 142.6 138.7 136.2 136.6 137.1 130.4 131.5 135.2 138.5 141.1 143 145.7 148.5 149.2 150.1 150.3 150.7 152.9 147.8 143.1 135.8 129.5 124.2 114.5 111.3 111.8 111.5 116 118.5 124.4 129.6 131.4 132.1 132.8 133.5 136.2 133.6 138.8 128.7 112.8 111.5 111 108.1 107.1 103.2 81.4 75.7 71.6
133.5 136.6 129 123 120.7 127.9 133.3 135.2 131 136.5 141 144 145.4 135.2 125 125.5 128.8 139.3 150.5 147.7 136.7 138.1 141.3 142.8 155 158 166.9 147.1 145.5 152.6 157.1 164.4 156.9 150 151.8 152 148.8 142.7 142.1 142.5 137.8 131.4 137.2 139 140.6 142.1 145 149.1 149.9 150.4 150.5 150.3 149.3 146.7 142.7 137.3 134 128.2 119.8 119.4 114.6 112.7 114.5 122.6 126.6 133.2 135.3 134.3 134.6 135.6 135.5 135 135.8 135.4 121.2 111 109.9 107.5 107 108.8 88.4 81.2 73.9
128.4 135 134.5 117.1 114.2 119.1 118 125.6 120 122.2 127.9 136.3 138.9 135.2 125.5 125.5 128.9 140.2 152.1 153.7 141.6 141.8 144.8 142.1 146.4 157.4 169.7 162 153 158.9 164.2 170.1 161.7 155.2 153.1 152.6 150.9 149.3 147.4 146.9 142.4 138.1 133.4 137.4 140.5 142 144.3 149.3 150.8 151.2 151.1 150.7 149.5 148.1 144.3 139.1 136.2 130.3 128.7 122.3 116 115.3 113.5 124.1 129.5 134.1 136.5 136.3 137.2 137.7 137.7 136 137.8 132.8 123.7 113.7 109.1 105.6 105 108.3 92.2 86.1 79.7
122.6 131 129.8 110.4 103.7 109.1 106.1 110.7 115.8 114.5 120.4 125.5 133.5 131.5 126.5 127.1 128 139.2 154.4 156.9 148.1 143.8 145.7 144.6 144.1 154.2 170.6 169 158.8 167.1 171.2 173.1 167.4 154.6 153.2 153.3 156.2 155.4 152.9 152.9 149.5 145.6 141.2 134.5 140.5 142.3 143.4 149.6 151.8 152.1 152.1 152.1 150.4 149 145.3 141.1 137.2 132.1 132 124.5 118.8 118.9 116.4 125.6 128 135.4 136 137.7 138.8 138.8 137.8 136.8 138.7 127.5 119.2 113.9 111.8 107.7 101.7 101.6 91 91.4 84.1
112.4 114.9 113.7 107.2 97 99.1 99.7 102.3 107.4 113 115.7 121 126.9 128.8 128.2 128.1 128.7 135.9 153 157.3 151.7 145.4 146.3 152.4 148.5 149.5 162.5 168.2 164.2 167.9 172.3 175.8 171.8 161.2 152.7 156.8 158.6 158.5 154.6 153.9 150.5 152 147.7 139.3 145.4 142.5 144 149.8 153.4 153.1 154.3 155.1 152.7 149.5 146.2 142.4 138.3 136.1 135.5 128.1 122.7 121.8 122.7 121.9 124.4 133 136.3 138.3 139.6 139.2 138.3 135.5 137.2 128.8 122.6 115.8 113.7 111.2 103.7 98.6 96 96 91.2
84.3 101.7 100.8 102.2 92.3 93.1 96.2 98.7 102.8 108.7 109.9 118.1 122.8 127.2 128.5 128.3 128.6 135.3 149.6 156.4 151.5 145.9 146.3 148.6 154.5 154.3 152.8 164.2 164.3 169 171.6 171.2 163.1 158.6 151.4 156.3 159.8 159.1 151.9 153.8 145.7 148.5 145.2 143.7 140.3 142.3 144.8 151.8 154.8 154.6 156.6 158.1 156.7 151.6 147 142.9 139.1 140 136.7 127.6 126.8 123.4 125.5 126.4 123 131.1 135.8 138.9 140.1 140.3 140.2 134.3 130.1 126.3 127.2 121.5 115 111.4 110.3 96.4 100.4 99 94.9
93.8 89.1 84.1 85.8 87.9 86 96.5 91 98.9 102.3 104.8 116.9 121.4 124.5 126.6 127.9 128.4 133.4 143 153.8 148.3 146.3 146.5 147.3 153.5 153.8 161.1 167.2 164.9 164.7 164 162.9 158.6 151.1 149.7 149.7 150.1 148.7 148.2 151.3 143.6 141.8 140 139.5 140.3 144 146.4 154 156.8 156.6 158.9 162.6 161.3 155.7 149.1 143.8 139.9 141.8 137 129.9 128.3 125.4 127 128.2 126.3 134.1 136 139.8 140 141.3 141.3 140.1 133.9 127.6 127 124.7 122.9 112.4 110.4 100.2 98.9 98.6 94.8
108.7 112.9 95.5 102.3 100.5 90.3 86.2 87.5 88.7 90.8 95.5 108.1 117.2 120.1 123.9 126.2 127.8 131.9 135.1 146.7 145.3 145.8 146.5 147.8 155.2 158.1 158.9 168.6 162.2 158.6 156.6 156.5 155.8 155.7 151 148.2 147.9 147.4 146 151.6 145.9 142.6 140.8 139.4 143.1 145.8 148.8 159.6 162.3 159.9 162.4 166.9 166.7 159.6 152.8 144.6 140.3 144.9 141.4 130.8 129.5 129.4 128.4 129.5 127.9 136.2 138.9 140.1 142.3 143.6 143.8 143.3 141.7 137.6 129 126.5 122.8 114.9 108.5 110.7 99.2 105.4 96.6
114.1 129.3 114.9 109.8 114.9 114 102.9 101.6 88.7 88.1 90.1 99.2 110 116.1 121.6 125 126.8 130.3 134.8 138.8 141.2 144.4 146.4 147.6 156.7 160.3 162.1 161.3 165.6 162 155.5 154.9 155.1 157.8 155.7 149.7 149 149.6 147.9 143.9 145.3 145.7 145.4 140.4 147.8 149 150.3 163.8 166.7 162.9 164.8 168.9 173.1 162.7 159.6 148.4 143.1 144.5 142.1 134.1 133.8 135.8 135.2 136.3 131.8 135.1 139.4 142.1 144.7 145.7 146.4 145.7 145.9 141.2 134.4 127.8 126.6 122.4 112.1 112.2 100.2 103.2 99.9
116.7 128.5 119.8 109 113.8 118.4 111.8 114.6 109.2 105 94.6 91.3 108.1 113.9 117.3 120 124.3 131.1 134.8 138.1 140.4 142.8 146.2 147.1 156.3 161.8 160.5 163.2 171.8 167.5 155.2 155.3 153.2 161.8 159.4 153 153.7 150.7 155.7 143.4 142.7 150.6 146.5 139.5 151.8 151.2 152.9 163.1 163.5 163.9 167 173.7 176.1 165.9 161 151.1 144.2 144.7 143.4 138.2 141.1 144.3 143.3 142.5 136.6 136.3 139 143.3 147.1 148.9 148.1 147.7 146.9 144.4 137 130.8 128.8 122.6 116.4 107.3 103.8 112.9 105.9
117.3 126.8 121.8 109.6 118.2 123.8 119.9 122.6 123.2 119.2 115.7 108.7 107.7 111.5 99.9 116.9 119.1 129.9 133.7 137 140.3 142.3 145.3 146.8 153.9 162.8 160.7 165.7 181.3 173.4 155.8 152.3 151.4 161.6 157.5 154 153 149.8 149.3 148.3 145.7 141.3 139.7 144.4 147.5 151.8 151.8 153.5 159.4 164.6 169.4 177.1 177.6 169.2 165.1 150.5 145.3 147.5 148.5 144.1 149.5 153.6 152.5 150.7 143.9 141.5 140.6 144.1 148.9 151.7 149.8 149.3 148.9 147.6 144.6 135.3 129.3 127.6 118.4 108.3 111.2 119.5 112.7
112 121.9 119.7 116.3 124.1 129 128.5 130.5 129.9 126.2 123.2 114.3 112.3 114.3 96.8 117.7 116.4 129.3 132.3 136.2 139 142.2 144.6 146.7 154.2 164.2 162.7 167 179.3 177.1 157.6 151 151 159.4 157.2 150.3 146 146 149.5 155 154.5 149.8 140.5 149.2 147.4 150.5 150.4 150.7 153.8 166.1 173 175.6 177.5 169.7 164.4 148.1 148 153.1 154.8 152.5 158.1 161.5 163.1 161.5 155.1 147.3 144 144.8 149.2 153 152.8 150.9 150.6 149.6 145.9 141.7 131.9 128.8 125 112.7 110.7 115.9 113.7
106.5 112.7 117.8 114.3 126.2 132.9 132.3 128.5 136.8 132.9 129.8 126 121.2 120.1 103.3 119.9 124.9 122.7 126.6 132.9 137.8 141.8 143.6 146.4 154.5 163.4 166.9 164.3 176.8 178.1 164.3 150.5 151.1 157.5 157.6 146.1 146 146 158.7 159.5 157.6 152.1 144.5 149 148.5 149.1 149.5 150 150.4 165.4 173.4 172.4 174.4 168.4 160.4 152.7 153.9 159.7 161.9 160.2 164.7 168.5 175.9 171.9 163 150.2 145 146.1 148.9 153.5 155.8 153.4 151.7 150.5 148.9 145.4 137.1 128.5 125.7 113.7 107.8 116.2 116
106.2 110.4 112.5 118.3 126.7 135.2 135.1 128.9 140.6 137.6 131.8 130.9 126 125.6 122.8 127.2 130 133.2 132 132.2 134.4 140.6 141.5 143.6 148.7 160.1 166.1 164.1 172.9 179.7 165.6 150.3 152.9 156.3 154.2 146 146 153.8 166.4 162.6 157.8 142.4 144.4 148 147.8 148.4 149.1 149.4 150 162.2 170.2 170.2 169 165.7 162 157.6 159.3 165.8 168.8 168.6 171.6 179.2 180.5 177.3 171.1 154.4 146.7 146.1 148.3 153 157 156 153.2 151.5 150.4 148.2 139.6 131.5 122.2 112.2 107 118.1 118.2
107.1 113.4 124.5 132 130 139.3 139 130.1 143.3 141.1 136.6 135.2 129.4 127.2 125.7 125.2 129.9 134.8 134 133.3 138.9 139.7 139.7 141.5 144.3 151.5 165.5 165 172.2 177.2 165.3 151.2 151.3 151.6 146 146 148.2 157.4 166.1 162.6 157.1 144.1 143.5 148.4 147 147.3 148.6 149.1 150.2 159.1 167.1 168.3 167.1 165.3 164.3 162.1 163.7 172.6 178.1 178 179.2 184.9 187.1 184.7 176.9 156.8 148.5 147 148.5 152 156 157.4 154.9 154.6 148.1 149.2 141.3 124.7 121.8 115.2 108.7 119 120.8
113.4 112.3 125.9 135 137.6 136 140.7 131 142.9 143.2 139.6 136.8 129.6 127.3 125.7 123.7 127.3 132.6 134.6 135 144.5 144.8 143.9 142.7 143.6 149.6 155.7 166.1 164 174.8 166.3 152.2 149.9 152.7 146 147.9 152.8 154.1 158 158.9 155.9 146.8 148.1 145 145.7 146.6 148 148.7 150.2 154.8 160.7 164.7 165 166.3 165.5 165.7 169.4 175.6 181.6 183.4 185.4 189.4 188.9 188.7 176.6 159.1 150.8 148.9 148.5 150.9 153 157 155.4 157.1 146.4 147.7 145.5 129.2 121.5 120.6 117.8 116.3 113
121.4 117.1 127.2 139.7 142.5 136.4 141.9 134.7 141.7 144.3 141.2 138.1 130.7 125 122.5 122.4 125.4 132.6 135.5 135.4 147.8 147.8 144.6 143 143.9 147.4 152.8 158.9 162.5 167.4 166.1 156.4 150.9 149.2 147.9 147.6 153.3 153.7 154.9 157.3 158.4 150.5 148.7 145.6 144.9 145.9 147.5 147.6 151.7 153 158.1 161.8 164.2 166.2 166.4 167.8 170.5 176 183.2 185.6 188.7 191.7 189.9 189.8 179.5 163.4 152.4 151.1 150.2 151 152.6 154.2 155.1 155.4 150.9 136.5 129.6 124.8 121.2 121.3 122 115.4 118.3
130.2 122.7 130.1 139.1 144.3 137.9 144.6 137.7 141.7 147.7 144 137.8 127.8 121.9 121.9 121.9 126.4 132 136.6 135.5 145.6 149.4 144.7 143.4 143.7 149.2 150.2 155.3 161.3 159.5 162.4 155.4 155 155.8 155.5 153.5 149 154.4 158.4 167.6 163.5 158 152.2 147.2 145.6 146.9 147.4 148.4 149.1 151.5 156.6 160.5 163.8 165.8 167 168.4 170.5 176.2 182.4 186.1 188.7 191.1 190.8 188.5 179.1 161.3 154.5 153.6 152.5 152.3 152.7 153.5 155.2 153.9 150.5 138.3 129.3 122.1 120.3 119.4 115.9 114.9 120.9
134.7 119.9 136.9 142.7 145.3 142.4 147.8 139.4 143.5 147.2 144.6 139.7 131.4 121.9 121.9 121.8 126 128.8 136.1 136.3 145.1 150.8 145.4 143.9 144.4 150 151.3 155 174.1 167.7 160 158.7 161.7 158 155.8 153.5 152.3 159.2 161.1 167.6 162.9 154.9 152.2 154.4 151.1 145.3 147.5 148.4 149.4 151.4 155.2 159 162.6 165.4 167.4 168.8 170.4 173.8 182.6 186 187.1 189.4 190.9 185.4 176.8 162 156.4 153.5 153.1 153.1 153.2 153.6 154.4 154.3 155.5 143.7 135 121.4 120.1 119.1 119.6 116.5 118.3
138.7 130.3 140.8 143.5 143.9 143 146.1 144.8 145 148.6 146.6 141.1 129.7 121.9 121.9 121.9 121.9 125.9 136.5 135.5 141.9 152.5 146.8 145.1 146 150.9 151.9 155 171.9 173.3 161.6 160.4 162.5 157.7 155.5 150.6 150.6 150.6 154 155.8 154.7 152.6 151.4 150.6 149.7 148.9 146.9 148.8 150.1 155.3 154.3 156.9 161.2 165.7 167.8 168.9 170.5 172.7 179.7 183.9 185.3 188.1 189.3 183.3 175.7 164.3 158 154.2 154 154 154.1 154.1 154.6 155 155 146.6 140.6 128 120.5 119.7 122.3 119.7 117
143.5 136.1 137.4 138.4 140.3 141.8 144.9 145.5 148.2 150.9 149.7 146.2 140.4 132.3 123.8 121.9 123.8 126.1 130.7 134.3 135.2 149.2 148.2 146 148.2 150.7 152.6 154.9 166 173.4 160.2 160.6 166.7 166 158.6 150.6 150.6 150.6 154.3 155.9 157.3 158 152.7 150 152.8 149.5 146.7 147.6 151.8 153.3 153.2 155.2 160.2 165.5 168.2 169.3 170.1 171.4 173.7 177.7 180.5 185.1 185.4 182.2 176.8 166.7 160.2 155.2 154.9 154.8 154.9 155 155.1 154.9 152.8 149.1 141.9 135 127.9 120.3 126.4 123.9 118.3
145.3 138.9 130.5 135.5 142.6 141.9 143.6 145.4 147.9 148.8 151 145.4 139.2 127.7 122.5 121.9 121.9 126.5 136.8 135 135 144.4 147.7 146.6 149.3 151.1 152.1 154 158.1 164.1 158.9 163.9 168.5 162.8 159.6 152.7 150.6 150.6 158.2 156.6 153.7 148.7 152.1 146.7 146.7 146.7 146.7 146.7 153.4 153.4 150.2 152.8 158.5 165.1 168.5 169.6 170.3 170.9 171.9 173.9 176 181 183.3 182.4 177.8 168 159.6 157 156.2 155.7 155.7 155.9 155.6 155.1 153.6 151.1 144.9 136.7 133.5 121.5 120.3 119.5 118.7
139.1 137.1 124.3 129.2 140.9 140.9 142.5 142.8 148.3 147.7 147.4 140.5 135.8 128.1 122.8 121.9 121.9 127.8 138.9 137.9 135.9 141.5 145.9 146.2 149.7 151.9 152.1 152.1 152.1 156.2 158.1 165.2 167.6 162.9 160.5 150.6 150.6 155.6 163 154.6 153.1 146.7 146.7 146.7 146.7 146.7 146.7 146.7 151.7 153.2 146.7 150.8 156.1 166.8 170 169.9 170.5 170.4 170.6 171 172.4 175.4 180.2 181.9 179.2 170.9 160.4 158.4 157.8 157.1 156.9 158 158.8 156.6 154.5 152.8 146.2 140.6 136 129.3 119.4 119.5 119.4
139.7 137.9 131.4 135.8 129.3 129.2 133.8 139 147.3 145.5 146 141.2 136.2 135.7 121.9 121.9 121.9 126.9 137.2 140.6 137.6 140.5 144.8 145.4 149.6 152 152.5 152.1 152.1 152.3 158.6 164.6 169 162.8 159.2 155.3 150.6 159.7 168.9 160.2 162.7 155.2 146.7 146.7 146.7 146.7 146.7 146.7 150.4 146.7 146.7 148.2 154.8 167.4 169.6 167.4 170.2 169.7 168.3 168.1 169.2 170.5 174.9 178.9 177.8 169.6 161.5 159.4 158.9 158.5 159 161.4 164.1 161.5 157.8 154.7 144.9 138.2 132.6 127 119.5 119.7 120.3
141.5 139.9 139.3 144.4 137.2 139.3 138.2 139.2 144.9 145 144.4 142.7 139.4 137 126.1 121.9 121.9 125.6 133.3 139.7 138.2 140.5 143.7 144 144.7 151.4 151.8 153.1 153.3 153.5 157.4 163.7 168.4 159.6 157.8 158 152.9 163.4 174.9 167 164.7 165.9 156.3 154.1 146.7 146.7 146.7 146.7 146.7 146.7 146.7 147.4 152.7 159.1 161.1 162.6 164.7 165.9 165.6 165.6 165.9 166.7 169.6 175.2 174.9 168.4 162.3 160.5 159.9 159.3 160.1 165.2 168.7 166.6 162.4 158.5 153.3 141.9 133.2 121.3 121.7 121 123.6
139.9 140.8 140.8 144.5 141.4 144.8 142.9 145.3 149.8 153 150.9 147.6 137.8 131.9 121.9 121.9 121.9 123.9 129.5 138.6 138.7 140.8 142.8 142.9 144 150.2 151.3 152.9 154.5 157.4 158.7 162.7 163.8 158.7 156.8 156.3 154.1 164.1 178.1 163.5 161.7 165.9 159.7 161.7 155.5 146.1 146.7 146.7 146.7 146.7 146.7 146.7 149.9 154.4 157.5 159.1 160.3 161.9 162.7 163.1 163.4 164 165.3 169.2 170.4 166.3 162.7 161.4 160.6 160.1 160.2 163.7 168.9 169.3 164.4 161.3 156 148.5 137.5 134.5 122.4 122.4 124.1
138.7 141.1 139.4 141.9 142.9 150.3 142.5 146.8 150.7 149.9 148.6 149.6 145.7 137.6 121.9 121.9 121.9 121.9 127.4 135.2 137.8 139.2 141 142.1 144.7 149.2 151 152.7 154.7 159 159.3 162.7 163.3 160.7 156.1 155.1 155.2 167 181.4 170.2 161.9 164.7 161.7 161.6 162.4 156.2 153.5 149.9 146.7 146.7 146.7 146.7 146.7 148.3 153.2 155.7 156.3 158.2 159.4 160.4 160.9 161.7 162.6 164.5 166.6 165.4 163.6 162.2 161.1 160.4 160 160.8 166.4 170.9 165.9 163.7 158.7 147.7 138.4 138.9 125.4 126.3 123.9
136.4 139.1 139.1 133.4 144.4 151 141.8 141.3 144.7 148.7 148.4 151 147.2 139.8 123.9 121.9 123.7 123.2 124.5 127.6 136.7 139.5 139.8 140.8 143.1 148.2 150.9 152 153.9 158.5 159.6 162 162.6 161.8 158.8 154.3 157.5 171.7 179.2 172.4 164.7 164.2 165.3 164.9 167.4 162.7 157.2 154.5 153.6 146.4 146.7 146.7 146.7 146.7 146.7 148.8 152.5 154.5 156.7 157.9 159.1 159.9 160.8 162.7 165.3 166.2 164.5 162.9 161.1 160.3 160 159.8 161.5 172 166.8 164.9 162.1 153.7 138.3 138.9 128.2 123.3 123.2
137.6 137.5 137.1 134.2 141.6 141.8 138.6 140.9 150 150.3 148 148.6 145.6 138.8 128.5 121.9 121.9 121.8 124.7 126.6 136.8 136.1 138.1 139.3 141.3 145 147.3 150.1 153.2 158.1 160 162.1 163.3 165 162.6 154.8 159.6 167.7 176.1 173.6 168.4 164.6 165.7 167.9 174.1 169.4 157.3 155.8 153.4 150 147 146.7 146.7 146.7 146.7 146.7 148.2 152.2 154.5 156.3 157.3 157.9 158.9 161.1 164.3 166.2 164.4 162.8 161 159.8 159.2 158.9 159 163.7 165.4 164.9 163.6 149.7 141.9 135.2 135.6 124.4 125.1
