Assets/StreamingAssets/GeoData/Data/nc/NC81.asc
ncols 200
nrows 200
xllcorner 280000
yllcorner 910000
cellsize 50
[rows 0 to 34 of 200, columns 78 to 155 of 200]
180.8 180.3 180 179.3 179.7 178 176.7 175.4 173.8 171.5 169.8 167.7 165.6 162 160.4 159.8 161.8 162.8 162.8 163 163.2 164.2 165.1 166 167.8 167.9 166.7 166.9 167.9 168.4 169.4 170.1 169.8 167.1 167.7 165.7 165.4 163.3 161.9 158.6 158.6 155.9 152.8 149.4 147.2 146.6 144.5 143.2 142.4 141.6 139.1 136.5 135.2 134.2 134.3 133.2 132.7 131.5 131 130.4 129.9 129.5 126.3 127.1 127.8 126.9 125.9 125.2 124.3 123.4 124.6 127.1 135.2 136.8 148.3 158.7 161.1 167
184.9 184.9 184.6 184.2 183.6 181.7 180.9 180.5 179.3 176.4 173.4 170.2 168.2 165.5 163.9 163.7 163.9 164.6 164.8 165 165.2 166.4 167.6 168.7 170.9 173.1 173.8 176.5 177.3 176.6 179.7 181.1 184.3 183.6 180.8 176.2 175.5 173.1 169.5 161.6 161.2 160.9 159.7 151.4 150.6 148.3 146.1 145.2 144.1 141.2 139.6 137.8 137.1 138.3 136.4 135.9 134.6 132.5 131.2 130.3 129.8 128.8 128.3 127.5 128 127.7 126.1 125.1 124.8 123.9 123.1 123.9 126.4 129.9 138.1 145.6 154.5 158.5
188.7 188.9 188.2 187.5 186.6 185.9 185.3 185.4 183.8 181.5 178.9 176.1 172.5 167 167.2 166.3 166 166.3 166.8 166.6 167.1 168.4 170.5 173 175.8 179.9 182.6 186 186.4 186.7 189.5 190.8 191.9 191.6 189.2 184.7 181.1 180 178.6 175.5 170.5 165 160.7 159.2 156.8 154.6 150.5 147 143.7 142 139.9 139 137.3 142 139.5 138.4 138.2 136.9 136.6 134.2 133.7 131.6 130 130.6 130.6 129.2 129 127.5 126.3 124.7 122.6 122.2 123.4 124.4 128.5 132.1 140.2 148.2
194.7 192.7 191.6 190.7 190.6 191.2 191 190.5 189.2 187.1 184.6 182.4 179.2 170.4 171.8 171.6 171.1 170.2 170.3 171.5 172.9 173.5 175.5 178.7 182.4 186.3 189.2 191.6 192.2 192.9 194.1 194.9 195.2 194.4 192.2 189.6 188.8 187 185 180.8 177.1 172.5 171 169.3 162.6 156.6 151.7 148.7 145.7 142.6 140 142.2 144.9 147.6 146.2 144.5 142.8 140.4 140.5 139.2 139.2 145.2 142.2 135 133.9 132.8 132.9 130.8 129.4 127.9 126.3 124 120.9 120.6 120.7 122 126 135.1
201.1 200 198.4 196.9 196.5 196 193.7 193.9 192.4 191.3 189.8 188.4 183.3 176.2 178.6 177.3 176.2 177.3 177.8 178.4 179.2 182 185.5 187.5 189.2 190.8 192.7 194.9 196.7 197.7 198.4 198.3 197.7 197.5 195.9 194.8 192.6 189.7 186.3 182.2 179.9 176.8 176 172.9 164.3 159.2 154.5 149 146.5 142.2 147.3 147.7 151.3 152.4 152.3 150.3 149.7 148.1 147.2 145.8 149.7 151.5 148.1 143.8 139.9 136.3 134.4 133.8 132.8 132.9 131.6 131.8 125.7 120.9 119.5 119.5 118.4 121.4
208.3 207.4 207.5 205.7 204.1 202.9 201.3 198.7 197.9 195.3 192 189.1 184 180.9 182.9 182.5 181.1 182.3 182.8 183 184.4 186.6 190.5 191.9 194.5 195.8 198.2 199.6 201.3 201.6 202.4 202.6 201.9 200.9 200.2 198.6 196.7 194 190.7 188.4 185.4 182 179.3 176.3 166.4 161.3 157.5 154 147.2 144.6 152.7 153.9 156.4 159 160.1 160.3 162.8 161.8 159.4 160.7 158.9 157.1 153.5 150.9 146.9 141.8 137.3 135 133.7 133.5 133 134.5 133 127 123.6 124.3 121.6 117.8
215.3 215.2 214.9 211.9 210.7 210.5 208.4 205.4 203.9 200.2 197 193.8 187.1 186.3 187.1 186.9 185.6 184.9 184.4 184.8 186.3 189.7 193.8 197.1 199.1 201.4 203 204.1 204.4 204.2 204.7 204.6 204.5 203.6 203.1 201.7 199.8 197.9 195.4 192.4 188.8 185.5 182.8 179.4 173.2 167.2 161.6 157.3 152.2 146.4 155.1 158.9 161.5 163.7 167.1 171.2 172 174 172.3 172.6 172.2 169.5 166.8 161.7 156.2 151.4 147.2 141.9 137.8 135.7 134.8 133.4 132.3 130.3 127.6 126.5 126.1 124.9
220.8 220.9 221 219.2 217.2 216.6 214.1 210.4 208 205.1 202.4 198.3 194.4 190.4 189.9 190.5 189.4 190.3 188.8 189.9 191.6 194.8 197.6 199.5 201.3 203.3 204.7 205.8 206.3 206.7 207.4 206.5 206.4 206.2 206 204.7 202.8 200.7 198 195.8 194.1 190.2 186.1 182.8 178.3 171.6 166.8 160.1 153.7 149.5 159.1 164 167.5 170.1 175.3 178 178.4 180 181 181.2 181.2 178.4 175.2 172.9 167.9 164.7 160.9 155.4 150.4 146.8 144 138.9 134.3 131.8 130.2 125.5 124.5 122.9
225 224.7 224.2 224.5 223.9 222 219.7 215.8 211.4 207.9 205.5 201.6 198.2 194.4 193.6 195.9 192.8 192.8 192.7 193.3 196.3 197.4 200.5 202.2 203.4 204.3 205.9 206.5 207 207.3 207.8 207.8 208.3 208.4 208.4 207.6 205.7 202.8 200.2 197.9 195.2 192.4 189.2 185.1 179 172.4 168.1 162.9 156 152.1 162 170.1 172.6 175.8 178.7 182.5 183.2 185.4 186.3 186.4 184.9 183.3 183 179.1 174.9 172.5 169.7 164.7 159.6 154.4 151.5 147.5 142.6 137.7 132.9 131.2 126.2 122.1
228.6 228 227.5 227 226.2 225.1 222.8 218.9 214.7 210.2 207.6 204.5 201.7 198.1 196 196.8 195 194.2 195 197.2 199.4 201.7 203.6 204.4 205.3 206.2 207.2 207.2 207.9 208.2 208.5 208.9 209.6 209.7 209 208.3 206.6 204.3 201.3 198.8 196.1 192.8 188.7 184.9 179.3 173.6 167.7 164.3 156.4 156.7 166.2 174.7 177.9 180.8 183.7 185.6 189.1 188.8 189 188.9 188.9 188.2 187.4 184.5 182.1 181.2 178.6 174.9 171.7 167.9 162.1 156.9 152.9 148.2 141.9 135.8 132.4 128.3
232.4 230.6 229.7 228.2 227.1 226.4 224.2 220.6 216.8 215.2 212.3 206.2 202.6 199.9 197.2 197.4 196.2 196.1 197.1 198.3 199.4 203.2 205.9 207.2 207.8 209 209.8 209.8 209.7 210.3 209.9 209.9 210.4 210.9 209.9 208.3 206.4 204.6 201.7 198.8 195.2 190.9 187.2 183 177.9 171.2 167.8 160.5 152.6 166.6 172.4 177.6 182 185.2 189.3 192.3 192.4 192 192.3 192.8 192.9 191.3 191.2 191.2 189.9 187.3 185.2 183.5 181.6 179.1 175.6 169.3 165.1 161.1 156.5 151.3 145.3 139.7
236.2 233.1 231.6 229.3 227.9 227 225.3 222.9 219.8 215.6 211.5 206.4 203.2 200.6 198.4 197.7 197.4 197.7 197.2 198.4 200.2 204.6 207.3 209.1 210.1 211.2 211.1 210.3 210 210.3 210.4 210.5 210.4 210.4 209.1 206.7 204.6 202.1 198.4 193.9 192.8 190.5 187.5 181.2 174.4 169.3 165.7 155.3 166.3 170.9 176.3 179.3 185.2 189.6 192.5 195.8 196 195.5 194 194.6 194.1 193 192.3 192.4 192.1 191.3 188.3 187.3 187 184.7 182.2 178.4 171.6 167.3 163.6 158.4 153.6 151.6
240.3 236.7 233.4 231 228.8 227.6 225.7 223.1 220 216 213.2 208.1 205.4 202.5 200 199 200 198.8 197.8 198.2 200.6 203.7 208.2 208.9 209.8 211.4 211.4 210.8 210.1 209.4 208.6 207.6 207.6 207.7 205.8 202.6 201.6 198.9 196.4 192.4 191.6 189.6 186.7 179.6 171.9 167.7 158.1 166.5 171.1 177.7 181.5 182.8 187.3 191 192.7 197.1 199.2 198.9 196.4 195.5 193.7 193.3 192.7 191.6 190.4 189.9 188.1 186.3 185.5 183.4 182.6 179 174.2 168.3 161.8 158.9 154.7 153.1
243.6 239.6 236.1 232.8 230.6 228.2 225.3 223.1 220.6 217.9 215.5 208.5 203.6 201.7 199.6 199.1 198.4 198.9 199.1 199.9 198.2 200.5 203 205.6 207.7 209.1 209 209.1 208.4 207.2 206.1 204.6 204.2 203.4 201.6 199.2 197.7 195.2 191.3 188.3 186.8 184.9 181.7 175.9 171.1 163.1 162.6 172 178.8 182 185.5 187.3 188.7 192.7 195.7 196.6 197.7 197.7 197 194.8 192.8 192.3 191.2 189.7 188.9 187.3 185.1 183.5 180.5 178.2 176.2 173.8 170 166.2 160 159.4 156.1 153.7
246.5 242.7 239.1 235.3 232.6 229.5 227.3 225.1 222.7 219.3 216.9 212.6 206.3 203.5 199.7 198.8 197.7 197.3 198.5 200.8 198.6 197.7 197.9 199.8 202.4 203.6 204.6 204.3 203.5 203.1 202.6 201.3 198.9 198.3 195 191.7 190.7 189.1 186.3 184 182.3 179.7 175.7 173.1 160.5 161.3 170.2 179 183.2 188.2 190 190.1 192.5 195.7 197.7 198.2 197.8 196.5 197 196.2 193.7 190.8 188.4 187.2 186.8 185.3 182.5 179.4 175.8 173.7 171 168.5 165.5 162.3 158.5 156 154.7 155.3
249.6 245.6 241.8 238 234.3 231.9 229.4 227.2 224.5 221.5 217.7 213 210.3 204.3 202.6 198.8 197.3 196.1 196.2 196.4 195.7 192.1 191.9 193.3 195.3 195.4 193 192.2 193.2 193 193.7 193.7 192.4 190.7 188 185.9 183.3 178.9 178.6 176.4 174.7 173.2 171.2 164.3 166.7 172.2 175.3 181.8 186.2 192.6 194.5 193.4 194.4 196.2 196.4 197.5 195.7 195.1 194.9 194.8 192.6 189 185.5 182.7 181.1 178.3 175.3 173.6 172.2 170.4 168.5 166.6 164.6 163.1 159 155.8 153.7 151.8
252.1 248.2 244.4 240.6 236.4 233.6 231.5 228.2 224.5 221 215.6 212.6 208.9 205.3 205 200.3 197.5 194.6 193.6 192.9 191.7 191.2 189.6 187.7 188.6 187.7 186.5 185.9 185 183.6 182.6 183.5 181.4 178.3 178.7 177.7 176.1 174.4 171 170 170 170.9 168.3 164.6 168.9 175 178.3 182.8 186.6 191 191.5 193.2 193 193.6 193 192.1 191.5 190.4 189.9 189.6 188.4 186 183.9 179.1 177.2 174.8 174.4 173.6 171.2 169.9 169.6 168.5 167.8 167.3 164.1 161.4 157.5 155
254.5 250.5 246.7 242.8 238.8 235 232 228.4 222.9 218.5 214.4 212.4 210.3 204.6 203.3 202.4 197.2 194.1 193.5 192 190 190.2 187.7 187.3 185.8 188.2 185.4 184.3 181.8 180.2 177.4 175.7 176 174.7 175.3 174.4 172.3 170.3 168.5 166.7 165.6 165.4 165.7 165.8 171.5 174.6 177.7 181.2 183.6 186.8 185.5 187.2 187.5 188.3 189.2 189.4 189 189.1 188.8 187.3 184.3 182.7 180.9 178.9 178.2 176.4 176.5 177.3 176.6 175.6 174.9 174.7 174.2 172.3 170.2 166.6 162.2 158.1
255.7 250.7 246.3 242.6 239 235.5 232.6 229.1 221.3 218.4 215.1 212.2 209.9 204.1 200.3 197.5 195 193.3 191.2 189.5 189.2 187.5 185.6 184 183.9 183.7 184.6 183.6 181.7 180.2 180.1 174.9 173.9 172.5 172.1 170.2 169.4 168.4 167.3 168.2 166.6 168.8 170.3 170.7 172.9 176.7 179.3 181.1 182.6 184.5 185.6 186 187 188.5 189.3 189.7 189.7 190.9 190.2 188.5 188.1 187.1 186.7 186.5 186.3 186.5 186.1 186.6 186.4 185.4 183.7 182.9 180.4 177.2 173.9 169.9 165.1 159.6
255.7 250.5 245.6 242.3 239.5 236.3 233.4 229.1 223.1 218.1 212.9 207.5 205.6 202 199.5 197.2 195.2 192.1 190 188.5 188.3 184.6 183.2 183 182.3 181.3 182.6 181.2 179.7 176.1 174.6 173.4 173 176.3 172.8 173.9 173.7 172.4 170.7 169.6 167.6 169.1 170.5 173.7 175.8 179.2 181.9 183.8 184.9 185.6 186 188 191 193.4 194.3 194.7 196.6 197.5 196.9 195.2 195 194.3 194.8 194.7 193.4 194 194.1 193.9 192.7 192 191.1 189.5 187.4 183.7 180.9 175.7 171.1 165.7
254.4 249.6 245 242.5 239.1 236.1 232.2 228.5 224.3 220.6 215 209.1 203.9 200.8 198 195.8 195.5 190.5 187.3 184.9 183.5 182.3 180.5 181.2 180.5 179.4 177.6 178.3 176.2 176.6 178.7 178.6 177.9 179.4 179.1 177.6 177.7 176.1 172.6 171.4 170.1 169.8 173.1 176.2 179.6 182.7 186 187.3 187.6 188.5 190.4 193 196.7 200.5 202.6 203.6 204.5 203.8 203.1 202.4 202.3 201.8 201.6 201.6 200.5 201.1 200.9 200.7 199.6 198.7 197.9 196.5 194.6 191.4 187.8 183 177.6 173.2
252.5 248.4 245.2 241.8 238.1 235.4 233.1 230.3 226 221.2 214.5 210.1 207.3 205.7 199.5 197 192.7 191.5 187.6 186.5 185.4 181.3 180.5 181.3 178.7 178 179.5 178.3 179.2 178.9 180.9 183 182.3 182.8 183.4 182.5 183 180.6 176.6 173 170.7 172.1 174.3 177.5 181.4 185.1 188 190.6 192.8 195.2 194.4 198 203.6 207.5 210.5 211.5 211.4 210.5 209.4 209.5 209.5 210.1 210.5 210.2 209.5 208.7 208.1 207.3 206.2 204.7 203.1 202.5 201.3 199.2 195.9 191.5 185.6 179.8
252.4 248.3 244.2 240.7 237.9 235.3 233.4 230.7 227.3 224.1 217.9 213.5 210.6 205.6 202.8 197.2 194.7 190.6 189.1 184 182.7 182.3 186.2 185.3 184.4 183.5 182.6 182.1 181.5 181.7 184.5 186 186.4 186.8 187 186.4 186.4 185.6 177.7 174.8 171.5 174.3 175.8 178.6 182.1 186.1 189.8 193.4 195.3 198 199.9 202.7 208.2 212.5 215.6 217.8 218.3 217.5 215.9 215 215.7 216.5 217.2 217.2 216.6 215.6 214.5 213.3 211.7 209 207.6 206.5 204.7 202.8 199.7 196.6 192.4 187.9
251.7 247.5 243.2 240.5 237.8 235.1 232.3 229.2 227.1 222.4 218.7 215.9 213.6 207.9 205 201.3 194.2 187.4 185.8 186.5 187.6 189 189.4 188.5 186.8 186.7 185.3 184.3 184 185.8 185.7 187.2 187.7 187.9 187.8 187.4 187.6 186.3 179 175.5 173.6 175.4 177.7 180.4 185.3 190.2 194.6 195.7 197.7 200.5 206 208.9 213.1 216.7 219.7 222.5 224.4 223.4 221.1 221.2 221.9 222.6 222.1 222.1 221.8 221.3 219.8 218.8 216.3 212.9 211 209 206.9 204.6 201.6 198.7 195.3 191
249.8 245.8 242.7 240.2 237.5 233.4 231.3 229.6 226.9 221.9 219.2 216.2 211.1 206.5 201.9 197.4 189.5 190.7 191.3 192.2 192.1 192.9 193.6 192.6 190.8 189.3 188.5 187 184.9 185.5 186 187.3 188.9 188.2 187.1 186.7 185.8 185.1 181.8 176.7 173.6 178.9 181.8 186.1 188.9 193.3 197 199.2 201.7 205.3 212 214.8 217 220.8 223.9 226.4 227.4 228.1 227.3 227.5 227.3 226.9 226.2 225.5 225.9 225.6 224.4 222.8 220.7 217.4 213.5 211.2 208.7 205.4 203 200.1 196.8 192.8
247.1 243.6 241.3 238.7 235.2 230.7 228.9 225.7 224.1 221.9 217.9 214.5 207.7 205.2 201.3 194.7 191.1 195.3 195.6 196.1 195.6 196.7 195.9 195.2 195 194.1 191.7 189.7 187.2 186.1 185.6 185.5 184.7 184.2 183.7 184.1 181.5 179.8 178.7 175.7 176.3 183.4 187.2 190.5 193.1 196.1 198.1 204.2 206.7 209.3 214.9 218 220.6 224.6 228 229.8 230.4 231 231.8 232.5 232.6 231.6 231.3 230.3 228.9 226.7 225.9 224.8 223 219.6 216.1 212.7 209 206.3 204 201 197.8 194.6
244 240.7 238.6 235.3 230.1 228.6 227.3 222.5 219 214.5 212.3 209.3 205.1 202.2 195.5 192.4 195.5 197 197.4 198.5 201.1 200.9 199.7 198.5 198.5 196.7 194.3 191.6 189.4 188.9 186.6 185.4 184.6 183.8 182.9 182.2 180.7 180.4 178.4 176.5 182.6 187.5 191.2 194 196.7 199.6 202.5 207 211.1 213.2 218.1 221.2 224.8 228.5 231.6 233.4 234.8 235.8 237 237.8 237.8 237.8 237.6 236.3 232.9 229 225.7 223.7 221.4 218.8 215.5 212.2 209 206.5 203.9 201.4 198.1 194.3
240.5 238.8 237.1 232.1 230 228.4 226.3 222.7 217.5 213.4 211.7 207.8 202.8 199.7 196.3 194 198.9 198.7 198.8 202.8 203.8 204.2 204.8 202 200.9 200.2 198.3 195 193.7 191.7 189.8 188.1 187.5 187.1 184.3 183.1 182.3 180.1 178.7 183.4 186.2 190.2 194 196.9 199.9 204.9 208.6 212.6 214.5 216.7 221.7 225 229.3 232.2 234.9 236.6 239.1 240.8 242 243 243.3 242.9 241.1 239 235.3 230.5 225.7 223.1 220.1 217.6 214.2 210.9 208.2 205.5 203 200.7 198.5 195.5
238.8 237 233.6 229.6 227.8 226.6 225.8 223.4 219.6 215 211.1 205.8 204.6 199.8 193.8 198.8 201.2 201.9 206.5 211.5 211.6 210.9 208.6 208.8 206.6 203.4 200.4 198 195.7 192.7 191.3 189.5 188.3 187.2 185.5 184.2 182.8 180.9 182.8 189.4 191.6 196 200.1 200.7 205.2 209.4 212.6 215.9 219.6 221.8 225.3 230 232.9 235.2 237.6 240 242 244.3 245.8 246.5 246.2 245.7 243.9 241.3 236.7 232.2 227.2 222.1 218.8 216.2 213 209.5 207.4 205.5 203.1 200.8 198.5 195.9
235.2 233.5 223.8 226.1 224.2 222.8 221.2 218.4 217 212.6 207.5 203.1 198.5 196.5 198.6 203.2 208 212.2 216.4 218.8 219.4 218.4 216.7 216.1 213.7 209.5 204.4 202.8 198.6 194.3 193.1 190.8 189.6 188.6 186.7 184.2 181.6 185.4 188.5 193.5 196.3 200.5 205 208.5 209.9 213.7 217.8 221.1 223.7 226.2 229.6 233.5 237.9 239.4 241.4 242.1 244.6 245.8 246.3 247.1 246.3 244.7 243 240.3 236.2 231.8 227 221.4 217.9 215.2 212.2 209.5 207.6 205.7 203.4 201 198.6 196.1
228.7 225.5 220.7 218.7 216.6 214.2 210.4 209.9 208.4 206.5 202.2 202.8 202.7 201.4 204.1 209 217.3 222 224.4 226.8 226.8 225.7 224.2 222.1 219.4 215.2 210.2 206.7 203.3 198.4 195.4 193.5 191 189.9 187.3 183.6 185.4 190 193 196.8 201.6 204.5 208.3 214.4 214.9 219.6 223.4 226.7 230.1 232.9 236.7 240.9 242.7 244 245.1 245.8 247.6 247.6 247.8 247.5 246.1 244.7 241.3 238.3 234.4 230.1 225 220.6 217 214.1 211.7 209.9 207.8 205.9 203.8 201.3 198.8 196.4
226.2 221 218.1 213.6 212.9 208.6 206.5 204.1 202.2 201.4 204.3 205.4 204.3 205.3 206.5 218.9 225.4 230.8 233.4 235.8 236.1 233.4 231.7 226.7 222.8 217.7 211.3 208.8 205.7 201.9 197.5 196.1 195.3 191.2 188.5 185.6 190.6 193 196.5 200.9 205.7 210.9 215.2 218.8 220.5 224.2 228.6 233.5 238.6 241.6 245 247.6 249.9 250 250.1 249.9 249.4 249.3 249.4 248.5 247.1 245.1 241.1 236.3 232.7 228.3 222.8 219.5 216.4 214.2 211.9 210.5 208.6 206.3 204.1 201.9 199.8 196.9
218.3 214.3 211.9 208.6 207.7 206.9 204.3 202.4 205.9 206.1 207 208.2 208 209.2 216.9 228.3 233.5 238.9 242.4 244.9 245.4 241.2 236.6 232.3 225.7 221.1 214.7 211.1 206.6 203.6 201.2 197.3 194.8 194.8 190.5 188.8 194.5 196.9 200.5 204.9 210 215.2 219.9 224.5 226.2 230.7 235.3 240.1 247.4 252.1 254.5 256.1 256.4 256.6 254.9 253.5 252.4 251.6 250.6 249.5 248 246.1 241.9 238.3 234.2 227.3 222.5 219.2 216.2 214.3 212.1 210.8 209.4 207.4 205.3 203.4 201.1 197.6
212.3 209.9 208.7 205.9 205.6 204.9 207.3 207.3 208.4 209.4 211.2 213.5 216.2 219 228.2 236 241.6 245.6 249.5 251 251.3 247.6 240.9 234.9 228.4 222.1 217 213.6 210.1 205.4 203.3 202.4 197 195.7 189.3 193.4 198.2 201.5 206.7 210.9 214.1 218.6 223.2 228.5 231.9 237.9 243.7 250.8 257.7 262.4 266 266.5 265.4 262.2 259.3 256.8 254.6 253 251.9 250.6 249.5 247.9 245.1 242 237.9 229.6 223.9 219.5 216.1 213.5 212.2 210.9 209.4 207.3 204.5 202.8 201.8 198.1
209.4 207.8 205.5 205.6 206.8 208.9 208.8 209.7 211 216.1 219 223.5 227.8 230 236.9 242.5 246.3 250 253.7 254.9 254.6 251.7 244.1 237.9 232 224.3 218.4 214.1 212 209 205.3 203.1 201.3 198.1 191.4 196.3 203.5 204.1 209.4 214.9 218.6 221.8 227.2 232.4 238.8 245.3 251.7 259.9 267.3 274 278.6 279.3 276.8 273.3 266 261.9 257.2 255.1 254.4 252.9 251.7 249.9 247.2 244.2 240.5 233 225.9 220.1 216.3 213.3 211.6 210.7 209.3 206.7 203.6 201.4 199.9 195.6
