Assets/StreamingAssets/GeoData/Data/nc/NC82.asc
ncols 200
nrows 200
xllcorner 280000
yllcorner 920000
cellsize 50
[rows 140 to 174 of 200, columns 79 to 157 of 200]
320.6 323.6 327.2 331 334.9 338.4 341.6 343.7 345.3 345.1 342 339.8 337.4 333.1 328.3 323.3 316.3 310.5 305.3 301.2 298.7 296.6 295.1 290.1 287.4 282.8 281.5 282 281.3 280.7 279.6 278.8 279.4 280.1 280.4 279.8 279.2 276.5 274.7 273.9 273.1 272 272.6 272.6 273.7 275.3 276.8 278.5 280 281.2 282.3 283.5 284.3 284 282.7 281.2 278 274.7 271.8 267.3 262.9 257.6 251.3 245.4 241.4 237 233.7 230.4 225.7 219.9 215.8 211.5 207.1 202.9 199.9 198.1 194.2 191.9 189.7
321.1 324.6 328.3 332 334.8 338.6 341.6 344 346 344.9 343 340.6 337.7 334.5 329.5 323.9 318.8 312 306.5 302.4 299.7 297.5 293.9 290.2 287.3 285.8 284.3 283.2 281.9 280.7 279.2 276.2 276.3 277.1 278.1 278.1 277.7 275.4 272.5 271.8 271 270.3 270 270.1 271.5 273.4 275.1 276.4 277.6 278.6 279.9 281.9 282.9 283.7 283.1 281.9 279 276.2 272.7 268.7 263.9 258.6 253 246.5 240.2 235.9 232.9 228.7 224.5 219.4 215 210.7 206.3 202.7 199.9 197.7 194.3 192 189.9
322.2 325.6 328.6 331.4 334.2 338.7 341.7 344.6 347.1 346.7 344.8 342.4 339.6 336.8 332 327 320.7 314.1 307.4 302.9 299.9 297.7 294.7 291.5 289.1 287.5 285.6 283.9 282.9 282.2 279.4 277.2 273.8 274.7 275.5 276.2 276.1 273.6 271.2 269.6 268.9 268.3 268 268.2 268.7 271.4 272.8 274.2 275.6 276.7 277.5 279.3 281.5 282.2 283 282.6 280.6 276.8 273.1 268.8 263.6 258.2 252.8 247.3 241.7 236 231.2 226.5 222.3 218.6 214.1 209.8 205.8 202.7 199.9 197.8 195.2 192.9 190.8
322.3 325.9 328.9 331.3 334.1 338.5 341.6 344.4 347.7 348.9 347.3 345 342.1 339.1 335 330.4 322.8 315.2 309.5 304.2 300 297.6 294.2 291 289.2 288 286.8 284.9 283.1 282.6 280.1 277 273.9 273 273 273.2 272.8 270.9 269.1 267.5 266.9 266.3 266 266.4 266.8 268.4 269.6 270.8 272.2 273.7 275.1 276.6 279.1 280.3 281.5 281.8 280.2 276.9 273 268.7 263.2 257.9 252.5 247 241.5 236.4 231.2 226.1 221.6 217.4 213.4 209.6 205.9 203.1 200.9 199 196.7 194.4 192.1
323.6 326.5 328.6 331.2 334.2 337.2 340.6 344.8 348.2 351 349.7 348.1 345.2 342.1 338.1 333.3 325.9 316.3 310.7 304.5 299 295.8 293.3 290.9 289.2 288.1 287 285.8 284.6 282.8 280.3 277.3 275.1 272.4 269.2 269.2 268.5 267.6 266.2 265.1 264.9 264.3 264.1 264.6 265 265.4 266.9 268.4 269.8 271.3 272.8 274.6 276.6 277.8 278.7 279.3 278.2 274.9 271 266.9 262.1 257.2 252.2 246.8 241.7 236.6 231.5 226.4 221 217 212.9 209.1 205.7 203.8 201.6 199.1 196.7 194.4 192.1
323.1 326.9 329.4 332.4 335.5 338.5 342.1 346.2 350.1 352.6 352.2 350.7 348.4 344.9 340.5 334.8 328.2 319.3 310.9 304.4 298.9 295.6 293.3 291 289.3 288.3 287.2 286.1 285 282.9 280.4 277.8 275.3 272.2 268 265 265.1 264.6 262.8 262.6 262.5 262.3 262.3 262.7 263.3 263.8 264.6 266 267.5 269.1 270.7 272.5 274.4 275.9 275.6 274.2 274.4 271.5 267.8 264.3 259.6 254.8 249.9 245 240.8 235.9 231.2 226.5 221.6 216.8 212.3 208.9 205.6 204.5 202 199.3 196.7 194.5 192.5
324.6 327.3 331.1 334 337.1 340.1 343.9 347.9 351.9 354.2 354.7 353.4 350.5 346.9 341.3 335.6 328.4 319.5 310.8 303.7 298.9 295.4 293.1 291.1 289.3 288.7 287.6 286.5 285 282.9 280.5 277.8 275.4 272 267.8 263 260.5 261.2 260.3 260 259.9 259.9 260.6 261.1 261.6 261.7 262.8 263.9 265.4 266.9 268.7 270.5 272.8 275 273.4 272.3 268.6 266.2 262.2 258 255.3 252.1 247.7 242.7 238.5 234.1 229.5 225.3 222.1 216.8 211.9 208.4 205.5 204.3 202.2 199.6 196.9 194.9 192.9
325.4 327.7 331.6 335.4 338.5 341.8 345.6 349.5 353.4 356.3 357.7 355.6 351.2 347.9 342 335.6 327.7 318.1 309.3 302.4 298.4 295.2 293.1 291.6 289.8 288.9 288 286.6 285 283 280.3 277.3 275.1 271.4 267.2 264.3 261.4 257.6 257.8 257.4 257.4 257.7 259 259.3 259.6 258.1 261 262.2 263.5 264.9 268 270.8 273.6 275.5 275.2 272.7 268.5 263.8 257.2 252.5 250.1 248.1 244.3 240.1 236.1 231.9 227.8 224.2 221.6 218.1 213 207.8 205.4 203.9 202 199.6 197 195.4 193.4
326.3 328.4 331.8 335.5 338.8 341.2 346.1 350 353.9 357.8 359.4 356.4 352.3 348.9 343.3 336.1 327.4 318.1 309.2 302.1 297.5 295 293.5 292.1 290.3 288.9 288.2 286.6 285 282.8 279.7 276.7 274.3 270.9 267.1 263.8 260.5 254.5 254 254.8 255.1 255.6 257.2 257.4 257.3 256.8 258.7 260.4 261.6 263.4 267 269.8 273.1 276 276.2 275.2 271.2 266.9 261.4 255.7 250.3 247.4 243 238.8 234.9 230.9 226.5 222.9 220.2 216.7 212.3 208.8 205.3 203.4 201.5 199.1 195.9 195 191.5
326.6 329.3 332.3 335.6 338.4 341.5 346.1 350.4 354.5 356.9 358 355.5 351.8 349.1 342.3 335.4 327.7 318.1 309 301.9 296.7 294.6 293.6 292.1 291.6 290.3 288.7 286.6 285 283 280 276.8 273.7 271 266.5 262.4 258.3 253.9 250.1 250.7 251.1 252.5 254.2 254.2 252.9 254.2 256.3 258.3 259.7 262 266.2 269.4 273.3 275.7 276.4 275.2 272.8 268.9 264 258.5 253.1 248.2 243.7 238.1 233.7 229.6 225.7 222 217.8 214.6 212.1 209.7 205.1 202.8 200.7 198.1 195.6 194.1 193.8
325.9 329.1 331.5 334.5 337 340.4 344.9 349.5 352.3 353.5 353.7 352.1 349.1 345.3 339.5 331.7 323.4 313.5 305.7 300 295.9 293.9 293 292 291.6 291.1 289.2 287.1 285.1 283.1 280.5 276.8 273.8 270.3 266.1 260.9 257.6 253.4 249.3 248.8 248.2 249.2 249.6 250.8 250.2 251.7 254.1 255.9 257.7 260.5 264.7 268.7 272.9 275.1 276.1 274.7 272.4 270.6 266.1 261.2 255.7 250.3 245.4 238.8 233.4 229.6 225.5 221.5 216.6 214.5 212.4 209.7 206 202.9 199.9 198.2 198.2 197.8 195.8
322.7 325.5 327.8 331.7 333.9 337.6 342.4 346.9 350.1 350.6 348.4 344.9 343 339.8 333.6 325.5 317.5 308.1 301.9 297.1 294.6 292.8 292.1 291.3 291.1 290.8 289.8 287.7 285.3 282.9 280.3 276.5 273.1 269.6 265.6 259.4 256.4 251.9 248.7 245.6 245.4 245.3 246 246.2 247.8 249.3 251.9 253.8 255.5 259 263.3 267.6 271.8 274.8 275.9 274.7 273 271.3 268 263.5 258.6 253 247.7 240.5 234.4 230.2 226.1 221 217.2 215 212.6 210 207.4 204.1 203.4 202.8 202 201 199
317.1 320.2 322.5 325.8 328.7 332.2 336.7 341.8 344.2 344.9 342.2 338.6 335.6 332.3 325.4 316.7 309.1 303 296.7 293.5 292 290.3 290.5 289.8 289.8 289.9 289 287 284.5 282.1 279.5 275.9 272.6 268.6 264.3 258.2 254.5 250.5 247.1 241.3 242.9 242.7 243.6 243.9 245.5 246.8 249.3 251.3 252.2 255.8 260.7 265 269 272.7 275 274.2 272.8 271.5 270.1 266.5 262.3 256.7 251.4 245.7 237.6 232.6 228.4 221.4 217.9 215.8 213.8 211.2 209 206.3 205.3 205.1 204.9 203.9 202.7
308.3 311.7 316.7 318.5 321.3 323.7 327.5 332.5 336.1 337.2 335.5 332.5 328.8 323.6 316.9 308.5 302.9 299.3 294.8 290.7 289.1 287.8 288 288.2 288.2 288.5 287.7 286.1 283.6 280.6 277.8 274.8 270.4 266.8 262.5 257.2 252.6 249 245.4 242.3 240.4 239.8 240.3 241 243.3 244 244.9 247.4 249 252.8 256.8 261.7 265.5 269 271.9 273.1 274.2 273.2 271.4 269.6 266.1 261 255.7 249.7 243.8 236.3 230.7 221.4 219.4 216.9 214.7 212.5 210.5 208.5 207.6 207.4 207.2 205.5 204.5
297.9 301.7 306.2 309.6 312.2 314.6 317.6 320.9 326.1 327.7 327.2 325.1 321.7 317.1 308.9 302.7 299.3 295.6 291.5 287.9 286.5 285.6 285.7 285.6 285.8 286.3 285.7 284.2 281.5 278.5 275.7 272 267.9 264.8 261.3 255.9 251.4 247.1 243.9 241.1 238.6 236.1 237 237.6 239.8 240.3 240.8 242 244.3 247.9 252.7 257.6 261.5 264.8 267.7 270.8 272.8 273.8 274 272.1 269.4 264.9 259.6 254.1 248.6 241.3 234 228.1 223 219.9 217.1 214.1 212.1 210.1 209.5 209.3 209.1 208.2 207.4
287.9 291.8 295.8 300.2 303.2 305.4 308 311 313.5 316.4 317.7 316.3 312.9 308.9 302.1 297.4 294.7 291.7 288 284.7 283 282.6 282.9 282.8 283 283.1 282.5 281.6 279 276 273 269.1 265.4 262.6 258.9 255.3 251.4 247.8 244.4 240.6 238 234.7 232.9 235.5 236 236.9 237.7 238.8 239.7 243.3 248.6 252.8 256.7 260 263.3 267.8 270.3 272.2 273.4 274.6 271.9 268.4 263.1 258.2 253 246.6 238.2 232.8 227.3 222.8 218.7 215.6 213.5 211.9 211.2 211.1 210.8 209.3 209
281 281.9 285.9 289.8 293 295.8 296.5 300.8 302.7 304.7 304.9 305.6 303.5 298.6 295.7 289.9 289.8 288 284.6 280.3 278.4 278.7 279.2 279.7 279.9 279.9 279.3 278.6 275.8 272.9 270.3 266.6 263.7 260.7 257.9 255.1 251.6 248.5 245 240.8 237.6 234.9 231.4 233 233.8 234.7 235.8 236.4 236.9 240.2 243.6 247.8 251.8 255.2 259.2 263.5 267.6 271 273.9 275.7 274.2 270.2 266.4 262.3 257.2 251 243.4 238.2 231.8 226.8 222.1 217.6 215.1 213.7 212.8 212.5 212.1 211.3 211.2
274.8 275.6 276.3 278.1 281.2 284.9 286.8 289 291.8 293.1 293.8 294 292.5 290.7 288.8 286.4 284.7 283.4 279.7 275.7 275.2 275.5 275.9 275.7 276 276.6 276.5 275.3 272.6 270.7 267.9 265.7 262.8 259.9 257.5 253.2 251 249.1 245.5 241.3 237.1 234.4 230.1 231.9 233 233.6 234.3 234.6 235 237.1 239 242.3 245.7 249.5 253.3 258.5 263.2 267.5 270.8 273.7 273.8 271.3 267.6 264.8 260.8 255.4 249.6 243.6 237.7 231.4 226.1 221.1 217.3 215.5 214.1 212.5 212.1 212.7 212.9
270.4 268.7 267.3 268.7 271.2 273.7 277.9 280.2 281.3 282.6 285.1 285.3 284.5 283 282.6 281.2 279.4 277.9 274.2 271.8 271.1 271.7 271.9 271.7 272 272.2 272.2 270.5 269.4 268.5 267 264.8 262.1 259.4 256.9 254.6 251.9 248.5 245.8 241 237.1 233.1 230.8 230.3 231.4 232.1 232.7 233 233.3 234.1 235.5 238.4 241.9 244.3 248.3 253.8 258.6 262.3 265.8 269.5 270.2 270.9 268.7 266.1 262.5 257.9 253.2 247.8 243.2 236.9 230.5 224.7 221 217.3 215.8 214.3 212.9 214.4 213.9
262.8 258.8 257 257.2 256.6 260.3 265 270.3 271.3 272.7 275.6 276 275.8 276 275.6 274.1 272.5 270.9 269 267.3 265.9 265.8 266.7 267.2 266.6 266.8 267.3 266.3 265.4 265.9 264.8 263.6 262.1 259.4 256.6 254 251.8 249.4 246 241.7 237.1 233.9 229.5 227.8 229.4 230.1 230.7 231 231.2 231.3 232.6 235.6 238 240.3 243.4 248.9 253.7 258.2 262.2 264.8 265.5 266.5 268.5 267.1 264.6 260.7 256 251.5 246.9 240.6 234.3 228.1 223.6 220.2 217.5 216.3 215.8 215.5 214.9
254.7 250.5 251.2 251.5 251.2 252.8 255.5 259.1 261.3 263.3 266.8 269.3 269.2 268.7 268.1 267.3 265.7 264.2 263.9 263.1 261.8 260.4 261.2 261.3 261.3 261.4 262 261.4 262.4 263 262.7 262 261.1 259.4 256.7 254 251.3 249.4 246.4 242 238.8 234.6 232.8 229.6 226.7 226.5 226.5 227.6 228.4 228.6 230.6 232.4 234.4 236.8 239.7 244 249.3 254.2 258.6 260.1 262 264.5 266.5 266.6 265.5 263.5 258.6 254.2 249.2 243.3 237.5 231.6 226.2 223.1 221.2 218.6 217.1 216.6 216
250.5 249.3 248.1 248 247 245 247.2 251.1 255.4 257.8 260.8 261.2 262 262.2 260.9 258.9 259.8 258.2 258.4 258.5 257.5 256.5 257.6 257.2 256.6 256.9 257.3 258 259.4 260 259.7 259.7 259.2 258.1 256.5 254.4 251.2 249.5 247.5 243.7 240.6 236.5 234.6 232.5 228.9 226.9 225.7 225.1 225.3 226.4 227.5 229.2 231.5 234.6 237.6 240.6 245.5 250.5 254.9 257.4 259.9 262.4 264.7 265.6 265.6 263.5 260.1 255.9 251 245 239.2 233.6 228.7 226 223.4 220.8 218.4 217.8 217.3
247.4 247.7 246.6 244.5 243.2 242.2 241.5 245 249.1 251.4 254.1 255.6 256.3 256.9 256.1 254.9 255.6 254.9 254.1 254.7 254.4 253.4 253.6 253.1 252.5 252 253.5 254.5 255.3 256.4 256.7 256.6 256.6 255.8 253.8 252.1 251.1 249.3 247.6 245.6 242 237.8 235.2 233.3 231.2 230 227.8 220.3 223.5 224.5 224.8 226.3 228.3 231.3 234.4 236.9 241.9 245.9 250.1 254.5 257 259.5 261.8 263.6 264.8 263.7 261.3 258 252.4 246.5 240.9 235.3 231 228.2 225.5 222.9 220.6 220.1 219.6
244.9 245.8 245 243.5 240.6 239.2 238.4 239.4 240 242.5 246.4 247.8 249.9 251.2 251 249.8 250.2 250.9 250.9 250.8 250.1 249.9 249.5 249 248.5 248.1 248.4 249.1 250.2 252.3 253.2 253.5 253 252.2 251.7 251 250.3 248.9 247.4 245.6 242.9 238.1 235.5 233.7 232.1 231.4 229.5 224.8 220.2 222.3 222.7 223.4 225.3 228.1 231 232.8 238.1 241.7 245.4 250.4 254.1 256.5 258.8 259.5 259.9 260.3 259.5 257 253.2 248.3 242.8 238.6 234.4 230.9 227.6 224.9 222.9 222.4 221.9
241.6 243.4 242.2 242.1 239.8 237.2 235.6 237.3 236.7 238.4 240.2 242.1 243.6 245.3 245.4 244.5 244.4 245.7 246.6 247.5 247.5 246.2 245.4 244.9 244.6 244.4 244.3 244.2 244.6 247.8 248.9 249.9 250.5 250.3 250.2 249.7 249.1 248.8 247.5 245.2 243.1 238.4 235.5 233.5 231.1 231 229.4 228.2 217.5 220.1 220.5 221.3 222.4 224.9 226.9 228.7 233.9 237.7 241.5 245.1 249.4 252.3 254.8 255.2 255.4 254.6 253.8 252 250.1 247.7 244.9 241.9 237.4 235.3 231.9 228.1 225 224.2 223.7
237.2 237.1 237.4 237.2 236.1 234.8 233.1 233.5 233.6 231.6 232.8 233.8 236.1 238.2 237 237.8 237.5 240 241.9 243.1 243.2 242.8 241.5 241.6 241.5 241.5 241 240.6 241.2 243.6 244.8 245.7 247 247.4 247.3 247.4 246.8 246.3 245 244 241.2 237.3 233.9 230.9 228 228.6 227.8 224.2 219 216.9 218.3 219.1 219.5 221 222.2 224.4 228.2 231.7 234.9 238.1 242.8 247.3 249.9 251.4 250.5 249.7 248.6 247.5 245.7 244.3 242.9 241.2 239.4 236.7 235.3 231.6 227.6 225.6 224.8
232.6 232 233.1 232.2 231.8 231.2 230.2 229.5 228.1 226.1 224.4 224.3 223.4 224.2 224.8 227.8 228.5 230.9 235.7 237.8 237.4 237.6 237.4 238.3 238.3 237.6 236.8 236.8 237.3 238.2 239.9 241.6 242.7 243.7 244.2 244 243.4 242.4 240.3 240 237.8 234.7 231.9 229.2 226 224.2 222 219.5 217 214.1 216.3 216.9 217.2 218.8 220.3 221.2 223.7 226.8 230.4 233.9 238.2 242.9 244.5 246.9 247.1 246.4 244.8 243 241.6 240.1 238.6 237.8 237.2 236.3 234.9 233 230.5 226.7 225.9
230.4 229.9 229.6 228.8 228.1 227.8 226.8 225.4 224.2 221.4 219.8 218.9 217.5 217.5 217.5 219.5 220.7 223 226.4 230.5 232.4 232.7 231.9 231.8 232.2 231.5 229.1 229.9 231.2 232.3 233.9 236.4 237.5 238.6 238.9 239.5 238.5 238 235.3 233.5 233.3 230.3 229.2 227.2 222.7 219.5 217.3 216.3 213.4 212.8 213.7 215.4 216.2 217.2 217.8 218.4 220.7 223.8 227.3 230.9 234.9 239.5 240.9 242 243.7 242.9 241.1 240.2 239.2 237.5 236.5 236.3 235.7 234.9 233.1 231.6 230.1 227 228.2
230.8 226.1 225.9 226.6 224.1 224 223 222.9 221 217.7 216.3 215.8 214 212.2 212.2 213 213.9 215.1 218.1 222 224.6 226.5 226.1 226.7 226.5 225 224.7 225 226 227.3 229.8 231.2 232.3 233.3 233.7 232.8 232.4 232.3 230.7 228.1 227.5 226.3 225.6 222.8 219.8 216.8 214.2 212.7 210 210.1 210.9 213.3 214.4 214.6 214.9 215.6 217.7 220.8 224.3 227.9 231.9 236 237.5 238.6 240.1 239.2 238.3 237.5 236.6 235.6 234.7 234.5 234.2 233.5 232 231.3 230.9 229.4 230
233.3 230.2 227 226 224.4 221 220.4 218.8 216.4 214.8 214.2 213.5 212 212.8 211.2 210.5 212 213.2 213.2 215.1 216.6 218.2 219.4 220 218.5 219.1 221.3 222 222 223.2 225.7 226.4 227.4 228.6 229.7 229.5 227.8 226 225.1 223 220.2 219.8 218.7 216.8 215.5 212.6 211.5 210.3 208.5 208.6 209.5 211.1 212.6 212.7 212.7 213.2 214.9 217.7 221.3 224.9 229.5 233.4 235.3 236.1 237 236.7 235.9 235 234.1 233.3 232.7 232.7 232.5 232.1 231.4 231.3 231.5 231.3 232.1
235.6 233.2 230.8 228.9 227.5 226.3 225.2 224.2 223 221.9 220.5 218.8 216.8 215.4 213.3 209.4 209 209.8 209.6 210.5 209.5 212.2 212.8 211.7 211.9 216.3 217.1 218.6 217.2 216.9 219.3 221.3 223.6 225.1 226.1 225.1 224.2 223 220.3 218.3 216.4 215.7 214.8 214.1 213.2 211.5 209.5 207.7 206 208 208.5 209.2 210.9 211.7 211.2 211.6 212.6 214.6 218.1 222.8 227.4 230.7 233.2 234 234.6 234.7 233.8 233 232.4 231.7 230.9 230.4 230.3 230.3 229 229.4 230.4 231.5 232.1
237.9 235.6 233.2 230.8 229.6 229 228.3 227.4 226.2 224.7 223.7 222 220.4 218.4 215.4 212.9 211.4 210.9 206.5 207.9 206.5 206.1 204.6 203.3 204.1 207.8 212.1 214.2 213.4 210.1 212.5 215.1 219.2 221.3 221.5 222.2 222.2 220.7 219.4 217.8 216.7 215.6 214.8 214.1 213.3 211.7 210.1 208.3 205.4 206 206.8 207.8 209.1 210.1 209.7 210.1 211 212.1 215.5 220.8 224.7 228.1 230.8 231.9 232.2 232.3 232 231.4 230.7 230.1 229.3 228.3 228 227.9 226.6 227.6 228.8 229.9 231
240.3 238.2 235.7 233.1 231.7 230.6 229.9 229.2 228.6 227.6 226.9 225.3 223.6 220.9 218.3 215.7 213 211.4 209.1 207.5 207.7 207.4 205.8 203.9 197.4 199.3 202.4 204.3 205 203 205.8 209.1 213.8 216.9 218.7 219.7 220.7 220.3 218.9 218.1 217 216.1 215.6 214.9 214.1 212.2 210.4 208.6 206.9 205.4 205.5 206.5 207.5 207.9 207.9 207.7 209.1 210.4 213 218 221.7 225.4 228.3 229.7 230 230.3 229.3 229.1 228.8 227.8 226.3 225.4 224.7 224.3 224.4 225.5 226.6 227.4 228.7
242.9 240.8 238.6 236.7 235.1 234.3 232.8 231.7 231.4 230.9 229.9 228.5 226.3 223.5 220.8 217.4 215.2 213.6 213 213.8 212.4 209.8 208.8 208.3 205.2 201.1 195.3 196.4 198 198.7 200.3 203.4 209.3 213 216.1 217.8 219.7 219.8 218.9 218.4 217.5 216.7 216.3 215.9 215.1 213.2 212.2 210.9 209.2 206.6 203.9 205.1 205.7 205.6 205.5 206.4 207.7 208.5 210.4 214.5 218.3 222 225.4 227.3 228.1 227.9 226.9 225.9 226.1 224.8 223.2 222.2 221.8 221.3 222 223.2 224 224.5 225
245.9 244.1 242.3 240.5 239.1 237.9 236.4 235.4 235.2 234.7 233.3 231.4 229 227.7 225.3 221.5 219.1 216.7 218.7 217.1 215.5 212.5 209.2 208.8 207.8 205.1 200.9 192.7 192.6 193.4 194.5 198.5 204 208.7 212.3 215.8 218.6 219.5 219.4 219 218.1 217.4 217 216.6 216.6 215.8 214.9 213.7 212 209.2 206.2 203 202.7 203.5 204.3 205.3 206.1 206.5 208.2 211.7 215 219.6 221.9 224 226 225.7 224.7 223.7 223.2 222.4 220.3 219.1 218.9 219 219.6 220.5 221.1 221.7 222.1
