Assets/StreamingAssets/GeoData/Data/nc/NC83.asc
ncols 200
nrows 200
xllcorner 280000
yllcorner 930000
cellsize 50
[rows 140 to 174 of 200, columns 0 to 77 of 200]
131.4 131.2 130.9 132.4 132.5 134.2 136.9 137.9 140.8 142 142.9 143.7 145.1 147.6 149.8 151.2 151.9 153.1 154.3 155.5 157.2 158.1 158.8 160 161.6 163.8 166.5 169.8 173.8 179 183.7 188.1 193 198.8 204 207.7 213.1 220.4 224.9 231.5 237.5 242.7 246.4 251.4 256.8 260 261.1 259.9 256.4 259.4 262.4 262.8 262.9 262.9 265.9 267.1 268.3 270.5 270.5 270.6 268.5 266 263.5 257.6 252.3 246.1 238.8 230.7 224.4 219.4 216.3 214.8 214.5 214.8 213.4 212.2 211.4 209.8
128 127.9 126.8 126.9 127.4 129.1 132.5 134.3 136.6 137.6 139.1 140.2 141.8 143.8 145.6 147.3 148.6 149.4 150.1 151.5 152.8 155 155.6 156.6 157.9 160.5 163.4 166.2 168.9 172.7 177.3 181.8 186.7 192 197.1 201.7 206.4 213.3 218.2 224.4 230.7 237 242.2 247.2 251 254.6 256.7 255.3 253.8 255.6 260 260.5 260.6 261.4 263.1 264.4 267 269.6 269.9 272.1 272.1 270.3 266.6 259.6 254.6 247.6 240.6 235.6 228.2 224.1 221.1 219.1 218.9 219.2 218.3 216.3 216.6 217
123.4 123.2 123.2 123.4 123.7 124.9 127.4 130.5 132.2 134.7 136.4 137.7 138.7 140.2 141.5 143.3 145 146.7 146.7 147.6 149.2 151.9 152.5 153.1 154.3 157 159.7 162.4 165.1 168.2 171.7 175.7 180.6 186.2 192.2 197.9 202.8 206.6 212 218.3 224.3 230.3 236.3 240.4 244 248.5 251 251.3 250.9 250.7 254.8 256.3 256.7 258.8 261 261.3 264.1 267.2 270.6 273.8 274.9 272.6 268.2 262.1 257.2 250.6 243.6 238.4 232.7 228.6 225.8 224.1 222.7 222.2 221.6 220.5 221.6 222.6
122.4 122.4 122.6 122.8 122.7 122.7 122.8 124.7 128.3 130.9 132.6 134.2 135.2 136.8 138.1 139.6 142 143.8 144.1 143.7 145.8 148 149 149.8 150.7 153.2 155.9 158.6 161.2 164.2 167.7 171.2 175.2 180 185.3 191.3 196.2 200 204.3 210.5 217.6 223.5 229.9 234.7 238.9 242.8 244.8 246.3 247.8 246.4 249.1 251.4 252.4 254.1 257.2 257.7 260.5 263.3 267.3 271.9 274.1 273.1 268.4 264.1 258.5 253 246.4 239.8 236.8 233 230.8 229.1 227.2 224.5 225.1 225.3 226.4 227.4
121.7 121.9 122 122 121.9 121.8 121.6 121.5 123.3 124.8 128.7 130.4 131.8 133.5 135.3 136.2 136.8 138.8 140.1 140.5 141.1 143.9 144.5 145.1 147.8 149.5 152.1 154.8 157.5 160.6 164.1 167.6 170.2 175.1 178.8 184.6 190 193.3 197.2 204.8 211 217.2 223.6 228.6 232.7 235.2 238 241.7 244.2 241.9 243.1 246.8 248.5 249.6 250.8 253.8 256.8 259.2 262 266.9 270.4 270.1 266 262.5 259.2 254.2 248.6 241.7 240.9 237 235.1 233.1 230.9 228.4 228.1 229.3 230.4 231.3
121.2 121.2 121.2 121.2 121 121 120.7 120.3 120.3 121.6 123.5 125.3 127.8 129.5 131.6 132.7 133.2 134.1 136.8 137.4 138 138.7 139.9 141.4 144 146.3 148.3 151 154.5 157.4 160.5 163 165.5 170.1 173.4 177.8 183.7 186.7 192.3 197.9 206 211.6 216.8 221.7 225.8 228.4 231.9 236.1 238.4 237 238.4 242.8 244.8 246.4 246.7 249.9 255.4 257 257.4 259.8 264.1 265.8 262.8 259.5 257.9 252.3 246.7 243.5 241.9 239.8 238.3 236.2 234.1 231.9 232.2 233.2 233.9 234.4
120.5 120.5 120.5 120.4 120.2 120.1 119.8 119.4 119.2 119.1 121.2 122.7 124.7 126.7 128.4 129.7 130.5 130.9 131.7 131.6 133.1 134.7 135.9 137.7 140.1 142.4 144.7 148.3 151.3 154.1 156.8 159.2 161.7 164.7 168.5 172.8 176.5 181.1 186.2 192.2 199.6 205.7 212.7 217.6 221.1 223.4 227.9 231.4 231.5 232.2 232.8 236.6 239.6 242.4 242.2 245.8 252.8 252.7 251 253.8 256.6 259.2 258 256.2 253.8 250.2 247.4 244.7 242.4 241.6 240.8 239.3 237.2 235.2 234.9 234.6 235.3 236.6
119.6 119.7 119.7 119.6 119.4 119.3 118.9 118.7 118.7 118.7 118.5 119.3 121.5 123 124.7 126 126.9 126.6 126.9 127.8 128.8 129.6 131.9 134 136.2 138.6 141.2 143.8 147.4 150.6 153 155.3 158 160.8 163.5 166.7 170.3 175.6 180.4 186.2 192.5 200.3 206.5 211.4 217.2 219.4 221.5 226.3 227.3 228.2 229 229.6 233.5 236.7 237.7 241.2 246.9 245.9 244.6 247 250.8 252.9 253.3 251.9 250.8 249.1 248.1 245.9 243.8 243 242 241 239.4 236.9 236 235.4 235.9 236.9
118.4 118.9 118.9 118.8 118.6 118.4 118.2 118.3 118.3 118.4 117.5 117.9 118.7 120.6 122.5 122.7 123.1 123.7 124.1 123.9 125 125.5 127.6 129.7 132.5 135.2 137.6 139.9 143 146.1 149.1 151.4 154.2 156.9 159.3 161.9 165.3 169.1 173.5 180.2 186 193.5 201.1 206.2 213.4 216.9 218.7 221.3 223.7 224.5 224.2 224.4 226.5 230.8 232.8 236.9 239.1 238.1 237.9 239.3 242.4 246.2 247.2 247.5 247.8 247.7 247.6 246.2 243.7 243.4 243.1 242.1 241.2 238.8 236.6 235.7 235.9 237
116.6 117.3 118 118.1 118.1 117.9 117.8 117.9 117.9 118 117.5 116.9 117.3 118.7 120.1 120 119.8 119.8 120.7 119.7 121.9 123.6 125.4 125.8 127.7 131.7 134.5 136.3 139.1 142.1 144.9 147.6 150.2 152.4 154.5 157.3 160.6 164 167.8 174.8 180.2 187.5 194.6 201.1 207.2 212.1 215.1 218.3 219.9 220.5 220.6 221.3 222 225.6 227.8 230 231.8 232.5 232.4 232.2 234.5 238.7 240.3 241.4 243.1 244.7 244.9 243.8 241.9 241.7 241.4 241.7 241.9 240.4 237 235.3 235.1 235.5
116.3 115.8 117.6 118 118.2 117.7 117.2 117.3 117.4 117.6 117.5 116.4 116.6 116.7 117.5 118.3 117.4 117.1 117.4 116.7 117.2 118.2 122.3 123.3 125.6 127.3 130.5 132.5 135.5 138.8 141.3 143.4 145.5 147.6 149.7 152.5 155.8 160.8 165 169.2 174.9 181.1 188 194.2 199.8 205.7 209.7 212.9 215.3 216.8 217.4 217.8 218.3 220 222.6 223 224.9 225.7 226.8 226.9 226.7 228.9 232.5 236.1 237.8 238.9 239 239 239.6 239.9 240.2 240.5 240.8 239.6 236.2 232.9 233.2 233.1
116.4 116 116.1 117.3 117.4 117.1 116.8 116.7 116.7 116.7 116.2 116.1 116.1 116.5 116.1 116.2 116.3 116.3 116.2 115.4 114.5 114.1 114.1 119.8 122.3 124.9 127 128.6 131.6 134.8 137.4 139.2 141.2 143.3 145.2 147.1 150.4 154.8 159.6 163.9 168.5 175.7 181.4 187.2 192.7 197.8 201.9 205 209.1 211.3 213.1 213.6 213.4 213.7 215.9 216 217.3 218.9 220.1 220.2 220 221.3 224.9 229.2 232.5 234.3 235 235.3 235.6 235.8 236.7 237.7 238.1 237.4 233.9 230.9 230.8 230.7
118.9 118.7 116.8 115.8 116.3 116.2 116.4 116.1 115.8 115.9 116.5 115.8 115.7 116.1 115.3 115.5 115.2 114.4 114.5 114.1 114.1 114.1 114.1 114.1 118.1 122.9 124 125 127.4 130.3 133.2 135.6 136.9 138.9 140.6 142.4 145 149.6 154.3 158.8 161.7 167.3 173.2 179.1 184.2 189.6 193.8 197.2 200.8 203.5 207.2 208.5 207.9 207.4 208.5 207.6 209.8 211.7 213.3 213.2 213.1 214.5 217.3 222.1 225.4 228 229.1 229.8 230.3 230.8 232.6 233.5 234.1 233.9 230.7 228.8 227.8 228.1
119.7 119.3 117.9 118 117.8 116.3 115.9 117.5 117.4 117.1 117.1 116.5 115.8 115.7 115.4 115.4 115.2 114.2 115.3 114.1 114.1 114.1 114.1 114.1 114.1 117.5 120.8 122.1 124.2 126.5 128.8 131.6 132.4 134.1 135.9 137.7 139.7 144.1 148.6 153.4 156.5 160.9 165.4 170.2 175.6 181.3 184.6 187.9 192.3 196 200 201.8 202.2 200.8 199.3 199.7 201.8 203.5 205.1 205.8 205.5 207.6 209.7 214.9 218 220.9 222.2 223.1 223.7 224.5 226.1 228 229.1 228.5 228.8 226.8 225 224.6
120.4 119.7 117 119.3 119.4 119.2 118.9 118.9 118.6 118.3 117.9 117.5 116.9 116.1 115.9 116.4 116.3 116.5 114.1 114.1 114.1 114.1 114.1 114.1 114.1 114.1 114.1 114.1 120.6 123.5 124.1 126.9 128.6 130.6 131.3 133 134.6 138.4 143.1 147.9 150.5 154.2 158.9 163.6 167.9 171.5 174.8 178.7 183.4 186.6 190.8 192.3 191.9 191.6 192 191.8 193.8 194.3 195.9 196.4 196.9 199 201.8 205.9 209.1 212.6 214.3 215.2 217.4 218.1 219.8 221.6 222.9 223.6 224.5 224.4 222.5 221.3
121.2 120.6 117.8 119.6 119.8 119.7 120 119.6 119.3 119 118.7 118.4 117.7 116.9 116.1 116.9 116.7 116.1 114.1 114.1 114.1 114.1 114.1 114.1 114.1 114.1 114.1 114.1 114.1 115.8 119.4 123 124.3 125.3 126.1 128.3 129.5 132.7 136 140.9 143.7 148.4 152.4 155.2 159.8 161.8 165.7 169.5 174 176.7 181.3 183 183.7 183.5 183.8 184.4 184.9 185.3 186.4 186.8 188.5 190.3 193.6 196.3 199.4 201.3 204 205.5 208.9 210.6 213.5 215.1 216.5 217.4 219.5 220 219 218.2
121 119.6 120.9 120.9 120.5 121 120.5 120.3 120 119.5 119 118.4 117.5 116.7 116.5 116.9 116.6 116.7 116.3 114.1 114.1 114.1 114.1 114.1 114.1 114.1 114.1 114.1 114.1 114.1 114.1 116.7 121.1 121.3 122.6 123.5 124.8 127.6 131.1 134 136.8 141.5 146.1 149.7 153.1 155.8 157.9 160.8 166.1 169.5 172.4 174 175.1 175.5 176.3 176.3 176.1 176.8 177 177.8 179.1 181.8 185.1 186.9 188.9 192.1 193.9 196.3 200.9 204.5 206.1 208.4 210.3 212.4 214.6 215.1 215.1 213.9
122.1 121.2 122.3 121.8 122.1 121.7 121.1 120.6 120.2 119.6 119 117.7 117.2 116.6 116.8 117 117 117.3 116.6 114.1 114.1 114.1 114.1 114.1 114.1 114.1 114.1 114.1 114.1 114.1 114.1 114.1 114.1 115.2 117.8 118.9 122 122.9 125.9 128.8 131.5 134.9 139 141.4 144.3 149.1 151.6 153.9 157.9 162.6 165.5 166.3 167.1 168.9 169.2 169.2 169.2 168.3 169.1 168.5 170.3 173.2 175.9 177.5 179 182.2 185.2 187.8 191.9 195.5 198.2 200.5 203.3 206.2 208 210.4 210.7 209.9
122 122.9 123.3 123 122.7 122.3 121.7 121 120.5 119.7 119.1 117.4 117 117.4 117 117.2 117.6 118.1 117.8 117.2 116.3 114.1 114.1 114.1 114.1 114.1 114.1 114.1 114.1 114.1 114.1 114.1 114.1 114.1 114.1 115.6 117.9 119.7 122 123.5 126.5 129.8 131.3 133.9 136.6 139.9 144.2 147.5 151.6 155.5 158.1 159.4 160.2 161.4 162 162.2 161.3 160.9 161 160.7 162.4 164.1 166.8 168.9 170.9 172.4 175.2 179 182.2 186.2 189.8 192.7 195.5 198.7 201.1 203.4 205.2 205.1
123.7 124.5 124.3 123.7 123.3 122.9 122.3 121.6 120.5 119.5 117.9 117.6 118.2 118.7 118.8 118.8 119 118.7 118.3 117.9 116.8 116.1 114.1 114.1 114.1 114.1 114.1 114.1 114.1 114.1 114.1 114.1 114.1 114.1 114.1 114.1 114.1 114.1 116.9 119.6 122.5 124.7 126.2 128 129.7 132.1 136.2 140.1 143.8 148 150.3 152.2 154 154.8 154.8 154.5 153.2 153.3 152.3 152.3 153.4 155.8 158.1 159.9 162.1 163.8 167.4 170.5 174.2 178.3 180.7 184.8 187.5 190.5 193.5 195.9 197.7 199.2
125.1 125.5 125.4 124.5 124 123.6 122.6 121.6 120.4 119 118.4 118.5 119.7 120 120 120.1 119.8 119.2 118.9 118.6 117.6 117.2 116.5 114.1 114.1 114.1 114.1 114.1 114.1 114.1 114.1 114.1 114.1 114.1 114.1 114.1 114.1 114.1 114.1 114.1 119.3 121 122.6 123.7 125.1 128.5 132.2 135.5 137.5 140.6 142.8 145.2 146.7 148.1 148.1 146.8 145.2 145.1 143.8 143.3 145 148 150.2 151.8 152.7 155.7 157.5 160.9 165.5 169.5 171.1 175.2 179.8 182.7 185.6 188.1 190.4 192.5
126 126.4 126.6 125.3 124.8 124.3 123.1 121.6 120.3 119.5 119.2 120 121.2 121.1 121.1 121.2 120.9 120.3 119.7 119.2 118.8 118.6 117.9 116.4 114.1 114.1 114.1 114.1 114.1 114.1 114.1 114.1 114.1 114.1 114.1 114.1 114.1 114.1 114.1 114.1 114.1 115.9 119.8 120.3 121.7 124.7 126.6 129.6 132.6 133.9 135.4 138.2 140.2 140.6 140.8 140.2 138.4 137.6 135.6 134.4 136.5 139.2 141.4 142.9 144.9 146.9 150.2 152.2 155.5 159.9 162.3 167.2 170.7 173.9 177 180 182.4 183.3
127.5 127.4 127.7 126.2 125.6 125 124.1 122.6 121 120.5 120.5 121.6 122.5 122.3 122.3 122.3 122.1 121.4 120.8 120.4 119.7 119 118.5 117.9 118.1 117.4 114.1 114.1 114.1 114.1 114.1 114.1 114.1 114.1 114.1 114.1 114.1 114.1 114.1 114.1 114.1 114.1 114.9 117.5 118.9 121 122.9 124.2 126.4 127.9 130.7 132.8 133 134.3 134.6 133.6 131.6 129.7 129 127.6 128.8 130.6 132.4 134.3 135.7 137.8 141.4 143.4 146 150.4 154.2 158.1 160.6 163.9 167.7 170.7 173.1 175.4
129.3 128.3 128.7 127 126.4 125.7 124.6 123.7 122.2 122.1 122.1 123.2 123.8 123.6 123.4 123.4 123.2 122.6 122.1 121.8 121.2 120.5 119.7 119.3 119.1 119.2 117.7 115.1 117.2 116.5 114.1 114.1 114.1 114.1 114.1 114.1 114.1 114.1 118.9 117.2 114.1 114.1 114.1 116.5 117.7 117.9 119.8 119.5 120.9 122.4 123.7 126.7 126.4 127.1 127.1 126.4 124.8 123.3 122.8 122.9 122.9 123 123.9 125.1 126.2 129.3 132 134.1 135.5 139.7 144.1 148.7 152.2 155.5 158.6 160.5 163.5 165.3
130.8 130.2 129.6 127.8 127.2 126.2 125.4 124.7 123.8 123.7 123.7 124.8 125.1 124.9 124.7 124.6 124.4 123.9 123.6 123.2 122.6 121.9 121.2 120.9 120.8 120.6 119.7 117.7 119.3 119.8 118.4 118.6 118.7 115.9 118.6 119.5 118.6 119.7 119.4 118.3 117.3 116 114.1 115.5 116.9 117.1 116.8 117.5 117.7 120.1 120.5 121.2 121 120.7 120.2 118.5 119.2 119.9 119.9 118.6 119.5 120.6 120.3 120.2 120.1 119.2 119 120.9 124.6 128.9 133.2 138.6 141.8 145.1 148.8 151.2 152.6 156.1
132.4 132.2 131 129 127.9 127.4 126.9 126.4 125.3 125.5 125.7 126.5 126.5 126.3 126.1 125.8 125.6 125.3 125 124.5 124 123.4 122.7 122.6 122.4 122.2 121.3 119.5 120.1 121.4 120.4 120.6 121 121.4 121.8 122.1 120.8 120.7 120.7 119.3 118 116.4 114.1 114.1 114.1 114.1 114.1 114.7 115.4 114.5 118.2 118.8 118.2 118.2 117.7 116.5 114.8 114.8 114.4 115.3 115.2 115.9 115.2 114.5 115.1 114.6 114.7 114 113.8 116 120.1 127.9 131.5 135.2 138.8 140.3 143 144.8
133.5 133.7 133.1 131.7 130.2 129.9 129.6 129 128.3 128.1 127.9 127.7 128 128 127.8 127.8 128 126.9 126.5 125.9 125.4 124.8 124.4 124.2 124.1 123.5 122.5 121.3 121.6 122.8 122.5 122.8 123.1 123.3 123.5 123.4 122.5 123.5 121.6 119.9 119.2 118.5 116.4 116.1 116.5 117.3 119.4 119.8 120 117.1 114.1 114.1 114.9 114.1 114.1 114.8 118 117.6 115.6 118.2 118.7 118.6 118.3 117.7 117.3 116.9 117.5 117.4 116.9 114.9 113.4 113.3 118.6 124.4 127.6 129.5 130.6 132.3
135.1 135.4 134.8 133.7 132.5 132.2 131.9 131.8 131.4 130.8 130.4 130.6 130.3 129.8 129.8 130.3 130.3 130 130.4 128.5 127.5 127 128 126.9 125.9 125 124 123.7 123.9 124.2 124.5 124.8 125 125.2 125.5 125.1 124.5 124.1 123.4 122.6 121.3 120.5 119.6 119.2 119 120.4 120.6 120.9 121.1 120.5 120.7 120.7 118.7 119.5 118.8 119.8 119.8 119.3 116.8 119.7 120.3 120.1 119.9 118.7 118.4 119.4 120.7 121.2 120.6 120 118.2 115.3 114.1 115.3 115.5 116.5 119.2 122.6
136.7 137 136.2 135 134.8 134.5 134.3 134.3 133.7 133 133 133.2 133.3 132.9 133.6 133.7 134 133.9 132 130.5 129.9 129.4 129 128.4 127.5 126.9 126.4 126.1 126.3 126.6 126.6 126.9 127.1 127.4 127.3 126.8 126.3 125.9 124.8 124.8 123.8 122.9 122.5 122 121.8 121.9 122.1 122.2 122.3 122.4 122.6 121.9 122.1 122.4 120.6 120.7 120.7 120.4 118.5 120.7 121.6 121.2 120.9 120.4 121.1 122.2 122.5 122.5 122.3 122 120.6 118.8 115.7 112.5 112.9 112.8 112.8 113.7
139.4 137.4 136.9 137 136.9 136.7 136.8 136.8 135.8 135.4 135.5 135.7 135.9 136.4 137.6 137.1 136.9 136.3 135 133.5 132.5 131.6 131 130.3 129.7 129.2 128.8 128.6 129.3 128.9 128.8 129 129.2 129.5 129 128.5 128.2 127.9 127.5 126.9 126.1 125.7 125.3 124.8 125.1 125 124.6 124.3 124.2 124.4 124.2 123.5 123.3 123.6 122.1 122.1 121.9 121.5 119.4 121.8 122.9 122.5 122.3 122.3 122.9 123.3 123.5 123.6 123.4 123.2 122.5 121.5 120.5 118.4 119.9 118.6 116.9 111.8
141.3 140.4 140.3 139.1 139.1 138.9 138.3 138 138 137.9 138.1 138.3 138.5 140.7 140.2 139.6 139.4 138.7 137.9 136.5 135.5 134.6 134.3 132.6 132 131.6 131.1 132 131.7 131.2 131 131.1 131.4 131.2 130.8 130.5 130.2 129.9 129.5 129.2 128.7 128.3 127.8 127.4 127.4 127.1 126.6 126.4 126.2 126.3 125.8 125.1 124.5 123.9 123.9 123.5 123.1 122.7 122.1 122.4 124.2 124.3 124.3 124.3 124.2 124.4 124.6 124.6 124.5 124.2 123.9 123.6 123.3 121.1 121.5 120.4 120.8 119.7
144.3 143.4 143.2 142.3 141.7 141.5 141.3 141 141 140.9 141.3 141.6 142.7 143.9 142.8 142.3 141.9 141.2 140.4 139.4 138.5 137.6 136.5 134.9 134.4 133.9 133.6 132.9 133.5 133.4 133.2 133.3 133.5 133.1 132.8 132.5 132.2 131.9 131.6 131.1 130.7 130.2 129.7 129.4 129.2 129.2 128.7 128.4 128.2 128.1 127.4 126.7 126.1 125.6 125.2 124.7 124.3 123.8 123.3 123.8 125.7 125.9 125.9 125.8 125.7 125.6 125.6 125.7 125.4 125.4 125.4 125.4 125.1 124.3 122.8 122.6 122 120.8
146.4 146.7 146.3 145.1 144.8 144.2 144.2 144.3 145.1 144.9 144.7 144.8 145.6 146.8 147 145.3 144.4 143.7 143.7 142.6 141.7 141.2 139.5 137.9 137.4 137.1 136.8 135.1 135.9 136 136.1 136.2 135.5 135.1 134.8 134.5 134.3 133.9 133.5 133 132.6 132.1 131.7 131.4 131.2 131 130.7 130.5 130.2 129.7 129 128.4 127.7 127.1 126.5 125.9 125.4 125 124.6 125.5 127.3 127.5 127.4 127.3 127.3 127.2 127.2 127.2 127.2 127.2 127.1 127.1 126.8 126 125.2 124.5 123.3 121.9
149.3 149.4 149.2 148.4 147.9 147.5 146 147.6 148.3 148.7 148.5 148.6 150.8 150.4 150.8 149.6 148.5 147.9 147.4 145.8 145.3 145.1 143 141.6 140.7 140.3 138.4 139.1 139.5 139.6 139.6 139.1 138 137.2 136.9 136.6 136.3 135.9 135.4 134.9 134.5 134 133.7 133.5 133.2 133 132.7 132.3 131.5 130.9 130.6 130 129.4 128.8 128.3 127.7 127 126.4 125.7 126.9 128.9 129 129 128.9 129 129.1 129.2 129 128.9 128.9 128.9 128.8 128.5 127.7 126.9 126.2 125.1 123.9
152.2 152.8 152.3 151.8 151.3 150.8 149 150.4 151.1 151.6 152.2 152.4 154.5 155.9 155.1 154.4 153 151.3 149.6 149.1 148.7 147.9 146.5 144.7 144.1 142.1 139.7 142.8 143.2 143.2 142.9 142.1 140.5 139.7 139 138.7 138.2 137.8 137.3 136.9 136.4 136 135.6 135.2 134.8 134.4 134.3 133.5 132.7 132.1 131.9 131.6 131.1 130.5 130 129.4 128.5 126.7 125.5 128.8 130.4 130.7 130.8 130.9 131 131.1 131.2 130.9 130.7 130.7 130.7 130.5 130.2 129.4 128.7 128 127.3 126.6
