Assets/StreamingAssets/GeoData/Data/nc/NC91.asc
ncols 200
nrows 200
xllcorner 290000
yllcorner 910000
cellsize 50
[rows 35 to 69 of 200, columns 0 to 77 of 200]
187.1 186.4 184 180.7 175.2 167 162.1 157.3 148.8 142.4 140.3 134.8 144.8 155.3 164.5 170.8 174.5 176.8 178.6 177.2 175.5 173.6 171.7 171.5 171.6 170.2 165.7 163.4 160.3 157.4 154.5 152.6 147.3 136.6 140.7 143.4 145.6 148.5 150.8 155.2 161.2 163 166 166.8 167.8 169.5 177.4 181.9 179.9 177.1 171.6 160.3 140.6 143.2 154.3 169 185 200.8 215.5 227 238.8 248.3 255.7 261.9 266.8 268.4 268.4 258.4 250.1 240.7 228.9 219.1 209.1 198.6 191.9 180.3 171.2 163.7
191.1 190.2 187.9 184.6 180.3 172.5 166.2 157.3 151.7 147.5 140.8 142.4 153 164.9 176.8 184.8 191.8 195.4 196.1 197.2 193.1 188.8 182.8 178.8 177.7 173.4 167.6 165 161.6 157.4 154 147.8 146.3 147.9 148.5 150.2 152.4 154.5 157.2 161.2 167 168.9 172.5 173.6 172.1 178.2 184.6 186.9 187.5 185.4 180.7 172.2 159 138.4 145 157.9 171.3 187.2 202.5 218.7 234.6 243.9 257.8 269.1 276.4 281.5 284.8 282.4 277.2 266.6 254.5 244.6 234.6 224.3 215 205.6 195.7 185.5
194.2 192.6 190.3 187.2 182.8 176.6 169.3 160.5 156.1 148.8 141.6 147.5 161.4 173.1 185.2 194.7 203.6 211.2 214.9 215.3 209.7 202.5 192.3 185.1 178.8 174.9 172.6 170.6 163.6 158.8 153.1 152.4 152.9 153.9 155.5 157.6 159.6 162 164.3 167.9 171 175.5 178.7 175.4 177 185.1 191.6 194.1 195 194.9 189.3 182 172.5 157.2 148.4 147.2 157.6 172.5 189.9 208.7 223.1 235.2 250.3 264.7 277.9 284.5 289.4 293.7 294 289.2 279.4 268.2 256.1 246.2 237.7 227.9 212.7 200.7
196.3 194.1 191.1 186.6 182.8 177.7 169.4 163.7 157 145.2 144.7 157.3 167.9 177.8 189.7 202.1 214.1 225.7 231.5 230.3 222.7 211.5 199.8 190 184.1 181.4 179.1 172 167.1 161.6 157.6 156.5 157.5 160.5 161 165.4 167.8 168.4 171.4 173.4 175.6 181.9 181.2 181.4 184.9 189.2 197.9 202.2 200.9 202.7 201.4 196.8 185.4 174.7 163 156.4 152.6 160.4 175.5 197.5 212.6 227.2 242.5 257.4 269.6 281.1 290.4 297.2 304.7 304.4 300 289.4 274.9 265.7 253.1 240.6 226.6 209.6
196.2 193.8 191.1 185.5 181.3 174.8 169.3 163.4 150.8 153 160.1 166.3 174.1 183.8 194.4 208 222.9 236.9 243.1 239.7 231.5 220.3 211.8 200.4 191.2 183.4 178.4 175.1 169.8 164.4 162.6 163.4 164.4 166.5 170 172.2 173.1 174.6 178.3 180.6 182.4 187.8 185.3 189.3 192.3 193.5 202.6 208.6 211.4 212.3 208.5 201.6 193.8 186.9 178.2 169.7 163.1 160.2 164.3 183.7 202.7 219.3 234.1 248.7 261.5 273.5 286.2 295.3 304.3 308.7 308.1 301.7 290.8 277.1 263.1 249 236.9 218.7
195.3 192.2 188.1 183.4 178.1 172.5 167.8 158.1 154 162.2 165.5 171 178.5 189.2 200.7 216.5 232.5 245.3 250.5 249.8 249.1 232.4 214.5 207.6 195.2 189.2 182.2 177.1 170 163 166.5 168.6 170.4 173 175.6 178.4 179.1 180.6 184.3 188.3 188.4 191.3 192.5 197.4 198.4 200.8 206.7 215.7 218 220.4 218.1 208.9 208.7 198.3 190.6 186.2 175.8 171.7 167.9 173.4 191.1 209.2 221.9 235.2 249.6 261.3 274.8 289.5 299.8 306.8 310.5 308.3 300.8 287.2 273.2 259.2 245 232.1
193.8 190.3 186.4 181 174.2 170.9 163 154.6 164.3 168.1 171.7 176.6 183.8 196.5 210.3 224.6 238.7 249.6 259.5 269.8 261.5 243.4 222 210.4 200.5 191.3 184.5 176.8 169.9 168.9 168.9 172.6 176.8 178 181.5 183.2 184.2 187.1 189.5 189.2 191.7 196 198.3 201.5 204.8 208.3 211.9 220.4 225.7 228.9 226.8 224.6 216 210.2 203.5 199.2 190.6 185.9 178.2 173.2 182.2 196.3 210.1 224.6 238.4 250 264.6 279.7 295.2 304.1 310.7 312.6 309 297.2 283.4 270.2 257.7 243.6
191.9 188.4 183.7 177 174 169.1 158.9 169.2 172.2 174.9 179.3 182.6 194.3 204 217.4 228.9 242.6 254 272.6 280.6 267.7 247.4 228.1 214.4 201.5 192.5 185 177.5 176.5 171.6 173.1 178.2 182.7 185.3 188.5 191 193 195.6 197 198 198.4 202.4 207.1 210.6 213.3 216.5 219.8 225.6 229.9 233.3 230.8 228.5 227.3 224.3 218.7 213 204.7 200.4 185.7 183.1 182 186.4 197.3 210.3 227.5 242.7 255.5 271.2 286.6 301.1 310.2 314.6 315.3 308.1 294.9 281.6 269.9 260.7
189.6 185.6 178.5 176.4 171.8 163.9 170 176.5 179.4 182.5 186.2 189.6 200.9 210.8 223 233.1 246.3 263.4 282.6 281.3 265.6 247.1 229.5 214.7 202.9 192.3 183.7 186.8 184.4 176.3 179.6 184 189.3 192.9 197.7 199.1 200.6 204.6 207.7 209.6 211.3 216.3 218.5 221.3 224.2 226.8 229.8 233.5 236.6 239.1 238.7 237.8 236.3 235.2 230.2 223.6 215.2 203 201 196.9 195.2 194.1 197.4 203 217.9 233.2 248.8 263.5 279.3 294 306.2 314.9 318.4 315.4 304.4 291.4 278.5 268.7
185 181 178.7 175.9 167.4 174.6 179.4 182.5 184.9 187.8 192.5 198 205.9 214.6 226.9 237.3 257.1 275.1 290 278.4 256.4 243.8 229.1 215.9 202.7 196.4 194.9 192 190.1 183.2 187.1 191.8 197 200.3 206.4 207.7 210.2 216.6 220.9 223.5 225.5 229.3 229.3 230.5 233.1 236.5 241.1 245.1 246.1 245 247.8 248.1 245.1 242.4 237.8 233.5 222.1 217 214.3 212.1 209.4 207.1 209.9 211.5 212 227 241.8 258.3 272.4 285.9 298.6 307.5 313.4 316 312 300.4 288 273.1
182.4 180.4 177.8 170.6 175 180.6 183.2 185.9 189.4 193.3 197.8 203 209.9 222.5 233.8 250.3 266.8 282 284.9 269.5 252.8 236.2 224.4 210.9 206 205.3 202.5 199.9 195.4 189.8 194.3 201.2 205.6 210.6 216.8 218.2 223.5 227.8 230.9 234 237.8 239.2 241.7 242.1 244 246.4 248.8 254.5 256.7 256 255.8 257.5 254.8 251.3 246.6 240.1 231.9 228.5 226.1 223.7 222.5 220.3 223.1 225.2 226.6 223.5 236.9 253.2 268.1 281.6 294.3 304 310.5 314.2 311.4 299.6 286 272.3
179.9 177.5 174.5 176 180.1 185.3 187.9 190.9 196 199.1 205.6 213.1 220.8 231.1 242.6 258.5 273.5 283.7 275.2 258.5 242.6 225.3 215.4 217 215.3 212.5 210.3 207.8 204.2 195.6 203.1 210.6 215.4 222.8 228.1 232 235.7 239.4 241.2 245.3 250 254.2 258 260.5 260.9 259.7 262.3 262.7 263.9 266.2 268 266.6 261.8 258.3 253.9 244.7 243.1 240.2 237.8 235.5 234.3 234.2 236.2 237.6 239 236.8 235.9 250.6 264.5 277.3 290 300.6 306.1 311.2 305.9 294.7 280.9 270
182.5 181.7 182.2 182.4 186 189.6 192.6 197 202.2 207.2 213.5 219.5 227.6 238.7 251.5 265.9 276 275.6 263.6 245.2 226.4 225.9 226.3 226 224.1 220.9 219.6 216.9 213.6 202.9 212.7 223 229.7 236.4 241.2 245.3 246.1 249.4 252.5 260.8 263.2 267.6 270.7 272.7 275.4 276.9 278.2 274.1 273 273.2 275.3 274.7 270.2 266.1 261 257 254.8 251.9 249.4 247.6 246 247.3 248.7 250.1 251.4 248.2 247.1 252.1 262.9 273.6 285.8 297.5 303.8 307.7 299.3 288.6 275.4 265.7
185.2 186.4 188.5 188.7 191 195 198.3 204.4 208.8 213.6 218.4 225.5 236.1 247.9 259.3 270.7 274.7 265 250.6 231.2 235.4 236.1 237.5 237.6 236.4 232.4 230.7 228.1 222 207.6 222.9 234.4 241.8 245.9 251.7 256.4 260.8 265.6 269.5 271.7 276.9 280.9 283.4 288.7 290.9 289.9 291.7 293.1 290.1 283.3 283.1 282 278 273.4 268.1 266.2 264.6 262.9 261.3 259.8 259.1 260.1 261 262.4 261.2 258.6 257.6 255.4 266 275.7 285.3 295.3 300.6 301.6 294.6 284.5 273.7 259.1
191.3 193 193.9 194.6 196.3 199.6 204.1 208.9 214.1 218.6 223.5 236.3 246.5 258.8 266.8 274.4 267.5 252.6 237.9 243.2 246.5 247.4 250.3 251.1 247.6 246 240.4 235.8 230.8 219 231.6 245.5 256.3 263.7 267.2 271.6 276.8 279.2 282.5 287.7 290.1 291.8 297.5 299.6 302.5 306.6 307.9 306.8 306.7 304 295.7 290 288 282.8 277.6 275.1 275.8 274 272.4 271.7 271.7 272 272.9 272.5 270.2 266.2 263.4 263.8 268.3 275.9 285.5 291.7 295.4 294.8 289.8 283.4 273.5 258.9
197.1 198.2 198.7 200.8 201.7 205 210.2 215.2 218.6 225.1 237.2 246.5 261.5 271.5 273.7 270.7 255.3 246.8 249.5 254.5 256.3 259.9 263.7 266.6 265.1 259.2 253 246.1 240.3 225.5 239 255.6 267 274.6 281.1 284.1 290.2 293.6 298.9 300.9 305.5 309.1 311.9 315 318.4 318.4 320.1 320.4 319 313.3 307.7 303.1 299.3 294 288.6 286.1 283.4 282.8 282.8 283.2 283.5 283.9 283.4 280.4 277 273.3 271 269.9 273.3 280.5 287.5 293.4 296.8 293.8 288.7 283.4 278.5 261.8
200.9 202.2 204.7 207 208.1 210.7 215.4 220.8 225.6 237.2 248.3 261.6 275.4 282.8 281.2 264.1 252.9 255.4 261.4 267.7 270.9 276 279.9 281.8 281.9 276.9 268.3 260.3 252.6 233.5 250.6 265.4 277 286.6 295 299.3 301.4 308.8 312.3 317.6 320.8 323.3 326.1 329.6 329.5 330.3 331.4 330.8 328.4 326 320.8 314.8 309.3 305.2 299.3 296.9 292.7 291.3 291.6 292.4 293.8 295.1 290.8 287.5 284 281.3 278.8 276.7 280.7 285.1 292 297.4 300 297.4 290.2 281.4 272.8 264.1
205.4 207.9 209.7 212.9 214.9 217.1 220.9 226.9 238.4 250.4 263.4 276.6 286.3 288.7 277.9 260.5 263.8 270.5 275.8 279.3 285.2 290 292.5 297.6 300 295.9 285.1 274.3 259.3 240 259.5 274.3 284.5 296 306.6 313.9 319.5 323.6 327.6 333.6 337 338.9 341.5 342.6 343.2 342.5 341.2 337.8 337.4 335 331.5 326.9 320.8 314.6 311.1 307.2 303.5 301.9 302.1 302.2 301 302.3 298.7 294.7 292 289.4 286.6 284.2 285 289.1 294.8 298.1 299.5 296 289.3 281 267.6 260.5
210.4 213.4 216.3 218.5 221 224.2 228.5 238.8 253 265 279.2 289.2 293.2 289.8 274.8 268.9 275.7 281.9 285.6 292.5 300.1 305 312.4 317.2 318 309.3 296.8 280.6 261.8 255.1 269.6 282 293.8 307.7 317.2 325.7 332.1 338.1 344 345.8 351.1 352.8 354.8 354.8 355 354.4 353.1 351.8 347.9 344.2 340 334.4 330.2 327.6 321.7 317.5 315.1 312.6 311.4 310.1 310.7 308.8 307.6 305.1 301.1 297.3 294.7 292.6 292.7 293.6 295.8 296.4 296.8 294.4 286.3 279.1 267.3 253
215.7 219.4 223.4 225.5 228.5 232.6 238.8 251.8 267 279.6 294.2 303.5 303.1 291.1 273.5 279.8 285.2 290.9 298.5 306.4 313.8 322.8 331.7 335.8 332.4 318.7 301.1 281.5 259 268.4 279.9 292.3 303 316.4 327.8 337.5 344.7 351.1 357.5 362.1 364.9 367.2 368.6 368.6 367.6 367.1 365.8 363.6 360 355.7 351.9 346 341.2 334.1 333.6 327.9 322.7 319.9 318.3 320 318.9 319.1 316.8 312.9 309.7 305.7 302.8 300.9 300.8 300.8 300.7 297.4 294.8 290.7 283.6 273.5 263 252
221 226.3 231.1 233.9 236.8 242.3 250.5 266.9 281.4 294.8 307.8 313.8 305.8 293.8 281.5 287.8 294.1 300.7 310.1 321.8 330.5 339.2 348.3 352.8 340.9 322.6 300.5 277.7 268.9 277.8 287.8 300.4 311.5 324.2 336.5 345.2 356.4 364.7 372.1 376.1 379.5 382 381.7 383.4 382.8 380.4 378.6 377.2 372.2 367.4 363.1 358.7 352.8 349.4 343.7 341 334.5 329.5 329.9 329.4 328 328.4 324.9 320.7 317.9 314.1 311.1 309.2 308.5 308.2 308.3 305.3 300.5 292.7 283.2 272.2 260.9 250.8
228.7 236 242 246.1 249.6 255.1 266.4 281.7 294.8 306.8 317.4 318.1 308.1 294 292.5 296.7 302.2 312.2 324.9 336.1 346.4 355.4 361.8 361.9 341.6 318.2 294 275.8 279.6 288.4 299.2 309.4 320.9 334.3 346.3 355.5 367.4 375 384.2 388.6 392.2 394.9 395.7 396.4 396.4 396.1 393.4 389.8 385.9 379.8 374.7 370.5 365.1 359.3 356.9 353.4 348.5 343.6 340 338.7 338 337.7 335.1 331.6 328.2 324.4 322.1 320.8 316.3 317.9 318.6 315.7 311.9 303.6 294 280.4 268.7 255.9
239.3 249.5 254.2 260.4 267.6 273.4 283.5 296.1 305.6 314.8 321.1 318.5 311.3 302.1 304.7 306.9 310.8 325.7 335.9 349.1 360.2 367.6 369.1 353.8 335.8 311.6 286.1 287 291.8 301 310 321 330.2 345 357.7 367.2 378.2 387.4 393.8 398.9 403.2 407.5 409.2 409.6 409.5 410.9 406.9 404.6 400.4 392.5 387.3 383.6 379.1 373.2 367.8 363.9 358.6 355.8 350.1 347.7 348.5 348 345.7 342.3 338.5 335.6 334.6 331.7 329.9 329.7 328.7 326.4 322.4 313.5 305 293 279.4 265.8
258 264.7 272.6 281.6 288.7 295.8 303.2 310.9 318.6 324 328.3 322.1 311.8 311.4 313.8 317.8 326.8 339.2 349.7 361.8 373.2 381.1 381.4 368.1 341.5 309.6 293.2 296.9 303.9 313.1 326.7 335.4 343.9 356.7 368.9 379.6 390.3 399.1 405.3 410.4 415.3 417.9 421 424.5 424.2 424.3 420.8 418.8 414.7 410.2 403.9 398.1 393.8 386.3 379.9 375.1 370.1 366.8 363.6 358.9 357 356.3 354.7 352.3 349.9 347.3 344.8 341.9 340.9 339.7 338.8 336 330.8 324.6 316.3 306.4 290.7 276
276.8 284.4 296.8 308 312.5 314.2 321 330 338.9 342.4 338.2 328.9 321.7 327.6 330 334.4 339.5 351.7 361.2 372.6 384.2 390.6 389.3 370.8 344.6 313.9 301.3 305.1 315.7 326.8 339.9 349.1 357.6 367.1 380.1 390.7 404.2 413.2 420.2 426.3 432.6 436.5 437.9 439.4 438.3 437 435 432.4 431.8 427.2 421.3 415.6 409.8 403.4 395.5 389 383.7 379.9 376.9 373.6 370.7 366 363.7 362.8 359.6 357.2 355 353.3 351 349.7 347.6 344.9 340 334.5 327.6 319.1 305.5 290.8
297.5 308.4 323.4 332.3 337.8 338.5 341.2 352.5 357.9 357.2 348.3 337.3 334.4 339.8 343.8 349.3 355 364.7 374.1 383.3 394.3 401 399 376.2 347.8 321.2 307.7 315.1 329 341.5 352.6 362.7 371.4 383.6 395.7 406 420.3 431.5 441.1 451.5 458 461.3 463.7 463.6 463.1 458.9 455.9 452.2 449.7 445.5 439.4 431.1 426.8 421.5 413.8 407.4 403.1 396.5 393.1 387.8 383.9 377.7 374.4 371.1 370.8 368.7 366.1 363.6 360.4 358 355.5 353.7 349.2 344.5 337.6 330.4 316.4 301.8
317.1 332.5 348 359.5 363.8 363.8 368 372.4 372.8 366.1 354.6 349.8 345.9 353.8 358.4 362.9 367.9 375 384.1 393.9 402.7 410.2 409.5 385.8 359.5 335.2 313.6 323.4 337.8 352.8 364.7 378 388.1 401.1 409.9 423.2 436.1 446.8 461.6 475.8 484.6 490.2 492.1 492.2 490.2 486.2 481 475.6 470.9 464.1 458.5 451.7 446.7 439.7 430.5 424.1 418.1 413.9 405.1 398.8 394.4 389.6 385.9 382.3 378.7 379.1 376.5 372.9 369.2 366.1 364 362.1 358.4 353.1 345.3 338.1 325.9 313.6
339.7 356.8 372.5 385.4 392 391.8 388.1 385.8 381.4 367.6 360.5 360.1 358.2 364.2 369.3 373.1 378.5 385.1 394.5 401.6 409.8 417.3 416.7 396 371.4 350 334.7 322.8 336.5 353.9 369.9 388.5 403.9 415.3 424.1 433.1 446.8 462 478.7 492.8 506.2 515.9 520.5 520 517.4 512.6 507.3 502.1 496 489.8 483.5 476 467.5 459.2 451.5 442.2 434.1 428.7 421.4 412.9 407.8 403.5 397.7 391.3 388.6 387.9 386.7 382.2 379.6 376.3 372.7 369.6 366 360.9 352.6 343.1 331.9 322
362.8 378.5 395.5 410.7 416.1 411.7 402.6 392.5 385.6 367.8 366 365.5 367.7 372.6 379.1 383.1 389.9 396.4 402.8 409.6 416.2 422 423.7 412 387.9 368.5 355 348.8 352.5 354.4 359.3 382 407.2 426.2 437.8 448.9 462 475.7 492.6 508.5 521.7 533.6 541.9 541.4 538.3 534.8 529.4 524.4 520.3 514.5 507.1 499.8 493.7 486.3 477.3 467.4 457 448 440.5 429.6 421.5 415.1 408.4 403.1 399 396.9 395.2 391.6 388.4 383.9 380.4 377.1 373.3 367.9 359.5 351.3 340.1 330.6
385.7 400.8 417.3 430.3 435.5 425.3 414 400.3 383.6 378.5 372.1 372.4 375.1 382.5 387.7 395.1 400.4 405.1 410.7 416.3 421.8 427.1 430.9 425.7 407.8 386.7 376.4 370 373.9 384.1 384.3 378.2 395.6 421.7 443.1 459.6 470.7 485 500.6 514.1 525.7 536.2 543.8 548.5 551.4 551.6 550 546.7 542.5 537.3 530.7 526.1 519.3 511.6 501.7 491 480.5 468.5 459.9 447.2 435.6 428.4 420.5 414.1 407.1 404.6 403.1 399 394.5 390.8 386.2 383.4 379.4 373.6 364.8 355.6 345.1 337.8
407.8 423 437.6 448.9 448.9 437.7 415.7 403.5 391.3 386.9 382.7 383.9 386.5 391.4 394.9 402.5 406.7 411.6 417.1 422.3 427.6 432.9 436.7 436.7 426.8 411.3 397.8 393.7 398.2 408.2 411.5 408.8 399.6 413.1 439.9 461.3 474.9 488.6 502 515.3 526.4 535.6 543.7 551.8 557.6 562.7 565.3 565.1 562.7 559.4 555.2 549.1 543.5 535.1 526.3 517.1 504 490.5 475.7 463.3 451.1 440.2 431.7 423.6 417.6 410.3 406.9 404 400.2 396.1 392 388.5 383.7 376.3 367.1 357.1 347.2 341.2
429.8 444.4 457.3 463.7 455.9 440 423.5 400.3 397.2 393.1 391.5 390.8 395.5 399.6 405.6 409.7 413.7 419.7 424 428.1 433.3 438.5 441.8 445 442.8 437 427.8 424.4 428.2 432.1 433.2 431.8 425.3 413.8 435.3 460 476.5 490.4 502.5 514.5 525.6 535.6 544 551.7 559.1 565.7 574.3 579.6 583.2 583.6 582.4 577 568.6 560.3 550.5 540.1 528.7 514.9 497.9 483.2 467.2 452.9 440.8 433 425.3 418.9 411.5 406.9 402.3 398.8 396.1 392.8 386.6 376.7 367.2 358.5 348.5 343.9
450.8 464.8 475.2 468.3 452.3 437.3 419.6 406.5 401.2 399.2 397.7 398.9 402.4 406.3 410.1 414.9 419.7 425.6 430.4 434.3 439.1 443.4 447.1 450.6 452.7 451.4 450.3 450.2 450 451.1 452 451.9 447.8 437.4 431.3 457.7 478.1 491.8 503.4 514.7 525.2 534.5 543.4 551.1 559 568.6 575.5 584.7 592.8 596.2 598 597.9 592.3 585.4 576.4 565.1 552.1 537.8 522.3 503.8 484.2 465.9 451 439.9 432.4 423.7 418 410.2 405.5 401.3 398.3 394.1 387.6 376.7 367 357.7 350.5 347.3
466.5 478.5 477.6 459.6 447.6 431.2 413.8 410.1 405.7 402.9 402.1 404.7 408.3 411.5 415.1 419.4 423.7 429.3 434.6 440.2 444.4 450.9 454.4 458.6 460.4 463.7 464.7 465.5 466.8 467.9 467.9 467.3 466 458.6 443.8 457.5 479.5 492.2 503.8 515.1 525.1 533.1 542 550.3 558.7 567.2 575.8 584.4 591.2 596 601.6 604.7 604.1 601.6 596.4 589.3 575.7 560.3 545.6 527.4 504.7 482.2 462.3 449.1 437.4 430.2 421.2 413.8 408 403.7 399.4 394.8 384.3 373.3 367.2 355.7 351.1 346.9
475.1 479 469.4 454.8 438.6 419.7 415.8 410.7 408.2 406.3 404.8 408.3 412.3 416 419.4 423.6 428 433.5 439.4 445.2 450 455.7 463.5 466.4 469.7 474.3 475.7 478.2 480.5 481.8 482.5 481.5 479.9 475 464.6 455.2 476.3 491.1 503.1 514.4 523.4 531.6 540.9 549.6 557.2 565.5 572.2 580.6 587 593.1 599.7 607.2 613.4 614.4 610.3 606.8 600.4 586.7 567.7 550.9 526.5 500.9 475.1 457.4 443.6 432.3 424.7 414.5 408.4 404.5 399.9 390.7 378 367.9 360.5 355.1 349.3 345.5
