Assets/StreamingAssets/GeoData/Data/nc/NC92.asc
ncols 200
nrows 200
xllcorner 290000
yllcorner 920000
cellsize 50
[rows 35 to 69 of 200, columns 0 to 77 of 200]
207.1 207.7 208.4 209.3 210.1 210.2 210.5 210.6 209.6 208.2 205.3 199.8 209.4 215.8 222.4 238.3 256.9 271.1 285 296.4 303.8 309.1 313.2 314.8 316.4 315.9 312.4 307.8 304.1 298.7 292.1 291.4 287.3 286.1 286 284.8 281.8 277.4 272.1 268.5 266.1 263.5 261.7 259.9 256.9 250 251.1 253.8 256.9 262.3 266.2 267.2 267.7 268.1 269.1 268.3 268.2 267.4 266.3 264.7 262.3 259.8 254.7 255.3 254.9 253.9 247.1 242 244 257 259.7 262.1 264.9 266.9 268.9 271.6 275.2 277.8
202.7 203.5 204 204.5 205 205.4 205.6 205.9 206 204.9 202.5 197.4 205.9 212.1 219.2 237.4 252.2 266.2 276.7 287.1 293.6 298.3 302.5 303.9 305 303.7 300.7 297.1 293.3 287.2 280 278.5 274.3 272.5 272.7 273.1 271.8 268.2 265.4 263.1 260.7 259.8 258.1 256.4 253.2 243.6 250.5 253 256.8 261.3 263.1 264.5 264.9 265.5 266.1 265.9 265.9 265.3 264.4 263.2 260.8 258.4 253.5 249.8 250.4 245.1 239.3 243.6 253.4 256.2 258.8 261.4 263.3 265.2 266.7 268.7 271.5 274.5
198.5 199.1 199.8 200.3 200.8 201.1 201.4 201.9 202.5 202 199.6 194.1 200.7 207 216.9 234 247.8 260 269.9 278.8 284.6 288.3 290.3 290.4 290.3 287.8 284.8 281.4 278.8 274.3 271 268 265.7 263.8 262.9 264 262.6 260.3 259.2 256.9 256.3 255.6 254.6 252.9 249.5 241 249.7 252.5 256.6 258.4 260.2 262.4 263 263.7 263.9 263.4 263.9 263.5 262.6 261.4 259.8 257.5 255 247.2 241 236.4 234 249.1 252.5 254.7 257.8 259.9 261.4 262.9 264.4 265.8 267.7 270
194.4 195 195.6 196.1 196.5 196.9 197.4 198 198.6 198.9 196.9 192.5 195.5 202.2 211.8 229.4 242.7 253.5 262.3 269.7 273.7 277 278.9 277.5 275.5 273.4 271.5 269.9 268.1 266.2 264.4 262.2 260 257.8 256.7 255.6 254.7 254 253.1 252.5 252.1 251.4 250.4 249.4 241.2 243.5 247.9 252.1 254.3 256.5 258.7 260.9 261.7 262 261.9 261.3 261.1 261.4 260.8 259.7 258.1 256.5 254.1 251.1 244.4 230.3 243.3 248.2 251 253.5 256.1 257.6 259 260.5 262.1 263.2 265 267
192.7 193.3 193.9 193.8 193.5 193.4 194 194.6 195.1 195.7 194 187 194.5 200 211.7 225.2 238.5 247.8 254.7 258.4 262.3 266.3 267.9 266.4 264.9 263.6 262.1 261.8 261.3 259.5 259.3 258.7 256.5 254.2 251.9 250.2 249.1 248.1 247.5 248.3 247.9 247.3 246.2 245.8 235.8 241.1 246.8 250.1 253.3 255.4 257.6 258.9 260.4 260.6 260.5 259.5 258.7 258.7 258.6 257.5 256.1 254.2 251.4 247.7 238.6 228.9 242.2 245.6 248.9 251.2 252.8 255.2 256.7 258.2 259.8 260.8 262.3 264.3
191.2 191.8 192.4 192.3 192 191.5 191.5 192.3 192.9 193 190.7 184.1 193.4 197.8 209.3 221.5 233.3 241.8 247.5 249.8 252.1 256.7 258.4 257.9 257 255.9 255.3 255 254.8 255.3 255 254.8 253.1 250.8 248.5 246.1 244 243 242.5 242.8 243.7 243.1 242.5 241.6 229.2 239.3 245.1 248.2 251.3 254.3 255.5 256.6 257.7 258.3 258.7 257.8 256.7 256.4 256.3 255.3 253.8 251.8 245.9 232.8 228.2 227.3 240.5 243.9 246.9 248.9 250.7 252.9 254.3 255.9 257.5 258.5 259.7 261.5
189.5 190.2 191 190.8 190.5 190 189.5 189.7 190.5 190 187.9 182.8 189.1 193.7 207.3 218.6 229.1 236.7 241.4 244.7 247.4 249.1 250.8 251.1 250.7 250.4 250.2 250.5 250.7 250.5 250.3 250.5 249.7 247.4 244.5 242.2 240.2 238.5 238.5 239 239.3 239.7 237.8 236.6 228.7 238.1 243.3 246.4 249.1 251.4 252.7 254 254.8 255.6 256.2 255.5 254.7 252.5 251.1 252.2 251.4 244.8 232.5 225.5 223.3 234.9 238.6 241.9 244.7 246.5 248.4 250.1 252 253.6 255.2 256.2 257.2 256.5
187.7 188.5 190.5 190 188.9 188.4 187.9 187.4 188.8 188.9 188.1 179.4 187.3 192.7 202.8 215.8 224.4 232 237.4 241 243.1 245.5 247.7 247.7 247.6 247.7 247.8 247.7 247.2 247.1 247.1 246.9 245.6 242.9 240.4 238.4 236.5 234.1 234.8 235.2 236 236.8 236.5 231.3 227.8 236.6 241.2 243.9 246.5 248.5 249.9 251.1 252 252.8 253.5 253.1 252.1 248.9 241.5 247.3 245.9 236.7 223.1 219.6 239.6 235.3 235.7 239.4 242.3 244.2 246 247.8 249.6 251.2 252.9 253.9 253.6 257.6
186 188 190 189.1 187.3 186 185.8 186 187.6 189.4 189.7 182 185.8 193 202 213 221.9 229.2 233.8 237.7 240.3 242.6 244.6 245 245.1 245.1 245.2 245.2 245.2 244.3 243.6 242.9 242.2 239.1 236.6 234.7 232.4 229.9 231 231.9 232.8 233.7 233 221.8 230.8 236.6 239.7 241.8 243.8 245.7 247.2 248.2 249.1 250.1 250.7 250.7 248.2 246.2 240.7 234.8 230.3 223.5 215.5 225.2 239.8 235.6 232.7 237.5 239.8 241.7 243.1 244.3 245.7 248.1 249.4 248.4 254.2 256.1
183.2 186.8 189.4 188.2 186.5 185 183.9 184.1 184.6 187.6 187.9 173.1 184.2 192.6 200.9 212.3 220.6 226.3 231 234.5 237.4 239.9 241.7 242.3 242.9 243.1 243.3 243.6 243.5 242.5 241.8 241.1 239.1 236.4 233.6 231 229.5 226.3 226 228.2 229.8 230.6 229.1 217.5 229.1 234 237.4 239.5 241.3 242.9 244.3 245.2 246 246.6 247.2 248.1 236.7 239.9 236.5 220.7 217.6 212.9 219.4 229 231.7 232.3 228.4 233.4 236.4 237.7 239.4 240.8 242.5 244.4 244.4 248.8 251.5 252.9
180.4 184.7 186.9 187.7 186.2 185 182.1 180 180.7 184 182.5 170.6 183.5 193.7 201.6 210.5 218.1 223.4 228 230.9 233.8 236.4 238.1 239.9 241.2 241.8 242 242.1 242 241 240.1 238.9 236.9 235.3 232.8 230.3 227.4 225.6 221.9 223.3 225.5 227.5 225.9 211.3 225.9 231.5 235 236.9 238.4 239.9 241.4 241.9 242.1 242.6 240 231.5 226.5 219.5 217.2 210.9 210.6 212.3 215.8 219 223.8 224.9 224.2 228 230.8 233.2 235.5 237 240.2 240.2 245.4 247.5 249 250.5
177.9 182.1 184.1 185.3 186.2 185.3 181.6 178.2 176.6 178.8 176.9 167.1 181.7 192.5 201.3 209.4 215.4 220.7 224.2 227.1 230 232.3 234.3 236.1 237.9 239.7 240.6 240.7 240.6 239.7 238.7 237.1 235.6 234.2 231.7 229.3 226.8 221.6 214.4 218.2 221.5 222.6 218.7 209.5 223.2 227.6 232 233.6 234.2 234.8 235.9 235.4 232.7 231.9 222.9 218.2 203.8 205.6 207.4 208.4 208.6 209 210.5 214.6 216.7 219.8 222.2 224.5 227.3 229.8 231.6 234.6 238.4 240.9 244.5 246.2 247.1 248.1
174.1 178.3 181.4 183.7 185.8 184.9 181.9 178.5 174.3 171.9 164.1 165.2 183.1 192.8 201.6 207.5 213 217.4 220.2 223.4 226.3 228.7 231.4 233.2 235 236.6 238.3 239.1 238.9 238.7 237 235.4 234 232.6 230.5 228.1 225.3 219.8 208.1 209.9 215.8 216.1 208.4 214.4 220.8 223.4 225.5 227.4 228.2 227.9 229 223 221.5 214.1 200 201 203.2 203.9 204.8 206.7 212.2 215.9 212.6 212.8 213.6 215.1 216.3 221 224.5 227.8 230.8 234.8 237.7 240.2 243.9 245.1 245.2 245.5
169.9 173 176.9 181.2 182.6 183.2 182.3 179.6 175.8 169.8 162 174 181.6 189.5 198.5 204.4 209.5 214.6 216.3 219.4 222.7 225.3 228 230.3 232 233.6 235.2 236.5 236.9 236.1 235.2 233.7 232.4 231.1 229.4 226.9 224 217.7 209.7 206.5 208.9 205.3 202.3 214.4 218.6 220.3 221.3 221.3 221.3 217.7 215.9 203.9 197.7 198.4 200.2 201.1 209.9 213.7 217.8 222.7 225.3 224.4 220.9 221 221 219.8 221.7 218.6 220.9 222.7 229.4 232.7 235.6 237.7 240.7 241.7 241.3 241.8
167.2 169.4 175.2 178.3 180.6 181.2 180.9 180.3 178.2 170.6 157.9 172.2 180.4 188.3 194.8 201.1 204.8 210.2 213.7 215.2 218.2 221.6 224.3 226.3 228 229.6 231.7 232.8 232.9 232.1 231.2 229.8 229.3 228.5 227.3 225.4 222.3 215.9 207.4 195.6 194.4 203 213.1 216.7 218.6 220.3 220.2 218.6 211.6 209.2 202.3 194.3 196.2 197.4 199.3 206.2 217.4 222.9 231.8 236 238.3 235.1 231.6 227.4 225.9 226.2 228.9 228.3 226.8 221.7 223.5 230.1 232.7 234.8 230.9 234.5 236.5 236.1
166.5 166.2 168.8 174.8 176.4 178.4 178.9 178.8 177.5 172.5 154.7 167.4 177.9 185.8 192 196.3 200.7 205.7 208.9 210.5 213.4 217 219.7 221.7 223.5 225.3 227.3 227.8 227.9 227.5 226.7 225.2 224 223.4 222.7 222.2 220.6 215.4 206.8 195.8 203.1 211.5 215.3 217.5 219.3 220.1 219.1 204 196.8 190.7 193.2 193 202 205.9 207.1 217.2 224.6 235.3 240.7 242.8 244.3 243.7 239.8 237.6 234.9 234.6 235.4 234.7 233.5 231.9 226 224.4 229.4 230.7 234.9 237.1 239.3 241.5
165.7 163.9 165.1 169.2 171.3 173.5 176.1 176.1 175.5 173.4 153.3 159.6 174.5 183.3 187.6 191.9 197.2 201.1 203.2 206 208.7 212.2 215 217.1 219.1 220.9 222.5 222.8 222.9 222.8 222.1 221.2 220 219.2 219.1 218.5 218 214.5 205.7 190.9 190.7 212.8 215.9 217.7 217.6 213.7 198 191.5 189.2 190.7 191.4 192.8 208 211.6 219.9 226.6 237 240.1 244.5 247.1 248.7 249.3 248.3 244.9 242.1 241.8 240.6 239.6 238.5 237.2 235.9 234.1 231.3 234.4 237.2 239.7 241.7 243.4
165.7 162.6 162.4 165.2 169.1 171.5 173 173.1 173.1 172 151 156.8 170.5 181.3 185.6 189.3 192.1 195.2 197.9 201.7 204.4 207.2 210 212.5 214.6 216.6 217.4 217.7 218 218 217.2 216.1 215.6 215 215.2 214.8 213.5 210.6 202.6 187.2 201.5 209.9 211.9 212.7 202.2 185.9 186.3 187.7 189 197.6 204.3 209.7 213.9 221.1 227.9 235 240.7 243.4 246.9 250.6 253.1 253.4 252.5 250.9 249.1 247.3 245.4 243.2 242 240.7 239.4 238 237.2 232.4 238 240.9 243.4 246.2
165.4 163.7 160.1 161.7 165.7 167 168.8 168.9 168.9 168.4 148.2 154.8 168.1 177.6 182.1 183.9 186.6 190.6 192.4 195.7 198.3 200.2 203.6 206 208.3 210.4 211.3 211.4 211 211.5 210 210.3 208.6 208.9 210.2 208.4 206.9 204.2 197.7 181.8 194 198.5 193.5 192.7 185 183.8 185.3 186 191.6 205.4 209.8 214 220.1 226.8 234 238.8 243.3 246.4 250.8 254.9 255.6 256.6 256.6 255.1 253.3 251.7 249.8 247 245.6 244.2 242.9 241.5 239.8 237.4 240 242.7 244.6 247.5
165.7 163.2 159.9 158.6 161 161.9 162.8 164.1 164.1 162.7 154.8 145.3 165.3 173.2 176.9 179 180.8 184.6 186.8 189.4 190.8 191.6 194.1 196.6 199.1 200.3 200.7 202.3 202.9 202.5 201.8 200.6 200.8 201 198.9 194.1 190.5 189.1 188.5 181.5 178.6 180.3 180.6 182.1 182.3 185.1 193 199.1 202.3 209.3 213.4 218.4 223.7 233 236 242.4 246.2 251.6 255.8 258 258.8 259.8 260.8 259.3 257.4 255.6 253.3 251.2 249.1 247.7 245.9 244.2 242.2 241.8 240.7 244.3 246.9 248.9
166.4 163.9 161.6 158.8 155.7 155.4 157.3 158.9 158.9 157.5 136.3 150 160.6 166.5 170.7 172.7 173.7 176.8 179.4 180.9 181.3 182 182.9 182 183.5 184.9 187 190 190.4 191.1 191.9 192.2 193 187.7 182.1 170.8 174.1 176.6 175.7 175.9 178.7 179.3 184.4 188.5 190.3 194.8 195.3 202.1 208 213.2 217.5 222.5 226.6 233.7 239.5 240.2 250.7 255.7 258.9 261.2 262.7 263.6 264.3 263.9 262.3 260.8 258.6 255.6 252.9 250.3 248.6 246.7 245.8 244.1 241.3 245.6 248.2 250.5
167.2 164.6 162 158.9 156.2 149.8 150.2 153.1 154 153.1 137 153.1 158.1 161.8 165.3 166.5 167.9 170.7 170.8 166.2 163.9 161.7 159.6 155.2 153.3 159.8 168.8 172.6 173.4 175.1 178.1 179.2 178.6 169.7 170.4 184 189.2 186.8 186.5 185.7 185.4 185.1 189.4 194.6 197.1 199.5 202 206 211.4 216.8 221.4 225 228.2 234.3 238.3 247.7 254.5 258.5 262 264.3 265.9 267.5 267.7 267.8 267.3 265.4 262.9 259.9 257.2 254.3 251.4 249.9 248.5 246.4 246.2 244.7 249.5 252.7
167.2 164.8 162.1 159 155.5 152.5 149.6 143.6 149.6 148.4 136.2 152 156.4 160.5 162.4 153.5 153.1 156.8 151.6 146.2 142.6 145.7 148.2 157.8 160.2 162.6 160.4 159.2 157.7 159.3 164.6 164.3 166.9 178.5 187.3 192.7 193.4 193.8 186.8 185.1 192.8 194.1 193.5 196 200.3 203.1 205.6 209.4 214 217.6 221.3 225.4 229.8 235.1 244.5 251.7 256.2 260.7 264.7 267.1 269.2 270.7 271.1 271.3 271.7 269.6 267.4 264.4 261.5 258.1 254.7 252.3 250.7 247.5 248.7 250.2 250.8 252.7
167.2 164.8 162.1 159.2 155.8 151.2 150.1 143.7 139 144.9 129.4 148.6 155.2 155.1 148.3 139.5 139.4 139.1 137.2 146.6 153.1 158.8 163.9 167.3 170.7 173.2 175 173.6 172.8 171.5 165.3 169 175.3 182.5 188.1 190.3 190.4 183.3 184 197.8 202.6 201.7 194.7 198.3 202.7 206.7 209.2 211.1 214.2 217.6 221.3 225.9 231.7 237.9 246.7 253.5 258.3 262.7 266.8 269.7 271.7 273.3 274.4 274.4 274 272.3 270.3 267.4 264.2 261.5 258.1 255.6 253.3 250.8 251.3 253.6 254.3 256.1
166.3 163.5 160.1 154.9 153.7 151.9 150.3 147.4 140 134.1 129.5 138.6 134.3 135.3 126.7 127.5 139.6 146.8 152.4 158.5 166.1 169.6 178.5 180.8 182.9 186 186.4 186.6 184.4 180 175.7 172.6 171.2 175.6 180.2 182.5 178.8 183.1 194.2 200.3 203.8 203.7 199.7 200 204.3 208.3 210.3 212.2 215.3 218.7 222.1 227.2 232.3 238.5 247.7 253.8 260.4 264.5 268.7 272.1 274.1 275.4 276.5 276.7 275.8 274 272.4 269.7 266.4 263.6 260.9 258.9 256.7 254.7 254.2 255.8 257 258.5
164.7 161.7 157.2 153.7 152.4 150.3 149.5 148 140.7 122.7 128.7 130.7 129.5 129.3 138.6 143.5 147.2 154.3 161.8 168.1 173.6 182.5 188.4 192 194 197 197.7 197 195.1 191.3 188.5 187.2 185 186.5 187.5 187.1 189 194.5 197.3 200.2 202.3 204.3 201.7 201 204 207.5 209.7 212.4 217.2 219 223.2 228 233.1 240.7 248.8 254.2 260.8 265.9 270 273.3 276.1 277.1 278.2 278.2 277.2 275.6 274.4 271.8 268.7 265.7 263.4 261.4 259.5 257.9 257.1 258 260.4 261.8
161.8 158 155.7 153.2 149.5 147.8 146.9 144.9 127.1 120.3 123.4 122.6 133.1 140.2 145.5 150.2 156 161.2 168.5 177.7 183.9 187.5 191.9 195.8 199.1 200.8 202.6 202.5 201.8 201.8 201 201.1 200.6 201.5 202.2 203.5 204.8 205.8 206 206.3 206.7 207.1 207 204 203.9 207.1 210.1 212.4 216.5 220.2 224.4 228.8 234.2 241.4 249.3 254.9 260.6 266.6 271 274.4 276.8 278.2 278.9 279.2 278.7 277.6 276.4 273.8 270.8 267.9 266 264.1 262.2 260.5 260.1 259 262.2 264.3
158.5 154.5 153.3 152 149.4 145 143.5 136.1 118.6 128.2 133.7 137.3 140.7 147.3 153.2 155.9 160.9 164.7 171.9 181.4 186.8 192.3 194.9 198.6 202.2 204.2 206.2 206.9 208.5 208.8 208.8 208.9 209.7 210.5 210.7 211.6 211.9 212 212.1 212.3 212.1 211.3 209.3 207.8 205.5 207.5 210.1 212.4 215.9 221.2 225.6 228.9 234.6 241.9 249.2 255.6 260.6 266.4 270.6 274.1 276.8 278.2 279.5 279.8 279.7 279 277.5 275.8 273 270.3 268.3 266.6 264.8 262.9 261.4 260.6 264.1 266.4
155.8 150.9 150.2 149 146.8 143.2 130.5 123.3 126.7 133.4 136.8 138.9 145.7 150.9 156.1 160.1 163 166.9 176.9 183.3 189.6 194.6 198.5 201.1 204.7 207.6 209.6 212.4 214.5 214.5 214.1 214.5 214.7 215.3 215.8 216 216.1 216.2 216.3 216.1 215.6 215.3 213.5 211.5 209 208.9 211.3 213.1 215.3 220.5 225 228.1 234.4 241.7 248.9 255.3 260.7 265.6 270 273.6 276.7 278.3 279.5 280.4 280.3 279.9 278.2 276.8 275.3 272.8 270.6 268.5 266.8 265 262.3 260.1 265.9 268.2
149.7 147.8 146.8 146 142.8 133.9 116.6 124.4 132.4 136 137.7 141.7 150.9 154 158.4 161.2 164.3 169.6 177.6 183.8 191.2 195.6 199.5 203.1 206.5 209.9 213.4 216.2 219 219 218.7 218.4 218.5 218.7 219.1 219.2 219.3 219.4 219.3 219.5 219.3 218.9 218.1 217 213 211.3 211.9 214.3 216.3 219.3 223.4 227.7 233.9 241 248 254.3 260.4 265.1 269.4 273.2 276.1 278.1 279.4 280.2 280.8 280.9 279.6 278.3 276.7 274.8 272.8 270.9 268.8 265.8 260 260.2 267.6 269.7
145.6 144.7 143.8 142.9 137.7 115.3 122.5 128 134.2 136.4 143.4 149.4 153.2 156.4 159.6 162.1 165.9 173.1 180.5 187.2 191.1 195.3 200 204 207.9 211.4 215.7 219.5 221.9 222.1 221 220.7 221 221.1 222 222.1 222 222 221.9 222 222.4 222.2 221 219.8 218.4 214.3 213 215 217.2 219 221.4 226.5 231.7 239.2 246.4 253.3 259.2 264.6 268.6 272.1 275.4 277.2 278.9 279.8 280.3 280.5 280.1 279.3 278.1 276 274 272 270 263.9 256.5 264.3 268.6 270.9
141.3 139.6 140.7 140 135.8 117.4 124.6 131.4 135.4 139.7 148.4 151.7 155 157.8 160.6 162.9 166.5 176.2 176.7 181.2 189.5 195.3 200.2 204.9 208.8 212.8 216.9 220.6 221.5 222.3 223.1 223 223.2 223.3 223.6 224.2 224.6 224.6 224.5 224.4 224.7 224.5 223.4 222.2 221.1 219.8 218.2 218.4 219.2 220.7 222 224.4 229.5 236 243.3 250.2 257 262.8 267.4 271.1 274.2 276.3 277.7 278.9 279.6 279.7 279.9 279.1 278.1 276.8 275.1 273.2 270.5 265.5 253 264.9 271.4 273.9
137.5 134 135.4 137 122.7 118.6 127.6 133.7 138.8 144.3 148.5 153 155.5 158.3 160.6 162.6 169.5 175.2 176.2 185.8 193.9 197.4 201.1 204.4 208 212.7 216.8 220.2 221.6 222.4 223.2 224.2 224.7 224.8 225.2 225.8 226.4 226.9 227.1 227 227.2 227.1 226.3 225.3 224.2 221.9 223 222.9 222.1 221.8 223 224.2 225.8 231.1 239.9 246.4 253.5 259.8 265 269.3 272.6 274.5 275.9 277.1 278.2 279 279 278.7 277.7 276.8 275.5 273.4 269.3 262.6 245.1 263.2 270.9 273.1
133.5 130.5 122.7 129.7 109.5 119.9 125.7 133.3 140.5 144.7 149.8 152.9 155.7 158.4 160.4 164.3 169.1 171.8 179.2 187.5 193.1 197.2 200.1 202.9 208.3 212.4 216.3 218.8 221.4 222.8 223.6 224.6 225.5 226.3 226.8 227.4 228 228.6 229.1 229.6 229.6 229.3 228.9 228.1 227.2 226.3 225.8 225 224.2 223.5 223.7 224.8 225 224.9 233.3 241.1 248.1 254.5 261.2 266.8 270 272.2 274 275.1 276.2 276.7 277.1 277.5 277 276 274.6 272.3 268.2 257.7 242.5 256.8 264 265.1
140.6 136.6 130.6 114.9 110.4 121.2 125.6 130.9 136.7 141.9 148.4 152.6 155.7 159.2 160.9 163.6 166.9 174.6 178.3 185 191.5 196.1 199.3 202.3 206.7 211.2 214.2 217 219.9 222.9 224.2 225.2 226.3 227 228.1 229 229.6 230.2 230.7 231.3 231.9 231.5 231 230.6 230.1 229.2 228.2 227.9 227.6 226.9 225.7 225.5 224.9 224 224.6 233.2 241 248.3 255.9 262.5 266.7 269 271.2 272.6 273.7 274.3 274.7 275.1 275.2 274.3 272.2 270 266.1 256.2 240.6 244.2 256.9 260.1
