Assets/StreamingAssets/GeoData/Data/nc/NC95.asc
ncols 200
nrows 200
xllcorner 290000
yllcorner 950000
cellsize 50
[rows 0 to 34 of 200, columns 79 to 157 of 200]
176.7 174 173.1 171.3 173.9 176.4 180 181.1 182.2 183.2 183.4 184.1 185.2 187.4 190.9 193.5 195.5 197.5 200.4 202.9 204.1 203.7 202.3 198.9 195.4 190.8 183.2 176.1 169.6 164.4 160.7 157.7 154.9 151.6 145.6 141.4 138.8 136.5 133 129 123.3 123.2 122.1 119.4 117.8 114.6 117.7 120.9 121 118.3 115.4 112.4 109.1 105 100.2 90.9 84 78.7 78.6 86.2 94.5 101.2 103.8 104.1 104.3 103.3 101.2 98.8 96.4 95 93.6 92.2 95 97.4 96.1 96.9 98.5 97 98.6
174.3 172.9 172.3 171.1 173.9 178.3 181.4 182.5 183.7 184.3 184 184.6 185.7 187.4 189.7 192.2 193.4 195.1 197 199.1 199.9 199.4 197.6 195.1 192.3 187.8 180.5 173.6 168.3 163.1 160 157.7 154.4 151.7 149 145.8 143.2 139.2 135 128.2 128.3 127.1 125.7 122.9 121.2 119.4 120.7 123.3 122.5 119.8 117.2 114.6 111.8 108.1 102.8 92.8 85.3 78.9 79.3 85.9 94.9 103.4 105.4 105.4 105.6 105 103.4 101.1 99.3 97.9 96.5 94.8 98.5 100 99.4 99.3 99.8 98.6 99.6
173.1 172.1 171 171.5 175.8 181.8 183.2 184 185 185.4 185.1 185.3 186.4 188.1 189.6 190.8 191.9 192.8 194.6 194.3 194.6 194.4 192.3 190.4 188.5 184.3 178 172.8 166.3 162.5 160.2 158.5 155.9 153.8 150.8 147.9 144.9 140.9 136.6 131.8 132.5 130.8 129 126.2 123.8 122.4 122.8 124.2 123.5 121.2 119.3 117.1 114.7 110 104.3 95 87.1 79 79.8 85.3 96 104.4 106.4 106.2 107.3 106.8 105.5 103.6 101.6 100.3 99.3 96.5 101.5 103.6 102.6 102.3 101.2 100.7 101.3
172.5 171.1 169.7 172.2 178.1 183.8 185.3 185.8 186.7 187.6 186 186.4 187.2 188.9 189.9 190.3 190.7 191.4 191.2 190.9 190.3 188.9 187.3 185.6 183.1 179.7 175.9 169.7 166.2 164.5 162.4 160.4 158 155.1 151.8 148.7 145.8 142.1 139.7 137 136.1 133.5 132.1 129.7 125.8 124.2 123.9 124.4 124.5 123.3 121.4 120.2 117 111.9 105.2 96.6 88.3 79.6 80.5 86.2 95.2 103 106.1 107 107.6 107.7 107.2 105.6 103.8 102.6 101.9 100 103.2 105.3 105.5 104.7 104.2 102.9 102.2
171.9 170.2 169.2 172.7 180.8 186.3 187.5 188 188.8 189.7 187.4 188.2 189.4 190.4 190.5 189.9 189.7 189.4 189.1 188.5 187.9 186.6 185.3 183.1 180.8 177.9 172.5 170.9 168.9 166.5 164.4 162.1 159.4 155.6 152 149 146.1 143.9 141.9 140 138.2 135.6 134.3 132 128.7 126 125.2 125.1 125.4 124.7 124.1 123 118.1 113 105.9 97.9 89.4 81.9 80.7 85.8 91.8 100.3 105.7 107.5 108.3 108.5 108 106.8 105.4 105 104.7 103.4 105.5 107 107.7 108 108.1 106.2 104
171.5 169.5 168.8 175 182.2 187.4 189.4 190.5 191.4 191.7 189.3 190.6 191.5 192 191 190.1 189.4 189.1 188.8 187.9 186.9 185.9 184.4 182 179.5 176.8 175.3 173.5 170.6 168.5 166.3 164 161 157.5 153.3 149.7 146.8 145.2 143.5 141.8 140.2 138.2 136.6 134.3 131.1 127.1 125.8 125.6 125.7 125.8 126 124.7 119.7 114.2 107.2 99.3 90.7 83.5 80.8 85.3 91.4 98.9 104.9 107.7 109.1 109 108.6 108 107.7 107.3 106.9 106.9 108.1 110.2 111.5 112 111.8 108.4 106.9
170.9 168.3 170.6 177.9 185.7 189.5 191.3 193.2 194.5 193.1 191.5 192.8 194 193.5 192.3 190.6 189.8 188.9 188.3 187.3 186.4 185.4 183.6 181.2 177.1 178.8 177.6 175.7 172.5 170.9 168.5 165.7 162.6 158.8 154.7 150.5 147.9 146.8 145.6 144.1 142.6 140.7 138.7 136.6 133.1 128 126.4 125.9 125.9 125.6 127.5 126.8 119.6 114.7 108.3 99.6 91.1 83.9 83.3 83.7 90.9 97.3 103.3 107.9 109.7 109.3 109.2 109.5 109.6 109.7 109.8 109.9 111.1 113.4 115.4 116.7 117 112.2 110.2
170.1 168.3 172.9 180.7 189.5 192.7 193.9 195 197 194.9 193.7 195.1 198.1 196.5 193.8 191.7 190.2 189.2 188.4 187.6 186.7 185.2 182.7 179.8 181.1 180.9 179.7 178 174.7 172.6 170.4 167.3 163.6 159.8 155.4 151.7 150 148.8 147.7 146.4 144.9 143.8 141.4 138.6 135.2 129.9 126.8 125.6 124.5 124.2 129.1 126.3 118.7 114 106.1 99.6 91.1 85.9 85.4 83.6 90.4 95.3 102.1 107.3 109.8 109.6 110.1 110.6 111.4 112.2 112.7 112.8 114 116.3 118.3 120.9 121.8 114.9 113
167.2 170 174.4 183.6 192.1 194.4 194.8 196.1 197.6 196.2 195.3 198.9 202.1 198.7 195.6 193.3 191.5 189.9 188.7 187.9 186.7 184.6 184.1 184.3 184 183.7 183 180.5 176.7 174.3 172.5 169.2 165.6 161.8 157 153.9 152.3 150.4 149.4 148.4 147.1 145.8 144.1 141.5 137.3 132.7 127.3 124.6 123.1 121.2 125.3 121.1 112.9 108.7 104.2 98.9 92 86.5 87.8 82.4 90.8 95.7 102 106.5 109.3 110.4 110.9 111.4 113.2 114.3 114.5 114.7 116.6 119 121.3 123.5 124.1 117.8 115.6
166.2 170.9 175.9 185.9 192.9 194.8 195.2 196.5 197.6 197.8 197.6 202.3 203.6 199.9 197.2 195.1 193.2 190.8 189.2 188.5 187.6 186.7 186.6 186.4 186 185.7 184.9 183.4 179.6 177.4 174.8 171.6 167.6 164.2 159.1 156 153.4 151.7 151 149.7 148.4 147.4 145.5 142.6 139 134.7 127.7 123.8 120.5 118.4 117.2 114.3 114.4 110.3 103.7 96.8 91.4 89.5 90.4 83.2 90.1 95.1 101.3 107.1 109.8 110.6 111.3 113.5 115.7 116.3 115.7 116.5 118.5 120.6 122.9 125.1 126 122.5 120.2
166.8 171 177.4 185.8 191.9 194.1 195.4 196.9 198.5 199.8 199.8 204.8 204.8 201.8 199 196.9 194.9 191.8 190.3 189.1 188.5 188 187.7 187.5 187.5 187.5 186.9 185.4 182.9 180.4 177.9 173.5 169.1 165.9 160.9 157.7 154.8 153 152.2 150.8 149.6 148.5 146.4 143.5 139.3 134.3 128.8 124.8 120.9 120 119.8 118.2 112.7 108.2 101 96.7 91.1 92.2 92.6 85.8 88.8 94.2 101.3 107.7 109.9 110.6 111.6 115 117.7 118.2 117.2 118.1 120.2 122.3 124.5 126.1 127.2 125.5 123.5
168 171.9 178.4 185.1 190.5 193.1 195.1 197.2 199.8 201.8 200.6 205.9 206.3 203.9 201 198.6 196.2 193 191.7 190.5 189.8 189.3 188.9 189 188.8 188.7 187.8 186.8 185.3 183.2 180.3 174.9 171 167.4 162.2 159.5 156.5 154.4 152.9 151.7 150.5 149 146.5 144.3 140.2 134 129.2 125 123 121.8 120 116.1 112.1 108 102.3 96.8 91.6 93.8 94.6 91.4 84.8 92.1 100.7 107.4 109.6 110.3 112.5 116.3 119.3 119.9 119.4 120.1 122.5 124.2 126.3 127.6 128.8 128.1 126.3
168.1 172.2 179.3 185.1 189 192 195.9 199 201.4 203 202.3 206.7 208.7 207 203.8 200.9 198 195.2 193.4 192.3 191.1 190.8 190.6 190.5 190.5 190.4 189.4 187.5 186.6 185.3 181.8 176.3 172.3 168 163.2 160.9 157.9 155.3 153.6 152 150.8 149.1 146.2 143.3 140.2 134.9 129.6 126.9 125.1 122.7 120.8 117.5 112.2 107 102.6 97.4 92 95.3 95.6 94.7 85.7 91.1 99.2 105.1 108.2 111.2 113.7 117.7 120.7 121.6 122.3 123.7 125.9 127.9 129.8 131.5 131.6 130.4 129
167.3 172.5 180.2 185.2 188.9 192.6 198.3 200.8 202.8 203.9 203 206.4 212.3 210.2 207 204.4 201.8 199 196.3 194.6 193.4 192.5 192.5 192.2 192.6 192.5 191.3 188.7 187.9 186.4 182.9 177.6 173.4 168.4 164.2 162 159.7 156.6 155 152.9 150.9 149 145.5 141.7 138.3 134 131.9 128.9 126.5 124.3 121.8 118.1 113.2 108.1 103.1 98.5 95 96.6 96.5 98.3 92.7 87.6 98.2 104.3 108.7 111.8 116.3 119.7 122.4 123.6 125.2 127.1 129.2 131.4 134.2 134.9 133.8 132.7 131.8
167.5 173 180.7 185.1 189.3 194.5 200.4 202.5 204.4 204.9 204.8 206.4 214.4 212.5 210.6 207.9 205.6 203.1 200 197.4 196.2 195.1 195.1 193.9 194.2 193.7 192.5 190.4 188.8 187.4 183.5 178.7 174 168.7 165.1 163.1 160.9 158.8 155.9 153.7 151.4 148.3 144.7 141 137 137.2 134.3 130.9 128.8 126.5 123.6 119.7 114.8 109.5 104.5 99.8 99.1 98 97.9 100.5 94.8 88.3 96.7 103.7 108.8 112.7 118 121.2 123.8 125.2 127.4 129.7 131.1 133.4 136.8 136.9 135.9 134.8 134.2
167.3 174.7 181.1 186 189.5 196.9 202.1 204.3 205.3 205.9 206.5 207.8 213.9 214.2 213.2 211.5 208.7 206.2 203.1 200.7 199.1 197.7 197.1 195.5 195.2 194.4 191.8 190.5 189.5 188.1 184.9 180.5 175.1 168.9 166 163.5 161.6 159.8 156.3 153.9 150 146.3 143.4 140.5 140.2 139.2 135.7 133.6 131 128.7 125.8 120.8 115.7 109.2 104 101.2 101.4 99.7 99.4 100.5 94.4 89.1 94.8 102.7 109.9 115.2 119.5 122.8 125 126.8 129.2 131.2 132.7 135.3 138.3 138.7 137.9 137 136
167.6 175.3 181.6 186.4 190.9 199.2 203.8 205.5 206.8 207.7 207.9 210 214.5 215.7 216 213.8 211.2 208.9 205.9 203.9 202 200.4 199.4 197.6 195.5 193.3 192 191 190.1 189.1 186 181.4 175.3 169.5 167.5 164.5 161.5 159 155.7 151.8 147.1 145.7 145.1 143.7 142 140.2 138.5 136.4 133 130.6 127.6 116.8 114.7 111.6 107.6 105.6 102.5 100.9 101.2 101.7 94.6 88.1 95.9 104.9 112.5 117.1 120.4 123.6 125.7 127.7 130.7 133 134.2 136.3 139.6 140.4 139.5 138.2 137.5
168.7 176.7 182.5 186.9 193 200.9 205.1 206.9 208.5 210.1 210 211.3 215.6 216.9 217.9 216 213.5 211.3 208.4 205.9 203.9 202.8 201.2 198.8 196.5 193.6 192.2 191.4 190.5 188.9 185.8 181.3 174.6 170.3 168.2 165.5 161.8 157.2 153.3 149.9 148.1 148.1 146.5 145.1 143.3 141.2 140.2 138.3 134.8 130.3 124 123.7 119.5 114.2 112.3 110 104.8 103 103.4 102.8 95.2 89.3 97.1 104.6 112.4 118.3 121.2 124.4 126.2 128.3 132.5 134.3 135.4 137.3 140 140.8 140 139.2 138.6
170 177.6 183.3 187.2 195.8 202.8 205.9 208.7 210.7 212.1 212.5 213.3 216.8 218.4 219.7 218.1 216.1 213.9 211 207.9 205.9 204.2 202.6 200.3 197.6 194.5 192.5 191.5 190.7 187.8 184.7 179.9 172.9 170.5 168.4 165.7 162.1 155.6 152.6 150.7 150.6 149.7 147.7 146.3 144.9 142.6 141.9 139.1 129.2 132 128.4 125 121.4 117.8 115 111.4 106 104.5 105 102.7 95.8 90.1 99.7 108 113.8 118.9 121.6 124.4 126.4 130.1 134.6 135.8 136.8 137.6 139.5 141 140.8 140.4 140.2
171.8 179.7 184.1 188.3 198.3 204.2 207.2 210.3 212.4 213.9 214.7 215.8 217.8 219.5 220.7 220.2 218.6 216.4 213.5 210.3 207.3 205.4 203.9 201.3 197.7 194.5 192.9 191.7 190.1 186.7 182.3 177.6 173 170.8 167.8 165.1 159.7 154.8 154.7 153.2 152.4 151.3 148.8 146.9 145.5 141.7 135.6 139.6 136.7 133.8 130 126.8 123.1 120.3 116.6 112.3 107.4 105.8 106 101.6 96.3 93.2 97.9 106.7 114 119.3 122.4 124.5 127.5 132.9 136.3 136.8 137.3 137.9 139.5 142.2 142.1 141.9 141.8
173.6 180.9 185.6 190 199.6 204.9 208.6 211.7 213.9 215.1 215.9 216.9 218.1 220.8 221.9 222.5 221 218.7 215.8 212 208.6 206.6 205.1 201.5 197.8 194.7 193.4 192.1 189.7 185 180.9 176.4 173.1 169.9 166.6 162.6 157.3 157.3 156.9 155.5 154 152.1 149.1 147.3 145 139.8 143.6 141.6 138.3 135.4 132.6 128.7 125.3 122.6 117.9 112.6 108.8 107.3 105.9 102.3 95.7 98 101.3 108.2 114.4 119.8 123.2 124.8 129 134.1 136.9 137.3 137.7 138.2 140.1 143.7 143.2 143.3 143.5
175.4 182.3 186.8 191.8 198.6 205.2 210.5 213.6 216.3 217.1 217.6 218.1 218.8 221.8 223.6 224.1 223.1 220.6 217.6 213.9 211.2 208.6 205.8 201.3 197.4 194.9 193.5 192 189.2 183.9 179.3 176 172.5 168.8 165.4 161.1 159.5 159.4 158.5 156.1 154.3 152.1 149.2 146.8 140.7 146.4 144.8 142.8 140.2 137.9 135.6 130.8 126.7 123.3 117.6 112.9 109.9 108.5 106.9 102.2 93.4 98.3 104.1 108.5 116 120 123.2 125.4 129.9 135 137.2 138 138.5 139 140.9 143.5 144.1 144.6 145.9
176.7 183.5 188.7 193.5 199.3 206.1 212.6 216.3 218.7 219.4 219.8 220 220.6 223.2 225.3 226.1 224.5 222.4 219.2 215.9 213.4 210.8 207.4 201.9 197.6 194.8 193.2 191.6 188.2 182.9 179 175.9 172.1 168.2 164.8 162.3 161.6 160.7 159.4 157.5 156 154.4 151.6 147.9 144.5 146.3 145.5 144 141.9 139.6 137.1 132 127.2 122.9 118 113.9 111.2 109.6 107.7 102.7 95.5 97.8 107.9 109 115.4 120 123.4 125.7 130.4 135.4 137.5 138.4 139.2 139.9 142 144 145 145.4 149.6
177 183.7 189.2 194.2 199.7 207.3 213.8 219 221.1 221.4 221.5 221.7 222.1 224 226.9 228 225.7 223.8 220.6 217.6 215 212.5 208.5 203 197.7 195.2 193 191 187.1 182.8 179.5 176.9 173.9 170.4 167.2 164.3 162.9 161.9 160.3 158.2 157.7 155.7 152.3 147 147.4 147.9 147.1 145.3 143.3 141.4 138 132.9 128.3 124.1 119 114.9 111.9 110.3 107 101.9 99.6 95.3 104.8 110.2 114.5 119.6 123.1 125.8 130.5 135.3 137.8 138.8 139.8 141.3 143.4 145.1 146 147 152.5
175.5 183.2 189.1 194.3 199.3 207.8 214.4 220.2 222.4 223.1 223.1 223 223.2 224.5 227.6 229.2 226.7 225.3 222.3 219.4 216.6 214 209.3 204.1 199.6 196.3 193 189.9 186.3 183.4 181.1 179 175.6 171.3 168.1 165.5 164.1 162.5 161.1 160.1 158.6 156.1 152.4 146.7 151.1 150.7 149.1 146.4 144.5 142.1 138.4 133.3 129.5 125.2 120.6 115.8 112.9 110.1 104.9 103.5 102.1 96.9 96.3 104.8 113.5 118 122.5 125.5 130.4 135.1 136.9 138.5 139.9 142.8 145 146.4 146.9 148.2 155.2
174.8 183 188.6 194.1 198.8 207.9 215 220.6 223.1 224.5 224.4 224.2 224.2 225.7 226.9 227.4 226.9 226.1 223.7 220.9 218.8 215.9 210.6 205 201.1 197.6 194.3 190.7 187.1 184.9 182.7 180.5 177.1 172.5 169.5 166.7 164.7 164 162.5 161 159 156.5 151.9 151.8 154.3 153.3 150.6 147.6 145.2 142.4 138.3 134 130.4 126.7 121.6 116.5 113.2 109.8 108.5 105.7 102.3 103.4 105.7 98.9 108 118.5 122.3 125.1 130.4 133.8 136 138 141 144.6 146.9 148.6 149.3 150.2 157.4
175.3 182.4 187.9 193.5 198.2 207.2 215.3 220.6 223.6 225.3 225.5 225.3 225.6 227.5 226.2 226.5 226.6 226.6 224.9 223 220.8 217.8 211.9 206.4 202.9 199.5 195.5 191.8 188.2 185.4 183.1 180.7 177.7 173.9 170.5 166.8 166.2 164.3 162.6 161.1 159.1 156.6 151.1 154.7 155.8 153.8 151 147.9 145.5 142.8 138.8 134.8 131.5 128 122.1 117.9 115.4 112.3 109.1 105.7 100.8 106.6 112.5 106.4 100.1 116.8 121.6 126.1 132 135.7 137.2 138.8 141.3 145.5 148.9 151.1 152.1 154 159.7
175.4 181.8 187.1 191.9 197 205.8 214.4 220.5 223.9 225.7 226.5 226.2 225.7 226.4 225.5 225.7 226.4 226.7 226.2 224.7 222.6 219.7 213.1 208.3 204.8 201 196.6 192.9 189.3 186.2 183.8 181.2 178.1 174.9 171.7 169 167.6 165.6 162.9 160.4 157.9 155.4 154.7 156.2 156.7 154 151.1 148.4 145.8 143 139.2 135.3 132 127.5 122.5 121.1 116.9 113.4 109.7 105.4 102.1 108.6 113.1 100.7 102.4 104.2 120.2 126.2 132 135.7 138.3 140.5 144.3 146.8 151.3 153.3 155.6 158.1 165.3
175.4 181.1 186.3 190.5 195.6 204.3 213.4 220.2 224 225.8 227.1 226.4 225.8 225.5 224.4 224.8 225.9 227.1 227.3 226.2 224.7 220.9 214.7 209.9 206.6 202.6 198.1 194.2 190.6 187.4 184.4 181.9 178.9 176.2 173.7 170.7 169.4 167.4 163 158.8 157.8 157.3 157.1 156.9 156.6 153.7 151 148.6 145.9 143.3 140.3 136.5 132.5 127.6 126.2 123.1 117.9 114.1 110.1 105.5 105.7 109.5 112.1 100.8 108.3 106.3 118.4 125.7 131.7 135.9 139.1 141.9 146.7 149.8 153.5 155.7 157.9 161.4 167.8
175.2 180.7 185.2 189.3 194.6 203.6 213.2 219.2 223.3 224.9 226.7 226.3 225.3 224.4 223.2 223.5 224.5 226.9 228.1 227.3 225.4 220.6 216 212 208.4 203.7 199.9 196 192.4 189.2 186.3 183.8 180.8 177.8 175.2 172.7 170.2 167.7 161.1 159.7 159.8 159 158.3 157.3 156 153.9 151.7 149.2 146.2 143.6 140.8 136.7 133.7 132.4 129.2 123.7 118.8 114.5 110.2 107.8 108.2 109.6 110.1 101.1 111.5 112.6 114.7 124.2 130.7 136.1 140.1 143.5 148.4 152.1 154.9 157.4 159.8 164.1 171.1
174.7 179.5 184.1 187.9 192.3 201.4 212.1 218 221.9 223 224.9 225 224.6 223.2 222.1 221.8 223 224.8 226.5 226.6 224.6 221.1 217.2 213.8 209.7 205.7 202.7 198.5 194.9 191.2 188 185.4 182.6 179.9 176.7 173.8 170.8 167.1 162.2 162.5 161.7 159.9 158.7 157.5 156.3 154.4 152.5 149.5 146.3 143 140.4 139.5 137.3 134.8 130.2 124.5 119.7 114.9 111.2 110.1 109.9 110.6 107.3 102.2 114.4 114.1 117 120.7 126.5 134.4 141 145.1 148.6 152.7 156 157.8 159.7 165.1 175.9
174.1 179 183 186.5 190.7 197.3 208.7 215.1 219.5 220.6 222.7 223.6 223.2 221.8 220.7 220.6 221.5 223 224.5 225.4 224.8 221.9 218.4 215.4 211.1 208 205.3 200.7 196.6 192.5 189.8 187.9 185.7 182.8 178.7 175.7 172.3 167.5 164.5 166.1 163.6 160.7 159.2 157.9 156.6 154.6 152.7 149.6 145.4 145.1 144.3 142.3 139.8 136.3 131.6 125.7 120.2 115.7 113.4 112 111.6 111.7 107.8 104.5 115.9 115.5 118 125.2 131.5 132.6 139.5 145.8 149.3 152.4 155.7 157.4 159.1 168.8 181.3
172.9 177.6 181.9 185.2 189.2 194.8 202.6 210.4 215.6 218.4 220.6 221.9 221.7 220.4 219.5 219.3 219.9 221.5 223.2 224.8 224.7 222.4 219.4 217.8 212.4 209.5 207.4 202.9 198 194.2 192.1 191 189.6 185.1 181.1 178 173.4 168 169.3 169 165.4 161.6 159.9 158.5 156.8 154.9 152 150.1 148.9 148.5 147 144.9 141.6 137.9 132.8 126.9 121 117 115.1 112.9 113.1 112.9 109.6 104.2 116.9 116.5 119.3 127.4 132.6 137.9 133.8 143.2 148.8 150.3 153.6 155.9 161.2 171.6 186.6
170.9 175.8 180.4 183.7 187.2 193.9 201.7 208.5 213.5 216.9 218.7 220.4 220 218.9 218.3 218.2 218.6 220 222 223.9 224.4 222.5 221.5 219.9 214.1 211.3 208.8 204.9 199.5 196.4 194.9 194.7 192.4 187.6 183.4 180.2 174.4 173.4 173.8 171.8 166.8 163 160.4 159 156.9 154.2 153.7 152.5 152.1 150.8 149.2 147.4 144.3 140.5 134.1 128.3 122.8 118.4 115.6 114.2 114.8 114.2 109.2 109.5 118.4 115.8 121.2 128.6 134.2 139.4 142.6 140.3 142.6 147.3 152.3 155.9 161.4 173.3 184.9
168.6 173.6 178.3 181.8 185.1 191.1 199 204.9 210.4 215.2 216.2 217.1 217.9 217.5 217.2 217.2 217.6 218.8 220.5 222 222.3 221.7 222.1 221.2 215.8 212.2 210 205.9 201.3 198.8 197.7 197.2 193.9 189.5 185.7 182.5 177.6 177.9 177.2 174.4 169.3 164.7 161.4 158.8 157.6 156.5 155 155 154 152.6 151 148.7 145.7 141.1 135.4 130.4 125 119.3 116.8 116.4 116.3 115.9 108.9 111.9 119.1 118.5 122 130.1 136.8 140.6 144.4 148.2 148.8 151.6 152.6 153.5 161.9 170.3 180.6
