Assets/StreamingAssets/GeoData/Data/nc/NC96.asc
ncols 200
nrows 200
xllcorner 290000
yllcorner 960000
cellsize 50
[rows 152 to 189 of 200, columns 86 to 171 of 200]
130 122.1 113.7 109.8 105 98.7 95.9 93.9 91.4 89.9 87.6 84.7 83.2 85.4 82.7 80.4 80.3 83 86.8 90.7 92.7 94 95.5 89.8 81 76.3 66.9 59.7 57.5 56 54.5 52.2 51.9 54.7 56.3 59.2 58.5 57.1 55.9 53.9 55.2 57.4 58.3 58.4 58.5 58.7 58.3 56.1 55.3 55.2 53.6 52.1 53.3 55.3 57.3 59.2 60.9 63.4 66 68.7 71.3 78.4 83.4 84 84.6 87.1 87.6 87.8 87.3 86.2 84.5 82.4 80.2 78.4 77 75.1 73.3 72.2 71.4 70.7 70.5 70.4 70.2 69.4 68.8 67.9
134.5 127.6 118.8 112.3 108.8 103.3 97.8 95.5 93.8 92.1 89.7 86.5 84.5 87.7 85.4 83.2 83 86.6 90.7 95.4 97.6 101.4 107.9 104.5 90.6 81.8 73.8 66.7 59.7 56.6 54.2 52.8 52.4 53.4 55.4 58.1 57.6 56.5 56.7 53.9 55 57.2 59 58.6 58.3 58.1 57.5 55.8 55.9 55.1 53.9 52.6 53.1 55.6 57.9 59.3 60.9 63.6 66.4 69.1 73.5 81.8 87.2 88.5 90.4 89.7 89.8 89.9 89.3 88.3 87.2 85.5 83.5 81.5 79 77.1 75.3 73.4 72.6 71.8 71.5 71.1 70.9 70.8 70.5 69.6
140.5 133.3 123.5 116.1 111.6 106.9 101.5 97.3 95.4 93.9 92.3 88.2 87.1 90.5 88.2 86.2 85.7 89.3 94.1 99.3 102.3 106.3 113.4 116.2 103.9 87.4 79.3 72.6 63.2 57.5 54.8 53.2 52.7 53.6 55.1 56.7 57.2 56.4 55.6 54.2 55.5 57.8 58.4 58.5 58.3 58.1 57.7 56.9 56.4 55.6 54.3 53.1 53.1 55.3 57.2 58.9 61.1 63.8 66.3 69.3 74.5 83.2 91.4 92.6 91.4 91.5 92.4 95 89.6 92.4 90.9 88.9 86.3 83.6 81.1 79.1 77.2 75.3 73.8 73.3 73.2 72.8 72.6 73 72.7 72
145.8 138.6 127.4 120.2 114.9 110.3 105.5 99.8 96.9 95.3 93.8 87.1 93.7 93.3 90.3 88.6 88.7 92 97.2 103.6 106.5 111.1 122.8 123.7 116 98.9 85.6 76.3 65.6 58.6 55.7 53.8 53 53.9 54.9 56.1 56.8 55.9 54.8 54.4 55.9 57.8 58.4 58.9 58.8 58.8 58.2 57.3 56.5 55.7 54.9 53.6 52.9 54.9 56.6 58.4 61 63.5 66.3 69.5 74.7 84 91.9 93.1 96.3 97.1 88.8 89.9 98.7 96.1 94.3 92.5 89.5 86.2 83.2 81.2 79.3 77.3 75.6 74.9 74.8 74.8 74.8 75.4 75.3 74.7
152.3 143.3 132.7 124.5 118 113.5 109.1 102.9 98.7 97 95.9 94 96.8 95.4 93 91.6 91.3 94.9 99.4 105.3 109.4 117.5 132.7 138.2 124.2 106.5 91.1 81.4 70.5 60 56.5 54.8 53.6 54.2 54.9 55.8 56.4 55.3 54.2 54.7 57.2 57.9 58.4 59 59.8 60.6 59.2 57.7 56.6 55.8 54.9 54.1 52.5 54.4 56.1 58.3 60.3 62.9 66.1 69.2 74.9 82.9 89.9 97.8 102 102.4 105 103 102.2 99 97.7 95.7 92.6 89.1 86.1 84.5 81.5 78 78 76.9 76.6 76.3 77 77.6 77.4 76.9
158.7 148.8 137.9 129 121 116.6 112.1 105.1 100.5 98.7 97.4 97.5 98.8 98.1 96.1 94.4 94.6 96.8 100.6 106 111.4 122.8 142.9 155 137.4 113.5 96.2 86.2 73.7 63.9 58.4 56 55 54.7 55 56 56.3 55 54.1 54.7 57.4 57.9 58.5 59 60.5 61.5 59.9 58.1 57 56 55.1 54.3 52.9 54 55.6 57.5 59.7 61.8 65 68.8 74.3 80.9 88.8 100.9 103 103.4 104.1 104.1 104 101.7 100.2 98.4 95.7 92.1 89.4 86.3 84 80.9 79.3 79 78.1 79 78.8 79.2 79.5 79.3
162.8 154.1 142.5 134.7 125.2 119.3 114.8 106.7 101.6 101.6 95.4 100.6 101.3 99.7 98.2 96.8 96.7 98.9 103.7 108.5 114.1 126.6 151.2 164.9 155.3 118.9 96.8 89.9 80.7 70.2 61 58.4 56.4 55 55.9 56.3 56.2 54.9 54.6 54.8 56.9 57.9 58.5 59.1 60.5 61.1 60 58.6 57.4 56.4 55.4 54.4 53.1 53.7 55.1 56.3 58.6 60.9 64.4 67.8 73.3 81 87.8 99.7 103 104.4 105.1 105 104.4 104.2 102.5 100.7 98.1 94.6 92.2 90.6 88.5 85.8 84.2 82.2 81.2 82 81.5 81.8 82.2 82.2
166.4 159.5 146.1 139.2 131.2 122.9 117 108.1 106.6 102.8 101.6 103.5 104.1 102.4 100.7 99.3 99.3 102.4 107.5 111.4 116.6 130.7 159.2 173 162.7 124.7 102.4 91.9 85.7 74.8 63 57.7 56.5 55.4 56.4 56.9 56.7 55.7 55 55.2 55.3 57.8 58.5 58.9 59.9 60.8 60 58.9 57.7 56.6 55.6 54.7 53.7 53.7 54.3 55.7 57.4 59.7 63.3 67.1 73 80.3 85.8 94 99.7 103.3 104.8 105.4 105.4 105.5 104.7 103.1 100.4 97.8 95.7 93.8 92.5 92 88.3 86.8 85.3 84.5 85 83.8 84.1 85
169.6 162.4 151 143.3 134.8 126.3 119.6 108.9 109.8 104 102.3 105.7 106.5 104.9 103.5 102.1 102.2 105.8 111.7 116.5 121.6 132.8 165 176.5 163.2 125.3 108.6 96.9 88.5 77.6 64.4 58.3 57.1 55.9 56.4 56.8 56.8 56.5 55.4 55.3 55.4 56.8 58.6 59.1 60.2 60.7 60.1 59.2 57.9 56.7 56.1 55.3 54.2 53.4 53.4 54.7 56.6 59.4 63 66.5 71.7 78.9 84.2 89 95 99.6 103 107.5 107.1 107.3 107.1 106 103.8 101.6 99.6 97.9 96.6 96 93.7 91.9 90.1 87.7 87.2 86.4 86.5 86.6
172.5 164.4 156.5 148.3 138.9 130.5 122.2 114.2 112.4 106.6 104.4 108.3 108.8 107.6 106 105.1 105.4 110.8 117.2 122.9 128.5 135.1 163.9 175.4 152 127.1 116.5 101.7 92.1 79.9 67.2 59 57.6 56.5 56.1 56.4 56.9 57.5 56.2 55.7 55.5 55.3 58.2 59.6 62.5 61.2 60.4 59.5 58.3 57.1 56.6 55.9 54.6 53.4 53.5 54.2 56.2 59.4 62.6 66.2 70.3 76.7 82.7 88.1 91 96.1 101 106.1 107.8 108.7 109.1 108.8 107.9 106.1 104.4 103 101.8 99.8 98.3 97.4 94 90.8 89.1 88.9 92.3 91.9
173.4 168.1 160.6 152.6 142.3 134.5 125.7 118.9 113.6 109.6 107 111.6 111.9 110.2 109.4 109.1 110.2 116 123.3 130.5 136.1 139.7 154.2 159 145.5 134.7 126.9 110.3 95.6 83.4 69.5 60.3 58 57.2 56.7 56.6 57.6 58 57 55.2 55.5 56.3 59.6 60.3 61.5 61.1 60.5 60 58.7 57.6 57.1 56.4 55.1 53.7 53.7 54.2 55.5 59 62.5 65.8 69.5 75.3 80.8 85.4 88.2 91.2 96.6 102.3 108.1 111.5 111.2 111 111.1 110.7 109.4 108.4 107 105.2 102.8 102 98.5 94.7 95.3 95.7 96.9 96.9
176.9 172.9 166.2 157 146.1 137.6 129.5 122.1 116.1 110.1 112.6 115.2 114.6 113 113.4 113.6 116.5 122.6 131 138.9 144.1 147.5 153.8 157 150.3 146.9 137.4 118.2 101 87.5 72 63 58.6 57.6 56.8 56.7 57.8 58.8 57.9 56.9 56.3 55.7 59.3 60.6 60.7 61 60.9 60.4 59 58.4 57.9 57 55.7 54.4 54.2 54.4 55.3 58.5 62 65.5 69.1 73.8 78.9 83 87 90 94 98.9 105.3 111.7 111.7 112.2 113.7 114.9 115.7 115.7 113.5 109.9 107.1 104 100.9 99.1 99.3 99.7 100.5 100.6
181.4 178.1 170.6 159.8 149 140.7 132.4 123.8 117.4 112.6 116.5 117.3 117.6 116.7 117.7 118.8 122.7 131 140.2 148.4 153.6 156.8 162.2 167.3 168.6 162.7 147.9 127.5 108.7 94.4 76.4 65 59.4 58 57.1 56.8 57.8 58.8 59.2 58.2 56.3 56.5 55.6 59.5 59.9 59.9 61 60.8 59.8 58.5 58.1 57.6 56.3 54.9 54.8 54.9 55.8 58.3 61.8 64.8 68.5 72.5 76.9 81.2 84.9 88.9 93.8 98.3 102 109.9 113.5 112.5 113.8 119.6 123.5 123.5 118.1 113.7 110.3 107 104.5 103.1 103.3 103.6 104 104.5
185.9 183 173 162.9 151.9 143 135.1 124.7 118.7 116.8 120 120.3 121.5 121.9 122.7 125.9 133 141.2 151.2 159.8 164.1 168.1 176.1 183.2 180.3 172.4 157.4 135.2 114.9 99 81 68.1 61.1 58.5 57.5 57.5 58.3 59.1 59.9 58.3 57.2 56.7 56.7 57.8 55.9 59.9 60.7 60.9 60.6 59.4 58 58.2 56.9 55.5 55.2 55.3 56.2 58.5 61.1 64.1 68.1 72.3 75.8 78.9 82.1 86.3 91 95.1 98.7 102.4 107.5 109.1 111.3 116.9 123.7 125.4 120.3 116.5 112.7 109.1 107.2 106.1 106.6 107 107.4 107.7
192.2 186.8 176.4 164.6 154.3 144.6 136.8 126.3 122.8 119.3 124.5 125.1 124.9 126.6 128.9 133.9 144 153.5 160 169 174.7 180.6 189.9 192.6 188.4 178.8 165.4 143.1 121.3 103.3 85.8 72 63.6 59.5 58.3 58.4 59.2 59.9 60.3 58.3 57.3 56.9 56.9 57.5 57.6 58.9 60.8 61.1 61.2 62.3 59.1 58.8 57.4 56.3 55.2 55.4 56.4 58.5 60.6 62.7 65.8 69.8 73.6 76.7 79.4 83.7 88.3 91.9 95.2 98.2 101.5 105.2 107.3 111.4 116.7 120 119.1 116.9 113.9 111.4 109.3 108.4 108.6 108.6 108.8 108.9
193.1 189.2 180.4 166 155.8 147.3 138.1 128.6 123.5 123.6 128.4 129.8 129.2 131.8 135.8 143.4 156 165.3 172.4 180.6 188.7 196.6 201.6 200.8 193.8 185.6 171.9 148.8 127.5 108.2 91 74.8 65.9 60.6 59.4 59.6 60.2 60.6 59.9 58.4 57.4 57 57.1 58 58.5 59.8 61.1 61.4 61.4 60.5 59.3 59.1 58.5 57.4 56 55.5 55.5 57.4 59.5 61.5 63.5 67.1 70.8 74.6 77.4 80.7 85.8 90.1 93.3 96.1 99.3 102.9 104.4 108 113.7 116.7 117.7 116.9 115.5 113.9 111.9 110.5 109.7 109.6 108.6 108.2
196.1 193.9 183.9 167.6 157.4 149.7 138.9 128.6 123.3 128.3 133.3 134.7 134 138.9 144 153 165.9 178.6 188.7 199.1 206.8 209.7 210.4 208.2 201 188 173.9 153.9 133.6 114.5 95.1 77.7 67.8 62.4 61.2 60.9 61.9 60.8 59.4 58.3 57.5 57 57.1 58.4 58.3 58.7 61.3 61.9 62.1 61.7 60.4 59.4 59 59 58.7 57.1 56 56.6 58.3 60.3 62.3 64.5 67.9 72.5 76 78.5 84.3 88.4 91.7 95.4 98.8 101.9 104.3 107.4 111.9 114.7 116 117 117 116.1 114.6 112.6 111.2 109.5 108.2 107.1
200.4 200.1 185.8 168.1 159.6 150.3 139 129.1 127.3 133.7 138.1 139.2 139.9 146 155.3 164.8 177.6 194 204.7 211.2 216.5 219.3 219.2 215.7 208.1 192.8 176 156.6 137 116.3 97.7 80.8 71.2 64.5 63.5 63.1 63.5 62.1 60.6 59 58 57.3 57.2 58.3 59 59.5 61.5 62.1 62.7 63.2 62.4 60 59.6 59.4 59.1 58.4 58.3 56 57.5 59.2 61.1 63 66.3 71 74.7 76.6 81 86.2 91 94.7 98.4 101.6 104.2 107.1 110.8 114 115.5 117 118.9 119 116.8 113.8 112.1 110.6 108.8 106.9
199.1 200.7 184 169.4 160.5 149.8 138.3 130 132.4 139.5 143.1 143.8 145.5 157.2 168.2 178.1 190.4 208 213.5 218.4 222 224.5 225.5 219.1 207 190.8 173.9 153.7 135.4 116.3 99.7 87 75.8 69.6 66 64.8 64.9 63.2 62.2 60.3 58.8 57.7 57 58.3 60.1 57.9 61.3 61.9 62.6 64.4 64.7 61.2 60.2 59.8 59.4 59.2 58.5 57.3 56.9 59 60.6 63.7 66.1 68.9 72.6 76.1 79.8 84.2 89.6 94 97.7 101.1 104.2 107.1 111 113.5 115 116.5 119 122.4 118.2 114.8 113.1 111.6 109.8 107.8
197.9 198.3 180 170.5 161.4 149.9 138.3 132.4 136.9 144.1 147.5 149.4 155.6 170.8 181.4 189.8 204.5 215.3 219.7 223.8 228.2 231.5 233.3 227 210.2 185.9 166.9 149.8 132.5 114.6 100.8 89.7 80.1 74 68.4 66.4 65.2 64.2 63.9 62.3 59.8 58.2 57.7 58.5 59 58.1 60.8 62.2 63 65.1 66.7 62.2 61.6 60.6 60.2 59.6 59.3 58.8 57 58.1 60.1 63.7 66.2 68.4 70.7 73.2 77.3 80.4 86.7 93.1 96.5 99.4 103.5 107.1 110.4 113.3 114.6 116.4 118.4 125 120.6 116 114.4 112.9 111 108.8
196.5 192 178.8 170.2 160.9 150.5 140.9 134.6 141.8 148.9 152.9 157.8 168.9 184.2 192.4 201.6 214.1 221.4 225.7 229 233 235.8 238 229.7 212.5 186.2 163.8 149.2 131.7 115.7 103.4 92.9 83.6 77.3 71 68.8 66 64.6 64.6 63.6 61.2 59 58.5 58.9 59 59.4 61.8 62.5 63.3 65.8 67.5 64.6 63.2 63.3 61 60.7 60 59.3 59.2 58.4 59.7 62.8 66 68.1 69.9 72 75.4 79.6 87.8 92.2 96.7 98.6 102 107.2 110 113.7 115.5 116.4 116.9 120 119 117.2 115.7 114.1 112.1 110
196.4 187.8 178.7 170 161.6 151.6 142.9 136.2 146.8 154.8 160 167.2 184.6 197.9 200.2 209.7 218.2 223.3 226.9 230.8 234.8 238.6 240.6 229.1 206.8 181.6 162.3 147.3 130.7 116.9 105.9 96 86 81.6 74.6 71.6 68.3 65.7 64.7 63.7 61.7 59.5 58.9 59.1 59.9 59.2 61.6 62.5 63.2 65.9 67.7 65.2 64.6 64.7 63.6 62 61 59.9 60.3 58.6 60.1 62.5 65.3 67.6 69.5 71.9 74.7 78.9 84.5 90.7 96.7 99.1 100.7 106.4 109.2 113.3 115.9 116 117.3 118.2 118.9 118.2 116.8 115.4 113.4 111.5
195.8 186.3 178.8 170.2 162.2 153.6 146.1 138 151.6 160.7 167.3 179.4 197.2 205 206.2 211.4 217.3 222.3 225.2 229.3 234.5 239.1 238.4 222.6 196.3 177.7 160.1 145.2 130.8 118.4 108.9 98.2 89.5 85.5 78.6 74.3 71 67.8 65.9 63.9 62.4 60.6 59.9 59.4 60.4 60.9 60.1 60.3 62.9 66.3 68.1 66.2 65.9 66.9 64.6 63.3 61.8 61.5 61 60.4 59.1 61.2 64 66.6 69.1 71.8 74.3 78.3 84.3 89.5 94.5 97.3 100 104.9 109.1 113.1 115.4 116.6 117.8 118.8 119.9 119.5 118.2 117.2 115.3 113.2
193.9 185.7 178.8 172 163.5 155.4 148.6 146.4 157.2 167.2 176.7 191.6 206.5 212.4 212.8 212.9 214.7 221 225 228.4 231.9 235.3 228.4 213.4 193 175.4 158.6 144.4 132.2 120 110.6 102.2 94.4 88.6 81.9 77.1 73.1 69.1 67.7 65.3 62.8 62 59.1 60 60.6 61.2 61.1 60.8 63.9 67.3 68.7 67.3 67.5 68.3 66.4 64.7 62.6 62.1 61.8 61 60.1 61.2 63.7 66.1 68.9 71.2 74 77.3 81.8 89.1 93.7 96.4 99.1 103.5 108 112.3 116.3 117.4 118.6 120 121.1 121.2 120.4 119.4 117.5 115.3
191.8 185 179.3 173.7 165.8 157 147.9 152.6 161.7 174.3 188.7 202.9 213.7 221.2 222.1 220.1 221.2 223.4 224 220.6 222.5 221.3 213.4 204.3 191.7 174.7 157.5 144.8 133.1 122.1 112.6 104.3 98.6 91.1 85 80 75.1 70.4 69.3 66.8 64.4 63.4 60.5 60.6 61.2 61.8 61.5 62.1 64.4 68.1 69.7 69.1 68.8 69.3 67.9 65.8 63.7 63 62.4 61.6 60 61.7 64 66.3 68.7 71.2 73.1 77.1 80.8 86.1 92.1 95.4 97.7 102.4 106.8 111.8 116.4 118.2 119.4 120.8 122.3 123 122.8 121.9 120.7 118.2
189.3 183.5 178.8 174.6 167 158.6 149 155.8 166 181.4 198.5 213.5 224.4 229 230.1 229.9 228.2 224.7 219.6 215 212.3 210.1 206.2 200.6 190.1 173.5 157.3 144.1 134 123.6 115.2 107.2 101.5 93.1 88.1 82.2 77.8 73.4 71.3 68.8 65.9 65.1 62.6 60.9 61.5 62.2 62 62.3 64.7 68.3 69.6 69.3 69.2 70.1 68.5 66.9 65.1 63.9 63 62.3 61.6 62.3 64.2 66.4 68.5 70.8 73 76.4 80 83.8 88.7 92.8 96.5 101.4 106 110.7 115.9 118.3 120.3 122 123.7 124.5 125.5 126.9 126.3 122.5
185.1 181.8 178.8 174.1 166.3 159.1 151.1 159.5 169.2 189.7 209.7 225.4 235.2 238.3 238.5 236.9 231.7 222.6 215.6 208.6 203.2 200.3 199.7 198.1 189.4 171.6 156.1 145.8 135.3 124.6 116.9 109.5 103.4 96.9 90.3 84.5 79.7 75.6 73.1 71 67.7 66.4 63.7 61.6 62 62.7 63.3 62.8 64.4 68.3 69.3 69.7 70 70.1 69.1 67.2 66 65.1 64.1 62.6 62.5 63.5 64 65.8 68 70.3 72.6 74.1 77.7 83.2 86.6 90.6 94.8 99.9 105 110 114.6 118 121.2 124.8 125.4 126.3 127.2 128.9 130.6 126.9
180.3 180.1 178.4 172.9 165.1 155.5 157.6 164.2 173.1 195.4 217.7 233.5 242 245.5 244.4 242 228.8 216.1 206.7 199.5 194.9 191.7 192.4 190.8 183.1 165.4 155 146.1 135.4 125.3 117.8 111.1 106 100.2 94.2 88.8 82.5 78.1 75 71.9 69.7 67.6 64.8 62.5 62.4 63 63.5 63.1 64.9 67.8 69.2 69.8 70.2 70.1 69.6 67.1 66.1 65.2 64.2 62.8 64.1 64.8 64.7 65.5 67.5 69.8 72.2 73.3 75.4 80.2 84.7 88.1 92.1 97.2 102.9 108.5 113.1 117.1 121.7 127.4 127.8 127.9 129 130.4 132 132.4
178.2 178.6 176.8 170.9 160.7 162.5 161.7 163.7 175.8 198.6 220 238.6 245.8 247.6 243.2 232.2 218.5 208.8 200.7 196.2 191.4 186.2 181.6 176.8 171.3 163.9 154.7 144.5 135.2 126 118.8 113.6 108.5 102 96.4 91.3 86 81.4 77.9 73.8 71.4 69.4 66.6 63.4 63 63.3 63.6 63.3 64.4 67.5 68.7 70.5 71.1 71.3 70.8 68.2 67.4 66.1 64.8 64.1 65.5 66.3 66.2 66.2 67.6 69.1 72 73.4 75.2 78.1 83 86.3 90.2 95.9 101.3 106.7 111.7 116.1 122.3 126.3 127.2 128.9 130.5 132.1 133.3 134.5
176.7 177 174.5 169.2 161.5 166.8 167.1 165.1 177.5 200.1 215.9 237.7 246.4 247.7 235.1 220 212.5 207.4 200.8 195.1 190.3 184.7 178.3 172.3 165.7 160.5 153.2 143.3 134.6 126.6 119.4 116.3 109.6 103.5 98.2 93.8 88.9 84.5 80.4 76 73 72.1 68.6 64.6 63.8 63.8 64 64.3 64.6 66.2 69.5 71.7 71.9 72 72.5 69.8 68.8 67.8 66.8 66.1 67.6 68.5 68.2 68 68.4 69.3 70.2 71.9 74.1 77.1 81.1 85.1 89.2 94.5 99.7 104.9 109.9 115.2 120.1 122.8 126.3 128.5 131.5 133.3 134.5 135.2
176 175.3 172.3 166.2 166.6 170.2 171 168.4 179.3 200 211.8 231.4 239.6 236.4 224.5 217.4 211.3 205.9 200.7 194.5 188.5 182.8 175.4 169.3 162.5 156.1 150.8 141.9 134.1 127.9 121.2 117.7 110.7 105.3 100.5 96.2 91.5 87.2 82.5 77.8 74.7 73.4 69.3 66 65.3 64.6 65 65.1 65.3 64.4 70.5 72.4 72.8 73.3 74.9 71.4 69.9 69 67.6 66.9 68.4 69.2 69.7 69.4 70.1 70.8 71.3 72 74.1 76.8 80.5 83.8 88 92.7 97.9 103.2 108.2 113.4 117 119.8 124.9 127.5 132.2 134.4 135.8 136.4
174.8 173.6 171 164.5 171.1 173.5 174.4 171.2 179 197 211.1 220.4 228.3 225.7 219.8 215.4 210.2 204.4 198.7 193 186.3 180.4 174.2 167.2 158.9 150.8 145.5 140 133.9 127 122 117.3 112.3 107.4 102.9 98.3 93.5 89 84.3 79.6 76.5 75 70.1 67.4 67 66 65.8 65.8 66.3 66.1 70.4 72.5 73.1 74.8 77.3 73.6 71.9 71.6 70.4 69.3 66.9 68.7 70.3 71 71.7 72.4 73 73.3 74.1 76.1 79.1 82.5 86.6 91.4 96.1 101 106.1 112 117.1 119.6 122.8 127.9 133.5 135.2 137 137.3
174.1 172.9 169.5 169.2 174.4 177.3 177.3 173.8 179.5 194.1 211 219.4 221 219.9 217.1 214.3 209.5 203.5 197.7 191.7 184 178.7 172.4 164.6 154.5 149.1 144.6 138.6 133.4 128.5 123.5 118.6 113.7 109 104.3 99.6 95.1 90.1 85.4 80.7 77.2 72.8 70 68.6 67.8 67.7 67.2 66.4 66.5 66.6 69.5 72.3 73.5 75.3 78.8 75 74.2 73.1 72.4 70.5 68.7 69.2 70.9 72.1 73.2 73.9 74.6 74.9 75 75.8 78.1 81.3 85.3 90 94.7 100.5 105.9 111.6 118.1 120.5 123.4 127 132.7 135.7 137.9 138.9
172.8 170.4 169.2 173 177.8 181 181.4 176.1 182.4 190.2 208.6 216.7 216 214.6 214.5 213.2 209.2 202.8 196.6 190.1 182.5 177.6 170.1 162 154.1 148 143.3 137.4 132.5 128.4 124.5 119.8 115.2 110.4 105.5 100.9 96.3 91 85.8 81 76.3 72.9 74.7 71 69.1 68 67.6 67.3 67.1 67.7 67.8 71.9 73.7 75.9 78.5 76.5 76 75.2 74.2 72.4 70.5 70.2 71 72.8 74 75.2 76 76.3 76.6 77.1 77.8 80.3 84.8 89.3 94 99.8 104.8 110.2 117.5 121.2 124.2 127.6 132.5 135.8 138.8 140.6
172.5 170.8 171.8 176 180.8 184.3 185.4 179.3 182.1 189.3 202.3 209.2 210.8 211.2 212.4 212.4 208.4 201.9 196 188.8 182 175.9 167.2 159.1 153.9 149.3 142.4 136.3 131.8 128.3 125.4 121.2 116.7 111.9 107 102.1 97.3 92.3 86.9 81.2 76.5 80.6 77.2 72.8 70.9 69.6 69.3 68.5 67.9 67.9 69.1 71.8 74.6 77 78.9 78.7 78.2 77 75.7 74 72.6 70.6 71.7 73.4 74.6 75.8 77.1 77.9 78.2 78.7 78.9 80.2 84 88 94.3 100.2 104.4 109.9 116.6 121.3 125.3 128.1 133.1 136.7 140.3 142.6
172.5 171.9 173.7 178.8 183.6 188 186.8 184 188.3 190.3 194.9 200.7 206.2 210.5 211.3 209.8 205.4 199 193.6 188.4 182.3 175.6 166.1 159.7 155 148.8 142.2 136.2 132.4 129.8 126.7 123 118.2 113.4 108.5 103.5 98.5 93.7 88.6 82.8 81.4 83.5 79 75.4 73.2 71.4 70.7 69.8 68.7 68.2 70.4 72.9 75.7 78.7 80.3 80.3 79.9 78.8 77.6 76.2 74.8 73.2 71.2 74.1 75.3 76.6 77.8 79 79.8 80.1 80.3 81 83 87.6 93 98.5 103.1 109.2 113.9 119.7 124.7 127.6 133.1 137.5 141.8 144.2
173.2 173.6 175.2 181.5 185.9 189.7 187.6 187.3 192.4 196.6 200.3 205.1 209.7 212.5 211.2 208.1 202.4 197.2 192.6 188 182.3 175.1 167 160.8 155.5 147.7 140.6 136.3 134 131.3 128.6 124.7 119.8 114.7 109.7 104.2 99 94.7 90.4 85.6 85 85.4 82.1 78.9 76.1 73.4 72 71 70 69.1 70.8 73.8 78 80.3 81.8 81.5 80.9 79.8 78.7 77.9 76.6 75.1 72.7 74.6 75.9 77.2 78.6 79.8 80.7 80.2 81 81.3 81.5 85.7 92.9 96.8 103.6 108.8 114.9 119.3 122.3 127.1 132.6 137.5 142.8 145.7
174.7 175.2 176.7 183.8 188.1 189.1 187.7 189.4 196.7 201.6 205.2 209.1 213.4 215.7 212.8 208.2 202 197.1 192.9 188 182.7 175.7 167.8 161.1 154.5 144.2 142.8 139.3 135.7 132.7 130.2 126.3 121.4 116 111.1 104.9 100 95.5 91.1 85.1 87.7 87.8 85.9 82.3 78.8 75.9 73.8 72.6 71.3 70 68.4 74.8 79.8 82 83.4 83 83.4 81.9 80.4 79.2 78.1 76.5 75.1 73.7 75.1 77.2 78.9 82.7 82.4 82.7 81.7 84.8 86.1 87 92.2 96 101.7 108.5 112.8 118.8 124.8 128.2 132.6 138.2 143.6 146
