Game/Highland_Data/StreamingAssets/GeoData/Data/nf/NF73.asc
ncols 200
nrows 200
xllcorner 70000
yllcorner 830000
cellsize 50
[rows 156 to 194 of 200, columns 87 to 173 of 200]
7.9 7.9 7.5 6.1 3.1 2.7 3 3.1 4.6 6.6 8.9 8.2 4.2 4.8 3.5 3.5 9 14.2 11 9.4 7.5 1.2 1.2 5.9 8.9 10.3 9.2 9.6 9.7 11.4 13.9 15.2 15.9 6.8 7.8 13.4 14.1 11.2 5.1 5.1 5.1 5.1 13.6 19.5 26.9 31.7 33.3 32.9 38 41.8 44.5 51 54.6 58.4 60.1 63.9 67.6 67.1 64.9 70.3 75.7 84.5 91.1 103.8 110.2 111 109.7 105.2 99 97.1 96.2 95.9 94.5 90.9 88.8 84 81.8 78.1 76.5 76 80.2 83.9 88 92.7 107.9 122.4 135
7.1 6.9 8.7 7.2 5.2 4.2 2.8 2.9 4.1 4.4 8.1 8.2 6.9 7 3.5 3.5 9.9 11.8 13.6 10.4 6.7 1.2 1.2 1.2 1.2 1.2 2.7 9.9 8.9 11.9 13 17.6 16.8 6.8 10.9 13.3 12.9 13.1 7.8 5.1 5.1 5.1 12.7 17.6 24.8 30.6 34.5 36.5 37.8 42.1 45.4 50 53.4 58.1 62.9 69.7 73 71.7 71.5 72.1 78.3 85.2 95.2 108.2 114.5 116.7 116.4 114.7 109.6 103.8 101.6 100.3 98.2 96.5 94.2 89.7 85.4 82.3 79.1 77.7 80.7 84 88.3 93.4 104.8 122.1 137.5
6.8 6.3 7.2 6.7 5.5 5 2.9 3 3.6 3.4 7.4 7.5 6.5 8 3.5 3.5 9.2 10.1 11.6 12.4 8 6.7 1.2 1.2 1.2 1.2 1.2 6.5 8.4 10.7 11.5 13.8 14 11.5 10.5 10.7 12.8 13.4 13.9 10.1 5.1 11.1 16.6 16.3 23.3 29.4 33.5 38.2 38.4 43.1 45.9 48.6 52.7 56.9 66 72.3 76.5 77.8 78.2 77.7 82.6 84.6 96.5 110.5 117.1 118.7 118.5 119.7 117.6 112.2 106.5 106.4 105.6 101.8 99 95.5 90.1 85.1 81.9 80.7 80.7 84.1 88.4 92.9 100.5 118.9 135.4
6.6 6.3 5.6 5.1 5.3 5.6 4 0.9 0.7 -0.8 2.3 7.1 5.6 6.2 4.7 3.5 9 10 11.8 10.4 9.9 7.3 6.2 1.5 2.8 6.6 1.2 1.2 4.3 6.2 9.7 11.8 14.8 14.4 10.2 9.9 11.5 14.8 16.6 12.4 10.2 13.4 15.6 17.5 20.9 28.5 33 37.8 41.8 42.1 47.6 49.6 52.7 59.3 65.3 71.3 74.2 79.7 82.5 81.5 82 84.4 93.6 108.7 115.7 119.8 120.1 119.6 123.4 119.6 113.2 112.7 110.9 108.7 103.9 99.7 93.3 88.6 85.7 83 81.8 84.6 87.5 92.9 99.6 115.6 133.9
7.3 6.7 5.9 5.6 5.4 4.4 3.7 -0.8 -0.8 -0.8 -0.2 3 4.6 4.6 6.2 6.8 6.4 9 12.7 8.4 6.9 7.2 6.3 5.5 5.7 5.7 1.2 1.2 8.5 1.6 9 12.7 14.7 13.3 10.2 9.2 12.9 14.3 14.3 15.9 13 11.9 16.6 23 21.7 29.4 31.5 37.4 43.9 45.7 48.4 52.2 55.4 61.2 66.4 68.2 70.9 76.1 85.2 84.8 81.2 81.6 91.9 103.4 111.6 115.9 120.7 122.7 128.4 128.4 121.5 114.8 115.7 113.6 107.5 101.6 97.7 90 87.1 85 82.2 85 88.3 92.5 100.4 106.3 129.5
11.2 12 6.7 6.2 6.2 5.6 3.8 -0.8 -0.8 -0.8 -0.8 -0.8 -0.8 -0.8 6.4 7.8 5.3 6.2 10.9 8 6.8 7.3 6.6 4.7 5 5.3 5.8 1.2 7.3 1.9 9.7 14.2 15.3 13.8 10.3 8.2 11.5 14 14.4 17.1 18.2 15.5 17.9 25.1 26.8 30.8 33.3 36.8 42.2 47.6 50 49.8 54.3 60.5 63.5 67.1 67.6 71.2 82.1 82.7 79.7 79.8 84.6 92.5 103.1 110.3 118.3 124.2 129.7 132.8 129.1 118.2 118.4 116 111.3 105.3 97 90.7 88.3 85.8 85.3 86.4 89.3 92.8 99.8 105.2 119
12.5 12.3 10.3 7.2 7.2 8.7 8 5.1 2.4 3.3 -0.8 1.9 -0.8 -0.8 -0.8 2.1 5.2 5 9 7.1 5.9 5.6 4.7 4.2 4.6 5.8 6.9 1.2 1.2 8.1 3.5 13.9 17.4 16.3 12 3.6 9.5 14.1 14.1 16.7 15.3 16.8 18 21.8 29 29.3 36.1 36 43.5 44.7 50.4 48.8 51.2 55.5 60.4 60.8 62.9 67.9 71.5 77.6 77.7 78.1 80.3 82.2 90.7 96.3 108.1 119.2 128.6 133.6 132.1 127.5 120.6 119.5 114.3 108.7 101.4 92.6 88.7 88.4 86.7 87.3 90.1 93.6 98.1 104 115
11.3 11.6 10.8 10.3 7.2 7.6 8 6.9 6.3 4.9 7.1 6.7 5.7 -0.8 -0.8 -0.8 0 5.1 5.5 5.4 5.4 5 4.7 3.3 4.7 5.4 4.2 1.2 2.8 7.7 1.6 13.5 18.4 19.9 17.6 3.1 3.1 10.9 13.3 14.6 16.7 21.6 18.9 21 26 29.9 32.3 34.5 37.2 44.1 47.3 47.4 47.6 48.7 51.4 55 57.5 59.2 65.7 69.2 72 71.5 73.2 72.3 80.8 90.4 102.7 113 123.7 130.3 132.3 131.3 125.9 121.3 117 111.2 103.6 97.6 90.1 89.7 88 89.2 90.9 94.8 99 103 110.2
11.9 11.2 10.5 10.3 8.4 7.6 7.5 7.4 6.2 6.2 5.5 5.7 6.7 -0.8 -0.8 -0.2 -0.8 -0.8 -0.8 1.2 1.6 5.1 -0.8 3.7 4.5 -0.4 4.7 5.7 1.2 7.6 1.6 7.4 15.1 20.2 19 5 3.1 10.2 13 9.7 10.6 16.5 19.8 22.2 25 26.5 27.7 33.2 34 36 44.3 44.4 42.9 44.2 46.2 45.8 49.4 50.9 56.3 61.6 63.8 65.2 65.7 68.9 69.2 78.5 92.7 105.3 117.9 126.2 131.9 133.2 132 122.5 115.3 110.9 105.6 96.4 93.2 90.1 90.6 88.9 92.1 94.6 97.9 103 108
11.7 11.4 11.5 12.8 10.4 7.9 7.5 7.2 6.8 6.9 7.8 5.9 5.5 4.4 4.7 6.2 3.8 -0.8 -0.8 -0.8 -0.8 -0.8 -0.8 3.9 1.5 -0.8 4.3 6.6 3.2 6.3 1.6 1.6 13.2 17.8 17.5 12.5 3.1 4 10.2 7.6 7.9 14.5 19.7 19.2 23.6 23.8 23.2 29 30.6 31.9 36.8 40.5 38.4 35.9 38.8 38.7 39.2 41.3 42.8 52.3 55 58.8 59.7 63.6 64.1 73.5 85.2 97.9 112 123.7 131.7 134 135.4 131.2 123.1 113.6 103.1 100 96 94 92.3 92.9 92 94.7 97.3 101.8 106.9
11.6 12.9 11.3 13.4 13 9.8 8.1 7.7 8.1 8.7 7.4 6.5 5.7 6.1 4.3 7 7.4 -0.8 -0.8 -0.8 -0.8 -0.8 -0.8 -0.8 -0.8 -0.8 4.1 5.1 8.4 1.2 5.4 1.6 12 14.5 16 12.5 4.6 4.9 8.4 2.6 2.6 2.6 15.5 16.7 19.1 24.5 20.9 21.6 23.4 23.1 27.5 33 32.3 30.5 26.7 30.9 29.9 32 34.2 42.5 49.2 50.7 54.2 59.5 62.2 70.7 77.7 92.5 105.7 117.7 128.2 131.7 134.2 134 128.7 114.9 109.1 104.8 98.3 95.5 93.5 95.4 96.3 96.9 97.6 101.5 107.1
11.1 12 11.4 12.8 13.6 12.6 9.5 9.8 9.3 9 6.5 5.4 5.1 7.6 4.6 6.7 5.8 3.1 -0.8 -0.8 -0.8 -0.8 -0.8 -0.8 -0.8 -0.8 -0.8 4.5 5.4 6.4 1.2 1.6 1.6 10.4 13.3 11.8 10.4 3.1 7.3 5.6 2.6 2.6 6.7 14.2 21.6 22.6 21.6 17.3 19.5 17.8 19 23.8 24.1 22.4 21.6 18.8 19.8 21.4 27.4 31.8 37.8 45.1 49.4 55 58.5 63.4 74.8 85.3 98.8 112.6 123.5 130.5 131.6 132.1 129.5 119.4 110 105.9 97.4 98.6 96.6 97.5 98.6 99.5 99.7 101.9 106.8
10.8 12.4 11 12.2 13.4 12.1 11.5 9.3 10.3 10.8 8.6 5.8 6 7.1 6 4.8 6 5.1 4.1 -0.8 -0.8 -0.8 -0.8 -0.8 -0.8 -0.8 -0.8 0.5 5.3 6.9 2.5 1.2 1.6 7.5 9.1 12.2 9.2 6.2 8.3 9.2 6.6 2.6 2.6 10.6 19.5 20.7 18.3 15.4 14.6 10.4 14.5 16.2 15.2 14.5 13.5 13.2 13.7 15.2 19 26.1 29.9 36.3 46 49.7 54 55.3 71.9 84.1 90.8 105.9 117.3 125 129.9 127.7 126.1 120.9 113 107.3 102.2 103.2 97.8 100.6 101 101.4 101.6 102.3 105.6
11.1 11.4 11.1 10.9 12.3 12 10 10.1 10 10.9 11.1 10.6 9 4.8 5.8 4.9 6.9 6.7 4.8 -0.8 -0.8 -0.8 -0.6 -0.8 -0.8 -0.8 -0.8 -0.8 2.8 5.8 6.4 5.1 3.8 1.6 7.6 11.5 11.9 6.2 6.5 13.3 12.5 15 11.5 2.6 9.7 12.5 13.6 11.9 9.4 8.5 9 9.8 8.5 6 4.9 8.8 9.6 12.2 14.1 17 24.6 27.8 36 42.8 45.2 54.1 58.1 78.6 87.5 98.2 109.3 118.9 123.4 122.9 121.6 121.3 115.6 103.5 105.7 105.7 104.3 104.2 102.9 103.5 104.6 106.1 107.8
8.8 9.8 11 9.8 10.4 10.4 10.4 11 11.4 11.1 10.7 10.7 8.8 5.9 3.4 3.2 3.2 6.1 4.7 -0.8 -0.8 -0.8 -0.8 -0.8 -0.8 -0.8 -0.8 -0.8 -0.8 4.7 6.6 6.2 5.3 6.9 1.6 9.7 13.6 5 8.5 10.6 11.7 14.9 13.6 10.7 8.5 6.3 6.6 5.7 4.6 4.6 7.9 8.5 8.2 7.3 1.9 -0.7 7.1 9.2 10.3 10.1 13.7 19.7 24.8 30.7 40.6 47.8 58.7 67.4 79.7 89.3 101 110 113.8 117.4 117.9 118.4 114.9 108.6 103.5 106.1 107.9 107 105.5 105.7 106.7 108.3 111.4
8.4 9.3 10.2 7.2 10.6 9.9 9.1 8.6 10.6 11.6 12 9.9 7.2 4 3.3 3.2 3.2 4.4 5.7 -0.8 -0.8 -0.8 -0.8 -0.8 -0.8 -0.8 -0.8 -0.8 -0.8 -0.8 4.4 6.5 6.9 7 7 6.3 6 5.1 3.9 8.7 12.5 11.8 11.3 11.2 7.5 5.1 4.7 -0.7 -0.7 -0.7 -0.7 6.6 7.6 6.8 3 4.7 -0.7 5.2 6.9 11.1 13.2 19.1 23.8 34.5 40.7 49.4 61.7 72.3 78.9 89.6 100.2 106.6 109 112.6 112.2 114.2 114.9 112.7 107.5 107.6 109 110 108.2 108.2 108.9 110.9 114.6
9.9 9.1 10.6 7 7.2 9.7 10 6.4 9.8 12.4 13.8 13.5 9.5 7.5 3.9 4.8 3.4 4.5 5.4 -0.3 -0.8 -0.8 -0.8 -0.8 -0.8 -0.8 -0.8 -0.8 -0.8 -0.8 -0.8 1.4 8.3 6.3 2.4 6.5 4.2 -0.7 -0.7 5.1 8.2 8.2 8.6 7.5 2.5 3.3 2.8 -0.7 -0.7 -0.7 -0.7 -0.7 -0.7 0.6 -0.7 -0.4 -0.7 -0.7 6.2 9.8 13 16.3 19.5 30.1 38.9 49 58.6 70.7 79.7 86.3 92.4 99.9 106.9 108.6 109.6 112.6 113.7 114.8 111.8 110.2 110.7 114.5 113.9 114.5 112 113.4 117.2
6.4 6.4 7 6.4 6.9 10 6.4 11.6 12.8 13.6 13.9 15.5 13.6 12 9.6 11.1 12.4 8.6 -0.8 -0.8 -0.8 -0.8 -0.8 -0.8 -0.8 -0.8 0.1 -0.1 -0.8 -0.8 -0.8 -0.8 -0.8 3.8 -0.8 0.4 -0.7 -0.7 -0.7 -0.7 -0.7 5 5 5.4 -0.7 -0.7 -0.7 -0.7 -0.7 -0.7 -0.7 -0.7 0.5 5.1 1.8 4.8 -0.7 -0.7 -0.7 6.9 11.7 14.8 18.5 26.9 33.1 44.7 59.4 69.3 78.8 84.5 92.1 95.4 99.9 106.9 109.1 115.7 117 118.7 117.9 114 112.3 113.2 114.8 115.6 114.1 115 118.9
6.4 6.4 6.4 6.4 6.4 8.6 11.7 12.5 13.4 14.1 13.8 15.7 14.9 13.5 11.4 12.7 13.9 12.5 8 -0.8 5.9 -0.8 -0.8 -0.8 -0.8 2.1 5.6 2.7 3.1 -0.8 4.1 0.9 2.6 -0.8 -0.8 -0.7 -0.7 -0.7 -0.7 -0.7 -0.7 -0.7 -0.7 0.9 -0.7 -0.7 -0.7 -0.7 -0.7 -0.7 -0.7 -0.7 -0.7 -0.7 5.6 -0.7 -0.7 -0.7 4.1 0.3 6.8 12.5 16.3 23.6 32.7 39.4 55.4 65 73.3 81.3 88.7 93.5 95.2 102.1 108.1 112.6 115.9 117.4 117.9 117.3 112.7 113.8 113.4 113.9 114.4 111.8 119.9
6.4 6.4 6.4 6.4 6.4 10.9 10.7 12.1 13.5 16.2 14.9 13.6 15.8 13.8 11.5 12.2 12.9 14.2 10.3 1.3 -0.8 0.9 0 -0.8 -0.8 6.2 7.9 5.1 4.9 5.2 0.7 6.4 6.1 4.6 5.1 -0.7 -0.7 -0.7 -0.7 -0.7 -0.7 -0.7 -0.7 -0.7 -0.7 -0.7 -0.7 -0.7 -0.7 -0.7 -0.7 -0.7 -0.7 -0.7 -0.7 5.8 -0.7 -0.7 5 6.4 6.7 9.1 10.9 16.8 28 36 50.8 58.6 67.4 75.9 85.1 90.2 91.5 97.7 100.2 108.6 111.5 112.3 114.3 114.6 113.4 111.7 110.4 110.7 108 107.6 117.9
6.4 6.4 6.4 6.4 6.4 10.8 10 11.7 14.4 14.7 14.8 13.1 13.2 13.1 11.6 11.5 13.1 13.5 13.4 8.5 -0.8 -0.8 2.4 3.3 -0.8 4.7 7.3 7.9 6.3 7 7.6 4.6 8.8 7.9 7.5 5.5 0.9 -0.7 -0.7 -0.7 -0.7 -0.7 -0.7 -0.7 -0.7 -0.7 -0.7 -0.7 -0.7 -0.7 -0.7 -0.7 -0.7 -0.7 -0.7 -0.7 3.1 -0.7 5.1 5.2 9 11.1 14.2 18.8 22.9 34.5 45.9 54.6 61.3 70.9 79.7 86.7 86.9 90.4 92.4 100.9 107.5 109.4 110.9 112.9 113 111.1 109.1 104.1 99.2 104.2 116.9
6.7 6.4 6.4 6.4 6.4 10.1 11.6 13 13.8 14.4 14.5 15.4 13.7 16.2 11.5 11.9 13.5 14.3 15 11.8 10.4 -0.8 5.9 4.5 6.3 7.4 6.7 8.7 8.8 7.6 10.8 11.1 8.7 8.9 8 5.2 6.1 1.3 -0.7 -0.7 -0.7 -0.7 -0.7 -0.7 -0.7 -0.7 -0.7 -0.7 -0.7 -0.7 -0.7 -0.7 -0.7 -0.7 -0.7 -0.7 -0.7 0.8 6.4 7.7 6.4 7.8 9.5 17.3 21.5 29 41.2 50.6 57.7 65.4 71.1 78.9 81.9 83.2 85.5 93.1 99.6 106.3 108.9 110 109.7 108.6 106.2 100.1 95.6 101.7 113.5
9.1 7.9 9.5 6.4 6.4 6.4 12.6 14 15 16 16.4 14.5 15.4 15.4 13.4 11.5 13.7 13.8 14.3 13.4 13.4 6.8 -0.8 4.1 7.3 8.2 4.3 5.8 5.3 3.6 5.4 9.3 10.4 9.5 7.9 5.6 5.2 6.9 3.4 -0.7 -0.7 -0.7 -0.7 -0.7 -0.7 -0.7 -0.7 -0.7 -0.7 -0.7 -0.7 -0.7 -0.7 -0.7 -0.7 -0.7 -0.7 4.8 6.6 9.1 10.3 9.1 9.7 10 16.1 27.4 36.1 44.3 53 60.9 66.2 71.3 75 76.8 81.2 84.5 90 97 103.8 107.3 106.2 101.2 94.5 94.4 93.4 92.8 105.9
11 11 9.5 6.4 6.4 6.4 13.5 15.2 16.1 16.5 16.5 14.7 14.9 15.3 14.7 12 14.1 14 14.3 14.1 14.6 15.2 -0.8 5.2 6 7.7 8.7 3.6 3.6 8 11.4 12.8 9.7 9.1 7.6 7.7 5.2 5.6 8 6.3 -0.7 -0.7 -0.7 -0.7 -0.7 -0.7 -0.7 -0.7 -0.7 6.2 3.6 1.2 5.6 2 -0.7 -0.7 5 4.5 6.6 8.5 9.4 11.3 14.4 14.8 17.6 20 28 35.4 43.3 52.6 58.1 64.1 69.4 74.2 76.1 78.2 81 87.3 92.1 99 94.3 88 89.4 90.5 87.3 90 91.6
10.3 10.6 11 11.4 7.1 6.4 11.9 15.3 16.9 17.1 18.6 18.3 15.6 14.4 14.5 13.9 14.6 14.6 14.2 14.6 14.1 13.4 6.4 -0.8 6 9 9.8 8 6.2 8.6 9.9 11.4 9.4 7.6 4.9 4.5 7.8 7.8 7.2 8.1 7.1 -0.7 4 -0.7 5 -0.7 6.6 4.4 7.2 9.9 9.2 7.8 4.6 2.5 4.7 6.2 8.6 8.4 7.6 6.8 9 12.2 13.8 16.9 19.1 21.7 24.5 31.3 37.5 45.6 46.2 54.5 66.1 78.6 83.9 79.5 80.9 85.8 87.2 84 82.8 84.2 83.5 84.5 86.1 88 85
10.7 11 11.7 11.1 10.2 6.4 6.4 14.2 17.4 17.7 20 19.2 16.6 16.3 14 14.3 9.9 14.3 14.6 15.6 16.3 14.4 10.9 4.5 5.9 9.6 11.4 8.8 8.7 7.5 8.7 9.7 9.3 9.2 4.5 4.5 4.5 8.6 7.6 7.9 7.7 4.8 7.1 5.7 6.9 8.1 8.3 5.4 6.6 8 7.5 8.8 7.8 7.7 7.9 8.9 10.3 9.5 9.1 8.7 6.6 11.5 13.8 16 19.7 25.1 28.2 32.6 44.8 39.7 49.8 56.7 66.9 76.8 84.2 86.8 88.6 86.3 87.9 83.6 77.3 77.3 77.3 77.3 83.1 88.6 80.8
7.2 12.1 13.1 11.6 11.3 6.9 9.7 11.2 17.2 18.8 20.3 19.5 16.6 15.4 13.3 13.8 8.4 12.7 14.7 14.9 15.4 14 9.5 5.2 5.6 7.8 8.2 9.2 9.8 9.4 8.2 8.3 7.9 7.7 7.8 7.6 5.6 8 7.7 7.8 7.6 6.8 5.7 8.2 8.1 9.1 7.8 4.3 4.3 8.2 8.7 10.9 9.2 8.6 8.8 9.4 10.8 10.4 10.6 11.1 11.2 7.6 11.6 15.5 20.6 26.8 32 35.8 41.7 44.7 53.5 61.3 65.2 73.5 79.3 84.6 86.2 86.9 83.7 82.3 83.1 77.3 77.3 77.3 77.3 77.3 77.3
9.9 12 13 13.5 11.2 10.9 10.7 10.5 13.6 16.2 19.1 20.1 17.1 15.3 14.1 13.3 9.3 8.4 11.7 15 13.9 10 7.5 9 10.9 7.8 7.8 8.6 8.8 9 8 6.9 3 5.6 8.2 6.6 9 8.1 7.5 7.2 6.7 5.9 3.9 8.2 7.9 9.5 9.1 10 8.3 6.4 10.6 10.6 10.1 10 9.5 8.7 8.9 10.1 10.9 11.6 11.7 10.1 8.5 13.7 20.4 26.1 31.1 34.6 37.1 42.5 52.6 58.2 61.8 68.7 74.2 78.1 78.6 80.3 79.8 78.6 77.3 80 82.4 85.4 84.1 77.3 77.3
8.9 12 12.6 13.3 12.2 10.5 11.7 13.6 14.2 15 18.3 19 17.6 16.8 16 13.3 14.9 8.4 10.3 13.7 12.6 9.9 11.8 12.4 10.8 10.9 1.3 7.4 9.7 9.4 7.7 2.6 2.6 2.6 2.6 5.4 5.9 7.5 7.3 7.2 7.1 6.8 4.4 5.3 9.4 8.6 10.4 10.3 11.6 9.1 9.7 10 10.3 10.7 10.5 10 10.5 10.4 10.9 11.6 11.4 11.2 10 9.6 16.9 21.9 26.5 32.6 34.1 41.9 48.2 51.5 57.4 60.8 66.5 71.2 73.8 76.2 77.3 76.1 81.1 87.4 88.3 90.1 90.8 87.4 80.2
8.7 9.4 10.9 12 12.2 12.5 12.3 12.8 14.3 14.3 16.6 17.2 18 16.9 17.3 15.5 14.4 11.9 8.4 11.6 12.2 10.2 11.2 13.6 9.9 10.2 1.3 1.3 7.5 7.1 6.7 2.7 2.6 8.2 7.5 6.6 8.7 5.9 6.6 7.4 7.2 6.8 5.4 2.2 8.9 8.8 8.9 10.9 10.4 10.1 9.8 9.9 9.9 9.9 9.1 9.6 9.1 10.2 11 11.6 11.8 12.2 13.8 13.6 12.7 19.4 22.7 27.6 31.1 34.5 39.7 44.8 49.4 55.7 57.9 62.4 67.3 71.8 74.3 77.9 78.5 86.8 91.7 93.7 95.5 94.2 87.9
7.9 9.7 9.2 8.7 10.2 10.1 10.6 12.9 13.4 14.9 14 16.3 16.6 15.8 17.1 15.9 14.4 15.8 8.4 12 11.4 10.9 11.7 11.7 10.2 10.3 9.4 1.3 5.5 7.4 5.3 4.8 3.3 2.6 6 6.6 7.9 7.6 5.9 6.9 8.7 7.6 5.9 1.7 6.2 7.9 9.6 10.2 10.2 11.4 10.7 9.9 9.9 9.7 8.5 9.7 8.7 9.1 10.7 11.9 13.3 14.2 15.6 15.2 15.1 17 20.6 22.6 26.2 29.4 32.9 37 43 47.2 50.6 58.3 66 71.9 78.9 84.3 91.5 93.3 96.4 101.2 100.8 98.1 96
3.2 7.2 8.3 8.2 8.6 7.8 10.4 11.3 13.1 13.6 14 14.4 14.2 14.6 17.1 15.6 12.8 14.3 11.2 8.4 10.7 14.3 11.9 11.2 10.3 10.2 9.9 9.7 1.3 7.5 4.8 4.8 4.1 7.9 7.6 5.8 7.5 8.4 7.1 6.7 6.6 8.3 7.9 0.2 5.2 7.6 9.1 8.8 9.1 10 10.1 11 12.4 9.8 7.7 9.1 9.3 8.9 9.4 11.7 14.6 16.8 17 17 15.5 16.5 17.8 20.8 23.1 26.3 29 35.2 38.2 42.4 48.4 58.6 65.7 72.1 76.4 85.2 96 103.3 105.3 108.9 106.7 103.3 102.5
3.2 3.2 9.4 10.3 9.9 7.8 6.9 8.5 10.7 13.9 12.9 14.4 15.1 12 14.9 8.4 9 8.4 12.2 8.4 12.6 13.4 12.1 11.6 11 11.3 10.5 12.2 10.3 6.1 5.4 -1.6 -1.6 5.9 8.5 5.2 5.5 3.7 5.1 7.1 7.2 8.1 7.6 5.3 5.7 8.7 8.2 8.5 8.6 8.7 8.8 10.3 11.8 10.4 7.2 5.8 7.7 7.4 7.8 10.5 14.8 17.8 17.6 18.4 17.9 18.4 17.6 17.6 21.3 25.3 31.4 32.3 38.7 43.4 47.8 58 65.5 73.4 80.1 86.2 98.8 106.4 114.4 114.6 114.3 110.5 112
4.7 3.6 3.3 7.6 9.2 8.5 6.9 7.4 8.2 11.5 13 12.3 11.9 11.2 8.4 8.4 8.4 10 14.2 11.3 11.6 12.9 13.9 12.9 12.3 11.9 10.8 10.7 13.1 9.5 -1.6 -1.6 -1.6 -1.6 5.3 4.5 -1.6 3.8 5 6.6 7.8 5.3 3.9 3.6 5.4 7.5 7.7 8.5 8.5 7.8 7.8 8.4 8.7 8.7 8 6.5 6.3 5.8 7 9.6 15.1 19.3 18.3 18.4 19 18.7 18.8 18.2 19.6 24.1 28.8 33.4 37.8 43.1 50.1 58 67.7 75.7 82 90.6 99.1 107.6 116.5 123.2 133.7 135 126.5
7.4 7 3.6 3.6 3.6 7.1 7.1 9.2 9 10.1 10.6 12.4 13.3 14.3 10.1 12 11.2 13.3 13.4 13.3 12.3 12.6 13.1 11.1 13.1 12.8 12.6 9 12.5 2.9 3.2 -1.6 -1.6 -1.6 -1.6 3.9 2.3 -0.6 5.1 6.1 6.6 7.9 7 1.5 2.2 8.8 7.7 8.6 8.4 8.3 8.2 9 7.4 7.4 7.4 5.8 5.9 4 5.3 7.6 11.1 17.2 18.4 17.3 18.3 18.8 18.9 19.1 19.8 22 29 33.1 37 41.7 48.9 58 70.2 79 81.9 87 108.8 126.6 140.8 147 146.6 145.1 137.1
7.9 7.1 3.6 3.6 3.6 5.1 8.4 7 9.7 8.8 10.1 11.4 14.9 13.5 13.4 12.2 12.8 13.3 14.8 12.2 10.3 11.1 10.8 9.8 9.8 10 11.4 7.5 5.3 8.1 4.8 -1.6 -1.6 -1.6 -1.6 -1.6 -1.6 -1.6 0.3 2.1 4.7 3.7 5.1 6.3 -1.1 7.5 9.6 8.3 9 8.5 7.6 6 5 5.8 5.1 6.7 5.7 5.8 2.8 2.7 6 12.1 17 15.9 14.4 15.9 16.5 16.1 19.8 26 30 35.1 38.9 44.2 48.5 60.8 68.9 81.8 89.1 104.3 125.7 141 150.7 157.3 157.5 150 144.4
7.5 8.5 4.3 3.6 7.5 3.6 8.5 7.3 6.8 7.7 9.6 10.4 12.2 10.8 12.8 12.5 11.7 12.5 14.3 12.2 10.1 10 11 9.4 8.4 11 8.3 6.9 2.3 6.4 7.2 2.3 -1.6 -1.6 -1.6 -1.6 -1.6 -1.6 -1.6 -1.6 3.8 3.3 6.8 6.4 -0.6 7 6.5 7.4 7.6 7.9 7.6 6.6 3.7 -1.6 -1.6 5 5.2 4.8 5.1 2.5 4.4 6.3 10.7 12.8 12.3 9.6 11.8 12.1 17.7 27.6 33.6 39.8 43 48 55.5 71.3 83.5 92.8 105 119.6 127 148.3 158.6 165.2 165.4 154.5 144.5
8.5 8.8 6 3.6 6.1 8.7 4.7 5.4 3.3 8.6 8.5 9.2 12 10.2 11 10.2 10.8 12.8 12.1 9.9 9.7 8.3 9.1 9.4 7.9 8.8 6.7 2.1 2.1 4.5 8.2 8.1 1.1 -1.6 -1.6 -1.6 -1.6 -1.6 -1.6 -1.6 -1.6 5.2 6.6 6.7 -1.6 4.7 5.5 5.4 -1.6 5.5 -1.6 -1.6 -1.6 -1.6 -1.6 -1.6 -1.6 -0.1 4.7 3.1 2.2 2.2 3.8 7.8 7.3 6.6 5.9 11.2 19.6 26.1 35.8 43.3 48.2 60.2 70 84.8 102.7 117.7 121.9 139 150.4 160.4 158.1 164.1 165.6 160.5 145.5
9.9 8.5 8.2 7.7 5.1 9.3 8.1 2.7 2.7 9.7 2.7 8 10.4 10.2 9.6 9.5 9.3 10.5 11.2 10.8 9.8 7.5 8 7.4 6.2 3 2.1 2.1 2.1 6.3 6.4 5.1 3.2 6.3 4 -1.6 -1.6 1.4 4 -1.6 3.3 4.7 7.3 7.1 -1.6 -1.6 -1.6 -1.6 -1.6 -1.6 -1.6 -1.6 -1.6 -1.6 -1.6 -1.6 -1.6 -1.6 7.6 8.1 5.4 7.5 4.5 3.3 3.7 4.4 5.2 16.4 26.5 34.3 40.2 49.6 58.8 65.1 80.8 95.5 109.1 125.8 138.3 145.8 154.3 164.4 168.1 160.4 163.3 157.6 146.7
