Game/Highland_Data/StreamingAssets/GeoData/Data/nf/NF81.asc
ncols 200
nrows 200
xllcorner 80000
yllcorner 810000
cellsize 50
[rows 74 to 110 of 200, columns 0 to 82 of 200]
76.3 74.1 65.1 57.3 48.3 38.8 30.8 26.4 24.2 19.3 19.5 21.9 17.3 15.6 15.6 25 21.6 15.6 17.9 19.9 19.3 20.3 18 11.3 10.7 12 11.5 6.7 6.7 6.7 8.3 15.9 16.4 15.5 15.2 16.8 15.6 6.7 11 13.7 16.6 16.6 13.6 11.2 9.9 10.8 14.6 18.1 8.6 -1.8 -1.8 16.4 15.4 21.6 19.5 -1.8 -1.8 -1.8 -1.8 -1.8 -1.8 -1.8 -1.8 -1.8 -1.8 -1.8 -1.8 -1.8 -1.8 -1.8 -1.8 -1.8 -1.8 -1.8 -1.8 -1.8 -1.8 -1.8 -1.8 -1.8 -1.8 -1.8 -1.8
87.8 85.5 75.7 62.8 45.7 40.8 34.3 32.2 29.1 23.4 20.4 22.3 22.5 22 15.6 25.6 26.5 17.7 15.6 16.6 20 22.3 24.4 18.1 12.1 12.7 15 14.2 6.7 6.7 6.7 11.4 15.6 15.6 15.9 17.8 20.6 13.6 8.4 13.5 19.1 21.5 16.9 12.7 10.3 13.4 16.4 19 17.4 13.1 12.9 23.1 24.4 32.6 22.8 -1.8 -1.8 -1.8 -1.8 -1.8 -1.8 -1.8 -1.8 -1.8 -1.8 -1.8 -1.8 -1.8 -1.8 -1.8 -1.8 -1.8 -1.8 -1.8 -1.8 -1.8 -1.8 -1.8 -1.8 -1.8 -1.8 -1.8 -1.8
100 91.4 83.2 65.9 52.4 41.4 35.3 33.5 37.2 32.3 21.3 25.2 27.9 27.8 21.6 23.6 26.7 25 15.8 16.3 22.5 28.1 32.6 28.5 24.4 29.1 24 14.3 6.7 6.7 6.7 6.7 6.7 14.9 16.1 16 17.1 7.2 12.1 15.7 19.6 23.1 19.9 15.4 18.7 18.5 17.5 21.9 22 25.4 29.5 30.2 32.7 34.2 25.5 -1.8 -1.8 -1.8 -1.8 -1.8 -1.8 -1.8 -1.8 -1.8 -1.8 -1.8 -1.8 -1.8 -1.8 -1.8 -1.8 -1.8 -1.8 -1.8 -1.8 -1.8 -1.8 -1.8 -1.8 -1.8 -1.8 -1.8 -1.8
110.3 94.3 82 64.5 56.4 44.8 35.6 34.5 36.4 34.8 28.7 25.5 36.5 38.1 29.1 25.1 27.3 33.3 26.3 22.6 22.6 25.8 32.9 33.3 31.4 33.5 38.5 28.6 20.6 19.1 8.8 6.7 6.7 6.7 13.9 15.3 6.7 6.7 13.1 14.2 23.9 20.2 19.9 16.8 24.3 25 23.7 28.8 30 35.3 42.2 37.7 37.4 40.9 28.1 10.7 -1.8 -1.8 -1.8 -1.8 -1.8 -1.8 -1.8 -1.8 -1.8 -1.8 -1.8 -1.8 -1.8 -1.8 -1.8 -1.8 -1.8 -1.8 -1.8 -1.8 -1.8 -1.8 -1.8 -1.8 -1.8 -1.8 -1.8
109.7 102.9 87 67.8 58.1 42.7 36.5 34.7 34.9 36.5 35.2 27.8 45.1 46.1 40.5 31.4 29.8 33.7 28.5 24.1 23.6 24.2 31.2 33.6 35.6 35.8 37.7 36.7 24.1 15.7 11.2 6.7 6.7 6.7 6.7 6.7 6.7 6.7 12.9 14.4 18.1 21.4 19.1 18.9 23.3 27.5 27.2 30.3 33 38.9 43.9 42.8 40.9 38.2 31.7 22.2 15.1 8 -1.8 -1.8 -1.8 -1.8 -1.8 -1.8 -1.8 -1.8 -1.8 -1.8 -1.8 14.5 -1.8 -1.8 -1.8 -1.8 -1.8 -1.8 -1.8 -1.8 -1.8 -1.8 -1.8 -1.8 -1.8
108.6 104.2 81.8 69.7 55.7 43.3 40 36.2 35.2 38.6 40.4 34.8 43.9 49.9 48.5 44.9 34.2 30.5 28.5 28.6 24.1 23.9 25.1 31.6 33.1 35 34.5 31.7 22.4 8.5 9.8 13.8 13.7 11.8 12 12.1 6.7 6.7 6.7 13.7 13.7 16.1 17.2 18.3 24.1 27.3 28 30.1 33.5 39 40.7 43.9 45.6 45.1 36.5 27.6 17 9.2 -1.8 -1.8 -1.8 -1.8 -1.8 -1.8 -1.8 -1.8 -1.8 -1.8 29 21.3 12.8 -1.8 -1.8 -1.8 0 -1.8 -1.8 -1.8 -1.8 -1.8 -1.8 -1.8 -1.8
108.2 94.2 82 68.3 56.1 44.8 42.5 39.1 38 41.5 42.8 39.2 39 51 53 50.2 41.9 33.1 29.4 27.8 24 22.8 23.5 27.9 30.1 28.3 23.9 12.7 12.7 16.2 18.9 16.9 14.8 14.9 16.5 22.4 21.9 14.6 6.7 6.7 6.7 10.6 15.3 17.7 20.3 26.6 27.4 30.5 35.5 37.2 38.7 45.2 44 45.1 39.9 33.8 22.2 7.3 1.8 -1.8 -1.8 -1.8 -1.8 -1.8 -1.8 -1.8 -1.8 -1.8 37.6 30.3 25.1 24.1 14.9 16.5 -1.8 -1.8 -1.8 -1.8 -1.8 -1.8 -1.8 -1.8 -1.8
99.7 88.2 80.1 66.6 60.2 55.8 47.8 42.3 39.3 45.1 49.8 44.3 41.8 49.8 53.4 50.9 45.9 36.6 31.6 29.6 23 21.7 21.9 23.9 30.3 24.8 12.7 12.7 12.7 13.5 19 16.5 16.2 16.5 20.2 23.5 24.4 27.8 21.6 16.8 11.3 9.9 12.1 14.8 19 24 25 25.5 33.8 37.5 37.8 35.9 41.7 45.9 41.3 34 23.8 6.5 6.4 10.1 -1.8 -1.8 -1.8 -1.8 -1.8 -1.8 -1.8 42.5 39.3 37.8 32.9 33 21.5 16.7 -1.8 -1.8 -1.8 -1.8 -1.8 -1.8 -1.8 -1.8 -1.8
96.8 89.2 83.7 72.5 65.4 61.7 55.1 47.6 43.5 42.9 47.2 46.6 44.9 44.3 51.7 51.9 47.5 37.1 32.7 26.9 24.7 21.2 20.6 24 19.9 18.8 19.7 18.7 14.9 12.7 18.5 17.1 17.7 18.2 19.6 22.5 24.5 30.5 26.6 22.3 18.8 19.4 21 21.1 19 19 18.1 19.8 21.3 27.3 35 33.7 30.5 36.3 37.6 34.8 27.9 13.9 15.3 15.7 -1.8 -1.8 -1.8 -1.8 -1.8 -1.8 -1.8 40.3 44.7 42.9 40.5 35.4 27.7 9.7 -1.8 -1.8 -1.8 -1.8 -1.8 -1.8 -1.8 -1.8 -1.8
93.7 90.8 81.6 76.7 66.6 63.8 59.2 53.5 46.8 43.7 50.3 49.4 46 44.3 49.7 49.7 43.6 36.8 33.3 26 22.2 21.8 21.8 19.8 17.9 19 19.6 19 17.4 18.2 17.2 17.7 18.2 18.5 19.9 22.7 26.8 30.5 31 25.8 24.1 24.3 24.2 21.6 21.5 24.4 23 23.6 24.3 20.5 20 19.5 24.6 24.6 21.1 23.3 20.8 14.5 14.3 10.1 9.7 -1.8 -1.8 -1.8 -1.8 -1.8 34.3 41.4 46 46.4 42.3 32.3 21.8 9.2 -1.8 -1.8 -1.8 -1.8 -1.8 -1.8 -1.8 -1.8 -1.8
90.3 80.5 75 65.6 66.8 62.9 58.6 56.8 48.3 44.9 49.1 50.1 46.9 45.6 45.5 50.2 46.1 37.1 30.7 24 22.1 21.2 20.4 19.7 18.9 19.8 19.7 19 18.5 18.2 18.1 18.9 19.7 22.5 24.7 29.9 31.6 33.4 36.2 33.6 29.5 25.5 23.7 23 21.9 22.7 21.8 22.2 21.9 21.1 18.7 18.9 18.7 15.7 12.2 4.4 2.2 3.6 5.9 4.7 3.8 -1.8 -1.8 -1.8 -1.8 31.1 37.6 41.8 45.1 44.7 36.8 31.8 24.1 13.9 -1.8 -1.8 -1.8 -1.8 -1.8 -1.8 -1.8 -1.8 -1.8
85.1 72.2 66.6 61.9 62.7 60.9 56.6 52 49.9 48.6 44.3 47.7 46.1 44.4 44.8 47.8 45.1 36.2 25.8 23.1 22.3 22.1 20.7 20.5 20.1 19.9 19.7 19.6 19.3 18.8 20.4 21.9 24.8 36.6 38 40.6 36.3 36.9 35.9 35.2 30.6 26.1 24.4 24.2 22.7 22.4 21.7 21.1 22.1 20.1 18.5 19.5 20.5 15.5 14.4 13.3 15.1 11 -1.8 -1.8 -1.8 -1.8 -1.8 -1.8 -1.8 30.9 37 42.1 43.8 41.4 38.2 33.4 24.9 18.3 -1.8 -1.8 -1.8 -1.8 -1.8 -1.8 -1.8 -1.8 -1.8
79.9 72.2 64.3 54.8 50.1 52.1 53 50.5 48.7 47.7 45.2 39.9 38.9 39.2 38.6 42.6 38.6 30.5 24.2 25.3 23.3 22.8 22 21.1 21.5 20.6 20.8 20.2 19.9 19.9 21.4 27.4 33.5 39.3 44.2 45 44.1 38.1 35.5 36 33.3 28.3 24.9 23.8 23.1 22.5 22.7 23.9 23.1 21.3 20.1 15 16.8 15.1 14.3 13 14.5 13.7 -1.8 -1.8 -1.8 -1.8 -1.8 -1.8 15.7 31 29.3 38.8 43.4 39.1 34.5 32.7 28.3 21.6 -1.8 -1.8 -1.8 -1.8 -1.8 -1.8 -1.8 -1.8 -1.8
72.7 71.2 66 54.4 49.9 49.3 45.4 45.9 49.6 49.2 52.5 46.2 39.2 36.6 36.7 37.9 39.4 39.5 39.8 32.6 28 28 26 24.9 25.9 24.4 22.4 22.6 24.5 23.6 27.8 33.6 43.2 43 47.3 48.7 49.2 48.3 41.5 37.4 33.9 28.4 26.5 25.7 24.3 23.9 25.7 26.6 28.9 23.8 20.8 20.9 12.1 8.8 8.8 8.8 12.1 11.6 -1.8 -1.8 -1.8 -1.8 -1.8 9.6 7.4 12.9 13.9 25.3 33.7 32.3 32.6 31 30.8 24.9 16.2 -1.8 -1.8 -1.8 -1.8 -1.8 -1.8 -1.8 -1.8
72.4 67.7 62.1 58 50.6 45.8 44.4 45.1 46.3 43.9 41.4 40.2 39.7 41.8 41.1 40.6 43 43.9 45.5 40.9 36.7 35 31.5 30.7 30.7 29.4 29.1 27.4 31 30.5 33 40.8 46.7 48.3 51.5 52.7 55.8 52.8 52.5 42 37.2 30.9 31.6 30.4 32.5 30.3 27.1 34.8 35.7 27.3 26.3 26 18.8 11.3 11.8 12.4 14.1 10 -1.8 -1.8 2.7 1.8 4.3 10 10.7 22.6 20.4 21 21.2 23 26.2 28.4 26.7 22.2 17.7 9 -1.8 -1.8 -1.8 -1.8 -1.8 -1.8 -1.8
73.7 65.9 62.2 59 53 46.9 44.5 43.7 43.2 42.9 43.9 43.4 47.8 50.6 46.2 44.5 44.5 44.6 44.5 46.2 48.1 44.2 42.9 34 33.1 32.2 33.9 33.6 32 37.8 45.1 50.3 53.8 53.9 52.5 57 58.4 58.3 53 50.1 38.8 40.9 44 41.5 44.9 43.5 37.5 41.2 41.3 38.7 31.5 27.8 25.6 13.6 16.5 19.2 17.8 5 -1.8 -1.8 -1.8 1.8 5.7 11 18.3 26.9 24.7 23.6 23 24.1 30.7 27.4 32.9 21.5 1.3 -1.8 -1.8 -1.8 -1.8 -1.8 -1.8 -1.8 -1.8
76.2 70.7 67.6 62.9 57.5 51.4 52.1 52.3 46.9 50.1 51.1 52.9 52.9 52.6 49.3 54.2 52.6 51.9 49.8 54.1 57.9 52.5 50.2 47.5 49.1 41.8 38.9 36.2 34.7 45.3 56.7 61 62.7 61.8 61.7 62 62.5 62.9 59.2 55 57.1 55 55.5 52.3 54.4 50.8 49.8 45 48.4 47.3 44.2 38.6 27.2 14.1 7.6 13.8 12.2 4.1 -1.8 -1.8 -1.8 1.4 14.3 17.3 23.7 29.1 25.8 25.1 24.6 29.5 34.5 33.9 37.6 28.8 15.9 -1.8 -1.8 -1.8 -1.8 -1.8 -1.8 -1.8 -1.8
77.6 72 69.9 68.2 69.2 68.1 67.3 64.4 57.5 57.9 60.4 60.8 62.2 62.1 54.6 56.9 60.8 60 62 60.4 63.2 59.5 61.8 59.1 54.7 49.4 46.5 43.1 41.3 55.1 64.6 70.2 76 73.7 74.6 71.7 71 69.8 70.9 66.3 68.3 68.4 64.8 61.1 61.2 54.4 59.2 53.2 50.2 50.5 48.7 41.1 25.7 11.7 7.7 2.6 3.1 1.2 -1.8 -1.8 -1.8 1.8 23.4 28.5 33.1 29.4 27.7 29.2 26.6 27 33.7 32.3 35.2 31.5 22.4 6.7 3.4 -1.8 -1.8 -1.8 -1.8 -1.8 -1.8
81.6 84.7 84.8 82.8 82.1 78.7 76.3 71.1 68.9 68.7 68.1 70.7 71.8 71.7 70.2 74.6 72 70.4 73.8 71.7 74.4 72.5 70.8 69.1 60.9 54.6 47.6 51.8 55.9 62.5 76.7 78.4 86.2 88.7 85 83.4 75.6 78.4 80.2 82.5 76.2 72.5 70.7 70.9 65.3 63 63.2 58.3 46.9 46.8 47.3 38.7 22.3 11.1 5.9 1.8 1.8 -1.8 -1.8 -1.8 4.4 9.4 19.5 31.9 31.4 31.8 32.3 30.7 25.7 31 31.8 32.5 33.8 35.3 30.4 14.7 13.7 -1.8 -1.8 -1.8 -1.8 -1.8 -1.8
93.7 93.2 92.1 91.8 91.7 88.3 83.1 79 82.3 83.8 81.1 82.5 83.7 79.9 85.9 89.5 85 81.2 83.7 83 84.8 88.1 86.6 80 68.8 57.1 56.9 59.7 64.8 74.4 84.3 87.4 93.8 99.7 97.6 94.5 87.2 86.7 93.2 98.4 90.5 84.6 78.5 81.4 72.9 69.1 64.4 61.6 56.2 44.6 41.6 36.3 25.1 14 4.3 1.8 1.8 3.9 6.1 1.8 8.1 11.4 16.7 20.1 26 32.5 31.5 25.4 24.8 29.6 29.8 32.6 25.9 32.7 26.9 21.7 9.7 -1.8 -1.8 -1.8 -1.8 -1.8 -1.8
100.1 99 100.5 100.5 98.6 95.2 90.7 88.2 92.3 93.6 91.7 95.3 92.8 94.2 100.1 102.8 98.4 93.6 100.7 97.4 102.8 102.1 95.1 86.3 66.3 63.6 67.8 70.4 72.6 79 88.7 95.3 101.6 109.4 112.7 112.4 110.2 106.5 112.7 111.1 109.1 98.7 97 99.4 90.9 87.3 73.1 69.3 61.2 51.6 40.9 31.5 27 24.2 18.5 5.8 1.8 1.8 6.4 1.8 1.8 12.4 16.6 20.4 31.8 32.3 26.1 24.1 23.8 28.2 27.9 24.8 22.5 32.6 33.5 26.6 -1.8 -1.8 -1.8 -1.8 -1.8 -1.8 -1.8
105.7 108.9 108.4 110.6 109.6 108.7 105.7 103.7 101.6 105.1 105.8 103.9 104.7 110.7 115.5 117.9 114.1 113.3 116.9 114.2 113.1 108 91.3 79.5 72.5 74.2 75.9 79.2 78.7 83.2 94.1 103.8 112.1 119.5 126.3 128.7 131.1 128.7 134 139.5 125.3 126.2 113.9 111.4 107.9 101.4 88.7 77.9 61 50.5 39.4 31.9 30.8 28.7 19.9 11.2 1.8 1.8 1.8 5.3 7.2 12.5 16.5 27.4 31.7 30.2 24.6 22.8 22.9 28.9 28.4 24.5 23.8 22.1 16.9 10.7 -1.8 17.3 14 -1.8 -1.8 -1.8 0.9
119.1 120.6 119.9 116.9 116.9 120 119.6 116.6 112.3 118.4 117.2 117.2 122.6 125.9 128.9 129.3 126.7 127 131.1 126.9 127.8 117.2 106.2 87.8 86.4 92.5 84.2 83.1 85.5 90.1 102.5 112.4 121.5 128.4 137.5 145 149.1 159.7 161.4 158.7 155.4 144.8 133.4 122.4 105.9 95.3 84.7 69.9 58.8 49.4 39.8 36 34.3 35.4 36.9 31.6 27.5 15.6 4.7 8.6 14.5 17.5 21.7 27.3 24.4 21.2 21.1 21.8 26 28.5 29.2 33.4 35.3 34.5 22.9 18.5 20.8 18.4 14.3 -1.8 -1.8 30.9 39.8
126.8 127.3 128.2 124 130.6 132.2 132 129 124.7 128.4 131.4 130.5 137.9 140.8 143 140.5 136.2 142.2 140.6 134.3 134.8 126.6 116 108.3 105 91.6 90.8 90.5 93.7 97 105.8 117.9 127.7 135.4 145.9 154.6 162.5 165.9 169.8 165.2 157.7 149 134.4 109.3 92.9 85.2 80.8 70.4 57.4 51.7 47.3 47.9 49.4 45.9 46.6 41 29.9 16 11.4 13.5 15.9 22.2 33 30.6 22.4 19.9 20.3 21.3 24.2 32.1 31.2 36.2 37.7 29.6 26.8 38 36.6 30.9 40.6 40.6 67.1 63.8 48.7
130.5 134 132.5 131.7 135.2 139.5 139 135.3 131.9 141.9 145.5 141.9 151 152.9 155.6 150.9 150.7 154.4 150.3 142.2 140.3 135.3 125.3 124.7 117.2 111.8 105.5 99.2 101.2 103.3 108.1 119.4 129.6 139.5 154.7 160.1 163.2 171.3 175.9 158 151.2 140.8 127.4 115.5 103.2 95 87.2 83.7 84.7 78.5 69.6 66.2 57.7 49.8 52.4 42.5 26.3 12.6 10 11.9 16.9 23.6 34.6 30.3 24.1 19.1 19.2 21.8 30.3 37.2 41.7 41.8 41.2 32 35.8 54.5 84.6 93.1 91.6 92.9 100 84.3 72.6
127.9 130.7 137.4 137 138.6 142.5 144.7 140.9 143 153.7 152.1 153.8 161.1 165.4 164.5 160.2 163.2 163.6 158.8 151.1 147.8 140.3 139.5 134.6 125.6 121.6 120.4 118.8 114.6 106.8 108.4 118.7 130.8 140.6 152.1 155.2 164.2 169.8 167 159.5 154.9 144.6 138 134.2 137.1 131.8 115 110 107.3 102 89.2 78.6 70.2 60.7 53.4 39.9 23.7 11.3 10 11.2 21.3 25.7 32.7 30 22.2 17.1 20.2 22.9 30.3 39.4 44.6 42.8 40.6 43.8 55.7 73.9 85 96.3 88.7 89.9 101 100.6 85.6
119.5 126.5 137.4 140.8 140.3 144.6 152 156 162.6 162.1 161.6 158.7 158.7 164.1 166.9 167.7 169.6 168.6 164.1 158.6 147.7 148.3 145.9 140.8 135.9 133.6 131.1 125.9 118.5 111.8 109.9 116.2 125.1 135 144.5 151.9 156.8 157 152.2 153.3 170.4 167.4 165.6 169.9 164.5 153 136.6 125.1 116 105.3 95.5 82.1 70.2 65.7 60.1 41.5 19.8 13.7 10 14.1 26.3 24.7 20.8 25.8 23.7 17.9 18 27.6 33.9 36.1 37.6 36.7 39.2 45.6 64.7 81.4 87.2 88.8 88.4 86.4 86.2 89.6 89.6
111.3 116.2 125.4 136.7 139.8 143.5 154.5 166.5 171.3 170.2 167.8 164.3 159 159.3 172.4 174.7 174.9 174.4 169.1 159.1 157 156.3 151.2 147.8 143.8 140.4 136.1 129.1 121.2 112.8 113.2 118.1 123.3 130.5 136.4 141.1 135.5 134.4 136.9 155.3 169.1 171.9 172.6 173.8 173.7 163.8 144.2 128.7 116 106.5 90.6 80.3 69.8 61.9 50 35.7 24 17.2 10 18.1 24 20.1 17.1 16.9 18.4 16.4 17.8 22.9 26.6 29.8 30.6 31.3 32.2 49.7 66.5 78.4 83.6 88.4 89.5 86.4 85.8 85.6 86.6
105.5 109.3 108 112 117.8 139.2 154.2 164 169.8 170.8 169.2 164.2 159.8 160.6 171.1 172.1 173.9 174.4 169.2 163.7 162.5 162.5 155.3 151.2 143.5 141.9 137.1 131.1 122.5 113.8 116.6 118.8 125.2 133.6 135.5 129.1 119.5 125.5 132.3 146.4 160.4 164.9 169.4 170.1 173.2 169.5 158.6 138.8 127.9 115.8 101.7 92.1 75.6 63.9 50.1 42.3 31.4 23.1 17.1 19.5 20.3 19.8 11.1 16.1 7.7 15.2 13.1 12.1 14.5 16.5 16 23.2 38.4 51.7 65.1 77.9 85 91 90.6 88.5 83.3 86.6 87.9
105.7 99.9 103.6 109.2 114.1 128.4 139.9 147.3 157.5 162.1 165.4 158.7 156.9 158.3 156.9 161.1 167 169.5 171.7 167.7 167.7 161.7 156.4 150.9 139 137 135.7 131.2 118.1 112.5 115.4 120.7 127.3 131.4 130.9 121.1 109.1 111.9 119.6 138.7 146.6 158 162.5 162.6 167.5 170.8 164.5 146.4 137.9 129.7 115.7 103.2 88.1 72.6 67.8 58.5 38.2 22.2 18.8 19.9 20.7 17 13 7.7 7.7 7.7 7.7 7.7 7.7 10.2 16.5 24.1 38.5 50.3 67.4 77.1 78.6 86.6 84 84.1 74 84.5 77.7
95.2 95.5 95.2 102.8 109.6 113.6 125.8 139.1 151.5 158.4 158.6 155.1 151 151.1 148.2 152.1 158 162.6 163.5 170.4 172.5 167.6 161.7 152.7 141.7 142 138.3 130.3 117.6 110.1 112.7 117.5 122.5 124.9 118.3 110.2 105.5 105.6 112.7 124.7 134.3 143.5 146.7 150.4 150.7 154.3 153.3 143.2 133.8 123.7 114.8 104.9 96.8 85.2 79.9 74.1 57.7 29.3 19.2 17.1 16.2 15.8 7.7 7.7 7.7 7.7 7.7 7.9 15.1 14.8 15.2 24.3 34.4 48.1 60.6 66 72.5 78.2 77.1 76.2 67.8 72.4 64.4
89.6 83.8 78.6 93.1 105.8 108.6 115 126.5 133.6 138.1 147.6 153.8 145.5 141.8 138.7 139.3 142.2 145.1 154.4 160.6 165.4 168.2 165.1 158.9 148.2 136.6 133 126.8 115.6 110.3 108.6 111.1 111.7 110.2 108.1 104.3 97.6 100 105.6 115.7 121.6 131.2 133.2 129.8 134.4 138.6 137.7 133.1 129.9 118.6 107.6 100.2 94.7 88.1 82.2 71.3 59.3 40.4 19.4 15.1 13.8 7.7 7.7 7.7 7.7 7.7 7.7 7.7 7.7 13.4 19.6 22.8 29.6 39.2 47.5 57.5 70.1 76.2 76.6 69.5 62.6 56.5 56.5
78.6 77 71.8 79.9 93.1 98.8 103.4 110.9 114.3 116.9 129.3 132 131.9 129.2 128.2 130 137.2 140.8 147.9 153.5 156.3 159.6 159.9 157.6 152 140 125.4 121.8 115.5 106.9 105.4 105.6 103.4 97 96.7 93.2 87.6 92.5 100.2 109.1 109.9 113.8 118.9 116.6 118.9 123.2 117.7 114.9 114 106.8 96.9 89 86.2 84.7 78 68.4 57.5 44.8 38.5 20.7 15.6 7.7 7.7 7.7 14.1 7.7 7.7 7.7 16.5 16.2 16.8 18.1 22.1 37.8 40.2 52.8 67.1 71.6 69.8 77.6 75.9 49.8 61.2
69.8 68.9 69 65 74.3 83.2 89.3 94.3 101.4 103.2 106.4 111.5 111 108.8 107.7 115.3 127.1 133.6 138.5 147.5 154.9 155 149.8 150 149.4 137.1 126.1 119.2 115.3 116.5 108.2 101 95.2 85.3 83.5 83.3 86.2 91.6 99.2 102.8 100.3 100.3 105.7 108.7 107.1 107.7 105.2 98.7 95.2 93.4 88.5 85.2 84 78.9 68.8 64 58.8 47.8 36.3 32.2 14.1 7.7 7.7 20.2 15.7 14.9 10.2 14.7 13.9 17.8 17.8 18.2 18.4 18.3 25 37 60.4 65.2 69.4 62.5 52.6 29.7 44.3
59.3 55.3 61.2 63.3 57.8 67.2 74.6 77.7 80.2 87.9 91.7 91.7 88.7 86.3 96.3 105.1 118.2 126 131.3 142.7 149.9 150 147.3 139.6 137.1 134 126.5 120.6 117.7 112.2 101.5 96.1 89.1 83.4 82.2 83 92.9 95.6 97.1 94.5 90.3 90.4 95.4 102.1 102.3 100.2 100.6 93.8 85.1 79.8 82.7 79.6 77.3 72.8 68.5 62.3 56.9 47.3 37.1 27.4 16.2 16.5 17 15 14.5 10.7 7.7 16 18.5 18.6 17.1 15.5 18.1 13.9 13.8 20.8 44.6 48.5 55.7 47.9 39.9 12.1 26.1
42.6 49.6 52.5 54.1 56.5 49.4 56.9 69.9 70.1 69.3 76.1 75.9 77.8 77.2 78.4 91.3 105.2 112.3 121.3 129 134.7 135.4 134.8 139.3 140.2 134.2 125.7 121.6 119.1 110.1 100 91.2 84.1 82.7 80.3 82.9 92.8 91.7 93.2 91.6 84.6 86 88.8 92.6 93.5 89.9 93.2 90 76 74 75 74.8 72.5 69.5 65.4 62.6 56.7 41.2 29.6 18 15.4 15.2 15.1 10.4 7.7 7.7 16.4 18 19.2 15.4 16.4 18.4 -1.8 -1.8 -1.8 -1.8 -1.8 15.2 -1.8 11.9 6.2 1 8.2
33.2 39.6 41.2 44.6 43.5 50.2 40.2 49 53 54.7 60.4 59.1 63.1 56.7 67.1 74.6 86.9 99 108.8 116.2 116.1 122.1 127.8 132 135.7 135.6 130.6 124.2 114.5 103 97.9 91.3 87 83.9 81.9 80 84.8 84.8 87.8 83.1 79 79.5 83 81.8 81 77.6 83.3 80.4 64.4 67.7 67.8 66.8 65.5 56.2 55.7 45.8 34.5 23.7 15.6 14.5 13.5 13.3 7.7 7.7 7.7 7.7 11.3 7.7 20.4 14.2 -1.8 -1.8 -1.8 -1.8 -1.8 -1.8 -1.8 -1.8 -1.8 -1.8 -1.8 -1.8 -1.8
