Game/Highland_Data/StreamingAssets/GeoData/Data/nf/NF83.asc
ncols 200
nrows 200
xllcorner 80000
yllcorner 830000
cellsize 50
[rows 108 to 143 of 200, columns 0 to 80 of 200]
104.4 108.4 115.5 120.9 123.6 128.3 133.9 138.8 142.8 147 152.1 157.1 167.5 172.2 179.7 188.2 193.9 200.6 206.6 212.9 221.5 229.7 235.9 246.7 256.7 269.1 288.1 304.9 323.2 341.5 356.2 369.3 381.3 393.6 406.2 418.6 431.8 446 456.7 467.5 476.7 479.3 482.8 491.7 500.7 511.4 529.3 550 572 570.8 571.2 580.3 582.6 574.3 565.1 548.9 534.7 513.6 483.6 458.5 443.9 458 466.3 471.8 477.2 476.8 475.2 475.6 469 462.2 456.4 450.8 444.5 436.8 424.1 413.4 399.9 385.8 368.6 344 327
104.5 107 111.2 118.8 123 126.3 131.2 136.1 142.5 146.2 150.4 155.4 163.2 171 180.4 187.7 194.9 201.4 205.8 209.7 216.8 225.3 231.5 238.8 247.2 255.5 270.5 285.3 306.3 323.6 341.8 356.4 368.7 380.9 393.8 406.4 419 436.3 450.1 463.5 475.5 478.8 485.2 493.1 506.7 523.7 545.1 563.6 575.9 598 602.3 595.8 585.6 569.7 560 543.6 526.7 508.8 485.2 467 440.8 430.1 438.2 447.8 455 451 452.8 450.4 444.8 436.5 435.3 430.1 430.5 420.3 413.3 399.5 384.9 369.6 349 336.8 313.9
104.6 107.3 109.7 114.5 121.8 126.1 131 134.4 139.8 142.6 148.3 153.4 159.5 169.1 179.3 188.9 196.9 203.3 205.9 211.6 216.3 220.3 225.1 230.2 238.3 246.6 258.2 273.5 286.8 305.5 326.4 339.7 355.6 367.9 377.8 395.8 406.3 423.3 439.8 452.3 467.4 473.4 480.7 488 500.4 515.5 533.3 548 559.8 574.4 584.4 590.2 573.8 561.6 549.9 539.7 523.1 503.8 482.2 463.6 438.6 415.2 408.6 411 418.6 421.7 423.3 419.4 409.7 411.1 408.9 405.5 402.8 401.1 396.9 384.4 373.1 356.2 341 324.7 303.4
105.4 106.3 109.2 111.5 117 123.3 127.6 132.2 135 140.8 146.7 152.6 158.3 168.8 180.9 191.8 199.5 204.4 210.4 212.6 215.5 219.3 223.1 229.1 235.2 241.3 251 259.6 272.2 285.4 308 323.4 342.9 354.9 364.2 374.5 389.6 408.4 423 438.1 453.1 462.8 471.9 478.6 486.9 497.6 513.7 525.3 538.6 553.3 562 563 558.3 548.9 540.7 530.9 516.3 494.5 476 454.9 426.9 401.4 395.4 384.8 377 379.4 374.4 382.3 384 381.7 378.2 380 381.4 381.1 381 378 367.3 348.6 333.9 313 294.8
104.4 105.5 108.3 110 113.7 118.2 125.5 130 135.1 139.3 145.1 151.4 157.6 166.8 184.5 195.6 201 208.4 213 217.4 220.9 221.2 222.1 226.9 230 236.7 241.4 252.3 262.3 270.9 290 306.6 327.6 341.1 354.1 364 374.2 387.5 400.4 416.4 430.9 445 453 463.5 469.4 476.4 488.7 502 514.3 527 537.7 543.2 540.7 532.7 525.9 516.5 502.2 484.7 467.8 448.8 422.7 390.1 384.3 373.1 360.9 353.3 350.5 354 362.1 353.4 353.2 356.4 363.9 369.4 369.4 366.8 360.6 342.6 325.3 309.4 288.6
102.5 104.9 107 108.4 111.1 116 121.2 126.3 132 136.1 142 148.4 158.6 167.1 179.6 193.1 203.5 211.8 218 221.3 225.4 225.5 224.9 223.2 229 232.2 237.3 244.8 251.9 261.6 274.6 290.1 309.1 325.7 337.5 346.9 362.5 373.9 385.9 397.8 408.5 422.7 422.1 433.3 442 451.5 463.2 476.5 487.9 501.3 516.2 520.6 520.1 515.7 510.6 498.9 487.5 473 455.8 437.5 414 387.1 370 360.6 354 342.5 337.8 333.6 332.5 329.1 330.6 335.7 345.2 349.6 353.2 355.5 353.8 340.7 324.4 308.9 286.3
102.3 102.7 103.3 106.7 107.9 110.9 116 119.7 124.4 129.4 134.2 143.7 155.2 166 176.3 189.4 202.6 214.3 221.2 226.8 228.3 229.4 229.8 228.5 230.6 232.8 235.3 239.2 249.5 257.9 268 280 292 308.7 318.6 328.8 343.4 357.4 363 378.7 390.5 394.1 392.4 395.8 409.3 422 437.5 446.8 461.2 475.5 485.6 493.9 497.3 495.1 489.7 482.1 470.4 460.2 443.6 422.3 391.4 370.8 363.7 350.7 338.9 335.5 322.8 322.6 323.9 320.7 323.7 323.7 327.6 333.3 336.1 342.7 345.5 342.2 324.4 303.4 286.8
99.3 99.2 102.1 103 104.6 106.5 108.4 112 117.3 121.3 126 136.6 150 162.5 174.6 188.7 203.4 216 223.4 230.3 234.6 234.4 234.2 233.8 232.5 234.6 237.3 240.5 249 255.4 265.6 269.7 281.8 302.1 316.7 319.4 332.7 343.8 348.9 356.9 364.4 370.9 372.7 377.1 381.7 390.8 403 417.1 429.5 444.4 456.6 467.1 472.5 473.3 468.1 462.2 454.9 442.3 426.6 402.6 381.6 364.8 352 342.2 328.3 321 317.1 315.8 313.2 317.1 320.1 317.5 312.8 315.4 317 325.6 332.6 334.1 324.1 307.4 286.1
100.8 96.4 99.8 100.6 102 103.5 105.5 107.8 110.8 115.6 118.9 127.2 143.1 159 172 187 202.5 214.8 224.6 235.9 238.2 240 239.6 240.2 241.2 239 244.7 247.1 249 257.5 264.6 274 281.7 299.2 314.5 320.8 324.2 333.8 339.7 346.9 349.7 356.2 361.6 361.1 354 365.4 375.7 386.2 403 413.7 424.5 437.8 446.3 449.5 445.7 443.9 436.7 426.7 408.1 390.3 373 358.5 342.9 334.4 323.1 313.6 310.8 310 304.4 310.6 310.7 307.5 305.5 305.5 297.3 303.9 313.1 321.6 319.5 309.3 291.7
102 102.1 101.4 97.9 100.3 102.3 102.8 104.6 105.7 107 111.6 123.5 142.8 165.1 176.1 192.2 212.9 224.2 234.3 243.5 246.1 247.1 248.4 247.2 247.6 248.8 251.4 256 258.4 260.9 269.1 275.6 291.4 299.7 306 320.3 319.8 317 325.4 337.6 341 347.2 352.1 345.3 338.6 342.1 353.9 364.9 381.1 393.5 402 412 424.8 430.4 431.5 422.3 419.1 411.3 397.3 383.7 369 354.6 339.8 332.4 323.5 314.8 307.6 301 295.3 292.6 296.8 299.6 293.9 291.4 292.4 295.2 294.4 299.7 304.4 301.6 291
103.4 103.2 103.2 101.9 100.7 100.3 101.5 101.7 102.6 103.6 114 130.3 152.5 182.6 194.4 208.3 233.4 241.1 248.5 259.6 262.5 260.3 259 258.5 259.4 262.2 266.9 268.4 274 273.5 274.7 283.9 293.1 309 311 314.3 314.2 303.7 306.1 314.5 326.6 333.8 335 343 333 324.2 327 344.6 357.4 364.3 375 390.6 408.8 417.8 418.6 409.2 405.2 400.2 386.6 380.2 368.4 356.5 349.1 337.4 320.1 311.7 297 290.9 289.2 283.8 289.2 287.4 285.8 280.3 282.4 288.2 284.2 287.6 289.9 288 283.1
105.2 105 104.9 104.3 103.3 100.9 100 100.7 101.9 105.9 123.5 151.8 165 188.8 206.9 224.7 243 254.8 262.6 270.8 275.9 276.6 277.4 279.8 278.8 276.4 281.9 283.8 286.5 285.5 281.2 287.8 294.9 310.1 312.1 314.9 304 295.4 291 295.5 302.7 319.2 331.9 328.8 321.1 301.3 305.9 318.6 329.6 336.4 348 372.5 390.9 405.8 406.1 396.2 391.9 386.4 377.9 372 364.2 356.7 347.5 339.3 324.9 306.5 290.3 285.5 282.5 276.3 272 272.5 271.2 262.5 265.3 272.7 269.7 271.9 273.5 277.6 270.8
107 107.1 106.8 105.7 104.9 103.3 99.4 101.1 101.8 106.2 125.3 155.7 167.7 187.3 207.4 223.8 237.7 257.6 270 278.4 285.1 291.9 296.8 298.7 299.8 300.4 301.9 300.9 299.8 299.5 294.4 286.3 294.9 304.6 310.9 318 304.1 293.4 285 281.1 284.5 295.5 310.8 314 308.7 297.6 288.1 298.5 305.7 322.3 333.1 346.5 363 382.8 389.4 383.3 380.4 375.9 370.1 362.4 356.5 350.1 340 334.5 320.7 305.8 285.4 277.6 262.5 261 255.8 256.6 257 251.2 254.3 260 253.3 254.2 256.4 265.5 264.3
109.5 109.5 109.1 107.8 106.7 104.5 101.9 101.5 100.1 106.3 128.3 148.1 166.4 183 202.8 221 238.6 254.4 270.4 287.5 295.2 303.8 307.3 310 311.7 314.4 318.2 321.8 320.8 306.6 305.5 299.1 295.7 298 308.1 316.5 314.4 289.5 275.6 268.1 262.5 264.8 278.4 285.9 288.2 272.5 270.1 280.6 295.1 307.6 315.7 328 340.1 352.7 371.7 379.3 368.9 363 356.8 351 345.5 340.3 333.6 330 318 301.6 283.7 268.6 256 242.3 241.9 237.5 233.3 237.2 243.8 244.3 237.5 239.8 244.2 249.2 254.4
112.5 112.3 110.8 109.4 107.7 105.8 103.8 103 102.5 104.2 118.3 138.9 164.7 182.3 199 218.5 235.3 249.5 265 282.5 295.3 304 309.2 312.8 317.4 320.1 321.9 326.1 329.3 319.2 308.9 307.6 305.8 301.6 301.6 306.4 307.1 289.8 270.1 255.5 247.4 248 245.7 252.7 252.6 253.5 261.3 271.7 285.3 291.4 298.7 305.6 318.8 328.7 339 352.2 353.3 351.4 350.3 345.1 339.7 333.4 327.9 319.9 303.7 294 282.8 262.1 245.3 235.8 229.6 227.3 223.2 218.9 223 225.4 219.7 224.5 231.3 238.5 240.5
114.8 114.7 112.2 109.7 107.4 105.9 103.3 102.1 103.5 104.1 115 130.7 155.8 180.1 197 210.2 229.3 246 263.4 280.9 293.4 302.2 306.5 311.8 313.7 317.9 321.3 323.9 327.2 328.7 317.8 306.3 303 308.5 302.7 295.8 295.3 287.4 274.2 250.4 234.5 238.9 237.3 240.7 241.8 244.6 250.5 260.1 270.5 275.6 280.7 291.4 294.9 308.6 317.9 316.9 331.1 335.2 336.8 329.3 329.6 322.5 316.6 303.5 293.2 287.3 271.3 260.6 243.7 223.5 218.1 208.8 202.5 199.2 201.3 201.1 203.8 206.5 217 226 231.6
117.8 115.1 111.7 109.8 107.3 106.6 104.9 103.7 102.7 104.4 112.5 126.3 145 167.8 189.7 206.8 220.1 239 253.3 271.8 281.9 295.3 300.4 304.8 307.6 311.4 315.6 319.2 320 324 328.6 316.8 308.4 300.5 301.9 299.5 288.7 280.4 266.9 245.8 229.2 222.8 224.2 225.9 228 229.5 234.1 243.8 249 257.8 266.2 273 278.7 281.4 281.8 287.2 292.5 304.2 302.6 307.4 308.3 306.2 298.5 294.9 289.9 276.4 261.9 254.4 239.6 216 207.8 194.6 189.3 188.3 184.6 185.6 187.5 195.4 198.1 213 221.7
123.1 118.3 114.3 111.2 109.4 106.7 106.2 104 104.1 105.8 110.7 120.2 137.6 155.5 177.4 195.7 210.6 229.2 243.9 257.2 274.6 283.4 291.1 295.1 297.7 301.3 305.4 309 313 315.9 322.5 321.1 318.1 317.6 306.4 297 290.2 272 261.9 239.3 224.1 208.8 205.2 205.3 207.8 208.7 213.4 224.3 231 238 239.9 236.5 242.1 243.7 245.3 255.3 258.5 271 289.3 295 298.3 288.3 281.6 278.2 279.2 268 255.7 246.4 222.5 204.8 193.6 188 180.4 176.9 180.5 174.5 175.4 180.8 191.4 199.3 201.9
129.2 123.4 118.6 114.9 111.6 109.9 107.1 106.4 105 108.2 111.1 118 129.1 146.6 165.4 183.7 199.6 215.1 231.2 245.7 258 269.8 278.5 283.4 286.8 290.9 294.6 298.8 305.9 310.7 311.9 317.1 322.4 319.6 321.6 306.9 290.9 277 244.9 233 228.2 209.6 193.7 185.8 187.7 188.7 191.9 200.5 208 211.1 203.7 204.6 208.6 210.1 221.1 227.1 228 238.5 268.5 284.2 293.5 280.4 260.1 259.5 257 249.5 237 222.1 207.8 193.6 182.6 178.5 173.1 169.4 171.7 167.6 169.1 172 179.8 186.7 197.1
137.1 130.5 124.5 120.1 116.9 112.2 110 109 106.5 109.5 112.8 118.4 125.9 138.2 155.4 174.8 190.3 202.6 217.8 231.7 247.7 257.1 263.1 271.2 274.5 279.6 284.2 290.7 296.5 301.5 305.9 310.3 317.5 320 318.9 313.9 288.5 277 256 228.6 220.7 206.6 191.8 176.4 175.5 179.2 175.1 176.4 189.6 185.4 184.9 183 186.7 186.2 187.3 191.3 201.1 205.6 219.6 244.3 261.5 243.3 238 242.8 232.2 232.9 223.6 212.3 202.9 189.5 181.7 170.6 166.8 163.9 165.3 165.9 169.5 172.3 176.4 182.7 191.1
147.4 138.6 132.3 126.7 121.1 117.1 114.4 112.2 110.2 108.4 112.9 118.3 124.6 135.8 149.6 165.3 181.6 195.2 206.3 218.3 232.7 241.9 250.3 257.2 263.7 267.2 274.6 279.7 286.4 294 298.9 302.1 311 318.2 328.3 319.3 298 268.8 256.5 234.4 216.3 199.1 186.9 178 168.3 169.8 166.5 165.2 167.7 167.3 162.8 160.3 161.3 160.6 162.2 163.9 167.7 172.9 184.3 192.5 201.4 216.6 215.3 221.1 222.2 214.5 206 197.6 194.4 187.2 177.6 170.5 164.8 160.9 162.2 166.2 167.4 166.8 172.9 174.1 180.9
156.6 148.2 141.9 135.8 128.9 122.9 119.1 116.6 113.4 109.3 112.9 116.3 122.8 134.4 147.1 160.2 173 183 195.5 206.9 218.5 228.8 238.6 247.6 253.4 259.6 264.4 271.1 276.8 284.7 291.7 298.3 305.3 313.4 323.2 335.9 307.5 274.5 242.5 221.2 214.3 204.7 188.1 172.8 169.8 161.9 160.2 159.7 160.5 151.4 147.4 148.2 147.7 152 149.5 144.9 141.2 148.2 151.5 160.2 166.1 178.6 194.1 194.4 196.6 181.8 183.6 187.1 190.7 183.2 175.6 168.8 165.1 161.9 156.4 161.7 161.9 164.7 161.4 164.1 167.6
171.4 157.8 148.7 144.8 137.3 128.3 124 119.7 116.8 114.4 112.6 116 120.2 130.4 143 154.4 163.9 176.2 186.6 196.7 208.4 218.3 228 237.7 244.9 250.7 257.3 263.6 270.5 276.6 286.2 292.8 304.8 315.5 325 332.2 327.4 276.5 246.6 220 206 198.9 188.3 171.3 163.1 160.4 156.3 159.6 153.7 143 137.4 136 137.1 133.5 136.5 130.6 125.2 129.6 131.6 133.5 135.9 145.9 157 175 172.6 160.6 166.7 173.5 175.6 180.5 180.1 174.5 168.8 160.7 149.9 149.6 151.6 147.7 149.8 150.8 158
182.8 170.4 160.4 150.8 143.7 134.6 128.3 123.7 119.9 118.3 114.6 118.3 118.7 126.9 136.7 148.6 160.9 170.3 181.6 191.3 199.6 208 218.9 227.3 237.6 243.8 250.2 257 264.7 272.4 281.8 292 303.7 319 332.4 336.6 326.1 291 255 236.1 218.3 200.4 184.4 170.6 163.5 159.1 156.8 154.6 146.1 141.2 129.4 126.7 123.4 119.1 120.3 116.5 117.6 116.9 115.2 114.4 119 122.8 131.2 142 138 149.2 150.9 155 162.8 167.1 167.8 173.2 156.6 143.9 141 143.5 145.3 142 141.4 138.3 144.9
190 178.5 170.4 162.6 153.1 143.7 133.5 127.9 124.8 124.6 119.2 122.2 124.7 128.9 137.4 147.1 155.3 166.6 178.3 188 193.9 201.9 209.3 219.4 229.3 236.5 245.6 254.4 263.8 274.4 283.2 294.2 303.4 317.1 334.8 337.4 333.4 316 276.8 253.6 238.4 219.6 196.3 177.1 165.1 159.9 157.4 152.9 155.2 142.1 131.3 124.7 118.5 111 108.6 107.7 107.5 107.7 105.1 105.1 107 109.7 113 117.5 127.8 135.6 135.7 142.3 146.3 141.8 153.1 136.4 131.6 136 138.3 139.3 140.3 141 121.2 113.8 107.2
200.7 187.9 178.7 170 162.8 153.1 142.6 135.4 129 126 123.9 123.8 124.9 131.5 139.8 146.1 152.1 164.2 174 182.6 190.7 197.5 203.6 212.6 223.4 232 241.6 253.1 265.2 277 289.6 307.2 321.7 323 340.1 346.5 348.9 331.3 294 271.1 259.4 243.4 216 190.6 175.4 163.6 159.2 153.7 151.1 141.9 130.9 123 116.9 112.3 109.9 105.2 102.3 100.7 96.2 91.7 98.7 103.7 103 109 111 114.4 126.5 131.1 136.1 126.8 121.6 118.7 120.2 128 135.2 137 130.9 130.7 108.8 90.1 86.4
205.7 196.7 188.1 180.1 171.6 163.7 154.5 144 135.1 129.1 127.5 126.5 127.9 133 138.5 144.9 150.9 161.6 169.1 176.2 186.5 195.1 200.9 208.8 218.9 227.9 238.8 251.3 265.4 280.1 295.7 312.1 325.6 338.5 345.2 357.4 358.5 357.7 335.1 301.7 277.9 264.3 246.2 220.5 195.5 182.2 169.9 161.9 152.3 142.4 134 125 116.4 111.4 102.1 100.9 96.5 91.7 91.7 91.7 91.7 91.7 91.7 91.7 91.7 104.5 109.7 116.2 118.4 116.8 109.6 108.1 108.5 113.3 121.3 126.1 123.6 104.9 96.8 79.1 73
212.8 206.9 195.5 188.3 181 172 167 154.3 142.5 137.4 131.2 129.6 129.3 135.5 141.8 148.5 153.1 161.1 169.5 175.9 183.9 190.9 197.6 205.3 212.3 222.6 235.2 248.5 264.6 283.1 301.7 318.6 335.2 339.2 353.9 360.5 364.6 359.4 351.7 325 301.7 289.4 279.8 258.2 236.2 214 216.5 184.4 167.6 153.2 139.6 129.7 119.2 109.7 103 99.2 91.7 91.7 91.7 91.7 91.7 91.7 91.7 91.7 91.7 91.7 91.7 105.2 108.5 107.3 105.4 102.3 103 102.4 105.7 106.2 103.9 98 85.7 74.2 69.5
225.7 212.4 204.6 197.5 191 183.1 176.2 164.6 153.9 145.3 139.3 137.3 136.5 136.8 141.5 146.8 156 159.5 167.8 174.1 181.8 188 194.5 200.6 207.3 216.5 228.9 242.8 264 283.1 305.5 323.6 341.3 351.1 359.8 370.4 375.9 373 361.8 343.3 325.2 316.8 301.6 285.8 266 249.9 234.4 217.5 185.4 169.9 150.9 136.8 124.7 114.5 104.3 94.6 91.7 91.7 91.7 91.7 91.7 91.7 91.7 91.7 91.7 91.7 91.7 91.7 102.9 104.3 101.4 101.3 97.4 95.2 93.9 92.9 89.7 83.8 79.1 73.7 70.5
237.6 226 211.2 202.3 196 191.9 180.4 175.4 168.6 158.1 151 144.7 144.5 143.1 143.8 148.8 154.6 161.4 166.8 172.3 177.9 186.7 191 197.3 204.2 211.6 222.2 238.6 257.6 282.8 305.5 322.7 342.4 358.6 371.2 372.5 376.5 380.5 370.8 361.8 346.1 335.4 323.6 306.8 284.3 270.3 260.2 254.8 220.4 193.3 168.3 150.8 138.4 128.2 115.2 103.2 91.7 91.7 91.7 91.7 91.7 91.7 91.7 91.7 91.7 91.7 91.7 91.7 100.7 100.7 91.7 100.1 99.3 92.7 94.3 87.5 84.7 79 74.9 72.1 71.1
249.8 237.8 227.4 210.9 199.7 197 187.7 182.3 175.4 169 161.1 154.2 151.4 148 146.6 148.7 155.3 162.8 168 171.9 176.5 183.5 189.7 196.1 202.6 209 219.9 235 252.1 276.8 299.5 323.4 342.8 361.1 377.3 394.3 395.8 392 388.7 376.4 363.7 350.4 343.4 332.3 332.4 324.4 324.2 319.5 283.7 244.2 198.1 171.1 156.5 145.9 132.3 120.2 105.8 92.2 91.7 91.7 91.7 91.7 91.7 91.7 91.7 91.7 91.7 91.7 91.7 91.7 103 102.1 100.4 99.2 97.1 94.8 89.5 84.6 80.2 77.7 77.8
262.1 249.5 238.2 224.2 214.8 213 198.1 188.8 182.5 175.3 167.9 163.1 157.1 154.3 151.6 152.3 155.4 159.7 167.7 170 175.2 182.7 188.3 196.3 204.3 212.6 220 230.8 244.9 268.3 293.1 320.1 344.6 366.8 386.6 406.9 411.2 413.1 406.7 406.3 390.7 379.2 373.1 375.3 383.4 376.8 356.6 347.6 325.9 290.9 242.1 209.4 176.3 160.5 146.2 135.7 120.9 109.9 100 91.7 91.7 91.7 91.7 91.7 91.7 91.7 91.7 91.7 91.7 91.7 104.3 106.9 102.5 100.7 99.9 99.1 92.8 91.2 91.1 82.7 83
279.2 266.6 256.8 248.8 239.7 233.5 222.3 207.1 189.9 184.1 176.3 170.4 165.2 160.7 158.9 155.5 156.5 160.7 165.8 174 176.2 181.8 187.7 196.4 204.1 213.6 221.4 230.8 245.1 263 288.4 315.7 342.9 368 390.3 416.2 428.2 438.6 437.9 431.3 424.1 415.6 411.3 415.6 427.1 411.8 399.7 385.5 367.4 339.7 300.8 250.2 210.8 184.6 173.3 161.7 144.9 124.5 114 101.1 95.2 91.7 91.7 91.7 91.7 91.7 91.7 91.7 92.9 102.4 107.5 109.7 106.6 104.8 102.8 101.1 98.1 94.5 96.1 91.5 93
294.2 285.5 273 263.5 255.3 250.5 242.5 230.1 212.1 199.6 194 175.8 171.8 166.1 166.5 164.3 164.2 163.5 166.5 175.2 179 181.5 187.2 194.9 203.5 212.5 221.5 231.6 244.3 261.5 282.6 311 342.1 369.1 394.7 416.1 439.4 457.9 474.1 466.1 458.5 448 468.5 462.9 449.5 436.8 421.9 409.6 389 362.4 334.7 291 248 222.8 200.2 191.1 176.9 152.4 136.6 115.3 106.7 91.7 91.7 91.7 91.7 91.7 91.7 91.7 103.3 106.8 112.2 112.8 110.5 109 106.4 104.2 103.7 101.3 102.3 102.9 107.3
311.8 303.7 289.6 280.6 272.2 264.2 255.3 252.2 228.7 220 215.6 203.8 190.7 174.5 171.6 169.8 168 167.6 167.9 171.9 178.5 185.4 186.9 193.5 201.6 211.8 220.4 231.4 243.4 258 278.1 309.1 340.9 369.3 395.2 416.3 441.3 464 495.1 522.1 506.8 488.7 489.4 475.6 461 444.3 436.6 422.6 409.1 385.3 361 326.3 290.1 263.4 234.8 219.5 197.3 168.2 151.5 126.9 118.1 107.8 99.7 91.7 91.7 91.7 91.7 100.6 104.8 108.7 113.2 118.9 118.7 118.3 116.4 113.7 113.8 111.3 110.7 117.4 121.4
329.3 327 312.4 293.5 287.4 282.9 273.5 263.3 250.8 245 235.3 224.7 214.9 198.2 179.4 175.6 172.5 171.4 173.3 176.3 181.1 185.8 188.9 193.9 201.5 211 221.1 231.3 242 255.4 276.2 307 338.6 363.6 390.1 415.1 440 465.3 493.6 516.8 504.5 497.5 483.4 471.1 458.5 447.3 436.1 427 417.2 404.3 389.9 362.6 340.8 310.7 282.2 253.1 211.8 187.7 165.6 149.3 140.6 131.2 121.5 109.8 103 104.7 102.9 106.1 107 107.3 108.2 112.4 115.8 118.5 120.5 117.4 116.6 118.2 119.2 122.8 127.6
