Game/Highland_Data/StreamingAssets/GeoData/Data/nf/NF87.asc
ncols 200
nrows 200
xllcorner 80000
yllcorner 870000
cellsize 50
[rows 160 to 199 of 200, columns 91 to 181 of 200]
3.8 9.1 8.2 7 5.5 5 5.4 3.8 3.8 3.8 8.7 12.4 12.8 12.5 12.2 12 11 9.9 12.6 14 15.2 17.7 19.6 20.8 21.4 21.4 21.9 23.7 24.7 25.3 25 24.8 24.8 23.8 23.2 23.8 23.9 25 24.7 24.2 23.7 23.5 23.9 24.2 23.4 23.2 22.6 22.8 21.6 23.5 24.2 25.2 26.1 27.8 29.6 31.7 33.1 33.6 33.6 33.8 33.1 33.5 33.1 34.4 28.6 26.5 25 20.6 19.1 19.1 19.1 19.1 19.1 19.1 19.1 19.1 19.1 26.1 26.1 27 29.7 32.9 33.9 33.6 34 32.7 32.7 30.2 28.5 27 26
3.8 8.3 12.6 8 4.7 6.7 5.8 6.8 3.8 3.8 3.8 9.3 12.6 14.4 15 16.6 18.8 17.5 17.3 15.4 18.4 19.5 19.1 18.9 18.7 15.1 19.8 19.3 19.7 22.3 24.5 25.4 25.8 25.1 23.6 22.8 23.9 23.7 23.7 23.2 22.7 22.2 22.3 21.9 20.2 20.8 20.4 19.5 20.4 22 22.7 23.8 25.4 26.9 28.5 30.2 31.9 32.9 32.5 33 32 32.5 33.3 33.6 30.1 28 25.9 21 19.1 19.1 19.1 19.1 19.1 19.1 19.1 19.1 21.5 23.8 25.1 26.8 28.6 31.9 33.6 36.2 37.8 38.7 38.6 39.2 37.1 34 32.7
4.5 3.8 3.8 3.9 4.2 7.1 4.8 3.8 3.8 3.8 3.8 8.1 10.4 11.5 12.9 15.2 21 19.7 17.9 18.5 19.2 19.7 19.3 17.8 17.7 14.1 14.1 14.1 14.1 14.1 14.1 19 24.4 25.1 24.7 25 25.8 24.5 23.2 22.7 22.1 21.4 20.5 19.3 19.4 19.9 19.1 18 19.2 19.7 20.3 20.8 22.3 24.4 26.6 28.3 29.8 31.1 29.8 30 30.6 31.8 32.4 33.8 31.8 29.7 27.4 26.1 24.7 19.1 19.1 19.1 19.1 19.1 19.1 20.6 28.3 26.6 26.9 27.2 28.9 31.6 33.1 35 37.9 41.8 43.5 44.6 45.3 44 41.6
7.8 3.8 3.8 3.8 3.8 7.9 7.4 3.8 3.8 3.8 3.8 3.8 7.6 11 12.1 12.7 14 15.8 16.6 18.4 19.7 20.2 20.4 19.7 18.7 18.4 15.5 14.1 14.1 14.1 14.1 14.1 16.8 20.5 22.5 24.1 25.9 25.2 23.9 22.6 21.4 20.8 19.7 18.4 18.2 18.6 18.7 17.4 18 18.7 19.3 18.9 19.1 20.8 23.7 25.7 26.9 27.8 28 28.2 29.5 30.6 30.9 32.4 30.8 29.7 29.2 28.1 27 26.2 21.2 19.1 19.1 19.1 19.1 19.1 26.4 26.3 29.3 30.1 31 32.4 34.3 36.6 39.4 43.4 47 50.3 52.6 55.3 54.1
3.8 4.9 3.8 3.8 3.8 3.8 3.8 3.8 3.8 3.8 3.8 7.8 8.8 10.8 11.7 12.3 12.8 13.7 15.6 17.3 18.3 19.1 20.2 21.8 22.3 20.7 19.7 14.1 14.1 14.1 14.1 16.2 14.1 18.1 18.9 20.5 22.2 25.9 26.9 23.2 22.2 22.8 18.5 17.2 15.4 15.8 16.1 15.4 17.3 17.8 18.3 18 18.3 18.3 20 21.7 23.5 24.9 25.7 26.5 27.5 28.5 29.4 30.6 30.4 30 29.4 28.6 27.5 26.7 26.5 26.5 26.2 25.7 25.4 26.7 27.7 25.9 25.9 28.9 33.8 37.4 39.1 41.1 42.7 45.3 50.3 56.1 60.5 63.5 64.4
3.8 3.8 3.8 3.8 3.8 3.8 3.8 3.8 3.8 3.8 3.8 3.8 6 9.8 11.2 11.9 12.7 13.4 15.1 16.5 17.9 18.2 18.5 18.5 19.5 20.6 20.5 19.4 17.8 17.9 16.7 15.7 16.3 16.8 17.2 18.3 19.3 23.6 27.5 26.6 23.1 20.9 17.3 14.6 11.4 12.9 12.2 8.1 14.3 15.4 16.5 16.1 16.1 16.1 16.8 18.3 18.9 19.8 22 23.3 24.4 25.9 27.4 28.6 28.5 27.7 27.8 27.8 27.5 27.3 27.2 27.5 27.2 26.6 26.8 27.2 27 27.3 28 28.9 31 35.2 41.1 45 48.4 50.6 56.6 62.8 66.9 70.9 73.7
3.8 3.8 3.8 3.8 3.8 3.8 3.8 3.8 3.8 3.8 3.8 3.8 3.8 3.8 8.6 11.8 14.1 14.5 15.7 16.9 17.6 17.7 17.6 17.8 16.9 17 19.3 19.5 18.9 19.2 18.7 18 17.8 17.4 15.2 16.8 17.3 18.2 23.1 24.4 22.5 19 16.8 13.5 6.9 10.7 6.9 7.2 6.9 6.9 6.9 12.9 13.3 14.2 14.3 15.4 16.4 17.8 18.4 18.8 21.3 22.1 23.7 25.3 26.8 25.5 25.8 26.1 26.4 26.1 25.9 26.4 27.4 27.4 27.1 26.2 26.1 26.4 26.2 27.1 29.5 32.4 37.5 42.1 47 53.1 61.5 71 74.8 79.4 81.2
3.8 3.8 3.8 3.8 3.8 3.8 3.8 3.8 3.8 3.8 3.8 3.8 4.5 4.2 3.8 8.1 13.2 16.5 15.5 17 16.9 16.8 16.8 16.9 15.9 15 16.1 16.7 16.3 16.1 17.7 17.8 17.2 16.7 15 15 16.9 14.7 12.1 17.7 19.7 16.6 14.9 6.9 6.9 6.9 6.9 6.9 6.9 6.9 6.9 6.9 6.9 6.9 6.9 10.8 13.6 14.2 17 17.7 18.6 19.7 20.5 22.9 24.4 23.3 23.4 23.6 23.8 24.1 24.6 24.9 24.9 25.9 25.9 25.2 25.2 25 24.8 25.2 26.5 30.5 34.5 38.9 44.1 50.5 60.6 74.4 83.2 88.9 91.6
3.8 3.8 3.8 3.8 3.8 3.8 3.8 3.8 5.9 4.6 6.3 3.8 3.8 4.7 7.2 7.3 8.7 13.2 15.9 14.5 15.3 15.7 15.8 16.3 15.5 12.4 14.4 15.4 14.6 14.7 15.6 16.6 16.4 15.4 13 13.3 15.3 13.4 6.9 6.9 6.9 10.3 8.6 6.9 6.9 6.9 6.9 6.9 6.9 12.4 8.9 6.9 6.9 6.9 6.9 6.9 6.9 7.9 9 11.9 15.5 17.5 18.7 20.3 20.9 20.9 20.9 21 21.1 21.4 21.8 22.1 22.2 23.4 24 22.8 23.3 23.7 23.5 23.5 24.4 26.9 30.9 34.7 39.7 47.8 57.8 70.9 83.2 94.3 97.9
3.8 3.8 3.8 3.8 3.8 3.8 3.8 3.8 7.4 9.4 9.8 9.6 8.3 7.9 9.2 11 11.3 12.7 12.4 12.2 12.2 15.8 15.3 16 14.5 14.2 16.1 14.5 13.1 9.7 13.9 14.6 14.8 14.2 10.5 6.9 6.9 11.1 6.9 6.9 6.9 6.9 6.9 6.9 6.9 6.9 6.9 6.9 11.2 15.2 15.2 14 6.9 6.9 6.9 6.9 6.9 6.9 6.9 6.9 9.9 13.7 16.7 17.9 18.8 18.5 19.2 19.3 18.5 18.3 18.7 18.8 20.1 20.9 20.5 21 21.2 22.3 22.4 22.5 22.8 23.6 26.4 29.1 34.8 43.1 54.9 68.1 80.1 94.3 102.4
3.8 3.8 3.8 3.8 3.8 3.8 3.8 5.3 9 10.1 11.4 11.9 11.7 10.8 12.7 13.6 14.3 14.6 14.1 13.6 12.6 13 12.6 10.3 8.3 8.7 9.8 6.9 6.9 6.9 6.9 13.2 9.8 13.7 6.9 6.9 6.9 6.9 6.9 6.9 6.9 7.9 7.6 6.9 8.2 6.9 6.9 11.9 11.6 15.1 14.6 14.4 10.5 6.9 6.9 6.9 6.9 6.9 6.9 6.9 6.9 6.9 6.9 13.3 16.2 16.4 17.5 17.1 17.1 16.9 16.9 16.9 16.9 17.9 17.7 18.4 19.2 21.1 21.2 21.4 21.9 22 23 25.6 29.6 38.1 48.8 64.7 76.4 88.1 100
3.8 3.8 3.8 3.8 3.8 3.8 3.8 8.6 9.8 11.6 12.8 13.4 13.6 13.9 13.8 15.4 16.8 17.3 17.4 17.1 16.1 15.8 14.4 14.8 15.4 12.7 6.9 12.9 6.9 6.9 6.9 6.9 6.9 6.9 6.9 10 6.9 6.9 6.9 6.9 6.9 6.9 6.9 6.9 9 6.9 6.9 9.5 12.1 12.7 12.8 14.3 8.2 6.9 6.9 6.9 6.9 6.9 6.9 6.9 6.9 6.9 6.9 6.9 6.9 14.2 15.3 16.2 16.3 15.7 15.8 16.2 16.2 16.2 16.4 16.9 19 19.9 20.2 21.2 21.3 21.5 22.5 23 25.8 30.7 38.4 53.1 68.3 81.1 91.6
3.8 3.8 3.8 3.8 3.8 3.8 3.8 7.6 10.7 13.1 13.7 14.7 15.1 15.3 15.5 16.7 19.4 20.1 20.7 20.8 19.5 18.7 17.8 16.8 16.2 15.4 13.5 7 6.9 6.9 6.9 6.9 6.9 6.9 6.9 12.1 6.9 6.9 6.9 6.9 6.9 6.9 6.9 6.9 6.9 6.9 6.9 7.2 6.9 6.9 6.9 6.9 6.9 6.9 6.9 6.9 6.9 6.9 6.9 6.9 6.9 6.9 6.9 6.9 6.9 6.9 8.1 15.3 15 14.5 14.9 15.2 15.5 15.6 15.6 15.8 17 18.5 19.3 20.6 20.9 21.1 21.9 22 22.6 26.2 32.7 40.3 51.9 67.2 79.1
3.8 3.8 3.8 3.8 3.8 3.8 4.5 9.2 10.8 14.4 16.2 16.8 17.3 18.1 17.7 18.7 20.5 21.8 22.8 23.4 23.1 22 19.7 17.6 17.1 16.1 14.5 11.4 6.9 6.9 6.9 6.9 6.9 12.7 11.9 14.6 14.5 14.3 12.6 6.9 6.9 6.9 6.9 6.9 6.9 6.9 6.9 6.9 6.9 6.9 6.9 6.9 6.9 6.9 6.9 12.3 6.9 6.9 6.9 6.9 6.9 6.9 6.9 6.9 6.9 6.9 6.9 6.9 12.8 7.6 13 13.2 13.9 14.1 14.4 15 16.7 17.6 18.3 20 20.4 20.7 21.1 21.3 22 23 27 33.1 42.4 51.1 60.1
3.8 3.8 3.8 3.8 3.8 5 8.6 11 12.4 15.7 17.8 19.3 21.1 22.8 22.3 22 22.6 23 24 24.3 24.9 23.5 22.6 20.7 18 16.2 14.5 13.5 10.6 12.3 6.9 11.8 8 6.9 6.9 6.9 11.6 12.7 14 15.1 8.7 6.9 6.9 6.9 6.9 6.9 6.9 6.9 6.9 6.9 8.6 9 6.9 10.7 12.9 11.5 11.4 6.9 6.9 6.9 6.9 6.9 6.9 6.9 6.9 6.9 6.9 6.9 6.9 6.9 6.9 7.9 13.2 13.5 14.3 15.5 15 17 17.3 18.4 19.1 19.8 20.6 21.5 21.9 22.9 24.4 26.9 32.7 40.4 46.9
3.8 3.8 3.8 3.8 3.8 7.4 9.4 13.1 14.4 16.6 18.6 21 23.9 28.6 28.3 26.6 26.3 26 26.6 26.6 27.6 26 25.2 26 20.3 17.8 15.2 13.5 12.8 13.8 14.6 14.4 13.4 14.4 14.6 12.8 6.9 6.9 6.9 13.6 11.9 6.9 6.9 6.9 6.9 6.9 6.9 13.7 6.9 6.9 12.5 6.9 6.9 6.9 6.9 6.9 6.9 6.9 6.9 6.9 6.9 6.9 6.9 6.9 6.9 6.9 6.9 6.9 11.8 6.9 6.9 6.9 6.9 7 12.5 13.8 14.3 15.4 16.6 17.1 18 19.1 20.4 22 22.3 22.5 23.1 24.1 27.4 30.4 35.8
3.8 3.8 3.8 3.8 3.8 8.6 9.7 14.5 16.6 18.9 21.8 24.1 27.1 30.8 32 32.5 31.2 30.6 29.2 29.3 29.1 28.7 27 28.8 25.6 19.3 16.4 15 14.7 13.6 13.4 10.5 12.2 14 16.8 6.9 6.9 6.9 6.9 6.9 6.9 6.9 6.9 6.9 6.9 6.9 6.9 14 13.3 12.9 13.7 13.1 13.3 12.3 7.6 6.9 8.1 6.9 6.9 6.9 6.9 6.9 6.9 6.9 6.9 6.9 6.9 6.9 11.1 6.9 6.9 6.9 6.9 6.9 9.5 9.7 13.5 15.2 16.5 17.2 17.3 18 19.8 22.2 21.1 21.6 21.6 21.9 22.5 24.7 26.6
3.8 3.8 3.8 3.8 3.8 8.5 10 12.7 16.6 20.5 24.3 27.3 30.7 33.8 35.2 36.5 35 34.4 33.6 32.8 31.1 29.7 27.8 26.9 25.4 22.1 20.1 18 16.5 13.9 6.9 6.9 6.9 6.9 6.9 6.9 6.9 6.9 6.9 7.7 7.6 6.9 6.9 6.9 6.9 6.9 6.9 13.2 8.1 12.7 13.9 13.4 13.7 13.8 14 13.9 12.3 12.3 12.4 6.9 6.9 11.3 12.4 13.7 13.6 10.5 6.9 6.9 12.8 10.6 6.9 6.9 6.9 6.9 6.9 6.9 11.2 13.8 15 15.3 16.9 16.9 18.2 18.8 20.1 19.6 19.5 20 20.6 20 21.4
3.8 3.8 3.8 3.8 6.7 8.9 10.2 13 16.9 21 25.3 30.3 35 37.2 39.2 40.6 40.1 39.6 37.4 35.2 33.4 31.5 29.8 26.6 25.5 23.2 21.2 19.6 17 13.8 10.1 6.9 6.9 6.9 6.9 6.9 6.9 6.9 6.9 6.9 6.9 6.9 6.9 6.9 6.9 6.9 6.9 6.9 6.9 6.9 12.3 6.9 6.9 6.9 12.2 13 12.8 12.7 13.7 13.6 14.7 14.1 14.3 14.6 14.6 13.1 12.1 12.3 14.5 18.1 14.8 15.4 14.1 6.9 6.9 6.9 7.2 6.9 11.8 14.7 16 16.3 17.8 17.9 18 17.6 17.6 18.1 17.9 17.2 17.2
3.8 3.8 3.8 7.3 7.6 9.1 10.7 13.7 18 23.6 28.4 34 41.6 42.4 44.3 45.1 44 43.9 43.1 40 36.7 33.5 31.8 27.7 26.1 24.5 21.8 21.1 19.4 16.2 16.2 14.4 15.6 14.3 10.6 11.9 14.5 6.9 6.9 6.9 6.9 6.9 6.9 6.9 6.9 6.9 6.9 6.9 6.9 18 9.7 6.9 6.9 6.9 6.9 6.9 11.8 13.6 14.7 15.1 15.2 14.4 12.1 10.7 9.5 11.4 12 12.5 14 18.7 17.2 17.2 16.3 16.6 15.6 8.9 11.3 13.8 13.7 14 15.1 15.9 16.7 17.9 17.5 16.5 15.8 15.5 14.9 14.2 13.9
4.5 3.8 3.8 7.9 9.1 10.5 13.3 16.7 21.2 26.3 29.9 38.9 48.5 50.7 55 55.8 49.4 47.3 45.6 43.6 41.8 37.8 34.1 30.6 27.7 25.7 22.6 24.1 23.8 21.4 20.6 19.1 18.4 16.1 13.8 12.7 14.8 13.4 11.8 7.6 6.9 6.9 6.9 6.9 6.9 6.9 6.9 6.9 6.9 6.9 12.2 7.6 6.9 6.9 6.9 6.9 6.9 6.9 14.5 14 14.3 13.9 9.5 9.5 9.5 9.5 13.4 12.8 13.9 15.7 15.8 15.5 15.8 15.3 16.2 14.4 12.2 15.3 15.2 15.3 15.4 16.2 17.6 18.8 17.4 15.7 15 15.1 13.8 12.6 12.3
9.5 9.4 10 9.8 10.2 11.4 14 20.6 23.9 27.5 32.8 44.2 53 61.6 64.8 70.1 64.2 54.5 50.4 48.7 46.4 42.9 38.1 33.9 28.8 26.5 26 25.8 25.8 23.5 22.8 20.9 19.5 18.7 16.8 16.8 16.9 16.3 13.8 12.6 11.8 12.9 13.4 11.8 7.7 9.1 13.5 17 10.5 6.9 6.9 6.9 6.9 6.9 6.9 6.9 6.9 6.9 6.9 6.9 6.9 11.8 11.1 14.6 9.5 9.8 8.2 10.6 13.3 15.1 15.9 14.3 14.3 15.3 15.3 14.2 15.1 15.1 16 15.9 17 16.7 17.8 20.6 19.8 16.8 14.3 14.2 13.5 11.2 9
10.6 11.1 10.5 10.9 11.4 13 17.3 21.5 25 30.5 36.5 50.8 57.7 67.2 74.6 80.3 77.4 67.6 59.7 52.4 49.8 45.3 40.4 35.6 31.4 27.8 27.5 27 26.7 24.4 23 22.2 21.7 21.6 21 22.9 23.5 20.5 18.2 17.3 14.9 16.3 15.3 14.2 14.5 15.5 18.8 19.7 17.6 11.2 6.9 6.9 6.9 6.9 6.9 6.9 6.9 6.9 6.9 6.9 6.9 13.3 12.9 13.9 14.2 13.7 12.2 6.9 13.2 15.9 20.6 17.9 14.2 15 15.7 14.8 16.3 17.5 17.6 16.4 16.9 17.4 18.8 19.4 19.4 15.1 13.4 13.4 11.3 9.2 6.7
10.5 11 11.2 11.4 12.7 15.2 19.6 23.7 28.1 35.9 43 54 62.7 71.6 80.4 85.6 86.7 79.1 70.5 64.6 54.4 47.8 44.1 40.7 35.4 29.7 28.9 28.4 28 25.6 23.7 24.8 27.5 26.8 26.3 28 26 22.1 21.9 20.9 20.5 19.4 18.6 18.4 18.9 19.3 20 20.9 20.6 13.9 6.9 6.9 6.9 6.9 6.9 6.9 6.9 6.9 6.9 6.9 6.9 6.9 6.9 6.9 13.6 12.3 6.9 6.9 9.5 16.4 21.8 18.7 14.3 13 11.1 13.9 15.9 17.3 17.1 17.4 16.9 16.5 18.2 18.9 17.7 14.3 12.9 13.1 12.8 10.6 7.7
9.7 10 10.6 11.2 12.5 16 19.8 24.7 29.9 36.3 45.8 54.5 66.1 74.1 84.8 90.8 93 88.3 78.9 70.6 62.8 55.1 45 41.3 36.4 31.3 30.3 30 32.1 29.1 28.1 28 29.5 30.5 29.1 29.5 30 27.4 26.7 24.1 24.3 25.1 22.2 19.7 20.1 20.5 21.1 21.3 20.7 16.4 12.6 6.9 6.9 6.9 6.9 6.9 6.9 6.9 6.9 6.9 6.9 6.9 6.9 6.9 14 13.6 10.1 10.3 6.9 14.8 19.9 15.5 18.3 17 15.7 11.1 11.1 15.8 17 16.5 15.7 15.2 15.2 20 19.7 14.8 13.1 12.8 14.1 11 9.2
9 8.8 9.4 9.7 10.9 13.9 17.9 22.8 29.8 36.9 47.4 55.5 66.6 77.8 87.1 94.5 97.8 94.7 86.8 75.3 67.1 61.4 52.5 45.3 40.8 36 32.7 33.4 36.3 35 30.8 30.3 30.6 30.6 31.3 32.2 31.2 29.3 29.3 28.9 27.5 26.8 25.4 25.3 21.5 20.9 21.1 21.3 21.5 18 13.1 9.7 6.9 6.9 6.9 6.9 6.9 6.9 6.9 6.9 6.9 6.9 6.9 6.9 13.6 12.3 8.6 7.5 6.9 13.7 20.3 16.9 15.7 17 17 11.1 12.7 17 17.9 16.5 17.1 15.4 15.2 18.4 18.4 17.3 13.4 10.1 13.2 14 10.9
8.3 4.2 7.7 8.1 9.4 11.6 15.6 21.4 26.7 34.4 44.4 55.8 67.3 76.5 85.7 93.5 100.6 97 90.2 81.1 70.2 63.9 59 54.1 51.9 42.6 39 38.2 38 37.4 36.8 34.9 32.9 31.3 32.1 32.5 32.1 31.6 32.5 33.7 30.4 28.4 28.3 28.9 26.5 23.2 21.9 22.5 24.2 19.3 11.6 6.9 6.9 6.9 6.9 6.9 6.9 6.9 6.9 6.9 6.9 6.9 6.9 6.9 6.9 8.4 6.9 9.6 6.9 14.4 23.9 21.2 18 14.4 14.3 13.9 13.1 17.3 17.8 19 16.7 14.3 14.7 15.6 16.8 14.4 13 11.6 6.9 11.7 15.9
4.2 4.2 4.2 4.2 4.2 5.7 11.8 16.5 25 31.3 40.5 48.9 61.7 72.5 78.9 88.2 93.5 94.2 89.6 80.9 70.2 63.9 58.4 55.4 56.1 54 47 39.3 37.3 38 39.5 40.3 38.7 33.6 33.2 32.9 32.5 32.7 34.6 36.4 34.3 30.8 30.6 30.3 29.7 26.5 23.2 23 23.6 23.8 15.5 6.9 6.9 6.9 6.9 6.9 6.9 6.9 6.9 6.9 6.9 6.9 6.9 6.9 6.9 6.9 6.9 6.9 6.9 12.6 15.8 21.7 19 12.7 12.7 14.6 16.1 16.7 16.2 16.7 18.9 11.4 13.8 13.7 12.9 10.3 6.9 6.9 6.9 6.9 12.9
4.2 4.2 4.2 4.2 4.2 4.2 4.2 11.8 17.6 27 35.1 41 55.1 63.9 71.4 77.8 83.1 84.4 81.1 69.4 64.1 61.4 58.6 57.5 53.2 54.5 51.4 44.1 41 41.4 42.2 43.3 41.2 38.1 35.7 34.2 33.4 33.7 34.6 37.1 34.2 31.3 31.1 31 30.1 28.1 24.3 23.1 24 24.7 16.5 9.2 6.9 6.9 6.9 6.9 6.9 6.9 6.9 6.9 6.9 6.9 6.9 6.9 6.9 6.9 6.9 6.9 6.9 10.6 14.6 19 18.3 13.4 13.3 13 15.1 14.7 13.3 14.2 18.1 15.5 9.6 12.4 12.6 6.9 6.9 6.9 6.9 6.9 6.9
4.2 4.2 4.2 4.2 4.2 4.2 4.2 6.8 14.7 19.6 26.7 34.4 44.2 54.7 64.4 67.3 70.7 71.3 74.5 63.2 60 58.7 56.7 55.9 53.2 54.3 52.8 47.4 45.5 45.2 44.6 43.6 40.8 40.6 36.4 35.5 35.2 34.4 35.6 36.5 33.7 33.4 33 32.2 31.9 30.1 25.3 24.6 24.8 22.9 16 7.5 6.9 6.9 6.9 6.9 6.9 6.9 6.9 6.9 6.9 6.9 6.9 6.9 6.9 6.9 6.9 6.9 6.9 6.9 13.4 14.1 14.1 13.5 12.9 12 6.9 10 6.9 7.9 12.7 12.2 16.2 6.9 8.2 8 6.9 6.9 8.5 13.5 14.4
8.6 4.2 4.2 4.2 4.2 4.2 4.2 8.9 11.2 13 17.3 24.9 33 42.8 50.3 57 58.9 58.3 58.8 56.8 53.1 52 53.9 53.4 53.2 55 55.1 54.7 52.7 52.6 48.3 45.2 41 39.7 39.7 37.4 35.3 35 33.2 31.4 31.2 31 30.4 36 33.5 31.3 24 20.3 26.7 18.8 15.8 6.9 6.9 6.9 6.9 6.9 6.9 6.9 6.9 6.9 6.9 6.9 6.9 6.9 6.9 6.9 6.9 6.9 6.9 6.9 6.9 6.9 6.9 6.9 8.4 9.7 12.2 7.9 6.9 6.9 6.9 6.9 6.9 10.2 7.6 6.9 8 6.9 11.3 12.7 13.6
9.3 6.6 4.2 4.2 4.2 4.2 4.5 7.7 8.1 9.8 11.5 16.9 25.4 35.2 42.5 45.9 47.3 46 45.2 44.4 44 45.6 48.7 52 52.1 54.4 56.8 57 54.7 51.9 49.7 44.2 39.2 35.3 38.4 39.4 35.7 34.8 31.8 29 28.2 29.2 28.1 25.4 26.9 26.9 22.6 18.9 15.4 16 6.9 6.9 6.9 6.9 6.9 6.9 6.9 6.9 6.9 6.9 6.9 6.9 6.9 6.9 6.9 6.9 6.9 6.9 6.9 6.9 6.9 6.9 6.9 11.2 6.9 6.9 12.1 12.9 6.9 6.9 6.9 6.9 6.9 6.9 6.9 6.9 6.9 14.8 13.6 11.1 11.2
10.2 8.7 4.2 4.2 4.2 4.2 4.2 4.2 5.4 7.9 9.3 10.8 17.2 25.8 32.6 36.3 40.2 38 35.7 37.8 37.3 38.4 42.2 47.2 49.4 53.8 56.9 55.8 53.7 50.1 49.2 47.1 39.6 34.5 33 35.6 32.6 30.7 28.9 27.9 26.5 24.3 21.7 19.7 19.7 18.5 18.4 16 13.1 12.7 6.9 6.9 6.9 6.9 6.9 6.9 6.9 6.9 6.9 6.9 6.9 6.9 6.9 6.9 6.9 6.9 6.9 6.9 6.9 6.9 6.9 6.9 6.9 6.9 13.4 12.3 12.4 8.4 6.9 12.5 6.9 6.9 6.9 6.9 6.9 6.9 12.5 11.4 13 12.7 11.1
9.8 8.7 4.2 4.2 4.2 4.2 6.4 6 5.1 6.8 8.4 9 11.2 17.5 25 30.6 32 33.6 31.4 31 30.7 33.9 38.9 42.7 47.4 52.7 58.1 58 53.4 49.8 47.7 44.5 41.3 37 34 31.7 25.8 25.4 25.5 26.5 25.6 22.9 18.7 15.5 12.6 8.7 12.5 13.3 6.9 6.9 6.9 6.9 6.9 6.9 6.9 6.9 6.9 6.9 6.9 6.9 6.9 6.9 6.9 6.9 6.9 6.9 6.9 6.9 6.9 6.9 6.9 6.9 6.9 6.9 6.9 11.7 10.7 6.9 12.7 14.6 13.2 11.8 6.9 6.9 6.9 7.1 10.4 15.9 14.3 11 15.7
7.5 6.7 4.2 4.9 6.2 5.2 8.3 8.6 7.9 8.5 4.9 4.2 6.4 14 19.4 24.1 25.8 24.8 25.7 27.8 28.6 30.2 32.9 39 44.5 50 56.3 59.4 56.6 50.8 47.8 42.3 39.1 35 33.9 31.4 31.7 23.2 22.1 23.9 23.4 23.5 19.4 14.6 6.9 6.9 6.9 6.9 6.9 6.9 6.9 6.9 6.9 6.9 6.9 6.9 6.9 6.9 6.9 6.9 6.9 6.9 6.9 6.9 6.9 6.9 6.9 6.9 6.9 6.9 6.9 6.9 6.9 6.9 6.9 6.9 6.9 13 14.7 15.5 13.8 13.2 12 10.4 9.1 14 14.3 13.9 13.4 12.1 9.2
8.6 7.8 4.2 4.2 7.6 9.1 8.3 4.2 4.2 4.2 4.2 4.2 4.2 5.6 13.9 17.2 19.5 20.4 21 23.6 25.6 28 30 36.3 40.9 46.3 50.1 53.9 54.8 50.7 45.9 40.9 36.8 33.2 31.9 30.7 28.2 22.5 20.3 19.5 19.1 21.3 19.3 16.3 12.2 6.9 6.9 6.9 6.9 6.9 6.9 6.9 6.9 6.9 6.9 6.9 6.9 6.9 6.9 6.9 6.9 6.9 6.9 6.9 6.9 8.3 6.9 11.5 14.9 6.9 6.9 6.9 6.9 12 12.4 6.9 13 15.7 15.3 15.6 14 13.3 13 13.2 12.7 14.4 14 13.2 12.7 12.2 11.3
9.5 9.6 9.5 5.7 4.2 4.2 4.2 4.2 4.2 4.2 4.2 4.2 4.2 4.2 10.5 14.2 15.3 17 20.3 23.5 24.6 26.5 29.1 34.1 38.4 43.7 47.5 49.1 50.6 48.2 43.9 40 35.8 32.2 30.4 28.6 25.1 22.3 18.2 18.2 17.4 14.6 15.1 15.1 9 6.9 6.9 6.9 6.9 6.9 6.9 6.9 6.9 6.9 6.9 6.9 8.8 6.9 6.9 6.9 6.9 6.9 6.9 6.9 10.4 11.7 12.9 14.3 17.3 15 13.8 12.3 6.9 13.9 15.6 13.6 14.7 18.7 16 14.9 13.8 13.1 13.7 13.9 15.8 11.7 11.6 9.9 11.3 11.3 11.2
11.4 13.9 12.4 10.9 4.2 4.2 4.2 4.2 4.2 4.2 4.2 4.2 4.2 4.2 7.7 10.9 12.9 15 16.5 22.7 23.2 24.3 28.6 32.3 36.5 41.3 44.6 47.2 48.3 47.1 41.8 37.7 35.3 32.1 30.1 28.7 25.2 22.6 22.5 21.7 19.6 16.4 11.5 14.1 6.9 6.9 6.9 6.9 6.9 6.9 6.9 6.9 6.9 6.9 6.9 6.9 6.9 8.2 9.4 6.9 6.9 6.9 6.9 12.3 12.8 17.7 18.4 18.7 20.2 17.2 15.5 13 16.3 15.8 16.7 18.5 18.7 17.7 16.4 15 13 11.7 11.1 12.3 14.6 12.5 10.5 5.7 5.5 8.3 11.9
10.8 11.6 11.6 9.2 8.3 8.5 4.2 4.2 4.2 4.2 4.2 4.2 4.2 4.2 4.2 7.9 11.4 13.6 14.8 16.4 19.5 22.7 25.3 27.6 32.5 37.8 41.6 44.2 45.9 44.9 40.8 36.6 34.4 31.9 29.8 28.5 26.6 23.7 23.6 23 21.8 20.1 18.4 17.4 6.9 6.9 6.9 6.9 6.9 6.9 6.9 6.9 6.9 6.9 6.9 6.9 6.9 6.9 12.9 6.9 12.6 9.1 15.4 15.3 16.6 19.1 20 19.6 20.1 18.8 14.8 13.8 17.7 17.8 18.6 19 20.1 21.6 19 16.5 13.5 11.4 10.2 9.5 8.2 8 6.5 2.6 4.3 3.7 6.8
10.6 10.3 9.8 10.1 8.9 9.1 4.2 4.2 4.2 4.2 4.2 7 8.2 4.2 4.2 5.2 9.5 11.7 13.6 14.4 17.1 21 24.4 27.6 29.9 34 38 40.8 42.9 42.8 39.6 34.9 32.3 29.5 27.6 26.5 25.8 25 24.4 23.8 22.9 22.7 21.9 21.1 18.4 6.9 6.9 6.9 6.9 6.9 6.9 6.9 6.9 6.9 11.7 6.9 6.9 6.9 12.3 12.7 13.9 14.1 16.3 16.6 17.4 18.3 19.2 19.3 19.3 18.4 16.4 13 13 18.6 20 20.8 21.7 21.9 21.8 19.3 14.1 12.6 10.6 9.6 9.4 5.5 2.1 2.1 5.5 6.2 5.8
