Game/Highland_Data/StreamingAssets/GeoData/Data/nf/NF96.asc
ncols 200
nrows 200
xllcorner 90000
yllcorner 860000
cellsize 50
[rows 37 to 73 of 200, columns 0 to 83 of 200]
14.7 8.4 6.3 9.7 12 12 14 13.3 5.9 7.3 5.6 4.3 -1.9 -1.9 -1.9 -1.9 -1.9 -1.9 -1.9 -1.9 -1.9 -1.9 -1.9 -1.9 -1.9 2.2 5.7 9.6 12 10.1 5.3 -1.9 -1.9 -1.9 2.2 3.9 7.3 7.7 8.7 -1.9 -1.9 -1.9 -1.9 -1.9 -1.9 -1.9 -1.9 -1.9 -1.9 -1.9 -1.9 -1.9 -1.9 -1.9 -1.9 -1.9 -1.9 -1.9 -1.9 -1.9 -1.9 -1.9 -1.9 -1.9 -1.9 -1.9 -1.9 -1.9 -1.9 -1.9 -1.9 -1.9 -1.9 -1.9 -1.9 -1.9 -1.9 -1.9 -1.9 -1.9 -1.9 -1.9 -1.9 -1.9
16.8 15.8 7 6.3 6.3 6.3 6.3 6.3 8.2 8.7 9 6.6 -1.9 -1.9 -1.9 -1.9 -1.9 -1.9 -1.9 -1.9 -1.9 -1.9 -1.9 -1.9 -1.9 -1.9 -1.9 -1.9 -1.9 -1.9 -1.9 -1.9 -1.9 -1.9 -1.9 6.1 -1.9 -1.9 -1.9 6.1 5.2 2.4 -1.9 -1.9 -1.9 -1.9 -1.9 -1.9 -1.9 -1.9 -1.9 -1.9 -1.9 -1.9 -1.9 -1.9 -1.9 -1.9 -1.9 -1.8 -0.3 0.3 1.3 -1.3 -1.9 -1.9 -1.9 -1.9 -1.9 -1.9 -1.9 -1.9 -1.9 -1.9 -1.9 -1.9 -1.9 -1.9 -1.9 -1.9 -1.9 -1.9 -1.9 -1.9
22.9 17.1 16.2 6.3 6.3 9.8 12.1 10.8 9.6 7.2 7.3 7.1 6.9 6.5 4.7 5.8 4.3 9.3 5.3 -1.9 -1.9 -1.9 -1.9 -1.9 -0.4 1.9 2.2 -1.9 -1.9 -1.9 2.4 -1.9 -1.9 -1.9 -1.9 -1.9 -1.9 -1.9 -1.9 -1.9 -1.9 -1.9 -1.9 -1.9 -1.9 -1.9 -1.9 -1.9 -1.9 -1.9 -1.9 -1.9 -1.9 -1.9 -1.9 -1.9 -1.9 -1.9 -1.9 -1.9 5.6 8.6 10.4 9.9 -1.9 -1.9 -1.9 -1.9 -1.9 -1.9 -1.9 -1.9 -1.9 -1.9 -1.9 -1.9 -1.9 -1.9 -1.9 -1.9 -1.9 -1.9 -1.9 -1.9
19.3 17.4 15.3 10.3 7.9 9.2 12.5 12.6 11.7 9.3 8.5 8.5 8.3 10.1 9.2 9.9 10.6 8.7 2.2 -1.9 -1.9 -1.9 -1.9 -1.9 -1.9 6.5 10.6 10.3 9.5 -1.9 -1.9 -1.9 -1.9 -1.9 -1.9 -1.9 -1.9 -1.9 -1.9 -1.9 -1.9 -1.9 -1.9 -1.9 -1.9 -1.9 -1.9 -1.9 -1.9 -1.9 -1.9 -1.9 -1.9 -1.9 -1.9 -1.9 -1.9 -1.9 -1.9 -1.9 3 6.7 4.5 -1.9 -1.9 -1.9 -1.9 -1.9 -1.9 -1.9 -1.9 -1.9 -1.9 -1.9 -1.9 -1.9 -1.9 -1.9 -1.9 -1.9 -1.9 -1.9 -1.9 -1.9
16.8 13.8 15.9 13.6 13.2 11.2 8.9 10 9.5 9.9 10 9.8 11.1 9.7 10.1 10.6 11.7 5.5 2.1 -1.9 2.2 2.2 4.2 -1.9 0.4 5.1 14.2 10 9.5 9.4 -1.9 -1.9 -1.9 -1.9 -1.9 -1.9 -1.9 -1.9 -1.9 -1.9 -1.9 -1.9 -1.9 -1.9 -1.9 -1.9 -1.9 -1.9 -1.9 -1.9 -1.9 -1.9 -1.9 1.7 0.2 -0.6 -1.9 -1.9 -1.9 -1.9 -1.5 -1.1 -1.5 -1.9 -1.9 -1.9 -1.9 -1.9 -1.9 -1.9 -1.9 -1.9 -1.9 -1.9 -1.9 -1.9 -1.9 -1.9 -1.9 -1.9 -1.9 -1.9 -1.9 -1.9
16.2 13.9 15.7 15.7 15.1 11.3 8.6 5.9 7.1 9.8 9.8 10.1 10 7.7 8.9 7.8 5.1 5.3 2.2 3 2.7 5 5 3.6 2.2 5.3 10.9 8.8 5.4 6.7 8.2 10 7.5 -1.9 -1.9 -1.9 -1.9 -1.9 -1.9 -1.9 -1.9 -1.9 -1.9 -1.9 -1.9 -1.9 -1.9 -1.9 -1.9 -1.9 -1.9 -1.9 -1.9 -1.9 -1.9 6.4 -1.9 -1.9 -1.9 -1.9 -1.9 -1.9 -1.9 -1.9 -1.9 -1.9 -1.9 -1.9 -1.9 -1.9 -1.9 -1.9 -1.9 -1.9 -1.9 -1.9 -1.9 -1.9 -1.9 -1.9 -1.9 -1.9 -1.9 -1.9
9.8 13.6 15.2 15 15 13.6 12.3 5.9 5.9 8.7 8.8 10.7 10.6 6.4 4.9 4.8 7.6 5.7 2.3 5.1 6.4 7 7.2 7.3 4.4 2.2 6.1 11.4 3.1 3.4 -1.9 -1.9 -1.9 -1.9 -1.9 -1.9 -1.9 -1.9 -1.5 -1.9 -1.9 -1.9 -1.9 -1.9 -1.9 -1.9 -1.9 -1.9 -1.9 -1.9 -1.9 -1.9 -1.9 -1.9 -1.9 1.1 -1.9 -1.9 -1.9 -1.9 -1.9 -1.9 -1.9 -1.9 -1.9 -1.9 -1.9 -1.9 -1.9 -1.9 -1.9 -1.9 -1.9 -1.9 -1.9 -1.9 -1.9 -1.9 -1.9 -1.9 -1.9 -1.9 -1.9 -1.9
7.3 5.4 4.3 3.7 2.2 6.6 8.6 9.7 2.6 7.1 -1.9 -1.9 10.7 8 4.4 4.5 2.8 2.2 2.7 4.2 6.1 7.4 6.2 -1.9 -1.9 -1.9 -1.9 -1.9 -1.9 -1.9 -1.9 -1.9 13.4 15.1 7.3 3.5 1.8 -1.9 5.4 8.5 -1.9 -1.9 -1.9 -1.9 -1.9 -1.9 -1.9 -1.9 -1.9 -1.9 -1.9 -1.9 -1.9 -1.9 -1.9 -1.9 -1.9 -1.9 -1.9 -0.8 -0.3 -1.9 -1.9 -1.9 -1.9 -1.9 -1.9 -1.9 -1.9 -1.9 -1.9 -1.9 -1.9 -1.9 -1.9 -1.9 -1.9 -1.9 -1.9 -1.9 -1.9 -1.9 -1.9 -1.9
19.5 16.1 9.9 10 8.1 5.4 2.2 2.2 2.2 -1.9 -1.9 -1.9 -1.9 -1.9 -1.9 -1.9 -1.9 -1.9 -1.9 -1.9 -1.6 -1.5 -1.9 -1.9 -1.9 -1.9 -1.9 -1.9 -1.9 -1.9 8 11 17.2 17.6 10.6 7.3 7.6 7.3 7.5 7.8 1.9 -1.9 -1.9 -1.9 -1.9 -1.9 -1.9 -1.9 -1.9 -1.9 -1.9 -1.9 -1.9 -1.9 -1.9 -1.9 -1.9 -1.9 -1.9 -1.9 -1.9 -1.9 -1.9 -1.9 -1.9 -1.9 -1.9 -1.9 -1.9 -1.9 -1.9 -1.9 -1.9 -1.9 -1.9 -1.9 -1.9 -1.9 -1.9 -1.9 -1.9 -1.9 -1.9 -1.9
21 20.8 21.2 15 15.6 10.3 5 2.2 5.7 8.8 -1.9 -1.9 6 -1.9 -1.9 -1.9 -1.9 -1.9 -1.9 -1.9 -1.9 -1.9 7.5 7.9 5.5 -0.2 -1.9 -1.9 -1.9 -1.9 7.8 10.9 16.4 18.9 13.7 6.4 7.1 7 7.5 9.6 12.9 8 -1.9 -1.9 -1.9 -1.9 -1.9 -1.9 -1.9 -1.9 -1.9 -1.9 -1.9 -1.9 -1.9 -1.9 -1.9 -1.9 -1.9 -1.9 -1.9 -1.9 -1.9 -1.9 -1.9 -1.9 -1.9 -1.9 -1.9 -1.9 -1.9 -1.9 -1.9 -1.9 -1.9 -1.9 -1.9 -1.9 -1.9 -1.9 -1.9 -1.9 -1.9 -1.9
22 24.5 23.1 18.9 17.3 17.8 15.1 10.6 8.4 10.7 9.3 10.4 9.5 6.6 7.6 6.5 -1.9 -1.9 -1.9 -1.9 -1.9 -1.9 6.8 6.6 9.7 2.2 -1.9 -1.9 -1.9 5 6.5 9 11.8 16.3 9.9 2.2 -1.9 -1.9 -1.9 7.8 10.2 10.1 -1.9 -1.9 -1.9 -1.9 -1.9 -1.9 -1.9 -1.9 -1.9 -1.9 -1.9 -1.9 -1.9 -1.9 -1.9 -1.9 -1.9 -1.9 -1.9 -1.9 -1.9 -1.9 -1.9 -1.9 -1.9 -1.9 -1.9 -1.9 -1.9 -1.9 -1.9 -1.9 -1.9 -1.9 -1.9 -1.9 -1.9 -1.9 -1.9 -1.9 -1.9 -1.9
21.3 21.7 22.9 21.4 24.6 24.7 21.5 14.8 10.8 11.1 12.7 10.5 10.4 6.7 5.7 6.3 6.6 5.9 3.6 8.3 8.6 9.1 9.2 3.2 2.2 2.2 2.2 7.3 7.6 6.7 6.1 0.5 2.5 2.7 2 -1.9 -1.9 -1.9 -1.9 -1.9 -0.2 -1 -1.9 -1.9 -1.9 -1.9 -1.9 -1.9 -1.9 -1.9 -1.9 -1.9 -1.9 -1.9 -1.9 -1.9 -1.9 -1.9 -1.9 -1.9 -1.9 -1.9 -1.9 -1.9 -1.9 -1.9 -1.9 -1.9 -1.9 -1.9 -1.9 -1.9 -1.9 -1.9 -1.9 -1.9 -1.9 -1.9 -1.9 -1.9 -1.9 -1.9 -1.9 -1.9
20.3 19.5 19.3 19.8 22.8 28.1 22.3 18.4 14.8 14.1 15.7 11.5 7.1 7.9 5.1 7.2 8.2 7.6 8.8 10.4 14.3 15.1 16.2 14.7 13.8 11.5 5.3 9.4 9.6 7.8 8.3 3.1 2.2 0.7 -0.9 -1.9 -1.9 -1.9 -1.9 -1.9 -1.9 -1.9 -1.9 -1.9 -1.9 -1.9 -1.9 -1.9 -1.9 -1.9 -1.9 -1.9 -1.9 -1.9 -1.9 -1.9 -1.9 -1.9 -1.9 -1.9 -1.9 -1.9 -1.9 -1.9 -1.9 -1.9 -1.9 -1.9 -1.9 -1.9 -1.9 -1.9 -1.9 -1.9 -1.9 -1.9 -1.9 -1.9 -1.9 -1.9 -1.9 -1.9 -1.9 9.5
18.5 17.7 18.4 18.5 19.1 24 19.9 19.8 13.1 17.8 16 14 11.1 8.1 5.8 9.7 9.1 8.3 9.7 11.3 14.6 15.4 16 16.4 16.8 15.2 13.4 16.1 21.4 17.6 11 6.2 2.2 -0.3 -0.9 7.4 9.1 5.1 11.9 17.1 12.9 -1.9 -1.9 -1.9 -1.9 -1.9 -1.9 -1.9 -1.9 -1.9 -1.9 -1.9 -1.9 -1.9 -1.9 -1.9 -1.9 -1.9 -1.9 -1.9 -1.9 -1.9 -1.9 -1.9 -1.9 -1.9 -1.9 -1.9 -1.9 -1.9 -1.9 -1.9 -1.9 -1.9 -1.9 -1.9 -1.9 -1.9 -1.9 -1.9 -1.9 10 21.2 12.9
15.8 16.5 17.6 17.8 17.9 18.5 18.1 16.1 13.1 17.8 16.4 15 12.5 8.7 5.5 8.3 8.3 8.6 9 10.7 11.6 14.7 15.2 16.5 18.1 16.5 17.2 20 20.7 17.8 15.4 17.2 15.4 -1.9 -1.9 9.1 7.7 7.4 11.5 16 16.9 18.1 -1.9 -1.9 -1.9 -1.9 -1.9 -1.9 -1.9 -1.9 -1.9 -1.9 -1.9 -1.9 -1.9 -1.9 -1.9 0.5 -1.9 -1.9 -1.9 1.3 5.9 -1.9 -1.9 -1.9 -1.9 -1.9 -1.9 -1.9 -1.9 -1.9 -1.9 -1.9 -1.9 -1.9 -1.9 -1.9 -1.9 -1.9 13.3 21.9 18.8 8.8
9.7 9.6 15.5 16.7 17.3 17.7 17.7 14.7 13.1 17.6 17.5 15.7 12.8 9.4 7.2 5.9 6.7 7.7 9.3 10.2 11.7 11 14 14.8 16.3 17.3 18.8 21.6 21.1 20.3 18.6 18 13 -1.9 -1.9 -1.9 9.3 9.2 9.6 14.3 16.1 16.5 9.4 -1.9 -1.9 -1.9 -1.9 -1.9 -1.9 -1.9 -1.9 -1.9 -1.9 -1.9 -1.9 -1.9 -1.9 6.3 3.8 2.5 5 8.5 12 12.9 12 -1.9 -1.9 -1.9 -1.9 -1.9 -1.9 -1.9 -1.9 -1.9 -1.9 -1.9 -1.9 -1.9 -1.9 10.6 25.5 24.6 20.1 19.8
16.6 9.6 9.6 9.6 14.1 15.3 16.1 17.9 13.1 14.3 17.6 16.9 15.7 10.3 9.1 11.4 7.9 10.3 9.5 10 12 11.8 15.1 14.4 17.3 18.3 20.1 21.6 22.5 22.9 20.7 16.4 15.6 -1.9 -1.9 -1.9 -1.9 6.2 7.3 8.3 7.4 8.2 1.3 -1.9 -1.9 -1.9 -1.9 -1.9 -1.9 -1.9 -1.9 -1.9 -1.9 -1.9 -1.9 -1.9 7.6 10.2 10.1 15.1 16.6 17.8 17 21.2 17 11.5 -1.9 -1.9 -1.9 -1.9 -1.9 -1.9 -1.9 -1.9 -1.9 -1.9 -1.9 -1.9 -1.9 9.4 20.5 27.1 33.3 33.5
18.6 17.7 14.5 9.6 9.6 13.7 9.6 13.4 17.1 16.2 17.9 17.3 15.6 12.3 12.2 14.2 14.5 12.2 10.8 7.3 12.1 13.4 8 15.3 19.3 21.5 21.7 22.4 23.4 22.7 19.7 14.1 10.6 -1.9 -1.9 -1.9 -1.9 -1.9 5.3 2.2 2.2 2.2 0.1 -1.9 -1.9 -1.9 -1.9 -1.9 -1.9 -1.9 -1.9 -1.9 -1.9 -1.9 0.9 2.2 5.4 11 11.9 19.1 23 23.1 19.5 23 25.4 18.6 10.6 11.7 -1.9 -1.9 -1.9 -1.9 -1.9 -1.9 -1.9 -1.9 -1.9 -1.9 -1.9 11.5 26.9 26.8 43.1 39
15 16.4 16.1 15.7 9.6 9.6 9.6 14.1 14.7 16.2 14.3 15.6 17.5 12.4 15.3 13.4 16.9 16.6 11.7 11.8 8.1 7.3 13.1 17.7 24.7 23.4 22.5 22.4 22.7 22 19.5 16.9 6.2 -1.9 -1.9 -1.9 -1.9 -1.9 6.7 5.9 2.2 2.2 -1.9 -1.9 -1.9 -1.9 -1.9 -1.9 -1.9 -1.9 1.1 1.4 -1.9 -1.9 -0.7 2.2 4.2 9 10.9 15.4 22.3 24.1 21.7 19.1 18.4 17.4 14 10.9 -1.9 -1.9 -1.9 -1.9 -1.9 -1.9 -1.9 -1.9 -1.9 -1.9 -1.9 11.9 28.4 24.2 32.3 34
14.3 14.3 15.3 14.3 9.6 9.6 9.6 9.9 15.5 16.6 14.3 15.9 16.4 15 13.7 13.4 13.8 15.4 13.2 7.3 7.3 8.4 16.9 19.4 25.1 23.5 22.5 21.4 19.9 17.8 15.6 8.2 0.6 -1.9 -1.9 -1.9 -1.9 -1.9 2.2 6.6 5.6 -1.9 -1.9 -1.9 -1.9 -1.9 -1.9 -1.9 -1.9 8.5 10.5 12.5 12.1 5.1 3.8 9.2 9.9 14.1 15.1 21.1 25.2 27.7 24.3 26.2 25.8 24.1 19.9 23.1 19 -1.9 -1.9 -1.9 -1.9 -1.9 -1.9 -1.9 -1.9 -1.9 -1.9 6 19.7 27 29.6 36.4
14.7 15.3 15.3 9.6 9.6 9.6 10.8 9.6 15.2 16.6 14.3 17 14.7 15.9 15.6 15.1 13.1 14.8 14.4 15.4 7.3 7.9 19.7 20.7 22.3 22.2 20.5 20 18.9 15.7 9.9 10.9 7.3 -1.9 -1.9 -1.9 -1.9 5.3 2.2 1.9 -1.9 -1.9 -1.9 -1.9 -1.9 -1.9 -1.9 -1.9 7.9 11.4 15.2 19.5 15.5 15.2 16.4 16.2 13.2 13.6 19.8 24.7 26.7 33.2 32.8 33.9 34.9 32.4 30.8 32.1 34.8 20.5 5.6 3.2 -1.9 -1.9 -1.9 -1.9 -1.9 -1.9 2.2 2.9 11.4 21 27.5 33.4
9.6 9.6 9.6 9.6 9.6 9.6 14.7 12.7 14 12.9 15 18.2 17.1 16.5 18 18.3 15.5 12.4 12.9 16.5 7.3 7.3 14.3 21.1 23.3 24.1 22 20.3 18.3 17.2 9.9 -1.9 -1.9 -1.9 -1.9 -1.9 6.8 7.7 2.2 1.1 -1.9 -1.9 -1.9 -1.9 -1.9 -1.9 -1.9 -1.9 10.9 17.4 21 23 22.1 22.7 24.5 27.3 16.1 17.1 22.1 24.8 31.7 38.7 40 40.8 39 39.2 40 41.3 40.4 35.4 18.3 16.8 13.6 14.7 19.1 20.6 26.3 20.4 18.3 8.1 7.3 16 25 29.3
9.6 9.6 9.6 12.7 9.6 9.6 9.6 13.6 16.5 17.1 16.6 12.9 17.4 18.7 18 17.1 15.8 15.2 12.4 15.1 12.5 7.2 13.4 20.6 22.8 24.8 24.4 17.6 16.5 15.3 10.6 -1.9 -1.9 7.2 8 13 11.3 7.4 8.5 7.8 7.4 7.1 -1.9 -1.9 -1.5 -1.9 -1.9 5 11.9 19.7 23 27 27 28.1 33.3 32.2 21.1 21 26.8 32.9 41.7 48.2 45.3 44.1 41.6 40.1 44 47.6 46.6 37.8 24.9 21.1 28.5 34.3 35.5 31.7 36.9 38.4 24.2 22.2 15.2 9.7 18.8 26.5
9.6 9.6 9.6 13.3 9.6 9.6 9.6 10.3 17.5 16.6 18.4 14.8 15.1 14.6 13.5 13.8 14.2 14 14.7 14.8 13.3 7.2 15.2 15.4 20.9 22.5 23.5 19.6 13.9 13.5 8.6 4.8 7.9 9.2 13.5 12.6 12.7 8.2 8.7 8.9 8.9 11.2 14.9 -1.9 -1.9 -1.9 -1.9 5.2 13.3 20 27 29.3 31.9 31 34.2 31.2 29.4 32.2 32.9 48.1 48.6 49.1 47.8 46.2 49.3 52.1 49.8 54.2 51.7 48.9 39 42.3 51.8 57 43.3 44.4 49.3 48.7 42 24.9 25 18.1 13 19.5
9.6 13.5 13.2 14.2 14.2 9.6 9.6 17 19 19.3 21.3 20 15.4 16.9 13.1 12.2 10.9 12.4 11.1 11 7.2 7.2 14.2 16 18 20.5 19.4 17.6 16.7 11.6 10.9 8.1 7 5.7 10 12.3 11.7 11.6 7.8 9.2 10.1 10.9 11.2 8 1.6 0.5 1.8 10.5 15.1 21 28.3 28.5 31.6 33.7 34 32.1 39 43.2 48.4 56 58.3 59.7 59.5 60.3 59.9 63.6 71.5 75.5 76 80.2 69.4 61.7 59.8 49.9 59.1 64 66.4 67 43.9 35.8 34.5 30 26.7 20
11.7 16 15 14.7 9.7 9.6 14.6 19.3 20 20.7 20.3 20 20.7 20.5 16.2 13.1 7.2 8.1 13.2 12.4 7.2 7.2 15.7 15.9 16.8 18.7 18.2 17.4 16.1 11.6 9.3 7.9 7.4 6.2 8.4 11.6 11 9.9 8.3 8.4 9.1 11.8 10.1 9.8 7.5 2.2 8.6 13.9 16.6 19.1 29.1 31 33.4 39.6 38.2 41.4 49.8 54.2 62.1 67.2 73.6 79.6 77.7 76.9 84.5 85.7 91.9 108.4 104 93.1 79.1 66.6 63.7 66.6 72.7 79 72.4 60.1 58.2 45.5 34.8 34.2 36 28.7
9.6 9.6 12.6 13 9.6 9.6 16 18.6 19.2 20.3 21 22.5 22.4 23.6 23.7 19.7 17.8 16.3 7.2 14 7.2 7.2 7.2 7.5 13.7 16.6 18.1 17.6 16.2 13.3 12.2 10.4 3.1 3.1 3.1 11.4 10.7 10.7 11.4 8.2 9.3 9.3 10.4 12.6 8.3 7.5 12.5 16 19.3 24.9 31.5 35.6 38.3 40.7 43.5 50.8 61.4 64.5 71.2 80 89.6 94.9 100.9 100.2 105.2 114.3 123.6 124.8 113.7 98.9 79 74.2 77.4 87.9 86.5 83.7 74.8 66.9 66 57 54 36.9 33.4 31.7
9.6 15.1 9.6 13.8 13.8 9.6 9.6 17.4 18.6 19.5 20.7 22.6 24.5 25 24.3 21.5 19.2 18.6 15.2 8.9 7.2 7.2 13.8 7.2 7.2 14.1 12 16.8 18.4 14.4 11.9 7.5 3.1 3.1 3.7 10.4 12.3 14.6 16.3 10.2 8.7 9.8 11.7 13.6 11.6 11.8 16.2 19 23.9 31.1 34.5 38.5 43.3 46.9 52.8 58.5 68.3 75.9 82.4 89.3 103.9 111.4 115.2 120.6 127.5 133.1 129 128.9 118.4 102 89.9 89.5 95.6 98.1 93 85.7 78.3 89.4 86.3 77.7 67.7 58.7 34.1 31.6
9.6 9.6 9.6 9.6 15 13.1 14.9 16 17.6 18.5 19.7 20.5 23.9 24.7 24.2 23.1 19.6 19.1 15.9 8.9 7.2 7.2 7.2 7.2 7.2 7.2 9.9 14.4 15.6 15.3 13.8 10.1 3.1 3.1 6 10.1 15.7 24.8 16.1 9.6 9.8 9.1 10.6 12.2 13.3 15.9 18.9 22.2 26.9 32.8 38 43.1 48.1 52.4 59.3 67.3 81.3 92.6 103.3 113.3 113.7 121.8 126.9 139.5 138.6 135.6 133.6 126.8 116.7 110.2 105.8 107.6 108.3 100.4 98.5 93.8 87.2 102.1 99.7 94 82.9 68.2 49.2 38.1
10.4 10.7 9.6 9.6 14.7 9.6 12.8 13.4 17.4 18.3 19.3 20.2 22.3 23.9 22.9 22.2 20.1 17.9 16.6 7.2 7.2 7.2 7.2 7.2 7.2 7.2 7.2 14.2 15.2 14.7 15.5 13.6 11.3 11 14 10.7 12.1 18.4 18.2 15.5 12 11.2 12 15.8 21.7 20.9 24.2 27.3 31.5 37.3 42.7 50 57.4 63.9 78.3 84.2 95.2 109.3 125.5 138.7 147.8 154.9 150.8 134.3 136.2 137.7 131.8 121.1 120 105 109.2 117.9 111 109.7 105.7 96.2 109.4 110.9 107.5 101.3 96.3 88.7 61.3 56.7
20.6 14 18 9.6 9.6 9.6 9.6 13.8 16.9 16.6 17.9 19.2 23.5 24.4 22.7 21.9 20.6 18.1 16.1 10.1 13.4 11.2 12.3 7.2 7.2 7.2 7.2 14.3 15.7 16 13.9 11.5 10.1 12.3 15.5 13.4 11.8 20.6 27.6 20.9 20.7 13.8 15.7 20.7 25.6 28.9 30.8 35 38.6 43.8 49.9 58.4 66.3 78.4 90.7 102.8 117.5 123.9 142.8 159.4 169.7 161.8 160.7 148.2 134.7 133.9 125.2 119.1 113.5 109 119.6 119.8 122 121.4 110.5 111.3 120 119.1 112.1 112.7 111 88 69 53.2
18 18.6 17.8 18.1 16.9 9.6 9.6 10.2 18 18.1 17.9 18.7 21.9 23.2 22.7 21.9 21 17.9 15.3 13.6 11 10.8 13.3 7.2 14.2 7.2 7.2 14.5 17.7 16.5 14.3 11.9 11.5 13.7 16.1 17 23 22.9 30.7 24.7 21 19.2 21.4 21.9 26.7 31.7 37.1 41.4 44.9 49 55.9 65.6 78.6 87.8 106.1 121.6 139.9 157.2 179.1 184.2 178.3 171 165 158 148.3 134.2 127.6 117.7 111.6 110.6 113.7 120.6 128.2 123.7 121 128.6 123.9 123 121.5 117.1 107.2 92.8 90.1 76.1
21.5 16.4 17.6 19.5 18.6 17.8 16.3 9.6 9.6 16 18 19.3 21.3 23 22.8 21.9 20.7 19 16.9 14.8 13.6 12.7 12.9 8.6 14.1 15.6 12.2 18.1 16.7 15.3 16 14.2 12 16.4 16.5 18.5 23.3 26.5 31.5 25.9 23.9 22.8 26.3 27.1 28.3 33.9 41.1 46.6 51.5 54.7 63.9 77.5 89.8 101.7 118.3 137 150.3 169.6 190.7 203.5 217.6 190.9 167.7 163 160.2 142.1 135.9 123.8 114.2 113.3 113.9 119.7 126.5 123.9 134.3 140.1 134.8 125.2 129.8 122.9 111 107.8 101.8 84.2
16.7 16.7 18.1 18.8 19.1 17.5 14.5 15.3 8.3 8.8 17.7 17.8 21.4 22.5 22.9 22 20 19.4 17.1 16 14.8 13.6 12.7 14.3 16.2 17.9 22.9 24.2 18.1 16 14.6 13.2 13.3 16.9 18.4 22.7 24.3 25.8 28.6 27.4 26.3 27.2 32.1 32.2 34.4 39.6 46.7 54.5 57.9 64.2 75.4 88.9 98 113.1 131.5 147.6 165.2 182.9 196.7 218.3 222.2 218 193.5 177.5 158.8 146.9 140.1 129.2 120.8 120.9 119.6 125.4 130 136.3 135 135.8 130 131.6 133.5 126.1 126.2 110.5 100.3 90.1
16.7 18.6 21.3 20.1 20.1 17.9 15.8 17.1 16 8.3 8.3 8.3 18 20.1 22.3 22.3 21.3 18.7 16.9 16.1 15.6 14.8 15.6 12.9 16.5 18 22.2 25.7 20.6 17.9 15.8 16.6 18.4 18.2 20.3 25.8 28.4 30 30.4 31.4 31.8 35.8 37.1 39.3 42.9 47.3 54.7 60.9 65.9 73 85.8 99.4 116.2 130.7 140.3 156.6 173.3 194.6 205.5 221.9 232.2 221.9 208.9 199.8 182.2 167.3 149.7 144.2 132.8 128.6 126.6 128.9 135 142.1 143.2 141.5 143.1 148 141.8 131.3 119.9 110.7 99.2 90.4
19.2 18.9 22.6 22.5 22.3 22.1 20.7 21.1 17.8 18.8 14.4 15.4 14.8 13.3 21.3 22.9 21.9 17 12.4 15.1 16.1 15.5 15.2 15.8 19.4 20.1 21.4 25.6 20.7 19.8 19 23 19.8 19.8 21.9 26.4 30.3 35.1 36.8 38.2 40.2 41.4 44.4 47.5 49.7 53.3 61.4 67.9 73.4 83.2 94.9 111.1 127.9 142 155.5 169.3 186.5 202.8 211.9 224.6 235.5 250.8 237.9 212.3 192.2 181.5 166.1 154.3 150.2 142.4 137.9 136.5 138 143.2 144 148.2 148.9 148.4 139.2 135.4 133.2 125.4 113.2 97.1
23 20.9 22.9 22 23.2 24.1 24.2 24.5 24.4 23.8 23.5 20.8 20.3 19.3 8.8 16.5 18.7 15.7 12.4 12.2 17.4 16.4 15.8 16.9 20.5 18.7 19.9 20.2 21 20.1 20.8 25.2 22.1 23.9 25 27.3 29.4 33.1 37.4 40.6 42 44 47.5 51.3 56 59.7 66.9 74.1 83 93 103.3 117.2 133.4 147.4 167.6 182 200.9 210.6 222.8 229.9 239.4 246.4 239.4 215.2 199.8 182.2 175.9 169 161.4 162 168.9 167.5 160.8 154 156.5 159 160 153.2 155.6 147.6 138.7 125.9 108.8 94.4
