Game/Highland_Data/StreamingAssets/GeoData/Data/nf/NF97.asc
ncols 200
nrows 200
xllcorner 90000
yllcorner 870000
cellsize 50
[rows 156 to 194 of 200, columns 88 to 175 of 200]
9.9 13.2 14.1 17.4 17.5 19.4 20.4 19.7 18.5 16.2 10.7 15 19.3 13.6 11.5 11.1 13.3 18.3 15.9 14.5 17.6 12.1 12.1 20.4 25.7 32.3 36.8 37.8 30.9 29.5 36.4 47.6 67.9 81.6 76.6 75.7 76 68.7 68.7 68.7 68.7 68.7 68.7 68.7 75.2 81.8 85.8 85.1 84.8 88 90.8 89.9 85.3 83.5 86 90.4 91.3 86 79.3 74.7 69.8 74.2 73.4 71.8 53 7.6 -1.9 -1.9 -1.9 -1.9 -1.9 -1.9 -1.9 -1.9 -1.9 -1.9 -1.9 -1.9 -1.9 -1.9 -1.9 -1.9 -1.9 -1.9 -1.9 -1.9 -1.9 -1.9
9.9 12 15.6 22.8 15.5 19.8 21.9 20.3 20.1 21 12.9 5.6 13.9 20 11.2 0.6 0.6 8.7 13 12 11.9 13.5 16.2 19 20.3 27.9 34.3 37.1 29.5 39.3 47.1 51.9 63.2 75.4 73.8 69.1 68.7 68.7 68.7 68.7 68.7 68.7 68.7 69.7 80.2 82.8 85 92.1 93.9 93 91.7 85 77.6 75.6 71.7 81.4 82.5 71.9 66.3 62.5 55.2 60.2 55.8 42.7 -1.9 -1.9 -1.9 -1.9 -1.9 -1.9 -1.9 -1.9 -1.9 -1.9 -1.9 -1.9 -1.9 -1.9 -1.9 -1.9 -1.9 -1.9 -1.9 -1.9 -1.9 -1.9 -1.9 -1.9
2.2 5.8 10.9 13.1 10.5 15 23.3 16.7 15.6 14.8 8.7 4.2 0.6 7.6 6.2 0.6 0.6 0.6 0.6 11.9 9.6 13.1 15.9 17.5 17.9 26.1 29.3 31.8 45 54 67.4 66.1 69.8 70.8 68.7 68.7 68.7 68.7 68.7 68.7 68.7 68.7 69.2 76 83.2 86.5 88.5 87.2 89.5 92.5 90.5 80.7 75.1 69.3 68.7 69.4 69 58.1 56.7 52.9 44.1 36.2 -1.9 -1.9 -1.9 -1.9 -1.9 -1.9 -1.9 -1.9 -1.9 -1.9 -1.9 -1.9 -1.9 -1.9 -1.9 -1.9 -1.9 -1.9 -1.9 -1.9 -1.9 -1.9 -1.9 -1.9 -1.9 -1.9
2.2 -1.9 -1.9 -1.9 -1.9 -1.9 7.9 6.3 6.3 5.6 0.6 0.6 0.6 0.6 0.6 0.6 0.6 0.6 0.6 7.4 10.1 16.1 19.1 28.9 26.6 27.8 30.8 38.1 54.3 65.6 68.9 75.8 66.7 68.7 75.2 74.1 70.8 69.5 68.7 68.7 72.6 70.7 76.4 80.7 86.2 91.2 90.8 85.7 83.7 82.2 78 73.4 71.1 69.1 66.8 67.6 62.4 51.2 45.7 41.5 32.5 29.8 -1.9 -1.9 -1.9 -1.9 -1.9 -1.9 -1.9 -1.9 -1.9 -1.9 -1.9 -1.9 -1.9 -1.9 -1.9 -1.9 -1.9 -1.9 -1.9 -1.9 -1.9 -1.9 -1.9 -1.9 -1.9 -1.9
1.4 -1.9 -1.9 -1.9 -1.9 -1.9 -1.9 6 11.6 13.4 10.6 9 4.6 0.6 0.7 0.6 0.6 0.6 0.6 7 11.1 15.5 20.5 33.8 39 34.5 39.2 47.8 62.2 69 69.5 71.6 69.1 68.6 74.7 77 77.6 76.1 68.7 68.7 73.5 72.6 82 86 88.2 92.5 88.2 87.9 91.1 91.4 86.2 83.9 78.6 70.7 67.8 59.6 56.3 54.4 43.3 36.3 29.3 13 -1.9 -1.9 -1.9 -1.9 -1.9 -1.9 -1.9 -1.9 -1.9 -1.9 -1.9 -1.9 -1.9 -1.9 -1.9 -1.9 -1.9 -1.9 -1.9 -1.9 -1.9 -1.9 -1.9 -1.9 -1.9 -1.9
10.7 -1.9 -1.9 -1.9 -1.9 -1.9 -1.9 -1.9 11.3 15 16.1 14.1 9.1 0.6 0.6 0.6 0.6 0.6 0.6 9.4 17.8 25 36.1 44.3 42.3 43 53.1 61.3 65.7 72.1 73.5 75.5 77 78.6 79.8 80.5 80.6 75.2 68.7 68.7 68.7 68.7 73.8 81.4 87.1 92.9 96 93.8 95.6 95.5 91.4 88.5 83.3 78.2 69.5 64.8 61.8 59.6 50.2 44 49.6 29.6 -1.9 -1.9 -1.9 -1.9 -1.9 -1.9 -1.9 -1.9 -1.9 -1.9 -1.9 -1.9 -1.9 -1.9 -1.9 -1.9 -1.9 -1.9 -1.9 -1.9 -1.9 -1.9 -1.9 -1.9 -1.9 -1.9
9.9 11.7 -1.9 -1.9 -1.9 -1.9 -1.9 -1.9 9.7 15.6 14.9 2.3 0.6 0.6 0.6 0.6 0.6 0.6 8.8 18.7 29.1 41.4 50.3 42.2 46.1 60.8 73.5 80.6 81.2 77.4 80.6 82.9 84.7 89.8 82.3 82.7 82.4 78.9 76.9 68.7 68.7 72 79.5 86.8 89.9 91.6 93.1 93.7 96.3 96.4 92 88.1 82.9 78.2 75.5 65.8 63 56.9 50.1 43.9 40.8 37.8 26.5 -1.9 -1.9 -1.9 -1.9 -1.9 -1.9 -1.9 -1.9 -1.9 -1.9 -1.9 -1.9 -1.9 -1.9 -1.9 -1.9 -1.9 -1.9 -1.9 -1.9 -1.9 -1.9 -1.9 -1.9 -1.9
8.6 -1.9 -1.9 -1.9 4.9 -0.6 -1.9 -1.9 -1.9 8.1 15.2 7.7 0.6 0.6 0.6 0.6 0.6 10.7 22 28.1 37.6 47.6 49 56.3 70.8 78.7 84.7 89.3 88.7 88.4 87.1 87 86.3 88.1 84 81.1 83.7 81.9 81.1 78.6 80.6 79.5 81.8 86.9 88.9 91 91.2 95.7 97.2 96.2 92.7 89.8 79.3 72.4 71.5 67.2 60.6 55.9 49.3 43 35.6 27.1 -1.9 -1.9 -1.9 -1.9 -1.9 -1.9 -1.9 -1.9 -1.9 -1.9 -1.9 -1.9 -1.9 -1.9 -1.9 -1.9 -1.9 -1.9 -1.9 -1.9 -1.9 -1.9 -1.9 -1.9 -1.9 -1.9
-1.9 -1.9 -1.9 -1.9 -1 -0.9 -1.9 -1.9 -1.9 -1.9 -1.9 5.6 0.6 0.6 0.6 0.6 0.6 13.5 28.2 39.9 40.1 42.6 46.3 68.9 89.6 96.7 100 99.4 98.1 89.5 87.9 85.2 85.6 89.7 86.5 84.2 85.4 89.7 85.5 83.2 86.1 89.2 90.7 90.9 91.1 90.9 93 96 95.9 94.4 94.9 87.6 80.2 76.5 68.4 61.8 57.5 50.9 48.9 42.8 25.1 -1.9 -1.9 -1.9 -1.9 -1.9 -1.9 -1.9 -1.9 -1.9 -1.9 -1.9 -1.9 -1.9 -1.9 -1.9 -1.9 -1.9 -1.9 -1.9 -1.9 -1.9 -1.9 -1.9 -1.9 -1.9 -1.9 -1.9
-1.9 -1.9 -1.9 -1.9 -1.9 -1.9 -1.9 -1.9 -1.9 -1.9 -1.9 2.2 5.4 7.1 5.1 0.6 2.3 11.2 23.4 37 42.7 40.8 52.4 77 95.9 103.9 112 107.9 100.7 88.2 85.4 83.7 85 91.1 89.2 88.7 88.4 89.3 89.8 87 90.3 96.7 95.7 92.6 92.8 92.6 93.3 92.8 93.8 95.6 93 88.1 82.7 75.2 69.3 62.7 53.3 49.8 43 35.7 7.8 -1.9 -1.9 -1.9 -1.9 -1.9 -1.9 -1.9 -1.9 -1.9 -1.9 -1.9 -1.9 -1.9 -1.9 -1.9 -1.9 -1.9 -1.9 -1.9 -1.9 -1.9 -1.9 -1.9 -1.9 -1.9 -1.9 -1.9
-1.9 -1.9 -1.9 -1.9 -1.9 -1.9 -1.9 -1.9 -1.9 -1.9 -1.9 1.9 10.8 17.7 14 8.4 7.3 9.5 19.5 33.3 40.1 54.7 65.4 77.3 92.8 99.1 102.6 102.6 94.8 84.4 81.2 83.3 85.3 87.7 87.7 88.6 91.1 89.7 87.9 88.4 90.7 95.2 95.1 93.3 93 93.6 93.4 91.7 90.4 92.3 91.8 88.4 81.8 74.6 66.8 64.3 58.9 49.7 39.4 21.2 -1.9 -1.9 -1.9 -1.9 -1.9 -1.9 -1.9 -1.9 -1.9 -1.9 -1.9 -1.9 -1.9 -1.9 -1.9 -1.9 -1.9 -1.9 -1.9 -1.9 -1.9 -1.9 -1.9 -1.9 -1.9 -1.9 -1.9 -1.9
-1.9 -1.9 -1.9 -1.9 -1.9 -1.9 -1.9 -1.9 -1.9 8.2 10.1 8.3 8.1 10.9 12.8 8.8 14.6 28.8 36.5 45.5 58 71.9 82.6 90.9 100 102.7 106.5 97.9 90.1 84 77.2 77.2 82.5 84.3 85.1 83.9 87.9 88.9 89.5 90.3 95.3 93 92.7 90.3 93.1 95.9 95.8 89.7 90.1 89.6 88.5 82 77.7 70.7 67.3 63.1 52.1 41.9 31.9 -1.9 -1.9 -1.9 -1.9 -1.9 -1.9 -1.9 -1.9 -1.9 -1.9 -1.9 -1.9 -1.9 -1.9 -1.9 -1.9 -1.9 -1.9 -1.9 -1.9 -1.9 -1.9 -1.9 -1.9 -1.9 -1.9 -1.9 -1.9 -1.9
-1.9 -1.9 -1.9 -1.9 -1.9 -1.9 -1.9 -1.9 -1.9 2.2 9.2 11.8 11.6 15.6 15.9 20.3 31.3 42 46.9 61.7 76.7 82.6 89 92.8 97 102.1 99.4 91.4 89.4 85.1 78.2 80.1 78.7 80.3 81.8 80.7 82.9 86.6 91 93.3 97 94.9 93.5 89.1 90.8 91.7 91.5 87.1 89.8 87.8 81.3 80.3 75.6 67.3 63.8 53.4 -1.9 -1.9 -1.9 -1.9 -1.9 -1.9 -1.9 -1.9 -1.9 -1.9 -1.9 -1.9 -1.9 -1.9 -1.9 -1.9 -1.9 -1.9 -1.9 -1.9 -1.9 -1.9 -1.9 -1.9 -1.9 -1.9 -1.9 -1.9 -1.9 -1.9 -1.9 -1.9
-1.9 -1.9 -1.9 -1.9 -1.9 -1.9 -1.9 -1.9 4.2 9.5 16.8 22.5 21.8 21.8 23.5 30.1 39.3 45.2 56.2 70.7 85.9 92.1 93 91.2 91.9 97.8 90 90.6 83.3 81 79.3 78.5 82.9 83.3 80.9 79.8 82.7 88.8 96.2 96.6 97.1 96.3 95.9 93 89.4 90.4 89.5 87.6 86.1 85.3 84.5 74.4 71.1 70.5 63.6 45.7 -1.9 -1.9 -1.9 -1.9 -1.9 -1.9 -1.9 -1.9 -1.9 -1.9 -1.9 -1.9 -1.9 -1.9 -1.9 -1.9 -1.9 -1.9 -1.9 -1.9 -1.9 -1.9 -1.9 -1.9 -1.9 -1.9 -1.9 -1.9 -1.9 -1.9 -1.9 -1.9
-1.9 -1.9 -1.9 -1.9 -1.9 -1.9 7.7 7.8 12.5 21.1 24.4 24.9 25.4 27.8 29.8 36.6 37.9 48.5 64.3 84 99 104.4 102.7 95.4 88.7 85.6 86.1 83.9 79.3 78.9 75.8 78.3 83.4 84 86.2 85.6 87 93.6 102.5 100.9 99 100 99.1 96.8 93.2 91.6 86.7 83.5 83.7 84.4 82.3 75.2 67.8 60.4 34.4 -1.9 -1.9 -1.9 -1.9 -1.9 -1.9 -1.9 -1.9 -1.9 -1.9 -1.9 -1.9 -1.9 -1.9 -1.9 -1.9 -1.9 -1.9 -1.9 -1.9 -1.9 -1.9 -1.9 -1.9 -1.9 -1.9 -1.9 -1.9 -1.9 -1.9 -1.9 -1.9 -1.9
-1.9 -1.9 -1.9 -1.9 13.4 19.5 24.2 20.8 20.4 25.7 30.6 33.5 29.2 31 31.4 36.4 38 52.5 71.6 86.4 106 115.5 105.3 100.3 87 81.6 80.4 79.8 70.6 77 75.5 75.5 80.8 84.8 87.7 90.2 95.9 100.5 108.7 104.4 106.3 104 99.1 95.9 92.2 91.8 89.4 82.4 82.5 83.3 77.2 74.2 69.3 62 50.5 -1.9 -1.9 -1.9 -1.9 -1.9 -1.9 -1.9 -1.9 -1.9 -1.9 -1.9 -1.9 -1.9 -1.9 -1.9 -1.9 -1.9 -1.9 -1.9 -1.9 -1.9 -1.9 -1.9 -1.9 -1.9 -1.9 -1.9 -1.9 -1.9 -1.9 -1.9 -1.9 -1.9
-1.9 -1.9 -1.9 -1.9 15.4 25.2 32.1 30.7 24.5 24.5 24.5 29 28.8 34.1 34.6 39 41.6 55.3 75.4 91 103.3 110.9 107.3 86.9 86.3 81.3 70.6 70.6 70.6 70.6 70.6 73.8 80.4 87.9 92.2 98.5 102.1 105 107.2 104 100.8 99.9 98.2 98 97.4 91.1 89.6 82.2 78.2 78.8 73.8 66.4 62 55.9 47 -1.9 -1.9 -1.9 -1.9 -1.9 -1.9 -1.9 -1.9 -1.9 -1.9 -1.9 -1.9 -1.9 -1.9 -1.9 -1.9 -1.9 -1.9 -1.9 -1.9 -1.9 -1.9 -1.9 -1.9 -1.9 -1.9 -1.9 -1.9 -1.9 -1.9 -1.9 -1.9 -1.9
-1.9 -1.9 7.8 16.8 29.9 34.6 36.7 37.2 38 32.7 24.5 24.5 24.5 33.5 37.9 37.4 43.4 56.3 74.7 88.7 97.7 100.3 91.2 85.2 81.3 75.1 70.6 70.6 70.6 70.6 70.6 80.1 86 92.3 96.7 100.2 105.3 105.1 102 100.4 97.6 96.3 97.6 95.5 95.1 89.5 86.5 83.4 79.1 73.1 69.3 63.8 56.5 47.7 -1.9 -1.9 -1.9 -1.9 -1.9 -1.9 -1.9 -1.9 -1.9 -1.9 -1.9 -1.9 -1.9 -1.9 -1.9 -1.9 -1.9 -1.9 -1.9 -1.9 -1.9 -1.9 -1.9 -1.9 -1.9 -1.9 -1.9 -1.9 -1.9 -1.9 -1.9 -1.9 -1.9 -1.9
-1.9 6.2 17 28 38.3 42.7 45.7 42.9 40.2 42.4 24.5 24.5 24.5 29.5 35.2 36.2 43.5 54.9 68.1 81.5 91.5 89 86 78.8 78 73.1 70.6 71.1 70.6 71.6 71.1 81.9 92.3 97.4 100.9 99 103.7 101.2 99.3 96.2 95.4 92.8 92.1 94 91 85.6 78.2 79.4 73.3 66.2 59.6 51.9 38.6 0.6 -1.9 -1.9 -1.9 -1.9 -1.9 -1.9 -1.9 -1.9 -1.9 -1.9 -1.9 -1.9 -1.9 -1.9 -1.9 -1.9 -1.9 -1.9 -1.9 -1.9 -1.9 -1.9 -1.9 -1.9 -1.9 -1.9 -1.9 -1.9 -1.9 -1.9 -1.9 -1.9 -1.9 -1.9
19.2 23.4 32 41.1 44.5 49.2 53.1 51.9 48 35.8 24.5 24.5 24.5 32.9 34.7 35.5 45 50.9 60.2 73.9 82.4 86.5 85.4 79 80.1 77.3 74.4 72.6 70.6 70.6 78.5 85.8 94.5 103.4 101.8 97.9 98.4 98.8 94.3 90.6 87.7 86.6 87.8 85.5 86.1 71.8 66.3 63.4 50.4 44.7 40.5 31.3 -1.9 -1.9 -1.9 -1.9 -1.9 -1.9 -1.9 -1.9 -1.9 -1.9 -1.9 -1.9 -1.9 -1.9 -1.9 -1.9 -1.9 -1.9 -1.9 -1.9 -1.9 -1.9 -1.9 -1.9 -1.9 -1.9 -1.9 -1.9 -1.9 -1.9 -1.9 -1.9 -1.9 -1.9 -1.9 -1.9
31 33.3 37.6 45.2 52.3 56 59.2 57.2 53.5 34.5 24.5 24.5 24.5 33.3 35 37.6 42.5 50.7 55.8 69.3 79 85.4 85.8 82.4 77.6 78.3 77.2 71.6 70.6 75.8 76.9 86.6 97.1 104.7 104.9 98 94.9 100 94.4 85.3 82.2 80.2 77.9 79.9 73 67.4 57.1 50.1 42.9 36.7 27.8 6.5 -1.9 -1.9 -1.9 -1.9 -1.9 -1.9 -1.9 -1.9 -1.9 -1.9 -1.9 -1.9 -1.9 -1.9 -1.9 -1.9 -1.9 -1.9 -1.9 -1.9 -1.9 -1.9 -1.9 -1.9 -1.9 -1.9 -1.9 -1.9 -1.9 -1.9 -1.9 -1.9 -1.9 -1.9 -1.9 -1.9
33.5 34.9 39.1 49.2 54.8 60.5 62 60.3 54.6 32.5 29.7 24.5 24.5 33.9 41.2 45.2 45.1 46.3 56.8 70.6 82.2 89.4 90.9 87.9 84.4 84 79.8 75.3 74.7 73.2 78 88.5 97.1 103.2 103 93.6 95.7 96.4 92.7 82.3 78.8 70.1 59.8 66.4 61.2 61.7 55.9 45.8 36.3 25.1 5 -1.9 -1.9 -1.9 -1.9 -1.9 -1.9 -1.9 -1.9 -1.9 -1.9 -1.9 -1.9 -1.9 -1.9 -1.9 -1.9 -1.9 -1.9 -1.9 -1.9 -1.9 -1.9 -1.9 -1.9 -1.9 -1.9 -1.9 -1.9 -1.9 -1.9 -1.9 -1.9 -1.9 -1.9 -1.9 -1.9 -1.9
34.5 36.9 46 50.7 58.9 62.8 62.6 58.9 54 43.5 38 24.5 30.2 34.2 44.9 49.8 54.1 58 56.8 71 81.8 94.5 95.8 94 90.2 88 75.3 73.4 70.9 71.9 76.4 87.1 95.6 102.6 96.7 90.4 88.8 86.2 80.9 75.7 71.2 65 60.6 41.7 44.4 48.7 41.3 35.4 16.1 -1.9 -1.9 -1.9 -1.9 -1.9 -1.9 -1.9 -1.9 -1.9 -1.9 -1.9 -1.9 -1.9 -1.9 -1.9 -1.9 -1.9 -1.9 -1.9 -1.9 -1.9 -1.9 -1.9 -1.9 -1.9 -1.9 -1.9 -1.9 -1.9 -1.9 -1.9 -1.9 -1.9 -1.9 -1.9 -1.9 -1.9 -1.9 -1.9
36 41.5 46 49.8 60.3 64.7 64.7 56.2 42.8 38.9 35.1 24.5 24.5 34.9 43.8 50.6 55.4 62.4 62.1 69.8 78.6 92.4 101.3 101.1 92.5 86.2 71.1 72.9 69.2 70.1 75 82.3 91.2 89.3 87.8 82.2 76.5 79.7 79 71.7 62.3 53.8 46.3 39.3 34.3 35.6 22.8 13.2 -1.9 -1.9 -1.9 -1.9 -1.9 -1.9 -1.9 -1.9 -1.9 -1.9 -1.9 -1.9 -1.9 -1.9 -1.9 -1.9 -1.9 -1.9 -1.9 -1.9 -1.9 -1.9 -1.9 -1.9 -1.9 -1.9 -1.9 -1.9 -1.9 -1.9 -1.9 -1.9 -1.9 -1.9 -1.9 -1.9 -1.9 -1.9 -1.9 -1.9
40.8 43.6 48.2 56.5 62.6 67 59.8 43.6 42.5 40 37.5 30.3 29.2 33.4 43.9 47.5 51.5 58 61.4 64.7 71 77.5 83 92.6 84.9 76.6 68.9 69.1 67.1 65.6 69.9 74.1 80.9 81.8 78.7 68.2 70.9 72.8 69.8 63.5 55 43.7 42.6 34.4 26.8 24.2 23.4 -1.9 -1.9 -1.9 -1.9 -1.9 -1.9 -1.9 -1.9 -1.9 -1.9 -1.9 -1.9 -1.9 -1.9 -1.9 -1.9 -1.9 -1.9 -1.9 -1.9 -1.9 -1.9 -1.9 -1.9 -1.9 -1.9 -1.9 -1.9 -1.9 -1.9 -1.9 -1.9 -1.9 -1.9 -1.9 -1.9 -1.9 -1.9 -1.9 -1.9 -1.9
40.6 43.3 52.2 58.1 60.2 60.4 56.1 48.6 48.9 47.2 45.1 43.3 33.6 31.1 43.3 46.1 48 53.7 63 68.6 67.1 73.1 72.8 69.7 72.9 70.6 68.1 65.1 63.2 56.4 52.7 59.8 63.7 75.3 64.6 61.4 59.8 60.8 60.6 47.7 44.6 36.6 32.1 35.8 38.5 33 20.6 -1.9 -1.9 -1.9 -1.9 -1.9 -1.9 -1.9 -1.9 -1.9 -1.9 -1.9 -1.9 -1.9 -1.9 -1.9 -1.9 -1.9 -1.9 -1.9 -1.9 -1.9 -1.9 -1.9 -1.9 -1.9 -1.9 -1.9 -1.9 -1.9 -1.9 -1.9 -1.9 -1.9 -1.9 -1.9 -1.9 -1.9 -1.9 -1.9 -1.9 -1.9
38 39.8 46.4 42.8 48.5 57.2 50.6 49.8 48.6 50.4 50.9 41 27.6 34.7 40.4 42.9 43.9 49 59.7 69.5 64.8 72.5 75.3 70 59.4 51 47.6 47 53.8 52.4 42.3 44.8 46.9 53.8 49.6 53.1 52.2 46.5 40.8 35.6 30.7 40.8 44.6 44 43.3 34.7 16 -1.9 -1.9 -1.9 -1.9 -1.9 -1.9 -1.9 -1.9 -1.9 -1.9 -1.9 -1.9 -1.9 -1.9 -1.9 -1.9 -1.9 -1.9 -1.9 -1.9 -1.9 -1.9 -1.9 -1.9 -1.9 -1.9 -1.9 -1.9 -1.9 -1.9 -1.9 -1.9 -1.9 -1.9 -1.9 -1.9 -1.9 -1.9 -1.9 -1.9 -1.9
24.9 31.1 36.7 41.4 42.1 48.1 51.9 52 57.4 58.3 48.4 33.8 27.6 38 41.2 43.7 43.5 44.6 55.3 63.7 70.9 69.9 72.9 69.8 61.8 51.9 44.5 43.8 43.9 39 36.3 34.9 37.4 42.7 44.2 37.2 36.3 30.7 30.7 30.7 34.6 46.8 51.7 52 45.4 37.7 18.8 -1.9 -1.9 -1.9 -1.9 -1.9 -1.9 -1.9 -1.9 -1.9 -1.9 -1.9 -1.9 -1.9 -1.9 -1.9 -1.9 -1.9 -1.9 -1.9 -1.9 -1.9 -1.9 -1.9 -1.9 -1.9 -1.9 -1.9 -1.9 -1.9 -1.9 -1.9 -1.9 -1.9 -1.9 -1.9 -1.9 -1.9 -1.9 -1.9 -1.9 -1.9
27.1 31.3 35.5 41.3 44.5 48.5 57.3 55.1 52.5 54.8 49.5 32.3 27.6 36.3 43.2 45.3 45.4 48.2 54.2 60.2 64 70.4 74.5 71.6 60.2 55 52.6 45.1 43.6 38.6 38.6 39.9 37.5 34.6 34.7 30.7 30.7 30.7 30.7 33.6 41.4 47.4 48.1 48.6 37.4 20.8 -1.9 -1.9 -1.9 -1.9 -1.9 -1.9 -1.9 -1.9 -1.9 -1.9 -1.9 -1.9 -1.9 -1.9 -1.9 -1.9 -1.9 -1.9 -1.9 -1.9 -1.9 -1.9 -1.9 -1.9 -1.9 -1.9 -1.9 -1.9 -1.9 -1.9 -1.9 -1.9 -1.9 -1.9 -1.9 -1.9 -1.9 -1.9 -1.9 -1.9 -1.9 -1.9
19.5 23.2 31 37 43.9 49.2 50.3 49 50.7 51.3 50.8 36 27.6 40.5 42.3 41.8 47.3 52.4 56.3 62.5 68 69.4 73.9 73.1 64.3 55.4 46.3 47.9 44.5 47.3 47.6 47.8 43.5 37.9 39.8 40.2 31.8 36.9 39.1 42.7 45.9 44.1 41 31.7 26.4 -1.9 -1.9 -1.9 -1.9 -1.9 -1.9 -1.9 -1.9 -1.9 -1.9 -1.9 -1.9 -1.9 -1.9 -1.9 -1.9 -1.9 -1.9 -1.9 -1.9 -1.9 -1.9 -1.9 -1.9 -1.9 -1.9 -1.9 -1.9 -1.9 -1.9 -1.9 -1.9 -1.9 -1.9 -1.9 -1.9 -1.9 -1.9 -1.9 -1.9 -1.9 -1.9 -1.9
25.2 28.3 28.4 32.2 37.1 39.5 37.4 38.9 36.6 35.1 39.3 34 27.6 36.4 40.9 42.3 48.2 55 61.7 66.2 66.8 71 68.7 69.3 62.2 52.4 49.7 49.1 45.8 50.1 53.9 53.2 53.9 48.6 42.7 47.3 42.3 34.4 36.1 42.4 48.5 40.5 18.8 14.8 5.3 -1.9 -1.9 -1.9 -1.9 -1.9 -1.9 -1.9 -1.9 -1.9 -1.9 -1.9 -1.9 -1.9 -1.9 -1.9 -1.9 -1.9 -1.9 -1.9 -1.9 -1.9 -1.9 -1.9 -1.9 -1.9 -1.9 -1.9 -1.9 -1.9 -1.9 -1.9 -1.9 -1.9 -1.9 -1.9 -1.9 -1.9 -1.9 -1.9 -1.9 -1.9 -1.9 -1.9
27.3 33.6 31.7 34.7 37.2 42.8 41.1 36.4 33.5 27.9 24.8 29.7 27.6 33.9 39.6 45.5 47.8 53.8 63 67.1 65.9 70.5 68.4 64.4 57.9 51.6 53.2 52.1 52.9 50.2 49.9 53.6 47.9 45 38.3 36.9 40.1 33.3 27.7 23.5 13.6 -1.9 -1.9 -1.9 -1.9 -1.9 -1.9 -1.9 -1.9 -1.9 -1.9 -1.9 -1.9 -1.9 -1.9 -1.9 -1.9 -1.9 -1.9 -1.9 -1.9 -1.9 -1.9 -1.9 -1.9 -1.9 -1.9 -1.9 -1.9 -1.9 -1.9 -1.9 -1.9 -1.9 -1.9 -1.9 -1.9 -1.9 -1.9 -1.9 -1.9 -1.9 -1.9 -1.9 -1.9 -1.9 -1.9 -1.9
31.5 37.5 36.9 32.2 34.8 41.8 42.2 41.5 38.4 28.7 20.7 29.7 34.3 39.9 47.8 46.1 51.7 58.4 61.2 61.4 65.9 69.3 64.9 57 51.6 52.1 53.9 52.1 51.4 49.5 44.4 42.9 44.4 40.5 26.6 28.4 32.2 25.5 17.7 -1.9 -1.9 -1.9 -1.9 -1.9 -1.9 -1.9 -1.9 -1.9 -1.9 -1.9 -1.9 -1.9 -1.9 -1.9 -1.9 -1.9 -1.9 -1.9 -1.9 -1.9 -1.9 -1.9 -1.9 -1.9 -1.9 -1.9 -1.9 -1.9 -1.9 -1.9 -1.9 -1.9 -1.9 -1.9 -1.9 -1.9 -1.9 -1.9 -1.9 -1.9 -1.9 -1.9 -1.9 -1.9 -1.9 -1.9 -1.9 -1.9
29.8 31.4 32.4 36.8 34.4 35.9 37 33.6 35.4 33.7 26.8 25.7 34.4 41 42.7 45.1 52.7 59 65.5 62.2 65 66.9 60.4 54.5 55 53.1 52.8 49.4 50.5 45.1 40.9 40 42.7 32.7 24.1 16.1 15.7 16.1 3.1 -1.9 -1.9 -1.9 -1.9 -1.9 -1.9 -1.9 -1.9 -1.9 -1.9 -1.9 -1.9 -1.9 -1.9 -1.9 -1.9 -1.9 -1.9 -1.9 -1.9 -1.9 -1.9 -1.9 -1.9 -1.9 -1.9 -1.9 -1.9 -1.9 -1.9 -1.9 -1.9 -1.9 -1.9 -1.9 -1.9 -1.9 -1.9 -1.9 -1.9 -1.9 -1.9 -1.9 -1.9 -1.9 -1.9 -1.9 -1.9 -1.9
30.6 31 31.7 36.1 35.8 33.1 33.7 37.9 39.1 38.1 33.4 19.8 32.2 43 47.1 49.1 57.9 63.8 68.9 62.5 65.5 67.9 64.7 59.4 55.9 56.1 51.7 50.2 47 52.4 49.8 41.9 35.3 31.7 25.6 12.6 6.5 5.5 -1.9 -1.9 -1.9 -1.9 -1.9 -1.9 -1.9 -1.9 -1.9 -1.9 -1.9 -1.9 -1.9 -1.9 -1.9 -1.9 -1.9 -1.9 -1.9 -1.9 -1.9 -1.9 -1.9 -1.9 -1.9 -1.9 -1.9 -1.9 -1.9 -1.9 -1.9 -1.9 -1.9 -1.9 -1.9 -1.9 -1.9 -1.9 -1.9 -1.9 -1.9 -1.9 -1.9 -1.9 -1.9 -1.9 -1.9 -1.9 -1.9 -1.9
35.2 31.3 30.9 31.8 37.8 31.4 29 29.5 30.8 31.2 24.2 18.5 22 39 50.1 52.6 52.9 64.6 66.5 64.9 66.8 66.3 60.5 57.7 55.9 56.5 49.7 48.8 48.7 51.6 48.6 47.8 36.7 34.8 32.2 25.1 10.3 -1.9 -1.9 -1.9 -1.9 -1.9 -1.9 -1.9 -1.9 -1.9 -1.9 -1.9 -1.9 -1.9 -1.9 -1.9 -1.9 -1.9 -1.9 -1.9 -1.9 -1.9 -1.9 -1.9 -1.9 -1.9 -1.9 -1.9 -1.9 -1.9 -1.9 -1.9 -1.9 -1.9 -1.9 -1.9 -1.9 -1.9 -1.9 -1.9 -1.9 -1.9 -1.9 -1.9 -1.9 -1.9 -1.9 -1.9 -1.9 -1.9 -1.9 -1.9
21.9 22.5 24.4 26.7 29.3 31.2 29.6 23.2 22.1 27 17.2 17.7 15.5 32 49.7 47.8 50.4 58.8 59.8 61.4 65.5 63.5 56.5 59.2 61 60 54.4 52.1 55.8 49.4 43.5 41.5 39.2 35.5 35.9 28.8 -1.9 -1.9 -1.9 -1.9 -1.9 -1.9 -1.9 -1.9 -1.9 -1.9 -1.9 -1.9 -1.9 -1.9 -1.9 -1.9 -1.9 -1.9 -1.9 -1.9 -1.9 -1.9 -1.9 -1.9 -1.9 -1.9 -1.9 -1.9 -1.9 -1.9 -1.9 -1.9 -1.9 -1.9 -1.9 -1.9 -1.9 -1.9 -1.9 -1.9 -1.9 -1.9 -1.9 -1.9 -1.9 -1.9 -1.9 -1.9 -1.9 -1.9 -1.9 -1.9
15.1 16.8 16 18.9 21.5 15.3 18.8 17.6 18.5 17 19.7 13.4 11.2 19.7 35.9 51 47.8 49.5 47.2 54.6 57 52.3 55.1 58.7 59.7 56 54.1 56.5 59.5 58.2 59.3 55 45.4 30.5 34.2 23.4 -1.9 -1.9 -1.9 -1.9 -1.9 -1.9 -1.9 -1.9 -1.9 -1.9 -1.9 -1.9 -1.9 -1.9 -1.9 -1.9 -1.9 -1.9 -1.9 -1.9 -1.9 -1.9 -1.9 -1.9 -1.9 -1.9 -1.9 -1.9 -1.9 -1.9 -1.9 -1.9 -1.9 -1.9 -1.9 -1.9 -1.9 -1.9 -1.9 -1.9 -1.9 -1.9 -1.9 -1.9 -1.9 -1.9 -1.9 -1.9 -1.9 -1.9 -1.9 -1.9
10.6 11.6 15 15.5 15.3 17.3 23 19 16.9 16.3 19.2 11.2 11.2 11.2 29.5 41.6 38.6 39.6 43.2 50.5 55 53.7 64 71.2 69.3 66.1 70.7 68.3 66 64.4 65.8 55.8 44.5 27.4 24.5 13.9 -1.9 -1.9 -1.9 -1.9 -1.9 -1.9 -1.9 -1.9 -1.9 -1.9 -1.9 -1.9 -1.9 -1.9 -1.9 -1.9 -1.9 -1.9 -1.9 -1.9 -1.9 -1.9 -1.9 -1.9 -1.9 -1.9 -1.9 -1.9 -1.9 -1.9 -1.9 -1.9 -1.9 -1.9 -1.9 -1.9 -1.9 -1.9 -1.9 -1.9 -1.9 -1.9 -1.9 -1.9 -1.9 -1.9 -1.9 -1.9 -1.9 -1.9 -1.9 -1.9
