Game/Highland_Data/StreamingAssets/GeoData/Data/nf/NF98.asc
ncols 200
nrows 200
xllcorner 90000
yllcorner 880000
cellsize 50
[rows 152 to 189 of 200, columns 0 to 83 of 200]
-2.1 -2.1 -2.1 1.1 3.9 10.8 11.4 7.1 5.7 5.2 5.2 5.2 4.8 4.8 4.8 5.1 5.3 5.5 6 6.7 7.1 7.7 7 7.5 7.4 7.1 7.3 7 6.5 6 6.4 7.4 7.4 7.4 7.4 7.4 7.4 7.4 7.4 8.9 15.2 20.3 26.8 27.4 28.3 31.2 28.2 29.9 34.5 36.3 26.1 30.5 30.6 27.2 23.3 16.1 17.9 19.1 12.5 13.9 12.2 10.1 11.6 10.2 8.2 11.3 4.3 1.4 0.2 -0.9 -2.1 -2.1 -2.1 -2.1 -2.1 -2.1 -2.1 -2.1 -2.1 -2.1 -2.1 -2.1 -2.1 -2.1
-2.1 -2.1 0.1 2.2 8.3 10.7 9.5 5.6 5.2 4.7 4.8 4.8 4.7 4.7 5.5 5.1 5.9 5.7 5.6 6.5 7 7.5 7.1 7.3 7 7.3 7.1 6.8 6.3 5.7 7.4 7.4 7.4 7.4 7.4 7.4 8.7 7.4 7.8 10.4 14.6 24.5 28.5 29.2 30 29.3 31.8 28.2 29.6 35.4 33.5 19.1 24.9 23.8 22.1 18.1 14.5 17.9 15.6 12.9 10.6 10.2 10.7 9.3 8.6 12.4 3.5 0.5 -0.8 -2.1 -2.1 -2.1 -2.1 -2.1 -2.1 -2.1 -2.1 -2.1 -2.1 -2.1 -2.1 -2.1 -2.1 -2.1
-2.1 -0.7 1 5.9 11.1 10.7 6.7 5.3 4.9 4.6 4.5 4.4 4.7 4.7 5.4 5.2 5.4 5.7 5.6 6.8 6.7 6.8 7.2 7.7 7.6 7 6.6 6.7 6.1 5.4 7.4 7.4 7.4 7.4 7.4 7.4 11.4 8.8 7.5 9.5 14.9 24.5 31.5 31.1 32.6 31.9 31.9 28 26.9 30.4 31.7 17.2 21.1 20.4 19.2 18.2 15.1 13.8 13.8 8.7 13.6 10.6 10.3 8.5 7.8 11.2 2.8 0 -2.1 -2.1 -2.1 -2.1 -2.1 -2.1 -2.1 -2.1 -2.1 -2.1 -2.1 -2.1 -2.1 -2.1 -2.1 -2.1
-2.1 0.4 2.7 12.7 9.1 7.4 5.6 5.1 5 4.5 4.8 4.8 5 4.7 5 5.3 5.3 5.6 5.8 6.2 6.6 6.6 7.1 7.2 7.2 6.5 6.5 6.9 6.5 7.4 7.4 7.4 7.4 7.4 7.4 8 13.2 11.8 7.4 9.9 15.2 23.1 31.2 32.6 36.8 34.5 30.1 27.2 25.4 25.2 27.1 19.1 17.2 17.3 16.7 17.5 16.4 13.3 12.5 12.3 6.7 10.6 9.8 8.6 7.9 9.4 2.5 -0.3 -2.1 -2.1 -2.1 -2.1 -2.1 -2.1 -2.1 -2.1 -2.1 -2.1 -2.1 -2.1 -2.1 -2.1 -2.1 -2.1
-0.1 1.5 8.5 13.2 9.5 5.2 5.4 4.6 4.5 4.2 4.3 4.3 4.6 4.9 5.1 4.9 5.2 5.3 6.1 6.1 6.2 6.7 6.9 7 6.4 6.5 6.5 6.1 7.4 7.4 7.4 7.4 7.4 7.4 7.4 11 16.8 15.5 9.3 12.4 14.4 19.5 25.8 32.9 36.4 33.5 29.4 25.8 21.6 20.7 23.7 20.6 16.7 17.3 20.1 14.3 14.3 14.4 12.8 10.8 6.8 9.1 8.5 8.9 8.9 10 3 0.3 -2.1 -2.1 -2.1 -2.1 -2.1 -2.1 -2.1 -2.1 -2.1 -2.1 -2.1 -2.1 -2.1 -2.1 -2.1 -2.1
1.1 5.4 15.7 11.6 6.4 4.8 4.4 4.6 4.4 4.2 4.5 4.4 4.7 5 5.3 5.1 5.1 5.7 6 6 6.1 6.6 6.8 6.6 6.6 6.2 6.4 6.5 7.4 7.4 7.4 7.4 7.4 7.4 7.4 11.1 19.2 19.7 15.1 13.7 14.1 17.6 21.6 31.8 35.1 29.8 25 23.4 18 16.3 18.2 16 12.9 15.5 18.3 18.5 17.8 13.1 13.4 13 9.6 6.3 7.3 9.1 9.1 10.7 5.6 1 -0.7 -2.1 -2.1 -2.1 -2.1 -2.1 -2.1 -2.1 -2.1 -2.1 -2.1 -2.1 -2.1 -2.1 -2.1 -2.1
2.8 13.2 8.7 7 5 4.7 4.5 4.3 4.3 4.1 4.5 4.5 4.9 5.2 5 5.4 5.5 5.5 6 6.6 6.7 6.6 7 6.3 6.2 6.3 6 5.5 7.4 7.4 8.9 10.5 15.4 12.5 11.5 18.2 19.5 22 21.7 13.4 12.3 21.3 19.7 24.1 32.3 27.9 24.7 21.9 20.2 11.4 10.8 11.1 8.8 8.8 16.9 17.4 17.3 16.9 14.6 12.1 9.5 6.3 6.8 8.8 9.7 11.5 8.8 1.6 0 -2.1 -2.1 -2.1 -2.1 -2.1 -2.1 -2.1 -2.1 -2.1 -2.1 -2.1 -2.1 -2.1 -2.1 -2.1
6.5 14.2 7 5.4 4.5 4.6 4.6 3.9 4.2 4.1 4.7 4.5 4.8 4.9 5 5.1 5.7 6.1 6.2 6.1 6.3 6.3 7.1 6.2 6.2 6.4 5.4 7.1 10.2 10.7 15.5 17 22.8 22.3 16.1 17.8 19.1 21.8 24.1 23.3 12.1 14.2 21 24.4 32.3 23 21.3 21.5 18.1 14.8 9.1 11.3 9.3 8.1 11.3 17.7 17.8 16.9 15.8 10.8 10 10.8 5.8 7.8 5.3 10 8.3 1.7 0.2 -1.2 -2.1 -2.1 -2.1 -2.1 -2.1 -2.1 -2.1 -2.1 -2.1 -2.1 -2.1 -2.1 -2.1 -2.1
15.2 11.3 6.3 5.2 4.4 4.3 4.3 4.4 4.6 4.4 4.4 4.3 4.5 5.2 5 5.2 5.9 5.8 6 5.7 5.9 6.4 6.6 6.1 6.1 5.9 6.3 9.1 13.7 17.9 19.3 20.6 29.1 28.9 28.8 21.8 23.3 21.8 21.1 22.6 11.9 15.7 22 26.2 29.3 30.8 26.9 24.3 18.9 13.6 7.6 6.5 9.5 7.9 8 15.5 15.1 13.5 15.4 9.1 9.3 10 6.8 5.9 5.5 7.6 8.2 1.7 0.2 -1.3 -2.1 -2.1 -2.1 -2.1 -2.1 -2.1 -2.1 -2.1 -2.1 -2.1 -2.1 -2.1 -2.1 -2.1
12.3 8.2 5.1 4.3 4.5 4 4.5 4.5 4.5 4.8 4.2 4.7 4.9 5.2 5.1 6.3 6.3 5.5 5.6 5.8 6.4 6 6.1 6.1 5.8 5.7 5.7 7.7 13 20.7 24.5 26 33.2 35.3 35.4 29 21 24.4 19.7 21.2 18.5 12.8 17.8 23.8 22.8 28.8 25.9 23.5 18.2 11.5 5.9 1.4 3.2 6.1 6.3 5.9 11.2 12.6 10.2 11.2 5.5 6.5 5.3 5.8 5.5 7.2 8.5 2.4 0.2 -2.1 -2.1 -2.1 -2.1 -2.1 -2.1 -2.1 -2.1 -2.1 -2.1 -2.1 -2.1 -2.1 -2.1 -2.1
9.2 6.2 4.8 4.5 4.4 3.8 4 4 4.6 4.4 4.8 4.7 5 5 5.4 4.8 5.2 5.5 5.9 6.3 6.6 6 6.4 6.7 6 5.7 5.9 8.6 14.3 20.7 26.8 31 38.5 40.9 42.3 35.5 27.6 24.5 18.3 19.9 18.7 13.1 13.5 17.1 17.5 20.3 22.2 18.8 13.1 5.4 1.3 0.4 1 2.3 4.9 4 3.9 9.6 10.2 10 8.6 3.6 3.6 5 10 5.1 8.9 4.3 0.2 -2.1 -2.1 -2.1 -2.1 -2.1 -2.1 -2.1 -2.1 -2.1 -2.1 -2.1 -2.1 -2.1 -2.1 -2.1
7.1 5 4.7 4.6 4 4.2 4 4.5 4.5 4.5 4.3 4.4 4.6 4.5 4.8 4.8 5 5.5 6.1 6 6.4 6 6.7 7 7.2 6.6 6.8 10.7 15.5 22.3 26.6 32.9 39.7 46.6 47.4 42.4 34.8 24.6 22.2 15.9 15.9 13.6 9.1 8.7 13.4 11.7 16.2 14.9 4.6 -2.1 -2.1 -2.1 -2.1 0.2 1.6 2.8 3.3 4.2 8.5 9.6 11.3 3.6 3.6 4.1 6.6 5.7 8.6 6.6 0.5 -1 -2.1 -2.1 -2.1 -2.1 -2.1 -2.1 -2.1 -2.1 -2.1 -2.1 -2.1 -2.1 -2.1 -2.1
5.3 3.9 4.6 4.6 4.3 4.2 4.3 4.3 4.9 4.2 5 5 5 4.9 4.9 5 5 5.2 6.2 6.4 5.8 5.7 5.8 6.7 7.5 7.5 7.6 12.1 17 23.1 28.3 33.4 41.7 47.1 47.5 46.5 37.7 29.6 19.6 16.7 14.4 11.3 10.1 7.1 4.3 5.8 6.7 7.2 4.5 -2.1 -2.1 -2.1 -2.1 -2.1 1.1 2 1.9 3.4 6.6 8.1 10.9 10.1 3.8 3.6 4.8 4.5 7.1 5.9 1.1 -0.4 -2.1 -2.1 -2.1 -2.1 -2.1 -2.1 -2.1 -2.1 -2.1 -2.1 -2.1 -2.1 -2.1 -2.1
5.5 4.1 4.5 3.9 4.3 4.2 4.3 4.6 4.2 4.2 4.2 4.4 4.2 4.3 4.6 5 5 5.2 6 6 6.3 5.8 5.9 5.3 7.5 7.5 7.6 14.3 20.2 24.9 30.1 37.9 43 46.5 46.9 45.3 40.9 27.6 21.8 14.4 12 9.9 1.8 -2.1 3 1.7 -2.1 1.6 1 -2.1 -2.1 -2.1 -2.1 -2.1 -2.1 1.4 1.9 1.9 1.9 6 10.1 16.3 8 3.8 4.3 4.9 5.5 5.3 1.3 -0.2 -2.1 -2.1 -2.1 -2.1 -2.1 -2.1 -2.1 -2.1 -2.1 -2.1 -2.1 -2.1 -2.1 -2.1
4.8 5 4 4.1 3.9 3.8 4.1 4.6 4.6 4.2 4.4 4.3 4.2 4.3 4.6 4.8 5.8 7.4 5.8 6.1 6.2 5.8 5.7 6.8 7.5 7.5 8.3 15 19.5 26.6 33.2 40.7 47.6 49.5 48.7 46.6 41.2 32.1 22.5 12.7 7.4 7.4 2.4 -2.1 -2.1 -2.1 -2.1 -2.1 -2.1 -2.1 -2.1 -2.1 -2.1 -2.1 -2.1 -2.1 0.8 1.9 1.9 1.9 14.3 19.7 12.6 6.6 4.6 4.3 4.8 5.1 1.5 0 -2.1 -2.1 -2.1 -2.1 -2.1 -2.1 -2.1 -2.1 -2.1 -2.1 -2.1 -2.1 -2.1 -2.1
4.9 4.5 4 4.2 4.4 4.1 4.2 4.5 4.4 4.5 4.2 4.2 4.2 4.7 4.5 6.2 7.8 9.8 9 6.2 6.1 5.9 5.7 5.7 6.5 5.4 7.7 12.6 22 30.5 36.9 45.8 55 57.2 55.5 49.2 42.6 30.9 21.8 12.3 6.1 1.3 1 -2.1 -2.1 -2.1 -2.1 -2.1 -2.1 -2.1 -2.1 -2.1 -2.1 -2.1 -2.1 -2.1 -2.1 0.7 2.3 3.9 10.6 17.2 15.8 9.1 5.3 5.8 7.2 5 1.6 -0.1 -2.1 -2.1 -2.1 -2.1 -2.1 -2.1 -2.1 -2.1 -2.1 -2.1 -2.1 -2.1 -2.1 -2.1
4.8 4.5 4.2 4.4 4.3 4.3 4.4 4.4 4.2 4 4.4 4.6 4.5 4.6 5.5 6.7 7.8 7.7 8.2 7.3 6.3 6.4 6.2 5.1 6.7 7.3 8.9 15 22.3 33.4 42.2 52.6 59.3 61.4 57.6 51.8 43.6 34.7 28 18.2 10.8 1.8 -2.1 -2.1 -2.1 -2.1 -2.1 -2.1 -2.1 -2.1 -2.1 -2.1 -2.1 -2.1 -2.1 -2.1 -2.1 -2.1 4.7 7.9 7.8 10.6 13 9.8 7.7 5.9 7 5.2 1.7 -0.5 -2.1 -2.1 -2.1 -2.1 -2.1 -2.1 -2.1 -2.1 -2.1 -2.1 -2.1 -2.1 -2.1 -2.1
4.4 4.8 4 4.1 4.4 3.9 4.3 4.2 4.2 4.3 4.2 4.3 4.4 4.5 6.1 6.5 7.6 7.7 6.6 7 6.8 6.4 5.9 5.9 7.8 9.3 10.9 13.2 23.5 35.1 47 60 65.4 65 62.4 55.6 47.2 37 31.4 21.5 12.3 5.6 -2.1 -2.1 -2.1 -2.1 -2.1 -2.1 -2.1 -2.1 -2.1 -2.1 -2.1 -2.1 -2.1 -2.1 -2.1 -2.1 -2.1 8.8 8.6 7.8 8.7 6.6 7.4 6.9 7.1 5.6 0.9 -2.1 -2.1 -2.1 -2.1 -2.1 -2.1 -2.1 -2.1 -2.1 -2.1 -2.1 -2.1 -2.1 -2.1 -2.1
4.8 4.4 4.3 3.9 4.1 3.9 4.4 4.5 4.2 4.2 4.1 4.2 4.3 4.4 4.9 6.4 8.6 7.5 6.3 6.5 6.3 6.2 5.1 6 8.5 11 14 15.6 24.4 36.9 49 60.1 72 76.1 70.2 63 55 44 31.9 21 14 7.4 -2.1 -2.1 -2.1 -2.1 -2.1 -2.1 -2.1 -2.1 -2.1 -2.1 -2.1 -2.1 -2.1 -2.1 -2.1 -2.1 -2.1 -2.1 7.8 8.6 5.4 4.8 5.5 8.1 4.5 1.5 0 -2.1 -2.1 -2.1 -2.1 -2.1 -2.1 -2.1 -2.1 -2.1 -2.1 -2.1 -2.1 -2.1 -2.1 -2.1
4.4 3.8 4.5 4 3.8 3.8 3.9 4.6 4.1 4 4 4.1 4.2 4.3 4.5 5.8 7 5.9 6 6.1 5.7 5.7 4.4 6.3 7.7 12.2 16.1 16.2 24.2 36.9 47.1 65.8 77.4 82.1 77.8 71.5 61.1 50.2 37.4 25.7 18.1 10 6.2 -2.1 -2.1 -2.1 -2.1 -2.1 -2.1 -2.1 -2.1 -2.1 -2.1 -2.1 -2.1 -2.1 -2.1 -2.1 -2.1 -2.1 -2.1 7.4 7.8 4.6 5.1 2.8 1.2 -0.2 -2.1 -2.1 -2.1 -2.1 -2.1 -2.1 -2.1 -2.1 -2.1 -2.1 -2.1 -2.1 -2.1 -2.1 -2.1 -2.1
4.3 4.5 3.9 4.2 4.6 4.4 3.8 4.2 3.9 3.9 3.9 4 4.1 4.1 4.3 5 4.8 5.9 7.1 5.5 5.4 4.4 5.2 6.3 9 11.7 16.6 21 24.6 36.1 47.8 58.2 79.1 83.6 82.2 74.4 64.8 55.3 42.7 29.7 21.5 11.1 8 -2.1 -2.1 -2.1 -2.1 -2.1 -2.1 -2.1 -2.1 -2.1 -2.1 -2.1 -2.1 -2.1 -2.1 -2.1 -2.1 -2.1 -2.1 -2.1 3.9 3.5 1.1 0.4 -2.1 -2.1 -2.1 -2.1 -2.1 -2.1 -2.1 -2.1 -2.1 -2.1 -2.1 -2.1 -2.1 -2.1 -2.1 -2.1 -2.1 -2.1
4.4 3.8 4.2 4.2 4.3 4.2 4 4.1 3.8 3.7 3.9 3.9 3.9 4 4.1 4.6 4.6 4.8 5.4 4.8 3.3 5.8 5.6 6.9 10.2 13.3 19 22.2 26.8 32.8 45.8 56.8 66 79.2 78.8 74.4 66.7 58.3 47.3 38.3 26.7 15.8 9.3 4.9 -2.1 -2.1 -2.1 -2.1 -2.1 -2.1 -2.1 -2.1 -2.1 -2.1 -2.1 -2.1 -2.1 -2.1 -2.1 -2.1 -2.1 -2.1 -2.1 -2.1 -2.1 -1.4 -2.1 -2.1 -2.1 -2.1 -2.1 -2.1 -2.1 -2.1 -2.1 -2.1 -2.1 -2.1 -2.1 -2.1 -2.1 -2.1 -2.1 -2.1
3.8 4.4 3.9 4.1 4.3 4 3.8 3.9 3.7 3.6 3.8 4 3.8 3.8 4 4.3 4.4 4.2 4.6 3.8 4.3 5.7 6.5 8.4 12.5 14.4 20.4 27.6 26.3 31 37.3 49.1 59.4 67.3 73.6 69.3 62.7 54.1 49.3 40.2 31.9 21.4 13.4 7 -2.1 -2.1 -2.1 -2.1 -2.1 -2.1 -2.1 -2.1 -2.1 -2.1 -2.1 -2.1 -2.1 -2.1 -2.1 -2.1 -2.1 -2.1 -2.1 -2.1 -2.1 -2.1 -2.1 -2.1 -2.1 -2.1 -2.1 -2.1 -2.1 -2.1 -2.1 -2.1 -2.1 -2.1 -2.1 -2.1 -2.1 -2.1 -2.1 -2.1
4.1 4.2 4.1 3.8 4.3 4.2 3.6 3.6 3.6 3.4 3.6 3.8 4 3.8 3.9 4.2 4.1 4 4.3 4.2 4.2 5.8 6.8 10.8 14.3 16.3 18.9 27.3 28.2 28.7 32.6 38.2 46.3 55.8 59.6 61 59.2 52.5 48 39.9 32.1 24.4 17.4 11.2 -2.1 -2.1 -2.1 -2.1 -2.1 -2.1 -2.1 -2.1 -2.1 -2.1 -2.1 -2.1 -2.1 -2.1 -2.1 -2.1 -2.1 -2.1 -2.1 -2.1 -2.1 -2.1 -2.1 -2.1 -2.1 -2.1 -2.1 -2.1 -2.1 -2.1 -2.1 -2.1 -2.1 -2.1 -2.1 -2.1 -2.1 -2.1 -2.1 -2.1
4 3.7 4.5 3.8 3.7 3.9 3.9 3.5 3.4 3.3 3.5 3.7 3.9 3.9 3.8 4 4.2 4.5 4.3 3.3 3.8 7.6 11.5 12.4 14.6 17.1 19.2 23.6 24.9 26.4 27.2 31.6 36.2 42.2 48.1 51.1 50.3 48.3 44.3 37.1 31.1 24.1 17 12.3 6.5 -2.1 -2.1 -2.1 -2.1 -2.1 -2.1 -2.1 -2.1 -2.1 -2.1 -2.1 -2.1 -2.1 -2.1 -2.1 -2.1 -2.1 -2.1 -2.1 -2.1 -2.1 -2.1 -2.1 -2.1 -2.1 -2.1 -2.1 -2.1 -2.1 -2.1 -2.1 -2.1 -2.1 -2.1 -2.1 -2.1 -2.1 -2.1 -2.1
3.9 4.1 4 4.2 3.8 3.8 3.8 3.7 3.4 3.3 3.7 3.6 3.4 3.6 3.6 3.9 4.1 4 3.8 3.6 4 8.3 13.2 15.1 17.2 19.1 18.7 20.9 21.8 23.2 25.7 26.7 28.9 31.9 36.2 39.3 41.5 40 37.8 32.9 29.4 23.6 17.6 11.1 -2.1 -2.1 -2.1 -2.1 -2.1 -2.1 -2.1 -2.1 -2.1 -2.1 -2.1 -2.1 -2.1 -2.1 -2.1 -2.1 -2.1 -2.1 -2.1 -2.1 -2.1 -2.1 -2.1 -2.1 -2.1 -2.1 -2.1 -2.1 -2.1 -2.1 -2.1 -2.1 -2.1 -2.1 -2.1 -2.1 -2.1 -2.1 -2.1 -2.1
4.4 4.4 4.3 4.1 3.8 3.6 3.5 3.5 3.4 3.6 3.7 2.6 3.6 3.7 3.5 3.6 3.6 3.6 2.5 3.6 8.6 10.8 11.9 14.3 18.1 21.9 21.9 20.8 20.5 20.2 21.4 22.7 24.5 25.5 27.8 29.5 32.3 33.2 30.8 29.3 27.5 21.7 13.5 9.3 5.7 -2.1 3.4 -2.1 -2.1 -2.1 -2.1 -2.1 -2.1 -2.1 -2.1 -2.1 -2.1 -2.1 -2.1 -2.1 -2.1 -2.1 -2.1 -2.1 -2.1 -2.1 -2.1 -2.1 -2.1 -2.1 -2.1 -2.1 -2.1 -2.1 -2.1 -2.1 -2.1 -2.1 -2.1 -2.1 -2.1 -2.1 -2.1 -2.1
4 3.9 4.3 4.1 3.8 3.7 3.9 3.7 3.5 3.8 3.7 3.2 3.8 3.6 3.3 3 3.3 2.9 3.2 5.8 10.4 12.3 14.5 14.8 16.5 20.9 27.8 23.4 20.9 19.1 17.6 18.2 19 20 22.5 23.5 24.6 25.5 24.9 22.3 22.8 17.7 11.9 9.1 5.3 6.6 5.1 -2.1 -2.1 -2.1 -2.1 -2.1 -2.1 -2.1 -2.1 -2.1 -2.1 -2.1 -2.1 -2.1 -2.1 -2.1 -2.1 -2.1 -2.1 -2.1 -2.1 -2.1 -2.1 -2.1 -2.1 -2.1 -2.1 -2.1 -2.1 -2.1 -2.1 -2.1 -2.1 -2.1 -2.1 -2.1 -2.1 -2.1
3.9 4 4.3 4 3.8 3.9 3.9 3.7 3.6 3.5 3.5 3.4 3.2 2.8 3 3.1 2.6 2 3.1 7.9 12 16.1 17.8 21.8 23.1 26.8 29.4 27.5 22.6 20.4 17.5 14.1 15.5 16 17.2 16.9 16.9 17.9 18.2 18.9 17.7 12.9 11.9 7 5 4.3 4.3 -2.1 -2.1 -2.1 -2.1 -2.1 -2.1 -2.1 -2.1 -2.1 -2.1 -2.1 -2.1 -2.1 -2.1 -2.1 -2.1 -2.1 -2.1 -2.1 -2.1 -2.1 -2.1 -2.1 -2.1 -2.1 -2.1 -2.1 -2.1 -2.1 -2.1 -2.1 -2.1 -2.1 -2.1 -2.1 -2.1 -2.1
3.8 4 4.2 4 3.6 3.8 3.7 3.6 3.6 3.1 3 2.9 2.7 2.7 2.8 2.9 2.6 2 3.2 8.1 20 23.3 24.1 27.1 31.6 31.2 29.7 27.7 27.4 22.9 19.3 13.6 10.9 10.1 12.2 11 11.4 12.4 12.3 13.2 11.3 9.7 10.7 6.3 2.2 1.7 1.3 2.3 -2.1 -2.1 -2.1 -2.1 -2.1 -2.1 -2.1 -2.1 -2.1 -2.1 -2.1 -2.1 -2.1 -2.1 -2.1 -2.1 -2.1 -2.1 -2.1 -2.1 -2.1 -2.1 -2.1 -2.1 -2.1 -2.1 -2.1 -2.1 -2.1 -2.1 -2.1 -2.1 -2.1 -2.1 -2.1 -2.1
4.4 4.1 4.1 3.8 3.6 3.6 3.6 3.5 3.3 2.8 2.5 2.4 2.3 2.1 2 2.4 2.7 2.1 6 12.4 22.3 28.9 28.1 33 34 31.8 29.7 29.3 30.3 28.4 22.3 17.1 9.5 7.9 7.5 8.3 6.7 6 8.1 8.6 8.9 9 7.6 3.7 1.7 1.9 1.9 3.2 2.7 -2.1 -2.1 -2.1 -2.1 -2.1 -2.1 -2.1 -2.1 -2.1 -2.1 -2.1 -2.1 -2.1 -2.1 -2.1 -2.1 -2.1 -2.1 -2.1 -2.1 -2.1 -2.1 -2.1 -2.1 -2.1 -2.1 -2.1 -2.1 -2.1 -2.1 -2.1 -2.1 -2.1 -2.1 -2.1
4.4 4.3 4 3.4 3.4 3.4 3.5 3 2.6 2.3 2.1 2.1 2 1.8 2.3 2.5 2.1 2.2 11.3 18.3 24.5 29.4 30.2 33.4 35.9 33 31 30 32 31.6 26.8 18.5 12.3 6.6 5.9 8.2 4.3 1.4 1.9 2 5.1 1.9 1.4 1.6 1.9 1.9 1.6 1.8 1.2 -2.1 -2.1 -2.1 -2.1 -2.1 -2.1 -2.1 -2.1 -2.1 -2.1 -2.1 -2.1 -2.1 -2.1 -2.1 -2.1 -2.1 -2.1 -2.1 -2.1 -2.1 -2.1 -2.1 -2.1 -2.1 -2.1 -2.1 -2.1 -2.1 -2.1 -2.1 -2.1 -2.1 -2.1 -2.1
4.4 4 3.6 3.5 3.3 3.3 3.1 2.7 2.3 2.1 1.9 1.9 1.9 1.9 1.9 2 1.8 2.5 13.1 23 27.5 31.1 32 33.9 35.1 35.4 34.7 32 34.4 33.3 28.9 22.8 15.2 8.8 5 1.3 4.4 1.9 0.7 -0.1 -2.1 -2.1 -2.1 -2.1 0.4 -0.2 0.1 0.9 0.6 -0.7 -2.1 -2.1 -2.1 -2.1 -2.1 -2.1 -2.1 -2.1 -2.1 -2.1 -2.1 -2.1 -2.1 -2.1 -2.1 -2.1 -2.1 -2.1 -2.1 -2.1 -2.1 -2.1 -2.1 -2.1 -2.1 -2.1 -2.1 -2.1 -2.1 -2.1 -2.1 -2.1 -2.1 -2.1
4.3 3.9 3.5 3.7 3.5 2.9 2.3 2.5 2.1 1.9 1.9 1.9 1.9 1.9 1.9 1.9 1.9 5.9 14.4 22.5 27.3 31.9 33.6 34.3 36.2 37.1 35.5 33.7 35 36.4 31.3 25.8 17.8 9.4 4.7 3.8 1.9 1.6 -0.5 -2.1 -2.1 -2.1 -2.1 -2.1 -2.1 -2.1 -0.8 -0.1 -0.8 -2.1 -2.1 -2.1 -2.1 -2.1 -2.1 -2.1 -2.1 -2.1 -2.1 -2.1 -2.1 -2.1 -2.1 -2.1 -2.1 -2.1 -2.1 -2.1 -2.1 -2.1 -2.1 -2.1 -2.1 -2.1 -2.1 -2.1 -2.1 -2.1 -2.1 -2.1 -2.1 -2.1 -2.1 -2.1
4.1 3.8 3.5 4 3.2 2.9 2.7 1.9 1.9 1.9 1.9 1.9 1.9 1.9 1.9 1.9 1.9 1.9 8.7 15.9 25.6 31.6 32.9 35 36.5 38 37.2 35 35.9 35.7 33.6 28.5 23.3 12.9 1.3 1.8 1.2 -2.1 -2.1 -2.1 -2.1 -2.1 -2.1 -2.1 -2.1 -2.1 -1.8 -1.1 -2.1 -0.2 0.4 -2.1 -2.1 -2.1 -2.1 -2.1 -2.1 -2.1 -2.1 -2.1 -2.1 -2.1 -2.1 -2.1 -2.1 -2.1 -2.1 -2.1 -2.1 -2.1 -2.1 -2.1 -2.1 -2.1 -2.1 -2.1 -2.1 -2.1 -2.1 -2.1 -2.1 -2.1 -2.1 -2.1
4 3.7 3.4 3.8 2.6 2.1 1.8 1.9 1.9 1.9 1.9 1.9 1.9 1.9 1.9 1.9 1.9 1.9 1.9 11.3 22.1 27 29.9 33.1 36.4 38.1 37.4 36.7 37.1 34.2 31.4 28.1 23.4 17.8 5.4 1.9 0.4 -2.1 -2.1 -2.1 -2.1 -2.1 -2.1 -2.1 -2.1 -2.1 -2.1 -2.1 -0.8 0.6 1.8 -2.1 -2.1 -2.1 -2.1 -2.1 -2.1 -2.1 -2.1 -2.1 -2.1 -2.1 -2.1 -2.1 -2.1 -2.1 -2.1 -2.1 -2.1 -2.1 -2.1 -2.1 -2.1 -2.1 -2.1 -2.1 -2.1 -2.1 -2.1 -2.1 -2.1 -2.1 -2.1 -2.1
4 3.5 4 3.5 2.7 1.8 1.9 1.9 1.9 1.9 1.9 1.9 1.9 1.9 1.9 1.9 1.9 1.9 1.9 5.3 13.9 21.8 26.1 28 35 37.8 36 35.3 36.2 33.4 29.1 25.5 21.4 16 9.4 1.6 -2.1 -2.1 -2.1 -2.1 -2.1 -2.1 -2.1 -2.1 -2.1 -2.1 -2.1 -2.1 -2.1 -1.7 -2.1 -2.1 -2.1 -2.1 -2.1 -2.1 -2.1 -2.1 -2.1 -2.1 -2.1 -2.1 -2.1 -2.1 -2.1 -2.1 -2.1 -2.1 -2.1 -2.1 -2.1 -2.1 -2.1 -2.1 -2.1 -2.1 -2.1 -2.1 -2.1 -2.1 -2.1 -2.1 -2.1 -2.1
3.8 4 3.6 3 2.4 1.9 1.9 1.9 1.9 1.9 1.9 1.9 1.9 1.9 1.9 1.9 1.9 1.9 1.9 1.9 5.9 15 20.6 24.9 30.8 36.1 34.1 32.2 31.6 28.8 26.6 23.2 18.3 11.7 6.6 3.9 -2.1 -2.1 -2.1 -2.1 -2.1 -2.1 -2.1 -2.1 -2.1 -2.1 -2.1 -2.1 -2.1 -2.1 -2.1 -2.1 -2.1 -2.1 -2.1 -2.1 -2.1 -2.1 -2.1 -2.1 -2.1 -2.1 -2.1 -2.1 -2.1 -2.1 -2.1 -2.1 -2.1 -2.1 -2.1 -2.1 -2.1 -2.1 -2.1 -2.1 -2.1 -1.1 -0.9 -2.1 -2.1 -2.1 -2.1 -2.1
