Assets/StreamingAssets/GeoData/Data/tq/TQ05.asc
ncols 200
nrows 200
xllcorner 500000
yllcorner 150000
cellsize 50
[rows 0 to 37 of 200, columns 0 to 85 of 200]
31.9 32.6 33.2 33.8 33.8 34.1 35 35.9 36.4 36.6 36.6 36.6 36.3 35.5 35.2 35.2 35.2 35.1 34.6 34.5 34.1 33.5 32.7 32 31.4 31.4 31.4 31.4 31.4 31.3 31.2 31.1 30.9 30.7 30.5 30 29.8 30.3 30.8 28.9 28.3 27.7 27.1 27.1 27.2 27.8 28.5 28.3 28.1 28.2 31.7 31.9 32 31.9 31.2 30.6 30.8 31.2 31.7 32.2 33.4 34.7 35.4 36 36.6 36.7 36.5 36.4 36.2 36.1 35.9 35.7 35.5 35 34.2 33.4 33 32.9 32.8 32.6 32 31.5 30.7 29.6 28.4 26.9
33 33.6 34.4 35.3 35.4 35.5 36.6 37.1 37 36.6 36.7 36.6 36.5 35.7 35.2 34.9 34.8 34.5 34.1 33.4 32.9 32.4 31.9 31.4 31.2 31.2 31.2 31.1 31.1 31 31.3 31.2 31 30.8 30.6 30.3 30 30.1 30.3 29.8 29.3 28 27.6 27.6 27.6 27.8 28.7 28.9 28.1 31.6 32.3 32.5 32.5 32.3 32 31.8 32.3 32.8 33.4 33.9 34.6 34.8 35.3 35.9 36.4 36.6 36.7 36.7 36.6 36.4 36.2 36 35.6 35.1 34.5 33.9 33.8 33.6 33.3 33.1 32.3 31.7 30.8 29.6 28.2 26.7
34.1 35 36 36.9 36.9 36.8 37.5 37.7 36.8 36.6 36.5 35.7 35.4 34.8 34.1 33.6 33.1 32.9 32.7 32.1 31.8 31.3 30.8 30.8 30.9 30.8 30.8 30.8 30.8 30.6 30.5 31.1 30.9 30.7 30.4 30.6 30.3 30.4 30.4 30.6 30.2 28.7 28 27.7 27.5 27.7 27.9 31.5 30.5 31.6 32.5 33.3 33.2 33.8 33.9 33.6 34.2 34.8 35.3 35.6 35.4 35.7 35.8 35.9 36.2 36.4 36.7 36.7 36.7 36.7 36.6 36.3 35.8 35.3 34.8 34.6 34.5 34.3 33.9 33.5 32.8 32 30.8 29.6 28.1 26.7
35.8 36.7 37.7 38.4 38.2 38.1 38 37.4 36.3 35.3 34.4 33.7 33.3 32.9 32.4 31.8 31.5 31.3 31.1 30.8 30.6 30.2 30.3 30.4 30.5 30.5 30.5 30.5 30.5 30.2 30.1 30.5 30.9 30.6 30.3 30.4 30.7 30.7 30.9 30.8 30.1 28.5 27.9 27.6 27.4 27.3 30.5 29.7 30.9 32.1 33 34.4 35.1 35.5 35.8 35.4 36.1 36.7 37.2 36.8 36.5 36.6 36.7 36.6 36.4 36.6 36.9 36.9 36.9 36.9 36.8 36.5 36 35.5 35.3 35.3 35.3 35 34.5 34 33.1 32.3 31.1 29.3 27.7 26.2
37.6 38.7 38.9 38.5 38.2 36.8 36.4 35.4 34.2 33.2 32.3 31.7 31.3 30.9 30.6 30.4 30.2 30 29.8 29.7 29.8 29.8 29.9 30 30.1 30.2 30.2 30.2 30.1 29.8 29.9 30.3 30.7 30.5 30.2 30 30.3 30.4 30.3 30 29.1 28.3 28.6 28.6 31.5 28.1 29.3 29.8 31.2 32.6 34.3 35.8 37 37.6 37.6 37.3 37.8 38.4 38.3 37.9 37.6 37.3 37.3 37.3 37 36.9 37.1 37.1 37.1 37.1 37.1 36.7 36.3 36 36 36 35.6 35.4 35 34.5 33.6 32.3 30.7 28.8 27.2 25.7
38.6 39.1 38.2 37.6 36.5 34.9 34.2 33.1 32.3 31.7 31 30.5 30.5 30.4 30.2 29.9 29.6 29.6 29.7 29.7 29.7 29.7 29.6 29.5 29.6 29.7 29.8 29.8 29.8 29.5 29.3 29.4 29.8 29.7 29.4 29.5 29.5 29.6 29.5 29.3 28.7 28.2 29.5 30.9 28.1 28.2 29.1 30 31.5 33.4 34.8 36.1 37.2 38.7 38.7 38.7 38.9 39.2 39 38.6 38.2 37.9 37.9 37.9 37.6 37.4 37.3 37.4 37.4 37.4 37.4 37.2 36.8 36.6 36.5 36.1 35.7 35.4 35.2 34.6 33.1 31.7 30 28.3 26.7 25.2
38.8 37.6 36.5 35.3 34.4 32.8 31.9 31.4 31.1 30.6 30.4 30.2 30.1 30 29.7 29.6 29.6 29.7 29.7 29.6 29.6 29.6 29.5 29.3 29.1 29.3 29.4 29.5 29.5 29.3 29.1 28.8 28.9 28.9 28.9 29.1 29.2 29 28.7 28.5 28.3 32.4 28.5 28.9 28.3 28.5 29.3 30.4 31.6 33.3 34 35.1 36.5 38 38.6 39.2 39.9 39.9 39.7 39.2 38.9 38.4 38.6 38.5 38.2 38 37.6 37.6 37.6 37.6 37.6 37.5 37.3 37 36.6 36.2 35.8 35.5 35.3 34.6 33.3 31.5 29.5 28 26.5 25.2
37.8 35.8 34.5 33.1 32.2 31.2 30.6 30.4 30.1 30.1 30.1 29.9 29.8 29.7 29.7 29.7 29.6 29.6 29.6 29.6 29.6 29.5 29.3 28.8 28.8 29 29.1 29.3 29.3 29.1 28.9 28.6 28.3 28.3 28.5 28.6 28.8 28.8 28.3 28.1 32.3 28.9 28.9 28.6 28.4 28.3 29.2 31.1 32.8 33.2 32.6 33.5 35.1 36.9 37.4 39.4 40.3 40.6 40.4 39.9 39.5 38.9 39.2 39.1 38.7 38.2 38 38 37.9 37.9 37.9 37.8 37.7 37.2 36.8 36.4 36 35.6 35.3 34.4 33.4 31.4 29.8 28.2 27 25.5
36.1 34 32.8 31.6 30.8 30.5 30.3 30 29.9 29.8 29.8 29.8 29.8 29.8 29.8 29.8 29.6 29.6 29.6 29.6 29.5 29.6 29.6 29.1 29.2 29.3 29.4 29.6 29.3 29 28.7 28.5 28 28.6 28.7 28.8 28.8 28.6 32.4 28.8 28.9 28.9 28.8 28.7 28.6 28.5 28.9 30.7 33.5 32.6 31.3 31.8 33.6 35.3 36.4 38.9 40.6 41.3 41.2 40.6 40.1 39.6 39.6 39.6 39.3 39 38.9 38.8 38.7 38.5 38.4 38.2 38.1 37.8 37.4 37 36.8 36.4 35.7 34.8 33.8 31.9 30.5 29.4 28.4 26.7
34.5 32.6 31.7 31.2 30.7 30.5 30.3 30.1 30.3 30.1 30 30.1 29.9 29.9 29.9 29.8 29.6 29.5 29.5 29.7 29.7 29.8 30 29.5 29.6 29.7 29.6 29.7 29.3 29 28.7 28.6 28 28.6 29.1 28.9 28.8 32.7 29.8 29.7 29.4 29.1 29 28.9 28.7 28.6 28.5 29.4 30.6 30.3 30.3 30.6 31.7 32.9 36 38.5 40.9 41.6 41.9 41.3 40.9 40.6 40.2 39.6 39.5 39.5 39.5 39.3 39.2 39 38.9 38.7 38.5 38.4 38.1 37.9 37.6 37 36.3 35.6 34.6 33 32.2 31.1 30 27.7
33.1 32.3 31.8 31.3 30.9 30.5 30.4 30.7 30.7 30.6 30.4 30.3 30.2 30 29.9 29.7 29.6 29.7 29.9 30.2 30.2 30 30.1 29.8 30 29.9 29.8 29.7 29.4 29.1 29.1 29.5 28.9 28.6 28.8 33.7 28.8 29.6 30.6 30.6 30.5 30.4 30.1 30 29.9 29.8 29.4 29.8 29.3 29.4 29.4 30.1 30.8 32 34.2 37.6 40.5 41.8 42.4 41.9 41.4 41.4 41 40.2 39.5 39.7 40.1 39.9 39.7 39.5 39.4 39.2 39 38.9 38.6 38.4 38 37.4 36.8 36.2 35.4 34.5 33.7 32.3 30.4 27.9
33 32.9 32.5 32 31.6 31.4 31.2 31.2 31.2 31 30.8 30.6 30.3 30.2 30.1 30 29.9 30.1 30.4 30.6 30.7 30.4 30.3 30.2 30.2 30.1 29.9 29.8 29.5 29.5 29.9 30.4 29.9 29.1 34 29.5 30.4 31 31.4 31.9 32 31.8 32.3 32.5 32.4 32.2 32.2 31.5 30.7 29.9 29.2 29.6 30.1 31.5 32.4 34.6 37.3 39.1 40.5 41 41.5 41.9 41.9 40.9 39.8 39.9 40.6 40.5 40.1 39.8 39.9 39.7 39.5 39.4 39.1 38.7 38.3 37.8 37.2 36.5 35.7 35 33.6 32 30 27.7
33.4 33.3 33.2 32.7 32.4 32.2 32.1 31.8 31.3 31.1 30.9 30.5 30.3 30.4 30.4 30.3 30.2 30.3 30.8 31.1 31.2 30.9 30.7 30.6 30.4 30.2 30.1 29.9 30 30.3 30.8 31.4 33.2 30.5 30.2 31.1 31.6 32 32.3 32.9 33.5 34.4 35.7 35.6 35.6 35.6 34.4 32.5 31.2 30.2 29.5 29.6 30 30.3 31.3 32.4 34.1 36 37.9 39.1 40.2 41.2 40.6 39.8 39 39.7 40.2 40 40.1 40.3 40.4 40.2 40 39.8 39.4 39 38.7 38.2 37.5 36.7 35.9 35 33.3 31.5 29.5 27.5
33.9 33.8 33.8 33.5 33.2 33 32.8 32.1 31.4 31.1 30.8 30.4 30.4 30.5 30.6 30.6 30.4 30.6 31.1 31.5 31.6 31.3 31.1 30.9 30.6 30.4 30.2 30.5 30.7 31 31.3 33.6 30.8 31.6 31.4 32.1 32.7 33.1 33.8 34.8 35.6 36.9 38.6 38.9 39 38.5 35.2 32.8 30.9 30.1 29.5 30.1 30.4 30.6 30.6 31.4 32.5 33.9 35.2 36.2 36.9 37.6 38.3 38 39.1 39.8 40.3 40.5 40.6 40.8 40.9 40.7 40.6 40.2 39.7 39.3 38.9 38.4 37.7 36.7 35.3 33.9 32 30 28.1 26.6
34.6 34.7 34.3 34 33.5 33.4 33.2 32.4 31.5 31 30.7 30.5 30.6 30.7 30.8 30.9 30.8 31 31.5 31.8 31.9 31.7 31.5 31.6 31 30.8 30.6 30.6 30.9 31.8 30.8 31.5 32 32.4 32.6 33.2 34.1 34.8 35.4 36.6 37.9 39.3 41.4 42 40.8 37.6 35.1 32.3 30.8 30.1 29.9 30.4 30.8 30.9 31 31.1 31.6 33.1 33.9 34 35 35.8 36.6 37.9 39 40.3 40.7 40.9 41.1 41.3 41.4 41.3 41.1 40.7 40.1 39.5 39.1 38.5 37.3 35.9 34.5 32.8 31.1 29.5 28 26.5
35.4 35.3 34.9 34.4 33.9 33.8 33.2 32.5 31.4 31 30.7 30.9 31 31.1 31.1 31.2 31.3 31.5 31.8 32 32.2 32 32.1 32.2 31.4 31.1 30.9 30.9 34.9 31.1 32 32.8 32.8 33.1 33.6 34.7 35.7 36.3 37 38.8 40.7 41.9 43 41.9 39.1 36.3 34 31.7 30.7 30 30.3 30.8 31.3 31.3 31.5 31.6 31.7 32.8 33 33.4 34.1 35.6 37 38.5 39.7 40.7 41.3 41.5 41.7 41.8 41.9 41.8 41.7 41.1 40.5 39.9 39.2 37.9 36.5 35.1 34.4 33.8 32.5 30.6 28.4 26.5
35.3 35.8 35.3 34.8 34.3 33.6 32.9 32.3 31.3 31 31.1 31.3 31.5 31.6 31.6 31.7 31.9 32.2 32.3 32.3 32.6 32.5 32.6 32.7 32.1 31.5 31.2 31.6 31.4 31.8 32.7 34.1 34.2 35.3 35.6 36.3 37.4 37.8 38.7 41 42.9 43.4 42.7 40.4 37.4 34.9 32.8 31.2 30.5 30.1 30.7 31.2 31.7 31.9 32.1 32.1 32.1 32.4 33 33.6 34.5 35.9 37.4 38.9 40.5 41.4 42.1 42.3 42.4 42.6 42.5 42.4 42.1 41.2 40.6 39.8 38.5 37.3 36.6 35.9 35.2 34.4 33.6 31.5 29.2 27.3
34.6 34.2 33.9 33.5 33.1 33.3 32.6 32 31.3 31.3 31.5 31.7 31.9 32.1 32.1 32.2 32.5 33 33.1 33.1 33.1 33.2 33.2 33.3 32.9 35.4 32.5 31.8 31.6 32 33.2 34 35.4 36.6 37.8 38.4 39.2 39.6 40.2 41.8 43.2 42.8 40.7 38.3 35.5 33.6 32.4 30.9 30.5 30.6 31 31.5 32.1 32.7 32.9 33.2 33.3 33.1 33.4 34 34.8 36.3 37.8 39.3 40.9 42.3 42.8 43 43.2 43.3 43.1 42.9 42.3 41.4 40.5 39.6 38.7 37.6 36.3 35.4 34.6 34.2 33.7 32.1 29.5 27.8
32.6 32.3 32 31.9 31.9 32.4 32.1 31.6 31.5 31.7 31.9 32.1 32.3 32.5 32.6 32.7 33.1 33.6 34 34 33.7 33.7 33.8 33.2 35.6 33.1 32.9 32.6 32.5 32.4 33.2 34.2 35.6 37.5 39 39.9 40.7 41.4 42 43.2 42.9 40.8 38.6 36.3 34.1 32.5 31.3 30.6 30.9 31 31.3 32 32.8 33.6 34.2 34.5 34.1 33.9 34.2 34.4 35.2 36.7 38.2 39.7 41.2 42.7 43.5 43.8 43.9 44.1 43.7 43.5 42.8 42.2 41.4 40.3 39.3 38 36.8 35.5 34.2 33.4 32.8 32.2 29.7 29.5
30.5 30.3 30.2 30.4 30.8 31.3 31.4 31 31.5 32 32.3 32.4 32.7 32.9 33.1 33.2 33.7 34.2 34.7 34.8 34.3 34.1 35.8 33.5 34 33.8 33.6 33.4 33.3 33.2 33.8 34.8 36.2 38.3 40 41.2 42 42.8 43.8 43.9 42.6 39.9 37.3 35 32.7 31.4 30.4 30.7 31.1 31.3 31.6 32.6 33.5 34.4 35 35.2 35 34.7 35 35.3 35.5 36.8 38.3 39.7 41.2 42.6 44 44.3 44.4 44.5 44.5 44.3 44 43.4 42.5 41.5 39.8 37.9 36.6 35.4 34.2 33.2 32.7 31.8 31.7 32.2
29.3 29.3 29.6 29.8 30.4 30.4 30.7 30.9 31.4 31.9 32.5 32.8 33 33.3 33.5 33.8 34.3 34.8 35.3 35.7 34.9 36.2 34.9 34.4 34.4 35.1 35.1 35 34.6 34.2 34.4 35.4 37.8 40.7 41.7 42.7 43.3 44 44.6 44.1 42.1 39.2 36.2 33.8 31.9 30.5 30.5 30.8 31.2 31.5 31.8 33.2 34.2 35.2 35.8 35.6 35.7 35.6 35.8 35.3 35.9 36.9 38.3 39.7 41.2 42.6 43.9 44.7 44.7 44.9 45.4 45.3 45.3 44.6 43.7 41.9 39.9 38 36.5 35.2 34.3 34.2 33.9 33.5 34.8 35
28.6 28.7 29.1 29.3 30.2 30.3 30.5 31 31.5 32 32.5 33 33.7 34 34.4 34.6 35.5 36.2 36.5 36.6 36.6 36.8 36.2 35.4 34.7 35.7 36.4 36.1 35.3 34.7 34.8 37.2 41.5 43.6 44 44.2 44.3 44.3 44.2 43.4 41.3 38.3 35.2 32.9 31.2 30.9 30.7 31 31.3 31.7 32.1 33.4 34.5 35.5 36.3 36.3 36.3 36.5 35.9 35.3 36.4 37.4 38.4 39.7 41.2 42.5 43.7 44.6 44.9 45.2 46.2 46.2 46.5 45.7 44.1 42.1 40.1 38.1 36.5 35.6 35.2 35.2 35.1 35 35.7 34.6
28.4 28.4 28.5 28.8 30 30.2 30.7 31.2 31.8 32.3 32.8 33.3 34.4 35.2 35.7 36 35.9 36.6 36.6 36.9 36.9 36.9 36.6 35.9 35 36 36.5 36.3 35.7 35.3 36.1 39.2 43.8 45.3 45.1 44.7 44.4 43.4 42.1 41.2 39.2 36.3 34.1 32.1 31.2 30.9 30.8 31.2 31.6 32.2 32.7 33.5 34.5 35.5 36.4 37.2 37.5 37.2 36.2 35.8 36.8 37.8 38.8 39.8 41.2 42.2 42.9 43.8 44.7 45.5 46.6 46.8 46.4 45.7 44 42 40.2 38.9 38.1 37.3 36.8 36.8 36.3 35.7 35.5 33.6
28.2 28.3 28.2 28.3 30.2 30.1 30.5 31.1 31.7 32.5 33.1 33.6 34.9 36.2 37 37.1 36.8 37 35.6 37.8 37.2 37.1 37 36.4 36 36.2 36.8 36.8 36.3 35.9 37 39.3 43.2 45.2 45.3 44.5 43.3 41.7 40.2 38.7 36.7 34.7 32.8 31.7 31.2 30.9 31.1 31.8 32.4 33 33.3 33.6 34.5 35.5 36.5 37.5 38.4 37.8 36.9 37 37.4 38.3 39.3 40.3 40.7 41.5 42.1 42.9 45.1 47 48.1 47.6 47 45.8 44.2 42.4 41.2 40.5 39.8 39 38.3 38.1 37.5 36.6 35.5 32.4
28.1 31.3 29.1 29.4 30.2 30 30 30.5 31.1 32.2 32.9 33.9 35.6 37 37.3 37 39 35.5 38.4 38.7 38.1 37.4 37.4 37.5 37.2 37.5 37.5 37.3 37 36.6 37.1 39.2 42.3 43.7 43.1 42.3 41.2 39.6 38.1 36.5 34.7 33.4 32.2 31.4 31.3 31.4 31.7 32.5 33.2 33.4 33.5 33.7 34.6 35.6 36.9 38.3 39 38.5 38.2 38.4 38.9 39.4 40 40.6 40.6 40.7 40.8 43.3 46.2 48.1 48.7 48.1 47.4 46.2 44.7 43.6 42.9 42.2 41.5 40.7 40 39.3 38.1 36.9 35.1 32
29.1 29.2 29.2 29.2 29.4 29.8 30.1 29.8 30.6 31.7 32.7 34.4 36.3 37.6 38.2 40.8 41.3 41.1 40 39.1 38.3 37.9 37.9 38 38.1 38 38 37.7 37.4 37.2 37.6 38.3 40 40.6 40.7 39.7 38.7 37.4 35.8 34.8 33.6 32.6 32 31.7 31.8 31.9 32.2 32.8 33.5 33.7 33.7 33.9 34.8 35.7 37.5 38.8 39.4 39.6 39.4 39.9 40.3 40.8 41.6 40.2 38.3 40.9 41.4 42.5 44 46.4 46.1 44.1 44.4 45.2 45.8 45.2 44.5 43.8 43 42 41.3 39.5 37.9 36.4 34.4 31.4
29.4 29.4 29.4 29.5 30 30.4 30.8 30.3 30.2 32.2 34 35.1 37.7 39.4 41.6 42 41.7 41.1 40.2 39.3 39.1 38.7 38.8 38.8 38.7 38.5 38.5 38.2 38 37.7 38.4 38.7 39 39.2 39.1 38.3 37.3 36.1 35.2 34.2 33.6 32.9 32.4 32.1 32.2 32.3 32.3 32.9 33.6 34 34.1 34.5 35.3 36.5 38.1 39.4 39.8 40.2 40.6 41.7 42.8 43.8 42.8 40.8 35.7 41.5 41.8 39.4 40 41 40.1 39.9 41.3 44.2 45.9 46.2 45.7 45 44 43 42 40.1 38.1 35.9 33.5 30.6
29.6 29.7 29.8 30.1 30.5 31 31.5 31.2 31.9 33.9 37.6 37.8 38.5 40.5 41.7 42.4 41.6 40.7 40.1 39.9 39.8 39.6 39.6 39.4 39.3 39.1 39 38.8 38.6 38.2 38.7 39.1 38.9 38.7 38.5 38.3 37.3 36.2 35.6 34.8 34.1 33.4 32.8 32.5 32.5 32.6 32.7 33 33.8 34.4 34.5 35 35.8 37.2 38.8 39.6 40.5 41.4 42.3 43.9 45.9 45.2 43.6 41.1 35.2 36.8 37 36 36.1 36.3 35.4 35.8 39.3 42.6 45.4 47.1 46.9 45.6 44.4 43.3 41.7 39.8 37.3 34.9 32.5 29.9
30 30.1 30.4 30.7 31.1 31.6 32.1 32.4 34.7 38.1 37.6 36.9 38.7 40.3 41.4 41.9 40.8 40.1 39.9 40 40.5 40.2 40.2 40.1 40 39.8 39.7 39.4 39.1 38.7 38.9 38.7 38.6 38.3 38.4 38.2 37.6 36.9 36.1 35.3 34.6 33.9 33.3 33.2 33.1 33.2 33.3 33.6 33.9 34.7 34.9 35.5 36.3 37.9 39 39.8 41 42 42.9 45.6 47 45.4 43.4 40 35.4 32.9 35.1 33.4 33.2 32.7 32.1 33.1 36.1 39.1 41.8 44.7 45.8 45.1 43.7 42.5 41.1 39.2 37.3 34.9 32.2 29.7
31.1 31.2 31.2 31.5 31.7 32.2 32.7 38.5 38.4 33.8 37.4 37.8 39.4 40.1 41 41.1 40.4 39.7 39.9 39.8 40.3 40.5 40.4 40.3 40.3 40.3 40.2 39.9 39.5 39 38.6 38.4 38.2 38.2 38.3 38.3 37.7 37.3 37 36.1 35.2 34.3 33.9 34 34 33.8 33.9 34.2 34.5 34.9 35.3 36.1 37 38.1 39.2 40.1 41.3 42.5 44.2 46.3 47.3 45.1 41.8 37.6 33.8 30.6 29.6 32.8 30.2 29.7 30 31.4 33.6 36 38.9 41.5 42.9 42.5 42.5 41.3 40 38.4 37 34.9 32 29.7
32.2 32.1 32.2 32.5 32.6 38.8 38.9 38.4 36.3 36.3 37.2 38.5 40.5 40.3 40.3 39.6 39.1 38.8 38.9 39.3 39.5 39.8 40.2 40.5 40.6 41 40.8 40.4 39.9 39.1 38.5 38 37.9 38.2 38.9 39.3 38.4 37.9 37.6 37.2 36.3 35.4 34.6 34.7 34.9 34.8 34.9 35.2 35.4 35.7 35.8 36.5 37.4 38.4 39.4 40.4 42 43.4 44.6 46.4 47.4 46.1 41.7 37.3 33.2 29.8 27.8 28.4 27.5 27.5 28.3 30.1 32.4 35.4 38 39.4 40.1 40.3 40.3 40.1 38.6 36.9 35.4 33.6 31.2 29.8
32.6 32.1 32.3 39.2 39.2 39.2 39.1 37.6 36.4 36.5 36.5 38.1 39.6 39.1 38.4 37.8 37.2 37.4 37.8 38.3 38.6 38.9 39.3 40.1 41.2 41.7 41.3 40.8 40 39.3 38.6 38 38.1 38.8 39.5 40.2 39.4 38.6 38.1 37.9 37.4 36.5 35.5 35 35.7 35.9 36 36.3 36.6 36.2 36.3 36.8 37.8 38.7 39.6 41.4 43.7 44.2 43.4 45.2 46.6 46.6 43.7 40 35.1 30.4 27.6 26 25.6 26.3 27.2 29.7 33.7 36.1 37.3 38 37.8 37.2 37.3 37.8 36 34.6 33.4 31.8 30.8 29.6
33.1 36.7 39.6 39.1 39.3 39.4 38.6 37.5 36.7 36.6 36.4 37.3 37.7 37.1 36.1 35.7 35.1 35.2 36.4 37.4 37.8 37.9 38.9 40 41.2 42.1 41.7 40.5 39.8 39.3 38.7 38.3 38.3 39.2 39.9 40.7 40.6 39.7 39 38.5 38.2 37.4 36.5 35.9 35.9 36.8 37.1 37 36.4 36.5 36.7 37.2 38.1 39.1 41.1 43.4 44.4 43 41.8 43.2 44.6 44.1 42.6 38.3 34.7 30.5 26.4 25.1 25.2 26.1 27.2 31.1 37.1 37.8 37.5 36.7 36 35.4 34.3 33.8 32.9 32.4 32.3 31.3 30.2 29.4
39.5 39.5 39.8 39.1 39 38.7 37.9 37.3 36.9 36.2 36 35.5 35.8 35 33.8 33.2 32.5 32.8 34.4 35.8 37.1 38.1 39.2 40.6 41.7 42.6 41.9 40.9 40 39.5 39.2 39 38.7 39.6 40.4 41.1 41.3 41 40.4 39.8 39.3 38.4 37.6 36.9 36.8 37.4 37.3 36.6 36.6 37 37.4 37.8 38.4 40.1 41.9 43.7 43.7 42.2 38.7 40.4 39.1 41 37 31.7 29.8 27.1 24.7 24.2 24.9 25.7 26.3 29.9 37.3 38.4 37.3 36.3 35.4 34.1 33.2 31.5 31 31.6 31.6 30.7 29.7 28.8
40 39.7 40 39.3 38.7 39.1 38.4 37.7 37.1 36.5 35.3 34.5 34 32.7 31.6 30.9 30.2 31.3 32.9 34.8 36.5 38.3 39.5 40.8 42.2 42.9 42.2 40.5 38.9 39 39.7 39.5 39.1 38.9 40.7 41.8 42.1 42 41.8 41.4 40.8 40 39.3 38.4 37.6 37.3 37.2 37.2 37.4 37.7 38.1 38.5 39.1 40.5 42 42.1 41.8 39.4 35.3 36 36.3 38.2 32.9 27.7 26.2 25.1 23.5 22.9 24 24 23.8 25.4 27.5 33.5 34.9 33 32.6 33.6 33.2 31.5 29 30.8 30.7 30.1 28.9 29
40 39.7 37.4 38.5 39.4 39.7 39.2 38.6 37.9 36.4 35 33.8 32.3 30.1 29.5 29 28.6 29.6 31 33 35.8 38.3 40.3 41.5 42.9 43.1 42.2 40.4 38.5 37 40.1 39.9 38.9 38 39.4 41.4 42.4 42.6 42.6 42.6 42.3 41.7 40.9 39.9 38.9 38.3 38.1 38.1 38.2 38.5 38.8 39.3 40.1 41 39.3 38.7 37.6 34.8 31.9 31.3 31.9 31.6 27.9 25.6 24.3 23.1 22.1 22 21.9 21.7 21.6 22.1 22.8 23.5 23.2 23.2 23.1 24.2 28.7 32 30.4 28.8 29.9 29.3 28.8 28.9
40.3 38.3 39.2 39.9 40.6 39.9 39.3 39 38.4 36.6 34.9 33.4 30.9 29 28.6 28.3 27.8 28.3 29.7 32 35.3 38.5 41.2 42.4 42.8 42.6 41.9 40.7 38.6 33.7 40.4 40.1 38.8 37.3 37.7 40.3 41.5 42.4 43.1 43.3 43.3 43.1 42.2 41.2 40.2 39.6 39.3 39 39.1 39.3 39.6 40 40.7 40.1 37.5 35 34.1 32.3 30 29.2 28 27.2 26.5 24.2 22.4 21.4 20.7 20.4 20.3 20.8 20.9 21 21.2 21 20.8 20.6 20.5 20.5 20.7 21.1 21.7 23.3 25.1 26.4 27.5 28.6
38.5 38.7 39.9 41.3 41 39.9 38.5 37.9 37 35.8 33.7 31.2 29.3 28 27.7 27.3 27 27.8 29 30.8 34.2 38.4 40.7 41.9 42 41.1 40 39.7 38 31.6 39 41.6 38.5 36.7 36.6 38.3 40.3 41.9 42.7 43.7 43.7 43.6 43 42.1 41.2 40.9 40.7 40.5 40.3 40.4 41.1 41.5 41.2 38.6 35.3 33 31.6 30.1 28.2 27 26.2 26 25.3 24.1 21.5 21.7 19.8 19.9 20.4 20.6 20.7 21.1 21.1 21 20.8 20.6 20.6 20.5 20.5 20.7 20.6 20.6 21.7 22.7 22.7 24.6
