Assets/StreamingAssets/GeoData/Data/tq/TQ06.asc
ncols 200
nrows 200
xllcorner 500000
yllcorner 160000
cellsize 50
[rows 0 to 37 of 200, columns 86 to 171 of 200]
14.2 13.8 14.4 15 15.6 15.6 14.9 15 14.4 13.8 14.1 14.3 14.3 14.3 14.1 14.1 14.1 14.1 14.1 14.1 13.3 13.2 12.7 13.4 13.8 13.5 13.1 13.3 13.7 13.8 13.8 13.8 12.6 12.6 13 14.3 24.1 13.1 13.1 13.1 13.1 13.1 13.1 13.1 13.1 13.1 13.1 13.1 13.1 13.1 13.1 13.1 13.1 13.1 13.1 13.1 13.1 13.1 13.1 13.1 13.1 13.1 13.1 13.1 13.1 13.1 13.1 13.1 13.1 13.1 13.1 13.1 13.1 13.1 13.1 13.1 13.1 20 12.4 12.7 13.2 13.4 13.4 15.3 16.6 16.7
14.1 13.5 13.2 13.1 14.8 15.5 14.8 14.3 14.2 13.7 14 14.4 14.5 14.2 14.1 14.1 14.1 14 14 14 13.2 13 15.7 13.7 13.9 13.6 13.5 13.7 13.9 13.8 13.8 13.8 14.1 12.7 14.3 19.4 13.1 13.1 13.1 13.1 13.1 13.1 13.1 13.1 13.1 13.1 13.1 13.1 13.1 13.1 13.1 13.1 13.1 13.1 13.1 13.1 13.1 13.1 13.1 13.1 13.1 13.1 13.1 21.4 13.1 13.1 13.1 13.1 13.1 13.1 13.1 13.1 13.1 13.1 13.1 13.1 13.1 13.1 12.8 13 13.5 13.2 14.4 14.3 14.1 13.8
13.9 13.5 13.3 13.3 14.7 15.4 14.9 14.7 14.6 14 13.6 14 14.4 14.1 14.1 14 14 14 14 13.9 13.7 13.1 14.2 13.4 13.1 13.9 14 13.9 13.8 13.8 13.8 13.8 13.8 15.2 13.9 23.7 13.1 13.1 13.1 13.1 13.1 13.1 13.1 13.1 13.1 13.1 13.1 13.1 13.1 13.1 13.1 13.1 13.1 13.1 13.1 13.1 13.1 13.1 13.1 13.1 13.1 13.1 13.1 13.1 13.1 13.1 13.1 13.1 13.1 13.1 13.1 13.1 13.1 13.1 13.1 13.1 13.1 13.1 20.9 12.4 13.2 13.4 14.5 13.5 13.7 13.5
13.8 13.6 13.3 13.3 15 15.3 15.3 15.2 15.1 14.3 13.7 13.6 14.3 14.1 14 14 14 13.9 13.8 13.5 13.3 13 13.8 13.8 13.7 14 13.9 13.8 13.8 13.8 14 13.8 13.8 14.6 14.2 13.1 13.1 13.1 13.1 13.1 13.1 13.1 13.1 13.1 13.1 13.1 13.1 13.1 13.1 13.1 13.1 13.1 13.1 13.1 13.1 13.1 13.1 13.1 13.1 13.1 13.1 13.1 13.1 13.1 13.1 13.1 13.1 13.1 13.1 13.1 13.1 13.1 13.1 13.1 13.1 13.1 13.1 13.1 13.1 12.9 12.7 13 14.9 13.8 12.8 14.1
14.9 14.7 14.2 13.7 14.7 14.8 14.5 15.3 15.5 14.2 16.1 13.9 13.9 14 13.9 13.8 13.7 13.6 13.3 13.1 12.8 12.7 13.7 13.6 13.4 14 14.1 13.8 13.8 13.8 13.8 13.8 13.8 14.5 14.7 13.1 13.1 13.1 13.1 13.1 13.1 13.1 13.1 13.1 13.1 13.1 13.1 13.1 13.1 13.1 13.1 13.1 13.1 13.1 13.1 13.1 13.1 13.1 13.1 13.1 13.1 13.1 13.1 13.1 13.1 13.1 13.1 13.1 13.1 13.1 13.1 13.1 13.1 13.1 13.1 13.1 13.1 13.1 13.1 17.9 12.6 14.4 14.9 14.7 13.7 13.5
14.9 14.5 14.5 14.3 14.5 14.2 13.8 13.9 14.4 14.2 14.5 14 13.8 13.7 13.6 13.5 13.4 13.1 12.8 12.8 12.9 13.5 13.4 13.2 13.1 13.9 13.9 13.8 13.8 14.2 13.8 13.8 13.9 13.8 13.6 13.1 13.1 13.1 13.1 13.1 13.1 13.1 13.1 13.1 13.1 13.1 13.1 13.1 13.1 13.1 13.1 13.1 13.1 13.1 13.1 13.1 13.1 13.1 13.1 13.1 13.1 13.1 13.1 13.1 13.1 13.1 13.1 13.1 13.1 13.1 13.1 13.1 13.1 13.1 13.1 13.1 13.1 13.1 13.1 21.2 12.7 12.8 15 14.3 13.5 14.4
15.1 14.1 14.2 14.2 14.3 14.1 13.8 14.1 14.4 13.9 14.2 14 14.2 13.4 13.3 13.1 13 13 13.1 13.1 13.2 13.9 12.8 12.7 12.9 13.6 13.8 13.8 13.8 13.8 13.8 13.8 13.9 14.3 14.4 24.4 13.1 13.1 13.1 13.1 13.1 13.1 13.1 13.1 13.1 13.1 13.1 13.1 13.1 13.1 13.1 13.1 13.1 13.1 13.1 13.1 13.1 13.1 13.1 13.1 13.1 13.1 13.1 13.1 13.1 13.1 13.1 13.1 13.1 13.1 13.1 13.1 13.1 13.1 13.1 13.1 13.1 13.1 13.1 20.7 12.1 12.8 14.7 13.8 14.5 13.8
15.4 13.8 13.6 13 14 14.3 14 14.5 14.8 14.2 14.3 14.3 14.4 13.5 13.2 13.2 13.3 13.3 13.4 13.4 13.8 13.9 13.2 13 13.6 13.9 13.8 13.8 13.8 13.8 13.8 13.8 13.5 13.2 12.9 18.5 13.1 13.1 13.1 13.1 13.1 13.1 13.1 13.1 13.1 13.1 13.1 13.1 13.1 13.1 13.1 13.1 13.1 13.1 13.1 13.1 13.1 13.1 13.1 13.1 13.1 13.1 13.1 13.1 13.1 13.1 13.1 13.1 13.1 13.1 13.1 13.1 13.1 13.1 13.1 13.1 13.1 13.1 13.1 19.2 13 13.2 13 12.7 13.3 13.8
14.5 13.6 13.1 12.7 13.1 14.3 14.3 14.7 14.6 14.9 13.7 14.3 14.2 13.4 13.5 13.4 13.6 13.6 13.7 13.7 14 12.9 13.4 13.4 14.1 14.3 13.8 13.8 13.8 13.8 13.6 11.6 12.3 13.6 13.4 13.4 24.1 13.1 13.1 13.1 13.1 13.1 13.1 13.1 13.1 13.1 13.1 13.1 13.1 13.1 13.1 13.1 13.1 13.1 13.1 13.1 13.1 13.1 13.1 13.1 13.1 13.1 13.1 13.1 13.1 13.1 13.1 13.1 13.1 13.1 13.1 13.1 13.1 13.1 13.1 13.1 13.1 13.1 13.1 19.3 12.3 13.3 12.5 12.4 12.4 12.7
11.8 14.1 13.6 12.8 13.1 13.9 14.6 14.6 14.3 15 14.5 13.4 13.6 13.6 14 13.7 13.6 13.8 13.9 14 12.9 12.2 12.7 13.5 13.6 13.8 13.8 13.8 13 11.6 12.3 12.7 12.6 13.6 13.3 13.4 13.9 24.3 13.1 13.1 13.1 13.1 13.1 13.1 13.1 13.1 13.1 13.1 13.1 13.1 13.1 13.1 13.1 13.1 13.1 13.1 13.1 13.1 13.1 13.1 13.1 13.1 13.1 13.1 13.1 13.1 13.1 13.1 13.1 13.1 13.1 13.1 13.1 13.1 13.1 13.1 13.1 13.1 13.1 16.8 12.2 12.5 12.2 12.3 12.4 12.6
11.8 12 11.5 12.1 13.5 14.2 14.6 14.9 14.2 14.8 13.7 14.3 13.5 13.9 14.5 14.2 13.9 13.8 12.5 11.9 12.2 12.4 12.3 11.6 11.9 12.9 13 11.9 12.4 12.9 13.6 13.6 13.5 13.6 13.1 13.3 13.5 13.8 24.3 13.1 13.1 13.1 13.1 13.1 13.1 13.1 13.1 13.1 13.1 13.1 13.1 13.1 13.1 13.1 13.1 13.1 13.1 13.1 13.1 13.1 13.1 13.1 13.1 13.1 13.1 13.1 13.1 13.1 13.1 13.1 13.1 13.1 13.1 13.1 13.1 13.1 13.1 13.1 13.1 15.8 12.3 12.1 12.2 12.3 12.5 12.6
11.8 11.5 11.5 11.5 11.5 12.3 14.4 14.1 13 13.6 13.8 14.5 13.6 13.9 14.1 12.6 11.7 12.1 13.3 13.1 13.3 13 12.9 13.5 12.4 13.1 12.5 12.3 13.3 14 14.1 14.2 14.1 14.1 13.3 13.1 13.4 13.6 13.9 24 13.1 13.1 13.1 13.1 13.1 13.1 13.1 13.1 13.1 13.1 13.1 13.1 13.1 13.1 13.1 13.1 13.1 13.1 13.1 13.1 13.1 13.1 13.1 13.1 13.1 13.1 13.1 13.1 13.1 13.1 13.1 13.1 13.1 13.1 13.1 13.1 13.1 13.1 13.1 13.7 12.2 12.2 12.2 12.4 12.4 12.5
11.9 11.5 12.1 11.9 11.9 11.5 11.5 11.5 11.8 12.4 14 14.6 12.5 11.7 12.1 12.7 12.6 12.2 12.6 13 13.1 13.5 13.8 12.7 12.8 12.8 12.8 12.7 13.3 14.1 14.5 14.5 14.6 14.5 14.1 13.4 13.4 13.6 13.7 13.4 23.8 13.1 13.1 13.1 13.1 13.1 13.1 13.1 13.1 13.1 13.1 13.1 13.1 13.1 13.1 13.1 13.1 13.1 13.1 13.1 13.1 13.1 13.1 13.1 13.1 13.1 13.1 13.1 13.1 13.1 13.1 13.1 13.1 13.1 13.1 13.1 13.1 13.1 16.5 12 12 12.1 13.8 13.4 12.7 12.5
13.1 11.5 12.5 13.7 13.8 13.7 13.2 11.8 11.5 11.5 11.6 14.1 14.5 13.6 13.6 13.5 13.2 12.8 12.4 13 13 13.4 12.6 12.7 12.8 12.9 12.9 13.1 13 12.8 13 13.4 13.6 13.9 14.3 14.2 13.7 13.7 13.9 13.6 13.9 23.5 13.1 13.1 13.1 13.1 13.1 13.1 13.1 13.1 13.1 13.1 13.1 13.1 13.1 13.1 13.1 13.1 13.1 13.1 13.1 13.1 13.1 13.1 13.1 13.1 13.1 13.1 13.1 13.1 13.1 13.1 13.1 13.1 13.1 13.1 13.1 13.1 19.2 12.2 12.2 12.9 13.6 13.2 12.7 14
12.1 11.5 13.2 14.1 14.6 14.1 13.6 13.4 12.6 11.5 11.5 13.5 14.1 13.5 13.4 13.5 13.3 13.2 13 12.7 12.8 12.7 12.8 12.8 12.9 13 13.1 13.2 13.4 13.3 12.7 13.3 13 13.4 13.8 14.1 14.4 14 14.9 14.3 13.8 13.8 23.6 13.1 13.1 13.1 13.1 13.1 13.1 13.1 13.1 13.1 13.1 13.1 13.1 13.1 13.1 13.1 13.1 13.1 13.1 13.1 13.1 13.1 13.1 13.1 13.1 13.1 13.1 13.1 13.1 13.1 13.1 13.1 13.1 13.1 13.1 13.1 12.5 13.1 12.1 12.7 12.8 12 12.6 12
12.9 11.5 12.2 13.5 14.5 14.5 14.1 13.7 12.6 12 11.5 11.5 13.7 13.4 13.4 13.4 13.3 13.1 13 12.8 13 13.4 13.1 13 13.1 13.1 13.2 13.3 13.5 13.6 13.6 13.4 13.3 12.7 13.3 13.7 14 14.9 15.2 14.8 14.4 14 13.9 23.4 13.1 13.1 13.1 13.1 13.1 13.1 13.1 13.1 13.1 13.1 13.1 13.1 13.1 13.1 13.1 13.1 13.1 13.1 13.1 13.1 13.1 13.1 13.1 13.1 13.1 13.1 13.1 13.1 13.1 13.1 13.1 13.1 13.1 20.7 12.9 13.3 12.9 12.7 12.4 13.7 12 12
14.5 11.7 11.7 12.8 13.9 14.9 14.5 13.7 13.1 12.5 12 11.5 12.4 13.6 13.3 13.4 13.2 13.1 12.9 13 13.6 14.1 13.4 13.1 13.2 13.2 13.3 13.5 13.6 13.4 13.7 13.5 13.4 13.3 12.4 13 13.5 15.2 15.3 15.2 15 13.8 13.7 13.7 23.1 13.1 13.1 13.1 13.1 13.1 13.1 13.1 13.1 13.1 13.1 13.1 13.1 13.1 13.1 13.1 13.1 13.1 13.1 13.1 13.1 13.1 13.1 13.1 13.1 13.1 13.1 13.1 13.1 13.1 13.1 13.1 13.1 12.1 12.3 12.4 12.7 13 12.3 12.5 12.2 12
14.6 12.7 11.5 13 13.4 14.3 14.8 14.2 13.6 13.1 12.8 12.9 11.5 13.7 13.8 13.3 13.3 13.3 13.4 13.5 14 13.7 13.5 13.2 13.2 13.3 13.5 13.3 13.1 12.9 13.4 13.6 13.5 13.4 13.4 12.1 14.9 15.8 15.6 15.2 15 15.2 14.1 13.7 13.6 23 13.1 13.1 13.1 13.1 13.1 13.1 13.1 13.1 13.1 13.1 13.1 13.1 13.1 13.1 13.1 13.1 13.1 13.1 13.1 13.1 13.1 13.1 13.1 13.1 13.1 13.1 13.1 13.1 13.1 13.1 22.4 12.4 12.6 12.6 12.7 12.9 13.1 12.5 11.9 11.8
12.8 11.8 11.5 13.2 14.7 14.8 14.6 14.5 14.2 13.7 13 11.9 11.5 12.7 13.5 13.5 13.3 13.5 13.8 14 13.7 13.3 13.5 13.5 13.3 13.2 13.1 13 12.9 13.1 13.3 13.6 13.5 13.5 13.5 13.5 13.7 15.4 15.6 15.7 15.4 14.8 13.4 13 12.7 12.7 22.8 13.1 13.1 13.1 13.1 13.1 13.1 13.1 13.1 13.1 13.1 13.1 13.1 13.1 13.1 13.1 13.1 13.1 13.1 13.1 13.1 13.1 13.1 13.1 13.1 13.1 13.1 13.1 13.1 13.1 12.8 12.8 13 13 13.3 12.6 12.3 11.9 11.6 12
11.5 11.5 12.2 14.3 14.5 14.3 14.1 13.8 13.6 13.9 13 12.2 11.5 12.4 14 13.8 13.5 13.2 13.1 13.5 13.4 13.8 14.3 13.5 13.1 13.3 13.2 13.1 13 13.4 13.8 13.9 13.3 13.1 13.7 13.7 13.6 13.4 15.2 15.6 15.4 14.5 13.3 13.1 12.9 12.7 12.6 23.1 13.1 13.1 13.1 13.1 13.1 13.1 13.1 13.1 13.1 13.1 13.1 13.1 13.1 13.1 13.1 13.1 13.1 13.1 13.1 13.1 13.1 13.1 13.1 13.1 13.1 13.1 13.1 23.5 12.4 13 13.1 12.7 12.3 12.2 12 11.8 11.8 12
12.8 13.1 14.3 14.5 14.3 13.9 13.6 13.4 14.4 13.6 13 12.5 11.5 14.3 14.4 14.1 13.8 13.5 13.2 12.9 13.7 14 14 14.2 12.9 13 13.2 13.2 13.1 13.8 14.3 14 13.4 13.7 13.8 13.5 13.3 13.2 13.7 15.4 16 13.4 13.5 13.3 13.1 13 12.8 12.6 23.7 13.1 13.1 13.1 13.1 13.1 13.1 13.1 13.1 13.1 13.1 13.1 13.1 13.1 13.1 13.1 13.1 13.1 13.1 13.1 13.1 13.1 13.1 13.1 13.1 13.1 13.1 12.8 12.9 12.6 12.8 13.3 12.3 12.3 12.2 12 12 12.8
13.8 14.1 14.2 14.3 14.3 14 13.6 13.3 13.9 13.6 13 13 11.5 12.7 14.7 14.3 14 13.6 13.4 13.2 13.6 13.6 12.8 12.7 12.9 13.1 13.1 13.1 13.3 14.1 14.7 14.1 13.6 14 13.7 13.2 12.9 12.9 13.1 12.5 14.7 13.1 13.6 13.5 13.3 13.2 13 12.8 12.7 22.5 13.1 13.1 13.1 13.1 13.1 13.1 13.1 13.1 13.1 13.1 13.1 13.1 13.1 13.1 13.1 13.1 13.1 13.1 13.1 13.1 13.1 13.1 13.1 13.1 17.4 12 12.2 12 12.3 12.5 12.2 12.2 12.3 12.2 12.2 13.3
13.9 14.1 14 14.2 14.2 14 13.7 13.4 13.3 13.4 12.8 13.6 11.5 12.8 14.6 14.4 14 13.7 14.1 13.4 13.5 13.1 13 13 13.4 14 14.2 14.4 14.3 14.5 14.7 14.5 14 14.2 13.7 13.2 12.7 12.6 12.7 12.6 13.2 12.8 13.3 13.7 13.6 13.4 13.2 13.1 12.8 12.8 22.3 13.1 13.1 13.1 13.1 13.1 13.1 13.1 13.1 13.1 13.1 13.1 13.1 13.1 13.1 13.1 13.1 13.1 13.1 13.1 13.1 13.1 24.6 13.9 12.2 11.7 11.6 12.7 12.7 12 11.9 12.2 12.8 12.6 13.3 12.4
13.9 14.2 14 14 14.1 13.9 13.7 13.5 13.3 13.2 13.7 13.6 11.5 13.5 14.9 14.2 14 14.4 14.4 13.7 13.5 13.2 13.2 13.2 13.8 14.5 14.6 13.9 14.1 14.4 14.6 14.6 14.4 14.3 13.8 13.3 12.8 12.6 12.6 12.9 12.5 12.6 12.9 13.5 13.8 13.6 13.5 12.8 12.9 12.9 12.7 20.6 13.1 13.1 13.1 13.1 13.1 13.1 13.1 13.1 13.1 13.1 13.1 13.1 13.1 21.8 24.6 23.3 21.1 18.2 16.2 12.3 12.1 12 11.8 11.6 12.6 12.6 12.9 11.6 11.7 12 12.1 12.6 13.1 12.2
14 14.3 14.1 13.9 13.9 13.8 13.6 13.5 13.3 13.2 13.7 12 11.5 12.8 15.3 14.6 14.4 14.5 13.9 13.5 13.6 13.4 13.4 13.7 14 14.2 14.3 13.6 14 14.2 14.5 14.6 14.6 14.4 13.9 13.4 12.8 12.5 12.5 12.7 12.7 12.6 12.6 12.8 13.7 13.7 12.9 12.8 12.7 12.7 12.6 12.7 12.9 20.1 24.8 24.9 24.3 22.9 21.7 19.6 16.7 13.3 12.6 12.5 12.3 12.8 11.8 11.9 11.9 12.1 12.3 12.5 12.3 12.2 12 11.9 13.5 12.1 12.9 12 12 12 12.1 12.1 13.3 12.3
14 14.4 14.2 13.9 13.8 13.7 13.5 13.3 13.2 13.3 13.4 12.6 11.5 13.5 15 14.8 14.9 15 14.3 14 14.2 14.3 13.8 13.4 13.5 13.8 14 13.5 14.4 14.7 14.7 13.8 14.1 14.4 13.9 13.4 12.9 12.5 11.6 13.1 13.1 13.1 13 13 12.8 12.8 12.8 12.8 12.7 12.7 12.6 12.7 12.8 12.8 12.7 12.8 14 12.5 12.2 12.4 13 13.2 13.3 12.1 12.2 12.5 12.2 12.2 12.2 12.4 12.4 12.4 12.5 12.3 12.3 12.2 12.3 12.4 12.4 12.1 12.1 12.1 12.1 12.1 12 12.9
13.5 14.5 14.3 14.1 13.9 13.6 13.4 13.2 13.3 13.4 13.4 12.3 11.5 13.3 15.2 15.3 15.3 14.7 14.1 13.8 14 14.4 13.5 13.5 13.3 13.3 13.6 13.5 14.4 15 14.8 14.4 14 14.3 13.9 13.4 12.9 12.7 12.1 13.1 13.4 13.5 13.3 13.1 12.8 12.8 12.9 12.8 12.8 12.8 12.6 12.7 12.7 12.9 12.6 12.6 13.2 13.1 13.1 13 12.7 12.3 12.1 12.4 12.5 12.7 12.5 12.5 12.5 12.6 12.6 12.6 12.5 12.1 12 12 12.2 15.8 12 12.1 12.1 12.2 12.8 12 11.9 13
13.3 14.4 14.4 14.2 14 13.7 11.9 13.3 13.4 13.5 13.6 11.8 11.5 12.3 13.7 15.1 15.2 14.6 14.3 14 13.7 13.5 13.6 13.7 13.4 13.1 13.1 13.5 14 14.8 14.6 14.1 14.4 14.1 13.8 13.5 13.1 13 12.8 13.1 13.4 13.5 13.3 13 12.8 12.7 12.8 12.9 12.9 12.7 12.6 12.6 12.8 13 12.6 12.4 13.1 13.1 12.8 12.5 12.2 11.9 12 12.3 12.6 12.8 12.8 12.8 12.9 12.9 12.9 12.3 12.2 11.6 11.7 11.9 12.1 12.3 17.8 12.2 12.1 12.7 14.3 13.4 12.6 11.6
13.2 14.2 14.3 14.4 14.2 14 12.6 12.9 13.2 13.5 13.7 12.7 11.5 12.4 13.3 14.7 15.1 14.6 14.1 13.6 13.4 13.5 13.2 14.8 13.8 13.7 13.1 14.3 14.3 14.4 14.3 13.2 13.8 14 13.7 13.3 13.2 13 12.8 12.8 13.1 13.1 13.1 13 12.8 12.6 12.8 12.9 12.9 12.7 12.8 12.7 12.9 13.1 12.5 12.1 12.9 12.3 12.1 11.9 11.8 11.8 11.9 12.2 12.5 12.4 12.9 13 13 12.8 12.1 12.6 12.1 12 11.7 11.9 12 12.2 12.7 12.8 13.4 13.4 14.5 13.6 12.7 11.8
13.4 14.1 14.1 14.2 14.2 14.2 13.4 12.7 12.9 13.1 13.5 11.5 11.5 11.8 12.4 13 14.2 13.7 13.3 13.4 13.5 13.6 13.6 13.3 13.1 14.1 13.1 14.2 14 13.8 13.9 12.8 13.4 13.7 13.5 13.3 13.3 13.2 12.8 12.8 12.8 12.7 12.7 12.7 12.7 12.6 12.7 12.7 12.9 13.6 13 12.6 12.8 13.1 12.2 11.7 11.9 11.9 12 12.1 12.1 11.8 11.7 11.9 11.7 12 11.4 11.4 11.4 11.7 11.4 12.7 12.6 12.5 11.6 11.8 12 12.1 12.1 13.7 16.8 15.5 14.5 13 12.3 11.8
13.7 13.6 13.7 13.7 13.7 13.8 13.7 13.2 12.7 12.9 12.6 11.6 11.5 11.8 12.8 13 13.1 13.2 13.3 13.4 13.5 13.6 13.5 13.3 13.2 14.2 14.2 14 14.2 14.4 14.1 13.3 13 13.4 13.4 13.1 13.2 13.2 13.2 13.2 14 13.2 13.1 13 12.9 12.7 12.4 12.4 12.5 13 13.1 12.5 12.8 13 12.3 11.2 11.7 12.2 12.8 12.8 12.3 11.7 12.3 12 12.3 12.6 11.4 11.4 11.4 11.4 11.4 11.4 12.8 12.7 12 11.8 12 12.1 12.8 15.5 16.3 14.4 16 13.3 12.7 12
13.4 13.7 13.2 13 13 13.2 13.6 13.5 13.5 13.6 13.7 12.3 11.5 12.2 12.2 12.3 13.3 13.5 13.6 13.6 13.7 13.8 13.5 13.3 13.1 13.5 13.6 13.7 13.6 13.7 14 15 13.4 13.3 13.5 13.5 12.8 12.9 13.3 13.6 13.9 13.7 13.6 13.4 13.1 13 13 12.5 12.2 12.4 12.4 12.5 12.7 13 12.6 12.1 12.5 12.5 13.5 13.3 12.6 12.3 12.9 12.2 12.6 12.9 13 12 11.4 11.4 11.4 11.4 11.4 11.4 12.5 12.5 12.2 12.3 15 15.8 16.7 14.6 13.8 14 13.1 12.1
13.7 14 13.4 12.9 12.6 13.6 13.6 13.6 13.6 13.7 13.5 12.7 11.5 11.5 11.5 12.6 13.5 13.7 13.8 13.9 14 13.7 13.6 13.3 13.1 13.2 13.2 13.3 13.3 13.4 13.1 13.4 13.3 12.3 13.2 13.4 13 13 13.5 13.8 13.5 13.9 13.9 13.5 13.2 13.2 13.3 13.3 12.5 12.5 12.3 13.2 12.8 12.9 12.8 12.8 12.7 13.1 13.7 13.5 13 12.3 12.5 12.4 12.8 13.2 13.6 13.1 12.6 11.8 11.4 11.4 11.4 11.4 12.4 11.7 12.1 13.9 13.1 14.4 15.6 15.2 14.7 14.2 13.2 12.3
13.1 13.1 13.3 13.5 13.6 13.6 13.6 13.6 13.6 13.5 13.3 13.1 14.3 11.5 11.5 13.4 13.7 13.9 14.1 14.2 14.1 13.7 13.6 13.4 13.2 13.3 13.5 13.6 13.6 13.4 13.1 13.3 11.9 10.6 10.6 10.6 11.9 13.1 13.9 13.4 12.8 12.9 14 13.7 13.5 13.5 13.6 13.6 13.4 13.2 12.4 13.1 13.6 12.8 12.6 13.2 13.9 13.7 13.8 13.5 13.1 12.6 12.2 12.6 13.1 13.6 13.7 13.8 13.3 12.8 11.4 11.4 11.4 11.4 12.5 12.1 12.5 12.6 13.8 14.2 15.2 14.3 15.5 14.5 14.2 13.3
13.7 12.9 13.1 13.7 13.5 13.6 13.6 13.6 13.6 13.5 14.1 14.5 14.5 12.1 11.5 12.1 13.1 14.1 14.3 14.5 13.9 13.6 13.6 13.5 13.2 13.4 13.6 13.9 13.8 13.3 13.2 13.7 12.5 13.2 12.4 11.8 12.4 13.2 13.8 13.9 13.9 13.4 13.2 13.9 13.7 13.8 13.8 13.8 13.7 13.3 12.7 12.9 13.5 13.1 12.8 13.2 13.8 13.9 13.8 13.6 13.1 12.2 12.5 13 13.4 13.7 13.8 13.9 14 13.5 13 11.4 11.4 11.9 12.2 12.1 12 12.2 14.5 15 13.8 14.5 14.3 14.7 14.5 13.8
13.5 13.9 13.7 13.5 13.3 13.4 13.5 13.5 13.5 13.5 14.3 14.5 14.5 14.9 11.5 11.5 12.5 13.3 14.1 14.4 13.7 13.6 13.5 13.5 13.3 13.6 13.8 14 13.8 13.3 13.4 14.2 14.1 13.4 12.7 11.8 12.6 13.3 13.7 13.7 13.8 13.6 12.9 13.7 13.8 13.7 13.7 13.6 13.5 13.3 12.9 12.7 12.7 13.4 13.7 13.7 13.8 13.9 13.9 13.3 12.1 12.5 12.9 13.3 13.6 13.8 13.9 14 14.1 13.8 13.2 12.7 12.7 12.3 12.1 11.5 11.1 11.9 13.2 13.5 14.4 13.7 14.1 14.1 13.5 13.6
14 13.7 13.5 13.3 13.1 13.1 13.2 13.4 13.5 13.4 14.5 14.5 14.5 14.4 11.5 11.5 12.6 13.1 13.6 14 13.7 13.6 13.5 13.5 13.4 13.6 13.8 14 13.7 13.2 13.3 14.1 13.9 13.1 12.4 12.2 12.6 13.4 13.6 13.6 13.4 13.2 12.7 14.3 14 13.8 13.6 13.4 13.2 13.1 13 12.6 12.9 13.2 13.6 12.4 13.1 13.3 13.4 12.2 12.5 12.9 13.3 13.6 13.7 13.8 13.9 13.9 13.9 13.5 13.1 12.5 12.4 12.6 11.8 11.6 10.9 11.7 13.9 13.7 13.4 14 14 14.3 13.3 13
13.8 13.5 13.3 13.1 12.9 12.9 13 13.1 13.2 15.9 14.5 14.5 14.5 14.5 11.5 11.5 12 12.6 13.1 13.7 13.9 13.8 13.8 13.5 13.1 13.4 13.8 14 13.5 13.1 13.2 13.9 13.6 12.7 12.6 12.6 12.7 13.4 13.4 13.2 13 12.8 13 13.9 14.2 14 14.1 13.3 13.1 13.1 13.6 12.8 12.9 13.2 13.5 12.3 12.4 12.7 13.1 13.5 13.5 13.4 13.4 13.6 13.6 13.7 13.8 13.9 13.6 13.2 12.8 12.3 12.1 12.1 11.6 11.4 11.2 12.5 12.8 14 13.5 13.5 14.2 13.8 14.1 12.9
