Game/Highland_Data/StreamingAssets/GeoData/Data/tq/TQ11.asc
ncols 200
nrows 200
xllcorner 510000
yllcorner 110000
cellsize 50
[rows 39 to 77 of 200, columns 88 to 175 of 200]
34.9 36.8 35.9 37.3 38.6 40.2 41.3 43.2 46.6 45.1 47.8 46.8 46.3 47.3 46.8 47 46.6 47.1 49.9 49.2 46 45.5 45 44 43.1 42 43.2 44.2 44 44.3 45.7 46.2 44.7 42.8 39.7 36.6 32.8 29.1 24 23.7 23 22.3 22.1 21.4 19.4 16.1 12.9 11.9 11 11.1 10.9 10.2 9.5 8.2 7.9 6 5.1 5.3 6.7 8.1 7.8 7.7 7.5 7.4 7.3 7.1 5.7 4.7 5.2 5.6 4.8 4.4 3.9 3.8 1.5 3.8 4.7 9.1 10.2 9.6 9.3 8.4 8.5 8.5 8.2 8.4 8.5 9.3
32.8 33.9 33.8 34.9 36.7 38.5 42.8 44.7 48.4 46.4 49.7 49.1 48.7 49.2 49.5 49 48.4 49.6 51.5 48.1 42.4 41.9 43.2 43 41.9 42.2 43.4 43.2 43 43.7 43.6 43.9 43.2 41.9 38 36.6 32.9 29.6 28 27.1 26.3 25.5 24.1 24.2 21.6 18.1 14.7 12.1 11.3 11 10.1 9.5 8.1 6.8 6.7 5.2 5 4.9 5 6.6 7.8 7.8 7.6 7.5 7.3 7.2 7 6.3 5.1 4.5 3.1 3.3 3.4 3.9 -2 3.7 6.9 11.1 11.2 10.3 8.1 7.2 7.3 6.8 6.5 3.8 3.7 5.6
32.4 31.5 31.8 32.8 34.7 38 47.9 47.3 47.8 49.3 50.3 49.4 49 48.3 48.1 49.8 50.2 51.6 51.1 44.3 38.8 38.2 40 40.9 40.9 41.8 42.4 42.5 41.4 40.7 40.3 41 41.3 40.1 38.1 35.1 32.4 31.6 31.4 30.7 29.3 27.6 25.8 24.4 22.6 19.5 16.2 12.8 10.9 10.1 8.9 8.3 7.3 5.7 5.2 5 4.8 4.7 4.6 4.6 6.2 7 7.7 7.5 7.4 7.2 7.1 6.7 6.3 5.4 4.2 3.2 3 -2 -2 5.8 7 8.8 8.3 7.4 6 4.9 5.1 3.4 4.3 3.1 3 2.9
37.2 36.6 36.5 35.3 34.2 36.6 42.9 49 47.5 48.6 48.7 47.9 46.6 45.4 45 47.2 49.8 51.4 49.2 46.7 39.3 36.6 36.6 37.7 38.9 40 41 42 40.5 37.9 36.4 35.9 37.6 41.9 39.2 35.3 33 33.5 33.1 31.7 29.7 27.8 25.8 24.2 21.9 18.7 15.5 12.7 10.1 9.1 7.8 7.1 6 5.3 5 5.7 6 5.7 5 4.8 4.7 5.4 7.2 7.5 7.4 7.3 7.2 6.6 5.9 4 3.7 3.7 -2 -2 6.4 6.9 6.9 6 5.1 4.6 4 3.3 3.6 -2 4 3.1 2.9 2.8
38.4 40.3 40.8 38.3 36.6 36 36.9 45 45.9 46.2 46.7 45 43.3 42.6 41.9 45 48.2 48.7 48.2 46.4 42.3 36.9 35.1 34.5 35.7 36.9 38 38.8 38.2 35.8 33.3 33.4 41.4 43.6 40.7 36.2 33.9 33.6 32.9 31.4 27.9 26 24.2 22.1 19.5 16.8 13.7 11.3 9 8.1 6.8 5.8 5.3 5.9 5.7 5.5 6.4 6.6 5.1 5.2 5.2 4.9 5.8 7.3 7.3 7.3 7.1 6.1 3.5 2.7 3.8 3.6 -2 -2 6.5 6.7 6.6 5 3.9 4.2 3.8 -2 2.7 4.2 -2 -2 4.3 3.2
38.7 39.9 42 40.6 37.9 36.4 40.9 46.2 44.9 45.5 43.7 41.9 39.8 38.5 38.4 43.4 45.9 46 45.9 44.4 41.6 37.4 35.1 33.2 33.1 34.3 35 35.6 33.9 32.5 31.8 32.7 38.3 40.9 38.8 35.1 33.6 32.7 31.7 30.6 27.4 24 21.8 20.2 17.5 14.7 12 10.3 7.9 6.6 6.7 5.8 6 6.8 6.2 6.5 7 7.3 6.7 6.6 5.9 5.1 4.6 6.1 6.1 5.9 4.9 4.1 4.1 4 3.9 3.7 -2 -2 -2 6 5.3 4.8 3.9 -2 -2 3.4 3.3 3.2 3.4 3.7 -2 -2
40.4 40.2 41.2 40.9 38.4 37.7 46.2 45.6 44.9 43.9 42.1 39.2 36.7 35.4 38.7 41.4 43 43.3 43.2 42.1 39.3 35.6 33.3 32.2 31.9 32.6 33.2 33.8 31.8 30.2 28.8 31.1 35.1 36.7 34.2 32.7 31.1 29.8 29.6 29.1 27.4 22.4 19.1 17.5 15.9 13.3 10.3 7.5 7.4 7.2 6.6 7.5 7.6 7.8 8 8.1 7.7 7.4 7.2 6.7 6 5.3 4.4 4.5 4.4 3.9 4.5 4.2 3.3 4.3 4.4 4.2 3.7 3.6 -2 2.7 4.8 -2 -2 3.8 3.4 4.4 4.3 4.2 3.5 3.3 3.1 3.7
42.5 42.2 41.8 42.4 43.4 46.2 45.1 44.2 44.1 43.4 41.4 38.3 34.9 35.1 38.4 39.6 39.6 39.4 39.3 39.2 36.6 33.3 32.1 30.9 31.5 32.7 33.5 33.9 31.4 29.3 28.1 29.1 32.1 32 30 27.7 25.5 24.7 24.6 22.9 21.8 19.9 17.5 15.7 13.9 11.7 8.5 6.6 6.7 7.4 7.5 8.3 9 9 8.5 8.1 7.8 7.4 7 6.7 5.8 5.5 5.1 5.1 5 4.7 4.7 5.5 5.3 5.4 6.5 6.5 5.2 3.9 3.2 2.9 -2 3.9 3.5 3.3 3.9 5.4 5.3 5.2 5.1 4.4 3.4 3.4
44.9 46.2 45.9 43.7 46.2 46.3 43.7 42.4 41.6 40.5 38.7 36.5 34 33.9 37.3 37.7 36.1 35.6 35.6 35.7 35.3 33.8 32.2 29.8 31.1 32.4 33.6 33.6 29.2 27.9 25.9 27 28.4 28 26.1 23.8 20.2 20.5 19.4 18.5 17.5 16.5 16.4 14.8 13 10.1 8.4 6.9 7.1 8.4 9.9 10 9.6 9.5 9.3 9.2 9.1 8.3 7.2 6.6 7.7 7.5 6.6 5.1 5.1 5.4 6.7 7.4 6.9 7.5 7.4 7.7 7.4 5.8 4.2 4.8 4.3 3.2 3.1 5.5 6.7 6.7 6.5 6.3 6.1 6 5.2 3.8
47 48.6 50.2 45.5 45.9 46.2 43.7 39.9 38.3 37 35.7 35 33.5 33.7 35.9 35.2 34.4 34.2 34.3 34.3 33.9 31.2 29.8 28.9 29.7 30.6 31.5 32.4 29.6 26.5 24.7 23.8 24.6 23.7 21.9 19.7 17.6 16.8 15.6 14.5 14.1 12.9 13.3 13.7 11.8 10.3 8.4 7.4 7.3 9.8 10.8 10.3 10 9.9 9.8 9.7 9.6 9.4 9.3 9.7 9.6 10.2 9.7 8 7.1 7.7 9.1 8.9 8.5 9.6 9 9.2 8.7 7.7 7.3 6.9 6.4 3.6 3.5 7 8.1 8.4 8.2 7.8 7.3 6.8 6.2 5.5
49.2 50.6 45.3 49.4 50.5 47 42.4 38.1 36.5 35.1 33.9 34.2 32.6 32.6 33.8 33.1 32.4 32.2 32.6 33.3 32.6 30.8 28.8 27.3 28.2 29 29.9 30.8 30.6 27.3 24.5 21.3 21 19.5 17.6 16.2 15.3 14.3 11.7 11.2 11.5 10.8 10.6 11.1 11.6 10.8 8 7.4 7.6 10.8 11.1 10.6 10.4 10.3 10.2 10.1 10 9.9 9.8 11.4 11.8 15.2 15.5 17.3 12.9 10.3 11.7 11.6 10.6 11.2 10.7 10.4 9.6 8.6 8.1 7.7 5.1 4.4 4.7 8.1 9.1 8.9 8.8 8.4 7.9 7.3 6.7 6
47.3 44.7 51.2 51.5 49.6 43.5 39.4 35.9 35.3 34.1 33.1 32.7 31.2 31.1 31.3 31.1 30.3 29.9 29.7 31 31.6 30.2 28.2 26.7 26.7 27.5 28.3 28.8 28.4 26.9 23.8 21.8 19 17.4 15.9 14.9 15.6 13.9 13.5 12.3 11.9 10.6 9.2 9.6 10.3 9.5 7.4 6.8 7 11 11.3 11 10.9 10.8 10.7 10.6 10.5 10.4 10.4 12.5 15.7 19.7 20.9 20.1 17.3 15.7 14.5 14.2 12.6 12.6 11.9 11 10 9 8.3 6.9 4.1 5.4 7.3 9.2 9 8.7 8.4 8.4 8.2 7.6 6.9 6.2
44.3 51.2 51.5 49.8 47.4 41.6 36.6 33.9 32.8 33 32.5 31.4 29.9 29.8 29.7 29 28.3 27.6 27.5 28.6 29.7 29.8 28.5 27.3 26.1 25.9 26.1 25.6 25.1 24.6 24.1 21.5 19 17.6 16.9 16.4 15.7 14.5 14.1 13.6 12.8 12.3 11.5 9.4 8.7 7.5 7 6.5 9 11.3 11.5 11.4 11.3 11.2 11.1 11 10.9 10.8 11.4 13.8 18.7 21.9 21.9 21.1 19.6 18.8 17.9 14.9 14.2 12.7 11.2 10.9 9.6 8.3 6.3 4.3 3.7 6.1 8.5 9.9 9.3 8.5 8.2 8 7.8 7.3 7 6.4
47.9 47.6 47.7 47.2 44.4 39.9 35.9 32.5 30.7 31.5 31.1 30.6 29 28.6 28.3 27.5 26.8 26.4 26.3 27.5 28.6 28.1 26.9 25.7 24.5 23.3 22.9 22.4 21.9 21.4 20.9 20.4 18.9 17.2 16.2 16.2 15.4 14.9 14.3 13.8 13.2 12.3 11.7 10.7 7.5 6.7 7.3 7.9 11.1 11.6 11.8 11.5 11.3 11.2 11.1 11 10.9 10.8 11.6 14 18.3 20.5 21.1 20.5 19.7 19.1 18.1 16.6 14 11.5 10 8.3 7.2 6 4.2 4.5 5.7 7 9.6 10.6 10.3 9.5 8.7 8 7.4 6.9 6.5 6.2
44.9 44.2 44.3 43.9 42.5 37.5 32.4 30.4 30 29.8 29.5 29.1 28.3 28 28 26.9 27 26.7 26.3 26.3 26.9 26.4 25.3 24 22.9 22 22.7 22.4 22 21.6 21.2 20.8 19.2 17.3 15.6 14.5 14.9 14.5 13.7 13.1 13 10.8 8.8 7.8 6.8 6.9 7.6 10.3 11.6 11.9 12.2 11.7 11.4 11.2 11.1 11 10.9 10.9 11.3 12.8 15.6 17.2 19.3 18.5 17.8 17.1 15.9 14.6 12.2 10.2 8.5 6.7 4.8 4.7 5.5 7.3 8.4 9.1 10.6 11.3 11.3 10.5 9.6 8.2 7.7 6.7 6 5.7
40.9 40.7 39.8 39.6 40.2 38.4 33.9 29.7 27.9 26.7 27 27.3 27.9 28.2 28.2 27.4 27.3 26.9 26.4 25.9 25.3 24.8 23.6 22.6 22.1 21.2 21.8 22.4 22.7 22.3 21.8 21.4 19.6 17.7 15.5 13.5 13.7 13.9 13 11 10.3 8.9 7.5 7.5 8 8.5 9.5 10.8 11.9 12.2 12.5 12 11.6 11.3 11.1 11 11 10.7 10.4 11.3 12.7 14.4 16.4 15.9 15.2 14.3 13.1 12.1 10.4 9 7.4 6.8 8.1 5.6 7 8.3 9.5 10.6 11.5 11.9 12.3 11.1 9.7 8.4 8.1 7.4 6.4 5.7
36.1 35.9 36.3 37 37.5 36.8 33.8 29.9 27.8 26.2 25.5 26.5 27 27.5 28 27.6 26.9 26.4 25.9 25.2 24.4 23.5 23 22.9 22.5 20.3 20.9 21.5 22.1 22.7 22.5 22 20.1 18.3 15.5 13.8 10.4 12.5 10.1 7.8 7.6 7.7 8.5 8.8 9.5 10.2 11.1 12.1 12.2 12.5 12.8 12.3 11.8 11.5 11.3 11.2 11.4 10.6 9.9 9.8 10.7 11.8 12.6 12.6 12.4 11.5 10.4 9.5 8.2 7 7 9.1 7.8 6 6.2 9.2 10.4 11.3 11.7 12.1 12.2 10.9 9.7 8.7 8.4 8.1 7.3 6.4
33.5 33.3 33.7 34.4 34.6 33.9 33 29.9 27.2 24.5 24.3 25.6 25.9 26.3 26.6 26.9 26.5 26 25.4 24.5 23.5 22.4 22.9 22.7 21.6 19.5 19.9 20.6 21.2 21.8 22.5 22.6 21.4 18.7 15.9 13.8 10.4 8.8 7.7 7.7 7.8 8.8 9.8 10 11 12 12.8 13.7 13.5 13.3 13.1 12.6 12.1 12.6 12.6 12.6 12.4 10.8 10 9.9 9.6 9.4 9.7 10 9.7 8.7 7.6 7.5 7 7.4 7.9 9.3 9.1 6.9 5.6 9.4 11 11.4 11.9 12.3 11.9 11.1 10.3 9.5 9.1 8.6 7.4 6.3
31.7 31.4 31.9 32.7 33 32.3 31.2 29.3 26.5 24.7 24 24.2 24.5 24.9 25.2 25.5 25.8 25.5 24.5 23.9 23.2 22.9 22.8 21.6 20.5 19.4 18.9 19.4 20 20.6 21.2 22.4 21.2 18.7 16 13 9.8 8.1 8.3 7.6 9.7 9.9 11 11.4 12.5 13.6 14.4 15 14.8 14.4 13.7 13.1 12.4 12.8 13.7 13.5 12.1 10.6 10.5 10.6 10.3 9.8 9.1 8.5 7.8 7.1 7.3 7.8 8.6 8.6 8.9 9.5 10 8.3 6 7.5 11.1 12.1 12.4 12.5 12.3 12 11.1 10.4 9.9 9.1 7.8 6.3
29.9 29.4 30.2 31.4 31.4 30.4 29.3 28.1 25.8 24.9 24.1 23.3 23.2 23.5 23.8 24.2 24.8 24.8 24.8 24.2 23.7 23.6 22.7 22.2 21.2 19.8 16.8 16.7 18.5 19.2 19.9 20.7 20.4 17.7 15 12.3 10.2 8.3 9.8 8.8 11.2 11.8 12.1 12.9 14 15.1 16.1 16.3 15.6 14.9 14.2 13.6 12.8 12.1 13.5 11.9 11.4 11.1 11.1 11.5 11.5 10.6 9.7 9.1 8.6 8.7 8.9 9.5 10.3 10.5 10.4 10.4 10.7 9.8 6.5 7 10.7 12.1 12.4 12.5 12.2 11.9 11.6 11.1 10.3 9.5 8.1 6.9
28 27.6 28.7 30 29.7 28.5 27.4 26.3 25.9 25.1 24.3 23.5 22.8 22.6 23.2 23.7 23.7 22.8 25 24.7 24.3 23.2 22.5 22.3 21.5 20.7 17.9 13.9 14.7 17 18 18.2 18.1 15.9 12.2 9.3 8.1 9.6 11.5 10.2 11.6 12.6 13.2 14.7 15.9 17 18.1 17.3 16.2 15.4 14.7 14 13.3 12.6 12.9 11.9 11.6 11.9 12.2 13 13 12.4 11.1 10.4 10.5 10.6 10.8 11.5 11.9 12.4 12.3 12.2 11.2 9.8 8 8.6 10.2 11.5 12.5 12.4 12.1 11.7 11.3 10.9 10.3 9.7 8.9 7.7
25.9 26.7 27.7 28.6 27.9 26.9 26 25 25.6 25.4 24.6 24.1 23.7 22.5 22.7 23.1 22.2 21.3 23 25 23.9 22.7 22.3 22.4 21.6 19.4 16.3 13.1 13.2 17.9 18.2 16.2 15.1 13.5 9.9 8.7 9.3 12.1 12.8 12.1 12.2 13.3 14.5 16.3 18 19.2 20.5 19.8 18.4 16.7 15.6 14.8 14.1 13.3 12.6 12.4 12.5 12.8 14 14.6 15.4 13.7 12.8 12 12.7 13.1 12.8 13.6 13.9 14.3 14.2 12.7 10.9 8 7 9.4 10.4 11.5 12.5 12.2 11.8 11.4 11 10.5 9.9 9.3 8.6 7.9
24 25.5 25.8 27.4 26.4 25.6 24.7 24.5 25.2 25.8 25.3 25 24.4 23.3 22.2 21.6 20.6 18.9 20.1 23 22.6 22.5 22.4 22.3 20.7 19 17.6 13.6 12.4 17.3 17.1 16 13.7 9.3 8.7 9.7 12.6 13.3 13.7 13 12.7 13.6 15.9 17.8 19.6 21.2 21.1 19.9 18.8 17.6 16.6 16.2 15.8 15.3 14 13.3 13.9 14.3 15.8 15.7 15.5 14.4 13.2 13 14.3 14.6 15.4 15.8 16.3 16 14.4 12.3 9.4 6.5 9 10.9 11.2 11.4 11.6 11.6 11.4 11 10.6 10.2 9.6 9 8.3 8
23.1 23.1 24.9 25.7 25.3 24.8 23.7 23.2 24 25 24.7 24.5 24 23 21.9 19.8 16.6 14.9 16.8 22 22 21.9 22.1 21.4 20.1 18.5 17 15.4 10.2 13.9 14.7 13.3 11.4 9 9.6 12.6 14.2 14.6 14.8 14.1 12.2 13.9 16.6 18.5 19.8 20.6 21 19.9 18.8 19 18.8 18.3 17.9 16.2 15.5 14.7 15.5 17 16.1 16.2 16.3 15.5 14.1 13.8 15.3 16.7 17.3 17.6 17 16.3 13.9 11.3 8.9 8.4 11 10.7 10.4 10.7 10.7 10.7 10.7 10.7 10.3 9.9 9.3 8.7 8.5 8.5
24.7 22.1 21.1 23.2 23.1 22 21.6 22.5 23 24 23.9 24 23.4 22.3 21.3 20.8 20.1 17.8 15.6 20.9 21.7 21 20.3 19.2 18.3 17.4 16.4 15.2 13.2 11.1 10.5 9.9 9.2 11 13 14.5 15.8 15.8 15.5 14.2 13.1 13.6 16.3 17.3 18.1 19.3 20.4 19.5 18.6 19.6 20.2 20.1 19.7 17.7 17 17.1 17.5 19.2 17.5 17 17.1 17.1 16 16 16.9 17.8 18.4 18.9 17.4 15.5 12.6 9.9 8.3 10.5 11.5 11.3 10.9 10.2 9.8 9.7 9.8 9.8 9.8 9.5 8.9 8.8 8.7 8.6
25.1 23.7 21.9 21.8 22.1 21.9 22.4 22.6 23 23.4 23.3 23.5 22.7 21.6 21.2 20.7 20.1 18.9 14.1 19.6 20.7 20.5 19.2 18.6 17.8 16.8 15.9 14.7 14.9 12.5 10.4 9.1 9.6 12.7 14.9 15.9 16.6 16.5 15.5 14.2 13.3 14.1 15.9 17 17.5 18 19.1 19.1 18.5 19.5 20.4 20.3 20.1 19.2 18.6 18.9 19 20.3 20.2 19.7 19.3 18.1 18.2 17.8 18.5 19.2 19 18.8 17.3 14.3 11.3 8.5 10.8 12.7 11.6 11.4 10.9 9.8 9.1 8.8 8.8 8.9 8.9 8.9 9 8.8 8.4 8
26.6 25.8 25.7 25.5 25.3 24.4 23.8 23.2 23.1 23.4 22.8 22.9 22 21.5 21.1 20.6 19.8 18.5 13.7 18.4 18.9 19.2 18.1 17.3 16.8 16.4 15.5 15.1 14.8 13.4 10.5 9.3 10.7 14.2 16 16.9 17.1 16.2 15.2 14.7 14.5 14.3 15.4 16.7 17.8 17.7 17.9 18.8 18.5 19.3 19.8 19.3 18.9 17.8 18.8 20.3 20.9 20.7 20.7 20.4 20.5 19.9 20.1 20.1 20.3 19.9 19.1 17.6 15.6 12.8 9.5 10.9 14.4 15.2 13.9 12.6 10.9 9.6 8.6 8.3 8 7.8 7.8 8.1 8.6 7.9 7.1 7.1
28.9 27.9 29.2 29.3 28.6 25.5 24.6 24.1 23.7 23.5 21.8 22.4 21.9 21.5 21.1 20.1 18.4 16.1 12.4 15.6 17.1 17.4 17.1 16.3 15.4 15 14.8 15.5 14.7 12.5 9.9 9.8 13.7 15.8 17 17.7 17.4 17.1 16.3 16.3 15.8 15.1 15.3 16.4 18.1 18 17.9 17.8 18.2 17.9 17.5 17.5 17.4 17.4 18.9 19.9 21.2 21 21.1 20.9 20.9 21 20.8 21 20 19 17.9 15.5 12.5 10.3 10.6 13.6 16.6 17.8 16.6 15.4 13.3 10.2 9.2 8.6 8 7.7 7.3 7.1 7.6 6.9 5.9 5.7
28 28.1 29.3 29.4 28.7 26 25.4 24.9 23.9 22.6 22 20.8 20.2 19.6 18.6 18.7 17 14.5 11.8 12.7 14 14.8 13.9 13.4 13.1 13.2 13.4 15.3 14.5 11 9.8 12.4 15.6 17.1 17.5 18 18.6 18.1 17.4 17.2 16.8 15.8 15.9 16.4 18 18.3 18.1 17.6 16.8 16.3 15.9 15.9 15.8 15.4 16 16.9 18.5 19.7 19.9 20 20.4 20.6 21.4 21.1 20.1 18.1 15.9 14 11.5 10.7 12.7 15.9 18.7 19 18.6 17.3 14.4 11.4 10 9.3 8.4 7.3 7.2 7 6.8 6.2 5.7 5
26 26.2 27 27.3 27.5 26.2 23.9 21.6 19.4 19.3 20.2 20 19.5 19 18.7 18.1 17 14.9 14.1 13.1 11.7 11.4 11.8 12 11 10.7 11 12.1 11.4 9.4 10.5 15.5 16.4 16.8 17.2 17.7 18.4 19.1 19.4 18.4 18 17 17 17.4 17.7 18.2 17.5 16.7 16.1 15.3 14.6 14.5 14.1 13.9 14 14.6 16.1 17.4 17.8 17.8 18.5 20.2 20.9 20.4 17.9 15.7 14 12.8 11.2 12.1 14.8 18 19.8 19.7 19.4 17.3 14 12.2 10.3 9.2 8.2 7.1 6.5 6.4 7.6 8.8 8.5 8
25.7 24.8 24.6 24 23.6 22.4 22.5 21.8 21.2 21.6 22.3 22.6 21.3 20.4 20.1 19.3 18.3 17.8 17.3 16.6 15.8 16.2 15.3 14.5 13.8 13.3 12.3 9.8 10 10.1 12.9 17.2 16.7 16.5 16.9 17.4 18.2 18.6 19 19.2 19.3 18.9 18.5 18.3 18.4 17.8 16.7 15.9 15.2 14.7 14.5 15 15.5 15.4 14.6 13.8 13.7 13.9 15.3 16.3 16.6 18.1 18.9 18.4 16.3 13.7 12.1 11 12.5 14.5 17.1 19.3 20.3 20.4 18.7 16.1 12.9 11.7 9.9 8.7 7.8 6.8 5.8 6.7 7.7 9.1 8.9 8.2
28.3 26.8 24.8 23.8 23.5 23.8 24.4 24.3 24.2 24.5 24.8 25.2 24.2 23.5 22.6 21.5 20.9 20 20.3 20 19.5 18 16.9 15.8 16 15.5 14.1 12.5 9.9 11.5 15.9 17.2 17.3 16.7 16.6 17.2 17.7 18.1 18.5 18.9 19.1 19.5 19.1 19 18.4 16.9 15.8 15.1 14.6 14.5 14.5 16.6 16.9 16.8 16.1 15.5 15.2 14.6 13.6 14.1 14.8 15.8 16.8 16.4 15.2 12.6 11.6 12.7 15.1 16.9 19.3 21.3 20.8 19.6 17.4 15 12 10.9 9.4 8.3 7.3 6.4 5.9 6.2 6 5.2 5.3 4.6
30.9 29.3 27.5 26.2 25.6 25.9 26.2 26.5 27.1 27.5 27.6 27 26.5 26.3 25.4 24.4 23.5 22.1 22.3 22.2 20.8 19 18.1 17.2 15.8 14.7 13.5 11.4 11.3 14.9 16.2 16.9 17.9 17.3 16.6 16.9 17.3 17.7 18.1 18.5 18.8 19.4 19.7 18.6 17.4 15.6 14.9 14.7 14.5 14.7 15.5 16.8 18.4 18.3 18.5 17.1 16.2 14.8 13.8 13.6 13.7 14.2 14.5 14.7 13.9 12.2 12.3 15.1 17.7 19.6 20.8 21.3 20.2 17.7 15.2 13.3 11.2 10.1 8.9 7.8 7.3 6.8 6.3 5.9 5 4.5 4.7 4
34.1 31.9 29.9 28.8 27.9 27.6 27.9 28.4 28.8 28.2 29.1 28.7 27.8 27.3 26.9 26.3 25.1 24.2 23.2 21.7 18.9 16.6 15.1 13.6 12 10.8 10.6 10.7 13.5 17.6 18.3 18.7 18.6 17.9 17.3 16.5 16.7 17.1 17.5 17.9 18.2 18.1 18.8 17.6 16.2 14.9 14.9 14.7 15.8 16.4 16.8 18.1 19.5 20.2 19.5 18.1 16.9 15.5 14 13 12.8 13 13.2 13.1 12.1 11.6 13.6 17.1 20 20.7 20.9 20.7 18.3 15.5 13.1 11.9 10.7 9.5 8.8 7.9 7.4 6.8 6.3 5 4 3.5 3.4 4
36.6 35 32.2 31.6 30.7 29.9 29.4 28.1 27.7 27.3 26.8 24.9 23.8 23.8 25 23.4 21.8 20.8 20 16.8 14.1 11.4 11.9 11.3 11.2 11.8 12.7 15.3 17.1 18.7 20.1 19.9 19.3 18.7 17 16.6 16.3 16.6 17 17.6 17.9 17.4 17.3 16.7 15.4 15.2 15.3 16.5 17.2 18 18.2 19.6 21 20.9 19.9 18.7 18 16.5 15 13.4 12.3 11.8 11.7 11.6 11.6 11.9 13.9 17 19.2 20.3 20.1 19.7 17.3 14.6 12.8 11.5 10.3 9.6 9.6 8.5 7.2 6.7 6.2 5.5 4.5 4.3 4.5 4.4
36.7 35.7 34.9 34.3 33.3 30.6 27.7 26.6 26.2 26 24.4 23.3 22.3 21.4 21.7 20.1 17.4 15.6 15.3 12.6 11.8 11.9 13 13.6 14 14.8 15.9 17.7 19.3 20.9 21.3 20.7 20 18.4 17 16.7 16.4 16.2 16.4 16.7 17.1 16.8 16.5 15.9 15.1 15 15.4 17.5 19 19.6 20.1 21.3 22.2 21.8 20.6 19.2 18.7 17.5 16 14.4 12.9 12.3 11.9 11.7 12 12.2 13.4 15.2 17.1 18.8 19.1 18.5 16.4 13.7 12.5 11.2 10.4 10.3 10.3 9.2 7.8 6.5 6 5.6 6.4 6.8 6.3 6.1
36.8 35.8 34.6 32.3 30.3 27.9 27.1 25.7 25.1 24.5 24.3 23.2 22.3 21.3 20.1 18.4 15.9 13.7 14.1 11.9 13.8 15.7 16 16.3 16.8 17.4 19 21.2 22.2 22.6 22.8 22.2 20.2 18.1 17.1 16.8 16.5 16.4 16.1 15.8 15.7 16.9 18.2 17 15.1 15.3 16.1 18.5 20.7 21.3 21.8 22.4 23.3 22.5 21.5 20.6 20.4 19.1 17.1 15.4 14 13.3 12.9 12.5 12.3 12.5 13 14.2 15.5 17 17.9 17.3 15.4 15.6 14 12.3 11.5 11.1 11 9.9 8.6 7.2 7.4 8 8.7 9.5 9.6 8.9
36.9 34.5 32.1 29.8 28.2 27.4 26.6 25.9 25.2 24.4 23.7 22.9 22 21 19.7 17.4 15.5 13.1 13.7 14.5 15.4 16.8 18.3 18.6 18.9 19.5 22 23.5 23.4 23.8 23.3 21.1 19 17.6 17.1 16.7 16.7 16.7 16.4 16.1 15.8 16 16.7 16.5 15.2 15.5 17.1 19.5 22 23.1 23.5 24 24.3 23.6 22.9 22.6 22.3 21 19.2 17.8 16.6 15.4 14.3 14 14.1 14.4 14.5 15 16.1 16.7 18 18.6 17.5 17.5 17 14.3 13.8 14.3 14.6 13.7 12.5 11.7 12.8 12.8 13.9 14.2 12.8 9.8
34.7 31.9 29.7 27.9 26.9 26.1 25.5 24.8 24.3 24 23.2 22.5 21.7 20.7 18.8 16.4 14.5 12.6 13.4 14.6 16.4 17.9 19.3 20.9 21.2 21.7 24.2 25 25.2 24.3 22 19.8 18.4 17.8 17.3 17 16.9 16.9 16.7 16.4 16.2 16 15.7 15.6 15.6 16.2 18.1 20.6 23 24.8 25 25.1 25.1 25.1 24.8 24.5 24 23.4 21.7 20.6 19.5 18.2 17 18.5 19.4 18.9 18.6 18.9 19.6 19.1 18.5 19.4 19.9 19.5 19.2 18.2 17.3 18.1 18.8 18 17.1 16.6 16.5 16 16 14.4 11.5 9.7
