Game/Highland_Data/StreamingAssets/GeoData/Data/tq/TQ21.asc
ncols 200
nrows 200
xllcorner 520000
yllcorner 110000
cellsize 50
[rows 156 to 194 of 200, columns 0 to 86 of 200]
2 2.2 2.4 2.5 2.5 1.9 2.4 3.2 3.6 3.5 4.1 4.1 4.8 8.2 8.9 6.1 7.5 9.1 10.7 12.8 10.1 9.1 8.9 9 11.4 13.8 15.8 16.6 17.4 20.1 18.7 17.7 17.4 17.8 19.5 20.4 20.9 21.4 23.5 26 27.9 30.7 34.2 32.5 32.6 33.8 34.6 35.2 34.6 33.3 31.8 30.5 29.9 29.3 29.2 29.2 28.9 27.9 27.2 27.1 27 25.2 23.2 23.9 25.1 26.3 27.5 28.9 28.6 26.8 25.3 25.2 25.1 25 25 25.3 26 26.7 27.6 28.5 29.5 30.6 31.6 32.7 33.8 34.9 35.1
1.9 2.1 2.2 2.4 2.6 2.1 1.4 2.5 2.5 2.5 2.6 2.8 3.1 3 3.6 3.7 4 4.7 4.5 5 5.9 5.7 6.9 7.1 6.9 7.7 9 9.9 10.6 12.4 13.3 16 15.5 17 18.5 19.8 20.2 21.9 24.6 27.2 29.9 32.1 33.3 33.3 33.5 34.2 34.5 36.3 36.6 36.2 34.7 33.1 31.5 30.8 30.7 30.8 30 29 28.4 28.3 28 26.1 24.1 24.6 25.7 27.1 28.5 29.4 28.4 27 26.6 26.4 26.2 26.1 26.1 26.3 26.6 28.1 29.2 29.8 30.5 31.4 32.4 33.4 34.4 35.3 35.8
1.5 1.4 1.4 1.4 1.4 1.4 1.5 2.4 2.5 2.6 2.5 2.4 2.5 2.6 2.8 3 3.4 3.8 4.4 4.9 5.8 5.7 6.2 7.7 8.8 11.3 14.6 12.5 14.7 16.2 15.3 15.6 15.3 16.1 17.5 19 20.4 23 25.3 27.6 29.9 32.2 33.6 33.8 33.7 33.7 34.7 36.8 38.5 39.1 37.5 36 34.3 32.6 32.3 32.1 31 29.8 29.7 29.6 28.9 27.3 25.2 25.2 26.4 27.8 29.4 29.9 28.9 28.2 27.9 27.7 27.5 27.1 27.1 26.9 27.6 29.2 30.8 31.2 31.5 32.4 33.3 34.3 35.3 35.9 36.3
1.5 1.5 1.5 1.5 1.5 1.5 1.4 2.5 2.7 2.6 2.5 2.4 2.4 2.7 3.1 3.6 4.7 5.4 6.2 6.6 6.8 6.6 6.8 7.6 9.5 12.8 15.6 17.3 17.8 19 19.5 19.1 18.1 18.5 18.4 19.5 20.3 22.6 24.7 27.2 29.5 31.9 33.9 34.7 35.9 35.5 35.9 38 40.1 40.3 40.2 38.8 36.5 34.1 33.8 33.1 31.9 31.1 31.1 30.5 29.4 28 26.6 26.1 27 29.2 29.9 30.7 29.9 29.5 29.2 28.9 28.9 28.6 27.8 27.5 28.7 30.3 31.7 32.5 32.9 33.3 34.3 35.3 36 36.4 36.7
1.5 1.5 1.5 1.5 1.5 1.6 1.6 2.3 2.7 2.6 2.5 2.5 2.4 2.3 3.1 4.1 5.9 6.4 7.2 8.2 8.5 8.6 7.7 8.7 9.6 10.4 14.2 15.5 17.9 19.3 20.3 20.7 21.3 21.8 21.7 22.1 20.6 21.9 24.4 26.8 29.1 31.4 33.3 35.1 37.5 37.1 37.4 39.7 41.9 42.6 42.2 40.7 38.1 35.8 34.5 33.8 32.8 32.5 31.8 31.1 30.1 28.7 28 27.1 28.3 30 30.8 31.5 31.2 30.8 30.4 30.2 30.1 30 29.1 28.1 29.9 31.6 32.4 33.2 34 34.5 35.2 36.1 36.4 36.8 37.3
1.5 1.5 1.5 1.5 1.6 1.6 1.6 1.6 1.7 2.4 2.6 2.5 2.4 2.3 2.7 3.5 4.7 5.7 6.8 8.4 9 9.6 9.4 9.3 11.2 11.6 13.1 15.1 16.8 18.6 20.1 21.2 22.5 23.6 24.2 24.7 25.3 24.1 24.1 26.4 28.7 30.8 32.5 34.3 37.4 37.7 39 41.3 43.6 44.3 44.2 42.7 40.2 37.7 35.8 34.7 33.8 33.1 32.5 31.8 30.7 30.4 30 28.9 29.5 31.2 32 32.6 32.3 32.1 31.7 31.4 31.3 31.2 30.2 29.7 31.1 32.3 33.2 34 34.7 35.4 36.2 36.7 37.2 37.7 38.2
1.5 1.5 1.5 1.6 1.6 1.6 1.7 1.6 1.7 1.8 1.9 2 2.4 2.4 2.3 3.1 4.1 5 6.9 8.7 9.3 9.8 10.4 10.7 12.5 14.2 13.8 14.2 14.9 16.7 18.4 20.8 22.9 24.3 26 26.7 27.2 27.4 26.8 27 28.8 31.2 32.3 33.5 35.5 36.6 38.8 41.7 44.8 46.2 46.1 44.7 42.2 39.7 37.2 36.2 35.5 34.4 33.4 32.4 31.8 31.7 30.5 29.9 30.4 32.4 33.4 33.6 33.4 33.2 32.9 32.6 32.6 32.3 31.6 31.6 32.4 33.3 33.9 34.7 35.5 36.3 37.1 37.7 38.1 38.6 39.1
1.5 1.5 1.5 1.5 1.5 1.6 1.7 1.7 1.7 1.8 1.9 1.9 2 2.1 2.3 2.7 3.4 5.1 6.9 8.8 9.5 10.1 10.7 12.1 13.5 15.6 15.7 16 16.3 16.7 17 18.8 21.7 24.9 26.8 28.4 29.3 30.1 30.1 30.6 32.6 34.2 35.8 37.4 38.3 37.4 37.1 41.3 44.6 47.1 48.3 46.6 44.2 41.7 39.2 37.8 37.2 36.3 35.2 34.4 34.4 33.5 32.3 31.4 30.6 33.1 34.8 34.7 34.5 34.3 34.1 34.1 33.8 33.5 33.5 33.5 33.6 34.5 35.8 36.3 36.9 37.4 38 38.7 39.1 39.6 40.1
1.5 1.5 1.5 1.5 1.5 1.8 1.7 1.7 1.7 1.8 1.9 2 2 2.1 2.2 2.4 3.4 5.1 7 8.8 9.8 10.4 11.8 13.2 14.7 16.2 17.6 17.8 18.1 19.6 21 21.5 21.7 23.7 27 29.6 31.2 32.6 33.5 35.7 37.8 39.5 40.3 41.9 42.7 41.6 41 41 44.4 46.8 48.8 48.1 46.3 43.5 41 40.3 39.2 38.3 38.1 38.2 36.6 35.1 34 33.2 31.8 34.2 36 36 35.9 35.7 35.6 35.6 35.6 35.6 35.6 35.7 35.6 37.5 38.1 38.4 39 39.7 40.4 39.7 40.5 41.1 41.8
1.5 1.5 1.5 1.5 1.5 1.8 1.7 1.7 1.8 1.8 1.9 2 2.1 2.1 2.2 2.5 4 5.7 7.5 8.9 10.1 11.4 12.8 14.8 16.2 17.6 19 20.8 22.3 23.8 24.8 25.2 24.9 24.6 26.3 31.2 33.6 35 36.4 40.4 43.1 44.8 45.6 46.4 46.9 46.2 45.5 45.1 44.1 46.3 48.1 49.1 47.4 46.1 44.9 43.8 43.5 43.6 44.7 44 41.5 38.9 36.2 34.4 32.4 35.4 37 37.3 37.3 37.2 37.1 37.2 37.2 37.8 38.6 39.2 40.3 41.5 41.9 41.7 41.4 42.1 41.8 40.9 41.6 42.4 43.2
1.5 1.5 1.5 1.5 2 1.8 1.7 1.8 1.8 1.9 1.9 2 2.1 2.2 2.3 2.6 4.3 6.3 7.9 9.8 10.9 12.3 15 16.9 18.5 20.3 22.5 23.8 26.4 28 28.3 28.9 28.4 26.8 27.6 35.9 37.1 37.5 38.8 41.6 44.2 46.7 49.2 50.8 51.1 50.8 50.1 48.2 46.2 47.4 48.8 50.7 51.8 51.7 50.7 49.3 49.8 50.5 50.3 49.1 46.2 42.3 38.4 34.9 33.3 35.5 37.9 38.3 38.6 38.7 39.3 39.8 40.4 43.4 44.2 44.8 45.2 45.8 46.3 45.7 45.2 44.6 43.8 42.8 42.7 43.5 44.4
1.5 1.5 1.5 1.5 2 1.8 1.7 1.8 1.8 1.9 2 2 2.1 2.2 2.5 4.1 4.9 7.6 10.5 11.8 12.9 15.4 16.8 19.7 21.7 23.7 25.9 26.6 28.8 31.1 31.3 31.2 31.5 30.3 29.4 35.3 37.2 37.7 39.2 41.8 44.4 47.2 50.4 53.1 54.2 53.4 51.9 49.9 49.3 49.9 51.3 53.2 54.6 55.4 55.1 55.2 55 54.3 53.3 51.9 49.4 45 39.8 35.5 36.3 38.5 40 40.6 40.9 40.9 42.2 43 45.1 47.2 48.1 49 49.4 49.7 50.3 49.7 49.5 49.3 48.2 46.8 45.1 45 45.8
1.5 1.5 1.5 2.1 1.9 1.8 1.8 1.8 1.9 1.9 2 2.1 2.2 2.6 3.1 5.3 7.4 10.2 13.5 14.4 16.4 18 18.2 23 24.5 26.5 27.5 30.3 31.1 32.3 32.7 33.1 32.6 32.2 31.5 33.3 35.4 38 39.6 42.1 44.7 47.3 51.2 55.1 56.3 55.2 54 53.1 54.3 53.9 53 53.9 54.8 56.2 56.9 57.5 58.6 57.4 54.7 52.2 49.9 46.6 42.4 37.3 40.7 44.4 45 45.4 44.2 44.3 43.9 46 50.7 53.3 52.6 53.1 53.6 53.2 53.5 54.6 54.9 55.4 53.2 52.1 48.7 47.1 47.5
1.5 1.5 1.9 2.1 1.9 1.8 1.8 1.8 1.9 1.9 2 2.2 2.8 3.5 4.6 8.3 11.6 13.8 15 14.4 16.6 18.7 20.8 23.9 26.2 27.6 29 30.3 32.7 33.2 32.7 34 33.1 32.1 31.6 32.6 35.4 38 39.7 42.2 44.7 47 51.5 56.7 58.1 57.7 56.6 55.8 56.4 56.2 54.6 55.4 56.1 57.2 58.9 60.8 61.8 60 56 52.2 49.3 46.9 42.2 40.1 45.8 49.7 50.5 50.5 48.2 47.8 45.8 49.3 56.6 59.1 57.4 56.3 57.8 57.9 61.9 62.5 61.7 62.5 59.7 56.7 52.1 49.8 49.7
1.5 1.5 2.2 2.1 1.9 1.8 1.8 1.9 1.9 2 2.3 3.4 5.3 5.8 6.9 8.9 11.9 13.7 14.4 15 16.2 18.4 20.7 23.4 26.6 27.7 29.7 31.5 33.3 36.1 38.4 36.1 34.1 32.9 33.6 34.8 36.4 38.1 39.6 41.8 44 46 49.4 53.6 59.1 60.7 59.8 59.7 60.2 59.2 58.1 57 58.4 60.8 61.5 63.2 63.4 61.2 57.1 53.3 49.6 45.7 40.8 42 46.3 49.6 50.6 50 49.6 51.3 48.8 49.7 56.6 59.3 59.1 58.2 58.7 60.1 61.9 62.9 64.5 64.1 62.2 59 54.5 52 55.4
1.5 2.4 2.2 2.1 1.9 1.8 1.8 1.9 1.9 1.9 3.9 6.6 7.8 8.8 9.3 10.4 11.8 13.5 14.6 15.2 17 19.3 21.6 24.4 26.8 29.4 32 38.1 42.5 42.3 41.7 38.3 36.6 37.2 38.9 41.1 43.8 43.8 43.7 43.1 44.7 47 48.8 51.4 56.6 62.1 62.5 62.6 62.7 61.6 59.7 58.9 60.3 62.2 63.8 64.7 64.2 62.4 58.2 54.3 49.9 46.3 42.9 40.6 44.7 47.5 50.2 49.1 49.6 51.1 50.4 51.3 53.6 56.9 57.8 57.4 58.3 59.8 61.2 62 63 62.5 61.8 60.1 56.7 55.6 57.3
1.5 2.4 2.2 2.1 1.9 1.8 1.9 1.9 1.9 4.1 7.3 8.9 9.6 10.5 11.6 12.8 13.7 14.6 15.5 16.4 18 20.7 25.7 30.1 35.7 39.2 48.3 53.1 51.2 52.7 43.8 41.2 46.8 52.2 58.8 62.2 62.9 60.6 57.1 52.6 50.9 52.8 54.8 55 54.8 63.1 65.2 65.5 66.1 65.1 65.2 65.5 67.6 67.8 70.2 68.4 66.2 62.6 57.6 54.5 53.2 50.9 47.8 41.7 45.3 47.1 49.9 49.1 49.6 50.7 51.8 51.5 52.4 54.1 56.3 57.8 59.8 60.8 62.3 62.1 63 61.5 60.3 58.8 58.2 58.1 57.6
2.5 2.4 2.2 2.1 1.9 1.8 1.9 1.7 3.2 6.1 7.4 8.9 10.2 13.3 14 15.8 16.7 17.3 17.7 18.8 20.2 29.4 35.1 45.2 51.3 58 63.1 66.8 67 63 48.7 55.9 73.1 79.9 83.8 83.4 81.6 78.3 75.6 73.8 72.6 72.1 70 59.6 57 63.3 68.8 69.3 69.9 69.6 73.6 76.9 79.1 79.6 77.4 72.7 67.4 64.1 61.2 59.9 66.8 63.5 54 41.9 48.5 51.9 52.6 53.3 55 53.8 53.4 53.6 53.7 55.7 58.3 60.5 62.7 64.3 64.7 64.4 64.3 63 61 59.3 58.2 57.3 57.6
2.4 2.4 2.3 2.1 1.9 1.1 1.9 3.2 4.5 6.1 7.5 9.5 12.3 15 17.2 18.8 19.2 19.7 20.9 21.7 23.7 33.9 48.3 59.1 66 72.5 76.6 79.1 79.2 75.2 70.1 77.8 91.7 98.3 101 100.6 98.3 95 92.5 92 88.3 85.6 74.2 64.9 61.2 63.4 69.2 73.1 74.1 77.3 84.6 90.8 93.7 93.4 88.3 75.2 75.8 79.1 73.6 74.3 83 81.7 66.3 48.3 52.6 61.6 64.3 64.2 60.8 61.9 59.7 57.5 58.7 62 66.6 69.2 70.9 71.9 71.5 69.7 69.9 69.4 67.5 64.1 60.8 60.8 60.5
1.6 1.2 1.4 2.3 1.5 2.6 2 2.7 2.5 4.6 7.5 11.6 15.1 18.1 20.8 23.1 22.6 22.8 22.5 22.5 32.9 45.3 63.4 70.3 77.6 83.9 90.3 93 93.7 90.1 89.8 98.7 108.5 114.6 117.4 118.1 117.8 116.2 112.8 111.1 106.5 96.8 76.2 76.8 72.6 66.4 69.8 76.8 80.9 88.1 98.2 107.9 111 101.5 94.1 85.5 96.1 99.7 91.2 95.1 100.8 89.5 66.8 53.6 68 83.9 87.1 88 87.4 85.2 67.3 66.7 67.8 75 84.4 89.3 90.7 89 82.7 75.8 85.1 88.5 86.7 72.7 63.5 64.2 67.3
2.3 1.8 2.2 2.3 2.3 2.2 2.2 2.4 3.2 5.7 9.5 13.6 17.8 21 25.5 25.7 24.4 23.5 24.1 24 38 60.6 72.4 80.6 89.1 96.5 101.6 105.8 106.8 106.5 107.3 115.1 122.5 127.3 130.8 133.5 135.7 135.3 135 132.1 123.9 106.9 84.3 89.5 87.7 76.3 71.8 79.9 86.6 100.1 114.3 124.6 128.8 125.6 106.8 102.4 115.5 120.6 114 117.1 116.1 96.5 70.8 72.4 88.2 104.7 112.3 112.4 110.6 95.4 79.4 86.6 88.5 89.1 104.5 110.9 111.9 106.3 86.5 86.9 106.2 112.1 104.2 84.5 68.4 74 80.8
2 1.2 1.9 1.9 2.1 2.1 2.1 2.1 4.3 7.6 11.6 15.6 20.1 25.8 28.3 27.2 25.6 23.8 25.3 31.8 52.9 70.7 80 91.5 99.2 105.3 110.6 115.5 117.5 119.2 120.9 126.1 131.7 134.2 141.3 146.6 150.7 155.2 157.4 150.5 139.2 117 99.5 106.2 107.6 94 79.7 84.8 102.8 116.9 130.5 141.1 145.6 141.5 121 124.5 135.3 143.4 138.5 137.6 133.8 111.1 94.9 99.8 112.1 127.7 136.7 139.7 131.4 109.7 101.9 108.7 111.5 109.5 123.6 134 135 121.1 96.8 106.6 125.5 135 119.3 90.2 75.1 82.6 104
2 1.2 1.8 1.9 2.1 2.7 2.1 2.3 4.7 7.5 11.9 16 21.9 26.7 29.9 28 24.1 23.9 26.5 44.4 66.6 77.1 89.1 96.8 104.1 112.1 118.4 122.7 125.1 125.9 125.9 128.5 129.7 135.9 144 153.6 162.4 167.5 170.4 169.2 153.2 131.7 124.5 129 126.8 114.1 93.6 95.5 115.2 133.2 146.9 161.2 168.7 160.1 143.3 149.4 162.5 170 169.1 167.4 154.5 136 124.7 129.2 138.6 147.2 152.4 154.5 149.5 133.8 128.5 133.1 137.5 136.1 144.6 158.6 157 136 119.5 132.6 148.9 150.7 135.8 110.7 97.3 101.7 112.9
2.1 1.2 2 2 2.3 2.1 2.1 2.5 5 8 10.8 13.9 17.7 20.7 23.6 24 22.2 24.4 33.9 56.7 70.2 83.9 93.6 101.1 108.9 116.7 121.6 124 125.3 121.1 116.3 113.8 114.3 120.2 130.6 147.2 163.3 174.6 179.2 182.5 172.6 156.5 152.7 154 147.2 131.9 111.5 110.5 130.1 148.4 166.3 181.8 189 183.9 171.7 176.7 186.9 187.9 183.3 177.8 171.2 161.8 150.7 149.9 152 154.6 157 160.5 162.5 161.6 157.2 160 163 163.4 169.1 180.8 178.1 159.2 150.6 158.9 165.6 159 147.8 129 120 121.2 139.1
1.2 1.2 2 3.5 2.7 3.8 3.1 3.2 4.4 6.6 8.6 11.2 13.6 14.8 17.8 19.9 21.9 27.8 44.9 60.1 74.4 87.8 95.1 102.3 109.3 116 118.8 118.8 113 104.8 95.7 89.9 91.8 100 114.3 132.8 152.3 172.5 184.5 191 190.8 184.6 180.8 180.2 172.3 152.6 133.2 130.1 148.3 166.1 184.5 195.5 200.6 203.2 200.7 200.4 197.7 192.7 187.3 181.4 174.8 167.4 159.4 155.7 153.8 153.9 154.9 160.8 167.1 171.8 177.3 181.4 184.1 186 188.8 190 187.2 182.6 177.2 174.9 169.3 161.3 153.2 148.6 148.9 152.6 158.5
2 2.2 1.4 3.2 3.6 4.5 3.7 4.1 5.2 6 8.7 12.9 17.3 19 20.2 21.3 26.1 33.9 50.3 62.5 75.4 87 94.4 99.6 106.1 110.2 110.1 104 92.4 79.7 75.6 78.9 88.8 95.5 102.1 120.1 143.1 167.4 184.7 193.4 198.2 198.4 197.5 195.1 190.9 174.4 157.4 154.8 170.2 184.5 200.5 205.4 209.3 210.4 208.2 204.7 200.9 195.2 189.6 183.4 177 169.9 161.6 155.6 153.2 148.6 151.1 158.1 167.2 174.4 180.2 185.4 188.8 191 190.4 188.9 186.2 183.4 179.3 174.5 167.7 159.9 151.9 148.3 154.3 161.8 168.8
2 3.3 3.5 6.3 6.2 6.8 6.1 6.3 7.2 9.1 12.8 18 22 23.9 25.2 27.8 30.3 40.5 50.8 61.8 74.3 84.3 90.4 95.9 99.9 100.7 94.5 80.7 67.7 67.7 75.1 82.7 94 104.4 115 126.3 145.1 168.7 184.8 194.4 200.5 203.9 204.3 202.7 202.5 196.3 186.3 184.8 192.6 203.5 210.8 212.6 214.1 213.6 211.3 207.4 202.9 196.9 191.2 185 178.6 172.4 165.2 158.7 150.3 144.3 145.4 154 164.7 172.8 180 184.8 188.8 189.2 187.6 185.1 182.4 179.3 175.4 170 163.8 155 148.1 146.7 157.6 165.8 172.4
3.6 5 7 9.8 12.3 13.1 12.6 12.7 15.1 18 21.8 24.8 26.8 28.7 30.4 32 34.4 40 46.9 57.6 68.3 78.8 85.1 89.5 90.7 84.4 70.7 61.2 66.2 70.9 81.6 93.7 105.1 116.1 127.9 142.3 157.6 174.1 186.3 195.2 201 205.2 207.2 207.7 208.6 208 206.7 208.1 211.3 214.2 214.9 215.3 215.5 214.2 211.6 208.1 203.5 198 191.9 185.7 179.3 172.8 164.8 158.2 150.1 142.4 141.6 148.9 161.8 170.2 178.7 183.5 186.3 185.9 184.1 181 177 173.4 170.1 164.4 158.9 150.1 143.9 144.4 158.3 166.5 172
5.2 6.1 11.3 16.2 21.1 22.7 22.9 24.1 26.1 26.8 30.8 31.8 32.3 33.4 33.3 33.1 36.1 37.4 39.9 46.5 57.6 70 78.7 81.7 75.7 63.1 58.9 61.3 67.6 78.9 91.5 102.7 114.3 128.6 142.9 156.1 167.8 178.3 187.6 195.2 200.5 204.4 207 207.7 209.6 210.9 211.6 212.5 214.1 215.6 215.8 215 214 213 210.6 207.3 202.7 196.9 191.1 184.5 177.2 169.5 163.7 156.2 147.9 139.8 137.2 144.6 158.2 168.8 177.4 181.9 183.6 182.9 180.3 176.3 171.9 167.2 163.2 160 153.5 143.3 139.7 144.6 158.1 165.7 169.8
7 10.2 16.9 24.4 29.8 33.1 34 35.5 36.6 37.2 39 38.2 35.5 33.5 31.9 34.1 38.3 41 40.9 42.5 48.4 59.9 70.9 71.2 58.2 56.2 59.1 65.2 76.1 88.2 99.5 112.7 126.7 141.6 153.7 163.7 174 182.9 189.9 195.6 199 202.5 205.1 207.7 209.2 210.6 211 212.1 213.1 213.1 212.2 211.8 211 210.1 208.2 205.6 200.7 195 188.7 181 173.6 165.5 157.9 150.5 143.2 135.7 135 143.1 156.8 168.9 176.6 181.4 182.7 181 177.3 172.7 166.7 160.8 156 153.7 147.3 137.7 135.5 145.1 157.2 163.7 166.7
9.6 14.5 22.5 30.9 37.5 41.9 44.2 45 46.3 45.5 43.7 39.4 33.9 30.3 32.1 36.8 41.8 47 43.2 43 44.1 50.1 57.7 52.9 53.2 55.7 62 72.4 84.2 95.9 108.9 124.5 139.2 151 161.2 170.2 178.6 185.3 190.8 194.9 197.5 199.8 202.7 205.4 207.7 208.5 209.4 210.7 209.7 208.5 208.1 208 207.9 207.3 204.8 203.9 198.5 193.1 185.5 177.8 166.7 157.4 149 141.1 135.8 131.6 135.3 143.8 157.2 168.1 175.4 179.9 180.6 178 174.3 168 161.1 153.4 148.7 146.7 141.1 133.4 132.5 147.2 155.6 161 162.8
12.6 17.8 27.4 36.4 43.5 49.6 52.6 53.3 52.6 49.9 44.3 34.3 28.6 30.7 35 41.9 47.9 53.8 58 49.3 43.8 46.2 48.1 50.3 52.8 58.5 68.7 79.4 91.3 105 120.3 135.2 147.4 157 166 174.4 180.5 186.5 190 192.3 194.1 196.3 199.3 202.7 205.7 206.3 207.1 206.2 205.7 204 203.7 203.7 202.7 203.2 202.8 202.2 196 190.4 182.1 173.9 160.5 148.6 139.2 131.5 128.3 131.2 136.9 146.4 157.7 168.2 174 178 177.7 175 170.2 164.3 157.4 148.1 142.2 142 136.5 128.5 133.2 145.4 153.1 157.7 159.1
15.3 22 31.6 41.2 49.9 55.5 57.4 57.4 55.4 50 39.9 28.4 27.6 33.8 40.7 47.7 55.2 60.6 65 60.9 56.7 51 53.4 53.2 56.7 64.5 75.7 86.5 99.5 115.3 130.8 142.5 152 161.8 170.1 176.9 182.4 186.3 188.7 189.5 189.3 191.7 195.6 199.4 201.8 204.2 204.2 202.8 201.4 198.7 198 198.6 199.1 199.4 199.7 197.1 193.3 187.7 179.4 168.7 155 139.3 129.3 125.1 126.5 133 140.2 150.8 160 167.2 172.7 174.9 174.3 171.5 166.5 160.4 153.3 144.4 136.2 136.2 131.8 125 132.4 142.9 148.7 153.5 155.1
17 24.2 34 44.8 53.2 57.1 58 57.5 55 46.6 33.6 24.5 29 37.5 45.7 53.4 59.9 66 68.5 69.7 65.8 62.9 63 64.7 68.1 73.4 82.7 95.5 110.4 125.8 136.8 146.5 155.7 164.8 172.1 178.4 182.2 184.8 185.8 185.6 183.7 187 191.8 195.7 197.9 200.5 199.8 199 196.2 193.2 190.6 191.6 191.7 193.6 194.3 194.6 190.7 184.9 175.4 165.8 153.4 134.6 124.3 122.1 126.4 134.4 143.2 152.4 159.9 165.8 170.8 172.5 170.8 167.8 162.8 156.4 149 140.1 131.3 131.4 127.5 121 130.5 139.1 145.5 148.6 149.5
18.7 27 37.2 46.8 53.5 56.2 56.5 55.6 52 41.3 24.8 25.3 33 41.8 50.1 56.8 61.3 64.9 68.2 70.5 69.7 69.3 71.4 74.3 78.3 84.2 92.5 106.5 119.9 131.5 141.1 148.5 157.7 166.2 173 177.7 181.2 182.4 181.9 179.9 179.2 183.8 189.2 193.3 195.3 198.2 196 195.6 191.4 188 182.8 183.1 185.7 188.3 189.2 190.1 188.1 182.2 174.9 165.5 150.4 131.6 121.4 119.5 126 134.2 143.3 151.9 158.3 163.3 167.9 169.6 167.7 164.1 158.6 152.3 144.4 135.4 126.9 124.7 122.6 117.5 127.9 135.3 140.5 143.2 143.7
21.4 29.6 39.7 47.9 52 53.8 54 52.4 46.2 33.1 22.5 27.1 36.1 44.9 52.3 55.4 58 60.1 62.3 65.2 68.4 71.5 75.7 80.5 86.4 95.6 103.8 114.6 125.2 135.4 144.7 151.9 159.2 167.6 173.2 177.2 179.1 178.6 176.6 174.1 180.4 183.6 187.3 192 194 195.7 195.2 192.5 187.3 181.7 175.3 173.5 182.2 186.2 187.2 187.6 185.8 180.3 173.9 164.9 152.9 134.3 120.3 117 123.8 132.1 140.5 148.3 154.5 160 164.5 166.2 164.2 159.8 154.3 148.1 139.7 131.7 123.9 119.1 116.6 114.3 121.9 128.4 133.4 136.5 137.3
24.1 32.1 41.4 46.7 49.7 50.5 50 48 42 27.2 21.2 28.7 37.7 45.4 46.2 47.1 49.1 51.4 54.1 57.4 63.9 69.6 76.4 83.1 90.4 99.4 111.1 121.3 129.8 139 147.9 155.1 162.3 168.3 173 175.5 176.1 174 169.7 172.2 180 183.7 187.3 190.6 192.9 193.9 191.6 187.7 183.7 176.2 169 169.7 178.2 182 185.6 186.1 183.2 178.9 172.3 164.6 155.3 139.3 121.3 114.8 118.1 126.5 135.1 142.6 149.6 155.6 160.6 160.8 159.9 155.3 149.7 143.4 135.8 128.1 120.5 113.6 110.5 112.1 117.4 120.2 122.7 126.9 129.7
25.8 33.5 41.3 44.7 46.4 46.8 45.3 43.1 37.6 22.7 20.1 27.8 32.4 32 31 31.8 34.2 37.7 42.2 48.7 56.7 63.4 70.2 78.8 87 92.5 109.3 123.6 133.2 141.9 149.9 157 163.4 168.3 171.8 172.9 171.3 167.8 168.3 174.9 178.8 182.1 185.2 188.2 191.1 190.9 189.7 185.5 180.3 173.1 161.3 165.8 173.8 177.4 181 182.5 181.2 177 171 164 156.1 144.9 129 115.9 112.3 116.6 125.4 134.6 144.5 150.9 156.2 157.5 155.7 151.2 144.4 137.6 130.5 123.3 116.9 111 106.6 106.7 106.6 107.4 110.3 114.9 120.7
26.8 32.2 38.3 40.3 40.3 40.1 39.2 35.7 32.1 21.4 19.1 22.1 22.6 23.1 25.3 28.9 31.8 35.2 37.6 39.3 44.6 48.7 56.2 65.8 80 90.2 107 121.9 133 142.8 151 157.7 163.3 167.7 169.7 169.1 166.5 161.7 168.8 173.8 176.6 179.3 182.7 185.9 188.3 188.4 187.4 183 177 169.1 156 162.4 168.8 172.6 176.6 178.9 178.5 175 169.5 162.9 156.3 147.2 137.5 124 113.2 109.3 112 122.6 137 145.8 152.6 154.2 151.5 146.3 140 132.3 124.4 116.8 112.5 108.5 103.7 103.7 105.7 110.3 112.3 112.7 113.7
