Game/Highland_Data/StreamingAssets/GeoData/Data/tq/TQ50.asc
ncols 200
nrows 200
xllcorner 550000
yllcorner 100000
cellsize 50
[rows 0 to 38 of 200, columns 87 to 173 of 200]
13.7 13.4 13 11.5 11.1 11.6 13.1 14.1 15.1 15.2 15.7 14.4 15.1 15.2 15.3 16 16 16.2 17.1 17.5 18.6 18.4 16.2 16 15.4 16.3 15.7 14.8 13.8 12.7 13 12.4 13 13.6 14.3 14.8 15.1 15.4 16.1 16.3 16.5 15.7 14.2 13.3 13 13.2 13.4 15.1 16.6 16.6 16.6 18.3 19.9 20.8 21.7 23 23.8 23.7 23.3 22.9 22.8 23.4 22.9 23.9 25.2 24.8 24.3 23.8 23.7 24 24.3 24.6 23.7 21.9 24.5 25.7 25.9 27.1 26.7 26.9 27.3 27.5 28 28.9 28.8 29.3 29.6
12.2 11.7 9.9 10.9 9.8 13.9 13.6 14 16.2 16.8 17.1 17 17.2 16.9 17.6 17.5 17.9 19.7 20.9 20.1 19.6 18 16.5 15.3 14.1 14.8 14.8 13.9 12 12.5 12.2 12.3 12.6 12.9 13.5 13.8 14 14.2 14.5 14.8 14.6 14 13.1 13 12.6 12.5 14.1 15.1 16.5 16.3 16.7 18.5 19.1 19.6 20.5 21.5 22 22.2 21.9 21.3 21.3 21.5 21.8 22.3 23.2 23.5 23.2 22.8 22.7 23.1 24 23.7 21.7 23.9 25.1 26.5 26.9 27.6 27.5 27.8 28.2 28.4 28.8 29.5 29.6 30.5 31.4
10.5 10.6 12.1 13.8 14.5 15.3 15.8 15.7 15.9 17.4 18.6 18.3 18.3 19.4 20 20.4 21 22.2 21.5 20.7 19.1 18.4 17.4 15.1 14.1 13.5 12.6 12.5 10.1 12.4 13.5 12.4 12.6 12.3 12.4 12.8 12.8 13.1 13.1 13.1 12.9 12.7 12.7 12.8 11.3 12.9 14.5 15.6 16.4 16.9 17.4 17.7 18.2 18.6 19.3 19.9 20.4 20.6 20.4 19.4 19.2 20.2 20.2 20.9 21.5 22 22.1 22 21.3 22 22.8 21.4 22.2 24.4 25.8 27.2 26.9 26.9 27.6 27.8 28.2 28.9 29.5 29.5 30.4 30.8 31.8
10.5 12.9 14.3 14.9 15.7 16.8 17.5 17.2 16.5 18.9 19.4 20.3 20.1 21.4 22.6 23.2 23.1 22.2 21.3 20.4 19.2 18.3 17.4 16.3 17.4 16.4 13.8 12.6 10.1 12.1 11.9 12.6 12.8 12.1 12.2 12.5 12.4 12.4 12.3 12.5 12.5 10.5 12.4 12.7 13 12.2 14.1 15.7 16.4 16.7 16.6 15.4 15.3 16.4 17.5 18 18.4 18.5 19.1 18.2 18.6 19.2 20.4 21.3 20.4 21 21 20.7 20.4 21 20.8 20.9 23.3 24.5 25.8 26.1 25.9 25.8 26.6 27.6 28 28.1 29.2 29.4 30.5 31.4 31.5
12.6 13.5 15.1 15.9 16.9 18.1 19.3 19.1 18.3 19.4 19.5 20.6 20.1 23.4 25.6 25.7 24.3 22.8 21.4 20.1 18.9 18.4 17.9 18.1 17.8 17.4 15.6 13.3 11.6 11.4 11.8 13.7 14.4 11.9 12 12.2 12.2 12.5 12.3 12.5 10.3 13.4 13.9 14.6 14.8 14.4 11.3 14.1 15.1 15.1 14.2 11.4 12.3 14.8 15.6 15.9 15.9 16.4 16.6 17.4 17.7 17.4 18.9 19.9 20.6 19 19.9 18.5 18.8 20.1 20.3 21.7 22.6 23.6 24 24.3 24.6 24.5 26.1 26.7 26.7 27.3 27.5 28.4 29.7 31.1 30
13.6 14.7 15.6 15.3 18 19.8 21 21.2 20 20.6 21.7 23.5 24.2 26.6 27.2 26.2 25.1 23.9 22.3 20.7 19.2 19.4 19.4 18.9 18 16.9 15.3 13.5 12.4 11.6 12.3 13.9 14.6 15.6 15.3 14.1 11.8 9.7 13.1 13.9 14.8 16 17.1 17.3 16.5 15.3 12.6 10.7 11.5 11.4 11.2 12 10.9 12.6 13.8 14.6 14.8 14.5 16.7 17.6 17.5 17.7 18.5 18.9 19 19.2 18.7 17.3 17.3 19.1 20.5 20.9 21.7 22.6 22.6 22.8 23.2 23.3 24.1 24.9 25.4 25.6 26.1 27.8 28.9 29.3 29.1
14.7 16.8 18.3 19.7 20.9 22.4 23.4 23.2 24 24.7 26 25.9 27.2 27.3 27.4 25.9 25.1 24.1 22.3 21.4 20.9 20.6 20.2 20.3 19.3 18.2 16.3 13.9 10.1 11.5 12.6 12.9 14.3 15.2 15.8 16 15.9 15.9 16.2 16.8 17.5 18.5 18.6 17.8 16.7 15.4 13.9 14.4 14.3 13.3 15.1 14.8 14.2 11.3 13.3 14 14.1 14.3 15 16.9 16.1 17.2 17.3 18 18.4 18.5 18.4 16.6 17.9 19.5 19.4 20.2 20.8 21.3 21.4 21.9 21.8 21.9 22.9 23.1 23.7 23.9 25.1 26.5 27.3 27.3 27
16.2 19 22.9 25.1 24.5 25.7 28.9 29.9 29.9 29.9 28.9 27.8 28.2 28.2 27.2 24.3 23.3 22.2 22 21.2 21.3 21.1 21.8 22.6 21 19.4 17.4 15.1 12.2 11.7 11.4 9.4 13.6 14.7 15.3 16 16 16.3 17.2 18 19 19.8 19.4 18.2 16.9 15.4 14.7 15.6 16 16 16.2 16 15 13.6 14 14.6 14.7 14.8 14.4 15.1 14.4 15.8 16.1 17 17.2 17.7 16.6 17.8 19.1 19.3 18.8 15.7 20.1 20 20.3 20.6 20.7 21 21.6 21.9 22.1 23 23.8 25.2 26 26 25.8
17.6 22.1 27.1 29.6 29.3 32.2 35 36.1 35.9 34 30.7 29.6 28.5 27.8 25.8 23 22.4 19.2 19.6 20.6 18.9 22.9 23.4 22.6 21.8 20.4 18.5 16.5 14 10.1 11.2 11.4 12.7 13.8 14.5 14.8 15 15 16.3 17.1 19.6 20.6 19.7 18.3 17.2 16.2 15 16.3 16.6 16.7 17 16 14.7 14.8 15.2 15.1 16.2 15.4 14.9 14.9 14.3 14.2 14.8 16.4 16.3 15.3 16.9 17.8 18.1 18.4 18.4 15.7 19.2 19.3 19.2 19.1 19.2 19.7 20.1 20.2 21.1 21.9 22.5 23.9 24.6 24.5 24.6
20.1 24.9 29.8 32.8 34.9 36.1 37.9 38.8 38.4 34.7 34.1 31.7 29.3 25.1 21.7 21.1 19.5 18.9 17.9 19.7 22.9 23.2 23 22 21.2 20.1 18.6 17.5 15.8 14.5 10.1 11.2 10.1 11.9 13.3 13.9 13.5 13.4 14.5 16.3 19.4 20.2 20 18.8 17.9 16.9 16.8 17.3 17.5 17.7 17.4 16.4 15.2 16.3 16.5 16.7 16.5 16.9 16.9 17.5 19 14.2 14.4 14.4 14.5 15.8 17 17.3 17.7 17.9 18.2 17 18.6 18.6 18.6 18.5 18.2 19 19.4 19.6 20.3 21 21.5 22.3 22.8 23.5 24
23.2 26.5 30.5 33.3 35.9 37.2 37.3 38.4 37.8 37 35.9 33.7 31.9 28.4 22.1 17.9 18.8 18 16.2 18.8 21.6 21.4 20.8 20.1 19.6 19.6 18.6 18 17 15.2 12.9 11.1 11.1 11.2 11.6 12.6 11.8 12.6 14.3 16.2 17.8 18.9 19.6 19.4 18.6 17.9 17.7 18.3 18.7 18.6 17.7 16.7 16 17.2 17.5 17.7 17.2 17.2 17.6 17 17.2 17.6 15.9 14.7 14.1 15.5 16.7 17 17.2 16.9 17.7 17.1 17.5 18.4 17.9 17.9 18.2 18.5 18.8 19.3 19.6 20.3 20.7 21.4 21.8 22.2 22.3
24.2 27.8 30 31.6 33.2 33.2 32.7 32.1 34.2 34.6 35.9 35.6 33.9 30.1 25.8 21.2 17.9 15 14.4 17.6 18.9 19 18.1 18.3 18.4 18.3 17.3 17.1 16.4 14.5 12.5 13.3 11.1 11.6 10.5 11.5 13.1 14 15.6 15.5 16.7 17.6 19.2 20.5 19.6 19.6 19.1 19 19.8 19 18.1 17.3 16.8 17.4 18.2 18.6 17.8 17.6 17.7 16.5 16.2 15 15.6 16.5 15.6 14.7 15.3 16.1 16.1 16.5 17 16.6 15.7 17.9 17.7 17.9 18.2 18.5 18.5 19 19.3 19.4 19.7 20.5 20.7 21.2 21.8
24.3 26.7 27.9 27.1 28 26.6 27.5 28.3 29.8 32.8 37.3 36.7 34.1 29.6 25.8 21.1 18 14.8 13.5 15.6 16.5 16.2 15.9 16 16 16 15.5 15.4 14.8 13 13 12.7 11.1 11.1 10.8 11.1 13.6 16 16.8 16.8 18 18.9 20.7 22.6 22.8 24 22.8 21.7 20.6 19.9 18.8 18 18.7 18.5 18.7 19.7 18.4 17.6 17.1 15 15.5 15 16.6 16.7 16 15.2 15.1 15.5 15.6 15.9 16.6 16.5 16.6 17.7 17.4 18.8 19 18.6 18.4 18.4 19 19.2 19.2 19.6 19.7 20 20.6
22.9 24.9 25.3 23.4 22.7 22.6 24.1 25.6 28.8 34.2 38 36.4 32.3 27.8 23.9 20.4 17.7 14.4 12 14.3 14.2 13.9 13.7 13.9 13.8 11.3 13.5 13.1 11.1 12.8 13.2 12.3 12.7 10.2 10.9 10.8 12.2 16.5 17.7 18.9 19.1 21 22.3 24.2 27.3 27.7 25.8 24.2 23.1 20.3 19.3 19.2 20.3 20.2 20.4 19.7 19.1 17.7 16 16.7 16.7 16.5 16.9 17.2 16.4 15.5 15.5 16.3 16.6 16.5 16.3 16.4 17.5 17.2 17.8 19.1 18.9 18.7 19.5 19.1 18.9 19.1 19.1 19 19.3 19.7 20
21.2 22.2 21.7 20.2 20.3 22.8 24.1 26.7 31.3 37.3 37.4 33.7 29.6 25.5 22.1 19.1 16.8 15.5 13.2 10.9 12.1 11.3 10.8 10.7 10.4 11.2 10.9 11.7 12.3 11.1 12.6 12.9 11.3 10.8 9.9 12.5 15.1 16.7 17.5 18.8 19.3 21.4 23.8 26.6 30.3 30.9 29.8 27.2 23 21.5 21.4 21.9 22.3 22 20.9 20.1 18.8 17.5 18 18.5 18.1 18.1 18 17 15.8 16 17.3 17.5 17.4 17.3 17.2 17.2 16.6 17.6 18.1 18.4 19 19.1 18.8 19 18.9 19.3 19.3 19.5 19.4 19.5 19.9
19.8 19.1 18.1 19.3 22.3 23.5 24.7 27.7 33.7 38.4 35.3 29.9 27.4 23.2 20.7 18 15.6 14.8 12.2 10.1 10.2 10.1 10.1 10.1 10.7 11.1 9.7 10.8 10.9 11.1 12.7 11 10.7 8.6 11.7 14.4 15.5 16.5 17.4 18.4 19.1 21.8 24.4 30 33 33.7 31.5 27.9 24.2 24 24.1 24.5 24.4 22.9 21.1 19.5 18.8 18.7 19.2 20 19.2 18.9 17.6 16.2 16 17.7 18 18.5 18 17.7 17.8 17.7 16.9 17.6 18 18.4 19.4 19.4 19.4 18.9 19.2 19.5 19.4 19.6 19.5 19.7 20.2
16.6 15.6 17.7 21.1 22.7 23.1 23.8 26.8 33 33.2 29.3 26.6 23.9 21.6 19.8 17.4 14.5 11.7 10.5 9.6 9.7 8.5 10.9 10.4 10.8 10.8 10.7 11 10.8 10.7 11.1 11.2 11.2 10.6 12.8 14.3 15.2 16.3 17.1 17.9 19.4 21.7 25 29.6 33.5 34.6 30.4 32.6 30.9 25.6 25.6 25.2 24.1 22.3 20.4 18.8 18.8 19.6 20.6 21.1 20 18.7 17.1 17.1 18.3 18.9 19 19.3 18.8 18.5 18.4 18.1 19.1 18.7 18.4 19.2 19.7 19.7 19.6 19.6 19.7 19.9 19.7 19.6 19.7 20.2 20.6
13.6 16.5 20.2 21.6 21.7 21.2 22 21.5 29.2 28.7 26.1 23.9 22.7 20.6 19.4 17.1 14.5 10.5 9.4 10.3 10.2 10.8 12.3 12.3 11.9 11.3 11.2 11.1 10.6 10.7 7.1 11 11.5 12.1 11.7 13.4 14.4 15.4 16.6 17.4 18.6 20.4 23.8 28 32.6 33.4 39.3 43.6 36.1 26.7 25.5 25.1 26.2 21.5 19.8 19.1 19.5 20.2 20.9 20.7 19.6 18.5 17 17.8 19.5 19.7 19.8 19.7 18.6 18.7 18.4 18.7 19 19.3 19.4 20.1 20.4 20.4 19.8 19.8 19.7 21.6 22 20.1 20.1 20.7 20.9
15.7 18.9 20.8 20 19.6 19.4 18.9 22.1 23.9 24.5 23.4 20.7 20.3 19.9 18.5 16.3 11.9 9.4 10.2 10 11.3 12.7 13.7 13.9 12.9 12.2 12.9 12.9 11.8 7.1 12.4 13 13.9 13.9 14.1 13.8 14.4 14.9 15.8 16.9 18.2 20.1 21.9 25.4 29.3 31.1 34.9 36.2 30.1 26.8 25.2 27 26.8 25.8 20.6 20.4 19.9 20.7 20.7 20.3 19 18.1 17.5 17.8 18.8 20.1 20.1 19.7 19 18.8 19 19.2 19 19.9 20.3 20.8 20.9 21.1 20.1 20.1 21.1 21.6 21.6 21.7 20.9 20.7 21
19.1 20.2 20 18.8 17.6 17 16.3 17.2 20.4 21.1 21 18.8 18.4 17.5 17.9 14.8 10.1 9.3 10 10.6 12.7 14.3 14.9 15.2 14.7 13 13.6 13.2 11.2 10 13.3 14.8 14.9 14.6 14.4 14.8 15 15.6 16.5 17.2 18.5 20 22.1 24.6 27.7 28.7 27.3 29.3 28.5 26.3 28.8 28.9 27.6 23.3 25.4 20.4 20.7 21 20.4 19.7 18.5 17.9 18 18.8 19.8 20.8 20.5 20.1 19.8 19.6 19.4 19.6 18 20.2 20.3 21.2 21 20.8 20.5 20 21.7 21.6 21.4 21.9 21.6 21.4 20.8
20 19.7 18.6 17.2 16.3 15.5 14.2 16.9 19.8 20.9 20.8 18.7 17.3 16.8 15.4 12.9 10 9.8 10 11.3 14.1 15.3 15.5 15.4 15 14.8 14 13.7 11.3 10.1 13.8 15.5 15.4 15.2 15.3 15.4 15.7 17.2 17 17.6 19.3 21.2 22.9 24.9 26.4 25.2 24.7 33.1 26.2 27.5 29.5 29.6 27.9 24.4 24.8 24.3 23.4 20.7 20.3 19.3 18.9 18.4 18.1 18.4 19.1 21.2 20.9 21.4 20.5 20.4 20.3 20.9 19.9 20.7 21.6 21.8 21.9 21.8 21.3 20.5 21.6 21.5 21.1 22.5 22.5 21.8 20.8
18.2 17.5 16.7 15.6 14.7 13.9 12.9 13.3 19.2 20.9 15.7 18.5 17.1 14.7 12.1 10.8 9.9 9.7 10.6 13 14.1 15.2 15.6 15.1 15.6 15.8 15.5 13.9 10.9 9.8 13.9 15.4 15.3 14.5 15.3 15.8 16.4 16.7 17.5 18.4 19.4 20.7 22.7 23 23.1 23.4 23.8 23.6 25.7 24.5 25.9 25.9 24.5 25.4 24.8 25 24.2 21.2 20.6 20 19.4 19 18.7 18.5 19.1 19.7 20.6 20.6 21.1 21.3 21.4 23 21.8 22.4 22.4 22.7 23.6 23 22.5 21.8 22.1 22.2 21.7 22.3 22 21.7 20.5
15 14.5 14.4 14 12.8 11.6 11.1 13.6 15.3 15.9 18.8 16.6 15.8 14.8 14 11.7 7.1 9.5 10.9 13.3 14.7 14.9 15.7 15.2 15.5 16.6 15.8 14.6 11.6 10.5 11.2 13.4 13.7 14.1 15.1 15.6 16.3 16.4 16.8 17.7 17.6 17.6 18.6 20.2 22.2 23.2 23.1 22.1 23.7 25.3 27.5 26.8 25.5 26.4 26.7 26.1 24.1 21.6 20.9 20.3 19.5 19.6 19.6 19.3 19.3 20.2 21 21 21.8 22.1 22.7 24.3 24.8 24.9 24.3 23.4 25 24.6 23.7 22.8 23 22.9 22.5 22.1 21.6 20.6 19
11.3 11.4 11.4 11.4 10.9 10 11 12.9 14.1 14.4 14.9 15 14.9 14.6 14.3 11.6 10.4 9.2 11.2 13.4 14.7 15 15.7 16.4 16.8 17.1 16.1 15 13.5 11.8 11.4 10.9 11.2 13.7 14.7 14.8 14.2 15.2 14.6 14.5 16 18.3 19.9 21.1 22.5 21.3 20.7 21.8 24 25.9 27.3 26.6 25.6 26.8 27.4 25.5 22.9 21.6 20.7 20.7 21.2 21 20.5 20.2 19.8 20.4 21.3 22 22.5 23.1 24.4 25.7 26.5 27.2 27 26.8 27.2 26.6 25.4 24.4 23.6 22.6 22.3 21.9 21.3 19.1 18.6
8.5 8 8.3 8.7 8.9 9.1 9.9 11.1 12 12.9 13.4 13.5 14 14.3 13.8 10.7 10.2 8 10.8 13 14.6 14.8 16.9 17.4 17.7 17.6 16.8 16 15.5 13.9 13.4 12.2 11.4 11.3 11.5 11.6 11.8 12.2 13.3 15.4 17.5 18.5 19.5 20.6 20.4 20 20.1 22.2 24.8 26.5 27.2 27 26.4 27.2 27.7 25.3 22.8 21.8 21.8 22.7 23.8 23.3 22.2 20.3 20 20.8 21.8 22.7 23.3 24.5 25.8 27 28.1 29.8 29.5 28.7 28.5 27.8 26.3 24.6 23.6 22 21.2 20.6 20.7 19.7 18.9
9.7 9.6 9.1 7.7 8.3 8.1 8.4 9.2 10.1 11 12 12.9 13.6 13.7 13.7 10.2 9.7 9.7 10.3 13.1 14.6 15.4 16.8 18.7 18.8 18.4 18.2 17.7 17 16.1 15 13 12.7 12.7 12.2 12.4 12.3 12.9 14.5 14.9 17.2 18.1 19.1 19.3 18.9 18.1 20.2 22.2 23.8 24.7 26.4 27.6 26.9 27.5 27.6 23.2 23.1 23.4 24.5 26.7 27.7 26.5 23.5 21.3 20.5 20.9 22 22.7 23.5 25.4 26.8 27.5 29.4 30.1 28.9 28.9 27.3 27 25.2 23.1 21.2 21.3 20.7 20.4 20.7 20.6 20
12.2 11 9.6 8.4 8.4 8.7 8.5 8.5 8.7 9.5 10.9 11.8 12.4 12.7 10.9 8.7 9.3 7.3 11.5 13.4 14.5 15.3 17.2 19.2 19.4 19.6 19.3 19 18.4 17.3 15.5 14.8 14.8 14.5 14.5 14.5 11.3 12 14.6 15.8 17.1 17.4 17.4 17 16.8 16.7 18.8 20.3 21.8 22.8 25.9 27.7 27.2 28.6 27.8 23.7 25.1 25.9 28 30.4 29.8 28.2 25 21.8 21.1 21.3 21.9 23.1 24.4 26.1 28.3 28.7 30.2 30 29.7 26.2 24 23 22.4 21.5 21.3 21.1 21.3 21.6 21.6 21.2 20.7
13.6 11.7 9.9 8.4 8.6 8.8 5.8 8.5 8.8 6.3 9.7 10.1 10.4 9.8 9.9 9.2 9.3 11 11.9 10.4 14 15.4 17.1 19.4 19.7 20.3 20.5 20 19.2 18.3 16.2 16.7 16.7 16.4 15.8 15.5 13.9 12.3 14 16.2 16.6 16.7 16.4 14.8 17.7 19.4 20.8 21.6 21.2 23.6 25.8 28.8 29.4 29.2 26.5 26.2 27.2 29.6 31.9 32.7 31.2 28.1 25.3 22.2 21.5 21.8 22.7 23.8 25.2 27.1 28.4 30.6 30.5 30.1 27.2 22.8 22.1 21.1 22.4 22.1 21.8 21.5 21.7 22.1 21.6 21.2 20.5
13.4 11.3 9.3 6.1 8.5 9.6 10.6 10.5 9.4 7.7 9.4 9.4 9.5 9.6 9.3 8.9 7.6 11.8 12.9 13.6 14.2 14.9 17 17.8 18.5 20.1 21.2 20.7 20 18.3 17.5 18.3 18.3 18.1 17.8 16.2 15.3 12.3 11.5 14.2 16 15 14.6 17.6 19.1 20.9 23.3 23.6 22.2 24.1 25.6 28.4 30.4 30.6 27.1 28.4 31 33.5 34.5 32.7 30.4 27.5 24.5 22.4 21.8 22.8 23.8 24.8 26.2 27.8 29.3 30.4 30 29.3 22.8 21.1 20.4 20.9 23 22.8 22.3 21.9 22.2 22.1 21.6 21.1 20.3
13.1 10.9 8.5 8.1 8.6 11 12 12.1 12.3 9.2 6.9 9 9.1 9.4 9.7 7.6 11 12.9 14.7 15.4 15.8 15.7 16.7 17.2 18.1 19.9 21.1 21.4 20.2 18.9 19.8 20.4 20 19.4 18.6 16.8 14.9 13.3 11.2 11.1 13.7 13.6 15.8 18.1 19.8 21.1 22.9 23.9 23.9 23.9 25.2 27.6 31.7 32.1 31 31.5 34 35.3 34.9 32.1 29 26 23.1 22.6 23.7 24.9 26 26.6 27.2 27.6 28.6 28 28.8 25.5 22.9 21.3 19 20.6 23.1 23.5 23.4 23.1 22.7 21.6 21.5 21.3 19.9
12.7 10.5 8.9 8.7 9.4 11.8 12.9 13.4 13.9 13.8 11.8 9.8 9.1 7.6 9.9 11.2 8.5 13.7 16 17.3 17.6 17.5 18.2 18.6 19.5 21.2 22.7 22.4 21.2 20.9 21.6 22.6 22 20.9 19 17.1 15.9 14.9 13.4 13 13.7 16.5 17.3 18.5 20.5 21.6 22.1 23.7 24.6 25.2 25.6 28.4 32.7 34.2 35.4 36.3 33.2 35.9 33.3 30.2 26.9 24.4 24.9 25.2 24.8 26 26.9 27.2 27 27 27 26.7 27.3 23.2 20.7 19.7 19.1 20.3 22.8 23.3 23.2 22.8 22.4 21.8 20.8 19.5 18.5
11.9 10 8.5 8.2 10.8 13.1 14 14.4 15.1 16.7 17 15.5 10.7 11.2 12.9 13.7 11.5 11.5 17 18.7 19.1 19 18.9 20.2 21.9 23.8 25.3 25.6 24.4 23.3 23.9 24.3 23.2 20.5 18.7 17.4 16.2 15.1 15.5 15.2 12.7 16.6 17.4 17.4 18.4 20.4 21.2 22.1 22.5 23.8 26.5 29.6 33.4 37.8 39.5 39.9 37.7 34.9 30.6 27.9 26 25.8 27.1 26.3 26.3 27.3 26.7 27.1 26.9 25.4 25.4 24.4 25.9 22.9 19.9 18.9 18.8 19.2 20.4 20.8 22.6 22.5 22 21.1 19.2 14.2 18
10.6 5.6 8.8 8 11.1 14.2 15 15.4 16 16.9 18.5 18.6 17.8 16.9 16.1 15.5 15.1 11.5 16.5 19.2 20.1 19.9 19.5 21 23.4 25.8 27.4 28 28 27.4 26.9 25.3 23.3 20.5 19.3 17.2 17.1 17 16.5 16 13.9 12.9 14.5 17.6 18.6 19.5 20.5 20.8 22.2 24.9 27.5 33.7 37.7 40.3 41.6 41.2 37.5 32.5 28.8 28.8 28.7 28.2 28.4 27.1 27.6 28.9 27.4 26.2 27.4 26.9 26.1 23.3 23.8 20.9 18.7 20.9 22 16.8 15.4 18.2 19.8 20.7 19.1 19 13.9 15.5 16.9
8.9 9.3 8.7 7.1 12.7 15.2 15.3 16 16.7 17.4 18.7 20.4 20.1 18.6 18.2 16.9 17.7 15.8 11.5 17.7 19.5 19.7 19.7 21.1 22.9 24.9 26.5 28.8 30.5 30 28.1 25.3 22.7 21.1 19.3 19 17.5 16.8 17.8 16.5 16.5 14.4 13.4 17.2 20 21.3 22.7 22.3 22.8 24.3 27.8 33 37.5 40.7 41.2 40.7 36.7 30.9 31.7 31.7 30.7 28.8 28.1 27.5 26.9 28.8 28.5 27.7 27.7 26.9 26.3 23.4 23.8 23.1 21.3 23.9 24.1 23.3 22 19.5 14.2 17.1 15.5 12.5 12.8 14.1 14.7
8.2 8.9 8.1 8.7 13.4 14.8 15.6 16.3 17.1 17.2 18.3 20.3 21.5 20.7 20 18.8 19.1 18 15.5 12.6 16.1 17.8 19.2 20.6 21.7 23.2 25 28.3 31.2 31 28.3 25.2 22.8 20.5 20.6 20.1 19 18.4 18.2 17.6 17.1 16 14 13.9 17.1 20 23 23.8 24.9 25.5 26.9 30.2 35.5 39.1 41.4 39.7 35 33.8 35.3 34.4 31.7 30.1 29.3 28.6 28.9 29.7 29.3 29.1 28.9 27.2 25.7 23.2 23.3 23.4 24.8 24.5 22.3 20.6 19.5 16.5 12.7 12.7 13.9 14.3 12.6 10.8 12.1
8.1 9 8.8 8 10.9 12.2 14.6 15.7 16.5 16.9 17.6 19.1 20.5 21.4 21.1 20.5 20.3 18.8 17 15.6 14.2 16.1 18 19.4 21 22.6 25 28.5 31.9 31.7 28.6 26.4 23.1 22.4 23.2 21.5 20.7 19.7 18.6 19.9 18.8 17.4 16.1 13.7 16 19.5 22.5 24 25.3 25 25.6 28.7 31.9 37.7 40.8 39.2 36.9 37.9 37.4 35.7 34 33.6 32.1 31.3 31 31.7 31.1 29.6 28.1 26.7 24.6 26.4 24.6 21.6 22.5 21.7 19.8 17.1 15.2 15.3 15.6 16.1 16.3 15.6 14.1 11.8 10.1
7.4 9.2 10.2 11.5 11.4 11 11.8 14.2 14.6 16.1 16.9 18.4 19.7 21 20.7 20.7 20.9 19.7 19.1 17.9 16.5 16.9 19.1 20.2 21.7 23.4 26.3 29.5 33.3 33.3 31.7 27.3 25.6 24.8 24.5 23 22.7 21.2 20.2 20.2 18.9 18.2 14.4 15.7 13.8 16 20.9 22.6 23.9 23.4 24.2 25.9 29.5 35.5 38.8 38.4 39.2 39 39.2 38.7 38 37.1 35.2 35.1 34.3 32.8 31.6 29.3 28.3 26.5 27 26.5 23.4 20.5 17.9 16.9 16.1 15.1 14.6 16.7 17 17.5 16.5 14.8 13 12.4 10.8
4.7 8.6 11.4 13.4 14.2 14.2 12.8 15.2 16.2 17.1 17.7 17.8 19.5 20.6 21.1 21.6 22 21.5 20 18.1 18.3 18.8 18.7 21.6 22.4 24.2 26.7 29.9 33.4 34.6 32.6 29.3 26.8 27.5 26.2 25.8 24 22.7 21.6 20.6 18.5 17.5 17.3 17.5 16.1 13.6 17.3 21.2 20.9 21.8 23.3 26.1 30.2 34.2 37.8 37.6 38.6 39.3 39 40.1 40.7 40 38.5 37.5 37 34.4 32.6 29.5 28.7 29.3 27.4 23.9 22.6 19.5 20.3 21.8 21 18.1 17.4 19.3 22.5 21.5 17.6 14.6 13.3 12.3 10.8
8.1 10.1 12.7 13.8 14.9 15.3 13.5 14.8 16.4 17.1 17.5 19 20.5 21.3 22.4 23.5 23.9 23.3 20 18.8 19.8 18.4 19.2 19.9 22.2 24.2 26.9 30.4 35 35.1 32.2 29.4 29.8 30 28.4 26.7 25.7 23.7 22.3 20.6 18.6 16.1 19.1 18.5 17.4 14.5 16.2 18.5 19.1 21.7 23.4 26.6 32.1 36.2 37.4 37 37.4 37.4 38.4 40 41.4 41.6 41.2 40.6 39.8 37.2 33.2 30.1 29.1 27.8 23.9 22.1 20.6 21.2 23.5 21.9 20.2 16.8 20.1 20.5 22.9 21.3 16.5 15.6 13.5 12.5 11.1
