Game/Highland_Data/StreamingAssets/GeoData/Data/tq/TQ91.asc
ncols 200
nrows 200
xllcorner 590000
yllcorner 110000
cellsize 50
[rows 0 to 37 of 200, columns 0 to 84 of 200]
31.7 29.8 27.6 26.8 29.5 31 33.4 35.9 36.9 38.3 37.4 35.4 33.5 30.2 26.7 24.5 25.9 27.2 28.3 28 26.1 19.4 4.6 1.7 2.1 2.3 2.2 2.5 1.9 1.7 2.1 2.2 1.3 0.7 1.2 0.8 1.8 1.2 4 -2.4 -2.4 -1.3 -0.7 0.5 4.5 2.9 2.8 2.4 2.4 2.3 2.3 2.5 3.2 3.7 2.7 -1.8 -2.4 -2.4 2.9 3.6 3.2 3.3 4 4.4 -2.4 2.6 2.5 1.8 1.7 1.7 1.7 1.7 1.7 1.7 1.7 1.7 3.4 3.3 3.2 2.2 2 2 2 1.8 1.5
33.5 31.8 29.1 29.5 31.8 34.4 36.8 38.8 39.3 39.7 38.2 36.4 33.6 29.2 27.1 27.4 30.7 31.1 30.4 28.5 25.6 10.2 2.5 2.1 2.1 2.4 2.5 2.1 2 2 2.1 2.2 1.7 1.3 0.9 0.4 0.5 2.3 4.5 -2.4 -2.4 2.9 3.2 3.3 2.7 2.7 2.9 2.5 2.4 2.4 2.3 1.5 2.2 1.8 3.9 3 -2.4 -2.4 -2.4 -2.4 -2.4 3 3.2 3.5 -2.4 3.1 4.4 3.5 1.7 1.7 1.7 1.7 1.7 1.7 1.7 1.7 1.7 1.5 3 3.4 2.1 2.2 2.3 2.1 1.8
35.4 33.6 32.4 33.2 34.3 37 39.4 41.2 41.5 41.1 39.9 37.7 34.6 32.4 32.1 32.4 33.2 32.9 31.1 28 20.4 5.5 2.5 2.2 2.1 2.6 2.3 1.9 1.7 1.9 2.1 2.4 2.1 1.8 1.5 0.6 2.1 2.3 4.5 -2.4 2.2 2 2.1 2 2.8 3.4 2.8 3 2.6 2.6 2.5 2.4 2.2 1.6 2.3 4.4 3 3.1 2.9 -2.4 -2.4 -2.4 2.9 -2.4 -2.4 3.1 3.3 4.2 3.1 1.7 1.7 1.7 1.7 1.7 1.7 1.7 1.8 1.7 1.7 2 3.1 2 2.2 2 2.2
37.4 35.6 34.7 36.3 37.8 39.9 42.1 43.1 43.3 42.7 41.5 39.6 37.8 37.3 37.6 35.9 34.9 34 30.7 25.5 13.3 2.6 2.4 2.3 0.8 2.5 2.4 2.1 1.8 2 2.1 2.2 2 1.8 1.8 1.1 0.4 3.7 2.9 3.2 1.5 0.3 2.1 1.8 2 2 3 3 3.1 2.6 2.7 2.6 2.3 2.7 2.5 2.7 3.4 3.4 5 3.1 2.4 -2.4 -2.4 -2.4 2.6 3.1 3.5 3.2 2.9 1.7 1.7 1.7 1.7 1.7 1.7 1.7 1.7 1.8 1.7 1.7 1.7 2.7 2.2 2.3 2.3
39.1 36.6 38 39.7 41.4 42.7 43.9 44.6 44.9 43.4 42.7 41.6 40.4 39.3 38.4 36.6 35.1 33.1 30.1 22 7.2 2.2 2.3 2.1 1.8 1.8 1.9 2.2 2.1 1.4 2.3 2.1 2.1 2 1.1 1.2 0.6 3.3 0 2.6 2.3 2.3 1.2 1.8 1.8 1.2 1.4 2 1.9 2.6 3.1 3.7 3.2 2.8 3 3.3 3.4 2.8 3 4.8 4.9 4.4 2.8 -2.4 -2.4 -2.4 3 3.3 3.6 2 1.7 1.7 1.7 1.7 1.7 1.7 1.7 1.7 1.7 1.7 1.7 1.7 2.7 1.1 2.5
40.7 40 41.4 43 43.4 44.4 45.3 45.8 45.6 44.5 43.6 42.2 41.2 40 38.1 36.6 35.5 32.1 30 17.4 2.7 2.2 2.1 2.3 2 2 2.1 2.2 2.2 2.3 2.2 2.1 2 2.1 2.1 2.1 1.4 1.5 0.8 2.2 2.2 2.2 2.3 2.2 2.1 1.8 1.7 1.1 1.3 1.1 1.6 3.2 2.3 2.5 2.8 3.6 3.7 3.6 2.7 3.9 3.6 4.3 4.4 4.4 -2.4 -2.4 2.2 3.1 3.2 2.8 1.7 1.7 1.7 1.7 1.7 1.7 1.7 1.7 1.7 1.7 1.7 1.7 1.7 0.9 2.7
42.5 43.2 43.4 43.3 45.4 45.8 46.1 46.1 45.7 44.7 43.5 41.9 40.8 39.5 38.3 36.5 33.3 32 16.2 2.7 2.1 2.1 2.5 2.3 2.1 2.2 2.2 2.2 2.1 2.3 2.1 2 2.1 2.1 2.1 2.1 1 1.8 3.1 2.2 2.2 2.2 2.3 2.4 2.2 2.2 2.2 1.9 2 2.8 2.9 2.7 2.6 2.9 2.5 3 3.2 2.9 1.2 3 3.5 4 2.6 2.8 4.4 -2.4 -2.4 -2.4 2.9 3.5 2 1.7 1.7 1.7 1.7 1.7 1.7 1.7 1.7 1.7 1.7 1.7 1.7 1.7 2.3
44.4 45.3 45.7 46.4 46.5 46.3 46.1 45.6 45 43.3 42.1 41.3 40.3 39 37.1 35 32.2 19 5.8 2.3 2.1 2.5 2.4 2.2 2.1 2.1 2.1 2.1 2.1 2.1 2.1 2.1 2.1 2.1 2.1 2.1 2.5 0 2.9 2.9 2.6 2.4 2.7 2.6 2.4 2.2 2.1 2.2 2.3 2.4 1.6 2.6 2.4 1.8 2.6 2.6 3 2.9 3.4 3.2 3.7 3.5 2.9 3.3 2.8 3.6 -2.4 -2.4 -2.4 2.8 3.3 2.8 1.4 1.7 1.7 1.7 1.7 1.7 1.7 1.7 1.7 5 5 3.4 2.3
46.8 46.2 46.7 46.9 46.4 45.7 45 44 42.3 41.3 40.4 39.4 38.3 37 35.4 32.7 17.5 5.7 2.2 2.2 2.6 2.4 2.2 2.1 2.1 2.1 2.1 2 2 2.3 2.2 2.1 2.1 1.7 2.1 1.6 2.3 3.4 2.3 2.4 2.8 2 2.8 2.6 2.5 2.3 2.2 2.3 2.4 2.3 2.3 2.3 2.4 2 2 2.7 2.9 3.2 3.5 3.3 3.7 3.4 3.3 3.3 3.1 2.9 2.9 2.8 -2.4 -2.4 3 3.7 3.1 2.4 2.1 1.7 1.7 1.7 1.7 1.7 3.6 4.6 5.2 4.3 2.8
47.9 47.7 46.6 45.5 44.7 43.5 42 40.7 39.5 38.5 37.8 37.3 36.3 35 33.1 30.4 8.8 2.1 2.3 2.6 2.4 2.3 2.2 2.2 2.2 2.2 2.2 2.1 2.1 2.2 2.1 2.1 2.2 2.1 2.1 2.1 0 3.5 2.5 2.6 1.8 2.4 2.5 2.7 2.6 2.5 2.4 2.4 2.3 2.3 2.2 2.4 2.6 2.5 2.4 3.4 2.7 2.8 2.9 3.1 3.6 3.1 3.2 3 2.9 3.2 3.6 2.9 3 -2.4 -2.4 -2.4 2.9 2.9 3 3.6 3.4 2.5 2.4 2.6 3.2 3.1 2.9 4 4.9
47.9 47 45 43.8 42.6 41 39.4 37.8 36.2 35.6 35.4 35.1 34.2 32.1 23.4 10.7 2.2 2.3 2.2 2.4 2.2 2.2 2.2 2.2 2.2 2.2 2.2 2.1 2.1 2.1 2.1 2.1 2.2 2.1 2.1 2.8 2.8 2.6 2.4 2.7 2.5 2.2 2.3 2.4 2.3 2.3 2.4 2.4 2.3 2.2 2.3 2.4 2.5 2.7 2.5 2.5 2.4 2.8 3.1 1.1 3.1 3.5 3.4 3.3 3 3.2 3.6 3 4.8 2.9 -2.4 -2.4 -2.4 -2.4 -2.4 2.3 2.9 2.9 2.9 3.4 3.5 3.1 3.3 3.2 3.1
47.1 46.2 42.6 41.7 40.1 38.3 36.5 35.2 33 31.8 27.1 30.7 30.1 23.3 10.1 2.5 2.2 0.7 2.3 2.1 2.1 2.1 2.2 2.2 2.2 2.2 2.2 2.1 2.1 2.1 2.1 2.1 2.1 2.2 2 2.7 2.8 2.7 2.8 2.4 2.3 2.1 2.1 2.1 2.1 2 2.2 2.4 2.4 2.3 2.1 2.2 2.4 2.6 2.3 2.8 2.7 2.5 3 3.1 3 3.1 3.5 3.7 3.5 2.9 2.9 3.1 3.1 3.1 3.3 2.9 2.5 -2.4 -2.4 -2.4 -2.4 -2.4 -2.4 2.2 2.7 2.9 3.3 3.3 3.2
44.5 42.6 40.9 40.2 37 35 33.5 30.8 22 11.8 8.9 9.2 9.7 9.2 1 2.2 2.2 2.2 2.1 2.1 2 2.1 2.2 2.2 2.2 2.2 2.2 2.2 2.1 2 2.1 2.1 2.1 2.2 1.8 2.2 3.2 2.7 2.7 2.3 2.2 2.3 2.1 2.1 2.2 2.2 1 2.3 2.3 2.4 2.3 2.1 2.3 2.7 2.3 2.6 2.6 2.5 2.8 3.1 3.1 3.1 3.3 3 3.5 3.3 2.7 2.7 2.9 3.1 4 3.7 4.9 5.6 5.8 2.9 3.5 -2.4 -2.4 -2.4 -2.4 -2.4 3 3.1 3
42.2 40 38.8 36 34.3 26.7 21 14.2 7.9 1.1 2.3 2.3 2.4 2.2 2.3 2.2 2.5 2.3 2.2 2.1 2 2 2.1 2.1 2.1 2.2 2.1 2.1 1.7 2 2 2.1 2.1 2.1 3.3 0.6 2.8 1.8 2.5 1.8 2.6 2.4 2.2 2.1 2.2 2.2 2.1 2.1 2.2 2.3 2.3 2.4 2.3 2.8 2.9 2.6 2.5 2.6 2.9 3 3.1 3.1 3.1 3.3 3.6 3.4 3.7 1.1 3 3.4 2.9 5 5.6 6 6.4 6.4 6 3.7 3.5 3.4 -2.4 -2.4 -2.4 -2.4 2.7
39.4 38.6 37.1 33.7 22.5 10.1 6.5 3 2.1 2.2 2.2 2.2 2.2 2.2 2.2 2.5 2.4 2.3 2.2 2.1 2.1 2.1 2.1 2.1 2.2 2.1 2.1 2.1 1.3 2.1 1.9 2 2 2.1 3.3 0.2 2.7 2.5 2.7 2.8 2.7 2.5 2.3 2.1 2.1 2.1 2.1 2.3 2.6 2.7 2.8 2.9 2.3 2.7 2.8 2.5 2.5 2.8 2.8 2.6 3.1 2.3 3.1 3.5 3.4 2.6 2.2 1.8 3 2.6 3.6 4.1 5.6 5.8 6 6.1 5.5 3.5 3.5 3.4 3.3 5.2 -2.4 -2.4 -2.4
36.6 37.3 35.8 32.9 14.4 2.4 2.2 2.3 2.3 2.2 2.1 2.2 2.2 2.3 2.5 2.4 2.3 2.2 2.2 0.8 2.2 2.2 2.2 2.1 2.1 2.1 2 2.1 2.3 2.4 2.2 2.2 0.4 3.1 2.3 1.4 2.7 2.2 2.5 1.8 2.8 2.6 2.4 2.1 2.1 2.1 2.1 2.2 2.6 2.7 3.2 3.3 3 3.1 3.1 3.1 2.5 2.6 2.6 2.5 2.4 2.5 2.5 2.6 3.5 2.3 2.3 2.4 3.5 3.1 2.9 3.2 3 3.2 3.4 3.5 3.8 3.6 3.5 3.3 3.5 5.1 3.8 3.1 -2.4
32.8 34 32.7 18.4 4.8 2.4 2.2 2.2 2.2 1 2.2 2.2 2.2 2.7 2.4 2.3 2.2 2.2 2.2 2.2 2.2 2.2 2.2 2.1 2.1 2.1 2.1 2.1 2.5 2.4 2.2 2.2 2.4 3.6 0 2.9 2.8 2.5 2.5 2.7 2.7 2.7 2.4 2.1 2.1 2 2 2.1 1.8 2.1 2.6 3.1 3.1 2.6 2.6 3.1 3.1 3.1 3.1 2.9 3.5 2.3 2.5 3.1 2.2 2.2 1.5 0.6 2.6 3.1 3.3 3.8 2.8 3.3 3.4 3.3 3.5 3.7 3.6 3.3 3.3 3.3 3.1 4 3.4
25.2 27.1 16.6 6.6 2.4 2.3 2.2 2.2 2.2 2.2 2.2 2.1 2.6 2.2 2.2 2.3 2.3 2.2 2.2 2.2 2.2 2.2 1.5 2.2 2.1 2.1 2.1 1.9 2.1 2.1 2.1 2.1 1.9 0 3.4 1.6 2.4 2.5 2.6 2.5 2.5 2.4 1.7 2.3 2 2.1 2.4 2.5 2.8 2.6 2.4 3.1 3.1 2.7 3.1 3.1 3.1 3.1 3.1 3 2.9 3.1 1.5 3.1 1.7 2.2 3.3 2.9 2.3 2.7 3.3 3.8 3.1 3.7 2.5 3.7 2.9 3.6 3.6 3.4 3 3.4 3.2 4.1 4.2
19.8 8.9 2.8 2.4 2.3 2.3 2.2 2.2 2.2 2.2 2.2 2.6 2.3 2.2 2.2 2.2 2 2.2 2.2 2.2 1.1 2.1 2.2 2.1 2.1 2.1 2.1 2.1 2.1 2.1 2.1 2.2 2.9 2.6 3.2 2.7 2.6 2.4 2.5 1.7 2.4 2.4 2.4 2.4 2.9 2.7 2.9 3.1 3.1 3.1 3.1 3.1 3.1 3.1 3.1 3.1 3.1 3.1 3.1 3.1 3.1 3.1 1.9 2.5 2.1 2.2 2.1 2.2 1.3 2.6 3.7 3.6 3.2 3.6 1.2 3 3.5 3.4 3.6 3.3 3.8 3.7 3.7 4.4 4.9
5.6 2.4 2.2 2.3 2.2 0.8 2.2 2.2 2.2 2.2 0.9 2.5 2.3 2.2 2.2 2.2 2.2 2.3 2.3 2.2 2.2 1.7 2.1 2.1 2.1 2.1 2.1 2.1 2.1 2.1 2.1 2.2 1.9 3.2 2.6 2.6 2.5 2.5 2.4 2.4 2.4 2.4 3.4 3.5 3.6 3 3.1 3.1 3.1 3.1 1.6 2.1 3.1 3.1 3.1 3.1 3.1 3.1 3.1 3.1 3.1 3.1 2.3 2.2 2.3 2.5 2.4 2.2 1.1 2.5 3.1 3.4 3.4 3.6 5.2 2.4 2.8 3.1 3.5 3 3.2 2.6 3.7 4.5 5.4
2.4 2.3 2.3 2.2 2.2 2.2 2.2 2.2 2.2 2 2.4 2.3 2.2 2 2.2 2.2 2.2 2.3 2.2 2.2 2.2 2.2 2.2 2.1 2.1 2.1 2.1 2.1 2.1 2.2 2.2 1.6 0 3.3 2.5 2.5 2.5 2.4 2.9 3.2 3.5 3.5 2.4 3.3 3.5 3 3.1 3.1 3.1 3.1 3.1 3.1 3.1 3.1 3.1 3.1 3.1 3.1 2.5 3.1 3.1 3.1 2.4 2.1 2.6 2.7 2.7 2.5 2.3 2.6 2.9 3.3 3.5 3.7 3.2 2.6 2.6 2.7 2.8 3.2 3 2.9 3.3 3.8 5.2
2.4 0.2 2.3 2.3 2.3 2.3 2.3 2.2 2.2 2.4 2.4 2.3 2.3 2.2 2.2 2.2 2.2 2.2 2.3 2.2 1.4 2.2 2.1 2.2 0.8 2.7 2.3 2.1 2.2 2.2 2.2 0.9 0 3.1 2.6 2.6 2.5 2.4 2.7 3.3 3.5 3.7 3.1 2.6 3.5 3.6 3.1 3.1 3.1 2.4 3.1 3.1 3.1 3.1 3.1 3.1 3.1 2.7 2.6 3.1 3.1 2.7 2.2 2.1 2.2 2.4 2.6 2.6 1.2 2.6 2.9 3.7 3.4 3.7 4 2.8 2.7 3.3 3.2 3.2 4 3.9 3.3 3.8 5.3
2.4 2.3 2.3 2.3 2.3 2.3 2.3 2.2 2.3 2.3 2.3 2.3 2.3 2.2 2.2 2.2 2.2 2.2 1.3 0.9 2.2 2.2 2.2 2.2 2.2 0.8 2.5 2.2 2.2 2.2 2.1 0.6 0 3.2 3 2.6 2.7 2.6 2.8 3 3.3 3.5 3.7 3.1 2.5 3.3 3 3.1 3.1 3.1 3.1 3.1 3.1 3.1 3.1 2 3.1 2.3 2.9 3.1 3.1 2.4 2.3 2.1 2.2 2.4 2.5 2.5 2.4 2.4 1.8 5.5 2.9 2.9 2.7 2.8 3.1 2.8 2.6 3.1 2.7 3.9 3.6 8.2 3.5
2.2 2.2 2.2 2.3 2.3 2.3 2.2 2.3 2.1 2.2 2.2 2.3 2.2 2.2 2.2 2.2 2.2 2.2 2.2 2.2 2.1 2.1 2.2 2.2 2.2 2.2 2.2 2.2 2.2 2.2 2.2 1.2 0 2.3 1.2 2.7 2.7 2.8 2.9 3 3 3.2 3.6 3.3 2.8 2.3 2.9 3.1 3.1 3.1 3.1 3.1 3.1 3.1 3.1 3.1 3.1 2.7 2.8 3.1 3.1 2.7 2.3 2.1 2.3 2.4 2.3 2.3 2.5 2.5 2.9 2.4 1.1 2.9 2.3 3.2 3 2.4 3.1 2.7 3.7 3.3 3.3 4.6 3.1
2.2 2.2 2.2 2.2 2.2 2.2 2.4 2.2 2.1 1.9 2.1 2.2 2.2 2.2 2.1 2.2 2.2 2.2 2.2 2.2 2.2 2.1 2.1 2.2 2.2 2.3 2.3 2.3 2.2 2.2 2.2 1.9 1.3 3.4 2.5 2.2 3.3 3.1 3.1 3.1 3.1 3.1 3.8 3.4 3 2.9 2.5 2.7 3.1 3 3.1 3.1 3.1 3.1 3.1 2 3.1 3.1 2.9 3.1 2.8 2.3 2.1 2.4 2.8 2.8 2.4 2.3 2.5 1.1 2.6 2.2 2.6 2.4 2.3 2.7 3.1 2.5 2.8 2.6 2.7 3 3.2 3.2 3.4
2.2 2.2 2.2 2.2 2.4 2.4 2.3 2.2 2.1 2.1 2.1 2.1 2.2 2.1 2.2 2.2 0.4 2.2 1.9 2.3 2.2 2.1 2.1 2.1 2 2.1 2.3 2.2 2.1 2.2 2.2 2.8 1.1 3.4 2.5 2.2 3.3 3.3 3.5 3.2 3.1 3.2 3.7 3.5 3.2 2.9 3.1 2.8 2.7 2.7 3.1 1.2 3.1 3.1 3 3.1 3.1 2.3 2.8 3.1 2.5 2.1 2.2 2.5 2.8 2.8 2.4 2.4 2.6 2.5 2.6 2.6 2.7 2.4 3.5 2.2 2.8 2.6 2.7 2.4 3.3 3.8 3.3 3.4 3.2
2.3 2.2 2.3 2.3 2.4 1.5 2.2 2.2 2.2 2.1 2.1 2.1 2.1 2.2 2.2 2.2 2.2 2.2 2.2 2.1 2.1 2.1 2.1 2.2 2 2.1 2.1 2.1 2.1 2.2 2.4 2.9 0.2 3.5 2.5 2.4 3 3.1 3.5 3.5 3.2 3.6 3 3.7 3.3 2.9 2.8 2.6 2.6 3.4 3.1 3.1 2.7 3.1 3 3.1 2.3 2.7 3.2 2.8 2.1 3 2.7 2.4 2.5 2.8 2.6 2.4 2.6 2.6 2.6 1.7 2.8 2.7 3.1 2.2 2.7 3 1.6 2.3 3.3 3.7 4 3.4 2.9
2.5 2.3 2.3 2.3 2.3 2.1 2.1 2.2 2.2 2.1 2.1 2.1 2.1 2.1 2.2 2.2 2.1 2.1 0.3 2.1 2.1 2.1 2.2 2.3 2.1 2 2.1 2.3 2.2 2.1 2.4 2.9 0 3.7 2.7 3.3 2.6 3 3.3 3.6 3.5 3.5 3.7 3.5 3.7 3 3.2 3 2.1 3.1 3.1 3.1 2.6 3 2.4 2.3 2.3 3.1 3.2 2.6 2.1 2.8 2.4 2.8 2.7 2.4 2.5 2.4 2.4 2.3 2.6 2.8 2.8 3.4 2.2 2.6 3.4 1.5 1.7 2.5 3.1 2.4 2.4 2.7 3.2
2.3 2.5 2.3 2.4 2.5 2.1 2.1 2.1 2.2 2.2 2 2.1 2.1 2.1 2.1 2.1 2.1 2.1 3.1 1.8 2.2 2.1 2.2 2.2 2.3 2 2.3 2.3 2.4 2.3 1.8 2.9 1.4 4 3.3 2.3 2.7 2.8 3.1 3.4 3.8 3.9 3.9 3.6 3.8 3.2 3.2 3 2.7 3.1 3.1 3.1 2.9 2.3 2.3 2.3 2.3 2.6 2.6 2.1 2.8 3.1 2.4 2.8 2.8 2.5 2.4 2.3 1.1 2.8 2.2 2.8 2.6 2.6 2.2 3.5 2.1 1.6 2.3 2.6 3.1 3.1 3.2 3.4 2.7
2.4 2.1 2.2 2.3 2.3 2.1 2.1 2.1 2.1 2.2 2.2 2.3 2.1 2.1 2.1 2.3 2.3 2.7 3.1 2.4 2.1 2.1 2.2 2.2 2.3 2.5 2.2 2.4 2.3 2.2 2.3 2.9 1.9 3.5 3.1 2.9 2.7 2.6 2.9 2.9 3.6 3.8 3.8 3.6 3.5 3.3 2.9 3.2 3.4 3 3.1 3.1 2.5 2.5 2.8 2.5 2.6 3.1 2.4 2.7 2.8 2.4 2.5 2.8 2.9 2.5 2.3 2.3 2.8 2.8 2.8 1.1 2.9 2.6 2.5 2.3 1.6 3.3 3.1 1.8 1.8 5.2 2.3 3 2.5
2.1 2.2 1.3 2.1 2.2 2.1 2.1 2.1 2.1 2.1 2.4 2.2 2.1 2.1 2.1 2.2 0.6 2.8 3.1 2.6 3.1 2.8 2.2 2.2 2.2 2.3 2.4 2.6 2.4 2.3 2.2 2.9 0 3.6 3.4 2.6 2.8 2.8 1.5 3 3.1 3 3 2.9 3 3.5 3.2 3.2 2.7 3.4 3.1 3.1 2.6 2.9 3.1 2.6 2.4 2.4 3.5 2.3 2.8 2.7 2.8 2.4 2.5 1.9 2.4 2.2 2.8 2.8 2.6 2.9 2.2 2.9 3 2 2.4 3.5 2.2 5.2 2.1 2.1 2.8 3.6 2.5
2.2 2.3 2.2 2.1 2.5 2.1 0.3 2.5 2.8 3 2.9 1.4 2.2 2.2 2.4 2.5 2.8 2.9 2.2 2.8 3 0.7 2.2 2.3 2.5 2.6 2.4 2.7 2.7 2.6 2.4 2.9 0.6 3.8 2.7 2.4 2.6 2.8 2.8 2.7 2.5 2.8 2.9 2.9 3.3 3.7 3.6 3.6 2.9 3.3 3.1 3.1 2.8 3.4 2.9 2.8 2.6 2.3 2.7 2.8 2.8 2.8 2.8 2.6 2.7 2.3 3.1 2.8 2.8 1.9 3.3 3.8 2.6 3.1 1.8 1.5 3.5 2.6 1.8 2.1 2.1 2.1 3.1 3 2.5
2.3 0.3 2.3 2.1 2.8 3.5 3.5 3.4 3.3 3.3 3.4 2.8 0.5 0.3 2.6 3 3.3 3.2 2.9 1.1 2.2 2.5 1.5 2.4 2.7 2.6 2.7 2.9 2.9 2.8 3.4 2.9 0 1.5 2.4 2.4 2.4 2.7 2.7 2.6 2.6 3.1 3.6 3.5 3.5 3.7 3.8 3.9 2.6 3 3.1 3.1 2.6 2.9 3.4 3.1 2.1 2.6 2.8 2.7 2.5 2.8 2.5 2.6 2.6 2.9 2.8 2.7 2.8 3 2.4 2.6 2.3 2.6 1.9 1.6 3.6 2.3 5.2 2.1 2.1 2.1 4.5 2.5 2.5
2.1 2.1 2.2 2.1 2.5 3.5 3.2 2.9 3 3.2 3.1 3.1 2.4 2.5 2.4 3 3.1 3.2 3.2 2 2.6 3 2.7 2.8 2.7 2.7 2.5 3.2 3.2 3.2 3.1 3.1 0 2.5 2.5 2.4 2.4 2.4 2 2.4 2.5 2.8 3.2 3.8 2.8 3.3 3.7 3.7 2.9 3.2 3.1 3.1 2.7 3.6 3 2.7 2.1 2.2 2.5 2.8 2.5 2.8 2.8 2.2 2.2 2.8 2.8 2.8 2.8 2.8 3 3.3 3.3 4.3 4 3.2 2.4 1.7 2.1 2.1 2.1 2.1 2.2 2.9 2.5
2.1 2.2 2.2 2.1 2.6 3 2.7 2.5 2.4 2.9 2.6 2.5 2.9 2 2 2.4 2.4 2.4 2.2 2 2.4 2.6 3 3 2.8 2.8 1.8 3.2 3.2 3.2 3 3.6 0.6 2 2.6 2.5 2.4 2.5 2.3 2.4 2.4 2.4 2.8 3.2 3.3 3.7 3.5 3.5 2.4 3.1 3.1 3.1 2.7 3.6 2.9 1 2.4 2.4 2.3 2.8 2.7 2.4 2.8 2.6 2.8 2.8 2.6 2.8 2.8 2.2 2.4 2 3.3 2.6 2.7 1.5 3.3 2.1 2.3 2.1 2.1 2.1 2.8 2.8 2.5
2.2 2.2 2.2 2.2 2.5 2.2 2.2 2 1 2.3 0.8 2.1 2.7 2 2 2 1.5 2.1 2.2 2 2 2.3 2.7 2.7 2.6 2.9 3.1 3.1 3.2 2.9 2.7 3.8 2.6 2.4 2.6 2.5 2.4 2.6 2.4 2.4 2.4 2.4 2.4 2.6 3.3 3.9 3.3 3.7 2.6 3.1 3.1 3.1 2.9 3.5 2.8 2.4 2.8 2.8 2.8 2.6 2.8 2.5 2.8 2.7 2.8 2.6 2.6 2.8 2.8 2.1 3.3 2.7 2.8 0.6 4 2.2 2.4 2.4 2.1 2.1 2.8 4 3 2.7 3
2.2 2.1 2.2 2.2 2.1 2.2 2.2 2.1 2.1 2 2 2 2 2 2 2 2.1 2 2 2 0.6 1.4 2.2 2.4 2.6 2.5 2.8 3.2 3 2.8 2.6 4.1 2.4 2.5 2.6 2.5 1.2 2.5 2.5 2.4 2.5 2.4 2.5 1.2 3 3.9 3.2 2.9 2.9 3.1 3.1 2.9 2.8 3.2 2.4 2.4 2.4 2.5 2.8 2.8 2.3 2.7 2.8 2.8 2.3 2.6 2.8 2.8 2.8 1.1 0.5 3.4 2.2 2.1 2.3 2.4 2.4 2.3 2.1 2.6 3.3 2.9 2.5 2.5 3
2.3 2.2 2.3 2.2 2 2.4 2.5 2.2 1.5 2.1 2 2 2 2 2 2 2 2 1.9 1.9 1.9 2 2.2 2.5 2.6 2.5 1.6 3.3 2.8 2.6 1.4 2 2.8 2.9 2.6 2.5 1.2 2.4 2.5 2.5 2.5 2.5 2.9 2.6 3.2 3.7 3.7 2.3 2.8 3.1 3.1 3.1 3.1 2.7 2.8 2.6 2.5 2.5 2.6 2.8 2.6 2.8 3.1 2.8 2.8 2.8 2.8 2.8 1.2 0.8 0.8 1 1.4 3.3 2.2 2.4 2.3 2.1 2.1 3.2 3.2 2.9 2.7 2.6 2.6
