Assets/StreamingAssets/GeoData/Data/sz/SZ48.asc
ncols 200
nrows 200
xllcorner 440000
yllcorner 80000
cellsize 50
[rows 144 to 179 of 200, columns 0 to 80 of 200]
18.4 19.6 20.9 21.6 22.2 22.3 22.4 21.8 21.6 21.5 22.7 25.7 29.5 32.9 36.2 38.8 41.3 42.6 44.2 44.6 42.3 39.8 36.9 35.7 34.8 34.4 33.7 33 33.9 33.3 32.4 31.7 30.9 31.4 32.1 33.1 34.4 36.2 37.3 38.2 39.6 40.6 42.4 44.1 45.5 45.3 43.2 41.4 38.4 34.5 33.4 33.6 35.8 37 37.7 37.8 38.9 40.6 42.1 44 45.6 45.3 45.5 47.1 48.8 50.3 51.5 53.4 56 56.5 57.9 58.4 58.9 57.4 54.8 54.2 56.4 58 59.3 59.4 59.4
16.6 17.1 17.8 18.5 19.1 19.2 20.1 20.9 20.9 20.9 21.4 24.6 27.3 30.8 34.8 38.1 40.4 42 42.8 42.1 39.9 36.9 33.9 32.5 32.1 31.7 31.3 31.5 32.3 31.7 30.8 30 30.1 30.6 31.4 32.5 34.4 36.3 36.7 37.7 38.7 40.1 42.5 44 45.1 45.1 43.8 42.1 39.1 34.5 32.6 32.8 33.9 34.8 35.7 36.8 37.7 38.9 40.4 42.3 43.2 41.8 42.9 44.2 45.5 47.2 48.3 49.8 51.5 52.7 54.1 54.9 55.5 54 52.1 52.5 53.9 53.9 53.7 53.9 52.8
16.1 16.4 17.4 16.8 17.1 17.6 18.6 19.5 20.2 20.2 20.9 23 25.4 28.1 33.1 37 39 40.5 41.1 39.7 37.5 34.6 31.5 30.1 29.8 29.4 29.1 30 30.6 30 29.2 28.9 29.9 30.5 31 32.3 33.9 35.6 35.6 37 38.1 39.9 42.4 44 44.6 44.6 43.7 42.2 39.2 35.9 33.4 31.3 32 32.7 33.5 34.4 35.9 36.4 38.4 39.4 39.1 39.4 40.6 41.9 43.1 44.4 45.5 46.9 49 49.8 50.7 51.2 51.4 51.2 49.9 49.5 51.5 51.4 50.2 50 49.9
17 16.8 17.4 17.3 17.5 17.4 17.5 18 18.9 19.6 20.4 21.3 23.7 26.5 31.5 34.5 37 38.3 38.6 36.9 35.2 32.7 29.6 27.9 27.6 27.3 27.7 28.7 29.1 28.4 28.1 28.6 29.9 31 32 33.4 34.8 36.4 36.9 38 39.1 39.8 42.3 43.7 43.8 43.7 42.6 40.6 39 35.8 32.6 31 30.2 31.3 31.7 33 34.3 34.7 35.6 36.7 36.4 37.1 38.3 39.5 40.8 42 43.1 45 46.3 47.1 47.8 48.4 48.8 47.8 46.8 48.5 50.1 50.2 48.8 47.6 47.6
18.2 17.8 18.5 17.9 18 17.6 17.9 17.1 17.7 17.8 18.8 20.3 22.3 25.1 27.8 30.4 33.6 35.3 34.9 33.4 32.4 30.5 28 26.3 26.1 26 26.7 27.7 28.1 27.4 28.9 30.4 31.8 32 33.2 34.5 35.9 37.3 38.2 39.2 40.2 41.2 42.2 43 43 42.8 41.3 38.8 38 35.1 32.2 30.9 29.7 29.6 30.6 30.9 31 31.4 32.2 33 33.9 34.8 36 37.2 38.4 39.7 41.3 42.9 43.5 44.2 44.8 45.5 46.1 45.3 44.9 47.5 48.3 48.6 46.5 45.3 45.6
2.7 19.3 19.5 19 18.6 17.8 18.6 19.3 18.6 17.7 17.7 19.4 21 22.6 24.6 26.8 29.2 31.8 31.8 30.7 29.7 28.4 26.3 25.1 25.3 25.3 25.8 26.7 27.6 28.1 30 32 33.6 34.1 35.2 36.6 37.3 37.9 38.9 39.8 40.5 41.5 42.1 42.1 42.2 41.4 39.2 37.4 35.4 33.5 31.1 30.6 29.7 29 29.6 29.6 29.3 29.5 29.7 30.5 31.6 33 34.2 35.4 36.6 37.8 39 40.3 41.4 41.4 42.1 42.8 43.4 42.7 42.9 45.3 45.7 45.9 44.3 43.6 43.8
-0.9 0.5 1.3 10.5 19.8 18.6 19 19.7 19.7 18.3 17.9 17.6 19.1 20.8 22.6 24.8 27.1 28.3 28.6 28.3 27.2 26.2 25.2 24.1 24 24.4 25.6 26.5 27.7 29.8 31.8 33.7 35.1 36.1 36.6 37.1 37.7 38.3 39.2 39.8 40.5 41.2 41.2 41.3 41.3 40.1 37.2 33.7 31.7 30.5 29.7 28.9 28.6 27.8 29.2 30.3 31.1 31.9 30.4 30.1 30.2 31.2 32.5 33.7 34.9 36 37.2 38.5 39.4 40.1 39.8 40 40.7 40.2 40.5 42.1 42.4 42.6 42 41.8 42
-0.9 -0.9 -0.9 -0.9 0.6 2.6 19.9 20.6 20.9 19.8 18.7 17.3 17.8 19.2 20.9 22.4 24.4 25.6 25.7 25.8 25.2 24.3 24.5 23.7 22.8 24 26.3 28.3 30.4 32.3 33.7 34.8 35.9 36.8 37.4 37.8 38.3 38.7 39.2 39.8 40.3 40.3 40.4 40.5 39 36 33.3 30 28 28.3 27.8 27.3 26.7 26.1 29.8 32.1 33.3 34.2 32.9 30.9 30.6 32.7 32.4 32.1 33.1 34.2 35.4 36.8 37.4 38 38.4 38.2 38 38.2 38.8 39.2 39.5 39.7 39.9 40.2 40.4
-0.9 -0.9 -0.9 -0.9 -0.9 -0.9 0.7 5.2 22.1 21.3 20 18.2 17.7 18.3 20 21.1 22.1 23 23.6 24.1 23.5 22.4 23.2 23.7 24.5 26 27.7 29.8 31.8 33.8 35.1 35.8 36.5 37.3 38 38.5 38.9 38.8 39.4 39.6 39.6 39.7 39.8 38.7 36.5 33.1 30.1 28.7 27 25.4 27 26.7 24.8 29.5 31.3 33.2 35 35.5 34.5 31.4 30.9 32.4 32.1 31.2 31.8 32.4 33.7 35 35.5 35.9 37 36.8 36.6 36.5 37 37.5 37.9 38.4 38.8 39.3 39.9
-0.9 -0.9 -0.9 -0.9 -0.9 -0.9 -0.9 -0.9 1.5 15.3 21.6 19.8 18.1 17.8 19.2 20.2 21.2 22 21.8 22.3 21.8 19.8 23.4 24.7 27.3 28.9 30.2 31.4 33.4 35.1 35.8 36.3 36.9 37.7 38.6 39.1 39 39 39.1 39.1 39 38.9 38.1 36.8 34 30.5 27.8 26.2 26 25.8 21.8 24.5 28.7 28.9 30.1 31.9 33.8 37 35.6 34.1 32.8 32.5 31.7 31.6 31.7 32 32.2 33.1 33.5 34 34.8 35.4 35.5 35.8 36.3 36.9 37.6 38.2 39 40.3 40.9
-0.9 -0.9 -0.9 -0.9 -0.9 -0.9 -0.9 -0.9 -0.9 0.7 2.9 17.5 19.9 18.5 18.3 19.3 20.1 20.6 21.4 20.6 16.7 22.7 24.9 27.5 30.3 31.2 32.5 33.8 34.6 34.8 35.2 35.9 36.8 38.2 39 39 38.8 37.7 37.6 37.5 36.5 35.5 34.6 32.5 30.7 28.5 17.4 25.3 26.3 25.9 26.2 26.9 28.2 28.9 29.4 30.5 32.6 36 36.3 35.5 34.5 33.5 32.6 32.2 31.8 31.4 32 32.4 32.7 33 33.9 35 35.7 36.1 36.4 37 37.7 38.3 39.2 40.8 41.9
-0.9 -0.9 -0.9 -0.9 -0.9 -0.9 -0.9 -0.9 -0.9 -0.9 0 0.8 4.3 12.9 15.4 18.2 18.8 19.3 20.5 14.7 20.5 22.7 26.4 29.4 31.6 33.1 34.1 34.6 34.8 34.6 34.1 35.1 35.8 36.5 37.5 37.4 36.8 36.1 35.1 34.1 33.3 32.5 31.6 29.2 27.9 23.9 17.3 25 25.1 26 27 27.6 28 28.6 29.2 29.7 31.3 33.3 33.8 35.4 35.1 33.9 33.6 33.5 33.2 33.1 33.1 32.5 32.7 32.9 33.9 34.6 35.4 36.1 36.7 37.1 37.7 38.6 39.5 41 42.7
-0.9 -0.9 -0.9 -0.9 -0.9 -0.9 -0.9 -0.9 -0.9 -0.9 -0.9 -0.9 -0.9 0.5 1.2 3.4 5.5 6.5 6.8 19.2 21 22.5 26.8 30.2 31.9 33.1 33.7 33.9 33.6 33.3 32.4 33.1 33.1 34.1 35 34.6 34.4 34.4 33.6 32.9 32.1 31.2 29.3 27.7 25.7 19.8 19.7 23.5 25.6 26.4 27.1 27.4 27.2 27.8 28.4 29 29.4 30.6 31.9 32.7 33.6 34.4 34.8 35.1 34.8 34.8 34.6 33.7 32.8 32.8 33.5 34.3 35 35.7 36.4 37.1 37.8 38.7 39.6 41 42.7
-0.9 -0.9 -0.9 -0.9 -0.9 -0.9 -0.9 -0.9 -0.9 -0.9 -0.9 -0.9 -0.9 -0.9 -0.9 0 -0.9 0.6 -0.9 2.3 12.1 19.5 25.1 29 30.9 31.9 32.5 31.8 31.2 31.1 29.9 30.4 30.7 31.7 32.4 32.4 32.5 32.7 32.4 31.6 30.8 28.8 28 26.3 19.1 12.5 18.2 25 26 26.4 27.2 27.2 27 27 27.6 28.1 28.5 28.8 29.5 30.6 31.8 33.3 35 36.5 36.4 36.2 35.8 34.9 33.9 33 33.2 33.9 34.6 35.2 35.7 36.2 36.7 37.4 38.3 39.5 41.1
-0.9 -0.9 -0.9 -0.9 -0.9 -0.9 -0.9 -0.9 -0.9 -0.9 -0.9 -0.9 -0.9 -0.9 -0.9 -0.9 -0.9 -0.9 -0.9 -0.9 0.8 1.6 13.4 12.1 22.4 29.3 30.4 30.3 28.4 27.9 27.2 27.3 29.4 30.3 31.1 30.8 30.7 30.9 30.8 30.3 28.4 27.5 25.7 15.6 12 23.8 24.6 25.7 26.8 26.8 27.2 27 26.8 26.6 26.8 27.2 27.6 28 28.6 29.1 30 31.6 33.7 36.1 37.9 37.7 37.1 36.1 35.2 34.2 33.6 33.2 33.7 34.3 34.8 35.3 35.8 36.3 37 38.1 39.5
-0.9 -0.9 -0.9 -0.9 -0.9 -0.9 -0.9 -0.9 -0.9 -0.9 -0.9 -0.9 -0.9 -0.9 -0.9 -0.9 -0.9 -0.9 -0.9 -0.9 -0.9 0.1 0.7 1.3 1.9 9.9 24 23.1 23.4 25.2 25.3 26.4 27.5 27.6 27.6 28.1 27.7 27.8 28.1 27.5 25.9 25.7 22.5 13.9 19.7 25.4 26.1 26.9 27 27.1 27.3 26.6 26.4 26.2 26.7 27.5 28.2 28.4 27.9 28.4 29.1 30.6 33 35.4 37.9 38.4 38.3 37.4 36.5 36.2 35.9 34.6 34.2 33.7 33.9 34.3 34.8 35.4 35.8 36.2 37.4
-0.9 -0.9 -0.9 -0.9 -0.9 -0.9 -0.9 -0.9 -0.9 -0.9 -0.9 -0.9 -0.9 -0.9 -0.9 -0.9 -0.9 -0.9 -0.9 -0.9 -0.9 -0.9 -0.9 -0.9 0 0.4 0.9 1.9 3.6 12.2 15.4 24.6 25.2 25.9 25.8 25.7 25.6 25.6 25.6 25.5 24.9 23.2 15.2 11 22.9 25.9 26.3 26.3 26.4 26.8 27.2 27.5 25.9 25.8 27.4 27.8 28.3 29.3 28.3 28 28.9 30.1 31.6 34 36.4 37.7 38.1 39.5 39.5 39.2 37.4 36 35 34.5 34.2 36.2 36.2 34.4 34.6 34.5 34.3
-0.9 -0.9 -0.9 -0.9 -0.9 -0.9 -0.9 -0.9 -0.9 -0.9 -0.9 -0.9 -0.9 -0.9 -0.9 -0.9 -0.9 -0.9 -0.9 -0.9 -0.9 -0.9 -0.9 -0.9 -0.9 -0.9 -0.9 0 0.1 0.5 0.8 1.3 6.8 14.3 23.3 24.4 23.9 24.4 24.4 24.3 23.9 16.7 8.8 16.4 25.2 25.2 24.6 24.8 24.9 25.5 26.2 26.8 25.7 26.5 27.4 28 28.4 28.7 28.7 28 28.7 29.9 31.1 32.3 33.5 35 38.2 40.7 42.5 40.7 38.9 37.5 36.4 35.4 36.7 36.6 36.4 36.2 36.2 34.8 34.8
-0.9 -0.9 -0.9 -0.9 -0.9 -0.9 -0.9 -0.9 -0.9 -0.9 -0.9 -0.9 -0.9 -0.9 -0.9 -0.9 -0.9 -0.9 -0.9 -0.9 -0.9 -0.9 -0.9 -0.9 -0.9 -0.9 -0.9 -0.9 -0.9 -0.9 -0.9 -0.1 0.4 0.6 0.9 3.5 11 23.9 23.7 24.1 22.6 8.5 9 18.6 21.6 22 18.9 15.9 20.6 24.1 25 26.1 25 25.7 27 27.5 27.8 28.1 27.7 27.7 27.7 28.9 29.9 30.7 31.4 33.4 39.6 44.5 45 43.4 41.8 40.5 39.4 37.7 37.4 37.3 37.2 36.6 35.8 35.5 35.4
-0.9 -0.9 -0.9 -0.9 -0.9 -0.9 -0.9 -0.9 -0.9 -0.9 -0.9 -0.9 -0.9 -0.9 -0.9 -0.9 -0.9 -0.9 -0.9 -0.9 -0.9 -0.9 -0.9 -0.9 -0.9 -0.9 -0.9 -0.9 -0.9 -0.9 -0.9 -0.9 -0.9 -0.9 -0.9 0 0.4 2.2 13.4 23.3 20.5 7.7 3.8 10 12.6 16.5 22.3 24.8 24.8 24.1 21.1 23.8 23.7 25.7 26.3 26.8 27.1 27 27.1 26.9 26.7 27.7 28.5 29.2 30.3 34.3 39.1 45.5 46.5 46.1 44.9 43.6 42.3 39.9 39.2 38.4 38 37.6 36.7 35.7 36
-0.9 -0.9 -0.9 -0.9 -0.9 -0.9 -0.9 -0.9 -0.9 -0.9 -0.9 -0.9 -0.9 -0.9 -0.9 -0.9 -0.9 -0.9 -0.9 -0.9 -0.9 -0.9 -0.9 -0.9 -0.9 -0.9 -0.9 -0.9 -0.9 -0.9 -0.9 -0.9 -0.9 -0.9 -0.9 -0.9 -0.9 -0.9 0.6 4.6 10 2.9 15.9 17.5 19.7 24.9 25.6 25.5 25.2 25 24.8 24.9 25.5 25.2 25.6 26.1 26.5 26.5 26.6 26.3 26.2 26.5 27.3 28.1 29.4 33 37.3 42.9 45.9 47 46.4 46 44.5 42 41.3 40.6 39.9 38.5 36.9 36.1 36
-0.9 -0.9 -0.9 -0.9 -0.9 -0.9 -0.9 -0.9 -0.9 -0.9 -0.9 -0.9 -0.9 -0.9 -0.9 -0.9 -0.9 -0.9 -0.9 -0.9 -0.9 -0.9 -0.9 -0.9 -0.9 -0.9 -0.9 -0.9 -0.9 -0.9 -0.9 -0.9 -0.9 -0.9 -0.9 -0.9 -0.9 -0.9 -0.9 -0.9 0.7 8 19 23.3 24.5 25.8 26.7 26.5 26.2 25.9 25.7 26.1 26.7 26.3 25.8 25.5 25.8 26 26.1 26 26.3 26.4 26.6 27.4 28.5 30.2 33.7 38 42.6 44.7 45.4 46.2 45.7 44.2 43.1 41.8 40.5 38.4 37.9 37 36.2
-0.9 -0.9 -0.9 -0.9 -0.9 -0.9 -0.9 -0.9 -0.9 -0.9 -0.9 -0.9 -0.9 -0.9 -0.9 -0.9 -0.9 -0.9 -0.9 -0.9 -0.9 -0.9 -0.9 -0.9 -0.9 -0.9 -0.9 -0.9 -0.9 -0.9 -0.9 -0.9 -0.9 -0.9 -0.9 -0.9 -0.9 -0.9 -0.9 -0.9 -0.9 -0.9 6.5 23.6 24.4 26.3 27.7 27.5 27.1 26.8 26.6 27.3 27.9 27.4 26.9 26.5 26.1 25.7 25.7 26.1 26.4 26.6 26.8 27.1 27.5 28.6 31.1 34.5 37.4 39.9 41.9 44 44.8 44.9 43.7 42.4 40.3 38.5 38.6 37.9 37
-0.9 -0.9 -0.9 -0.9 -0.9 -0.9 -0.9 -0.9 -0.9 -0.9 -0.9 -0.9 -0.9 -0.9 -0.9 -0.9 -0.9 -0.9 -0.9 -0.9 -0.9 -0.9 -0.9 -0.9 -0.9 -0.9 -0.9 -0.9 -0.9 -0.9 -0.9 -0.9 -0.9 -0.9 -0.9 -0.9 -0.9 -0.9 -0.9 -0.9 -0.9 -0.9 -0.9 1.5 16.8 26.7 28.5 29.4 29.1 28.3 28.7 29.2 29.2 28.4 27.9 27.3 26.9 26.5 26.7 27.1 27.4 27.1 27 27.2 27.5 27.9 29.3 31.1 33.6 36.3 38.8 40.8 42.4 42.7 42.7 42.3 41.1 39.6 38.3 37.9 37.5
-0.9 -0.9 -0.9 -0.9 -0.9 -0.9 -0.9 -0.9 -0.9 -0.9 -0.9 -0.9 -0.9 -0.9 -0.9 -0.9 -0.9 -0.9 -0.9 -0.9 -0.9 -0.9 -0.9 -0.9 -0.9 -0.9 -0.9 -0.9 -0.9 -0.9 -0.9 -0.9 -0.9 -0.9 -0.9 -0.9 -0.9 -0.9 -0.9 -0.9 -0.9 -0.9 -0.9 -0.9 -0.9 10.4 27.7 31.6 30.4 30.5 30.9 31.9 31.5 30.5 29.1 28.1 27.7 27.3 27.5 28.2 28.8 28.5 28.2 27.9 28 28.6 28.9 29.1 30.8 32.8 35.6 37.5 39 40 39.7 39.1 39.3 38.9 38 37.6 37.2
-0.9 -0.9 -0.9 -0.9 -0.9 -0.9 -0.9 -0.9 -0.9 -0.9 -0.9 -0.9 -0.9 -0.9 -0.9 -0.9 -0.9 -0.9 -0.9 -0.9 -0.9 -0.9 -0.9 -0.9 -0.9 -0.9 -0.9 -0.9 -0.9 -0.9 -0.9 -0.9 -0.9 -0.9 -0.9 -0.9 -0.9 -0.9 -0.9 -0.9 -0.9 -0.9 -0.9 -0.9 -0.9 -0.9 0.9 17.1 33.2 32.1 33.2 34.2 33.5 32.2 30.7 29.1 28.6 28.2 28.3 29.2 29.9 30 29.7 29.4 29.2 29.7 29.8 29.6 29.4 31.2 33.1 34.6 36.1 37.5 37.7 37.7 38 38 38.2 38.1 38
-0.9 -0.9 -0.9 -0.9 -0.9 -0.9 -0.9 -0.9 -0.9 -0.9 -0.9 -0.9 -0.9 -0.9 -0.9 -0.9 -0.9 -0.9 -0.9 -0.9 -0.9 -0.9 -0.9 -0.9 -0.9 -0.9 -0.9 -0.9 -0.9 -0.9 -0.9 -0.9 -0.9 -0.9 -0.9 -0.9 -0.9 -0.9 -0.9 -0.9 -0.9 -0.9 -0.9 -0.9 -0.9 -0.9 -0.9 -0.9 5.5 21.4 35.4 35.7 34 32.9 31.7 30.5 29.8 29.2 29.2 30.1 30.9 31.5 31.2 30.9 30.3 30.8 30.7 29.9 29.1 30.4 32 32.8 34 35.2 36.1 36.3 36.6 37.5 39 38.8 38.5
-0.9 -0.9 -0.9 -0.9 -0.9 -0.9 -0.9 -0.9 -0.9 -0.9 -0.9 -0.9 -0.9 -0.9 -0.9 -0.9 -0.9 -0.9 -0.9 -0.9 -0.9 -0.9 -0.9 -0.9 -0.9 -0.9 -0.9 -0.9 -0.9 -0.9 -0.9 -0.9 -0.9 -0.9 -0.9 -0.9 -0.9 -0.9 -0.9 -0.9 -0.9 -0.9 -0.9 -0.9 -0.9 -0.9 -0.9 -0.9 -0.9 1.1 13.7 30.2 34.4 33.5 31.8 30.7 30.5 30.1 30.1 30.9 32 32.7 32.7 32.3 31.6 31.7 30.8 29.7 28.9 30.2 31.2 31.6 32 32.9 34 34.7 35.5 37.5 39.7 39.4 39
-0.9 -0.9 -0.9 -0.9 -0.9 -0.9 -0.9 -0.9 -0.9 -0.9 -0.9 -0.9 -0.9 -0.9 -0.9 -0.9 -0.9 -0.9 -0.9 -0.9 -0.9 -0.9 -0.9 -0.9 -0.9 -0.9 -0.9 -0.9 -0.9 -0.9 -0.9 -0.9 -0.9 -0.9 -0.9 -0.9 -0.9 -0.9 -0.9 -0.9 -0.9 -0.9 -0.9 -0.9 -0.9 -0.9 -0.9 -0.9 -0.9 -0.9 0.6 9.8 30.3 33.2 31.4 30.9 30.8 30.6 31.1 32.2 33.3 33.8 34 33.7 33 31.9 30.8 29.6 29.2 29.2 30.2 30.8 31.2 31.7 32.1 33.6 36.2 38.6 40.6 40.3 39.9
-0.9 -0.9 -0.9 -0.9 -0.9 -0.9 -0.9 -0.9 -0.9 -0.9 -0.9 -0.9 -0.9 -0.9 -0.9 -0.9 -0.9 -0.9 -0.9 -0.9 -0.9 -0.9 -0.9 -0.9 -0.9 -0.9 -0.9 -0.9 -0.9 -0.9 -0.9 -0.9 -0.9 -0.9 -0.9 -0.9 -0.9 -0.9 -0.9 -0.9 -0.9 -0.9 -0.9 -0.9 -0.9 -0.9 -0.9 -0.9 -0.9 -0.9 -0.9 -0.9 3 22.7 32.2 31.1 31 30.2 31.2 32.6 35.1 36.5 37.4 36 33.5 32 30.9 30.2 30 30 29.9 30.1 30.6 31.2 32 33.6 37.1 39.7 41.7 41.4 40.5
-0.9 -0.9 -0.9 -0.9 -0.9 -0.9 -0.9 -0.9 -0.9 -0.9 -0.9 -0.9 -0.9 -0.9 -0.9 -0.9 -0.9 -0.9 -0.9 -0.9 -0.9 -0.9 -0.9 -0.9 -0.9 -0.9 -0.9 -0.9 -0.9 -0.9 -0.9 -0.9 -0.9 -0.9 -0.9 -0.9 -0.9 -0.9 -0.9 -0.9 -0.9 -0.9 -0.9 -0.9 -0.9 -0.9 -0.9 -0.9 -0.9 -0.9 -0.9 -0.9 -0.9 1.1 23.1 31.3 30.3 30.2 31.7 34.5 37.5 39.9 41 38.1 34.3 32.7 31.4 30.8 30.8 31.1 31.3 31 31 31 32.1 35 38.3 40.5 42.6 42 41
-0.9 -0.9 -0.9 -0.9 -0.9 -0.9 -0.9 -0.9 -0.9 -0.9 -0.9 -0.9 -0.9 -0.9 -0.9 -0.9 -0.9 -0.9 -0.9 -0.9 -0.9 -0.9 -0.9 -0.9 -0.9 -0.9 -0.9 -0.9 -0.9 -0.9 -0.9 -0.9 -0.9 -0.9 -0.9 -0.9 -0.9 -0.9 -0.9 -0.9 -0.9 -0.9 -0.9 -0.9 -0.9 -0.9 -0.9 -0.9 -0.9 -0.9 -0.9 -0.9 -0.9 -0.9 0.6 1.3 7 14.3 29.4 33.9 40.6 43.5 43.8 41 36.8 34.2 32.4 31.8 32.2 32.7 32.6 32.3 32.1 31.6 33.3 35.8 38.9 40.9 42.3 42.1 41.3
-0.9 -0.9 -0.9 -0.9 -0.9 -0.9 -0.9 -0.9 -0.9 -0.9 -0.9 -0.9 -0.9 -0.9 -0.9 -0.9 -0.9 -0.9 -0.9 -0.9 -0.9 -0.9 -0.9 -0.9 -0.9 -0.9 -0.9 -0.9 -0.9 -0.9 -0.9 -0.9 -0.9 -0.9 -0.9 -0.9 -0.9 -0.9 -0.9 -0.9 -0.9 -0.9 -0.9 -0.9 -0.9 -0.9 -0.9 -0.9 -0.9 -0.9 -0.9 -0.9 -0.9 -0.9 -0.9 -0.9 -0.9 0.5 3 23.2 38.3 41.4 42.8 41 37.9 35.6 34.3 33.4 33.9 34.2 33.8 33.5 33 32.4 34.7 36.9 39.3 40.6 42 42.3 41.4
-0.9 -0.9 -0.9 -0.9 -0.9 -0.9 -0.9 -0.9 -0.9 -0.9 -0.9 -0.9 -0.9 -0.9 -0.9 -0.9 -0.9 -0.9 -0.9 -0.9 -0.9 -0.9 -0.9 -0.9 -0.9 -0.9 -0.9 -0.9 -0.9 -0.9 -0.9 -0.9 -0.9 -0.9 -0.9 -0.9 -0.9 -0.9 -0.9 -0.9 -0.9 -0.9 -0.9 -0.9 -0.9 -0.9 -0.9 -0.9 -0.9 -0.9 -0.9 -0.9 -0.9 -0.9 -0.9 -0.9 -0.9 -0.9 -0.9 -0.9 1.5 5.8 18.5 31.8 37 36.5 37.3 36 35.6 35.4 34.9 34.3 33.7 34 34.5 36.4 38.7 40.2 41.8 42.3 41.6
-0.9 -0.9 -0.9 -0.9 -0.9 -0.9 -0.9 -0.9 -0.9 -0.9 -0.9 -0.9 -0.9 -0.9 -0.9 -0.9 -0.9 -0.9 -0.9 -0.9 -0.9 -0.9 -0.9 -0.9 -0.9 -0.9 -0.9 -0.9 -0.9 -0.9 -0.9 -0.9 -0.9 -0.9 -0.9 -0.9 -0.9 -0.9 -0.9 -0.9 -0.9 -0.9 -0.9 -0.9 -0.9 -0.9 -0.9 -0.9 -0.9 -0.9 -0.9 -0.9 -0.9 -0.9 -0.9 -0.9 -0.9 -0.9 -0.9 -0.9 -0.9 -0.9 -0.9 1.5 14.1 33.6 37.3 36.9 36.2 35.9 35.5 34.9 34.5 34.9 34.9 36.6 39.3 40.8 42.3 42.6 42.2
-0.9 -0.9 -0.9 -0.9 -0.9 -0.9 -0.9 -0.9 -0.9 -0.9 -0.9 -0.9 -0.9 -0.9 -0.9 -0.9 -0.9 -0.9 -0.9 -0.9 -0.9 -0.9 -0.9 -0.9 -0.9 -0.9 -0.9 -0.9 -0.9 -0.9 -0.9 -0.9 -0.9 -0.9 -0.9 -0.9 -0.9 -0.9 -0.9 -0.9 -0.9 -0.9 -0.9 -0.9 -0.9 -0.9 -0.9 -0.9 -0.9 -0.9 -0.9 -0.9 -0.9 -0.9 -0.9 -0.9 -0.9 -0.9 -0.9 -0.9 -0.9 -0.9 -0.9 -0.9 -0.9 3.6 25.3 35.4 35.1 34.6 34.1 33.9 34.6 34.5 35.1 37.2 39.9 42.8 44.2 43.9 43.3
