Assets/StreamingAssets/GeoData/Data/sz/SZ69.asc
ncols 200
nrows 200
xllcorner 460000
yllcorner 90000
cellsize 50
[rows 152 to 189 of 200, columns 0 to 83 of 200]
2.8 3.5 7.1 12.8 16.3 17.6 17.6 14.1 11.2 8 6.9 6.9 6.1 2.7 1.4 1.4 1.3 1.3 1.2 1.1 1.1 1 1 1 1 1 1 1 1 0.9 0.8 0.6 0.4 0.2 -0.1 -0.3 -0.5 -0.8 -1 -1.4 -1.4 -1.4 -1.4 -1.4 -1.4 -1.4 -1.4 -1.4 -1.4 -1.4 -1.4 -1.4 -1.4 -1.4 -1.4 -1.4 -1.4 -1.4 -1.4 -1.4 -1.4 -1.4 -1.4 -1.4 -1.4 -1.4 -1.4 -1.4 -1.4 -1.4 -1.4 -1.4 -1.4 -1.4 -1.4 -1.4 -1.4 -1.4 -1.4 -1.4 -1.4 -1.4 -1.4 -1.4
3.6 4.6 9.2 14.8 18 19.4 19.5 16.2 12.5 9.2 8.9 9.3 9.7 7.3 4.5 2.3 1.6 1.4 1.3 1.3 1.2 1.2 1.2 1.2 1.2 1.2 1.2 1.2 1.2 1.1 1 0.9 0.7 0.4 0.2 0 -0.2 -0.5 -0.7 -0.9 -1 -1.4 -1.4 -1.4 -1.4 -1.4 -1.4 -1.4 -1.4 -1.4 -1.4 -1.4 -1.4 -1.4 -1.4 -1.4 -1.4 -1.4 -1.4 -1.4 -1.4 -1.4 -1.4 -1.4 -1.4 -1.4 -1.4 -1.4 -1.4 -1.4 -1.4 -1.4 -1.4 -1.4 -1.4 -1.4 -1.4 -1.4 -1.4 -1.4 -1.4 -1.4 -1.4 -1.4
4.9 7.8 11.6 15.7 19 21.6 22.4 21.3 17 15.1 13.2 14.5 14.8 12 8.7 8 5.1 2.3 1.8 1.4 1.4 1.4 1.4 1.3 1.4 1.4 1.4 2 1.5 1.4 1.3 1.1 0.9 0.7 0.5 0.3 0 -0.2 -0.4 -0.5 -0.7 -1 -1.4 -1.4 -1.4 -1.4 -1.4 -1.4 -1.4 -1.4 -1.4 -1.4 -1.4 -1.4 -1.4 -1.4 -1.4 -1.4 -1.4 -1.4 -1.4 -1.4 -1.4 -1.4 -1.4 -1.4 -1.4 -1.4 -1.4 -1.4 -1.4 -1.4 -1.4 -1.4 -1.4 -1.4 -1.4 -1.4 -1.4 -1.4 -1.4 -1.4 -1.4 -1.4
6.5 11 15 17.4 19.7 23.6 25.3 26.3 23.8 21.3 18.8 19.9 20.3 18.9 17.8 15.9 13.1 10.1 7.8 5.4 2.5 2.8 2.3 2.4 2.3 3.6 5.9 7.5 8.7 7.9 2.1 1.4 1.2 1 0.8 0.5 0.3 0.1 0 -0.1 -0.4 -0.7 -1 -1.4 -1.4 -1.4 -1.4 -1.4 -1.4 -1.4 -1.4 -1.4 -1.4 -1.4 -1.4 -1.4 -1.4 -1.4 -1.4 -1.4 -1.4 -1.4 -1.4 -1.4 -1.4 -1.4 -1.4 -1.4 -1.4 -1.4 -1.4 -1.4 -1.4 -1.4 -1.4 -1.4 -1.4 -1.4 -1.4 -1.4 -1.4 -1.4 -1.4 -1.4
9.8 14.1 18.9 21.1 22.6 26.5 29.4 30 27.7 24.9 23.3 23.7 23.8 23.8 24 24.3 23.3 19.8 14.5 11.7 9.7 8.6 8.8 7.9 6.7 7.1 7.2 5.6 6.3 5.1 6.2 2.8 1.7 1.3 1 0.8 0.6 0.5 0.3 0.2 0 -0.3 -0.6 -0.9 -1.4 -1.4 -1.4 -1.4 -1.4 -1.4 -1.4 -1.4 -1.4 -1.4 -1.4 -1.4 -1.4 -1.4 -1.4 -1.4 -1.4 -1.4 -1.4 -1.4 -1.4 -1.4 -1.4 -1.4 -1.4 -1.4 -1.4 -1.4 -1.4 -1.4 -1.4 -1.4 -1.4 -1.4 -1.4 -1.4 -1.4 -1.4 -1.4 -1.4
11.1 18 21.1 24.1 26.4 30.7 33.6 33.3 32.8 27.5 27.6 28.4 28.5 28.4 28.6 28.9 28.4 26 21.2 16.2 14.6 13.1 14.7 12.5 11 10.7 10.3 10.4 7.5 5.9 5.2 4.5 2.4 2.9 1.4 1.2 1 0.8 0.7 0.6 0.3 0 -0.3 -0.5 -0.8 -1.4 -1.4 -1.4 -1.4 -1.4 -1.4 -1.4 -1.4 -1.4 -1.4 -1.4 -1.4 -1.4 -1.4 -1.4 -1.4 -1.4 -1.4 -1.4 -1.4 -1.4 -1.4 -1.4 -1.4 -1.4 -1.4 -1.4 -1.4 -1.4 -1.4 -1.4 -1.4 -1.4 -1.4 -1.4 -1.4 -1.4 -1.4 -1.4
16.7 19.9 23 27 30.1 33.5 35.9 35.8 35 30.1 32.5 33.1 33 33 33.2 33 32.1 30 27.6 23.1 19.5 19.7 17.3 21.4 19.9 17.3 15.6 14.5 10.3 5.6 3.7 3 2.7 2.1 3.1 1.7 1.3 1.1 1.1 0.9 0.7 0.4 0.2 -0.1 -0.4 -0.6 -0.7 -1 -1.4 -1.4 -1.4 -1.4 -1.4 -1.4 -1.4 -1.4 -1.4 -1.4 -1.4 -1.4 -1.4 -1.4 -1.4 -1.4 -1.4 -1.4 -1.4 -1.4 -1.4 -1.4 -1.4 -1.4 -1.4 -1.4 -1.4 -1.4 -1.4 -1.4 -1.4 -1.4 -1.4 -1.4 -1.4 -1.4
20 22.5 25.1 29.3 33 36.3 38.7 38.6 35.9 33.7 36.8 37.4 37.4 37.3 37 36.3 35.5 33.1 30.9 28.7 28.2 26.6 25.1 25.9 25.8 23.5 21.1 18.1 13.8 5.8 3.4 2.1 1.3 1.3 1.8 3.4 3 3.3 1.5 1.3 1 0.8 0.6 0.3 0 -0.2 -0.2 -0.5 -0.9 -1.4 -1.4 -1.4 -1.4 -1.4 -1.4 -1.4 -1.4 -1.4 -1.4 -1.4 -1.4 -1.4 -1.4 -1.4 -1.4 -1.4 -1.4 -1.4 -1.4 -1.4 -1.4 -1.4 -1.4 -1.4 -1.4 -1.4 -1.4 -1.4 -1.4 -1.4 -1.4 -1.4 -1.4 -1.4
22.4 25 28.2 32.6 37.1 40.1 41.2 40.5 36.7 37.6 41.4 40.7 40.6 40.8 40.4 39.9 39.2 36.2 34.8 33.7 33.2 32.7 31.1 29.2 27.4 25.5 21.9 17.3 12.1 6.8 3 2.3 1.7 1.7 2.2 2.3 3.1 3.2 2.2 2.5 1.4 1.2 1 0.8 0.5 0.3 0.3 0.1 -0.4 -1.4 -1.4 -1.4 -1.4 -1.4 -1.4 -1.4 -1.4 -1.4 -1.4 -1.4 -1.4 -1.4 -1.4 -1.4 -1.4 -1.4 -1.4 -1.4 -1.4 -1.4 -1.4 -1.4 -1.4 -1.4 -1.4 -1.4 -1.4 -1.4 -1.4 -1.4 -1.4 -1.4 -1.4 -1.4
26.2 29.2 32.8 35.9 39.1 41 42.2 41.4 39.1 42.9 43.7 43.3 42.9 42.6 42.2 41.8 41.4 40.4 38.9 37.9 37 35.5 35.1 32.4 29.1 26.1 20.7 15.7 10.9 6.9 3.5 2.7 2.5 2.4 4.4 6 5.9 4.1 2.4 2.1 2.2 3.6 1.5 1.2 0.9 0.9 0.9 0.5 0.1 -0.3 -0.6 -0.9 -1.4 -1.4 -1.4 -1.4 -1.4 -1.4 -1.4 -1.4 -1.4 -1.4 -1.4 -1.4 -1.4 -1.4 -1.4 -1.4 -1.4 -1.4 -1.4 -1.4 -1.4 -1.4 -1.4 -1.4 -1.4 -1.4 -1.4 -1.4 -1.4 -1.4 -1.4 -1.4
28.9 33.7 37.4 39.5 41.7 43.5 43.1 42.5 43.4 44.2 45 45.1 44.8 44.6 44.4 44 43.1 42.1 40.8 39.2 38.8 37.4 35 32.3 28.2 24.5 19.7 13.6 10.6 6.5 4.1 3 2.5 5.3 8.3 10.3 9.3 6.4 4.2 3.1 3.1 3.3 2.4 3.1 1.4 1.4 1.4 1.1 0.7 0.4 0.1 -0.2 -0.5 -0.7 -1.4 -1.4 -1.4 -1.4 -1.4 -1.4 -1.4 -1.4 -1.4 -1.4 -1.4 -1.4 -1.4 -1.4 -1.4 -1.4 -1.4 -1.4 -1.4 -1.4 -1.4 -1.4 -1.4 -1.4 -1.4 -1.4 -1.4 -1.4 -1.4 -1.4
30.3 35.7 39.8 42 44.4 45.6 46.1 44.6 45.5 45.9 46.4 46.9 46.8 46.9 46.5 45.3 44 43 42.2 40.1 38.5 36.9 34.6 29.7 25.8 21.2 15.8 11.7 8.9 6.2 4.7 3.5 4.1 7.5 12.3 14.3 12.9 10.6 8.4 6.6 3.7 3.2 2.6 1.7 1.1 1.7 2.1 2.9 1.4 1.1 0.8 0.5 0.2 0.1 -0.2 -1.4 -1.4 -1.4 -1.4 -1.4 -1.4 -1.4 -1.4 -1.4 -1.4 -1.4 -1.4 -1.4 -1.4 -1.4 -1.4 -1.4 -1.4 -1.4 -1.4 -1.4 -1.4 -1.4 -1.4 -1.4 -1.4 -1.4 -1.4 -1.4
33.1 37.9 41.2 43.9 45.7 47 47.2 46.2 46.7 47.3 47.6 47.6 46.8 46.4 45.8 44.8 43.9 42.9 42 40.5 38.2 36.3 33.1 29.6 24.9 19.4 14.8 11.6 8.7 6.3 4.7 4.8 7 10.9 15.6 17 14.6 13.7 13.5 11.1 7.8 3.4 2.9 2.9 1.3 1.6 1.6 1.9 2.5 2.8 2 1.2 0.9 0.9 0.7 0.6 0.3 -1.4 -1.4 -1.4 -1.4 -1.4 -1.4 -1.4 -1.4 -1.4 -1.4 -1.4 -1.4 -1.4 -1.4 -1.4 -1.4 -1.4 -1.4 -1.4 -1.4 -1.4 -1.4 -1.4 -1.4 -1.4 -1.4 -1.4
36.4 39.6 42.8 45.4 46.8 47.7 48.4 47.7 48.1 47.8 48.1 48 47 45.9 45.1 44.3 43.5 42.8 41.9 40.1 37.7 34.5 32.3 29.1 24.5 21 19.1 14.8 8.7 6.5 8.2 9.8 11.5 15.4 17.4 19.1 19.6 17.6 16.9 13.7 9.8 5.6 3.1 1.8 1.6 1.6 1.6 1.6 1.2 1.6 3.2 2.3 3.9 2.9 5.2 5 5.3 4.8 -1.4 -1.4 -1.4 -1.4 -1.4 -1.4 -1.4 -1.4 -1.4 -1.4 -1.4 -1.4 -1.4 -1.4 -1.4 -1.4 -1.4 -1.4 -1.4 -1.4 -1.4 -1.4 -1.4 -1.4 -1.4 -1.4
41 43 44.3 46.8 47.8 48.4 49.1 48.8 48.3 49 48.6 48.3 47.7 46.4 44.4 43.6 42.9 42 40.4 39.1 37 34 31.5 28.1 23.9 18.9 17.1 11.1 6.7 7.5 12 14.7 16.2 17.6 19.2 21.2 21.4 20.3 17.3 13.5 9.9 5.4 3.9 1.4 0.7 0.7 1.6 1.1 0.7 1 2 2.7 3.7 5.2 5.5 6.4 7.7 7.2 6.5 -1.4 -1.4 -1.4 -1.4 -1.4 -1.4 -1.4 -1.4 -1.4 -1.4 -1.4 -1.4 -1.4 -1.4 -1.4 -1.4 -1.4 -1.4 -1.4 -1.4 -1.4 -1.4 -1.4 -1.4 -1.4
43.7 45.2 46.8 48 49.2 49.4 49.6 49.3 49.5 49.2 48.7 48.2 47.8 47.2 45.2 43 41.6 40 38.2 36.9 35.2 32.5 27.5 27.5 23.6 19.4 14.9 9.7 5.4 9.3 14.4 18.1 20.3 21.8 23.1 24 23.7 20.3 17.1 13.7 9.8 5.5 3.3 1.5 1.2 0.5 0.7 0.7 0.7 2 1.9 2.8 4.3 6 7.6 9.3 9.8 8.9 9 4.7 -1.4 -1.4 -1.4 -1.4 -1.4 -1.4 -1.4 -1.4 -1.4 -1.4 -1.4 -1.4 -1.4 -1.4 -1.4 -1.4 -1.4 -1.4 -1.4 -1.4 -1.4 -1.4 -1.4 -1.4
45.5 46.6 47.7 49 49.6 49.8 50 49.6 48.8 48.7 48 47.4 46.3 44.5 43.5 41.8 39.9 38.1 36.1 34.4 32.8 29.9 27.7 25.9 22.8 18.4 13.1 8.1 9.4 13.4 16.2 20.4 23.8 25.6 26.6 27.1 24.4 20.9 17.4 14.2 10.2 6.3 3.1 1.5 2.1 0.7 0.6 1.3 0.8 1.8 3.6 3.2 4.9 6.6 8.2 10.7 11.1 11.2 10.4 8.6 -1.4 -1.4 -1.4 -1.4 -1.4 -1.4 -1.4 -1.4 -1.4 -1.4 -1.4 -1.4 -1.4 -1.4 -1.4 -1.4 -1.4 -1.4 -1.4 -1.4 -1.4 -1.4 -1.4 -1.4
46.6 47.8 49 49.4 50 50 49.4 48.8 48.6 48 47 45.6 43.9 42.7 41.9 40.6 38.7 35.2 33.1 31.5 29.8 26.9 25 23.4 19.6 16.7 11.3 8.7 13.4 17.4 19.4 22.7 26.1 28.4 29 28 25 21.3 17.7 12.6 7.8 4.5 1.7 0.8 0.5 0.5 1.6 1.6 2.6 3.7 5.5 6.7 7.8 9.1 10.2 11.9 12.8 13.7 13.5 11.5 8.4 -1.4 -1.4 -1.4 -1.4 -1.4 -1.4 -1.4 -1.4 -1.4 -1.4 -1.4 -1.4 -1.4 -1.4 -1.4 -1.4 -1.4 -1.4 -1.4 -1.4 -1.4 -1.4 -1.4
47.7 49 49.9 49.4 50.3 49.4 48.6 48 47.2 46.1 44.5 43 42.4 41.2 39.8 38.5 37 34.1 31.5 28.9 26.8 24.1 22 19.9 17.6 15.5 11.4 11.8 16.4 20.2 24.1 27 29.7 30.9 31 29.5 25.2 21.3 17.6 14.1 9.5 5.7 3.3 3.2 2.3 0.9 0.8 1.2 2.3 6.2 9.1 12.7 14.4 13.6 15 15.9 17.6 17.4 15.8 14.5 10.2 0.4 -1.4 -1.4 -1.4 -1.4 -1.4 -1.4 -1.4 -1.4 -1.4 -1.4 -1.4 -1.4 -1.4 -1.4 -1.4 -1.4 -1.4 -1.4 -1.4 -1.4 -1.4 -1.4
48 49.5 49.9 50.3 50.5 49.5 48.4 47.3 45.5 44.3 42 40.6 39.5 38.1 36.8 35.3 34.2 32.4 30.3 28 25.4 22.4 19.3 17.1 13.9 10.9 14 16.4 20.7 23 27.9 30.7 33 33.3 31.7 30 25.5 21.4 18.1 15.1 10.7 7.3 3.9 2.3 1.6 1 1 1.8 3 7.7 12.6 16.4 17.4 18.8 21 23.3 24.6 23.3 20.8 16.8 11.4 1 -1.4 -1.4 -1.4 -1.4 -1.4 -1.4 -1.4 -1.4 -1.4 -1.4 -1.4 -1.4 -1.4 -1.4 -1.4 -1.4 -1.4 -1.4 -1.4 -1.4 -1.4 -1.4
48.2 49.4 49.6 49.9 50.2 49.3 47.8 46.7 44.4 41.7 39.4 37 36.1 34.7 33.3 31.8 30.8 29.9 28.1 26.6 24.6 22.1 18.7 14.8 12.1 15.6 18.8 21.2 24.4 27.7 31.7 33.5 35.6 33.8 31.1 28.6 24.5 20.8 17.2 14.3 10.9 7.5 4.3 2.2 1.9 1.5 1.6 3 3.1 6.5 10.2 15 17.5 19.4 23.1 26.6 29.1 26.2 22 17 10.7 1.2 -1.4 -1.4 -1.4 -1.4 -1.4 -1.4 -1.4 -1.4 -1.4 -1.4 -1.4 -1.4 -1.4 -1.4 -1.4 -1.4 -1.4 -1.4 -1.4 -1.4 -1.4 -1.4
48.2 49.2 49.3 49.6 49.8 49.6 48.1 46.1 43.5 40.1 37 34.1 32.1 30.8 29.4 28.7 28.2 27.5 26 24.5 23.2 21 18.7 13.8 15.3 18.9 22.2 25.3 27.9 31 33.6 34.9 34.6 33.6 31 28.5 23.9 20.3 16.8 12.8 9.7 6.5 3 2 1.9 1.8 2.5 2.7 2.7 4.3 7.9 11.7 14.3 16.5 22.3 25.9 29.5 25.2 19.7 14.4 9.8 1.3 -1.4 -1.4 -1.4 -1.4 -1.4 -1.4 -1.4 -1.4 -1.4 -1.4 -1.4 -1.4 -1.4 -1.4 -1.4 -1.4 -1.4 -1.4 -1.4 -1.4 -1.4 -1.4
47.6 48.9 49.1 49.2 49.1 48.5 47.4 45.3 43.2 40 36.5 33.9 32 29.7 26.7 26.2 25.5 24.8 23.9 22.4 21.2 19.7 17.1 13.4 18.1 21.4 23.7 26.8 30.7 34 35.9 36.5 34.9 32.9 30.9 27.4 23.3 19.6 16 12.4 8.6 4.8 2.2 1.7 2.5 4.6 5.6 4.9 3.2 5.3 8.3 11.5 15 19.3 23.3 27.2 29.4 24.9 19.6 16.3 10.5 4.3 -1.4 -1.4 -1.4 -1.4 -1.4 -1.4 -1.4 -1.4 -1.4 -1.4 -1.4 -1.4 -1.4 -1.4 -1.4 -1.4 -1.4 -1.4 -1.4 -1.4 -1.4 -1.4
46.4 47.7 48.1 48.6 48.5 48 47.2 45.1 43 39.4 37.4 34.8 32.5 29.7 26.9 24.3 23 22.2 21.3 20 18.3 16.5 14.8 15.3 17.5 21.7 24.8 28.1 32 35.6 37.4 37.1 35.6 32 28.1 26.5 22.5 19.1 15.6 13.2 8.4 4.2 1.9 1.5 4.6 9.7 11.2 9.9 8.6 8.4 11.2 15.9 20.7 26.2 30.2 33.1 34.2 29.7 25.9 22.3 12.2 6.4 -1.4 -1.4 -1.4 -1.4 -1.4 -1.4 -1.4 -1.4 -1.4 -1.4 -1.4 -1.4 -1.4 -1.4 -1.4 -1.4 -1.4 -1.4 -1.4 -1.4 -1.4 -1.4
44.8 46.6 47.5 48 48.1 47.6 47 45 43 40.4 38 34.9 32.4 29.6 26.9 25.7 24.4 21.3 18.7 18.7 19.6 19.9 19.8 20.1 19.1 21.7 25.9 29.4 33.5 37.1 38.2 36.6 34.5 31.8 28.7 24.5 20.3 15.6 14.5 10.8 8.1 4.3 2.1 4.1 8.5 13.3 16 15.3 13.2 12.3 14.2 20.1 27 33.5 36 38.2 37.4 35.8 32.7 28.3 16.4 8.4 3.9 -1.4 -1.4 -1.4 -1.4 -1.4 -1.4 -1.4 -1.4 -1.4 -1.4 -1.4 -1.4 -1.4 -1.4 -1.4 -1.4 -1.4 -1.4 -1.4 -1.4 -1.4
43.1 45 46.1 47.4 47.5 47.3 46.6 45.2 43.3 41 38.3 35.1 32.5 29.8 28.9 27.5 25.2 22.4 19.9 21.4 24.3 24.4 25 24.8 23.6 23.2 26.8 31.7 35.8 38.5 38.1 36.6 33.6 30.4 27.2 24 20.1 15.8 11.4 8.1 5.4 4.2 4.5 9.4 13.7 17.8 20.2 21.3 19.9 19.2 21 23.9 30.3 35.7 39.3 39.5 38.6 37.6 35.3 31.2 21.3 10 5 -1.4 -1.4 -1.4 -1.4 -1.4 -1.4 -1.4 -1.4 -1.4 -1.4 -1.4 -1.4 -1.4 -1.4 -1.4 -1.4 -1.4 -1.4 -1.4 -1.4 -1.4
41.3 43.3 44.5 46.4 47.1 47.1 46.5 45.9 44.2 42.3 38.9 35.4 32.7 32.1 31.8 29.8 26.8 25 22.5 22.4 27.2 29.5 30.4 29.6 28 26.5 28.8 33.6 36.9 37 37.2 35.5 32.4 29.2 25.9 22.4 18 14.3 10.7 7.1 5.3 5.3 9.6 14.4 17.9 21.4 24.6 26 26.7 26.5 25.9 27.6 33 38.1 40.5 39.9 38.7 37.5 35.6 32.7 27.7 12.9 6.1 -1.4 -1.4 -1.4 -1.4 -1.4 -1.4 -1.4 -1.4 -1.4 -1.4 -1.4 -1.4 -1.4 -1.4 -1.4 -1.4 -1.4 -1.4 -1.4 -1.4 -1.4
38.4 41.3 43.5 45.4 46.6 46.7 46.4 45.7 45.1 42.6 40.1 37.5 35.4 35 34.6 31.9 28.8 26.9 25.1 24.5 29.1 32 33.5 33.1 31.4 31.3 30.8 34.2 37.2 37.9 37.3 34.2 31.1 27.7 24.4 20.8 17.1 14.5 9 5.2 5.2 6.7 12.4 17.2 20.7 24.1 27.2 30.1 30.7 30.8 30.7 31.5 36.1 40.1 41.2 40 38.4 35.5 33.3 31 27.1 16.7 7.4 1.1 -1.4 -1.4 -1.4 -1.4 -1.4 -1.4 -1.4 -1.4 -1.4 -1.4 -1.4 -1.4 -1.4 -1.4 -1.4 -1.4 -1.4 -1.4 -1.4 -1.4
36.4 40 41 43.9 45.4 46.2 46.5 45.8 45.3 44.1 41.6 39.5 38.8 38.3 36.8 33.9 30.8 28.5 25.8 26.9 30.5 34.5 36.5 36.8 35.4 35.5 35.1 36.5 39.1 39.1 36.6 33.6 29.6 26.3 22.9 19.6 16.3 12.7 8.3 5.1 5.3 7.4 13 18.5 21.8 25.2 28.5 31.5 34 35.5 37 38.4 40.5 41.6 40.8 39.6 36 33.3 29.5 27.5 23.6 18.8 8.3 1.9 -1.4 -1.4 -1.4 -1.4 -1.4 -1.4 -1.4 -1.4 -1.4 -1.4 -1.4 -1.4 -1.4 -1.4 -1.4 -1.4 -1.4 -1.4 -1.4 -1.4
34.9 38.3 40.7 43.7 45 46 46.9 46.3 45.8 45.3 43.2 42.4 41.9 40.5 38.1 34.9 31.6 29.7 27.8 29.8 32.1 36.8 38.7 39.7 39.2 38.7 38.9 39.4 40.5 39.4 36.7 32.3 28.2 24.9 21.3 18.1 14.5 11.5 10.5 8.3 5 6.9 13.2 18.2 21.1 24.1 28.4 32.7 35.9 38 38.8 39.7 41.5 41.7 40.5 38.8 34.3 29.7 25.2 22.7 20.2 15.5 8.9 4.4 -1.4 -1.4 -1.4 -1.4 -1.4 -1.4 -1.4 -1.4 -1.4 -1.4 -1.4 -1.4 -1.4 -1.4 -1.4 -1.4 -1.4 -1.4 -1.4 -1.4
35 38.4 40.8 43 44.6 45.7 47.3 47 47.2 46.3 45 43.6 42.1 40.9 37.5 34.2 31.1 29.6 30.6 32.9 36 38.7 40.8 41.7 41.9 41.2 41.2 41.7 40.9 39.4 36.4 31.2 27.3 23.8 20.4 19.1 16.7 15.4 13.7 9.8 6.1 5.3 10.2 15.5 19.2 23.9 27.1 31.7 36.5 39.4 40.5 41.4 42 41.7 41.2 38.9 34.4 29.8 25.7 20 16.1 12.5 7.4 5.1 0.5 -1.4 -1.4 -1.4 -1.4 -1.4 -1.4 -1.4 -1.4 -1.4 -1.4 -1.4 -1.4 -1.4 -1.4 -1.4 -1.4 -1.4 -1.4 -1.4
35 37.6 40.3 42.4 44.1 45.8 47.4 47.9 47.1 47 45.7 44.4 42 39.1 36.6 34.1 31.9 31.4 32.8 36.7 39.2 40.6 42.4 43 43.3 43.5 43.5 42.8 41.3 38.7 36 31.3 26.6 24.3 21.7 19.9 18 16.6 15.2 13.4 10.2 6 6.8 12.8 17.8 23.1 27.5 32.2 35.9 39.9 41.3 42.2 42.2 41.9 41.2 37.6 34.2 31.1 26.6 21 14.4 9.9 10.4 7.7 2.2 -1.4 -1.4 -1.4 -1.4 -1.4 -1.4 -1.4 -1.4 -1.4 -1.4 -1.4 -1.4 -1.4 -1.4 -1.4 -1.4 -1.4 -1.4 -1.4
32.5 35.1 38.1 40.1 43.6 46 47.6 48.1 46.9 47 46.4 44.7 42.1 39.3 36.4 34.4 33.8 34.1 35.4 39.6 41.3 42.5 43.5 44.2 44.6 44.4 43.9 42.9 41.7 38.9 34.8 30.7 26.7 23.3 20.8 18.9 17.5 15.7 15.2 14 12.3 6.3 8.9 15.2 20.2 24.8 28.7 34.1 37.7 39.9 41.8 42.7 42.5 42 39.7 36.1 32.4 28.9 22.8 18.1 13.5 14.4 16.2 11 5.4 1.3 -1.4 -1.4 -1.4 -1.4 -1.4 -1.4 -1.4 -1.4 -1.4 -1.4 -1.4 -1.4 -1.4 -1.4 -1.4 -1.4 -1.4 -1.4
31 34.2 37.1 40 43.7 46.2 47.7 48.2 48.4 48.3 47.2 45 42 38.8 36.5 36.8 36 36.9 38.2 41.2 42.7 43.9 44.6 45.2 45 44.6 44.1 42.9 41.6 39 34.1 29.2 25.3 22.1 19.8 17.8 16.6 14.9 14.5 12.8 8.9 6.1 10.5 17.4 21.1 25.2 29.5 33.6 38.5 40.6 42.4 42.9 42.5 41.6 39.7 35.8 31.8 27.8 22.1 16.2 17.5 21.3 21.5 21.5 10.5 5.2 2.6 0.9 0.7 -1.4 -1.4 -1.4 -1.4 -1.4 -1.4 -1.4 -1.4 -1.4 -1.4 -1.4 -1.4 -1.4 -1.4 -1.4
29.4 33.3 36.7 40.1 43.3 45.8 47.5 48.4 48.8 47.8 46.9 44.5 40.2 39.7 40 40 38.2 38.8 40.8 43 43.9 44.8 45.5 45.3 45.1 44.8 43.8 41.9 40 37.9 33.8 29.7 25.8 22.1 19.3 17.3 15.6 14.3 13.6 12.8 7.3 8.2 14 18.6 21.1 24.4 28.3 33.4 38.7 41.1 42.9 43 42.6 41.3 38.5 35.1 30.9 27 24.8 21.6 23.3 26.8 27.4 27.8 19.2 16.4 13.8 7.4 1 -1.4 -1.4 -1.4 -1.4 -1.4 -1.4 -1.4 -1.4 -1.4 -1.4 -1.4 -1.4 -1.4 -1.4 -1.4
29 32.9 37.1 40.2 42.8 45.3 47.5 48.6 48.2 47.8 47.3 44 40.4 41.9 43.8 41.7 40.3 40.8 42.8 44.2 45 45.8 45.4 44.8 44.3 43.8 42 40.2 38.3 36 32.6 29.6 26.5 23 19.4 16.6 12.9 11 11.8 9.8 7.3 13.3 15.8 18.5 20 23.5 27.4 32.3 37.6 40.9 42.8 43.1 42.6 40.7 37.3 33.9 29.5 25.1 19.8 21 27.2 29.7 31.4 31.4 30.1 27.9 23.5 14.7 1.2 -1.4 -1.4 -1.4 -1.4 -1.4 -1.4 -1.4 -1.4 -1.4 -1.4 -1.4 -1.4 -1.4 -1.4 -1.4
30.6 34.1 37.7 40 42.4 44.9 47.1 48.4 49.6 49 48.2 44.3 45.7 46 44.6 44.1 42.9 43.2 45 44.8 44.8 45.6 44.2 43.7 43.2 41.9 40.2 38.4 36.5 33.4 29.9 26.5 23.9 21 17.7 13.4 9.8 7.7 7.9 8.9 8.3 10.7 14.8 15.9 18.9 22 26.4 32.2 37.1 40.1 42 42.8 41.6 38.9 35.8 31.9 26.9 23 20.8 25.6 29.2 32.5 34.8 34.3 31.6 27.5 23.1 18.5 1.9 -1.4 -1.4 -1.4 -1.4 -1.4 -1.4 -1.4 -1.4 -1.4 -1.4 -1.4 -1.4 -1.4 -1.4 -1.4
30.2 33.8 36.6 38.7 41.7 44.5 46.7 48.3 49.8 49.1 48.5 48.2 48.4 47.8 46.7 47.4 46.7 45.7 45.9 45.9 45.4 45.4 43.8 42.6 42.1 40 38.3 36.6 34.4 31 26.9 23.5 20.8 18.4 15.4 10.4 10.1 13.2 12.9 10.9 11.2 12.1 13.4 15.9 18.8 21.6 25.7 31 36.6 40.5 41.9 42.4 40.9 37.9 34.9 31.2 25.8 23.8 26.2 31.1 33.5 35.1 37.8 35.2 29.4 23.1 17.8 11.8 4.9 -1.4 -1.4 -1.4 -1.4 -1.4 -1.4 -1.4 -1.4 -1.4 -1.4 -1.4 -1.4 -1.4 -1.4 -1.4
