Game/Highland_Data/StreamingAssets/GeoData/Data/so/SO04.asc
ncols 200
nrows 200
xllcorner 300000
yllcorner 240000
cellsize 50
[rows 105 to 139 of 200, columns 78 to 155 of 200]
403 399.4 399.5 399.8 399.5 396.8 394.5 391.2 387.6 386 385.1 384.2 381.8 378.1 372.8 366.9 358.8 348.1 340.1 331.3 320.4 309.5 307.8 314 317.4 321.7 325 328.9 334.2 340 344.7 352.4 364.4 366.3 368.2 367.6 365.6 361.9 356.8 351.8 346.9 342.3 336.2 329.7 321.9 312.3 301.8 289.7 281.5 276.4 270.6 265.1 258.5 255.2 257.8 255.4 244.1 240.2 242.2 245.2 250 253.4 250.4 242.9 226.9 201.1 168.4 139.8 126.2 112.7 106.9 111.2 115.1 120.8 129.2 143.1 153.3 165.1
403 399.1 394.5 396.6 396.6 394.8 392.7 391.2 389 387.4 386.6 385.7 384.9 384.5 381.4 375.2 369.1 361.3 352.3 343.3 332.3 319.9 309.4 306.3 308.5 314.8 317.5 321.2 325.9 331.7 337.3 341.9 351.6 364 368.5 367.4 365.7 363.5 359.6 354.3 348.8 342.9 337.9 333 327.2 319.6 311 301 290.5 283.9 276.9 270.1 263.8 252 250.1 249.7 245.6 236.4 228.8 230.7 235.2 238.6 242.7 241.9 220.2 196 165.7 145 129.7 119.5 106.9 107.2 112.2 118 124.6 132.5 145.9 152.8
400.6 397.4 393.4 390.6 391.9 391.6 390.5 389.5 388.6 388.9 390.1 389.5 388.1 387.2 385.2 381.8 376.6 369.5 362 354.7 345 331.4 316.9 304.8 304.2 305.8 309.6 314.9 318.5 323.7 330 333.9 340.3 353.4 362.8 364.5 363.9 363 360.8 356.6 350.9 346.1 338.4 333.8 328.7 323.9 317.1 307.7 295.9 290.5 283 275.7 267.7 258.1 246.7 238.3 236 231.4 221.3 212.1 220.5 221.7 229 231.3 217.1 196.4 169.4 153.5 141.1 125.6 111.1 106.9 111.9 113.8 120.3 125.2 134.4 141.4
398.9 395.8 393.5 389.2 387.7 387.2 387.6 388 387.4 388.2 389.7 391.2 391.8 392.3 391.8 389.9 383.8 377.1 371.3 366.4 356.2 341.9 326.4 310.4 301.6 301.9 303.6 308.7 312.4 316.4 321.4 325.9 331.1 342.3 353.1 358.3 360.1 360 359.3 357.9 354.2 349.1 343.6 335.7 329.2 325.2 319.5 314.1 306.5 297.3 288.9 282.2 274.2 265.9 254.6 243.8 236.7 229.8 222.4 214.9 199.6 203.4 210.3 217.6 217 203.1 177.5 159.5 151.2 130.4 115.8 106.9 111.7 112 116.6 122.5 127 133.7
396.2 394.9 394.3 390.5 386.3 385.1 384.6 385 386 386.7 388.4 389.3 391.1 393 393.2 391.2 387.3 381.6 375.7 369.8 360.9 348 335.1 318.7 305 297.6 300.1 299.5 305.9 306.6 313.7 318.6 323.1 330.3 339.7 348.1 353.6 355.3 356.2 356.2 355 351.7 347.7 341.2 333.7 328.4 323.5 318.1 311.5 304.4 295.9 287.5 280.4 272.7 263.6 256.2 248.5 240.2 231.9 220.7 205.8 189.3 197.6 209.9 216.1 202.9 181.8 164.2 153.4 136.8 120.6 110.9 106.9 111.5 112.5 118 123.1 127.3
394.6 393.1 393.2 391.1 387 383.8 382.8 382.5 383.8 385 387 387.8 389.2 389.8 389.4 388.5 387 383 378.4 371 363 352.1 339.9 326.6 311.8 304.6 302.4 295.5 295.7 296.5 305.6 312.5 316.7 319.9 325.4 333.3 340.1 345.6 348.5 350.7 351.8 351.1 349.5 346.7 340.4 333.3 328.2 322 315 309.2 301.6 291.9 285 278.4 271.6 266.8 261.9 252.5 239.4 227.3 213 196 184.9 199.9 206.8 195 180.5 166.3 156.3 141.7 130 117.5 106.9 106.9 110.1 112.2 120.3 123.6
393.8 391.6 390.5 389.4 385.9 383.1 381.1 381.1 382.3 383.4 384.8 385.4 386.7 387.6 387.7 386.8 385.5 382.2 377.9 372 363.5 354.7 343.5 330.6 318.6 311 306.8 303.4 301.2 292.3 296.2 305.2 311.3 314.4 316.3 321.3 326.5 332.1 336.8 340.8 343.8 346.5 347.7 347.2 344.8 339.4 333.7 326.5 320.9 313.9 306 298.3 290.9 285 279 275.3 270.5 262.5 250.2 235.5 220.8 204.4 186.7 187.4 191 187.4 177.6 168 158.5 146.3 136.4 126.8 114.7 106.9 107.1 109.9 116.9 121.1
396.5 392 390 388.3 387.1 383.6 380.8 378.7 381.3 381.6 382.3 383.1 384.7 386.4 387.7 388.4 387.9 384.4 379.7 374.8 367.4 356.5 347.2 335.9 324.3 315.6 309.9 307 304.4 301 288 301.3 308 311.3 313.1 315.4 318.1 321.8 326.1 331.4 336.3 339.9 343.1 344.2 344.3 343.5 340.2 334.7 329.7 322.2 313.8 306 298.8 292.4 287.8 283 278.1 269.4 261.3 247.7 232.8 214.2 195.8 180.9 175.7 175.6 173 168.8 163.6 155.1 147.1 136.5 129.1 118.6 106.9 106.9 111.2 113.7
403.3 394.7 391.4 390.1 388.5 384.3 381.3 378.6 378 379.3 379.8 381.3 382.9 384.6 386.2 386.6 386.9 385.7 383.9 379.5 372.3 360.6 350.2 340.8 329.2 319.6 313.4 309.2 305.9 303 291.9 300.5 308.3 311.3 312.3 312.9 313.6 315.3 317.8 320.5 325.5 331.1 335.3 338 339.9 341.3 341.3 339.6 336.3 331.5 324.5 316 307.6 300.6 294.4 289.6 285.9 279.7 269.7 260.4 245.3 226.8 207 192.7 180.8 169.3 166 167.6 167.4 160.1 153 147.6 145.4 133.6 123.5 114.5 106.9 106.9
408.1 400.5 393.8 390.8 388.3 385 382.2 379.8 376.7 373.5 376 378.7 381 380.1 381.9 382.6 382.7 382.9 383.4 381.4 375.5 368.1 357 343.9 333.8 324.5 316.9 311.2 307.7 304.4 293.4 295 305.1 311.8 314.5 313.6 312.3 312 313 313.7 317.1 321.1 325.9 329.8 333.5 336.3 337.9 339.1 338.4 336 330.8 324 316 308.9 301.9 296.7 292.8 289.3 279.3 269.3 257.3 243.4 224.3 206.9 194.1 180.5 172 163.7 164 161.6 154.5 150.7 148.5 146.2 141.3 131.6 119.1 111.6
407.3 403.4 397.9 394.1 391 386.4 384.3 381.9 379 375 369.5 374.3 375.3 374.9 375.9 377 378.4 379.3 380.2 380.3 377 370.8 363.2 351.9 339.7 328.8 320.3 313.7 309.5 305.1 295.2 289.6 300.5 307.3 312.8 314.5 313.2 311.3 310.4 311 312.9 315.9 319.1 321.9 326.6 331.6 333.4 335.6 336.2 336.4 334.6 331 326.3 320.8 312.9 306.9 302.6 298.6 291.6 287.1 270.1 256.7 242.1 224.1 206 191 182 173.1 162.8 154.8 153.6 151.9 148.6 147.1 144.2 138.9 132.1 123.6
403.8 401.7 398.4 396.9 395.1 391 387.1 385.2 383 379.3 371.8 367.8 371.1 370.4 370 371 373.2 374.1 375.9 377.8 376 372.3 366.1 356.5 344.9 334.9 324.6 318.3 312.5 306.4 299.5 283.4 290.7 298.5 307.1 312.7 313.1 311 308.5 309.3 312.9 315.8 316.7 318.2 321.4 326.2 329.8 332.3 333.8 335 335.2 334.4 332.8 328.8 323.6 318.1 311.4 307.2 303.6 298.6 285.9 270.9 257.4 240.9 222.9 205.6 195.9 190.9 182.8 165.1 154.4 146.4 145.7 143.9 139.9 135.6 131.3 129.1
401.3 398.7 396.6 395.3 394.8 392.9 390.6 388.1 384.6 378.4 370.2 360.7 367.2 367.1 366.1 365.6 367.1 369.4 371.4 374 373.8 370.7 367.4 359.5 348.3 338.9 332.1 324.9 318.3 311.1 305 297.7 280.1 287.4 299.4 307.5 310.2 309.3 306.3 305 307.9 311.6 315 317.4 318.5 321.3 324.9 329 332 334.3 334.8 334.3 333.8 331.4 326.1 322.8 317.9 313.6 310.2 305.8 297 285.6 273.8 257 241.6 222.3 211.7 205.2 195.9 178.6 163.4 155.2 150.1 144.7 139.9 135.5 129.9 126.3
400.7 396.4 394.1 393.1 392.7 392.2 391.6 388.5 381.6 374.4 367.2 358.3 362.3 362.9 362.9 361 361 362.5 364.6 369.2 371.4 369.8 366.8 361.8 351.1 342.6 335.2 330 323.7 316.1 310.2 305.2 293.2 275.6 293.2 302.2 305.8 305.3 302.8 300 300.2 303.3 307.3 310.9 313.6 315.4 318.8 324.4 330.2 333.7 335.6 334.6 333 330.3 325.8 323.5 320.6 317 313.8 310 305.5 298.6 286.8 274.5 256.9 242.4 230.4 220.7 209.3 193.8 178.3 168.1 162.9 156.7 151.7 146.5 136.4 132.1
397.3 395 392.7 390.8 389.4 389.2 389.1 385.5 379.3 372 365.5 358.5 357.3 358.2 359.3 357.3 355.9 355 355.2 362 365.3 364 362.3 359 353.8 346.5 340 333.3 328.3 321.7 315.1 309.1 302.4 279.6 290.7 299.1 303.2 301.2 297.9 294.4 292 294.1 297.7 301.9 306.2 309 313.8 321.2 327.6 331.2 333.4 333.7 332.4 330.2 325 320.9 318.5 317.2 315.1 312.5 308.4 303.7 297 287.3 273.6 259.1 247.7 237.7 225.4 214.5 201.6 186.7 175.5 168.7 161.3 156.2 144.6 137.6
393.4 392 391.7 389.9 386.5 385.3 384.6 381.8 376.9 370.9 365.4 358 342.2 352.4 352.7 350.3 350.4 348.9 349 351.9 354.5 356.3 355.7 355.4 353.6 349.7 343.7 336.9 331.8 326.2 319.7 312.5 304.5 283 289.1 297.8 302.4 298.8 293.6 288.8 285.3 285 288.7 293.2 297.5 302.7 310.9 317.9 323 327 329.5 330.3 328.8 325.9 322.9 318.4 315.7 314.2 313.3 311.9 309.3 306.1 301.8 294.9 285.9 274.1 267.3 257.1 246.2 233.3 222.1 209.2 198 184.7 174.7 166.6 156.3 146.2
388.4 386.7 385.7 384.8 382.2 379.8 378.5 376.5 374.9 370.4 365 358.9 351.2 344.9 345.9 344.6 344.3 341.5 340.3 341.3 342.2 348.5 350.4 351.7 352.8 352.4 349 342.4 334.9 329.4 322.8 314.8 306.8 294 277.1 290.1 298 295.9 290.3 284.8 280.1 278.4 282.1 285.9 290.4 296.5 304 310.7 316.7 322.1 325.6 324.9 322.9 320.7 318.7 315.5 313.7 311 310.1 309.2 307.8 304.5 301.9 297.8 291.9 285.4 276.9 268.7 260.2 251.5 241 227 215.9 204.8 194.2 184.8 170.1 161.3
383.5 381.3 379.4 376 373.4 368.9 369.8 368.7 370.2 369.3 364.5 359 352.4 343.3 339.8 338.6 336.5 333.9 331.9 330 331.6 336.4 341 346.1 350.8 352.9 352.4 348.2 339.9 331.1 324.5 317.3 309.5 300.4 284.5 277.1 287.7 288.1 285.2 280.7 275.4 273.4 276.6 279.9 283.8 289.5 296.7 303 308.8 315.9 319.9 320.2 318.2 315.5 313.7 312.6 310.9 309.1 305.3 304.4 304.1 302.4 298.8 296.6 294 289.9 284.8 276.4 267.8 259.3 251.9 243.9 232.8 219.4 209.9 201.9 190.4 184.4
376.2 375 372 367.6 363.5 354.5 353.3 354.5 358.3 359.9 355.2 351.9 346.9 343 328 332.5 329.9 326.5 324.2 322.3 324.1 328.7 331.5 336.2 343.3 350 352.3 350.5 344.3 334.7 327.2 318.1 311 303.8 294.3 274.5 273.8 276.4 277.9 274.9 270.9 268.7 271.4 274.4 279.2 284.1 290.7 297.3 300.9 306 309.4 311.2 311.2 309.7 309.1 308.5 306.6 305.5 302.4 299.8 299.7 298.1 295.1 293.8 293.4 290 285.7 282.4 278.7 270.1 258.8 251.5 245.1 238 228.9 218.8 208.3 199.2
366.2 365.2 363.6 359.4 351.6 341.1 335.8 336.4 338.4 339.7 339.4 336.9 336.6 334.8 327.9 324.7 322.6 319.4 317.6 315.4 316.1 319.1 322.5 328.2 334.9 341.3 347.3 346.6 343.1 337.9 330.6 319.9 312.1 306.7 300.2 289.7 276.6 270.5 265.7 265.5 262.8 262.3 266.4 271.7 276 281.2 287.6 293.3 295.9 299.1 301.9 303.9 304.3 303.4 303 302.2 301.1 300.4 298.2 294.7 294.8 293.1 291.1 289 289.7 288.3 284.4 281.1 279 276.9 270.8 263.2 255.3 250.7 245.2 239 228 215
350.5 352.1 350.9 345.5 336.6 328.8 324 323.3 323.3 322.9 323.4 323.1 322.6 322.5 318.4 315.3 315.3 311.6 308.3 306.9 307.3 309 312 318.3 325.6 331.1 338.3 339.5 340 337.7 333.3 320.8 314 310.5 305.5 298.4 288.5 278.7 264.4 251.6 250.9 253.2 259.1 267.2 274.5 279 284.1 287.1 291.1 294.8 297.5 298.2 296.5 295.1 295.1 294.4 293.1 292.6 292.2 288.7 289 286.6 285.5 283.5 282.6 282.2 280 276.7 268.4 269.4 269.9 269.4 266.6 262.1 256.9 250.9 243.5 235.4
335.5 336.1 331.5 328.4 324.1 318.7 314.8 315.6 316.3 315.2 313.8 311.3 309.4 308.2 305.7 301.6 303.8 303.2 301.2 297.6 298 299.1 301.5 305.7 312.6 319.9 326.2 331 334.6 337.4 336.7 325.3 317 313.2 308.9 304.4 296.6 287.3 276.5 264.1 253.9 246 247.9 256.8 265.1 270.9 275.3 279 283.1 284.5 287.5 287.7 287.9 287.3 287 286.8 285.3 283 282.6 279.2 276.1 276.9 277.5 276.4 273.3 272.9 268.5 260.3 256.9 261.9 262.2 262.9 264.9 267.2 269.2 263.5 253.3 243.1
321.2 320 317.6 315.7 313.2 309.3 304.7 304.9 307.6 306.8 306.2 302.3 300.1 297.5 295.8 294.3 293.9 295.6 291.1 289.4 288.2 289.6 289.9 292.5 299 304.9 313.6 321.7 328.3 330.9 331.1 325.7 320 314.2 310.4 306.8 300.3 292.3 284.2 273.1 263.6 253.8 242.6 243.7 253.6 259.7 265.4 270.2 269.8 270.1 272.7 275.7 278.8 279.6 280.5 280.7 278.8 274.4 272.8 267.8 262.6 266.3 268.1 266.1 262.2 260.5 254.6 250.3 247.4 251.1 252.8 253.8 256.8 259.1 262.9 267.5 264.4 253.9
310.3 307.1 305.4 302.5 298.5 293.8 289.8 286.5 288.5 291.6 292.1 290.1 288.8 287.9 288.7 288.4 285.5 284.3 281.5 281.2 278.6 278.5 278.5 281.7 286.2 291.5 297.9 305.1 314.3 320.4 322.9 322.4 318 314 310.2 307.7 302.3 294.4 287.3 279 270.1 260 250.4 241.6 242 248.4 255.6 261 262.8 261.3 263.6 265.9 268.2 268.8 269.7 270.4 269.1 265.8 262.1 254.6 255 253 257.6 256.8 250.9 248.5 245.7 241.5 239.1 241.7 240.9 242.4 246.2 250.1 253 255.7 259.2 262
296.1 292.7 291.1 287.6 289.6 293.2 294 292.3 288.1 279.8 275.7 277.1 276.8 276.2 276.8 277.9 276.6 275.5 270.2 268.6 266.6 266 267.4 271.3 273.1 277.2 283.1 289.6 300.5 310.7 315.9 317.7 314.8 312 309.4 306.9 304 296.6 288.5 281.1 274.6 265.5 254.9 246.9 238.2 234 242.3 250.3 253.5 253.5 253.3 254.8 256 257.2 258.7 259.1 258.8 256.4 252.2 244.5 243.8 242.2 243.3 243.2 238.7 237.2 236.6 233.3 230 232.4 231.2 230.1 232.6 237.9 243 247.1 250.4 253.9
303 304.5 304.5 303.2 302.9 301.8 301.4 301.4 294.5 286 280.2 277.9 276.9 270.2 268.9 265.8 264.5 264.6 262.2 258.1 258.5 254.5 258.4 260.1 262.3 265 268.6 274.3 282.8 295.2 308.9 314 312.6 310.1 308 306.7 305 299.5 291.7 284.4 279.2 270.9 260.5 250.7 242.6 236 231.7 236.8 241.7 244.8 243.7 243.2 243.4 245.1 246.3 247.5 247.7 245 239.6 234 229.2 231.2 229.6 227.8 223.3 223.3 222 220.1 220.7 223.8 224 221.9 220.7 223.9 231.4 237.5 242.3 246.3
308.7 309.6 310.4 310.4 309.2 307.4 306.7 306.4 303.1 297.1 295 289.3 286.1 282.5 278.8 273.8 268.4 269.8 272.9 271.6 264.3 258 254.5 252.4 252 255.7 262.9 268 273.9 285.4 298.5 309.6 311.9 310.1 308.1 306.8 306.1 302.1 295.2 288.6 283.2 275.6 267.7 257.5 248.8 240.9 235.1 228.7 230 231.7 233.2 234.4 236.1 236.1 235.6 235.4 233.5 230.9 226.2 225.1 220.6 222.2 220.2 215.5 212.6 211 208.2 208.1 212.2 216 217 214.8 213.5 213.5 217.7 224.6 231 235.3
313.5 314.8 315.7 315.8 315.6 314.4 311.9 310.5 306.3 306.2 303.7 300.9 294.7 289.4 285.8 282.7 278 277.2 279.6 281.9 276.1 267.7 259.7 253.3 249.9 248.5 256.5 264.2 270.3 280.6 293.4 302.8 308.6 310.8 309.2 307.4 305.9 303.7 299 292.3 284.8 279.9 273.9 265.9 258 248.3 241.6 235.8 230.9 226.8 223.2 224.5 227.3 226.8 224.9 223.1 221.7 218.2 214.1 211.2 208.7 206.8 204.1 202.3 203 203.5 202.3 201.7 202 206.8 208.6 207.4 207 206.3 208.6 212.1 217.2 222.7
321.6 320.7 321.6 323.5 322.4 319.5 318.3 316 313.1 311.7 309.5 307.1 301.1 294.1 291.7 288.3 283.4 282.8 285.2 287.8 285.6 277.9 267.2 257.7 250.5 246.8 249.1 259.7 269 278 288.8 297.1 304.9 308.9 309.5 308.8 307.2 304.5 299.7 295.6 289.4 283 276.2 269.7 263.7 254.9 248.7 242.9 238.1 233.7 229.6 224.5 218.9 216.2 215 214.2 212.7 209.2 207.4 205.9 200.5 197.8 195.8 193.9 190.4 189.2 192.1 194.6 195.4 197.2 198.8 198.3 199.3 199.9 199.2 201.7 204 209.3
337.3 334.5 331 332 327.4 325.4 324 322.1 319.7 317.6 315.4 311.5 303.9 298.8 295.8 293.1 288.9 287.9 290.4 291.2 285.7 278.4 270.3 261.2 251.9 246 244.5 250.5 261.7 271.6 280.1 288.5 300.3 306.8 309.2 309.6 309.2 307.6 302.3 299.3 291.9 285.3 279.6 274.2 268.1 261.3 255.1 250.3 245.5 240.9 236.8 233.4 230.6 228.8 228 225.9 224 222.6 221 217.5 214.4 210.2 206.3 202.9 198.6 192.9 185.3 181.8 181.7 184.9 189.3 191.6 192.3 192.4 190.2 190.2 192.4 197.3
349.4 345.5 341.3 338 333.1 332.2 330.1 327.4 324.5 322.5 320.1 316.9 312.1 304.6 300.7 297.4 293.9 289.6 287.6 285 279.9 271.5 264.2 257 250.8 245.2 243.2 244.5 251.5 261.7 271.2 278.8 293.1 302.6 307.3 309.4 311.5 311.3 307.3 303 299.7 290.8 284.3 278.1 273.6 268.9 263.8 258.6 253.7 249 244.5 240.9 237.6 234.8 232.7 231.1 230 228.3 225.8 222.7 218.9 213.6 207.6 204.1 201 198.2 193.9 190.8 183.3 178.2 175.3 180 182.5 182.8 180.6 180 181 185.8
356.5 350.1 346.5 343.2 341.6 338.4 334.8 333.6 330.5 327.7 325.8 321.8 317.7 311.8 307.5 303.4 301.8 292.1 283.4 277.9 272.9 264.7 258.3 253.6 248.5 244.6 242 241.8 244 253.7 262.5 270 280.4 295.3 304 309 312.6 315.2 313.7 309.6 305.5 299.1 291.5 284 278.6 273.6 270.7 267.5 263.2 258.3 254.2 251.9 247.3 241.8 238 235.7 234.3 232.5 228.4 223.8 220.2 216.2 213.1 207.2 202.1 197.4 193.5 192 190.3 186.6 178 171.1 171 168.7 166.9 167 166.8 168.4
360.3 354.9 350.9 348.2 347.4 346.6 342.3 339.3 336.5 333.4 331.2 327.5 324.2 320.4 315.7 312.8 313 309.5 293.5 283.2 276.3 272.1 263.1 255.6 251.2 247.6 243.8 239.1 239.1 243.3 253.3 262.8 269.5 283.9 296.4 305.6 310.5 315.2 316.7 314 311 306.1 300.2 292.2 283.9 276.4 272.4 269.1 265.7 261.7 257.6 253.7 249.1 243.8 240.4 239.5 237.9 235.7 233.3 226.4 222.6 220.8 219.2 213.5 206.5 198.3 193.9 192 190 187.7 180.8 170.8 167.9 166.4 166.8 165.1 164.9 169
366.8 361.4 356.4 353.1 352.3 351.8 348.7 345.8 344.9 339.7 337.6 334.1 330 327 325.1 325.4 326.2 324.5 310.7 294 286.6 280 271.7 263.2 257.7 252.4 246.2 240.7 237.1 236.6 244.4 253.8 260.5 273 287 296.4 304.7 310.7 315.7 317.6 315.9 312.3 308.1 303.3 296 284 274.1 268.9 265.3 260.9 256.3 251.8 247.9 243.1 241.2 240.3 239.5 236.9 233 227 222.2 220.5 218.5 213.7 208.5 200.2 194.5 191.3 187.5 181.6 173.6 169.8 174.4 178.3 179.5 177.4 181.4 180.9
372.8 367 362.5 359 356.9 355.1 351.5 352.6 351.5 348.9 345 342.1 338.1 335.6 333.8 332.9 335.2 335.2 324.3 306.1 296 285.7 276.5 269.7 263.1 258.3 250.8 244.4 239.6 235 237.5 245.2 250 260.1 273.5 284.2 294.4 304.4 312.3 318.2 320.4 319.1 316.6 312.4 304.5 292.8 279 270.5 264.6 259.8 255 250.4 246.1 242.1 241 240.8 236.8 234.8 230.1 224.4 220 216.6 212.7 208.1 202.2 197 191.8 182.9 178.5 176.6 179.6 184.1 185.4 187.5 188.3 186.6 183.5 181.5
