Game/Highland_Data/StreamingAssets/GeoData/Data/so/SO09.asc
ncols 200
nrows 200
xllcorner 300000
yllcorner 290000
cellsize 50
[rows 35 to 69 of 200, columns 78 to 155 of 200]
383.6 382.3 378.9 375 371.3 367.7 364.1 356.7 352.8 351.4 349.8 349.1 350 347.7 342 338.7 332.6 329 333.9 328.4 324.2 319.2 314.8 310.1 308.6 306.7 306.1 300.5 297.6 293.2 289.8 287.9 287.5 287.9 288.5 287.2 285 282.2 280.7 280.4 278.3 275.1 268.9 261.8 259.5 259.1 259.5 259.1 258 255.3 254.6 256.2 255.3 251.3 241.3 240 243.1 246 246.6 246.9 246.6 246.2 246.5 246.4 244.5 240 240.9 246 243.2 233.9 229.1 227 226.9 228.7 232.6 237.2 234.6 228.1
381 377.4 374.8 369.3 366.8 364.8 361.1 356.8 353.4 352.7 351.5 350.9 349.9 343.7 336.8 327.3 322.4 320.8 324.4 318.9 312.7 309.1 306.4 304.7 304.1 302.5 301 297.9 294.7 290.9 284.8 284.4 283.7 284.4 284.4 283.9 281.6 280 283.3 285.2 283.7 278 272.9 268.9 264.3 263 261.9 260.9 260.4 260.1 259.9 256.2 249.6 242.7 241.9 248.1 250.1 251 251.6 252.2 254.6 251.8 252.1 253.1 251.8 245.8 245 241.7 237.1 230.4 229.8 226.8 226.1 229.6 233.9 235.9 232.3 225.9
377.6 372.6 369.4 365.7 362.8 359.8 356.8 354.8 353.1 354.9 354.7 347 343.5 338.6 330 321.2 310.9 317.4 314.6 308 302.9 301.3 299.4 298.7 298.7 297.7 296.1 290.9 283.2 280.7 279.8 280.6 282.1 281.7 281.4 279.3 276.4 278.5 282.5 285.6 285.4 282.6 277.7 272.6 270 267.5 266.4 264.6 262.1 260.1 255.6 248 244.5 256.5 258.8 260.5 258.7 258.4 259 260.3 260.5 259.3 259.1 258.7 254.3 244.4 240.5 237.2 235.1 233.7 229 227 225.1 227.7 231 231.1 228 221.7
379.3 378.7 376.7 373 367.7 362.5 358.9 357.3 355.1 347.7 347.7 338.7 335.7 329.4 321.1 318.5 311.3 301.5 302.3 300.4 296.3 294.6 293.7 293.6 292.6 289.6 285.4 278.2 275.6 275.6 275.6 277 277.8 277.6 277.4 276.2 273.7 276.4 278.3 279.5 279.9 278.4 276.5 273.7 271.3 268.3 263.7 261.8 258.1 251.2 247.5 249.2 263 266.1 268.4 267.6 266.5 265.9 266.8 264.9 264.5 264.8 264.3 259.2 253.3 244.4 240.3 240 239.6 238.3 236 229.5 224.9 223.7 225.1 223.6 221.2 216.5
383.6 381.8 378.6 374.3 370.7 366.8 364.1 362.1 357.4 351.1 341.2 329.6 326.6 320.9 317.2 314.3 310.1 302.8 291.3 290.5 288 287.8 288.4 286.9 284.5 278.3 276.2 275.6 275.6 275.6 275.6 275.6 273.4 272 271.4 270 269.6 273.4 274.3 274.8 274.9 273.6 271.2 269.2 264.1 264.2 261 254.3 250.5 248.9 261.7 266.4 269 271.9 273 273.1 272.1 272.8 272.3 270.4 269.9 268.7 264.1 258.9 255.3 252.2 248 245.2 242.8 241.2 238.5 233.7 231.9 228 220.8 216.5 214.5 211.8
381.9 379.1 376.4 372.7 368.4 367.5 365.4 361.9 355.4 349.4 343.2 333.6 327.6 323.3 311.9 307.4 301.4 295.7 297.9 287.3 284.2 282 283.2 282.6 280.7 275.3 275.6 275.6 275.6 275.6 275.6 275.6 272.4 271.5 272.4 266.4 265.4 266.3 269.2 269.3 267.1 263.7 263.3 262.9 259.8 256.1 253.2 257.4 256.2 264.3 266.6 269.1 271.3 272.9 274.6 276.6 276.8 276.8 277.2 275.7 272.8 268.5 264.3 262.9 261.5 258.2 255.2 250.3 248.1 243.8 241.2 236.9 233.4 230.7 226 214.2 210.5 207.4
378.5 376.1 373.5 370 365.3 363.5 362.4 358.8 353.9 348.4 341.7 335.7 330.2 325.3 320.7 315.8 310.7 304.6 297.3 290.8 283.2 280.8 279 279.3 277.6 275 275.6 275.6 275.6 275.6 275.6 275.2 276.7 276.6 277.8 275.9 275.9 269.9 264.6 266.5 266.2 266.5 261.9 262.3 263.7 260 266.9 265.3 265.8 266.7 268.8 270.5 272.7 274.3 276.4 277.1 276 276.6 275.3 273.8 270.6 266.7 266.9 267.2 266.2 264.7 260.5 258.2 256.3 249.9 246.1 240.6 237 234 227.7 221.1 217.8 214.6
375.7 372.5 370 367.1 363 360.4 358.6 356.5 353.6 349.2 341.9 334.7 330.4 326.2 321 316.7 310.1 301.1 293.6 289.4 282.7 279.2 277.9 276.9 275.1 275.6 275.6 275.6 274.9 277.2 278.6 281 282.6 283.3 283.9 282.3 282.7 277.6 277 276.5 276.1 276.6 274.9 270.2 269.5 264.9 270.5 271.7 271.1 271.3 271.3 271.9 273.1 274.5 274.2 274 273.8 272.4 270.9 268.4 265.8 264.5 266.8 268.9 269.6 269.2 266.1 263 260.7 254.3 249.2 245.5 242.2 238.9 233.8 229.3 225.7 221
373.2 369.2 365.7 363.2 360.4 358.5 355.6 353 351.5 346.1 337.4 336.6 331.1 325.5 320 315.2 307 301 292.9 289.4 283.6 278 277.2 276.3 274.9 275.6 275.6 275.8 278.9 280.3 282.7 286 287.6 288.8 289.1 289.9 289.6 288.5 285.1 283.1 281.3 281.9 282.7 279.3 276 273.6 275.7 275.9 275.5 274.4 274 274.1 273.4 272.3 270.9 270.2 268.3 267.6 266.4 264.3 262.2 260.8 263.1 266.2 267.8 270.7 270.7 268.4 265.3 260.9 253.8 250.8 249.7 244.7 238.7 233.8 227.2 219.8
369.8 367.6 363.4 360.6 357.4 355.3 349.8 348.9 347.3 339.6 336.8 334.1 327.6 321.6 317 313 305.1 298.7 293.2 289.8 282.1 277.5 276 275.4 275.1 275.5 274.3 276.6 281.4 283.7 288.2 289.4 291.7 292.8 293.8 295 294.5 294.6 292.3 289.8 287.8 286.2 287.3 286.5 281.5 281 280.2 279.9 279.2 276.9 275.7 274.3 272.7 270.5 268.2 265.9 264.3 263.5 262.3 260.6 257.4 255.9 258.7 261.6 264.9 268.5 272.6 270.5 266.5 263.1 258.6 255.5 249.3 244.2 237.6 230.8 222.6 216.3
365.3 364.4 361.3 357.8 354.8 350.8 347.4 344 342.3 335 332.1 329.1 325 318.4 314.4 312.1 302.3 296.5 293.1 290.8 280.3 278.5 277.4 277.1 280 282.6 285.4 289.3 291.8 288.6 290.6 293 294.5 295.7 297.3 298.1 299.4 301.6 298.7 296.1 294 294.9 294.1 290.9 289.8 289.1 286.6 283.9 282 280.6 278.2 277.3 274.5 270.3 266.6 263.1 260.3 259.2 258.1 257 254.6 253.4 255.1 257.1 261.9 263.1 265.1 265 262.9 260.1 257 253.1 245.9 241 235.8 228.8 220.6 217.4
364.5 362.2 358.8 355.9 351.3 348.2 343.3 340.2 337.8 331.3 327.7 324.4 321.5 315.9 311.4 309.2 299.8 295.8 292.9 288.9 281.7 285 287.3 290.7 293.5 298.9 302 307.2 302.4 294.8 292.7 297.7 299.4 300.1 301.1 302.3 305.2 307.8 307.1 303.6 300.3 299.4 297.9 294.8 295.7 294.6 292.7 291.9 287.1 284.7 282 279.9 276.8 274.7 268.7 264.1 260 258.4 255.5 254.5 254.2 252.3 252.1 252.1 256.3 259.1 259.2 259.3 258.6 256.6 253.7 249.9 242.9 238.8 230.1 222.7 223.1 224.5
364.4 358.2 355.5 350.8 346 342.8 340.4 336.7 334.3 327.1 320.8 319.1 317.6 312 307.4 303.4 298.2 295.8 293.4 285.8 290.7 294.5 297.7 302.5 307.6 312.5 315 315.8 310.3 303.7 300.2 302.1 304.8 307.5 306.8 307.8 309.5 309.1 307.2 305 302.8 300.6 298 299.8 300.3 300.2 299.7 298.7 295.7 292.5 287.5 284.1 281.2 277.6 274.9 266.6 261.7 258.2 258.3 258.3 256.4 253.6 252.7 250.9 252.1 255.3 255.9 255.5 255 253 249.6 242.5 239.4 230 226.8 233 231.2 229.7
364 357.4 350.6 347.2 342.6 338.8 337.4 334.8 329.7 321.4 316.3 313.7 311 307.3 302.4 299.5 297.1 295.5 288.2 291.3 297.6 304.5 307.9 313.6 318.7 322.3 323 322 318.3 312.5 308.2 306.1 309 310.1 310.6 311.9 311 308.9 306.8 304.5 302.4 300.3 301.8 303.3 305 305.9 305.7 305 302.8 298.3 293.1 291.1 286.8 282.2 277.2 270.9 267.1 264.8 264.2 261.3 257.4 256.2 256.1 255 249 251.6 252.6 252.5 251.1 249.4 240.7 238.9 237.1 240.5 241.1 242.2 240 235.8
361.9 352.1 346.4 342.6 336.9 336.3 336.6 334.1 327.9 320.6 312 310.6 308.8 304.9 300.8 299.2 296.3 291.6 294.2 298.6 302.2 314.5 319.9 323.3 328.3 328.8 328.4 326.8 323.7 317.7 313.4 308.7 312.9 314.3 314.4 314.2 311.3 309.4 307.7 304.9 302.4 301.1 303.4 305.5 309.9 312.3 310 310.2 307 301.5 298.9 295.9 291.1 286.6 281.9 276.4 273.8 273 270 264 259.7 258.5 259 255.8 252.1 249 245.6 245.6 244.1 240.5 247.2 248.5 249.2 250.1 249.8 249 244.4 238.2
356.8 347.1 343.4 340.5 336.6 334.4 335.1 332.5 325.5 317.2 309.1 306 305.4 302.5 300 296.1 294.7 295.4 305.9 311.1 311.1 317.9 328 330.6 332 334.1 333.1 331.6 328.7 323.9 320 313.7 317.7 316.8 316.1 314.3 312.6 311.9 310.6 307.8 305 302.5 303 305.7 309.6 311.7 310.6 308.8 305.5 302.2 300.3 297.3 292.5 288.6 283.9 281.8 280.7 277.6 273.3 265 260.8 260.9 260 256.8 253.1 249.6 251.7 249.6 252.1 252.5 254.8 255.6 255.1 254.3 255.4 254.3 248.4 240.6
355.1 346.3 340.5 338.8 337.5 338.1 337.7 332.3 326.1 318.1 307.3 302.6 301 300.3 297 298.5 299.4 300.2 310.1 321.8 327.9 327.9 330.9 337.5 340.2 341.8 338.9 335.9 332.4 328.6 324.5 318.9 321.9 320 318.9 317.8 317.8 317.1 314.2 311.1 308.1 305.2 303.1 304.6 306.4 306.3 305.4 304.3 301.6 298.7 296 293.9 291.4 289 288 286.8 283.5 278.8 271.3 265.5 263.4 263.3 262.1 256.6 255.2 255.3 252.5 255.4 256.2 259.4 260.8 261.5 260.5 259.4 258.3 255.1 252.2 246.3
356.7 347.3 341.4 339.3 341.4 343.5 341.2 334.9 330.3 319.6 307 302.7 304 306.6 306.5 305.8 305.5 305.4 314.4 331.1 332.5 332.2 333.3 337.7 349.5 349.5 345.4 339.7 334.6 331.4 326.7 322 325.8 325.9 326.1 325.8 325.5 322.3 318.9 314.9 310.8 306.9 303.9 301.6 302.2 301.7 299.3 297.3 296.7 295.1 292.7 289.7 287.4 289.3 287.9 285.1 281.3 276.9 269.7 269.1 268.4 266.3 261.2 261.9 261 259.5 253.6 259.1 261.5 265.4 267.3 267 266 264.6 263 260.1 255.5 248.7
357 348 344.4 346.9 347.9 345.2 340.8 336.5 331.6 323.1 316.1 313.9 313.2 315.4 316.3 317.5 314.3 310.6 313.1 324.6 330.7 337.9 340.6 343.7 347.3 353.9 351.1 345.8 341.4 335.7 329.9 326.2 329.8 331 334 334.9 332.2 328.5 323.9 319.4 315.2 309.7 305.5 301.5 298.1 296.1 295.9 294.6 292.5 291.1 289.3 285.7 284.1 286.1 284.3 281.4 278.1 274.9 272.4 270.8 269.6 263.8 266.6 265.2 263 257 260 262.9 266 269.5 271.9 272.4 271.1 269.4 265.8 262.2 257.3 250.5
354 353.1 351.1 351.2 352.1 348.2 342.8 337.4 332.8 325.5 325.2 323.5 324.7 326 328.2 325.9 322.5 318.6 315.8 319.2 327.1 339 353.6 355.9 355.1 353.7 354 352.6 344.8 336.2 331.6 328.5 328.8 331.6 340.8 342.3 338.8 334.6 329.6 324.6 318.9 313 307.7 302.3 297.7 294.5 293.3 292.3 290.9 288.3 286.3 282.3 281 281.5 280.3 276.2 276.5 277.7 273.8 268.6 269.3 267.9 266.5 264.6 261.7 259 263.6 266.8 270.2 272.8 275 277.3 275.7 272.2 268.6 265.6 259.8 257.2
357.2 353.8 350.6 350.3 351.4 348.2 342.8 338 333.3 327.7 331.2 333.9 337.3 337.1 335.1 334.3 332.9 329.7 326.5 322.6 328.6 340.2 353.7 363.7 364.8 362.6 355.9 347.6 340.5 335.4 332 331 331 332.8 336.9 343.6 343.9 339.8 334 327.7 321.3 315.4 309 304.2 297.3 293.1 291.7 290.3 288.6 287.1 284.9 284.1 282.1 279.1 277.6 274.6 274 272.6 271.6 271.2 269.3 267.1 264.5 261.9 259.4 263.6 267.8 271.1 272 273.8 276.4 277.4 279.2 276.8 273.8 269.5 267 262
355.9 349.5 346.8 346.8 347.2 345.3 341.2 337.1 331.7 329.1 332 339 345.7 345 344.2 343 341.7 336.9 332.2 327.8 333.3 341.1 352.6 363.5 369.1 363.7 353.4 349.5 346.4 343.4 345.9 345.7 344.3 341.3 338.3 338.8 343.3 342.3 335.7 329.1 322.7 316 309.8 301.6 294.9 292.3 290.8 288.8 288.2 286.6 283.2 280.7 279.2 280 279.3 278 277.1 277.4 274.6 268.9 266.2 264.3 263.1 262.4 263 266.8 269.9 269.9 269.7 272.2 275.2 278.6 280.1 277.4 275.8 271.9 266.7 260.1
354.8 347.4 342.4 342.9 343.5 341.5 337.9 335.9 335 332.6 334.2 337.3 345 352.1 351.7 347.4 346.2 337.5 331.1 332.6 336.2 345.5 355.8 362.3 362.3 357.1 355.3 353.5 353 355.9 359.8 357.5 356.7 353.2 345.4 339.6 338 335.9 333.1 327.4 322.4 315.9 306.9 300.5 295.6 292.5 289.9 287.5 286.8 286.7 286.1 286.9 286.5 286.3 284.5 282.5 279.2 277.3 270.7 267 265.3 264.2 263.8 263.6 264.9 267.5 266.8 266 266.7 268 271.6 276.1 276.8 271.4 269.1 266.2 260.6 256.3
352.7 346 340.2 339.1 340.3 340.9 339.1 339.9 339 335.5 334.8 338.5 341.8 349.3 357.7 352.5 346.6 332.5 329.6 330.5 340.4 349.5 358.3 363.2 360.5 357.9 356.1 356.2 357.9 357.1 356.7 357.4 361.7 359.4 354.5 343.9 334 329.6 325.1 320.6 317.7 312.2 308.3 302.1 296.3 292.9 289.3 285.8 286.4 290.4 293.3 293.9 293.8 292.2 289.5 284.8 277.8 273.6 271.9 268.1 265.9 264.3 264.4 263.7 264.5 264.4 263.1 262.3 263 264.6 266.6 269.9 269.2 265 261.4 258.3 253.9 251.6
349.7 342.8 338 337.3 340.4 340.8 342.6 343.9 342.9 339 337.3 338.9 342.5 346.2 351.8 356.4 344.8 328.9 329.2 332.7 346.6 351.7 356.4 361.1 359.7 357.8 359.1 359.2 355.3 354.3 353.5 354 354.7 358.5 358.3 341.4 335.2 330.5 324.9 321.1 315.1 311.4 309.1 303.4 294.6 293.2 289.1 283 282.9 292.1 297.7 298.9 299.3 294.2 287.8 282 281.1 276.9 273.5 271.8 269.5 267.1 265.4 263.9 263.7 262.2 261.6 259.4 256.3 260.5 261.5 262.2 261.2 258.5 255.9 253.5 243.7 234
345.2 339.7 336 337.1 340.7 342.5 345.6 344 342.7 341 340.2 339.3 340.8 340.5 340.2 343.5 335.7 329.4 329.3 336.3 348.5 351.3 355.1 355.4 356.5 356.4 355.5 354.5 350.7 346.2 346.6 350.2 350.3 346.5 341.9 337.1 336.9 336.5 328.9 322.8 319.5 314.8 309 302 292.2 288.3 284.1 280.8 280.7 282.5 287.8 294.3 292.9 284.8 282.6 288.5 279.7 279.3 277.7 276.2 272.4 270 268 266.1 264.3 262.2 259.9 255.9 251 256.5 257 256.1 255.3 251.6 245.9 236.1 220.1 200.2
342.6 339.7 336.1 335.6 339.3 342.5 343.5 340.2 339.2 337.1 336.7 336.5 337.1 336 335.5 332.3 329.6 328.5 330.4 336.8 346.5 351.4 350 354.7 354 349.8 345.7 340.7 337.7 338.4 340.7 344.1 342.1 338.6 334.4 332.8 333.5 334.6 333.6 328 322.9 314.6 306.3 299.8 289.7 285.5 282.6 280.7 280.4 279.6 279.4 279.2 278.5 277.2 276.5 276.8 280.2 283.9 282.6 279.7 277.5 275.2 272.1 267 264.7 260.9 256.9 251.7 248.5 246.6 247.1 243.7 240.7 236.6 225.5 218.2 224.7 224
342.4 339.2 334.1 333.6 336.5 338.6 338.7 336.2 334.2 332.9 332.6 332.2 332.8 333 331.9 327.6 326.5 330.3 333.5 337.1 343 344.4 345.4 348.4 347.1 340.1 334.1 330.9 329.3 331.2 333 335.1 335.2 330.2 325.5 327.5 329.2 329.1 327.9 331.4 322.8 313.9 306.6 297.8 291 286.2 283.9 286.9 289.4 286.7 283.5 281.2 280 279.2 277.1 275.9 279.8 289 287.2 285.2 282.6 278.5 271.7 266.1 263.5 258.7 252.2 256.3 255.8 254.4 252.7 251.7 247.6 244.9 242.5 241.8 240.3 233.2
341.8 338 333.6 328.8 332.5 334 333.4 332.5 330.7 328.9 327.8 328.7 329.5 329.5 324.5 319.8 328 333.7 338.2 336 336.1 336.1 336.7 335.8 334.8 330.1 325.3 323 323.3 323.7 325.9 328.4 325.7 321.8 318.7 318.9 320.6 322.5 321.5 320.6 318.6 312.6 303.9 297.4 291.8 286.7 290.4 295.2 296.1 292 289.1 286.8 287.2 285.9 282.1 277 276.4 285.9 292 290.2 282.8 274.6 265.8 264.5 260.4 253.9 261.3 262.2 259.2 255.4 255.2 254 251.7 250.8 248.2 242.7 234.6 220
342.5 337.5 333.3 328 328.6 330.5 329.3 325.8 325.3 323.1 321.5 318.8 319.8 317.5 314.9 317.9 330 337.3 327.4 328.7 328.8 327.2 325.3 322.4 320 319.9 318.5 315.8 317.3 318.7 320.3 320.7 318.6 316 314 312.4 312.4 315.8 316.9 317.5 314.7 310.9 303 295.3 290.2 288.4 292.5 293.7 292.4 291.7 288.7 289.6 291.7 291.7 285.8 280.9 275.4 278.7 287.6 285.8 274.9 262.2 260.1 258.7 258.1 261.4 266.3 262.6 259.9 258.9 257.9 254.9 253.8 250.5 245.6 238.6 227 213.9
339.9 336.6 333.3 328.8 325.5 326.3 323.3 315.8 315.5 315.6 311 310.2 310.7 306.6 303.4 315.7 328.9 318.4 322.1 322.8 322.1 321.1 318.2 315 313.6 312.6 310.3 308.3 309.5 311.3 313.4 312.1 310.7 310.7 308.9 308.8 310.8 310.3 310.7 311.6 311.2 307.7 297.2 291.3 288.1 292.4 297.5 296.3 294.8 289.9 282.6 285 291.7 288.6 286.2 285.8 279.8 273.5 273.1 271.4 264.2 263.6 263.6 260.8 262.5 264.7 263.6 265.4 265.9 263.3 260 256.8 251.6 247.1 240.7 231.3 216.8 202.8
339.5 336.3 333.3 329.3 325.7 317.1 315.8 307.9 308.4 307.2 305.4 303.4 302.4 298.8 295.9 303.5 305.4 306.6 312.2 311.6 309.8 313.4 315.8 313.8 305.1 304.8 299.8 302.1 304.3 305.4 305.5 304.9 305.4 303.7 305.3 310 310.9 307.5 304 304.6 304 295.7 291.6 286.5 285.7 294.8 298.1 296.8 291.6 282.4 278.6 283.7 287 284.2 281.6 278.2 275 270.7 268.4 265.7 265.7 267.1 266.5 263.5 264.2 265.2 270.2 271.1 268.6 264.6 259.9 255 248.2 240.6 231.7 218.7 209 195.3
341.1 337.1 334 330.7 326.7 319.8 305.5 297.7 301 300 296.2 298.1 295 289.9 288.8 294.2 296.3 298.5 299.1 299.6 301.4 305 304.5 303.5 297.3 295.7 294.5 298.3 301.1 303.2 302.7 302.4 300.1 299.1 305.7 310.8 308.6 304.4 300.2 293.1 288.3 285.7 283.1 277.5 279.2 288.5 295.8 290.9 284.5 276.7 276.6 281.9 281.3 279.3 275.8 272.5 270 268.9 269.4 268.8 268.6 268.3 266.2 266.9 264.8 269.3 273.7 274.8 268.8 264 258.2 250.5 241.2 231.5 222.9 213.7 202 186.8
340.8 338.2 336.3 333.1 325.4 316 298.8 289.4 290.4 287.4 287.9 289 287.8 284.5 280.3 283.1 282.4 282.6 281.7 281.9 284.5 287.8 286.3 286.3 291.7 283.4 286.7 295.5 299.7 302.5 300.2 295.8 294.8 295.9 301.8 306.6 304.4 298.7 291.5 286.8 283.8 280.7 276.3 273.9 273.3 274.6 281.3 279.8 277 276.2 277.9 278.2 275.9 274 272.4 269.9 270.5 271.4 271.2 269.6 269.7 268.5 270.3 268.9 265.3 269.3 273.8 271.5 266.4 260.5 252.9 243.7 234.6 226.8 218.3 205.2 190.1 178.9
341.1 341 337.3 329.3 321.2 306.1 292.5 280.2 283.5 281.3 280.4 279.2 277.8 275 270.7 277.1 273.8 269.8 270 271.5 270 269.5 271.5 276.3 277.9 273 271.2 286.6 302.1 300 291.3 288.6 289.7 293.3 297.2 299 295 291.3 288.1 284.7 282.1 280.4 278.7 278.1 274.9 271.7 271.1 275.6 276.3 276.2 276.3 273.6 272.7 271.7 271.6 272.2 273.3 273.6 271.1 269.8 270.2 272.9 275.5 268.1 268.1 269.1 269.6 265.3 261.9 254 245.9 237 229.4 218.8 201.1 184.4 177.2 176.4
