Game/Highland_Data/StreamingAssets/GeoData/Data/so/SO10.asc
ncols 200
nrows 200
xllcorner 310000
yllcorner 200000
cellsize 50
[rows 70 to 104 of 200, columns 78 to 155 of 200]
335.6 346.8 360.3 371.2 382.8 394.8 408.7 431.2 443.7 449.2 456 457.6 453.9 447.6 439.9 428 412.4 398.2 384.2 372.6 359.4 345.5 329.7 316.4 302.6 290.9 282.4 273.2 269.4 268.4 266.4 264.3 255.6 247.3 248 253.2 258.4 262 266 270.8 282.9 299.8 327.6 353.6 381.3 402.5 415.1 422.8 431.9 438.6 445.7 451.7 456.4 459.4 462.3 463.5 463.6 462 459.1 448.2 416.5 387 357.5 337 319.8 308.2 301.7 298.4 288.3 279.9 277.2 271.7 259.2 240.8 238.2 240.4 236.1 241.9
333.3 345.1 357.5 368.3 380.9 393.7 410.6 433.2 444 452.6 463.1 464.1 461.2 455.3 446.9 437.3 426.1 408.1 393.8 382 368.8 352.2 338.4 322.2 309.1 295.8 285.8 277.3 272.2 270 267.7 264.9 261.3 258.5 246.3 249.1 255 256.5 259.2 264 277.3 294.6 311.4 338.3 362.9 387.7 406.5 416.8 425.9 435.1 441.6 448.8 453.4 457.2 459.9 461 460.8 459.8 456.9 447 408.3 385 356.2 336 319.3 308.4 301.2 296.4 295 283.7 278.3 273.2 270.7 247.8 239.8 240 240.3 233.7
331.1 344.1 355.5 366 379 394.8 412.9 434.9 444 458.2 465.7 466.5 463.3 459.3 455.5 447.5 437.9 426.9 412.5 394.8 378.7 363.7 351.2 334.8 318.8 305.5 294.1 284.6 275.9 271.4 268.8 266.4 263.2 259.6 257.8 245 248.9 251.3 253.8 256 268.5 285.1 303.5 322.8 345.8 371.7 396.6 411.2 420.9 430.8 438.3 444.8 450.1 454.7 457.2 458.9 458.2 456.8 454.6 446.6 413.4 384.8 356.8 336 319.4 308.9 301.5 295.7 293.8 292.1 284.1 276 277.8 256.1 240.7 238.2 240.7 232.6
329.8 343.2 353.2 363.8 377.3 393.9 416.8 434.6 446.4 461.6 467.5 466.8 464.4 462.2 458.3 454.3 448.7 441 430.7 414.6 392.7 376.9 362.6 348.1 333 317.1 302.2 291.3 283.8 273.7 270.7 268.6 265.2 260.8 257 255.1 246.2 247.1 247.7 251.1 261.2 276.4 293.9 310.6 331.9 358.1 387.4 406.1 417.2 426.5 435.4 441.8 447.6 451.5 455.3 457.4 457.5 455.2 451.6 444 409.3 386 358.5 337.4 321.7 310.6 303.9 298 296.2 293.8 286.8 286.2 285.3 266.1 249.7 240.5 238.2 242.7
328.8 343.1 352.1 363.8 378 396.3 419 434.7 451.4 463.8 468 467.4 465.9 464 461.1 457.7 454.1 450.3 445.5 433.2 415.3 394.9 377.6 361 342.7 327.4 309.6 299 289.1 277.8 272.1 268.7 265.2 261.5 256.5 254.2 247.1 244.6 244.9 248.4 257 270.5 285.5 302 324.8 348.4 378.6 400.9 414 423.7 432.8 439.7 444.8 448.5 452.2 455.9 457.3 456.2 452.9 447.6 420 392.3 363 341.3 323.3 311.2 305.2 304.4 302.8 299.9 291.6 290.4 290.4 277.8 258.1 246.8 243 243.5
329.6 343.9 354 365.7 380.3 399.1 424.5 437.1 454.9 464 467.1 467.5 467.7 466.6 464.6 461.1 457.9 453.7 451.2 447.4 437.5 420.1 399.2 376.3 356.2 340.4 323.7 309.4 297.3 287.9 277.8 272 266.2 262.1 257.6 254.5 247.7 244 243.4 245.7 253.6 264.7 278.1 296.9 317.8 343 373.8 397.2 411.1 421.1 430.4 437.6 442.5 446.4 450.4 453.8 456.4 455.8 453.5 448.8 437.2 404.8 374.3 350.2 333.1 319.6 312.9 311.4 307.1 302.7 298.6 291 290.8 285.5 268.4 255.7 246.6 243.5
331 343.8 354.5 367.9 382 403.2 425.2 441.4 457.2 462.9 466.3 468.3 469.2 469.4 467.8 465 461.2 456.3 452.5 449.4 446.2 439 422.9 397.8 371.5 352.4 336.7 324 308.9 294.8 285.4 277.7 271.1 263.9 259.5 255.5 246.5 242.9 242.5 243 250 261.5 273.9 291 313.2 334.2 367.5 392.8 406.9 418.5 428.1 435.2 440.3 444.2 448.1 451.9 453.9 454.9 452.8 449.3 445.2 422.4 389 365.3 347.7 334.1 325.3 320.3 310.2 303.6 299.5 291.7 290.9 290.2 277.9 263.8 249.9 245.4
333.1 344.7 355 368.4 385.4 410.8 430.9 448.8 458.7 462.8 466.3 470.2 473.4 476.6 475.7 469.5 462.8 457.8 452.9 449.4 446 442.5 436.7 420.3 389.7 371.3 349.6 334.7 320.4 306.5 295.1 290.4 276.5 268.8 261.3 257.9 255.1 244 242.8 241.6 247.7 257.7 269.8 284.8 306.4 330.9 358.8 385.5 402 415.5 425.9 433.2 438.1 442 444.9 448.6 451.6 452.6 452.3 450.2 446.9 439.6 416.2 387.3 370.6 356.4 344.6 330.9 316.8 304.8 298.4 295.7 290.6 290 282 266.5 250.8 238.2
335.1 344.9 356 369.7 390.5 418.8 439 451.9 459 464.6 469 479.1 482.7 482.9 480.4 474.1 465.4 457.9 452.9 447.7 444.2 440.7 436.9 431.1 412.6 380.8 369.3 351.8 332.2 316.7 305.2 292.7 282.8 272.2 266.2 259 249.4 244.2 242.1 242.2 243.7 252.3 265.2 281 302.8 328.8 352.5 377.1 397.8 412.4 424.2 431.6 436.4 440 442.9 445 448 450.4 451 450.5 448.1 443.9 437.8 417.8 397.1 385.5 366.4 347.9 324.5 311.9 298.4 294.7 290.5 290.3 281.5 264.8 247.8 234.6
335.5 346.9 358 372.8 396.8 426.1 443 452.5 459.5 466 476.2 483.3 484.4 482.8 480.2 475.8 466.9 457.8 451.4 447.1 442.1 438.5 436 432.1 425.8 411.8 393.6 372 347.9 328.3 312.4 299 285 274.9 268.1 261.1 253.3 246.1 242.1 241.4 241.5 245.8 259.7 276.7 297.6 323 347.2 371.8 394.9 410.5 421.5 430.6 434.8 438 440 441.9 443.2 446.9 448.6 448.4 448.4 445.8 442.8 438.5 429.6 413.3 389.1 365.4 340.3 322.3 307.8 293.2 290.7 289.5 282.5 267.3 252.1 237.7
337.4 349.1 360.7 378.6 405.5 430.9 444.2 452.4 459.5 468.5 479.6 483.7 483.6 481.5 478.4 474.2 466.7 456.3 450.4 446.2 440.6 436.9 434.5 431.9 428.3 420.4 406.5 390.1 363 336.9 319.3 303.4 291.4 280 267.3 261.8 256.9 246.7 241.9 241.3 240.9 242 255.6 273.4 293.4 317.2 344.3 369.6 392.5 409.6 421.4 429.1 433.1 435.9 437 438.7 439.8 442.1 445.4 446.8 447.2 446.7 445.1 442.3 439.4 430.5 409 377.6 355.3 332.4 316.1 301 291.2 290.3 284.7 271.9 257.9 243
339.4 351.7 365 381.8 413.1 434.6 444.5 452.3 460.2 473.3 479.8 482.3 481.5 478.7 475.5 472 464.4 454.6 449.7 444.8 440.2 435.5 433.1 431 428.1 418.7 406.2 392.5 376.2 344.3 324.4 306 295.5 285.3 273.4 264 257.5 249.7 244.7 240.9 240.1 242.4 254.6 270.9 293 309.5 338.2 367 390.3 407.8 419.5 426.8 430.9 433.7 434.9 435.3 436 436.7 440.9 442.9 444.2 444.1 443.3 442.3 441.1 438 423 397.3 365.2 352.8 326.2 308.3 296.7 290.7 288.2 275.9 262.8 248
341.4 353.6 369.7 393.1 420.9 436.1 443.9 452.2 463.5 474.9 479 480.4 478.5 475.9 472.8 469.7 463.4 454.6 449.1 444.2 438.9 434 430.5 427.4 422.3 413.5 399.8 388.9 361.4 340.1 321.2 307.3 298.5 289 278.7 269.6 259.5 252.6 246.9 243.1 241.9 242.7 252.9 268.1 286.8 308.8 336.8 364.6 391.1 407.5 418.7 425.5 428.5 431.6 432.3 432.3 432.6 433.1 435.3 438 439.1 440.3 440.9 440.4 439.8 439.2 434.1 409.8 387.5 360.4 347 323 306.7 293.1 293.7 280.7 265.6 252.7
345.2 359.6 379.8 405.2 427.8 436.3 443.4 453 466.6 473.6 476.4 477 476 473.4 470.8 468.2 462.9 456.5 450.5 444.6 439.3 432.9 426.6 414.3 411.8 400.4 391.1 363.6 357.9 333.4 321 310.7 302.1 295.4 284.9 274.7 261.9 251.3 247.3 242.2 239.9 241.6 242.7 265 282.2 305.5 333.3 365.3 393.7 407.4 417.5 423.9 428.1 429.1 429.4 429.6 429 429.2 429.6 433 435.4 436.8 438.3 438.7 440.1 441.2 438.8 422.9 404.4 380.8 354.1 340.2 321.7 308.2 301.4 288.9 273 258.4
353.3 369.6 392.1 419.4 429.6 435.9 442.9 453.7 466.7 470.7 473.5 474 473.3 471.5 469.2 466.8 463.9 459.6 454 447.1 440.9 432 414 396.1 390.9 383 376.5 372.1 351 330.1 319.5 312.4 302.2 297.4 287.6 276.2 265 254.1 249.8 242.6 241.2 239.6 240.4 260.2 278.8 302.9 333.4 366.9 395.9 409.4 416.8 423.1 425.8 426.9 427.1 426.4 425.4 425.2 425.7 427.7 431.8 433.7 435.3 438.3 440.7 442.4 442.5 438.7 420.3 401.9 379.3 352.5 337 317.6 304.2 297.2 283.4 265.1
363.5 380.4 406.9 424.6 430.6 436 441.9 453.2 464.7 468.2 470.5 470.9 470.7 469.3 467.2 465.9 464.1 461.9 458 451.4 444.5 436.6 429.2 419.1 400.6 382.7 366.9 350.5 338.6 324.7 320.4 312.4 303.8 294.1 288.5 276.6 267.1 256 250 246.7 243.1 236.2 238.6 253.9 275.7 301.5 333.7 368.7 397.9 413.7 418.4 422.5 424.2 424.9 424.2 423.1 421.8 421.2 422.1 423.4 427.8 430.6 432.5 435.9 440.8 443 444.3 445.4 435.7 416.7 399.4 373.8 347.3 335 317.2 300 289 271.2
373.9 395.1 415.8 425.8 430.8 434.9 436.9 449.8 461.2 464.4 466.4 467.7 467.2 466.8 465.8 465 463.9 462.6 460.4 456.2 452.1 446.4 438 430.3 422.1 407.7 382.7 356.9 335.5 325.9 320.4 310.7 303.8 296.1 286.7 274.1 261.7 255.9 250.6 246.5 244.1 245.3 235.4 248.7 273.5 300 333.4 370.2 402 416.7 420.4 422.7 423.5 423 422 419.3 417.7 416.9 418.1 419.3 421.7 426.5 429.2 432.9 437.5 441.1 444.4 446.3 446.8 432.1 414.2 396.7 366.3 344.8 330.4 305.3 296.4 283.9
385.4 406.8 421 426.6 430.6 433.8 438.5 444.2 453.4 459.2 462.7 464.5 464.7 464.9 465.2 464.4 463.7 463.7 462.3 460.6 457.8 454.8 450 442.3 432.5 422.9 404.2 371.3 343.7 333.2 318.2 308.8 302.4 292 280.3 271.5 262.3 256.1 249.5 245.6 242.8 239.6 237.2 246.6 271.1 298.4 332.4 370.1 403.7 420.2 423.3 424.5 423.5 422.2 419.7 416.3 412.5 412.2 412.8 415.2 417 420.6 424.8 428.8 434.2 439.1 442.8 446.1 447.4 447.1 427.1 415.1 396.2 365 337.8 310.9 296 287.4
394.4 414.1 424 426.3 429 432.2 437.4 440.3 444.9 452.9 457.4 460.9 463.3 463.4 464.3 463.8 464.6 465.7 465.6 464.6 462.7 460.4 457.1 452 446 434.5 420 385.1 351.8 334.8 319 306.4 298 289.3 280.4 271.2 266.2 258.5 251.6 245.5 241.7 238.5 237.1 247.9 268 296 330.3 368.7 402.1 421.9 425.7 426.9 424.2 421.5 417.3 413.4 408.2 406.3 408.2 410.7 412.5 415.2 419.6 424.5 429.6 435.7 440.5 444.7 446.7 447.4 445.5 433.2 418.2 392.6 361.5 335.7 314.4 304.6
402.3 419.2 423.7 425.8 428.2 431.6 435 437.4 439.3 444.5 452.3 457.1 460.7 462.1 463.4 464.1 466.2 467 466.7 466.8 465.7 463.8 461.8 458.9 452.7 446.1 432 402.8 364.4 337.3 318.2 305.1 296.2 288.5 281.9 274.5 270.3 263.1 256 248.1 244 237.7 236.3 245.8 266.9 290.7 323.8 365.2 398.3 422 428.5 428.6 425.9 421.4 416.5 410.8 403.6 396.2 401.1 406.3 408.9 411.7 415.8 420.6 425.9 431.9 438 441.7 445.5 446.8 447.4 444.2 437.6 421.9 395.3 366.7 345 326.6
408.6 421 424.8 426.3 427.7 431.2 432.6 433.9 435 438.2 443.8 453.3 457.7 460.6 462.2 463.8 467.5 466.5 466.3 467.2 467.6 466.2 464.7 462.3 456.9 451.3 441 415.2 377.3 346.4 320.8 301.1 292.1 286.4 281.1 275.8 273.8 268.6 260.6 252.7 246.2 237.9 235.9 244.1 263 285.3 319.4 359 393.6 421.8 430.7 430.3 427.8 422.8 416.4 410 401.1 396.4 391.1 397.7 402.5 408 411.9 416.3 421.8 427.8 434.9 438.7 442.6 445.6 447 446.8 443.3 438.6 424.7 396.1 368.3 345.9
412.1 421.8 426.4 428.8 431.4 431.2 431 430.5 430 432.1 436.6 444.4 454.8 459.1 460.7 462.3 464.1 464.4 463.9 464.2 465.4 465.9 465.3 463.8 460.5 455.2 446.8 420.9 388.5 355.2 326.5 304.4 292.3 286.1 282.2 280 276.3 268.9 261.7 255 250 241.5 236.7 235.6 257.2 280 313.7 351.6 385.7 417.8 430.1 432 429.8 424.9 418.6 408.4 399.5 387 380.5 389.5 395.7 401.4 407.6 411.8 416.8 423.6 430.4 435.5 439.7 443.4 445.8 446.1 445.2 441.1 436.3 422.5 393.2 367.4
414.2 423.4 428.4 434.5 440.6 434.6 430 425.6 424.5 425.3 429.7 434.9 447.1 455.7 458 460 460.4 461 460.7 460.5 463.3 464.2 465.7 464.6 462.2 457.7 451.1 424.3 398 363.2 334 310 294.3 287.9 290.9 286.3 278.8 269.7 264.1 259 253.8 248.2 243.6 233.2 249.3 274.7 304.8 341.7 375.8 407.4 427 431.4 430.5 425.4 418.9 409.4 397.9 385.6 372.6 377.5 386.7 396.3 403.4 408.6 413.5 419.4 425.7 430.9 436.5 440.6 442.8 443.5 444 441.8 437.3 432.3 414.4 387.9
414.2 423.9 430.7 441.4 443.2 438.5 430.1 422.4 419 420.1 422.6 427.7 435.2 447.2 452.5 454.9 455.7 456.3 456.1 457 460.2 463.7 465.7 465 464.1 460.4 455.2 430.6 406.8 371.7 341.6 315.1 300.3 288.9 287.2 285.4 276.8 270.1 265.2 260.9 255.5 254 254.6 237.1 241 269 295.6 325.4 362.2 392.5 419.9 428.8 429 424.7 416.7 408.4 396.3 384.6 373.6 365.9 377.4 388.7 398.1 404.4 409.6 415.7 421.5 426.9 430.7 435.7 438 439.3 440.5 441.4 438.5 433.4 428.2 407.2
415.2 424.4 435.3 445.3 444.8 439.3 427.8 419.8 413.7 414.9 417.1 420.3 425.7 435.8 443.6 447.4 450.1 451.2 452.4 454 458.1 461.4 463.3 464.3 463.7 461.3 457.6 446.3 411.4 380.3 348.4 323.5 304.4 289.8 283.7 282 276.3 271.6 267.5 262.8 256.6 254.3 255.6 243.8 234 260.9 285.7 313.4 350.4 379.2 408.5 422.6 424.2 420.1 412.8 402.9 393 382.3 372 361.7 368.2 382.2 391.9 399.5 405.6 411.5 416.1 420.9 424.8 430.8 436.5 438.1 440.7 439.8 437.5 434.2 430.8 424.2
417.4 426.5 440.6 447.1 446.5 440.9 426.9 416.7 409.7 408.9 411.1 414.4 418.2 424.9 434.4 439.5 443.7 445.8 447.4 451.7 455.8 458.8 461.1 462.4 463.4 462.2 459.3 453.1 423.2 392.2 359.2 330.7 311 291.9 283.2 280.5 276.8 273.5 270.2 263.3 256.4 254.2 255.5 249.4 232 253.1 277.3 302 330.3 365.2 395.7 412.9 415.2 412.2 404.4 395.8 386.2 375.6 367.5 356.7 363 376.6 386.7 394.4 401.1 406.5 411.6 416.6 421 430.2 434.3 439 441.6 441.6 434.9 433.8 431.1 428.9
418.2 429.5 443 447.8 446.6 441.9 426.8 413.5 405.6 403.1 404.1 408.7 411.7 417.1 424.1 432 435.6 437.8 443.3 448 452.5 456.6 459.1 460.6 462.8 462.3 460.2 455.8 436.7 401.5 372.6 342.2 315.6 296 285 282.9 279.4 277.4 275.8 266.3 257.8 255.1 257.2 253.6 233.1 246.1 268.7 291.6 314.9 349.4 379.4 399.6 404.2 402.1 393.4 385.8 377.4 369.5 361.5 352.2 359.1 372.6 381.8 389.6 395.8 401.8 406.9 411.8 416.4 422.9 432 438 442.6 445.4 438.7 433.1 431.2 429.1
417.7 433.2 443.6 447.5 446.8 440.5 425.1 409.6 401.4 397.3 397.3 401 405.3 409.7 416.9 423.1 427 430.5 436.6 444.2 449.2 453.4 456.5 459 461.6 462.3 461.3 459 450.7 417.8 388.8 356.7 326.1 303 287.7 284.2 284.1 284.7 277 270.4 260.5 262 262.7 262.2 238.5 238.6 259.5 279.6 303 334.5 360.9 382 389.2 387.3 381.4 375.4 369.1 360.5 354.1 344.4 354.5 370.5 378.7 384.7 390.5 397.1 402.1 407 411.8 417.3 423.9 432.8 443 446.7 443.7 435.1 430.4 428.5
415.9 434 443.3 447.2 445.3 436.7 420.3 405.1 397.2 392.4 390.4 394.2 398 405.1 411.3 415.9 419.5 423.6 429.7 437.9 445.9 450.6 455.4 459.3 461.6 462.5 462.4 460 456.1 435.6 403.7 375.2 340.2 311.9 291.9 284.3 284.2 287 284.2 277.4 265.9 265.1 265 266.7 250.2 231.8 249 274 294.7 318.8 344.5 363.7 373.7 374.7 370.9 366.9 361.4 352.4 346 335.4 352.2 366.6 374.8 380.9 385.7 391.3 396.8 402.1 408.2 414 417.5 425.5 438 446.8 447.8 440.1 429.7 427.9
414.7 433 441.7 445.9 440.9 429 414.4 401.4 393.8 387.8 384.4 389.2 392.6 399.3 406.1 410.5 412.9 416.8 423.8 433.2 442.9 449.2 454.7 458.9 461.7 462.8 463.5 461.7 457.9 450.9 421.7 392.3 355.8 325 301.1 285.3 281.8 283 285 277.9 271.1 265.8 265.8 266.6 259.8 234 239.1 262.4 283.4 306.5 329.2 347.9 358.9 363.1 362.2 358.4 352.7 342.8 333.6 336.3 349.7 364 370.9 376.9 381.4 387 391.1 395.7 403 409 413.1 416.8 430.5 444.4 448.1 444.4 435 429.4
412.6 431.2 438.6 442.8 437.4 418 406.2 395.8 390.2 383.7 377.7 382.7 386.6 392.9 398.9 402.9 407.7 411.3 418 429.6 439.3 447.6 453.6 458.5 461.3 463.6 464 462.3 459.4 454.2 441.1 409.8 378.3 341.3 311 290.3 281.6 281 281.2 278.2 274.2 266.8 266.9 267 267.7 253.5 228.8 249.3 273 293.7 316.4 335.6 347.8 353.7 354.4 351.4 345.7 337 317 331.2 343.7 359.3 367.7 372.6 377.1 380.9 384.7 390.4 397 403.7 409.3 414.5 424 437.7 447 448.1 438.9 434.2
409 427.9 435.1 438.1 429.3 408.9 399.8 392.3 386.7 380 374.6 375.8 380.9 385 389.3 394.8 400.4 406.3 414.1 426.7 438 446.5 452.8 457.9 460.9 463.5 463.7 463.1 460.4 456 447.7 424.9 392.9 357.9 324.8 299.3 284.2 280.6 280.4 281.2 278.3 268.6 266.5 267.2 268.7 263.4 240.4 235.9 259.8 280.8 302.2 322.3 335.4 342.9 346.5 344.9 340 333.8 320.5 319.6 336.2 352.1 363.1 367.7 371.3 375 379.3 384.7 391.2 400.1 406.1 411.6 418.2 431 444.3 448.7 447.4 446
403.2 423.1 430.7 434.1 423.1 403.1 396.3 389.5 383.3 377.1 369.2 372.1 374.2 378.1 381.7 387.5 392.6 400.8 410.9 425.5 437.9 446 452.4 457.1 460 461.9 463.2 463 460.9 457.1 451 438.3 407.1 372.8 340.7 311.4 290.9 280.7 279.9 283.8 283.5 273.9 267.2 265.9 267.6 269.3 254.2 230.3 245.9 268.5 287.7 308.5 323.5 333.2 338.3 338.6 335.5 329.2 317.7 308.7 326.5 343.2 356.2 362.4 365 368.7 373.1 378.3 385.7 393.6 401.4 408 414 424.7 438.6 448.3 450.7 452.3
396.4 415.4 425.7 429.1 417.5 400.7 393.5 386.7 380.3 373.1 364.6 367.7 368.8 372.7 375.8 379.5 387.3 396.8 410 426.4 437.7 446.1 451.9 455.7 458 460.2 461.6 462 461.2 458 452.4 443.9 422.3 390 359.6 327 302.2 287.7 279.6 280 282.3 278.4 270.4 270 267 269 260.7 238 235.1 256.1 274.7 292.9 304.1 320.6 328.7 329.9 327.5 322.5 313.5 302 316.9 333.7 348 355.2 358.4 357.9 361.1 366.5 377.5 386.7 397.3 405.6 411.8 418.9 433.4 446.6 451.2 455.3
388.9 406.3 420.9 423.1 413.1 399.2 391.6 383.8 376.3 368.3 362 363 363.3 366.4 369.6 376.6 384.6 394.3 411.9 426.6 437.8 445.5 450.3 453.3 455.5 457.4 459.5 460.3 459.6 458.1 453.8 446.6 435.9 408.2 378 346.2 319.3 302.6 287.5 280.5 278.6 278.1 274 273.5 266.7 268.1 264.6 245.5 229.1 243.9 262.7 279.1 294.8 310.1 317.5 319.8 318.1 313 308 298.5 306.4 322.9 335.6 341.8 345.3 341.4 346.2 356 370.7 381 393.3 403 409.7 416.7 428.8 443.5 451 455.6
