Game/Highland_Data/StreamingAssets/GeoData/Data/so/SO13.asc
ncols 200
nrows 200
xllcorner 310000
yllcorner 230000
cellsize 50
[rows 35 to 69 of 200, columns 0 to 77 of 200]
317.2 313 308 303.4 299.5 294.3 290.1 285.6 279.4 274.5 275.2 274.6 272.2 264.6 264.1 272 273.2 274.2 275.8 278 279.5 281.2 283.5 284.1 285.3 283.7 286.5 287 288.6 291.7 294.7 295.8 296.7 298.8 301 303.1 306 309.4 312.9 312.3 307.8 303.9 299.2 294.4 286.6 278.3 269.8 258.2 235.5 211.3 194.7 177.3 160.7 143.4 129.6 118 111.9 107.3 106.4 104.6 96.7 95.6 85.9 89.7 90.8 90.7 88.3 85.3 96.1 96 95.9 95.8 95.3 95.1 94.4 93.9 93.1 93.4
311.9 307.5 303.7 298.6 294.9 289.9 285.4 281.5 277.2 271.7 267.3 268.5 268.2 262.9 261.2 267.9 269.9 271.4 272.3 273.8 275.3 277.1 277.9 278.9 278.4 277.6 279.9 281 283.2 286.1 289 292.2 293.9 294.5 297.7 300 302.2 304.7 307.9 309 307.3 305.2 301.8 296.7 291.5 285.5 277.9 269.2 251.6 233.3 208.7 190.4 172.6 155.4 139 123.6 114.4 108.4 106.3 104.3 102.1 96.3 95.5 85.9 88.9 90.1 90 85.3 96.4 95.7 95.8 95.7 95.6 95.4 95.4 94.7 93.8 93.5
305.8 301.9 299.3 295.7 291 286.7 283.2 280 276.3 272.1 267 261.8 265.4 261.3 252.4 261.1 265.1 268.5 269.2 270.4 271.3 273.1 273.7 273.3 273.2 272.7 274.4 275.3 277 279.9 282.7 286 288.6 291.6 294.4 295.3 297.3 299.3 301.2 304 306.6 306.4 303 299.7 295.9 292.4 285.4 277.4 266.2 250.5 226.9 205.6 186.6 168.7 149.7 135.5 121.6 112.3 107.3 105.9 104.9 102.6 96.7 95.7 85.3 85.3 85.3 95 95.9 96.1 96.2 95.9 96 95.6 95.1 94.8 94.8 94
302.3 298.7 295.8 292.1 288.2 284.1 280.5 277 273.8 271.2 268 263.1 261.2 261.6 250.8 254.9 263.5 265.9 266.2 267 268 269 269.3 270 270.8 271.1 272.3 272.6 274.1 276.3 279.2 282.9 285.8 288.1 290.2 291.6 293.8 295.4 296.3 298.7 302.7 304.1 303 300.8 298.8 295.6 290.4 283.1 273.7 262.2 242.6 220.3 200.6 182.8 167.1 151.2 136.9 122.9 111.3 107.5 106.1 105.1 103.8 96.7 97.3 95.6 95 93.2 96 95.9 95.5 95.5 95.8 95.7 94.8 94.7 94.8 94.5
298.8 294.9 291.3 287.3 284.3 280.3 276.6 273.2 270.6 267.8 265 260.1 253.5 254.3 250.4 254.1 262.3 262.9 263.4 263.8 264.1 265.5 266 265.9 267.2 269 269.9 271.3 273.3 275.9 278.9 282.1 284.8 287.3 288.9 288.9 291.2 292 293.1 294.6 297.3 299.3 299.7 299.8 297.7 297.6 293.4 287.3 277 266.1 252.6 235.3 216.6 199 183.9 169.2 153.2 137.5 123.2 109.4 105.7 104.7 103.1 102.1 96.7 96.1 95.6 95.5 95.3 95.6 94.9 95.9 95.8 95.9 94.7 94.6 94.7 94.4
294.5 291.1 286.9 282.9 280.2 276.1 272.7 269.9 266.9 263.6 260.3 256.6 246.5 248.1 243.1 255.1 259.9 260.3 260.2 261 260.5 262.3 262.5 262.6 263.9 266.1 268 270.2 272 275.5 278.6 281.8 284 286.1 286.2 288.5 287.3 288.3 289.8 290.7 291 293 292.1 293.6 295 294 291.7 287.1 277 266.3 254.2 242.5 228.1 211.9 198 182.7 170.2 153.1 135.8 123 111.3 105.9 104.7 104.5 103.5 97.4 96.6 95.9 95.6 95.7 95.3 95.5 94.8 95 94.7 94.7 94.7 94.7
291.1 288.4 284.6 279.9 275.2 271.4 268.6 265.5 261.2 257.5 254.6 250.4 243.1 238.5 241.9 256.3 257.2 257.2 256.2 258.1 257.2 258.2 258.9 259.1 262.2 263.7 266.3 268.8 271.3 274.4 278.3 282.1 283.7 283.9 284.6 284.1 284 284.4 285.1 286.3 286 285.5 286 285.4 285.5 284.8 283.2 280.5 274.9 263.5 253.2 244.1 233.1 217.7 201.9 190.3 179.9 165.5 148.6 135.4 122.4 109.6 106.6 105.3 102.1 99.9 98.1 97.3 97 96.2 95.7 95.6 95.3 95.1 94.9 94.9 94.6 94.8
289.2 286.7 283.2 280.5 277 275 271.8 268.1 266.2 262.6 259.3 256.7 250.9 237.2 235.9 253.6 254.1 253.6 252.5 254.2 253.7 254.1 255.2 256 259.4 261.5 265 268.3 271.1 273.9 277.4 280 281.5 281.8 281.8 281.2 280.9 280.3 281.4 281.7 281 279.3 280.1 279.5 278.3 276.9 274.6 272.6 268.3 259.1 250.4 242.6 230.4 216.8 199.6 190.1 179.7 168 153.9 141.2 130.4 118.2 108.4 106.6 104 103.2 99.4 98.7 97.2 96.6 96.7 95.9 95.7 95.3 95.1 94.8 94.6 94.3
283.9 284.9 283.9 280.6 273.7 274.9 272.5 268.2 264.8 261.4 258.4 255.7 245.9 234.8 228.9 248.6 250.1 249.5 249.2 249 249.5 250.2 251.1 254.7 258.2 261.9 265.5 268.3 271.2 274 278.1 280.8 281.5 280.7 279.6 278.6 277.9 277.7 277.8 277.8 277.9 276.7 275 271.9 271 270.2 267.3 262 258.3 250.4 246.8 237.3 226.2 212.4 197.2 185.7 174.6 167.1 154.1 143.3 133.5 125.1 113 107.3 106.8 104.1 102.3 99.4 97.9 97.2 97.1 96.3 95.9 95.5 95.2 94.9 94.7 94.5
276.6 275.1 276.8 275.6 267.1 266.5 265.6 262.1 257.7 255.1 252.6 250.3 241.6 230 223.8 245.4 245.3 246.2 245 245.4 245.7 246 250.4 254.7 258.6 262.2 265.9 268.8 271.7 274.6 278.7 281.2 280.8 279.9 277.8 276 275.5 275.2 275.4 276 276.1 275.3 273.3 269.2 263.4 258.4 255.8 254.3 249.1 241.3 233.7 225.5 215.5 205 193.3 182.8 168.8 163.7 153.9 144 134.4 127.5 116.8 111 108.8 105.1 102 100.6 99.1 98.1 97.9 97.8 96.8 96.2 95.2 95 95.7 97
268.1 267.1 266.3 265.8 258.9 254.6 255.9 252.1 248.6 245.4 241.9 243.5 238.3 226.8 221.2 240.4 240.3 239.9 241.1 243.5 238.7 245.5 250.6 255 259.1 263.6 266.8 269.7 272.7 275.6 278.6 280.8 280.2 278.5 276.3 274.8 273.2 273.3 273.1 273.7 275.1 274.1 273.8 271.3 266.2 260 253.9 251.2 247.8 242.3 234.3 226.1 215.1 205.6 192.8 178.4 167.9 158.8 150 140.8 130.4 124.3 119.4 113.6 109.1 107.3 105.2 102.8 101.5 99.7 98.9 98.6 100.7 100.2 99.4 98.5 98.2 99.8
258.4 256.6 256.5 253.5 250.1 248.5 245.7 244.6 242.3 240.1 236.9 234.7 233.8 227 213.5 229.6 234.8 235.9 235.3 233.3 240.8 245.6 250.6 255.1 259.3 263.3 266.8 270.2 273.5 275.7 278.2 280 279.7 277 275.5 273.3 272.8 272.8 272.8 272.8 274.7 273.5 272.3 269.8 267 261.6 255.5 249.9 245.7 239.1 232.7 224.7 214.3 202.8 192.3 182.2 170.2 158.1 151 143.7 134.9 131.9 124.4 114.4 109.4 107.2 105.9 104.5 104 102.7 100.5 100 101.3 102 101.5 101.1 100.4 100.5
249.2 246.6 247.3 246.8 243.8 242.1 239 237.7 235 232.3 230.2 228.2 227.6 225.5 222.6 210.1 220.4 232.6 225.2 233.5 240.7 245.4 250.9 254.9 258.4 262.1 265.8 271.9 273.4 274.8 276.7 279.2 278.4 275.6 274.1 272.8 272.8 272.8 272.8 273.6 274.2 274.1 273.1 270 266.9 264.1 259.3 253.2 246.6 240.9 235.8 226.8 214.1 202.3 192.5 183.4 173.3 159.6 150.6 143.8 137.1 130.5 124 115.3 110.3 107.9 106.3 105.7 105.1 103.8 102.7 103.1 100.9 101.4 101.7 101.3 100.7 100
240.4 239 238.3 236.2 235.1 232.8 230.8 229.8 227 224.8 223.4 222.9 221.7 220.8 219.2 213.6 208.4 227 222.4 230.2 239.2 243.6 248.1 252.3 256.2 260.7 265.1 271.8 273.2 274.4 275.9 277.9 277.4 274.8 273.6 273.1 272.8 272.8 274 275.6 276.7 275.8 274.7 272.3 269.7 266.4 262.2 257.6 250.9 242.5 235.4 225.7 212.9 201.4 190.3 181.6 172.9 162 151.7 143.7 137.7 131.3 122.9 114.7 110.8 108.9 107.3 106.9 105.4 103.7 102.9 102.4 102.3 103.3 101.6 101.2 100.6 99.5
231.9 231 229.4 224.5 224 225.6 224 222.9 221.3 219.6 219.4 219.1 218.6 217.2 215.4 206.6 200.3 219 213.6 228.6 236.5 241.6 245.7 249.8 255.8 260.3 264.8 269.4 271.3 274.1 275.4 276.1 275.8 274.9 273.7 273.9 273.8 274.8 275.9 277.7 278.8 277.7 276.5 274.6 271.6 268.4 264.4 259.5 252.2 244.3 235.7 226.8 213.5 202.1 190.3 181.1 172.1 162.6 153.3 143.9 136.6 130.8 124.1 115.5 111.2 109.7 108.4 106.9 105.2 104.6 104 103.8 103.6 102.7 101.9 101.6 100.8 100.6
222.1 218.5 214.6 212.2 210.8 212.5 212.9 211.7 217.7 214.4 217.3 215.4 216.5 214.8 212.4 205.1 199.1 204.4 215.3 226.4 232.8 238.6 243.4 247.4 253.5 258.3 263.2 265.9 269.3 272.9 274 274.3 273.6 272.1 272.7 272.3 274.2 275.5 277.5 278.9 279.7 279.4 277.7 275.7 272.6 269.4 265.3 259.5 252.4 242.1 234.4 226.5 212.3 201.4 190.6 180.8 172 163.4 153 144.5 134.7 128.3 123.1 114.8 111.9 109.9 108.6 107 104.7 104.8 105.2 104.2 103.6 103 102.3 102.2 101.4 101.3
219.2 217.4 218.5 215.8 213.3 211.5 205.8 203.9 202.9 203.7 211.5 207.2 211.3 211.5 209.4 205.6 195.9 206.5 216.5 223.5 229.8 235.5 239.9 245.3 251.1 255.8 260.5 263.1 266.7 268.4 270.8 271.3 269.9 269.1 270.5 271.5 273.5 275.2 276.8 279.1 279.6 279.4 277.2 275.1 272.3 268.7 264 257.3 248.7 239.1 231 221.9 211 200 189.5 179.7 170.8 163.1 154.5 145.6 136.8 131 124.5 117.5 112.4 110.3 109.5 107.4 108.6 107.3 107.2 106 105.2 104 103.1 102.8 102.4 101.3
231 229.8 229.6 226.8 224.9 224 220.8 211.5 205.7 200.6 198.8 196.8 198.5 206 204.9 203.6 197.1 209.7 214.9 220.9 227.3 233.6 239.7 245.3 249.6 252.7 255.3 258.1 259.9 261.1 264.3 265 265.1 265.1 267.3 270 272.4 274.7 276.5 277.7 279 279.3 276.8 274.2 271 267.1 261.8 255 245.3 235.6 227.7 218.3 207 196.1 186.1 176.9 168.2 161 152.7 145.8 138.6 132.7 126.2 115.7 112.9 115.7 118.4 121.5 119.5 116 116.4 115 108.2 106.4 104.9 104.6 103.7 102.3
241.6 239.8 237.8 234.3 231.8 228.1 224.2 220.1 215 211.4 207.1 201.4 195.3 195 197.5 200.4 195 202.5 212.8 219.9 227 233.8 239.7 244.1 247.9 250.1 252 252.3 253.6 254.4 256.2 257.5 258.9 261.4 263.6 266.5 270.5 272.9 274.8 276.5 277.1 277.7 276 272.8 269.4 264.8 259.3 252.5 241.5 231.6 223.3 212.5 201.5 193.3 184.3 175.4 167.1 158.3 150.3 143.3 135.2 129.5 121.1 115.7 125.2 128 129.6 130.4 129 126.1 125.7 122.2 120.2 117.4 111.7 107.8 105.4 104.1
243.1 240.4 237.3 234.4 231 227.9 224.8 221.5 218.5 215.5 211.8 205.4 201.3 194.5 192.7 192.7 193.2 205.7 213 219.2 225.1 232.8 238.7 243.1 246.5 247.5 249 249.5 249.6 250.2 250.6 251.7 254.4 257.6 261.3 265.1 269 271.2 273.1 274.3 275 275.1 273.3 270.9 266.4 261.5 255.8 246.9 237.7 229.2 219.5 206.7 196.2 189.4 180.2 172.2 163 155.3 149.3 142.5 135.1 129 118.2 126.6 131.1 135 134.5 134.6 134.5 134.5 134.4 134.1 133.1 133 130.7 123.4 114.5 108.6
242.4 239.1 236.1 233.3 230.2 227.2 223.3 220.7 218.9 215.7 213.3 209.4 206.4 201.9 195.8 190.8 191 203.7 207.9 213.3 218.2 223.7 229.5 239.1 245.8 247.1 248 248.4 248.4 248.5 248.5 250 252.2 254.6 259.3 263.2 265.7 269.3 270.6 271.4 271.9 271.8 269.9 267.3 263 258.3 252 242.5 233.6 225.5 214.1 200.4 191.2 183.3 175.4 167 159 152 146.3 140.5 134.8 121.2 126.9 133 137.1 140.1 141.6 140.8 141 144.7 145.6 149 150.6 152 149.4 144.7 138.2 131.1
240.9 237.7 234.8 232.1 229.7 226.5 221.3 215.8 212.9 207.4 202.3 198.3 196.7 196 195.4 190 189.8 197.3 201.1 214.2 223.4 232.7 239.8 241.3 243.9 246.6 247.2 247.1 247.6 248.1 248.3 249.4 252 253.6 257.7 261.3 263.4 265.4 266.9 267.7 268.2 267.8 266.1 263.5 259.3 254 246.9 239 228.7 220.9 209.4 195.8 187.7 179.8 172.6 165 158.6 151.4 144.7 139.2 130.7 120 132.5 138.9 142.9 145.3 146.6 147.2 153.1 158.1 162 165.4 166.2 167.3 167.9 166.3 160.9 155.6
238.3 236.1 233.2 229.7 226.3 222.6 214.2 207.9 206.8 210.6 211.3 207.3 202.1 197.1 193.4 190.1 187.8 189.6 201.9 213.3 222.6 233.2 240.5 244.6 245 245.3 246.8 246.5 247.1 248.3 248.3 248.6 250.3 253.4 255.8 259.4 260.6 262.5 263.7 264.9 264.7 263.9 262.2 259.3 254.2 248.6 241.1 232.9 224.2 213.9 201.2 192.1 183.7 177.2 169.8 163.5 157.1 147.5 143.8 138.7 132 122.8 140.3 144.9 147.5 148.8 148.5 157.8 164.7 169.2 174.2 177.6 179.2 180.5 180.5 180.5 178.2 176
236 234.4 226.9 224.2 215.6 213.8 215.2 222.1 222.1 219.5 215.2 210.3 207.3 202 198.2 194 189.5 186.5 191.8 209.9 220.3 230.1 240.8 245.6 246.3 246.6 246.2 246 246 246.3 246.6 247.7 249.5 251.4 254.2 257.3 258.3 260.3 260.6 261.6 261.6 260.3 258.3 254.4 248.9 242.4 234.1 225 216.3 205.5 195.7 187.8 180.4 174.2 168.4 162.4 156.8 148.8 143.4 137.3 126.4 125.6 145.1 148.5 150 151.2 154.9 165.8 172 178.4 182.5 187.4 188.3 190.9 191 191.1 188.9 186.6
223.2 221.5 224.4 222.4 226 228.7 228.7 227.6 224.9 221.8 217.7 213.2 210.8 206.9 201.7 197.2 191.8 183.2 185.1 202 216.4 227.1 238.8 243.7 245.9 245.7 245.1 244.6 244.2 244.3 244.9 246 247.5 249.6 252.6 255.1 256 257.8 257.4 257.2 257 256.4 253.6 249.2 243.7 235.6 226.7 217.5 205.8 197 190.2 184.2 177.1 171.1 166.2 161.6 156.3 149.7 143.8 138 125.4 137.8 148.2 151.1 152.4 156 161.3 168.6 175.1 180.9 186.6 190.8 194.8 196.8 196.5 196.5 195.1 191.5
238.3 235 232.9 234.8 234.8 234.5 232.4 231.2 227.7 224.7 220.2 217.3 214.6 211.7 206.4 200.3 194.4 186.5 182.5 192.6 208.2 221.1 232.2 240.9 244.7 244.4 243.9 243.2 243 242.3 242.9 244 245.4 247.3 249.5 252.3 253.7 256.3 255.2 253.9 253.2 251.2 248.5 245.5 238.7 229.9 220.6 210.3 199.1 191.7 185.8 180.1 174.1 168.4 164.1 160 154.6 149.3 143.6 137.9 127.3 144.6 149.8 151.2 154.6 159.6 164.1 169.1 175.2 182.1 185.9 190.7 194.9 197.3 197 197.1 196.1 193.4
243.8 240.9 241.3 241.8 241 239.7 238.2 235.5 232.6 229.3 227 224 219.9 214.1 207.8 202 196.2 188.9 182.5 182.3 201.2 214.1 224.8 233.7 240.8 242.9 243.1 242.3 241.9 241.1 240.9 242.4 244.2 246.2 249 251 251.9 254.6 253.6 250.5 248.3 246.6 244.3 241.2 237.2 229.4 219.5 210.5 197.5 187.8 181 176.1 170.8 166.3 162.7 158.5 153.3 148.6 143.7 139.3 129.2 139.5 148.8 150.5 155.1 160.4 163.6 167.4 173.6 180.2 185.8 189.9 193.1 195.1 196.3 196.7 195.7 193.3
248.2 247.9 248.5 248.8 247.4 245.9 243.8 241.5 238.8 235.3 232.6 228.1 222.1 215.2 208.6 202.5 196.1 190.2 180.7 180.5 193.5 206.2 215.4 224.4 233 238.1 239.3 240.6 241.4 239 233.5 239.7 242 243.8 247 250.1 250.3 252.6 250.3 247.8 244.6 241.7 240.1 237.4 233.8 229 219.4 209.6 199.7 187.6 179.2 173.2 168.6 164.4 161 156.6 151.9 147.6 143.4 139.3 135.7 146.6 140.1 149.2 153.6 159.7 162 165.7 171.5 178.2 184.7 189.8 193.4 194.8 195.5 195.8 194.7 192.3
253.3 255.1 255.7 254.1 252.3 250.3 248.1 246.1 243.1 240 236.7 232.1 226.2 218 210.8 202.8 196.8 191.4 186.7 181.5 182.3 201.2 208.7 216 223.8 228.6 231.4 234 235.9 235.2 234.9 236.5 239.3 240.9 244 247.8 250.1 250.2 247.5 243.9 240.4 236.9 235.1 232.8 230 226.3 218.5 208.6 197.8 186.9 178.1 170.9 165.9 162.5 160 156.1 150.1 147.1 144.5 137.1 138.1 147.6 147.9 146.4 149.2 153.9 160.1 163.6 171.1 178.5 185.8 189.4 192.5 193.5 194.6 195 193.9 192.9
258.8 259.2 258.1 255.9 253.5 251.5 250 248.3 245.8 243.6 240.1 235.9 229.6 222.3 213 204.4 198 192.7 187.6 183.4 178.7 186.5 201.6 208.2 215.4 221.6 224.1 227.2 229.8 228.3 230 232.1 234.8 237 240.3 244.2 246.6 245.5 242.7 239.1 235.8 232 229.6 227.2 224.9 222 216 207.1 195.2 184.7 176.8 169.8 163.8 161.3 158.3 153.5 148.8 145.1 145.2 130.2 143.4 148.8 149.1 149.4 153.6 157.7 163.3 168.4 174 181.3 187.6 190 192.7 194.2 195.2 196.8 197.8 198.9
263.1 260.8 258.1 255.7 253.4 251.6 249.5 247.5 246 244.4 241.3 236.9 231.3 224 214 204.5 198.9 194 189.7 185.6 181.9 177 189.4 199.3 207.2 213.4 215 220.7 223.6 221.8 225.4 227.5 230.7 234 238.5 242.3 243.2 239.8 236.9 234.1 229.9 227.2 223.8 221.8 218.7 214.4 209.4 202.3 190.1 180.6 172.7 167.4 162.8 158.8 157.5 151.5 148.4 144.1 133.4 136.3 148.1 149.4 149.5 151.2 155.1 159.7 165.8 171.9 176.8 183.1 188.8 191.4 193.8 196.5 199.3 202.1 203.6 203.4
267.1 262.9 259.5 256.5 253.3 250.3 245.8 241.7 241.7 241.5 238.9 234.8 228.9 221.5 212.4 204.5 198.4 194.2 190.7 186.4 183.8 178.1 173.8 193.1 199.4 205.2 209.2 213.7 217 217.5 221.6 224.3 227 231.9 237.2 239.6 238.9 234.5 231.2 227.8 224.3 221.5 218.2 213.9 211 207.2 200.8 190.4 181.8 174.6 168.2 163 158.5 157.4 156 150.7 147.7 143.9 134.2 146.2 148.6 150.3 150.9 152.5 155.7 161.8 169.1 175.3 181 185.7 190.6 194.3 197.8 202.1 205.5 207.5 207.1 206.4
271.8 267.5 263.1 258.9 254.9 250.9 245.3 240.8 239 237.1 233.8 229.9 223.7 216.7 208.4 201.6 195.5 191.8 189.7 186.1 183.3 177.8 173.3 187.9 194.5 200.2 204.8 206.9 208.3 214.7 217.7 220.7 224.2 228.5 232.9 234.8 233.5 229.7 226.7 222.8 219.5 216 211.4 207.7 203.8 200.2 193.8 183.6 175.8 169.3 163.7 159.3 156.9 155 153.6 150.3 146.8 140.6 143 147.1 148.2 149.5 151.2 153.6 157.3 164.4 172 179 185.5 189.8 194.2 197.8 202.6 206.3 208.6 209.9 208.6 207.3
277.5 271.9 266.8 261.3 256.9 251.7 245.9 241 237.6 233.1 229 222 216.6 210.1 203.5 197.6 194.4 191 188.6 187.5 183.7 179.3 174 180.1 189.9 195.3 194.7 203 208.3 212.2 215.4 217.2 221.1 225.4 228.3 229.8 227.8 225.8 221.8 217.3 213.7 209.8 205.9 203 197.8 192.9 186.8 177.5 170.5 164.1 160.2 157.2 154 151.7 150.2 146.5 145.1 140.4 145.3 147.9 149 150.1 151.6 154.8 159.6 166.9 175 182.5 188.5 193.5 197.5 200.6 205.6 208.6 210.6 210.7 209.4 207.2
282.3 276.2 269.6 263.9 258.4 252.6 246.2 241.4 236.3 228.7 221.9 215.9 209.5 204.3 199.7 196.7 193.5 190.7 188.4 186.5 185.6 180.8 173 175.2 179.1 188 197.8 203.3 205.4 209.2 211.4 213.1 216.8 220.3 223.7 224.4 221.5 219 215.2 210.9 207.8 204.9 201 197.8 193.6 187.8 181.6 175.5 167 160.2 156.8 153.4 151.1 148.5 143.1 140 142.2 143.7 146.3 149.8 151 151.9 152.7 156.6 163 171.7 178.7 186.2 191.3 196.1 199.3 202.2 206.9 210 211.6 210.8 209.1 206.9
