Game/Highland_Data/StreamingAssets/GeoData/Data/so/SO19.asc
ncols 200
nrows 200
xllcorner 310000
yllcorner 290000
cellsize 50
[rows 35 to 69 of 200, columns 0 to 78 of 200]
153.8 153.6 153.6 154.7 158.5 164.2 169.8 179.7 189.6 203.9 218.7 232.5 243.9 246.1 252 254.4 254.4 254.2 252.2 247.3 240.8 233.2 226.3 219.9 216.5 211.9 205.7 200.3 195.2 191.2 196.4 200 201.7 203.6 202.7 203.7 203.7 198.8 189.7 185.7 183.5 181.6 179.6 176.1 175 176.8 185.4 193.9 200.1 204.9 209.9 214.8 222.2 222.6 217.6 214.1 209.8 207.3 206.1 203.8 201.1 212.3 220.5 227.4 232.4 234.8 236.2 238.5 243.6 249.2 250.8 251.1 248.9 243.4 235.3 223.3 209.9 196.5 184.4
154 153.3 153 152.3 157.6 163.8 173.8 189.9 200 212.2 227.8 240.2 247.4 250.8 254.3 255.3 254.8 250.2 243.2 236.3 228 219.6 213 209.7 203.1 200.4 196 190.7 187.3 185.4 189.5 193.8 196 197.3 196.2 197.4 191.7 187.3 181.7 176.8 175.5 173.2 174 182.2 183.9 178.9 187.1 192.4 197.3 201.5 205.6 211 217.3 216.3 211.6 208.9 204.5 200.7 198.6 196.5 203.7 212.7 221.7 228.6 233.5 234.8 237.1 240.1 245.3 248.2 247.4 245 239.2 229.1 214.8 207.2 197.9 186.5 179.4
157.1 154.3 152.7 152.7 153.3 162.6 178.7 190.8 201.4 217.2 234 244.4 249.7 253.8 253.2 250.8 245.7 238.2 230.1 220.2 211.8 205.3 201.3 198.6 194.7 191.8 188.4 185.7 181.6 181.7 183.6 186.6 189.7 191.4 189.8 188.5 183.7 181 178.9 171.3 178.7 184 186.6 190.5 191.5 184.7 186.4 191.2 194.7 199.8 203.2 206 209.3 208.3 205.2 202.4 196.9 195.3 195.3 198.1 203.9 212.3 219.8 225.8 231 233.9 237.6 241.2 243.2 244.8 240.3 232.9 224 213.5 206.3 199.1 188.9 183.4 178.8
163.1 156.8 153.6 152.5 152.2 162.8 176.5 186.3 198.9 214.4 230 238.5 243.5 245.5 244.5 237.7 228.9 220.5 210.8 203.4 199 196.4 194.9 192.4 189.1 187.4 184 181.4 179.8 179.2 180.1 180.9 184.3 181.3 183.8 183.7 178 174.3 171.2 182.9 187.9 190.3 193.2 198.8 193.6 187.4 181.4 188.1 192.7 195.9 199.7 201.5 203.2 201.6 199.7 197.5 194.2 193.8 196.2 200.6 206.6 214.2 219.7 225.6 229.5 233.6 237.3 240.4 239.7 229.6 226.2 221.6 215.1 209.4 199.4 189.9 184.9 184.4 188.3
168.3 159.8 155.3 152.2 151.8 158.9 168.3 174.7 186.3 199.7 213.5 224.7 232.6 233.9 228.4 219.5 209.2 203.2 199.5 195 192.9 191 189.2 187.5 185.3 184.1 184.7 186.4 184.9 180.9 178 177.5 176.3 172.7 173.1 175.5 169.8 175.4 187.8 191.4 192.5 197.3 200.8 199.1 196.1 194.7 192 187.3 183.2 191 195.3 193.8 196.3 197 194.1 193 194.8 196.4 199.8 204.2 208.9 215.7 221.5 226.5 230.4 233.7 237.7 238.3 230.5 224.4 220.1 215.6 208.7 202.2 192.3 195 190.9 194.1 199.3
168.7 161.4 155.2 152.4 151.5 155.4 160.3 165.1 173.8 183.2 193.9 214.1 217.4 213.9 208 202.5 199.9 197.9 194.5 191.5 190.1 191.8 192.7 192.7 189.7 191.2 192.9 190.5 187.1 182.4 179.3 176.6 174.5 170.9 166.3 165.2 179.2 191.5 195.7 198.3 199.9 202.8 201.6 200.9 201.8 202.2 199 195.1 193.1 190.4 187.8 193.9 193.9 196.8 197.8 200.6 202.3 204.6 205.3 208.6 212.6 219.2 224.5 228.4 232.5 234.8 237.4 235.7 227.8 225.6 221 216.9 204.3 195.7 200.5 196.1 199.1 206.1 213.9
167.2 160.2 153.6 151.7 150.5 152.2 152.9 154.8 160.5 168.3 181.6 191.9 194.8 195.3 195.9 196.7 196.3 194.5 192.4 189.8 193.3 195.7 196.8 197.7 200.2 201 196.5 188.9 181.8 176.7 175.2 173.3 167.5 164.3 164.2 177.7 194.5 198.8 203.5 203.9 203.9 203.3 204.6 205.8 209.3 210.4 206.9 202.3 201.6 198.1 199.5 199.9 201.9 204.7 207.8 208.4 205.9 205.4 208.7 213 218.2 224.5 227.3 231.1 234.6 237.5 237.4 231.9 228.1 225 219.5 210.9 201.9 205.5 205.3 206 214.2 221.8 230.9
169.5 160.2 154.9 154.6 152.7 150.9 150.4 150.6 153.2 161.1 171.8 180.1 187.1 190.9 192 191.2 190.4 189.8 189.4 192.9 197.2 201 203.3 204.1 206.8 202.7 195.1 185.9 177.3 171.5 169.1 166.8 164.3 163.2 179.7 196.3 201.9 206 205 204.2 202.4 206.4 210.9 214 213.6 213.5 212.5 211.7 211 208.6 206.9 207 207.6 207.3 205.4 203.9 204.9 208.7 214.5 220 223.7 228.4 231.4 234.5 237.8 240.2 235.2 232.8 231.6 227.1 217.9 209.3 208.2 209.7 214 222.1 230.2 241.8 250.9
169.6 161.2 158.5 158.2 155.9 154.8 151.8 149.6 150.4 157.4 164.9 172.2 177 178.8 181 182.9 183.5 185.4 190.6 196 202.4 207.3 208.7 209.9 204.8 198.9 189.9 182.6 173.1 164.9 160.2 160.6 161.9 179.1 193.4 200.5 206.5 208.1 205.3 201.5 207.5 214.2 215.7 216.7 218.3 216.9 216.8 215.1 214.5 212.3 209.1 206.4 202.9 201.5 202.4 204.2 207.5 213.9 221.8 227.2 231.2 235.1 240.9 245.4 244.8 241.2 236.4 236.7 232.5 221.3 213 214.2 214.3 218.8 229.1 237.9 248.7 257.9 266.8
169.9 165.2 161.3 159.3 156.9 155 152.9 150.9 149.4 152.5 159.1 163.4 167.3 170 173.2 176.4 180.9 186 192.3 199.1 206.1 213.1 211.3 203.9 198 193.1 184.6 174.8 163.9 159.1 166.5 171.4 177.7 184.1 193.4 203.7 209.5 205.4 198.6 207 213.9 215.3 215.6 217.6 217.9 216.9 214.6 212.4 210.2 207.7 203.9 200.4 200.5 201.4 203.9 210.8 217.1 224.1 229.7 234 239.9 244.3 249.1 250.5 250.5 246.5 234.4 230 221.6 218.4 222.6 226 226.9 231.5 244.5 254.8 264 269.7 272.9
172.3 167.6 165.3 161.7 158.2 156.2 155.7 153.9 150.3 149.4 153 157.1 161.6 165.2 168.3 172.5 176.8 184.6 190.2 197.5 204.5 207.1 204.1 199 191.2 187.5 177.4 165.1 158.5 170.8 176.2 181.5 186.1 196.7 198.9 204.3 201.6 193.7 200.5 206.8 209 210.5 212.8 213.6 213.1 211.7 210.2 208.2 205.1 198.7 201.4 201.4 201.7 204.2 208.4 213 221.4 229.6 235.4 240.3 245.4 250 253.8 255 250.8 237.5 231.9 226.5 225.9 229.9 236.7 241.8 241.8 245.9 257.4 264.9 268.4 270.2 274.3
175.3 171.4 168.4 166.3 162.9 158.6 155.7 154.6 153.4 148.7 149 152.1 154.9 158.1 163.3 168.7 175.6 181.5 185.2 189.1 192.4 194.6 194 191.6 185 178.4 171.1 155.4 164.3 174.8 181.6 187.9 194.5 200.5 195.8 192.4 188.9 190.9 195.1 199.3 204.3 207.5 207.9 207 206.7 204.2 202.3 199.6 197.5 196.1 199.5 202.6 207.5 211.3 215.4 220.9 224.4 231.7 239.6 243.8 247.6 250.9 255.1 251.9 238.2 232.7 233.1 235.3 238.3 244.3 248.3 252 255.2 257.6 261.8 263.2 267 273.6 281.8
181.1 174 167.8 164 159 157.5 156.8 155.7 154.4 152.6 147.3 148.6 151.6 154.9 160.3 168.8 173.2 177 180.2 181.8 182.4 182.3 181.1 178.5 172.2 170.7 166.7 154.8 167.9 179.8 188.5 198.5 201.7 195.9 191.5 184 184.5 185.3 189.6 196.5 200.5 202.1 201.5 200.9 202.9 202.9 201.5 198.6 197.5 194.3 199 202.9 208.1 216.3 222.8 227.2 228.9 234 241 243.5 245.6 245.9 243.3 240 236.1 237.9 244 248.2 249.3 252.6 256.5 258.6 256.8 255.9 259 263.8 271 281.6 291.6
181 170 163 159 156.5 155.5 154.3 152.4 151.1 149.6 148.5 147.9 153.8 159.3 165.8 170 170.1 171.8 173.2 173.7 173.3 171.9 168.5 166.6 164.1 160 155.2 161.3 172.5 180.8 188.3 199.3 196.1 192.6 188.3 181.7 180.1 181.8 186.9 191.3 195.1 194.1 197 199 193.3 194.2 192.6 192.8 192.3 190.1 201.7 206.2 211.4 217.1 226.1 229.5 230.2 232.5 239.2 240.8 239.7 237.1 241.2 242.3 242.7 248.5 252.6 254.9 256.2 258.1 258.5 252.3 248.8 249.6 253.6 262.5 276.9 284.3 283.4
173.7 168.9 162.9 158.4 155.3 152.4 151.7 149.2 148 147.9 147.2 147.7 157.8 162.2 168.9 173 173.1 168.5 167.6 166.9 165.7 163.8 162.4 160.4 154.8 152.5 157.2 163.7 172 177.7 185 193.4 189.9 187.6 183.1 177 181.3 185.6 188.1 192 193.8 194.6 199.4 200.9 197.9 194.9 191.9 190 190.3 188.6 196.1 209 215.1 219.1 220.1 229.4 228.5 228.3 230.3 232.4 234.3 237.4 243.2 246.2 251.1 252.7 255.6 257.8 258.7 253.3 246.2 239.6 237.7 242.5 257.1 272.4 279.9 281.7 276
173.6 169.1 164.7 160.6 156.9 153.5 150.8 148.7 147.5 146.2 147.4 155.3 163.2 168.3 171.2 173.9 173 170.2 163.1 159 159.3 157.7 156 152.3 150.7 152.1 158.7 163.9 170.6 176.2 182.5 188 185.8 182.7 176.1 179.8 186 190.5 195.6 199.9 203.4 205 205.2 203.2 199.6 195.9 192.8 190.2 186.1 187.1 195.8 207.2 217.6 218.1 219.1 225 226.9 223.9 224.2 224.4 231.4 236.2 242.8 247.5 249.4 250.6 253.8 251.3 247.9 238 228.7 230.1 238 251 265.4 273.2 275.8 271.3 264
177.3 175 172.5 167.6 160.6 155.7 150.9 147.8 146.8 146 147.4 161.8 167.9 173.5 175.2 172.9 170.4 167.6 164.3 159.9 155.3 151.8 150.7 150.3 149.9 151.5 156.7 162.4 168.8 175.6 181.6 182 180.9 175 172.3 180.8 188.6 194.9 200.9 207 213.6 209.2 203.1 200.1 196.5 191.7 187.9 184 184 188 193.8 198.2 206.2 216.8 218.3 221.2 223.4 223.3 223.7 224 225.7 233.2 240.9 245 245.2 244 241.4 236.8 226.1 220.8 225.7 234.4 245.6 258 264.6 267.8 260.4 259.9 256.9
181.2 178.8 177 171.4 161.5 155.8 150.4 146.8 145.9 145.5 150.3 159.2 164.2 170.6 175.9 178.2 174.1 173.6 167.5 163.1 156.8 151.3 149.6 148.6 149.4 150.4 153.2 160 166.9 173.1 177.1 176.6 171 166.6 173 180.8 191 199.4 205.7 206.5 206.7 202.3 198.1 194.6 191.5 187.7 181.7 180.9 189 195 202.6 207.5 214.4 215.8 217.8 223.2 223.8 224.2 223.2 223 224 233.7 240.5 239.3 236.6 232.4 223 216.8 213.4 218.4 228.1 239.5 249.2 251.8 252.8 256.1 256.6 245.1 235.5
184.3 180.9 174.7 168.8 161.9 154.7 151 148.4 145 145.9 147.4 153.3 159.5 167.1 175.3 178.5 174.6 174.6 169.6 163 155.1 149.8 147.9 148 149.2 150.1 152.3 158.6 163.7 169.8 171.9 171 165.1 164 172.7 179.6 187.3 195.1 198 197.6 196.5 194.6 193 190 187.6 178.9 177.4 183.9 191.7 198.8 207.3 213.6 216.1 219.5 223.8 224.8 224.2 224.1 223.8 223.9 229.6 232.7 233.5 232.1 220.2 211.4 210 208.3 210.7 218.1 228.1 237.4 237.9 242.2 253.8 254 244.7 231.9 224.3
186.6 181.7 173.5 166.4 160.8 156.1 152.2 148.9 145 144.9 145.7 149.6 154 160.9 167.7 172.4 171.1 168.3 165.9 160.5 155.2 148.9 147.5 147.4 148.8 148.9 152.9 157.8 163.8 167.8 169.8 169.5 161.5 161 168.6 174.1 177.3 182.6 185.3 187 187.2 186.1 184.4 187.3 184 171.6 176.6 184.3 190.6 197.9 205.6 215.6 226 230.7 231.8 232.7 227.4 223.7 223.7 231.8 229.7 225.6 218.8 213.2 207.6 203.4 202.4 203.9 210.2 217.7 225.4 232 236.6 242 244.5 240.3 225 216.1 213.6
190 184.7 181.5 172.8 167.2 159.6 153.6 151 144.9 144.7 144.8 145.4 149.9 155 159.7 162.1 160.5 159.7 157.9 153 149.3 147.7 146.7 145.9 147.7 148.3 153.1 158.5 165.4 167.9 164.5 161.9 160 158 163.6 166.3 170 173.3 175.1 176.5 177.2 177 177.2 177.8 176.4 166.9 175.8 181.5 187.8 195.1 201.1 210.6 222.8 224.7 226 225.8 223.8 224.6 235.8 229.5 220.3 212.4 207.9 207 203.7 193.7 204.3 210.4 217.7 225.2 229.2 233.5 236.6 238.8 229.3 216.3 203.7 201.2 195.4
195.2 192.7 189 182.3 173.2 166.4 159.8 155.3 148.4 144.3 144.1 143.7 144.4 147.4 152.5 154 153 152.3 147.8 145.7 145.9 145.9 145.9 144.5 146.5 147 152.4 157.9 166.1 171 167.6 164.4 161 153.6 157.3 162.1 164.3 167.4 169.3 170.3 168.9 167.7 170.3 171.3 172.2 168.9 166.5 176.6 185.5 192 198.2 204.5 210.9 216.1 218.8 220.2 221.9 231 217.6 210.8 205.6 200.2 200.7 204.1 203.6 188.9 207.9 217 220.4 224.3 230.1 230.7 226.6 220.2 209.3 199.2 190.3 185.2 185.9
205.7 203.2 196.9 187.6 179.9 169 162.7 158.5 152.6 147.5 143.6 143.5 143.6 143 143.8 144.1 145.6 144 143.3 144.3 145 145.1 145 142.9 145.1 146.2 150.5 156.3 161.9 171.8 170.1 167.5 163.9 157.1 151.6 155.6 158.9 157.1 161.9 160.9 161.4 162.4 165.7 170.1 174.8 171.3 161.2 171.1 179.2 184.4 193.1 200.7 204.6 209.4 214.1 220.5 221 210.6 203.6 200.2 197.4 190.9 190.1 192.1 193.1 184.3 200.3 214.4 220 222.8 222.1 217.5 210 200.7 194.2 185.2 180.9 181.3 184.2
213.8 210.5 202.2 192 184.8 173.8 166.3 161.1 156.8 151.6 148 146.3 145.3 143.8 142.7 142.8 142.1 142.3 142.7 143.5 144.3 144.7 144.6 142.3 143.1 144.7 148.1 154.5 161 171.8 171.3 168.7 163.1 161 154.3 149.9 147 142.8 150.8 151.1 152.7 159.3 167.3 171.5 174.7 170 169 156 164.9 183.3 191.8 198.5 210.5 216.3 213.8 214 206.2 194.3 192.1 190 185.8 182.1 177.7 178.5 178.6 185.6 194.4 202.6 211.5 213.5 210.1 201.3 195.4 187.8 184.4 179.3 178 181.3 190.9
221.6 216.2 210.2 198.1 188.1 179.7 171.2 166.9 164.6 158.9 161.5 160.8 157.2 157.7 154.2 152 144.8 141.6 141.5 141.5 143.4 144 143.6 143 139.8 142.2 144.2 151 157.6 162.1 166.7 167.2 163.9 160.5 154.5 152.5 149.8 144.7 140.8 145 150.5 156.2 160.8 160.4 161.8 161.1 158.7 154.7 168.8 182.8 194.9 205.4 211.4 210.2 203.1 196.9 188.1 185.2 185.3 180.6 171.7 171.2 170.7 172.8 176.4 183.7 191.9 198.8 204.2 200.6 189.1 186.3 185 185.4 183.3 176.1 180.9 189.6 188.4
230.9 220.8 213.8 202 197.2 186.5 181.8 181.9 176.4 171.1 168.8 169.1 165.3 160.6 157 150.6 147.5 143 144.5 142.4 141.1 142.4 142.5 142.1 141 139 140.4 143.8 149.7 152.7 155.2 154.6 152.9 147.9 144 141.2 136.3 135.2 135.1 138.9 145.5 147.9 149.6 151.2 150.1 147 146.9 157.1 165.9 177.4 193.6 200.9 201.2 190.2 182.6 177.8 176.3 176.8 170.4 166.4 165.2 164.8 168.7 173.1 178 184.4 190 190.2 185.5 182 179 183.4 182.9 176.9 174.4 174.6 177.3 177.4 177.8
233 224.4 217.4 207.8 197.9 192.6 191.8 191.5 189 184.2 178.2 178.7 170.4 163 156 151.8 148.7 151 150.4 147.1 140.3 140 140.3 140.5 139.3 138.2 137.8 136.7 137 139.8 142.9 144.3 139 137.4 135.9 134.9 134.5 134.3 133.5 133.6 134 134.2 135.7 140.7 141.9 141.1 147.2 153.7 160.6 172.7 181.2 183.1 176.5 170 167.6 166.2 163.7 162.7 160.6 159.6 162.5 166.3 169.9 175.2 179.6 183.5 180.7 177.7 176.9 176 174.1 174.4 171.6 168.9 171.1 172.9 175 178.6 186.1
230.2 223.6 217.7 211 206.5 204.6 200.1 198.5 196.7 189.5 185.7 179.1 168.6 162.5 158.4 154.8 153.4 153.8 152.2 148.6 144.4 143.8 141.4 141.5 142.2 143.9 140.3 138.4 137.6 136.9 136.9 135.9 135.5 136 139.4 144 146.5 143.2 142.7 141.8 138 131.8 133.7 134 136.9 140.8 145.7 149.3 153.9 159.4 166.6 164.9 159.9 157.5 157.2 157.7 156.8 157.3 157.2 159.6 164.7 169.7 175.7 178.8 179.4 176.3 178.7 182.8 171 173.8 171.6 169.3 168 173.1 178.6 183.3 183.8 185.3 188.9
225.4 222.3 218.3 214.8 211.5 208.9 204.6 199.2 194.6 187.1 185.3 182 176.3 166.3 164.5 160.5 158.2 157.8 157.5 157.1 158.9 160.2 163.1 160.1 156.5 151.3 148.7 144.8 144 147.1 148.6 149.9 155.2 159.4 159.6 155.5 152.3 147.9 145.5 147.6 142.8 136.1 131.2 131.5 136.5 140.6 139.9 142.1 144 149.2 150.3 153.2 151.5 150.3 148 149.7 151.8 153.5 156.3 161.4 168 174.6 177.3 177.1 176.2 179.8 183.7 180.2 167.4 163.6 165 169 176.5 184.7 192 194.3 191.7 190.6 193.7
224.8 223.5 222 220.2 216.7 215.3 210.7 206.9 210.1 203.8 196.6 194 182.7 177.7 172.2 165.8 166.1 169.3 170.6 173.4 183.9 175.7 172.6 167.8 166.8 165.2 167.5 163.7 172.4 158.2 165.9 177.2 173.3 170.7 161.5 156.1 153 147.3 147.1 145.3 141.4 137.7 134.2 132.6 131.7 132.9 137.6 138.8 138.8 139.7 141.6 145.3 144.2 143.1 146.8 148.9 150.8 153.9 157.3 165.4 172.9 176.8 175.9 180.6 183.2 180.9 177.8 163.1 160.6 162.8 164.7 174.5 187.3 190.8 193.2 193.9 193.1 194.3 196.4
225.1 227.5 228.9 227 223.4 221.5 218.2 217.3 217 209.7 203 192.7 186.3 184.7 179.4 179.9 176.7 179.5 182.8 192.7 193 186.2 179.8 188 190.1 184.1 187.5 195.2 178.2 182.8 186.7 178.6 171.5 165.6 158.9 157 153.6 150.1 147.8 145.9 143.2 141.9 142.1 136.6 132.8 130.6 136.3 136.8 139.2 139.1 139.9 141.1 141.2 144.2 149.5 153.9 155.9 158.8 163.3 168.7 176.5 183.4 186.9 186.9 183.9 175 165 158.8 160.9 164.3 171.5 184.4 191.7 191.1 192.3 194.7 195.9 200.3 205
226.1 232.4 234.6 233.4 229.6 226.1 224.2 221.9 217.4 208.1 198 188.5 193.8 192.1 188.5 187.3 188.2 191.6 200.1 199.1 199.3 202.3 202.6 203.6 199.3 206.4 207.9 196.8 187.6 190.5 185.6 176.8 167.7 163.7 164.8 160.9 158.6 153.8 149.9 148.3 148.4 146.8 144.8 139.7 136.7 131.5 130.7 133.8 136.6 138.4 139.2 141 141.6 147.6 152.5 156.8 160.5 165.3 170.4 181 192.2 203.2 208.3 195.9 182.4 166.4 159.5 158.4 163.4 171.5 182 187.8 190.7 194.6 195.1 197 200.9 206.8 212.7
221.8 225.6 230.9 234.6 231.4 226.1 222 216.4 207.7 200.9 199.2 202.6 200 197.9 197.4 198.4 199.8 206.6 203.9 209.1 211.7 211.6 213.2 209.4 209.1 214.9 201.7 196.4 193.3 190.7 187.4 182.3 175.7 175.2 169.4 165.8 160.4 157.8 154.2 157.6 151.5 143.4 141.3 139.4 133.9 131.2 129.4 132 135 139.4 143.4 147.6 149.5 153.7 157 163.1 167.4 175.7 187.6 198.4 208.6 212.8 205.6 191 173.9 159 156.8 163.1 175.4 182.7 189.3 193.3 193.8 194.6 198.3 204.3 213 220.3 225.4
215.1 220.4 226.7 226.4 226.1 221.7 214.6 210.1 203.8 207.3 209.3 206.7 204.8 203.5 205.3 207.7 209.2 208.9 213.3 216.2 217.1 221.1 215.1 207.8 206.9 204.9 200.9 205.1 201.4 198.9 192.9 185.2 179.9 179.1 176.1 173.9 168.5 166.2 161.9 150.5 144.6 142.5 140.4 137.2 141.7 131.8 128.5 131 139.2 147.2 149.7 149.6 151.8 155.2 164.1 170.3 181.6 196.3 204.3 210.3 214.8 209 197.4 184.8 162.2 155.3 163 172.1 182.9 189.3 195 200.1 198.4 203.7 212.8 220.4 226.6 232.4 238.6
209.5 211.5 214.8 216.1 216 215.8 208.1 206.4 212.5 212.2 211.7 210.6 210.1 209.6 211.4 210.8 209.9 215.8 217.3 218.7 223.6 219.7 209.2 207 204.5 206.4 212.8 214.6 211.9 205 196.8 190.7 194 191.2 182.9 175.4 165.2 160.4 156.9 152.8 149 144 140.6 139.5 146 139.4 128.2 130.1 144.6 153.1 158.3 155.6 155.4 158.2 170.3 185.5 195.9 207.5 213.2 216.7 217 209.8 192 171.2 159.3 156.9 168.7 179.5 188.1 190.9 196.8 201.1 208.6 215.9 223.7 234.1 240.3 244.6 252.9
