Game/Highland_Data/StreamingAssets/GeoData/Data/so/SO21.asc
ncols 200
nrows 200
xllcorner 320000
yllcorner 210000
cellsize 50
[rows 148 to 184 of 200, columns 82 to 163 of 200]
434.6 437.2 438.3 437 437 439.5 440.5 438.1 435.7 433.6 428.8 388.5 400.3 398.9 378.9 349.2 322.6 295.5 273.1 262.1 252.1 240.1 226.6 216.7 210.9 206.4 212 218.5 219.8 219 225.9 231.6 238.7 248 259.6 258.1 263.5 271.4 280.2 289.6 300.5 307.6 316.6 322.5 330.7 340.4 350.4 359.5 369.8 379.2 387.1 395 403.8 413.4 423.5 437.8 450.6 462.1 473.1 484 493 499.6 504.1 510.6 515.1 515 509.1 498.7 472.3 441.1 413 383.9 358.2 338.2 327.4 319.1 318.3 317.5 314 306.9 299.6 290.5
432.8 435.7 438.5 438 437 438 440.2 437.3 434 431.8 428.9 403.8 394.2 405.6 379.9 343.7 318 291.2 269.4 257.4 246 234.7 221.8 214.5 210.2 208.6 211.6 215.9 220.9 223.1 230.5 241.1 251.1 259.8 269.3 274.3 273.9 282 292.3 302.6 310 317.6 325.9 334.4 345.5 355.3 365.3 373.7 381.7 390.5 399.1 407.6 417.6 429 444.4 455.4 467.5 481.8 490.5 496.6 505 510.1 513.7 517.2 520.1 521.7 519.8 507.9 475.2 441.9 412.8 385.2 363 348.7 341 337.8 338.8 340.5 341.4 333.7 321.9 311.1
431 433.9 437.1 437.9 435.6 435.7 437.2 434.2 431.8 429.6 427 418.7 403.2 404.6 372 342.3 315.4 289 267 254.4 241 229.9 218.7 212.9 210.4 210.7 214.1 218.7 224.6 231.1 239.7 250.4 261.2 269.3 277 283 287.7 294.8 303.2 313.3 321.2 331.4 339.4 347.2 359.4 370.3 377.8 385.8 392.8 401.3 412.5 422.9 434.5 447.8 459.9 471.9 483.7 492.8 500.7 505.7 510.1 514.2 517.7 520.5 522.6 524.3 523.9 514.2 481.2 446.3 416.6 391.6 375.7 365.8 361.9 360.6 364.2 366.8 366.7 363 355.8 342.3
428.9 431.9 435.1 436.6 433.7 432.7 432.9 430.3 428.4 426.7 423.7 419 406.3 398.8 369.1 337.6 310.2 286.5 265.1 249.5 235.8 223.7 216.4 213.6 212.8 215.9 219.1 222.9 231 240.2 250.5 260.1 268.3 275.4 284.4 291.2 299.2 306.4 316.8 328.8 337.2 343.5 351.8 361.7 374.3 381.4 388.6 397.5 407.3 416 426.1 435.9 448.9 460.8 473.4 484.9 493.1 498.6 504 509.2 514.2 518.8 522.5 525.5 527.1 527.9 526.9 520.7 489.2 454.3 429.1 410.4 399 391.4 387.7 389.1 391 390.6 391.3 386 376.6 366.3
426.6 429.7 432.8 435.2 431.4 429.7 429.2 426.7 424.5 423.3 420.2 417.3 406.9 402.2 364.4 334.5 307.9 284.6 262.8 243.6 229.8 219.6 217 216.8 218.1 218.4 221.1 228 238.3 249.8 258.8 267.7 276.1 286.2 294.6 303.7 311.6 322.4 330.2 341 351.3 360.5 370.3 377.3 385.7 393.2 403 412 418.5 428.3 437.7 449.5 463.4 474.4 483.6 490.5 497.2 502.3 507.8 514.6 521.3 525.6 529.3 531.5 532.6 532.7 530.8 525.5 504.2 474 453 436.6 425.2 419.6 416.9 417.6 417.8 417.3 411.1 401 389 377.7
423.1 426.6 429.7 432.6 429.2 426.9 425.3 422.4 420.8 419 415.9 412.2 404.6 397.3 361.4 333.5 309 283.5 259.2 239.2 224.1 219.6 218.5 219.7 220.1 220.5 225 234.1 245.9 256.6 265.5 276.1 282.8 292.7 302.1 312.6 322.8 335.2 346.2 352.2 362.9 372.8 381.6 388.2 396.5 404.6 413.3 420.8 429.2 439.9 450.3 462.9 474 482.6 487.9 494.2 501.1 507.6 517.3 531.1 535 538 540 542 542.6 538.8 534.6 530.7 522.9 499.8 481.3 466.1 455 446.9 446.9 446.1 446 441 427.7 413.2 398.8 384.3
419.8 423.4 426.8 429.6 427.2 423.7 421.8 419.2 417.5 415 411.7 407 404.5 392.1 359.2 328.6 307.1 278.2 251.6 232 223.3 221.2 221.4 222 223.8 224.8 231.5 243.5 254.9 264.4 272.7 281 289.8 299.9 312.1 326.5 340.3 352.6 362 370 378.4 384.8 391.8 398.1 404.8 414.2 423.2 432.7 441 450.2 459.8 470.3 479.5 485.6 491.7 498.3 509.1 523.9 536.9 541.5 545.9 547.6 548.1 550 551.2 548.3 539.8 534.4 529.4 524 513.1 498.7 487.2 481.4 477.7 475.6 470.5 455.4 438.8 420.9 403.5 387.4
416.8 419.9 423.6 426.6 425.1 421.9 419.6 417 414.6 411.7 407.9 403.9 402.7 389.1 353.2 325.8 299.8 268.2 241.8 229.1 226.8 223.5 223.5 224.7 228.3 228.9 237.3 249.6 260.6 269.5 277.7 288 299.5 313.3 329.1 342.8 355.5 366 373.6 379.2 385.8 392.4 400.7 407.2 415.8 425 436.6 441.9 451 458.4 465.9 474.1 482.6 488.5 496.1 509.9 523.8 534.9 541.2 544.9 548.6 550.2 551.1 551.7 551.5 550.1 543.2 535.3 531 527.5 524.5 519.7 515.3 511.1 505.7 496.6 481.3 462.5 443.6 422.7 404.6 387.7
413.7 416.4 420.1 422.9 423.5 420.2 418.2 414.3 411.6 408.1 404.7 400.4 398.4 378.9 348.3 319 292.3 254.2 231.1 226.5 227.5 227.7 226.4 227.5 230.3 232.1 243.8 257.6 269.6 276.8 287.7 303.8 317.2 330.9 345.7 358.9 367.5 375.9 381.6 387.8 395.1 403 411.5 418.7 427.3 435.5 442.8 448.9 455.5 464.3 471.7 479.7 489.5 496.2 510.5 523.9 532.5 540.8 543.8 546.5 549.6 551 551.6 551.5 550.4 548.4 543.4 534.9 529.9 526.9 524 522.1 520.7 517.4 511.5 498 483.7 463.2 443.6 422.8 403.7 384.7
411 413.4 416.2 419.1 421.4 418.6 416.3 412.7 408.4 404.9 401 394.6 384.7 369.8 342.1 312.2 284.1 248.6 228.1 227.3 227.5 230.9 229 229.5 232.7 237.7 252 266.8 279.5 289.7 303 317.9 331.6 348.3 359.4 367.1 375.7 385.5 392.6 398.2 405.2 412.7 419.7 427.9 438.1 445.6 449.9 455.5 464.1 472.7 481 492 499.9 506.7 520.4 528.5 535.3 540.7 544.1 547.8 550.1 551.3 551.9 551 549.6 546.9 541.4 533.8 528.8 525.8 522.8 520.2 519.5 514.6 508 494.5 479.7 460.2 440.7 420.9 401.3 381.5
410.1 412.2 415.2 417.3 419.4 417.1 414.3 410.7 406.5 403.4 397.9 389.9 380.5 359.5 327.5 306.8 277.7 244.7 228.5 228.5 229.1 232 233 233.8 235.7 246 261.5 276.7 290.1 302.2 315.8 328.7 343.2 354.5 364.9 376.7 390.6 397.2 403.4 409.4 415.8 421.8 428.3 435.6 444.9 450.7 457.6 462.8 475.6 482.4 490.8 500 508.2 516.7 526 532.9 537.4 541.2 544.4 547.4 549.6 550.9 551.1 550.1 548.3 545.2 539.5 532 527.5 524.2 521 518.5 517.5 512 499.8 489.5 474 455.4 437.2 417.1 396.9 377.4
403.1 410.8 414.6 418.1 419 416.9 412.5 409.1 405.5 401.3 395.6 387.5 371.7 345.2 319.4 305.3 276.4 241 230.7 229.6 230.7 233.3 236.4 235.5 239.8 254.4 271.1 286.2 299 312.4 326.5 337.3 349.4 363.4 377.1 388.1 396.1 404.5 410.9 416.1 422.6 429.4 436.2 442.5 450.4 457 462 472.1 480.6 487.7 498.4 507.9 516 522.8 530.2 534.6 539 542.2 544.8 547.2 548.8 548.7 548.6 547.9 546.4 542.6 535.8 529.1 524.4 521 518.7 516.6 514.3 508.2 493.9 482.2 467.6 449.6 432 409.6 390.3 370
413.1 412 413.4 417.5 418.4 416.9 411.5 407.6 403.6 399.9 393.8 385.4 370 340.2 315 301.1 274 241.5 234.8 230.5 232.2 235.5 238.9 241.2 247.6 263.8 280.8 297.8 312.4 324.6 333.3 346 362.5 376.5 387.2 397.1 401.1 409.2 417.6 423.3 432.4 442 451.1 459 464.2 468.5 474.4 480.5 487.6 496.6 506.5 515.8 522.1 526.4 532 536.3 540.3 543.5 546.3 547.8 547 546.9 546.9 546.3 543.8 539.2 531.2 525.4 521.1 518.8 516.4 514.2 510.6 500.3 486.7 476.3 461.1 441.9 423.9 402.4 382 360.8
414.6 416.7 415.8 411.5 416.8 416.4 411.6 407.7 403.2 397.5 389.7 378.2 359.4 331.8 306.8 292.4 272.1 261 246 242.2 235.1 238.5 243 246.1 257.4 274.7 292.2 310.1 322.9 331.1 344.7 361.1 373.9 387.9 396.1 397 406 416.1 427.1 436 447 456.2 462 469.5 473.7 478.3 483.1 489.4 496.5 505.9 512.9 519.7 525.2 528.8 534.9 539.6 543.7 546.1 549.6 548.3 546 545.7 545.2 543.6 539.3 534.4 525.9 521.5 517.7 515.4 513.7 511 504.4 492.7 480.7 469.7 452.8 432.7 413.8 392.7 370.5 350
423.9 421.6 422.5 419.4 416.2 416.5 413.3 408.5 402.4 393.6 377.2 362.4 347.8 321.7 299.6 288 281.6 277.2 269 261.3 254 248.3 249.4 252.8 263.6 283.1 298.9 315.1 328.1 339.3 355.7 370 382.9 391.4 396.3 403.3 415.1 433.4 447.6 456.3 464.9 470.5 475.4 480.2 484.1 487.4 491 496.8 503.7 511 517.2 522.5 528.1 532.4 537.7 544.2 547.8 553 552.5 548.3 544.8 543.5 542.6 540.2 535.4 527.9 522 518 514.4 511.7 509.3 506 500.4 485.4 474.9 461.9 441.9 422.5 401.1 378.9 357.5 337.8
425.9 427.5 426.9 418.8 416.1 418.1 415.1 409.6 400.8 384.7 363.1 345.8 330.4 315.8 306 300.9 300.5 295.6 291.1 285.1 280.5 268.3 260.4 264.9 263.5 286.5 301.8 317.2 332.7 351.1 364.7 376.4 388.7 392.9 401.3 414 433 451.3 464 471.5 476 482.7 486.6 487.9 491.6 494.6 497.9 502.8 508.9 515.1 521.1 526 530.6 535 539.3 550.5 555.1 557.3 549 545.6 542.9 540.9 539.3 535.1 529.3 521.9 517.2 513.5 510.7 507.6 504.8 499.7 491.1 479.5 469.9 452.6 428.4 404.9 383.1 360.8 343 326.6
430.3 433.6 429.2 425.1 421.6 416.8 416.7 411.6 402.7 387.3 371.8 358.3 347.7 332.2 328.8 332.8 326 317 312.5 304.7 299.2 287 275.5 277.8 275.6 287.2 304.8 319.7 339.8 357 368.9 377.5 385.4 393.5 408 427 446.9 464.5 478.1 482.6 484.9 488.6 491.7 494.1 497.6 502.3 507.7 514.3 515.9 519.3 524.8 528.7 533.3 538.5 545.2 552.8 554.6 549.9 545.2 541.3 538.8 537.5 535.3 530.1 522 515.9 512.5 509 506.8 503.8 500.7 495.4 482.5 475 464.5 440.5 415.5 386.2 356.9 336.3 322.8 316.9
431.3 433.5 431.5 430.6 425.6 421.8 418.7 414.9 408.7 400.4 391.7 384.9 369.7 352.7 354.8 361.1 361.4 354.1 341.9 326.6 313.7 302.6 288.6 288.9 289.3 289.5 306.9 324.3 343.8 359.4 369.4 378.5 387.3 404.7 422.9 441.2 457.9 474.1 480.8 484.6 488.1 491.9 496.8 503.1 508.4 513.4 519.3 521 522.7 524.5 528.3 532.8 537.7 544.6 549.3 550.4 546.9 543.2 539.5 536.8 535.1 533 530.3 522.9 516.3 510.8 507.2 504.8 502.3 499.2 495.9 486.2 477.9 470.7 457.6 424.7 399.4 368.1 327.3 307 297.6 298.7
440.5 433.8 433.5 432.1 432.1 425.6 420.4 422.3 413 408.2 408.5 408.3 390.1 372 374.1 384.3 385.7 385.3 378 356.2 334.3 317.4 302.3 302.2 301.6 293.9 311.7 329.2 346.1 358.6 369.9 380.8 394.1 410.8 435 451 464.7 475.3 480.7 485.3 490.3 497.4 506.3 516 520.4 525.6 525.2 526.6 528.9 530.2 532.6 536.4 540.4 543.4 542.7 540 538 536.3 534 531.9 530.5 528.4 524 516.3 509.7 505.5 502.5 500.5 496.9 491.4 487.1 478.5 473 466.5 455.7 424.5 388.5 346 315 296.3 288.1 284.2
446.7 442.9 434.2 432.2 433.9 430 422.8 421 417.7 413.8 409.7 407.3 400.1 391.8 394.7 397.5 398.5 397.5 387.3 374.6 358.6 333.8 316.8 315.2 313.2 301.7 316.5 335.1 351.7 363.5 373.4 385.4 401.3 419.3 442.9 456.9 467.2 474 480.2 487.3 494.1 503.7 515.9 521.4 524.8 527.8 529.3 530.5 531.7 532.4 533.7 536.4 539.2 539.6 535.7 533.7 533 530.6 527.7 526.2 525 522.8 516.4 510 504.1 500.6 496.6 495 490.8 485.9 477.5 472.8 467.6 461.1 453.2 423.1 389.6 344.8 315.7 295.5 287 282.8
452.1 446.2 442.4 435.5 433.2 434.8 425.3 422.8 422.2 421.1 416.5 411.7 407.9 405.5 404.5 404.6 405.6 405.3 402.3 368.4 372.5 353 333.9 331.2 324.4 316 319 339.4 354.8 361.8 373 386.5 405 428.6 446.8 459.3 467.7 474.4 481.3 488.7 495.9 511.5 517.8 523.3 525.2 526.8 528.5 529.9 531 532.2 533.3 535 536.5 534 530.4 529.9 528.7 525.8 523.5 520.7 518 514.8 508.6 503.5 499.1 495.6 492 488.5 483.3 475.7 470 465.4 460.7 455.3 447.7 427.3 400.9 361.7 326 303.4 289.7 286.9
460.8 453.8 454.2 443.7 435.6 434.4 434.8 428 425.4 424.5 424 417.8 415.2 413.2 410.2 410 409.7 409.8 408.4 406.8 369.2 368 356.8 356.7 342.4 331 321.1 342.1 350.6 365.9 379.6 397.9 420.1 435.2 449.4 460.2 468.1 476.4 483.3 488.8 502.5 512.5 517.3 522.7 524 525.5 527.3 528.6 529.6 530 530.5 532.3 532.5 527.6 526 525.4 524.1 521.8 519.1 514.9 510.9 506.1 501.5 496.7 493.3 490.4 487.9 480.6 473.5 466.9 462.8 457.7 453.7 448.3 438.4 424.2 411.4 387.4 352.9 332.2 314.1 308.8
469.1 465.7 460.9 450 443.8 436.4 434.2 435.2 427.7 426.4 425.9 422.8 422.5 421.8 417 415 415 414.5 413.6 412.9 372.2 373.2 394.4 395.3 371.8 352.1 332.3 342.1 357.6 388.1 408.7 420.8 430.7 443 451.6 460.9 468.5 477.1 484.9 492.5 507.9 513.1 518.7 522 523 524.3 526 527.1 527.6 527.8 527.6 528.2 527.1 522 520.9 519.9 517.6 517.3 514.2 510.1 504.8 500 494.7 491.1 487.8 485.1 481.2 471.7 465.4 458.6 454.2 450.1 445.8 439.3 429.3 418 411 400.4 383.2 367.3 353.8 346.6
473.1 468.2 464.7 458.6 452.3 445.1 439.2 435.9 435.4 430 429.1 427.9 427.6 427.3 425.3 421 418.6 419.3 418.4 416.9 408.6 404 413.2 414.4 405.2 375.3 347.9 350.4 383 409.2 422.7 429.9 437.5 447.5 455.9 461.8 470.6 479.9 486.7 499.3 508.6 513.2 519.3 521.2 522 523 524.7 525.3 525.5 525.4 524.6 523.4 520.3 517.2 516 514.2 513 511.2 508.4 503.4 497.8 492.3 488.5 484.5 481.5 477.9 471.4 462.7 456.9 451 446.6 442.5 436 428.8 420.6 410.1 404 395 387.4 379.8 374.2 368.6
470.5 474.6 471.6 468.3 462.3 448.8 448 441.9 440.5 435.2 432.9 432 432 431.9 431.5 429.7 427.6 425.4 423.7 421.9 421.1 420.7 420.4 420.1 416.3 396.6 369.7 365.9 398.5 420.6 429.5 436.9 442.9 450.4 459.1 467.4 476.3 484.1 492.1 504.1 508.5 513.1 517.8 520.3 518.7 522 523 523.8 523.5 522.9 521.6 519.8 516.9 513.2 510.9 509.2 507.6 504.5 500.1 495.3 490.3 485.1 481.8 477.9 475.1 469.3 461.1 453.9 448 443.2 438.9 433.2 427.3 420.3 411.2 402.5 394 387.2 381.6 375.6 372.2 368.6
466.4 475.5 474.2 470.8 466.7 459.4 453.2 450 446.1 442.5 437 434 435.3 435.8 436 435.2 434.2 432.1 430 427 427.2 426.8 426.3 426.2 425 416.3 387 372.5 408.2 425.1 435.5 439.8 446.2 454.4 463.9 473.8 482.3 489.1 496.2 503.1 508.1 513.3 517.4 519.8 520.5 520 520.9 521.5 521.5 520.3 518.4 516.1 512.8 509.2 506.6 504.5 502.2 497.9 493.7 487.8 482.9 479.1 475.1 472 467.4 459.6 452.1 445.3 440.2 436.2 430.4 423.7 418.4 408.4 399.6 391.5 383.5 379.3 375.2 371.9 369.6 366.4
479.2 474.9 473.9 472.3 468.6 463.5 460.8 456.7 451.9 448.2 442.5 437.1 435.2 438.6 439.1 439.3 437.8 437.1 435.5 433.9 432.9 432.3 432.1 432.4 431.2 426.8 406.6 379.1 413.3 430.4 438.1 443.6 451.5 462.1 472.5 481.2 487.3 492.5 497.6 503 508.6 513.4 516.8 518.8 519.8 519.9 519.9 519.9 518.9 517 514.7 511.9 508.5 504.8 502.3 499.7 496.2 491.8 486.4 480.9 476 472.6 469 465.1 457.9 450.6 444.2 437.6 432.7 427.4 421 414.1 407.9 395.4 388.5 382.3 376 372.4 369.1 367.5 365.8 363.5
486.2 481.3 473.8 472.3 470 471.1 471.7 461.2 458.9 455.3 450.5 444 441.6 439.4 440.8 440.9 441.9 441.3 440.5 439.8 439.8 438.9 437.7 437.2 436.7 433.6 419 394.3 418.2 435.7 443.1 451.1 462.3 476.3 483.7 487.9 490.7 495.6 500.5 504.6 509.3 512.5 515.6 517.5 518.9 519 518.4 517.5 516.3 513.7 510 507.2 504.3 500.3 496.5 493.6 489.9 485.4 479.8 473.9 468.8 465.5 462.4 457.1 448.7 442.5 435.5 429.1 423.7 417.1 411.9 403.1 393.3 385 380.6 375.7 369.8 365.7 362.5 361.7 360.2 360.8
484.9 485.7 482.5 479.8 478.6 471.9 472.2 465.4 471.6 467.1 457.3 452.4 447.1 444.2 442.3 442 444.2 444.7 444.7 444.6 445.3 445.1 445.1 443.5 442.2 440 427.4 412.3 426.4 440.4 447.8 461.9 477.7 484.2 487.2 490.1 493.9 497.9 502 505.8 508.9 511.8 514.4 516.2 517.8 517.6 516.3 514.3 512.3 509.5 506.9 503.7 500.3 495.5 492.4 488.6 483.8 478.6 472.7 467.1 462.1 458.1 453.7 446.7 440.3 433.8 427 421.5 413.8 407.5 401.2 389.3 381.2 376.4 371.9 366.8 361.9 358.1 356.4 354.6 355.3 357.3
487.5 486.2 487.8 486.2 482.7 474.2 475.8 471.2 478.5 472.9 467.2 461.8 455 453.1 448.7 445.6 445 446.3 447.5 448.3 449 450.2 451.1 451.2 449.3 446.5 439.3 421.1 434.5 445.5 456.2 474.6 481 484.4 488.1 492 495.8 499.5 503.6 506.3 508.9 511.6 514.1 515.5 516.7 515.8 514 511.4 508.9 506.3 503.8 500.5 496.3 490.8 486.4 483.7 478.5 472.2 466.3 461.2 456.4 451.9 444.6 437.5 430.7 424.6 419.3 411.9 403.8 398.7 391.3 381.8 371.3 367.2 362 356.1 351.3 349.1 348.1 348.4 350.4 353.6
486.6 487.7 487.7 488.5 487 476.7 476.7 475.8 474.2 474.6 472 470.6 465.8 460.8 456.1 453 451.1 448.9 449.5 451.3 452 454.1 455.8 456.4 455.1 453.6 445.6 434.8 444.2 454.6 469.2 476.4 481.1 485.1 488.8 493 497.4 501.3 504.5 506.8 509.4 512.2 514.9 515.3 515.6 513.9 512.1 509.9 506.7 504 500.3 496.6 491.9 486.9 481.4 477.6 472.7 466.5 460.7 455.1 450.4 444.6 435.5 428.4 420.8 415.7 409.9 401 395.4 388.6 379.2 368.4 360.7 355.1 347.1 340.7 340.1 339.4 338.6 339.9 344.7 349.4
482.5 485 488.1 489.8 489.2 487.5 481.5 478.5 473.4 474.6 479.2 476.3 468.3 468.6 465.2 460.7 457 455.9 456.6 455.1 454.7 455.8 457.8 459.6 459.5 457.8 454.9 450.4 458.3 469.1 473.4 477.1 481.5 485.6 489.5 493.9 498.4 502.4 505.6 507.3 509.9 512.5 515.2 515.8 514.8 513.1 510.9 508.2 504.6 501 497 492.6 488 483.5 478 472.4 465.7 459.1 453.6 447.7 441.5 434.3 427.8 418.6 411.4 405.5 398.4 391.8 386.3 376.7 365.3 354.5 348.6 341.4 330.4 324 326.3 327.6 328.1 331.8 337.2 342.9
479.1 481.7 485.3 488.9 489.8 489.1 486 480.1 478.6 476.9 474 480.1 478.5 476 477 473 466.3 463.4 462.4 459.2 457.3 457.3 459 460.5 462 461.6 459.5 461.8 466.2 471.9 474.6 478.1 481.7 485.6 489.9 493.9 497.9 501.6 504.5 506.3 509.5 512.6 515.3 516.1 513.7 511.7 509.4 506.4 502.5 498.5 493.4 488.6 484.4 477.9 473.4 466.8 460.2 452.9 447 441 434.1 426.6 418.5 409.6 402.6 394.4 388.5 382.6 373 363.7 349.7 339.9 333.8 324.7 312.5 311.7 314.1 316.5 317.5 322.5 328.3 334.3
476.5 479.5 483.2 486.7 488.5 489.3 489.9 487.1 482.4 483.2 481.5 475.9 477.5 482.5 484 481.4 476.9 468.8 465.4 465.5 464.5 461.6 461.1 461.8 463.4 464 464.3 467.1 471.1 471.1 474.4 477.9 481.3 484.9 488.5 492.3 496.6 499.6 502.8 505.3 508.5 511.7 514.6 516.7 513.7 511 507.9 504.8 500.5 496.1 491.1 485.7 480.9 474.5 469.1 462.1 454.4 446.9 440.4 433.3 426.8 417.8 409.2 401 392.2 384.4 377.7 368.5 359.8 348.2 335.4 325.6 317.4 307.6 294.3 293.3 299.3 302 305.7 312.6 319 326.3
473.6 477.5 481.2 484.4 487.7 489.9 491.2 492.5 487.2 486.3 489.2 488.6 487.8 483.6 480.9 484.7 486.3 480.6 473.5 469.7 466.9 468.1 466.1 465.3 465.2 465.7 467 471.3 471.1 472.8 475.1 477.2 480.4 483.5 487 490.8 494.9 498 501 503.6 506.6 510.2 513 515.4 514.4 510.5 507 503.6 499 494.5 489.6 484.1 478.5 472.2 465.8 457.8 450 442.3 435.8 427.7 419.2 409 400.3 390.6 381.5 372.6 362.6 353.7 341.5 331.4 322.5 312.1 301.2 287.2 272.8 275.6 280.3 282.7 292.4 300.2 308.9 317.4
470.7 469.4 474.6 482.4 487.2 490.1 492 494.5 494.8 495.1 493.5 494.9 500.6 495.6 489.4 482.4 487.3 490.5 483.8 475 471.4 470.2 471.5 469.9 469.2 468.2 469.2 471.1 472.6 474.6 475.5 477.3 479.8 482 485.7 489.4 493.2 496.4 498.9 500.5 504.1 508.4 511.3 513.5 514 509.6 506.2 502.8 498.2 493.5 488.5 482.5 475.9 469.5 463.3 455.7 447.6 438.2 431.3 420.2 410.4 398.9 388.7 375.2 365.2 356.4 346.5 335.6 325.1 318.1 310.3 299.4 287.1 273.8 261.9 258.4 263.3 267.6 276.7 284 293.6 304.5
468.9 471.6 474.6 481.8 486.9 490.8 494.2 495.8 496.5 497.8 499.8 503.4 496.8 495.6 500.5 493.9 484.9 488.9 492.1 483.1 476.8 472.3 471.5 472.2 472.7 471.9 471.1 472.3 473.3 475.7 476.9 477.6 480.3 482.9 484.9 488.5 492 495.1 497.4 499.3 501 505.6 509.3 511.5 512.4 509.1 505.7 502.2 497.9 493.1 487.4 481.6 475 468.1 460.9 452.3 444.5 434.2 423.2 411.6 401.2 382.5 369.8 357.8 348.4 339.2 326.7 317.3 309.6 303.7 297.2 287.2 277.3 266.2 256.5 252.4 252.4 253.6 258.7 268.1 278.8 290.5
