Game/Highland_Data/StreamingAssets/GeoData/Data/so/SO22.asc
ncols 200
nrows 200
xllcorner 320000
yllcorner 220000
cellsize 50
[rows 35 to 69 of 200, columns 0 to 77 of 200]
529.7 540.1 550.6 562 578.3 591.6 602.6 612.9 623.8 642.8 651 641.7 617.3 598.8 577.8 561.8 547.5 530.4 515.1 503 491.3 474.6 460.6 468.4 476.9 477.6 478.2 476.3 474.7 473.8 473.6 469.8 451.7 446.2 470.2 479.9 488.1 494.1 499.4 506.4 514 522.6 532.4 541.2 552.5 560.9 570.9 584.6 601.6 620.9 646.7 669.6 681 685.2 689.7 693 697 698.9 699.9 700.1 700.2 702.3 705.7 708.4 711.7 717.4 723.2 730.3 733.1 737.4 740.9 741.4 741 738.9 735 731.1 723.6 710.7
531.4 541.3 549.6 562.4 577.8 590.5 600 609.3 619.8 638.1 650 650.4 634.1 611.8 590.1 570.3 555.5 541.1 524.7 510.1 498.6 488.3 472.2 453.5 458.7 466.3 468 468.7 467.9 467.4 465 463 454.6 436.6 460.9 473.1 480.6 488.1 494 498.3 504.7 513.3 520.8 531.9 540.7 550.7 560.3 573.1 589.2 608.2 631.5 657.9 673.4 681.5 683.6 687 687.9 688 687.9 691.4 692.7 694 695.8 700.5 704.5 708.2 714.4 723 728.4 731.7 736.3 738 738.4 737 733.4 729 720 707.6
527.8 538.2 546.5 559.3 572.8 585.2 595.1 604 614.6 630.4 648.4 649.8 649.7 626 602 580.4 564.7 550.6 535.3 521.2 506.8 495.9 485.2 470.5 456.6 447.7 451.7 455.5 458.3 460.1 459.3 456.3 450.1 433.5 452.9 466.4 474.3 481 486.8 492.2 496.6 503.9 511.2 519.9 529.8 539.7 549.8 563.5 579.5 598.2 620.3 646.8 666.6 676.3 680.1 679.8 682.1 680.9 681 680.4 680.3 681.6 686.8 691.5 695.7 700.7 705.1 713.1 722.6 726.8 729.7 735.4 736.1 734.6 730.7 725.8 718 704
522.1 533.9 542.6 552.4 565.7 578.5 589.4 598.5 608.7 622.7 644 649.7 653.9 641.1 617.1 597.6 578.1 561.6 548.3 532.6 517.8 504.5 493.9 483.3 471.1 461.4 449.6 439.1 441.7 447.6 451.7 448.1 444.4 429.1 443.8 457.3 466.4 473.5 480.4 485.4 490.8 494.7 500.6 509.1 518.1 529.4 542.4 555 570.7 591.1 612.7 638.5 659 671.9 675.3 674.5 675.3 673.6 670.9 667 664.1 665.3 671.3 680.1 689.1 694 699.3 706.5 716.1 723.3 724.7 731.1 733.1 732 726.6 722.4 713.4 700.5
514.4 526.7 537.9 545.9 557.7 570.1 582.8 593.4 603.2 616.5 639.7 647.7 653.9 651.3 628.6 610.6 594.3 575.7 559.6 545.8 530.9 516.4 503.4 492.6 484.1 473.7 462.4 453.1 436.5 429.6 438.5 441.5 437.9 426.1 434.9 446.7 457 466.3 472.4 478.1 485.4 489.4 492.7 498.4 510.2 522.1 533.1 547 564.3 582.4 603.9 630.6 651.9 666.3 669.1 667.3 666.5 663.5 654.7 642.7 639.2 644.9 656.5 667.9 680.6 688.6 694.8 701.7 711.5 719.3 721.3 724.4 729 729 723 718.1 709.4 696.8
506.2 518.8 530.9 541.2 551.5 563.3 576.1 588.2 598.3 611.7 632.8 645.3 651.8 656.5 646.2 623 608.2 590.9 573.1 558.2 543 529.3 517.7 505.1 493.2 485.2 475.7 466 454.1 440.4 426 427.3 431.7 423.5 427.5 437.7 447.6 456.5 464.3 469.9 475.5 480.4 480 491.8 503.7 513.9 526.8 542 555.1 574.4 595.3 623 646.2 658 661 658.5 655.3 649.8 633.7 617.4 616.1 619.4 639.4 660.5 674 684 690.7 695.5 705.8 714.1 717.6 718.9 720.4 723.8 718.8 715.1 706.6 693.9
496.4 507.9 523.4 535.1 544.4 555.9 569.2 583.3 593.6 606.9 626.4 642.7 649.7 657.1 661.3 650.8 626.9 606.6 589 571.2 555.2 543.1 529.7 519.1 507 496.1 487 478.4 466.6 454.8 443.2 422.4 418.5 415.3 420.3 427.3 436.6 445.6 455.3 460.5 463.5 461.7 477.6 485.2 497.1 508.2 521.3 535.6 550.6 567 588.3 613.2 638.7 647.4 647.7 645.5 641.8 629.4 613.6 599 590.4 610.1 631 655.7 670.4 681 685.8 691.1 695.6 706.7 713.2 714.8 715.7 715.4 715.1 712.5 705.9 693.3
488.7 500.3 516.9 529.5 540 550.5 562.9 575.9 589.4 601.5 616.8 640.8 646.9 653.1 660.6 660.7 651.5 628.2 605.9 587.4 570.3 556 544 533.5 521.5 508.3 497.6 488.4 480.2 467.2 457.1 444 431 418.9 414.7 413.3 424.5 433.4 441.9 449.4 442.8 460.9 473.8 482.4 491.8 503.4 516 528.4 542.2 559.6 580.1 600.9 625 639.4 637.6 631.7 618.9 607.2 596.5 583.2 586.8 608 628.2 652.3 667.3 676.5 680.5 686.9 689.1 695.7 704.6 707.9 710.8 711.9 710.6 709.5 703.5 693.1
483 495 509.6 524.2 536.4 545.1 556.1 568.8 583.8 596.2 609.7 634.7 643.5 649.5 658 660.3 659.6 649.4 627.2 606 588 572.1 557.6 546 534.2 522.7 511.4 498 487 479.2 466.8 456.7 443.1 430.9 418.9 409.2 411.9 418.2 426.3 432.6 438 455.4 469.4 479.1 486.4 498.1 510.9 522.9 537.6 552.9 571.7 592.2 607.7 618.5 618.2 612.8 601 591.8 580.7 566.6 585.4 602.2 625.9 649.8 661.7 671.2 675.6 679.5 684.3 685.4 693 698.6 704.9 707.1 707.3 706.6 702.2 693.2
479.9 491.1 504.4 518.6 532.9 541.3 551 561.3 575.4 589.5 603.3 623.2 637.3 645 650.5 657.6 659.3 659.2 650.6 630.9 608.3 592.2 575.4 559.7 546.4 535.3 523.1 509 496.5 485.4 476.2 464.3 453.2 440.8 430.3 418.8 407.8 404.6 412.8 415.7 430.8 445.9 459.6 474 481.6 491.9 504.2 517.8 533.6 546.1 563 581.1 590.9 594.2 596.1 594.3 588.4 578.9 567.8 561.3 577.6 595.7 616.4 640.3 652.4 663.2 669.4 673.7 676.2 680.9 683.2 688.4 694.3 699 702.9 703.8 701 692.8
477 487.9 498.9 514.8 528 538.1 545.3 554.9 566.7 580.5 594.8 608.8 632.8 638.4 644.3 653.6 657.1 659.4 659.5 654.5 636.3 613.8 595.6 578.3 562.5 547.6 535 521.3 507 493.2 480.9 471.8 459.7 449.3 437.1 427.2 416.6 404.9 401.8 409.9 420.2 434 452 465.7 474.9 485.3 498.1 513.2 528.5 540.2 555 572.6 581.4 583 583.6 580.3 574.1 568 553.3 558.7 571.2 588.2 604.3 625.6 640.1 649 659.6 665.8 668.9 672.1 676.3 679.4 680.9 684.5 692.7 697.8 697.4 692.6
474.3 486 495.8 511.5 523 532.3 539.9 547.9 558.5 570.8 586.6 599.6 617.6 632 637.4 644.2 653.3 657.4 659.2 660.1 656.6 639.9 618.2 597.5 581.9 564.3 548.1 533.5 518.2 501.6 486.7 474.6 466.1 454.7 443.8 432.6 422.7 412 401.8 396.2 410.9 425.4 443.2 457.8 468.3 481.3 494.8 509.9 523.7 535.2 547 564.5 572.3 574.2 573.3 567.4 563 552.3 541.3 554.2 564.6 575.2 590.4 603.1 618.9 628.6 640.8 646 655.3 662.7 666.4 670.2 674 676.1 679.9 687.6 691.5 691
472.7 483 496.5 507.9 516.2 526.1 534.4 540.6 550.3 562.5 576 590.2 604.1 620.6 631.1 639.1 646.4 654.6 657.7 659.9 660 657.5 643.3 622.5 601.1 584.5 564.6 545.6 527.7 511.2 494.1 478.3 470.2 459.3 448.7 437.1 425.8 416 406 396.6 395.8 418.6 435.5 451.5 464.7 476.9 491.7 506.5 519 530.6 541.6 557.2 566.4 565 561.6 556.1 550.5 537.4 540.3 547.4 556.3 564.6 574.8 586.3 594.7 603.6 616.4 625.6 637.5 645.4 656.1 660.9 664.9 670.4 672.4 674.1 683.1 687
471.6 479.6 492.2 503.3 509.6 518 525.5 534 542.2 553.4 565.8 580.7 594.4 610.9 626.2 632.6 639.5 650.4 655.5 657.8 658.4 659.2 656.2 647.9 628.4 606.1 584.6 562.3 538.9 518.7 500.3 483 472 463.3 451.2 440.9 429.6 420.5 411.8 399.3 392.3 412.3 430.7 449.4 463 472.2 487.3 501.4 515.6 526.2 535.1 546.8 553.5 553.2 548.9 543.9 536.4 522.3 536.2 542 548.2 556.2 561.9 569.5 578.6 585.2 591.1 601 614.4 628 636.5 646.3 655.4 660.8 665.1 668.7 670.3 678.5
467.6 473.2 485.6 495.2 503.2 510 516.9 526.9 534.9 543 555.3 570 583.6 599.4 616.1 627.4 634 644 651.9 655.1 656.8 657.9 657.7 654.2 647.5 631.7 605.8 579 550.8 525.2 505.5 487.2 472 464.6 453.9 443.6 432.5 421 411.1 401.8 390.3 409 429.6 448.8 461.2 469.6 482.2 495.8 510.5 523.1 532 538.1 542.7 543.1 538.9 530.5 523.1 522.9 531.7 536.3 539.5 544.1 550.8 556.8 561.5 568.6 574.1 581.1 589 604.1 617.1 631.7 642.9 652 656.8 660.3 664.7 666.8
463.2 467.8 476.2 485.4 493.1 503.6 508.3 516.4 526.9 533.8 543.4 556.9 573.1 587.4 603.4 617.7 626.2 635.1 646.9 651.8 654.1 655.6 655.5 654.1 649.8 637.4 620 591.3 558.5 531.2 508.5 487.4 470.6 463.5 453.2 442.6 433.3 422.1 411.7 402.4 389.2 407.1 428.9 445.8 458.6 467.9 481.7 493.5 507.1 518.2 527.7 533.5 535.3 532.6 528.5 522.2 511 517.9 523.1 530.6 532.7 535.2 538.5 544.2 550.9 555 559 564.7 572.4 582.4 592.7 610.5 627.7 637 646.4 653.5 656.1 659.3
458.6 461.7 467.9 476.6 484.1 492.8 501.5 506.5 513.8 525.1 533.4 544.5 558.6 575.4 589.8 609.3 620.2 628.3 640.7 648.1 651.5 653.1 653.1 652 647.3 637.4 620.1 588.6 555.6 529.9 506.8 484.2 467.4 460.7 450.6 441.4 432.2 422.2 410.8 398.6 387.5 409.8 431.3 444.7 454.9 465.9 478.3 491.8 504.6 515.3 523.8 528.3 529.5 525.1 519.6 512.6 501.3 511.7 518.4 520.6 524.8 527.1 528.5 531.4 534.9 541.3 545.4 549 555.5 564.7 574.4 586.6 605 621.9 628.8 641.6 649.1 652.6
454.1 457.1 462 466.5 473.8 481.8 490.1 498.9 504.5 512.2 523.9 532.7 546.2 561.4 578.1 594.2 609.5 620.3 631.1 644 648.1 650.4 650 649.1 644.9 634.7 613.7 576.8 547.7 521.3 497.9 478.5 464.2 454.9 446 437.9 428.7 420.3 407.5 382.6 391.9 413.3 431.6 443 452.8 463.8 476.7 489.8 500.6 511.3 519.4 523.8 523.5 520.2 512.8 504.3 498.4 505.7 509.2 513.6 514.8 514.8 518.4 521.6 524.3 527 529.7 534.6 541.5 549 559.1 571.2 582.1 601.7 614.9 623.8 637.3 645
449.8 452.3 455.7 459.7 464.5 471.3 478.7 486.1 496.5 501.5 510.5 524.3 534.2 549.4 567 581.9 599.4 611.9 622.3 635.8 644.3 646.7 646.7 645.9 641.6 628.7 593.8 564.4 539.1 513.5 491.3 472 459.7 450.8 442.3 432.9 424.4 415.4 399.7 381.5 396.3 415.1 430.8 441.9 450.7 462 474.2 488.9 498.3 508.2 514.5 518.2 521.9 515.4 508.4 496.2 491.4 498.5 501.4 503 503.6 505.5 506.2 508.2 511.3 514.4 517.9 522.4 529.1 538.2 545.7 554.9 567.4 580 598.1 609.7 621.3 630.8
444.1 447.7 449.6 453.2 456.7 462.5 468.2 474.2 482.7 493.9 500.1 511.1 523 535.9 553.7 571.5 584.9 604.6 616.4 627 639.3 642.7 643.7 642.2 639.2 611.8 580.5 554.9 527 504 481.7 465.6 455.4 448.6 438.7 429 419.9 405.7 390.7 380.1 400.4 417.2 430.4 441 450.1 460.4 472.7 486.9 497.2 504.3 514.6 518.4 521.2 513.7 506.1 494 483.5 487.5 490.2 491.6 492.2 493.4 495.1 497.4 498.9 501.1 506.7 511 517.3 524.3 535.8 542.5 552.6 564 574.6 593.9 610.2 618.6
436.3 439.7 443.4 446.4 449.1 453.6 459.4 465.6 471.3 480 491.4 502 512 524.7 538.8 557.3 575.6 594.2 609.4 619.2 630.8 638.3 640.6 639.6 635.2 602 571.4 546.1 519.1 494.9 477.2 463.7 453.5 445.2 435.7 424.6 413.3 398.2 379 386.2 401.1 417.5 428.7 438.9 446.9 457.9 470.9 484 495.6 502.6 511.9 519.6 522.6 514.9 506.6 497 477.3 480.1 481 481.9 482.1 483.7 485.1 485.1 486.1 489.5 494.7 500.6 506.9 512.9 521.9 531.6 539 549.5 558.8 571.1 593 609.9
428.8 430.3 431.4 433.9 439.4 445 449.6 455.5 460.8 469.6 479.4 491.7 500.8 514.2 527.1 546.1 566.3 584.3 600.9 612.6 621.9 633.3 636.7 636.3 631.9 596.4 564.8 539.2 510.5 490.3 474.3 461.5 452.5 443.7 432.2 419.7 406.5 391.3 375.3 388.3 401.5 415 426.8 437.2 444.1 455.9 469.2 481.8 492.3 500.8 509 519.2 524.6 518.1 510 501.3 488.4 478.2 464 471.1 473.2 473.4 473 473.7 476.9 478.9 482.7 488.3 495.6 502.7 510.9 518.8 528.1 535.6 547.4 557.8 571.9 596.8
409.2 408.1 413 418.7 424.8 432.4 442.1 444.5 451.9 459.9 469.2 480.5 491.4 503 520.9 538.7 558.4 576 593.8 606 616.3 628.3 633 633.1 628.5 593.5 559.6 532.3 505.7 486.8 471.6 459 449.6 442 427.9 416.8 402.7 384.5 375.6 385 399.8 412.5 423.8 434.1 440.7 452 467 479.1 489.7 498.5 504.3 516.8 528.6 523.6 515.5 504.8 495.6 485.8 476.8 463.7 454.3 461.1 465.3 465.2 466.3 469.6 473.4 477.6 484.5 491.3 499.8 505.7 513.6 521.7 533.2 544.4 561.1 582.9
383.5 382.3 389.5 399.5 408.1 417.8 426.5 436 443.4 448.7 458.9 469.3 482.3 494.7 512.9 533.2 553.9 571.2 587.9 599.8 610 619.9 629.6 630.5 625 587.9 555.7 529.2 503.3 484.7 469.5 456.3 446.3 439.7 425.3 415.3 399.9 382 372 381.7 395.9 407.1 421.2 430.4 438.2 448.9 463.2 473 485.6 494.5 501.1 514.5 529.3 527.9 519.8 509.7 500.5 492.8 485.5 476.4 465.3 444.9 451.7 457.9 456.8 460.6 463.7 467.7 474.2 481.3 487.9 494.6 501.9 510.6 521.4 534.1 550.8 568.1
357.1 355.3 365.4 374.9 386.5 396.8 409.1 419.9 428.4 438.8 448 458.8 473.8 489 506.5 527.1 548 568.2 582.4 595.6 606.2 615.8 626.7 628.2 623.7 588.5 555.5 527.1 500.9 482.6 468.8 454.6 444.9 437.1 424.4 411.9 399.3 383.1 369.3 376.8 390.4 402.7 416.4 426.2 435.8 445.5 458.1 469.7 482.6 490.3 497.3 508 528.2 533.3 524.4 511.4 501.3 494.5 487.7 482.1 472.8 458.5 445 434.4 441.4 447.8 456.2 459.5 463.2 469.6 476 483.4 489.3 499.4 511.4 525.4 544.3 561.7
332.3 335 344.5 353.3 366.7 377.6 389.6 401.8 410.9 423.2 435.9 449.7 462.9 483.2 502.2 520.1 542.3 565.5 580.7 591.9 602 613.2 624.3 625.5 621.5 592.2 556.3 526.1 499.2 480.2 468.3 454.3 444.9 435.2 423.4 411.1 398.8 385.9 374.8 366.4 383.4 399.7 412.7 423.9 430.9 440.8 452.3 465 476.5 484.8 492.1 502.7 521.8 533.9 527.7 509.7 499.8 493.9 487 481 474.8 467.9 458.9 446.8 429.1 431.1 443.7 449.4 454.3 459.8 464.1 470.1 480.5 492 505.8 522 538.9 559.2
313.8 323.1 328.3 331.8 344.9 356.6 366.8 376.4 388.7 407.6 426.5 443.3 461.1 481.8 499.8 519.7 540.3 563 578.3 589.3 601.4 610.3 621.7 623.6 619.1 593.6 556.1 527.4 500.7 478.7 465.8 454.6 444.3 434.3 424.2 410.4 398.8 386.8 373.8 367.4 378.6 394.4 408.1 419.5 425.9 435.4 446.1 458.6 469 477.8 486.8 494.4 511.9 523.9 517.5 502 497.6 491.1 483.9 478.3 473.5 467.1 459.2 453 442.2 421.5 424 440.5 445.2 449.1 453.7 451.9 472.6 487.6 502.1 519.2 539.2 562
329 341.4 350.3 357.5 365.1 374.5 384.1 394.7 407.6 422.4 434.7 450.4 468 486.8 504.5 523.8 542.6 562.9 579.4 591.2 601.4 607.3 616.9 622.7 618.3 597.4 560.7 531.4 504.2 479.4 465.7 454.6 441.7 432.3 421.8 411 402.5 389.9 377.9 364.8 370.2 388.7 402.2 413.9 421 429.7 440.3 450.9 461.7 471 481.5 488.8 500.9 508.4 502.6 496.2 491.9 486.6 480.7 475.5 470.5 460.5 453.9 445.3 440.2 434.1 407.7 429.2 435 433.7 441.2 457.6 471.5 486.2 500.9 519.7 539 564.3
341.7 357.6 371.8 383.1 387.9 396.4 406.4 414.6 424.6 432 442.3 456.4 473.2 490.3 508.3 527.4 546.1 565.5 581.3 595 602.8 607.1 610.6 620.7 617.8 603.3 566.6 537.8 508.4 484.1 467.2 453.6 441.8 430.8 421.3 410.5 402.6 390.4 377.6 370.3 360.5 379.1 397.5 408.4 416.4 424.4 434.3 443.9 455.5 465.6 474.8 481.2 488.5 495.6 494.4 492.1 487.3 482 475.4 470.3 464 453.1 445.4 439.7 435.5 430.4 414.1 415.1 416.1 431.9 444.9 456.5 470.9 486.7 501.5 518.5 538.5 565.5
347.1 365.1 379.1 391.5 401 409.8 415.3 423.1 428 435.2 447.3 461.6 479.4 493 510.2 530.9 550.5 570.7 583.2 597.5 603.6 606.5 611.6 621.4 617.2 606.6 575.5 544.2 513.7 488.1 471.3 453.8 439.4 428.2 418.3 409.4 400.6 392.4 378.8 369.2 360.6 370.5 389.2 403.3 412 419.7 427.2 437.1 448.3 458 465.2 474.8 477.5 483.4 487 484.6 482.1 475.3 469.3 464.3 454.6 444.4 440.7 433.6 429.6 425.7 411.2 402.7 422.2 435.2 445 457.1 471.3 486.6 503.5 519.9 540.2 567.2
342.4 358.9 375.1 388.9 399.1 410.4 416.3 423.1 428.3 433.8 446.8 463 480.6 495.3 515.4 534.8 556.9 573.6 588.2 599.3 604 607.6 618.1 622.4 613.1 601.4 580.9 549.4 520.3 493.5 476.1 457.9 440.1 427 417.7 407.8 399.5 392.4 381.8 368.1 358.4 363.6 379.6 396.3 407 414.3 421.5 430.8 443 451.4 461.3 467.8 470.7 475.8 481 479 474.4 466.9 461.5 453.4 444.8 438.4 433.1 427.7 422.5 414 400.7 404 424.2 437.3 446.7 459.9 473.8 488.7 505.7 522.3 544.5 572.9
331.5 346 362.3 379.1 392 403.4 411.4 420.2 425.5 433.8 446.4 462.6 479.9 494.5 516.9 535.1 556.3 573.5 589.4 599.1 603.6 609 622.8 623 611.6 595.6 584.3 554.6 526.5 498 478.7 460.5 441.8 428.3 415.9 407.2 399.5 391.5 384.8 369.5 354.7 361 370.8 389.5 400.4 408.7 415 424.4 435.3 445.5 454.8 461.3 465.3 468.1 468.9 468 462.7 457.8 452.7 443.6 437 430.6 424.8 416.9 406 397.7 388.1 405.5 424.4 435.9 448.9 462.4 477.6 491.9 508.3 526.9 553.2 580.2
316.8 331.3 346.1 364.5 380.3 394.4 405 415.9 422.5 430.2 444.9 460.9 476.5 492.4 515.2 533.3 553.5 571.3 587.2 596.9 602.5 610.8 625 627.4 610.5 596.2 585.8 565.8 537 509.1 483.3 463.7 444.3 429.3 416.1 407.8 398.4 389.9 382.9 369.7 354.3 360.6 364.6 383.4 394.8 402.6 409.1 417.3 428.8 439.7 447.7 455.6 459.4 461.1 461.3 459.1 455 448.4 441.1 433 428.2 422.4 413.5 401.3 390.3 383.3 401.1 416.3 427 438.2 452.5 465.6 479.4 496.2 512.9 533.4 562.2 584.9
312.2 315.2 330.3 347.5 367 382.2 396.9 409.8 418.2 426.3 440 457.2 472.3 487.7 508.2 528.7 549.7 567.2 582.3 594.5 601.1 610.5 628 629.9 612.9 597 590 573.8 544.5 519.6 492.1 469.2 449.8 431.8 418.3 408.7 399 391.2 381.8 368.5 355.9 356.9 361.3 375.6 388 398.3 404.6 410.9 421.8 435.2 442.9 448 452.7 455 453.3 450 443.3 436.1 429.5 421.5 419.4 412.4 400.8 386.3 381.9 400.4 414.1 422.4 432.9 445.6 458.3 472.6 486.4 503.8 518.6 541.7 570.5 592.8
337.7 332.5 321.2 327.9 350 369.5 389.2 402.7 414 422.5 435.8 452.5 468.2 480.7 502.6 523.8 544.6 564.4 579.7 590.2 597.5 606.3 625.4 631 615.8 598.6 592.5 583.4 553.8 527.5 502.4 474.8 454 436.2 419.7 408.5 399.9 392 385.6 371 358.8 349.9 359.7 367.9 381.6 392.3 399.6 404.9 415.2 429.2 435.6 438.6 442.6 444.1 441.5 436.4 430.2 423.9 419.5 413.6 410.3 397.2 385.6 372.2 394.9 409 417.1 427.7 438.8 451.6 465.1 478.3 494.4 510 528.4 551.9 576.9 596.1
