Game/Highland_Data/StreamingAssets/GeoData/Data/so/SO25.asc
ncols 200
nrows 200
xllcorner 320000
yllcorner 250000
cellsize 50
[rows 70 to 104 of 200, columns 0 to 77 of 200]
451 439.6 424.8 395.4 361 330.8 310.9 301.3 299.3 295.5 292.3 289.4 287.9 286.7 283.6 281.8 277.5 275.4 277 277.3 275.9 274.3 272.7 269.2 270.4 269.1 268 266.5 265 263.7 260.8 254.6 250 250.4 256.5 259.7 255.3 249.5 252.1 258.8 260.4 241.5 261.4 261.4 260 258.6 257 243.9 256.7 255.3 262.2 265.3 267.4 269.4 272.6 275.2 278.1 281.2 283.5 285 285.4 284.2 285.5 288 297.2 305.5 311.4 318.2 323.2 322.4 317.7 314 318.9 324.5 322 328.1 341.1 342.9
458.9 444.8 426.7 408.1 386.1 349.9 329.1 315.2 310.3 301.8 297.9 295 296.6 294.7 293.1 289.6 286.6 284.9 284.3 282.5 279.4 276.2 273.8 273.8 273.3 271.5 270.4 268.6 266.2 264.6 265.1 264.4 264 264.8 265.2 266.1 266.1 265.1 264.8 263.9 262.6 244 263.2 263.7 263.5 262.9 261.1 251.6 261.2 262.4 265.9 268.8 270.9 273.6 276.3 279.2 282.2 285.1 287.4 288.7 289.2 289.3 293 297.7 304.1 310.5 314.2 317.5 318 312.5 306.4 303.5 305.1 310.1 316 320.9 335.8 337.5
467.7 453.8 434 416.6 405.6 377.9 352.3 337.1 328.2 320.5 311.4 304.4 306.1 306.4 304.9 303.1 300.6 296.4 291.6 287.2 283 278.9 276.1 276.3 275.2 273.1 272.1 270.4 269.2 269.1 270 270 269.7 269.5 269.3 268.3 267.7 266.4 265.4 264 256.9 244.7 264.3 266 266 264.9 264 257.8 264.2 266.7 267.7 270 272.5 274.7 277.1 281.2 284.9 288.2 290.8 293.3 298.4 302.9 307.4 308.3 307.4 311.7 315.4 313 309.7 302.9 296.3 295.3 297.8 302.6 310 315.1 325.2 327
485.5 471.6 452 433.4 424.7 411 384.6 365.4 353.7 345.3 334 323.8 316.6 319.3 319.5 315.7 314 311 303.6 294.6 287.1 280.8 279.2 278.4 277.6 276.1 275.6 274.1 273.2 272.8 272.8 272.6 272.2 272.1 271.4 269.8 267.9 266 260.4 264.3 259.3 255 263.7 267.2 268.2 266.9 266.2 265.3 258.6 267.3 269.2 271.8 273.8 275.4 277.7 281.4 286.5 291.2 296.9 304.9 310.9 312.3 314.9 315.1 313.2 313.9 314.8 308.7 300.4 293.7 289.7 289.8 290.3 297.8 303.3 307.5 311.6 314.5
496.4 491.3 480 461 446.8 438.3 430.6 407 388.9 376.1 360.4 344.8 335.2 333.1 329.4 323.1 318.9 315.5 303.7 292.7 290.1 286.7 283.9 281.5 280.8 280.4 281.1 280.8 279.2 277.4 276.1 274.5 273.8 273 271.4 269.4 267.3 265.9 266.1 265 264.6 264.6 259.7 268.6 269.5 269.4 268.7 267.9 267.2 264.3 269.9 272.6 274 275.3 277.5 282.6 288.5 294.1 303.4 309.8 313.8 315.5 314.9 315.9 316.7 317.2 316.5 308.6 297.7 289 285.9 286 287.6 292.1 295.6 299.7 300.7 298.5
500.2 495.8 488.8 479.4 472.3 464.4 451.5 444.3 424.7 405.3 385.8 369.4 355.7 342.8 334.5 326 319.7 311.3 314.8 309.6 301.2 294.3 290.2 287.3 285.9 284.6 285.8 286.3 285.3 283.3 279.9 276.9 274.9 272.7 270.8 268.4 268.6 268.2 267 267 267.1 266.9 261.5 268.4 271 271.4 271.1 270 268.7 268.2 271 272.2 273.8 275.6 278 281.7 287.9 296.4 303.4 309.6 314 316.5 315.8 316.3 319.2 319 314.3 305.6 295.1 286.3 283.4 283.2 285.3 288.7 291.2 293.5 293.4 291.7
502 496.8 488.9 479.4 472 467.8 463.8 458 451.7 441.5 412.1 393.7 378.9 362.6 349.9 335.6 322.4 319.7 319.3 318.6 316.1 310.2 304.3 297 292.4 289.7 288.5 286.8 284.4 282.6 279.8 276.6 273.9 271.7 269.7 269.9 269.7 269.4 270 270.6 270.5 268.7 266.9 268.7 269.9 272.2 272.3 272 269.9 269.7 271.2 273.1 274.8 276.4 279.4 282.7 287.3 293.4 301 306.9 312.2 316 317.6 322.4 323.2 319.5 312.6 302.3 293.2 286.9 283.6 280.4 282.8 284.7 286.3 287.5 288.5 288
507.1 502.9 496 485.7 476.7 471.3 470 465.1 456.9 446.2 434.3 416 399 382.2 367.9 353.8 340.2 329.3 325.6 324.2 321.7 317.1 310.4 304.8 300 295.6 292.9 290.6 287.2 283.8 280 276.4 274.4 272.8 271.6 271.1 270.8 271.6 272.8 273.6 272.1 269.1 266 268.2 271.2 272.4 272.4 272.2 271.4 271.8 272.6 274.4 275.9 277.4 279.6 282.9 286.1 291.4 298.4 305.1 310 312.7 318.5 318.7 317.6 315.9 310.4 300.3 293.8 289.5 286.4 282.3 280 280.5 281.9 283.2 284.9 286.2
508 506.1 502 493.4 481.4 472.9 470.8 467.9 460.5 449.3 437.6 426.6 409.8 395.5 381.8 368.4 356.9 346.1 338.5 331.8 328 322.5 314.7 308.3 303.8 301.1 298.6 296.1 294 289.2 284.2 279.4 277 275.7 274.7 274.3 274.2 274.6 273.8 272.6 270.5 269 264.9 265.8 271.5 272.8 273.4 273.1 273.5 274 274.6 275.4 277.8 278.6 278.9 281.6 285.2 290 297 303.1 306.5 306.4 309.2 311.6 311 306 300.3 294.4 293 290.8 288 284.5 281.9 278.5 278.2 279.3 283.3 285.2
508.1 505.5 503.5 496.1 482.3 472.2 467.4 466 459.2 447.5 433.6 421.1 406.8 394.1 384.8 375.3 366.3 358 349.1 341.6 336.1 330.1 324.3 317.1 312.6 308.8 305.5 302 298.3 292 287.6 283 280.1 278.4 278.1 277.4 277.3 278 276.1 272.4 270.1 266.4 267.5 267.6 270.7 273.1 274.4 274.8 275.7 276.4 278 279.1 279.9 279.4 277.1 280.3 286.3 292.7 296.6 301.5 302.9 297.2 296.6 297.9 298 292.4 290.7 288.8 289.4 288.6 285.8 284.1 283.6 282.7 280.8 276.6 282.2 284.1
502.3 500.6 498.9 491.4 477.2 464.2 457.6 454 447.2 434.9 419.8 405.8 390.7 378.9 369.9 363.6 358.9 352.1 347.7 344.3 339.5 334.2 328.8 323.8 320.2 315.8 312.2 307.9 302.4 296.6 290.2 285.8 282.8 281 280 279.6 279.6 279.3 276.5 273.1 269.8 266.4 268.9 268.6 271 274.3 276.1 276.8 277.8 279.5 280.9 281.8 280.8 279.3 276.6 278.5 286.2 294.5 297.4 296.8 290.9 285 285.3 283 282.3 282.8 281.3 281.8 282.4 282.2 281.1 282.1 284.4 284.8 281.5 271.2 279.6 281.6
498.8 495.3 491.4 479.5 465.5 454.3 443.5 434.9 426.6 412.6 399 387.3 377 368.3 359.3 353.3 348.7 344.5 342 338.1 334.4 334 330 325 320.2 317.5 314.1 309.9 304.2 298.5 293.6 289.9 286.4 283.5 281.5 279.5 278.9 277.6 275.8 273.3 269.9 267.7 268.9 269.5 271.8 275.5 278.4 280.3 281.7 283.1 284.2 284.2 281.9 277.8 273.1 275.5 285.1 290.7 290.6 286.5 277.3 273.3 273.6 274.7 275.6 274.9 274.2 274.5 274.8 274.6 275.5 278.7 282.4 283.8 281.4 276.9 273.8 278.8
494 488.1 484.4 471.9 456.5 447.7 436.9 424.4 410.1 394.8 381.4 370 362.3 355.9 346 341 336.1 330.7 327 325 326 326.2 325.3 322.6 318.8 315.7 312 308.3 305.1 301.1 296 292.3 288.6 285.2 283.7 280.6 277.2 275.5 273.8 272.8 270.6 267.7 267.7 269.4 271.5 275.8 280.1 283 285.5 287.1 288 286.4 281.3 275.8 269.8 270.5 275.5 281.3 279.1 273 267.1 266.1 267.3 268.2 268.8 268.7 269.1 269.6 268.8 268.2 270 274.4 278.1 280 279.6 276.7 266.2 277.2
485.6 478.9 468.9 459.6 450.7 444.3 430.9 417.5 401.7 387.2 375.9 359.2 355.1 358.1 355.6 352.7 349.1 345.4 339.4 331 322.3 316.2 315 315.5 313.1 312 308.5 304.3 301.8 300.1 296.5 294 290.6 285.4 282.9 280.7 278 275.4 272.4 271.2 270.1 268.7 267.8 269.2 272.1 276.9 281.9 286.3 288.9 291.4 291.9 289.5 281.9 275.9 270.7 265.6 266.6 268.3 267.4 263.3 261.8 261.9 262.7 264 264.7 264.2 264.6 265 264.2 262.5 264.8 269.1 272.4 274.8 276.2 275 265.2 274.6
484.7 476 455.9 444.7 436.4 426.5 412.3 398.9 387.6 384.2 380.8 377.3 373.4 367.8 362.1 358.4 354.9 351.9 345.8 338.6 329.6 322.4 316.2 310.4 306.2 305.8 303.9 302.1 298.8 293.6 287.8 285 283.5 281.7 280 278.6 276.8 275.2 273.1 271.4 269.9 269.3 268.9 270.8 275.5 280.4 285.4 289.1 294.3 295.4 296.1 293.6 284.3 277 268.9 265.6 260.8 261.1 260 258.8 258.5 258.5 259.1 259.8 260.2 260.2 260.5 260.7 260.6 258.2 259.6 262.9 266.2 268.6 270.2 267.9 267.8 273.3
485.8 481.1 470.9 459.3 443.1 430 417.8 409.5 404.1 389 396.6 391.1 383.9 377.7 369.6 365.2 361.7 359.2 353.2 345.5 334.8 325.6 318.9 311.9 310.8 306 300.1 295.4 292.6 296.8 297.9 296.4 292.9 287.7 283.2 278.4 275.1 273.3 272.5 272.1 270.4 269.3 271.6 275.7 281.2 287.6 296.8 305.3 303.5 300.9 300.5 293 283.5 276.7 271.9 267.3 262.5 258.9 255.9 255.8 255.8 255.4 256.2 255.6 256.4 256.5 256.7 257.1 256.7 254.9 255.6 257.7 260.4 262.1 260.1 262.4 268.1 272.7
487.7 484.9 481.6 475.4 464.2 452.2 440.8 431.1 424 414.2 416.7 410.9 404 395.3 385.3 376.1 370 364.8 356.5 348.5 338.4 329.4 321.5 320.7 315.4 308.5 305.9 304.3 304.9 305.7 306.1 304.2 300 294.1 288.3 282.6 276.6 273 270.9 270 269.1 271.5 276.6 281.5 292.2 308.5 315.3 313 303.7 296.2 292.5 284.2 279.5 276.4 272.9 267.8 262.7 259.5 256.8 254.2 253.2 252.5 252.7 251.7 252.4 252.4 252.7 253.5 252.9 251.6 252 253.6 255 254.2 259.6 265.8 269.5 272.6
489.1 485.3 482.3 480.6 477.3 470.4 460.1 451.3 443.7 439 433.6 428.1 417.3 406.9 395 384.4 374.2 364.4 355.9 344.8 336.7 333.8 329.5 324.5 318.1 313.9 310.7 310.1 310.9 311.7 310.8 308.5 304.7 300.6 294.7 286.5 280.4 274.4 270.4 267.8 268.9 276 283.4 295.6 314.7 316.6 305.1 302.9 296.9 288.8 282.4 278.8 277.2 274.9 270.9 266.6 261.9 258.7 255 252.9 250.1 248.9 251.1 249 248.2 248.3 248.6 249.1 248.7 247.7 248.3 249.4 252.8 258 260.5 265.8 270.8 274.2
490.1 485.5 481.1 477.6 476.3 474.3 471.1 462.3 451 450.9 444.4 435.4 422.9 409.8 395.9 383.7 374.4 363.3 358.9 353 347.4 340.9 335.9 329.9 324.9 321.6 319.1 318.8 319.2 316.5 314.6 312.7 311.3 308.8 303.3 293.6 285.1 276.9 270.5 267.1 266.1 276.7 298.2 311.7 316.6 307.9 302.8 300.2 295 288 282.7 279.6 277.1 273.7 268.9 265 261.9 260.4 258.5 255.4 252.3 248.4 247 247.3 245 244.4 244.3 244.4 244.5 244.8 248.6 252 255.9 260.3 266.9 269.4 275 280.6
493.3 488.3 482.8 478.7 475.5 473.3 471.1 458.9 464.7 458.2 449.2 436.5 417.6 400 386.1 379.4 374.1 371.8 367.1 361.9 356.2 350.3 345.5 339.9 334.3 331.4 329.9 329.2 328.9 326.2 327.3 324.1 322.4 319.5 313.7 304.4 294 282.5 270.5 266.7 264.8 275.5 293.5 300.2 301.6 294.3 291.8 298.5 295.6 288.7 283.2 280.6 277.7 274.2 270.2 267.1 265.3 263.6 261.3 258.2 254.1 250.8 246.7 243 241.7 241.6 241.3 242 243.6 247.2 251.6 254.9 258.9 265.2 271.9 276.6 283 291.4
496.7 492.2 485.8 479.9 477.1 474.6 473.1 471.9 470.2 461.9 452.6 431.8 409.7 398.3 389.3 384.9 382.7 379.5 375.3 370.1 363.6 358.6 352.5 347.7 343.6 344.3 341.7 340.3 340.3 338.3 338.6 335.9 334.9 331.7 326.1 317.2 304.9 290.5 272.4 265.9 263 264.2 274.3 278.5 280.4 278 279.8 290.4 293.4 288.3 281.9 278.6 277.1 274.1 271.2 269 266.5 264.7 262.3 259 255.5 251.9 247.6 244.1 241.2 238.9 239.6 242.2 245.7 249.9 255.5 260.5 267 273.9 280 285.6 294.6 305.5
495.3 492.7 488.4 483.4 481.7 479 476.9 475.4 472.9 467.4 457.9 440.7 415 419.7 414.3 410.6 405.1 399.1 392 388.1 381.8 374.2 367.4 362.5 358.3 354.4 353.9 354 355.1 356.3 355.5 353.8 350.3 344.7 336.7 326.2 312.6 297 279.3 268.5 263.4 260.5 262.4 265 266.4 268.2 273.9 278.8 286.3 286 279.5 275.9 275.2 274.5 271.8 269.1 265.9 262.5 259.3 256.9 254.5 251.8 247.1 243 240.2 237.7 239.4 243.3 248 253.9 261.9 269.6 276.4 284 291.4 300 309.4 319.4
495.7 494.9 493.5 490.5 487.6 484.7 482.3 480.3 478.3 473 464.2 453 447.3 443.5 440.5 434 426.2 420.7 412.3 406.7 401.3 396.2 390 385.2 381 378.3 375.8 372.3 371.5 369.8 367.8 364.5 359.7 352.8 344 330.9 317.3 300.5 284.2 271 265.3 260.7 258.7 258.6 260.5 262.5 268.3 272.2 276.1 278.7 276.1 272.6 273.7 274.1 271.4 267.7 263.6 258.7 255.4 253.2 252.6 251.5 247.3 242 239.1 235.9 240.5 245.3 252.2 262.9 270.7 278.5 287 295.4 305.2 314.5 323.2 331.8
496.2 496.4 497.2 495.5 492.9 490.2 488 485.5 482 476.1 466.6 464.4 463.8 463.7 459.3 450.2 440.2 433.3 426.2 420.3 416 411.2 406.5 401.3 396.6 392.4 387.2 383.6 380.9 377.8 375.2 372.3 366.2 359.9 350.2 336 316.5 297.8 281 273.9 266.6 262.4 259.4 256.8 256.4 257.9 261.7 265.6 268.9 272.9 270.6 268.7 269.3 270.5 266.3 261.9 258.6 254.4 250.9 248.3 244.7 246.9 246.9 241.9 237.8 233.7 241.6 250 264.3 271.9 279.4 288.4 297.9 307.8 318.1 328 338.6 346.7
497.4 501.5 502.6 499.8 496.6 494.2 491.4 487.2 482.8 480.2 478.1 477.8 477.9 476.6 472.1 460.9 450.7 442.3 437.7 432.3 427.2 422.2 416.7 410.8 405.2 400 395.5 391.8 387.9 384 380.4 376.2 369.3 361.7 352.5 336.4 316.8 301 286.5 276.5 270 264.2 260.2 256.8 254 253.9 255.4 259.6 264.9 266.8 266.5 265.5 263.5 262.2 258.8 255.9 252.9 250.2 246.7 243.9 242.3 241.4 240.6 239.4 236.1 233.7 242.5 258.7 276 282.4 287.8 299.3 309.3 320.4 332.7 342.4 348.5 349
497.9 503.2 503.6 501.2 498.8 496 492.6 490.7 488.9 488.9 489.6 489.9 487.3 485 478.7 468.1 458.5 453.5 447.9 441.2 434.6 428.6 422.8 416.5 409.8 404.3 399.8 396.3 392.9 388.8 383.1 375.9 368.6 360.2 348.7 333.9 317.1 303.7 289.1 279.7 272.3 266.4 261.5 257.4 254.9 252 251.4 253.6 258.4 260.4 261.9 261.4 258.5 256.6 253.7 251 248.4 246.1 243.4 241.3 239.7 238 235.9 235.7 233.8 233.5 239.6 247.5 266.6 290.1 301.2 309.5 321.2 338.9 348.5 345.6 341.6 334.2
491.4 494.4 496.3 496 495.7 495.2 495.3 495.3 495.5 495.6 497.9 498.9 495.2 492 484.2 473.6 465.1 460 452.5 445.3 438.7 432.3 425.9 419.1 412.3 406.4 401.3 396.7 393.1 388.4 381.8 373 362.5 353.3 340 327.4 314.8 302.8 292.4 281.3 274.6 269.1 264.6 260.6 256.8 256 251.3 249.4 250.6 255 257.8 257.9 258.1 255.2 252.4 246.4 246.6 243.1 241.9 241.5 238.3 236.7 235.1 234.4 233 231.1 236.3 243.2 256.3 282 313.6 320.4 322.9 328.7 327.9 325.5 320.5 312.8
476.4 481.1 484.8 487.7 492.1 496.2 498.7 498.7 499.9 501.5 505.1 505.4 500.1 497.4 488.9 479.4 470.6 462.7 454.7 447.3 440.1 434 426.8 419 412.5 406.7 401.1 394.9 387.7 379.8 371.7 363 353.3 343.2 331.1 320.7 310.4 300.2 291.9 282.9 275.3 270.8 266.9 260.7 261 258.6 255.1 252.1 248.2 247.3 251.2 252.6 253.9 253.1 250.2 248.5 245.6 242.8 241.9 241.3 240.2 239.8 236.4 233.8 231.5 229.4 230.2 239.2 249 276.6 297.8 292.1 295.7 300.8 299.7 296.6 295.6 291.6
475.5 459.2 467.2 476 487.4 495.5 499.1 500.8 503.1 506.5 510.2 507.3 501.5 497.4 490.8 480.6 471.5 462.8 454.9 447.3 440 433.4 426.3 418.1 410.1 404.3 397.4 388.8 379.8 370.4 361.1 352.7 343.1 333.7 324.5 315.3 307.2 299 291.9 284 277.4 272.2 267.3 266 265.4 261.9 257.1 253.6 251 248.5 244.4 243.1 244 244.6 243.7 241.5 243.1 243 240.3 238.7 235.6 238.1 232.8 231.2 230 228.6 227.8 227.6 238.8 256.3 266.7 264.9 268.9 274.5 275.4 277 275.9 273.7
488.1 464.7 451.1 464.4 482 493.4 499 501.9 505.9 509.6 508.9 504.1 500.3 496.4 488.9 478.8 469.5 460.9 452.5 445.1 438 430.4 423 413.7 406.9 398.7 390.9 381.5 371.8 362.2 352.4 343.3 335.4 327.2 319 310.7 304 297.6 291.3 285.5 279.7 271.9 271.2 269.4 266.9 263.9 259.5 255.4 252.6 250.1 248.5 246.5 243.4 242.2 240.3 238.3 238.2 237 235.8 234.3 233.1 233.3 232.2 231.6 231.5 231.2 230.1 228.4 227 234 240.8 246.7 249.1 255.4 257.8 258.9 258.4 256.9
484.9 457.2 441.5 457.7 476 491.3 498.7 503.2 506.8 507.3 503.4 500.5 496.4 492.2 484.6 474.7 466.3 457.4 449.4 441.4 433.8 426.2 417 408.1 399.9 391.5 381.7 373.2 363.4 354.1 346.5 338.6 331.4 323 314.6 307.2 301 293.6 287.8 283.6 279.9 277.6 274.1 270.6 268.7 265.5 262 258.1 254.1 251 249.1 246.8 244.2 241.2 242.5 242.1 242.9 242.1 240.7 239.6 238.9 238.4 238.1 235.3 236.3 233.8 232.1 230.7 226.5 226 228.1 230.9 235.6 237.8 241.9 242.6 243.5 245.3
472.5 446.7 434.8 448.3 471.1 489.1 498.4 503.6 505.2 500.8 497.8 494.7 491.1 486.1 478.8 469.1 460.1 452.2 443.8 436.6 428.1 418.8 409.1 400.1 391.1 381.8 372.5 364.9 355.5 348.8 341.8 334.9 327.4 321.5 315.8 309.8 303.6 297.4 291.9 287.7 283.3 278.7 275.8 273.1 270.1 267.1 264.1 260.4 255.6 251.9 248.8 243.3 242.8 248.9 248.3 247.7 247.1 246.3 245.7 244.8 244.2 242.6 240.7 239.5 237.1 236.5 234.2 232.1 231.3 225.7 225.1 224 223.4 230.2 233.7 233.9 233.9 236.6
462.3 435.9 427.4 441.6 461.6 485.3 497.5 502.2 500.4 495.4 491.9 488.9 484.5 479.4 472.2 463.4 455.2 446.6 438.8 430.2 421 409.7 397.8 387.8 379.2 372 365.7 359.6 352.8 346.9 341.5 337.2 333.1 326.3 318.5 312 305.6 299.4 293.8 289.1 285.2 279.6 276.7 273.9 270.3 266.4 262.8 259.4 254.6 250.5 245.3 247.6 253.7 257.7 257.8 256 254.6 254.6 255.3 259.5 257.8 246.5 243.3 239.9 237.6 236.3 235.2 234.1 234 231 228.5 224.8 223.4 222.3 223.3 226.7 226.6 231.8
452.2 428.7 420.7 433.1 451.3 474.1 490.9 496.3 494.4 489.4 485.3 482 476.8 471.7 465.4 457.6 450.3 443 434.5 425.2 414.3 397.6 384 372.6 368 363.4 360 356.2 352.8 347.2 343.8 339.6 334.9 327.1 320.6 314.2 307.8 301.2 296.2 290.9 286.4 281 276.4 273.1 268.9 264.3 260.1 257.1 252.1 248 249.2 262.3 271.7 277.6 281.7 282.3 281.8 281.9 278.7 267.5 258.2 247.8 243.4 240.2 237.4 235 233.8 232.8 231 229.8 228.3 226.6 224.2 223.4 221.5 221.2 221 222
444.9 424.3 412.6 424.8 440.5 460 479.6 487.2 487.3 481.3 477.2 473.5 469 465.2 460.1 453.6 445.7 437.5 429 418.9 406.2 389.9 371.2 363 360.1 357.5 354.3 351.4 348.7 344.1 339.5 335.8 331.7 325.7 320.5 315 308.3 303 297.8 292.5 287.6 281.9 276.3 272.8 268.5 262.8 256.5 253.5 249.5 254.7 270 282.9 292.2 300.1 306.3 309 306.5 300.5 286.3 271.8 257.8 248.3 242.6 239.3 237.7 236.1 235.2 233.6 232.6 231.2 230.3 227.9 225.9 223.5 223.3 221.9 220.2 219.1
