Game/Highland_Data/StreamingAssets/GeoData/Data/so/SO26.asc
ncols 200
nrows 200
xllcorner 320000
yllcorner 260000
cellsize 50
[rows 0 to 34 of 200, columns 78 to 155 of 200]
273.8 269.8 264.7 248.8 260.4 267.2 274.4 280.5 286.6 293.9 308.7 325.8 334 337.3 342.6 352.2 356 360.7 368.7 371 372.8 375.7 374.2 371.3 368.2 365.3 365.3 367.1 365.7 364 362 362.3 363.4 366 367.3 368.1 366.2 365.1 364.2 364.1 363.1 363.5 362.3 360.8 360.5 360.9 360.9 359.8 357.1 354.3 352.5 348.6 344.1 341.9 340.9 339.6 338.7 336.1 333.5 329.9 326.1 322.1 318.9 317 314.2 310.8 305.4 301 298.9 297.4 295.8 293.8 294.6 296 297.4 298.9 303.4 309.7
266.8 262.8 256.2 251.6 266.2 272.6 277.8 283.4 291.8 305 323.3 335 339.1 345.7 353.7 358.7 361.4 369.3 373.7 372.8 374.1 376.5 373.4 368.9 364.5 361.7 363.3 365.3 365.6 365.8 367.4 368.6 371.1 372.2 371.5 371 370.5 368.4 368.2 367.6 368.4 368.4 367.9 366.6 365.4 364.9 363.3 361.4 358.7 356.2 353.8 350.2 346.9 346.3 345 342.7 340.3 337.1 333.5 329.7 325.4 320.9 316.9 313.2 310.5 307.6 304.4 301.4 299.7 298.7 295.8 293.2 296 297.2 296.7 299.7 303.6 310.6
260.4 253.5 246.1 253.5 265.9 272.8 279.3 292 303 320.2 334.6 342 348.4 355.7 360.8 362.9 368.1 371.9 373.2 373.3 374.9 373.2 368.3 365.2 361 359 360.2 360.7 360.8 362.6 364.8 368 373.3 377.2 376.7 376.1 373.5 371.8 372.1 371.8 371.7 372.1 372.7 371.1 369.4 367.1 363.4 361 357.8 355.2 353.7 351.6 350.3 348.8 346.2 343.2 339.6 336.7 333.2 328.4 325.1 322.7 319.6 316.4 312.8 309.1 303.2 300.2 298.4 296.1 294.8 294.5 297 296.2 295.8 297.6 302 310.3
252.7 246.6 241.2 254.6 265.4 275.9 291.4 303.9 316.6 336.1 348.2 355.6 360 365.7 371.4 372.5 372 374.1 376.2 377.4 374.7 367.2 362.7 360 357.1 354.8 355 355.1 356.5 358.2 361.4 365.5 371.1 375.4 377 376.6 375.5 374.7 374 374.8 374.5 376.8 377 375.3 372.2 368.4 363.9 361 358 356.5 354.8 353.9 352.3 350.2 347.7 344.7 341.9 338.5 335.1 331.9 328.4 324.3 320.2 316.7 311.3 306.7 302.5 299.6 296.9 294.6 292.8 293.4 294.4 293.8 293.4 295.6 300.3 308.7
246.4 234.2 247.8 262.6 273.5 286.9 301.2 315.3 332.1 354.7 365.7 370.1 379.1 382.9 381.7 380 378.8 381.1 384.9 380.3 374.1 366.8 360 356.3 354.4 352 351.7 352.2 352.2 356.7 361.6 365.6 370.1 374.6 377.8 379.3 379.8 378.9 378.2 378.2 379.8 381.6 381 378.1 374.1 370 365.1 362.7 360.4 359.5 358.9 357 355.2 353.3 350.6 347.6 344.2 340.5 336.9 333.2 329.6 324.3 319 313 309.9 308.2 305.9 302.5 297.7 293.4 291.8 290.6 292.3 292.3 291.9 294.1 298.3 305.5
236.6 244 259 271.6 280.2 293.5 309.2 327.1 348.5 367.5 375.9 382.8 384.9 383.9 382.7 380.9 382.9 386.2 384.2 378.8 374.6 368.2 360.3 353.8 351.5 348.8 348 347.6 349.2 353.9 359.4 364.4 368.5 373.2 377.2 380.9 382.3 382.4 382.3 383 384.6 385.2 384.7 379.1 375.1 370.8 366.7 364.1 363.5 363.4 362.4 360.9 359.1 356.3 353.2 350.3 346.4 342.8 338.7 335 330.9 324.4 320 317.5 314.3 310.8 306.5 299.2 293.9 291.6 290.6 289.8 291.8 291.3 290.2 292.9 296.2 301.9
239.6 257 271.1 277.7 287.5 300 317.7 337.2 362.5 375.8 381.1 384.1 384.3 383 380.4 385 390 388.7 383.6 378 373.7 368.2 361.1 354.5 350 347 345.3 345 346.3 350.1 355.5 360.7 366.3 371.8 377.3 380.9 383.6 384.8 386 386.8 388.4 388 385.4 379.7 375.2 371.5 368 365.9 365.1 364.3 363.6 363.3 361.4 358.7 355.6 352.3 348.9 344.9 340.3 336.2 332.4 327.9 324 319.9 314.9 309.8 304 299.4 294.6 290.9 288.8 288.8 291 290.1 290 291.9 295.5 299.4
253 267 279.1 284.5 293.4 304 323.5 348.3 372.3 380.6 382.8 382.1 381.9 380 383.1 387.6 391.1 390.7 387.4 380.3 375.3 369.2 361.5 354.4 349.4 346.2 343.5 342.8 343.4 346.8 351.7 356.1 363.3 370.4 376.7 381.4 384.9 386.7 388 389.4 390.5 389.1 384.5 379.9 375.2 371.2 369.1 368.1 367.8 367.5 367.6 366.1 364.4 361.1 358.3 354.9 350.8 346.2 341.9 338.9 335 330 325 319.9 314 308.9 304.2 299 293.6 289.8 288.2 287.4 287.9 286.7 289.1 289.8 293.1 299
255.6 273 282.9 287.4 295.4 310.5 333.1 359.8 379.2 377.3 379.2 377.9 377 377.5 384.2 388.7 391.3 392 391.3 387.5 379.5 371.7 362.8 355 349.6 345.5 342.4 342.1 342.6 344.4 348.2 352.7 357.3 365.5 375 380.5 385.1 387.6 388.8 390.5 391.5 389.9 384 378.6 374.2 370.9 369 369 369.7 370.5 370.2 368.8 366.4 363.9 361.1 357 352.3 347.2 343.4 339.7 335.7 330.7 324.2 318.5 313.4 309.3 303.9 298.7 294.9 291.5 288.7 286.8 284.9 284.6 284.8 288.3 294.7 301.6
262.8 273.5 281.9 287.5 296.9 312.4 336.3 363 371.8 371.5 372.9 373.9 372.6 376.9 385.3 389.5 392.2 392.9 393.9 391.1 383.7 376.4 367.4 356.7 350 346 342.7 341.3 342.7 342.7 345.9 350.1 354.6 359.9 367.9 375.8 381.8 384.8 387.6 389.7 391 389.7 383.5 377.9 373.6 370.4 367.9 367.6 367.8 367.9 368.6 366.9 365 363.4 360.5 356.5 351.9 347.5 343.3 339.3 334.8 328.4 323.5 317.1 313.7 309.6 305.1 299.8 296.3 293.6 289.6 287.5 286.6 285.4 282.1 288 296.8 303.6
259.9 269.5 274.1 284.8 294.1 308.8 332 352.3 356.7 359.5 366.1 368.4 368.7 373.8 384.8 389.9 392.8 393.9 395.6 395 391 384.2 374.9 362.5 352.4 347 344.3 343.1 342.8 342.4 343.8 347.3 350.9 356.2 363.1 369.9 375.4 379.2 382 385.5 388.2 388.4 383.4 376.8 373.2 369.4 365.7 364.3 364.7 364.6 365.2 363.3 362.8 362.1 359.6 356.7 352.2 347.9 343.6 339.6 335.5 330.3 323.8 319.3 315.5 311.6 306.5 301.8 297.7 293.8 290.3 288.5 288.7 286.9 279.8 288.1 298.8 303.8
248.2 260.1 266.3 275.2 285.7 293.8 305.9 328.2 335.7 342.8 352.9 357.7 363.2 370 383.1 390.9 395.5 398.3 399.4 399.3 398 392.8 380.8 370 357.8 350 346.7 345.4 344.5 343.8 342 342.5 345.5 349.6 356.5 362.6 369 373 375.5 378.5 381.8 384.1 381.8 375.2 371 366 361.7 359.9 360.5 361 360.8 359.2 360.1 361 359.8 356.7 352.4 348.2 343.1 339.2 335.2 330.1 324.6 320.5 317 312.4 307.6 301.8 296.5 291.4 289.2 288.5 288.1 285.8 279.8 286.8 297.8 301.1
243.2 248.4 255.9 263.7 270.2 279.4 287.8 300.3 307.9 318.3 325.6 340.2 363.5 376 386.3 392.6 396.1 401.1 402 401.6 399.5 393.5 383.6 372.9 361.3 352.9 349.4 347.6 346.9 346 344.1 341.8 337.6 342.2 344.4 353.4 359.1 362.8 364.2 367.1 372 376.7 376.6 370.9 365.7 360.9 355.7 353.5 354.2 354.6 353.6 354.1 355.5 356.3 355.5 353.3 349.5 345.6 341.7 337.5 333.7 329.4 324.8 320.4 316.1 311.5 305.9 300.3 293.9 289.9 287.1 284.7 284.3 283.5 276.8 284 292.5 299.5
242.4 241.2 249.6 256.2 262.5 268.7 278.3 283.8 296.9 308.2 321.1 343 368.3 380.3 387.9 393.6 398.3 403.3 403.3 402.7 397.4 390.4 382 371.4 361.2 353.1 349.4 346.9 346.9 346.7 344.8 341.8 336.7 337.4 338.2 337.8 337.7 338.7 341.4 344.2 348.1 360.8 366.2 362.7 358 352.9 348.5 345.3 346.8 348 347.7 349.5 351 351.5 349.8 348.8 346.3 343.1 339.2 335.3 331.3 327 322.4 317.9 313.5 309.3 304.1 298.2 291.4 287.8 284.1 281.2 282 281.1 275.1 282.7 292.8 300.8
240.8 242.9 249.8 256.4 263.2 269.8 279.6 290.3 300.6 313.3 332.1 353.5 369 381.6 388.5 394 399.2 403.1 400.7 398 393.6 387.3 380 369.9 361.7 353.2 347.1 344.5 343.4 343.9 343.1 340.3 335.9 329.8 334 332 331.1 330.3 329.1 328.8 327.7 329.7 334.4 338.6 339.7 339 337.3 333.5 339.6 342.5 345.4 349.8 350.7 348.4 346.3 344.7 342.5 340.1 336.8 333.1 329 324.1 319.7 315.2 310.8 306.6 301.7 296.2 290.3 287.5 284.4 281.1 278.9 279.3 273.3 280.8 294.2 305.1
238.9 250.8 261.2 269.4 277.3 284.3 293.5 300.1 316.2 332.3 349.5 367.5 375.2 383.3 388.8 393.2 398.4 398.6 395.4 391.9 386.5 381.4 376.4 369.2 362.6 355 347.3 344.3 341.8 339.4 338.1 336.9 332.6 320.2 328.8 327.6 325.2 323.1 320.7 318.3 316 314.7 315.2 316.3 319.1 322.8 323.2 322.9 330.8 339.2 345.5 350.2 351.2 348.3 345.7 344.1 341.6 338.1 333.4 329.2 325 319.1 314.4 311 307.9 302.9 298.9 293.9 287.7 283.1 279.4 277.4 274 275.3 269.7 280.2 292.5 306.2
237.6 258.9 274.5 280.8 293.7 303.6 318.6 329.2 335 343.9 361.4 373 377.3 384.4 388.9 391.7 393.6 394.5 391.1 387.7 382.6 375.1 369.7 363.7 359.2 353.1 348.9 347.4 342.9 340.4 339 336.9 332.9 328.5 318.3 315.6 315.6 313.2 311.7 308.5 304.9 303.4 303.1 304.6 307.7 311.1 312 312.1 328.7 338.6 344.7 349 350.8 349 348 346.4 343.2 339.2 335.4 332.3 328.4 323.4 318.9 313 306.8 298.8 291 287.3 282.8 278.3 274.3 272.9 270.7 269.7 269.4 281.1 294.4 306.8
240.6 261.6 280.9 292.3 304.3 318.6 337.3 347.8 350.1 360.8 370.4 373 379.3 387.4 391.3 391.3 391.2 390.2 387.3 383.2 378.6 373.2 368.3 363.2 358.2 355.2 355.2 354 353.4 349.9 346.2 342.8 339.5 334.2 329.4 323.3 317.7 312.5 309.3 305.5 300.3 296.4 294.4 292 296.2 300.3 299 311 323.3 336.2 343.3 347.6 350.1 349.6 349.5 349 346.2 341.7 337.9 333.5 329.4 325.4 319.9 314.1 307.4 301.1 296.1 289.2 282.6 276.6 271.3 268.6 265.5 264.1 273.5 283 296 307.6
243.4 261.3 283.9 299.4 314.6 332.3 354.7 364.3 365.3 374.7 374.7 375 380.8 385.4 388 388.2 387.7 387.2 385.2 382 379.5 376.1 372.9 367.8 363.4 363 365.1 367.7 368 367.2 363.7 359 351.7 347.6 344.2 338.3 332.3 326.6 320.8 314.6 307.6 300.4 295 290.1 287.1 289.1 298.2 305.8 316 330 338.9 346 348.9 350.3 351.1 350.7 348.2 344.7 340.3 335.6 330.8 325.5 320.9 315.5 310.8 306.9 297 291.6 284.3 281.4 273 266.8 262.2 267.7 275.7 281.9 290.7 303.2
239.3 260.5 286.5 305.8 324.1 345.2 362.6 367.3 368.7 375.6 376.4 375 374.2 377.1 379.5 381.6 382 384.4 384.1 380.9 378.5 377.5 375.9 371.9 369.7 369.9 373.1 374.4 374.4 372.9 369.7 366.8 363.9 361.8 357.2 353.9 348 342.2 335.8 328.1 318.2 310.6 302.3 294.3 289.4 281.1 291.4 300.2 308.4 322.7 334.5 343.1 346.7 348.5 349.4 349.3 348.1 345.7 341.8 337.2 331.1 325.8 322.6 319.9 316.8 311.8 302 296.1 290.3 286.8 276.4 267.2 258.2 268.5 277.3 280.5 287.4 296
236.8 260 287.8 310.2 332 353.3 368 369.9 370.4 375.7 375.9 375 371.3 368.3 369.5 372 373.6 374.8 379.1 380.9 379 377.3 377.6 375 374.6 375.2 376.6 377.3 378.1 376.4 374.1 371.3 370.4 370.1 366.5 362 359.3 354.6 348.3 339 330.9 322.5 313 303.5 294.6 288.7 279.3 290.9 299.5 312.6 324.9 335.8 343.1 344.4 345.8 345.6 345.8 344.8 341.6 336.5 331.6 328 324.8 321.4 318.1 310.9 303.5 297.8 292.6 286.4 273.7 263.2 261.3 270.6 280.1 291 303.1 309.3
237.3 257.5 285.3 307.6 329.7 352 370.5 373 373.9 376.6 376.7 375.4 371 366.8 363.5 361.5 361.4 362.7 368.6 375.5 379.3 378.8 377.3 375.8 376 376.5 376.1 376.3 377.4 377.3 376.1 375.6 376.2 375.5 372.2 368.4 365 361.7 356.7 349.8 340.6 331.4 321.9 311.5 300.9 292.9 285.8 276.8 289.2 296.7 307.7 319.9 334.3 338.6 340.4 341.7 342.4 341.8 340.2 336.7 333.4 330.4 326.8 323.3 318 310.7 303.2 295.9 291.8 282 267.6 259.2 261.2 277.2 292.5 304.4 314.8 329.1
236.7 252.4 279.6 299.5 315.5 336.1 356.3 375.8 377.4 378 377.4 375 370.7 367.3 364 359.5 350.3 348.6 354.1 358 362.5 365.8 370.4 375 375.8 373.5 370.5 368.8 368.1 369.4 371.8 376.1 378.5 378.3 375.9 372.4 369.1 365.6 362 356.2 345.7 336 325.7 317.1 307.3 297.1 288.8 281.3 274.8 286 297.1 305.6 318.5 332.5 336.1 337.9 339.6 339.9 338.3 335.2 332.1 329.1 325.8 321.1 315.4 308.6 300.5 291.2 285.7 274.2 262 253.5 266 283.8 299.7 312.3 323.2 337.6
239.2 252.4 270.6 286.9 305.5 323.2 342.9 363.7 370.1 372.7 376.3 374.1 370.7 367.5 359.2 348.5 342.7 340.6 339.7 337.4 339.4 343.6 345.7 348.1 353.4 356.9 354.3 352.1 354 356.6 359.3 363.3 368.2 370.2 372.6 373.1 371.5 368.2 365.1 360.4 348.8 339.3 329.5 320.5 310.6 300.9 292.7 287 275.9 274.3 285.3 296.3 306.5 326.5 331.6 335 337.3 337.7 336.7 333.8 330.5 328 325.1 320.9 315.3 307.8 298.4 284 276.9 267.7 258.9 255.8 269.9 289.1 305.9 317.6 328.7 341.2
238.6 250.6 266.4 287 304.6 324.7 340.1 352.8 364.4 364.7 362.7 364.1 359.6 353.1 346.5 335.5 325 316.1 318.7 315.5 318.4 315.1 315.8 316.8 319.4 322.4 323 327.5 330.3 334.9 337.8 342 350.5 360.6 363.5 365.9 367.8 366.9 364.5 360.6 351 342.1 332.2 323.1 313.3 304.1 296.6 290.3 282.4 262.7 274.4 287.2 297 316.5 332.1 333.3 335.7 336.3 335 332.9 329.6 326.9 323.4 318.5 312.6 304.5 291.8 277.4 266.1 258.6 251.9 257.5 269.5 288.9 309.5 323 333 343
232.2 252.9 276.5 296 313 327.1 327.1 333.3 340.8 347.9 353.9 355.7 350.3 344.4 330.1 318 308.6 301.9 299 298.1 297.9 298.5 299.7 299.5 300.4 301.2 303 306.6 309.7 312.2 315.9 322 327.4 334.1 346.7 357.2 361.9 363.3 361.4 357.7 350.7 342.7 334.5 326.7 317.7 306.7 298.4 292 285.2 269 261.3 277.8 290.6 307.4 329.8 333.4 334 335.2 333.5 330.6 327.4 324.2 319.9 314.7 307.2 295.6 281 266.7 260.2 254.2 246.9 258.6 274.1 296.5 313.6 326.9 336.2 343.8
226.7 247.5 275.8 291.5 305.7 316.3 317.6 320.1 329.4 335.8 338.3 335.1 327.9 321.2 313.4 307.3 299 295.5 293.6 292.7 292.7 294 294.8 293.9 293.3 291.7 290 286.7 287.4 289.7 294 300.6 307.6 313.3 322.1 336.1 348.9 355.1 356.5 354.7 350.5 344.3 337.5 329.9 320.2 309.9 301.1 293.4 286.2 276.2 252.7 267.1 283.6 296.8 319.3 327.6 331.5 334.4 334.3 329.9 324.4 318.5 314.2 309.4 301.5 283.7 269.1 259.2 251.6 242.9 251 263.6 282.2 304.9 315.9 327.5 337.3 345.7
221.6 236.2 259.8 281.2 292.1 298.6 306 310.9 318.2 323.2 329.3 328.4 323.3 316.2 308.7 303 297 292.9 290.6 290.3 290.2 290.8 290.1 289.7 288.7 284.5 278.2 274.8 267.4 270.5 273.1 280.6 290.4 296.9 304.3 311.4 326.7 341.3 347.3 347.1 343.9 341.6 339 334 323.1 313.9 304.5 295.1 286.1 275.4 259.7 253.1 272.9 290 309.2 320.8 325.1 329.6 331.3 328.1 323 316.9 309.6 302.1 293.5 277.4 261.9 252.4 242.5 249.2 259.3 271.1 292.6 313.9 318.7 326.6 336.3 346.9
215.2 224 242.1 263.1 279 289.1 296.8 296.9 300.5 311.6 321.8 323.5 322 318.1 314.9 308.1 300.4 294.7 293.5 293.2 293.4 293.9 294.2 293.1 290.5 288.3 287.2 286.7 281.6 274.6 256.2 265.1 273.4 280 287 294.2 301.9 317.9 333.5 335.9 335.4 334.3 334.1 331.2 323.9 315.6 306.2 296.9 287.9 276.7 261.4 246 263.9 281.2 298.3 315.5 319.6 322.1 322.3 321.3 318 312.4 306 297.7 284.7 272.3 258.4 250.1 240.6 253.8 264.4 280.5 304.9 316.4 320.5 326.4 334.6 344.7
208.4 215.4 223.4 242.7 259.4 270.6 285 293.9 286.3 297.6 305 312.8 320 323.7 322.7 317.1 308.9 303.4 302.8 303.3 304.4 305.9 305.9 305.9 303.5 300.4 296.8 292.1 286.8 277.7 260.2 256.8 259.4 260.8 269.1 276.2 285 293.4 311.2 321.8 324.5 324.5 323.5 320.9 316.3 311 305.9 298.6 290.2 279.3 264.3 241.4 256 273.9 288.1 305.7 312.2 315.7 313.9 310.9 308 306 300.9 292.6 280.7 271 257.2 248.9 240.6 254.3 269.8 292.8 308.1 311.6 316.6 323.9 331.3 340.3
201.9 207.9 215.8 224.2 237.7 251.7 264.3 270.3 271.2 277.6 288.1 296.5 305.6 306.6 309.8 312.1 311 309.1 309.6 312.2 314.1 315.5 316.4 318.1 319.8 317.1 311.4 304.3 295 285.6 274.5 253.7 242.6 246.7 250.7 260.2 269.4 276.6 282.5 294.1 303.3 309.1 310.3 309.3 307.2 305.3 301.4 297 290.8 282.3 268.6 245 246.8 268.2 283 298.1 303.6 306.2 306.4 305 304 300.1 295 290.7 284.7 271.8 254.9 243.5 235.3 249.7 264.9 286.3 298.7 302.8 310.2 316.8 326.3 334.1
196 197.7 205.2 214.8 221.9 231.7 244.5 251.8 259 262.1 271.7 282.3 288.3 293.3 297.3 300.1 302 304.7 309.5 314 318.6 321.3 323.4 325.4 327.3 327.3 324.5 319.2 310.6 300.2 286.2 273.3 260.1 245.5 237 244.8 253.7 258.8 264.4 270.3 277.2 283.4 289 293.2 295.8 296 293.7 290.7 286.3 278.5 269.2 247.1 237.8 255.8 275.5 289.7 302 301.5 302.4 305.3 308 308.1 305 299.1 289.5 276.4 256.8 243.6 236.8 242.7 254.6 270.8 284.8 291.5 299.8 301.2 308.7 317.9
193.6 193.6 195.9 202.3 209.8 215.3 223.8 233.6 241.7 249.2 258.5 268.9 274.8 280.9 287.3 291.9 295.6 299.7 305.1 310.5 315.5 319.6 322.6 325.5 328.6 331.2 330.8 329.2 324 312.8 300.5 287.6 275.6 259.7 241.6 231.6 238.9 244.1 250 254 258.6 266 273.7 279.3 282.7 285.1 283.9 281.2 276.7 271.4 263.8 248.5 230 246.3 263.4 280.6 299.8 300.5 301.6 305.8 311.1 308.2 304.7 298.4 286.1 271.9 257.2 242.8 236.7 236.5 244.7 255.6 266 278 285.5 288.8 288.1 291
193.3 192.8 192.6 194.5 197.9 203.2 210.5 218.8 228.4 236.9 246.3 255.1 263.6 270.1 276.5 281.6 286.4 291.5 297.8 303.1 309.5 314.4 318.4 321.8 325 327.8 329.7 330.2 328.2 318.6 305 290.9 277.3 265.4 252.3 233.4 229.2 226.5 233.7 240.1 246.2 253.8 261.3 267 271.4 273.4 274 272.4 270 267 262.5 254.5 233.2 237.9 255.4 273.5 290.2 297.7 301.1 304.6 309.5 306 300.4 290.2 276.7 261.3 252.8 242.6 239.7 230.9 238 243.2 257 264.8 274.4 277 270.1 273.7
193.1 192.6 192.2 192 192.3 196 203.1 209.2 215.6 223.2 234.4 245.1 254.6 261 265.2 269.8 274.9 281 288.3 295 302 306.8 311.2 315.6 319 322.2 325 326.1 325.1 315.6 302 287.5 271 256.3 245.5 237.6 228.4 219.6 222.2 227.6 233.4 240.7 249 256.4 260.9 263.6 265.7 266 265.1 262.4 258.4 252.8 235.7 229.1 246.2 269.5 286.4 296.3 299.9 301.9 301.8 302.1 299 288 273.7 261.6 252.7 247.1 245.1 241.1 233 235.5 241.9 249.1 259.2 265.4 262.3 269.9
