Game/Highland_Data/StreamingAssets/GeoData/Data/so/SO36.asc
ncols 200
nrows 200
xllcorner 330000
yllcorner 260000
cellsize 50
[rows 105 to 139 of 200, columns 78 to 155 of 200]
151.5 150.5 148.5 147.7 145.4 143.9 142.7 141.9 141.6 141.7 143.9 146.7 149.8 153.2 154.1 154.3 153.6 149.1 148.7 147.7 146.8 146.8 149 153.4 159.2 166.2 169.4 171.2 174.6 175.6 173.4 170.7 168 165.5 162.9 159.6 156 151 146.2 141.7 140.5 151.6 152.5 149.5 146.1 143.2 138.6 127.7 129.1 127.9 126.2 125.1 123.4 126.7 134.5 150.3 152.7 156.1 163.5 169.2 178.3 187.2 196 201.2 204.8 207.7 209.7 209.2 207.9 203.6 196.1 180.3 172.5 177.3 184.9 191.4 200.6 212.9
146.8 145.9 145.5 144.7 144.1 143 141.6 141.1 140.7 140.3 141 143.5 146.4 147.9 147.4 146.4 145.2 142.9 142.6 142.4 142.7 143.3 146.4 150.6 155.9 160.5 162.6 166.4 170.5 170.7 168.8 166.7 165.2 164.3 162.5 159.9 156.4 150.3 143.9 139.6 136.8 143.8 144.9 140.5 138.5 133.2 128.2 126.9 126.4 126 125.4 129.2 136.3 147.4 154.9 157 159.6 164.2 170.6 179.8 189 196.4 202.2 208 210.9 212.8 214.3 213.7 211.1 204.3 198.5 190.5 178.1 187.5 195 206.3 220.3 226.8
141.8 141.7 141.8 141.1 141.4 140.7 140.3 140 139.6 139.1 138.6 140.1 140.9 141.3 140.7 140 139.7 138.9 138.8 138.6 139.3 140.2 143.8 148.7 153.2 154.3 156.4 161.3 163.7 162.9 161.7 161.9 161.2 161.2 160.6 158.4 155.2 148.6 142.1 138.1 135.1 133.9 131 134.2 131.7 127.9 126.5 125.9 124 128.4 136 141.3 150.1 159.9 160.5 164 167.6 171.9 180.4 188.7 195.3 201.3 207.5 213.7 216.6 218.1 218.7 217.1 214.3 209.7 207.1 202.8 186 190.9 206.7 227 231.9 236.3
139.7 138.8 138.7 138.7 138.6 138.7 138.8 138.5 138.1 137.7 137.5 137.3 137.6 137.6 137.3 137 136.7 136.5 136.1 136.6 137.3 138.1 140.5 144.7 148.6 149.3 150.8 153 153.3 153.6 154.6 155.3 156.6 157.3 157.3 156.2 153.7 147.5 140.9 137.3 133.6 132.1 130.7 130 128 126.6 125.9 124 129 138.7 150.3 157.9 162.1 163.1 165.3 169.9 173.9 179.5 186.8 193.7 198.8 204.7 211.8 218.7 221.3 222 221.6 219.7 217.8 215.7 214.4 212.4 198.3 195 210.9 234.2 238.5 240.8
137.8 137 136.8 137 136.9 137.2 137.1 137 136.6 136.3 135.9 135.5 135.6 135.8 135.8 135.6 135.4 135 134.8 135.2 135.8 136.1 136.9 138.9 140.6 142.3 143.7 144.5 144.8 145.9 147.3 149.4 151.9 153.1 152.7 152.2 149.7 145.3 139.5 134.3 129.8 129.9 128.7 128.2 127.1 126.5 124.2 128.4 137 152.3 163 169 168.5 167.6 168.8 171.7 177.4 183.4 190.2 196 201.3 207 214.8 221.5 223.5 222.8 223.3 223.7 222.5 221.9 221.5 221.5 213.7 202.2 214.5 238.1 242.6 243.6
135.7 135.8 135.8 135.7 135.4 134.8 134.4 134.5 134.4 135 134.5 134.3 134.2 134.6 135.4 135.3 134.7 134 134 134 134.4 134.8 135.2 135.3 135.5 135.8 136.4 135.8 137.5 139.8 142.2 144.6 146.7 148.1 147.4 146.3 144.1 140.4 135.5 130.8 130.2 129.8 128.7 127.5 126.7 126.4 126.2 131.9 145.6 160.9 171 170.5 170.1 169.4 169.9 172.9 178 184.2 190.5 195.3 201.4 208.1 216 221.6 222.8 224.2 225.1 225.9 226.7 227.8 229 230 228.3 212.6 216.7 234 245.1 241.9
134.2 135.3 135.3 135 134.6 132.9 133.9 133.7 133.3 133.4 133.8 133.5 133.2 133.5 134.7 134.7 134 133.3 133.4 133.4 133.7 134.1 134 134 134.1 134.4 133.4 133.5 133.8 133.9 136.8 139.1 140.1 141.3 142.4 141.7 139 135.8 133.4 131.1 129.5 128.6 126.9 127.2 126.6 126.5 127.4 134.7 149.2 161.5 166.7 167.4 167.6 168.2 169.1 172.6 177.8 183.4 188.5 194.2 200.1 207 213.3 217.3 220.8 222.9 225.3 228 230.5 234.4 235.8 236.9 237.1 228.6 222 230 237.6 234.3
135.6 135.5 134.8 134.7 134.6 134.2 134.1 133.9 132.7 132.4 133.2 133.3 133.3 133.5 134 133.9 133.5 132.8 132.9 133 133.3 133.5 132.9 132.7 132.7 133.2 132.5 132.5 132.6 133.3 133.4 133.6 134.3 135 136.1 136.1 133.5 132.1 130.7 129.8 128.8 128.2 127.6 127.4 126.8 126.5 126.8 131.8 147 157.8 161.1 161.9 162.4 164.5 167.6 171.4 175 179.9 184.3 190.2 196 201.6 206.4 210.9 214.2 214.3 222.2 227.4 233.1 238.9 242.6 243.6 242.9 239.6 237.7 240.6 244.2 244.1
135.6 135.2 134.7 134.8 134.5 134.2 134.3 134.3 134.2 133.6 133.3 133.7 133.7 133.6 133.4 133.2 133.1 132.9 132.9 132.9 133.2 133.1 132.5 131.9 131.5 132 131.6 131.5 131.3 132.1 131.8 131.8 132.1 132 131.8 131.3 130.6 130.2 129.7 129.1 129 128.7 127.4 127.1 126.8 126.6 126.6 127.1 144.2 151.8 154.3 156 157.9 161.8 165.8 169.4 172.6 174.6 177.8 182.5 187.8 192.7 197.5 201.7 201.3 201 209.3 213.4 221.4 226.3 230.9 236.6 239 240.6 245.2 249.9 253.1 253.5
135.2 134.8 134.6 134.7 134.5 134.2 134.1 134.1 133.6 133.5 133.5 132.2 132.8 133.1 133.2 133 132.8 132.8 132.9 132.9 133 133 132.3 131.5 131 131.3 131.1 130.9 131 131.5 131.2 130.9 130.8 130.7 130.6 130.5 130.1 129.7 129.2 128.8 128.7 128.3 127.5 127.4 127.1 126.5 126.3 126.9 140.7 144.6 147.1 149.7 153.4 158.5 164 167.2 167.7 168.4 170.6 174 177.9 181.6 186.5 191.1 187.3 187.9 191.7 195.5 200.2 206.8 209.6 215.7 221.6 231.4 241.7 254.9 261.9 266.1
135.1 134.6 134.5 134.5 134.3 134.2 134.2 134.2 134 133.3 133.3 132.3 132.2 130.8 132.4 132.7 132.6 132.6 132.6 132.7 132.8 132.8 131.9 131 130.4 131.1 131 131 131 131.1 130.9 130.7 130.6 130.5 130.5 130.5 130.6 130.3 129.6 128.7 128.4 128 127.9 127.8 127.5 127 126.3 126.3 128.9 137.5 140.4 144.6 148.7 153.7 159.1 162.7 161.2 160.8 161.8 161 163.4 166.9 171.1 177.3 174.2 173.9 174.8 177.4 181 186 194.3 207.5 225.8 241.4 257.8 271.9 278.8 282.5
135.3 134.9 134.6 134.3 134.2 134.3 134.4 134.4 134.1 133.8 133.2 132.7 133 132.3 131.9 131.7 132.3 132.4 132.4 132.5 132.6 132.6 131.9 131.3 131.2 131 131.1 131.1 131.1 131 130.7 130.5 130.4 130.3 130.3 130.3 130.4 130.6 129.2 128.9 128.9 128.6 128.3 127.8 127.5 127.4 127.1 126.5 127.3 130.8 135.9 140.2 144 147.9 152.2 154.9 153.7 152.9 151.9 151.5 155.8 154.2 161.9 166.8 168.8 167.9 169.7 172.2 177.1 185.9 205.6 225.6 245 263.6 279.1 290.9 295.3 296
135.3 135.2 134.8 134.5 134.3 134.6 134.7 134.4 134.3 134.1 133.6 133 133.1 132.8 133.1 132.9 132.2 132.3 132.3 132.3 132 132.2 132.4 131.5 130.8 131 131.1 131.2 131.1 130.9 130.6 130.4 130.2 130.1 130.1 130 129.8 129.7 129.2 129 128.8 128.8 128.2 127.7 127.5 127.5 127.4 127.1 127.1 126 132.4 135.2 137.9 141.3 144.7 147 147.7 146.8 145.8 146.1 148.7 150.2 156.3 164 164.6 167.4 170.7 173.4 184.6 202.1 223.8 246.7 266.5 285.4 297.5 300.6 301.3 301.8
134.5 134.5 134.8 134.6 134.1 134.1 134 134.4 134.6 134.3 133.8 133.4 133 132.7 132.7 132.4 132.4 132.1 132 132.6 131.8 131.8 132.2 131.7 131.3 131.1 131 131.1 130.7 130.5 130.2 129.9 129.9 129.8 129.8 129.5 129.1 129.2 129.1 128.6 128.3 128.9 128.2 127.7 127.5 127.4 127.4 127.4 127.2 126 129.8 133.2 133.7 137 140.2 142.5 143.5 142.8 142.8 144.8 147.1 148.1 153.5 158 162.3 167.6 172.6 181.2 198.5 220.4 243.7 266.8 287.3 295.2 299.4 301.2 302.1 303.3
134.5 134.4 134.6 134.6 134.1 134.6 134.1 134.4 134.6 134.3 133.4 133.3 132.7 132.4 132.3 132.2 132.3 132.6 132.7 131.4 132.1 131.5 132 131.5 131.2 131 130.9 130.4 130 129.7 129.6 129.7 129.7 129.6 129.5 129 128.8 129.1 129.3 128.8 128.3 128.6 128.2 127.6 127.4 127.5 127.5 126 127.6 127.3 126.7 130.1 132.9 135.7 137.9 139.8 140.6 140.6 141.2 143.1 144.8 146.6 149.3 157.4 165.2 170.3 177.7 192.1 210.8 235 261.4 278.8 289 295 296.9 298.6 300.4 301.7
135.4 135.1 134.9 134.6 134.1 134.6 134.4 133.9 133.5 133.7 133.4 133.2 132.7 132.3 132.4 132.1 132.3 132.9 132.1 131.7 131.7 131.9 132.1 131.4 131.4 131.3 130.8 130.3 129.7 129.5 129.5 129.6 129.4 129.1 128.8 128.7 128.4 128.8 129.1 128.7 128.5 128.3 127.9 127.7 127.6 127.5 126 127.7 127.5 126.8 127.6 129.9 132.1 134.7 136.9 138.1 137.7 138.7 140.2 141.8 142.7 145.5 146.2 155.6 162.8 171.1 180 197.6 221 246 268.8 279.7 287.2 289.8 291.9 294.1 295.2 296.4
135.6 135 134.7 134.4 134.8 134.6 134.6 134.1 134.2 133.5 133.5 133.4 132.6 131.8 132 131.9 132.2 131.6 131.6 131.6 131.6 131.7 131.4 131.4 131.7 131.6 131.1 130.8 130.5 129.7 129.9 130.2 129.9 129.7 129.8 129.1 128.7 128.3 128.5 128.6 128.5 128.3 128.2 128 127.8 126.4 127.3 127.3 127.3 127.1 128.4 129.9 131.8 133.7 135.3 136.4 137.4 138.3 139.2 140.6 142.4 143.8 144.9 153.9 161.6 169.5 181.8 204.6 228.4 255.3 270.3 278.9 281.6 283 285.7 287.1 287.4 288.4
136.3 135.5 135.1 134.4 134.8 134.9 134.7 134.1 134 133.8 133.5 133.3 132.7 132.7 132.5 132.6 132.4 131.9 131.5 131.4 131.4 130.8 130.5 130.9 131.9 131.6 131.3 130.8 130.8 130.1 130.3 131 130.4 131 129.5 128.6 128.9 129.1 129.1 128.7 128.6 128.5 128.4 126.9 128.2 126.4 127.2 127.3 127.4 127.7 128.7 129.9 131.7 133.3 134.8 136.1 136.6 136.5 137.4 139 141.8 143.4 144 152.3 159.9 171.3 189.7 213.5 237.5 260.5 271.2 273.9 274.5 275.8 278.2 279 278.4 277.5
136.8 136.6 136 135.4 134.6 135.1 134.8 134.7 134.5 133.8 133.5 133.2 132.7 132.8 132.6 132.4 132.2 131.8 131.5 131.3 131.1 131 131.6 130.5 132 131.7 131.3 131.3 131.2 130.5 130.3 131.1 130.5 130.2 130.5 128.6 129.1 129.6 129.6 128.6 128.5 128.6 128.5 128.4 127 127.7 127.3 127.4 127.6 127.8 128.8 129.7 131.4 133.5 135 134.8 134.6 134.4 135.5 137.2 138.6 139.9 142.6 151.1 161 174.6 199.8 224 248.1 261.2 266.1 266.7 267.5 268 269.9 270.8 269 264.9
137.1 136.9 136.3 135.8 135.6 135.4 134.9 135.4 134.7 133.8 133.5 133.2 133 132.9 132.8 132.4 132.1 132 131.7 131.2 131 130.8 131.1 131.6 131.4 131.1 131.1 131 130.8 130.4 130 130.1 128.1 129.7 130.4 129.4 129.5 129.2 129.5 128.7 128.5 128.6 128.5 128.4 126.9 128.1 127.1 127.4 127.7 127.9 128.6 129.4 130.2 132 133 132.9 132.7 132.6 133.7 135 136.9 138.5 141.9 150.6 161.9 185.2 209.7 233.9 248.6 255.4 256.8 258.1 259.1 259.9 261.3 261.8 258.7 253.2
137.1 136.5 135.7 135.8 135.8 135.3 134.9 135 134.5 133.7 133.3 133 133.3 133.2 133 132.7 132.3 132 131.7 131.3 131 130.8 131.1 131 130.4 129.5 130.4 130.5 130.3 128.4 129.9 129.4 129.7 129.3 127.8 127.8 129.3 129.5 129.5 129 127.2 127.2 127.1 128.4 128.4 128.1 127.4 127.3 127.6 127.9 128.5 129.2 130 130.6 131.3 131.5 131.6 132 133 134.1 135.9 137.9 141.7 151.6 165.9 191.5 215.8 233 242.9 246.6 248 249.5 250.6 251.8 253 253.1 247.4 242.5
136.7 136.4 136.6 135.9 134.9 135.4 134.9 134.6 134.3 133.7 133.2 133 133.4 133.2 132.7 132.4 132 131.5 131.4 131.3 131 131 131.2 131.3 131.3 131 130.8 130.1 130 130.2 130.3 130 130.6 127.8 129.8 129.6 129.3 129.3 129.4 128.8 128.8 128.7 128.7 128.5 128.3 128.1 127.7 127.3 127.6 127.9 128.3 129 129.5 130.2 130.7 130.7 130.7 131.4 132.5 133.5 134.9 138.1 142.4 152.1 166.4 190.7 213.9 225.9 232.3 235.6 239.7 241.5 243.2 244.5 246.4 246.5 239.5 233.3
136.6 136.2 136 135.4 134.8 134.7 134.4 134.2 133.9 133.3 133 132.9 133 132.8 132.7 132.3 131.7 131.4 131.6 131.4 131.5 131 131.1 131.1 129.5 130.3 130.8 130.3 130.2 131.7 130.6 130.2 130.7 130 129.7 129.5 129.7 129.5 128.8 129.1 128.8 128.6 128.6 128.4 128.2 128 127.6 127.4 127.5 127.8 128 128.5 129.1 129.8 130.3 130.5 130.8 131.6 132.3 133.1 134.7 137.4 142.1 150.4 161.4 183.5 201.8 215.3 220.7 225.5 228.9 230 231.8 240.3 242.5 242.4 235.3 224.1
136.8 136.1 135.9 135.8 135.5 135.7 134.8 134 133.3 133.3 132.8 132.9 133.2 132.7 132.8 132.6 131.5 131.4 131.7 131.5 129.9 131.3 131.5 131.6 131.2 130.5 130.5 130.5 130.5 130.5 130.5 130.4 130.9 130.2 129.7 129.4 129.4 128.9 128.5 128.9 128.6 128.4 128.4 128.4 128.2 128 127.6 127.4 127.4 127.5 127.7 128.1 128.6 129.3 130.1 130.7 131 131.9 132.6 133.3 134.9 137.1 139.9 147.6 154.5 169.5 183.3 193.1 200.4 202.8 206.1 216.7 232.2 237.6 239.3 239 233.7 218.6
136.8 136.1 135.7 135.3 134.9 135.2 134.9 134.8 134.2 133.5 133.1 132.2 132.6 132.4 132.7 132.5 130.8 131.8 131.6 131.4 131.5 131.4 131 131 131.3 130.7 130.7 130.6 130.3 130.4 130.5 130.5 130.9 130.9 130.2 129.6 129.1 128.5 128.3 128.8 128.5 128.3 128.3 128.2 128.1 127.9 127.6 127.4 127.5 127.2 127.3 127.7 128.2 128.8 129.6 130.4 131.2 132.1 132.8 133.7 134.8 136.6 138.3 143.1 149.6 156.5 167.8 176.7 182.9 185.2 206 222.5 229.7 234.1 236 235.8 230.6 215
136.2 135.9 135.7 134.8 134.4 134.5 134.4 134.3 133.8 133.2 133.1 132.5 132.4 132.2 132.3 132.2 132 131.2 131.6 131.3 131.3 131.4 131.2 130.4 130.7 130.8 130.8 130.8 130.3 130.4 130.5 130.7 130.8 131 130.4 129.8 129.2 128.8 128.5 128.7 128.5 128.9 128.8 129 128.8 128 127.7 127.5 127.4 127.3 127.2 127.3 127.8 128.1 128.9 129.5 130.6 131.6 132.9 133.7 134.4 135.7 137.3 140.3 145.2 151.6 159 165.3 173.4 193 209 216.8 223.6 229.2 231.1 231.4 228.9 215.5
135.4 135.4 135.3 135 134.3 134.3 134.1 133.8 133.5 133.5 132.9 131.4 131.3 131.3 132.6 132.4 132 131.4 131.6 131.4 131.3 131.5 131.2 130.9 131 130.5 130.7 130.9 130.7 130.7 130.6 130.8 131 130.6 130.2 129.5 129.1 129 128.8 128.7 129.1 129.2 129 128.8 128.7 128.1 127.8 127.6 127.5 127.4 127.3 127.3 127.3 127.7 128.1 128.4 129.9 131.2 132.6 133.4 134.1 135.1 136.5 138.5 143 148.7 154.1 160.4 173.1 194.8 203.2 211.5 218.7 223.5 225.4 226.4 225.1 215.2
135 134.8 134.8 135 134.7 134.2 133.9 133.6 133.3 133.5 133.3 133.3 132.6 133.2 132.8 132.2 132.4 132.1 131.9 131.7 131.4 131.5 131.7 131.5 131.1 130.2 130.5 130.8 131.1 130.9 130.7 130.8 130.7 129.9 129.4 129.3 129.3 129.1 128.7 127.9 128.3 128.6 128.5 128.4 128.4 128.2 127.9 127.7 127.6 127.5 127.4 127.4 127.4 127.4 127.9 128.2 129.6 131 132.2 133.2 133.9 134.7 135.4 138.9 142.8 146.5 150.7 157 169.1 188.6 198 206.7 213.8 217.6 219 220.8 219.4 210.9
134.7 134.4 134.2 134.8 135.1 134.3 133.5 132.6 133.5 133.5 133.3 133.5 133 133 132.9 132.1 132.6 132.3 132.1 131.8 131.4 131.5 131.7 131.2 131 130.6 130.8 130.3 130.6 130.7 130.7 130.6 130.3 129.2 129 129.2 129.2 129.2 128.6 127.9 128.1 128.4 128.4 128.3 128.4 128.2 128 127.8 127.7 127.6 127.5 127.5 127.5 127.4 127.7 128.1 129.5 131 132.4 133 134.2 135.2 135.6 139.4 141.5 144.9 148.8 155 163.4 180.3 193.2 201.8 208.1 211.2 212.6 213.1 213 207.8
134.9 134.7 134.2 134.3 134.5 133.9 132.8 133.5 133.3 132.9 132.7 133.2 133 132.5 132.9 132.8 132.7 132.4 132.1 132 131.5 131.6 131.2 130.6 130.9 131 131 130.2 130.1 130.2 130.2 129.6 129.1 129 128.7 129 129.1 128.9 128.7 128.1 128.5 128.3 128.2 128.2 128.4 128.2 128.4 128 127.8 127.7 127.7 127.7 127.6 127.5 127.6 128.5 130.1 131.8 133.2 134.4 135.4 136.4 137.9 139.5 141.5 143.6 148.1 153.4 161.2 173 187.6 196 201.9 204.5 205.6 206.4 206.5 204.5
134.5 134.6 134.3 134 134.4 134.1 133.9 131.7 133.7 133.7 133.6 133.7 133.4 133.1 132.9 132.7 132.7 132.3 132.3 132.2 131.7 131.4 130.9 131.1 131.1 131.2 131.4 131 130.4 129.8 129.8 128.9 129.4 130.2 130 129.7 129.9 129.6 129 128.4 128.3 128.2 128 128.2 128.4 128.6 128.8 128.7 128.8 128.5 128.3 128 128 128.1 128.4 129.5 131.5 133 134.6 135.9 136.9 137.7 138.3 139.3 140.7 143.6 148 153.3 159.4 168.2 181.7 190.6 195.5 197.7 198.2 199.2 199.9 202.2
134.8 134.6 134.7 134.6 134.6 134.5 134 133.9 134.1 134.1 134.2 134 133.6 133.4 132.9 132.7 132.7 132.7 132.4 132.3 132 131.8 131.6 131.6 131.5 131.5 131.8 132.1 131.5 131.3 130.5 130.4 131.1 132 132.1 131.7 132 131.1 130.2 129.3 128.9 128.9 128.9 129.1 129.2 129.2 129.6 130.5 130.3 130.4 130.4 130.1 130.5 130.8 131.4 132.7 134.6 135.6 136.6 137.5 138.1 138.5 138.9 139.5 140.2 143.7 148.1 152.7 156.6 166.9 177.6 185.8 190.1 192.1 191.1 192.2 194.8 196
134.4 134.3 134.6 134.7 134.6 134.2 133.7 134.1 134.3 134.4 134.6 134.4 133 133.6 133.1 132.7 133 133.3 133.3 132.6 132.8 133.9 133 133.4 133.8 134.7 134.2 134.1 133.5 133 133 133.1 133.3 133.9 134.2 134.3 133.9 132.5 131.2 130.6 130 130 130 130.1 130.2 130.4 131 132 132.6 132.9 133.5 134.3 135.6 137 136.8 136.6 137.5 138.4 138.8 139.3 139.7 140 140.3 140.2 140.9 144.1 148.4 152.4 155.2 165.3 174 180.9 185 185.9 185 187.2 189.9 190.7
134.4 134.5 134.5 134.3 133.5 131.7 134.8 135.5 136.3 136 135.2 134.4 133.3 133.5 133.6 134.3 135.3 134.9 134.7 134.8 135.6 137.2 137.8 139.1 140.4 141.7 142.5 144 144.2 144.6 141.6 140.8 139.5 138.6 136.2 136.3 135 133.3 131.7 131.3 131.5 131.7 131.5 132.5 133.5 133.5 134.1 135.3 135 135.8 137.2 138.5 140.5 141.3 141.5 141.9 141.9 142 141.9 141.8 141.7 142.3 142.6 141.8 141.8 144.7 149.6 153 156.1 162 171.2 177.5 181.2 181.1 179.9 183.3 185.8 186.3
134.5 134.8 134.9 131.7 135.1 136 136.7 138.2 138.4 138.1 137.5 137.8 137.5 138.6 137.7 138.5 139.4 139.6 141 141.4 143.5 147.1 147.5 154.5 157.6 161.2 163.9 166.1 165.5 163.4 160.1 154.1 150.2 144.6 138.3 137 135.8 134.2 132.7 132.6 133.5 133.7 134.2 135.6 139.2 144.3 148.4 150.3 151 152.5 153.7 156.5 157.9 161.5 157.3 156.1 154.3 151.6 149.6 146.7 145.7 145.5 145.1 144.3 143.3 145.7 152.1 155 157 162.6 169.8 174.5 176.4 176.8 176.6 180.1 182.2 183
