Game/Highland_Data/StreamingAssets/GeoData/Data/so/SO38.asc
ncols 200
nrows 200
xllcorner 330000
yllcorner 280000
cellsize 50
[rows 70 to 104 of 200, columns 78 to 155 of 200]
223.1 212.5 234.8 240.8 241.4 237.5 233.4 229.1 222.5 218.1 214.6 210.1 207.5 204.1 200.1 196.7 193.1 189.9 190.5 187.5 184.4 183 184 180 180.1 189.1 193.4 195.7 197.4 198.5 200.5 201.6 204 206 206.9 208.8 209.9 210.2 209.5 208 205.8 203.2 199.9 196.4 191.9 186.5 180.4 175.4 172.2 169.6 167.2 164.3 163.6 165.5 165.2 163.5 162.3 162.7 165 167.4 170.2 173.1 176.9 185.4 200.4 210 216.1 220.9 220.9 216.6 212.7 211.1 212.9 208.6 202.7 208.7 221.4 234
204.7 207.8 229.2 240.2 240.8 236.7 233.1 229 224.4 219.2 214.4 209.5 203.2 197.7 194 190 187.4 185.4 184.8 183.4 181.7 179.5 181.9 176.4 179.2 185.2 188.3 189.6 191 192.2 192.5 193.1 195.1 197.9 199.8 201.6 202.8 204.2 204.3 203.6 201.7 199.8 197.1 194.5 191.2 186 181.1 175.9 171.5 168.5 166.1 164.3 162.5 162.7 162.3 162.8 164.3 166.5 170.1 175.3 178.4 180.4 182 185.4 201.2 212.3 219.1 224.7 227.5 226.9 224.4 224.1 226.1 220 207.4 213.3 227.7 248.7
196.1 212.6 232.7 238.6 239.8 237.7 234.5 230.5 226.1 221.6 217 211.3 206.3 201.2 197.2 193.2 188.8 183.6 180.1 178.1 178.5 177.1 177 172.9 176.3 179.7 182 183.6 185.2 187 186.5 186.3 188.1 189.9 191.8 194.4 196.3 197.6 198.8 198.8 198.8 197.3 195.3 192.9 189.6 184.5 181.3 176.8 172.3 169 167.6 166.6 163.4 161.9 161.5 171.5 175.1 180.5 184.6 189 192.9 195 195.7 191.9 190.9 203.4 212 218.2 224.7 228.8 230.4 232.1 234.1 233 220.7 215.1 230.3 259.4
192.5 211.9 225.5 233.9 237.9 238.7 236.4 234.1 228.5 222.7 216.9 211.6 206.5 201.9 197.9 194.1 189.8 184.5 180.4 177 175 172.3 172.4 170.3 172.5 175.5 177 177.9 179.8 181.2 182.2 183.2 183.9 184.6 186 187.5 189.7 191.1 193.1 194.7 195.7 194.5 193.6 191.6 188.7 185.6 180.8 177.8 173.6 169.6 169.1 168.6 164.2 161 167.6 179.3 186.9 192.6 197.9 203 206.4 208.3 208.3 205.6 202.9 203.6 205.8 214.6 222.4 229.6 235.8 238.6 242.9 247.3 241.3 231.3 225.5 251
191.3 207.2 215.4 223.7 230.4 234.2 236.8 233.1 226.5 220.6 215 210.8 206.6 201.6 196.9 192.8 187.8 183.6 180.2 177.7 174 171.9 168.4 168.1 169.4 171.1 171.8 173.2 174.6 175.6 176.6 177.2 177.8 178.8 179.9 181.4 182.5 184.2 186.4 188.1 189.9 190.9 190.9 189.8 187.9 184.9 181 176.5 173 170.7 169.7 167.4 162.9 162.7 178.1 184.6 191.2 197.6 203.3 208.1 211.9 213.6 214.6 215.2 217.3 219.4 220.2 225.3 229.3 234.7 240.8 248 254.6 260.8 262.8 253.7 244.3 237.2
188 197.5 203.4 210 217.5 220.3 222.1 219.6 215 212 209 206.2 203.3 200.8 196.6 191.8 187.6 182.1 178.3 175.5 173.1 170.9 168.5 166.2 167 167.7 168.6 169.3 170.5 171.6 171.8 172.1 172.9 174.3 175.3 176 177 178.8 180.9 182.7 184.4 186.3 187.1 187.3 186.2 184 180.2 175.6 172.3 169.3 168.9 166.8 160.2 169.7 178.8 185.4 193 198.5 204.2 210.1 213.8 216.4 218.7 219.6 222.7 226.2 229.2 232.3 236.7 241.7 248.6 256.4 264.8 271 274.9 279.2 267.9 258.8
178.4 184.6 188.6 194.8 199 202.1 204.9 204.5 204.2 202.7 201.9 199.7 198.4 197.4 195.7 191.8 186.9 181.8 176.1 172 168.9 167.4 166.6 163.6 164.7 164.8 165.5 165.3 166.6 167.7 167.5 167.9 169 170.2 171.2 172.6 173 173.6 175.4 177.7 180 182.2 182.3 182.7 182.8 181.5 178.6 174.4 170.7 169 167.9 162.7 159.8 174.1 180 186.2 193.6 199.2 204.4 210.1 214.4 218.1 220.8 223.5 226.8 230.4 234.4 238.1 242.1 246.9 253.2 259.9 267.3 272.7 277.2 280.9 283.9 286.1
169.3 172.3 176.3 180.5 184.3 188.2 191.3 193.4 194.4 194.4 194.2 192.8 192.1 191.7 191.2 188.4 185 179.1 174.4 171 166.5 164.1 161.2 163.9 164.5 164.2 162.4 161.4 162.9 164.1 163.8 164.5 165.5 167.2 168.4 169.2 169.1 169.2 171.3 173.8 176.3 177.3 178.1 178.2 178.3 177.6 175.2 171.3 169.3 168.5 166.3 162.4 159.4 176.2 182.4 187.8 194.1 200 204.8 208.7 212.2 216.5 220.8 225.6 228.6 232.1 235.4 238.9 242.7 246.9 253.5 260.3 266.3 270.2 274.3 277.6 281.3 287
163.9 165.4 168 171.4 174.6 176.9 179.7 182.4 184.9 185.5 186.1 185.4 185.5 185.7 184.2 181.6 179.7 175.2 171.3 167.3 164.1 163.1 159.6 162.3 162.4 161.8 160.7 161.1 160.1 160.1 161 161.7 162.5 163.8 165 165.3 165.9 166.1 168.1 170.1 172 173.3 174.6 174.2 174.4 173.5 170.5 167.8 167 167.4 165.9 160.8 159.1 174 182.8 187 191.7 197.1 202.1 204 207.2 212.8 218.7 223.3 226.8 230.1 233.1 236.6 240.2 245 249.9 255 259.4 264.3 269.4 273.3 277.6 283.4
160.1 160.1 161.9 163.9 166 167.9 170.2 172.6 174 175.9 176.7 177.7 178 178.3 176.9 174.1 171.8 168.7 166 164.9 162.3 160.8 160.1 161.2 161 161.7 161.4 158.6 160.5 159.6 158.9 159.5 159.9 160.7 161.6 162.7 162.8 163.3 164.6 166.5 167.5 168.6 170 170.8 170.3 168.7 167.2 164.5 166.2 167.4 166.3 161.4 159.2 165.4 178.5 183.5 186.9 191 195.1 199.2 203 206.7 211.4 216.3 220.6 225.6 230.2 233.4 237 239.8 244.1 248.3 253 258.9 263.2 267.4 273.1 277.3
157.6 157.1 157.1 157.8 159.3 161.7 162.8 164.8 166.8 168.5 168.7 169.9 171 169.6 169 167.3 165.3 162.4 160.7 161.9 160.4 159 160.2 158.3 158.6 158.8 159.6 158.3 158.5 158.3 157.9 158.1 158.7 158.5 159.1 159.3 160 161 161.5 162.3 163.6 164.7 165.1 165.7 165.3 164.4 164.2 162.6 164.4 165.1 164.1 159.9 159.4 163.2 172.2 177.9 181.8 184.9 190.2 194.2 196.9 200.2 203.4 208.3 213.6 220.9 225.6 228.9 232.1 234.6 237.7 243.1 247.7 251.6 256.2 263.2 267.9 270.4
155.6 155.3 154.9 154.6 154.9 156 157.5 159 161.2 161.8 162 162.1 162.8 161.9 160.8 160.8 159.3 157.4 156.5 159.2 158.4 158.7 159 158.6 158.1 158.4 158.1 158.1 157.2 156.9 156.5 156.4 156.6 156.6 156.7 156.9 157.7 158.3 158.2 159.5 160.1 160.9 161.8 161.9 162 162.6 162.7 160.4 161.7 161.9 160.1 159.7 159.6 160.7 166.3 170.4 174.7 178.3 183.5 188.1 191.4 194.3 197.7 201.9 208.4 215.8 221.3 225 226.8 228.5 232.5 237.4 241.2 245.1 251.2 257.6 261.2 263.4
154.6 154.1 153.6 153 153.3 153.5 154.2 155.6 156.5 156 155.9 156 155.5 155.6 155.3 154.7 154.5 154.9 155.5 156.4 157.6 156.7 157.4 157.6 157.6 157.1 156.5 156.2 156.6 156.3 156.1 155.5 155.9 156.4 156.2 155.8 155.9 155.8 156.1 156.8 157 157.7 157.8 158.2 158.7 159.4 160.4 158.9 158.6 159 158.9 158.2 158.6 160.5 162.7 163.9 169.9 173.3 177.2 181.5 186.8 190.6 194.1 199.1 205.6 213.2 217.8 221.2 222.3 223.2 226.6 229.7 233.2 237.7 244 250.3 253.9 256.6
153.4 153 152.7 152.5 152.2 152.2 152.1 153 153.6 153.3 152.9 152.6 152.9 152.5 152.6 152.6 153.1 154 154.6 155 155.5 155.4 155.6 155.9 157.1 156 156 155.9 155.9 156 155.5 155.2 155.4 155.1 154.7 155.2 155 154.7 154.2 154.1 154.6 155.1 155.2 155.6 156.3 156.8 157.2 157 157.6 157.2 157.6 157.8 158.6 160.8 163.5 166 168 170.9 174.5 178.8 183.7 188.7 194.9 200.4 208.5 213.8 216.7 216.8 217.6 220.5 224.5 227.8 233.3 239.1 243.6 246.9 250.8 256.9
152.8 152.8 152.7 152.6 152.5 152.3 152.4 152.4 152.2 152.9 152.1 151.7 151.7 151.4 151.8 151.9 152.5 153.1 153.6 154.1 154.5 154.6 154.7 155.1 155.2 155 155.1 155.2 155.4 154.4 154.1 154.3 154.2 153.8 153.3 153.7 153.6 153.4 152.9 153.5 153.8 153.9 154.8 154.9 155.2 155.8 156.1 156.5 156.8 157.4 157.2 157.7 159.4 162.3 164.9 167.7 170.4 173.5 176.3 180 185.8 193.7 201.6 208.3 212.1 215.2 216.5 214.7 216.8 219.9 223 226.6 231.8 236.7 242.3 248.1 254.2 259.3
152.8 152.7 152.7 152.4 153 152.4 151.8 151.6 151.6 151.7 151.4 151.8 151.6 151.1 151.8 151.9 151.8 152.6 152.9 153.4 153.7 154.1 154.6 154.6 154.7 154.1 154.2 154.5 155.4 154.2 153.5 153.3 152.9 152.5 152.3 152.2 152.1 152.1 152.3 153.3 152.9 154.2 154.8 155.4 155.9 156 156.1 156.3 155.9 156.7 157.2 159.4 160.5 162.7 166 169.3 171.9 173.7 177.7 183.3 189.9 198.4 204.7 210.2 213.5 215.3 215.7 212.4 212.6 215.1 220.6 228.6 235.6 240.9 245.8 251.4 256 260.2
153.6 153.2 152.8 153.1 152.7 152.4 151.8 151.5 151.8 151.8 151.3 151.4 151.1 150.8 150.8 151.1 151.2 151.4 152.2 153.1 153.3 153.6 154 154.1 153.8 153.3 153.6 154.3 154.8 154.3 153.5 152.9 152.1 152.1 152 151.8 151.6 152.7 153 152.5 152.9 153.5 154.3 154.4 155.6 155.7 156.1 155.5 156.2 156.9 158.1 160.5 162.7 164.8 167.1 168 170.3 173.2 177.2 183.3 191.3 198.8 204.4 208.5 210.8 212.4 212.9 211.5 208.1 213.8 220.4 227 232.3 236.9 242.5 248 254.5 260.9
153.6 153.2 152.9 153.9 153.1 152.5 152.6 151.9 151.6 151.7 151.7 151 151 151.1 150.8 150.9 151 150.9 151.3 152.2 152.2 152.9 153.4 152.7 152.5 152.7 153.8 155.5 155.4 155.4 154.4 153.3 152.2 151.4 151.6 151.8 150.9 152.3 152.5 152.5 152.4 153.5 153.8 154.2 155.2 156.5 157.7 158.3 158 159.1 160.6 163.2 165 167.1 170 171.5 172.5 175 179.1 184.9 191.3 198 202.8 205.5 207.5 209.2 209.5 208.5 205.4 209.9 216.1 221.2 226.7 231.7 236.2 243.6 251.6 258.6
154 153.8 153.8 153.8 151.4 151.4 151.9 152.8 152.6 152.4 151.3 151.2 151.2 151.4 150.9 150.9 150.9 150.7 150.7 151.6 151.6 152.3 152.1 152.7 151.9 152.7 153.6 154.5 155.4 155.8 155.1 153.7 152.3 151.5 151.6 151.7 151.1 151.6 152.1 152.5 152.3 153.5 153.9 154.9 156.2 158.3 160.1 160.5 160.1 161 162.4 164.6 166.6 168.8 171.7 174.4 176.2 178.4 181.8 186.5 191.5 196.3 200.1 202.1 204 205.2 205.3 203.8 201.2 206.4 212.1 216.8 221.7 226.6 230.7 238.1 246.2 252.5
154.3 154.1 153.8 153.8 152.9 151.4 151.4 151.4 151.4 151.4 151.4 153.1 151.9 151.5 151 151.3 150.8 150.9 151.1 150.5 151 151 150.9 151.5 151.3 151.9 152.7 154.2 154.8 155.6 155.7 155.2 153 152.2 151.3 151.1 150.6 151.3 151.3 151.8 152.3 152.8 153.8 155.4 157.4 159.4 161.1 161.9 162.2 163 164.1 166 168.1 170.6 173.4 176.1 178.7 181.3 184.7 187.8 191.1 195.1 197.7 198.8 200.2 201 200.2 196.5 199.5 203.9 208.9 212.9 216.4 219.2 224.2 232.5 239.4 244.9
157.3 156.9 156.5 155.4 155.1 153.3 152.6 152.5 152.1 151.8 151.4 151.4 151.4 151.4 151.9 151.7 150.9 151 151.2 150.4 150.7 150.3 151.3 150.7 150.9 150.9 152.1 153 154.3 155.3 155.6 154.6 154.5 153 151.5 150.8 150.5 150.6 151.2 151.7 152.2 152.8 153.7 155.5 157.4 159.3 160.8 162.1 162.9 163.4 165 167.3 169.3 172.2 175.1 177.5 180.1 182.8 185.5 188.4 190.8 193.5 195.8 196.3 197.3 196 194.2 192 199.3 203 204.5 207.8 210 211.7 218 225.9 230.8 235.9
162.9 162.8 162.2 161.6 159.8 158.9 157 154.7 154.1 153.9 153.2 152.2 151.4 151.5 151.4 151.4 151.2 151.6 150.9 150.8 150.6 150.4 150.5 150.6 150.7 150.4 150.6 151.2 152.3 153.4 154.2 154.2 153.2 153.1 152.1 151.1 150.3 150.6 151.1 151.6 152.1 152.7 154.1 155.8 157.2 158.5 159.9 160.7 161.3 162.7 165.2 167.9 170.7 173.3 175.8 177.9 180.2 182.5 185.5 188.1 190.5 192.4 194.7 194.4 194.1 192.6 189.4 192.7 196.3 198 200.4 201.4 202.3 205.9 211.6 218.6 223.1 229.3
169.6 170.6 168.7 167.6 167.8 168.3 167.6 162.8 158.6 157 155.9 154.7 154.1 152.5 151.4 151.4 151.4 151.6 151.1 150.6 150 150.2 149.8 149.7 150 150.2 150.9 150.7 150.5 150.5 152.9 153.4 151.9 151.3 150.7 150.2 150.4 150.4 150.9 151.4 152 152.1 153.3 154.9 156 156.7 157.6 158.6 160.5 162.2 164.9 168 170.8 173 174.9 177.2 179.3 182.3 185.2 188.5 189.9 191.6 192.1 191.8 190.7 188.1 186 190.7 191.6 192.8 194.8 194.7 198.1 201.8 207 211.6 217.4 218.5
178.5 177.7 176.6 179.5 181.5 181.1 180.4 176.7 173.6 167.9 165.5 160.9 157.9 156.7 154.2 153.1 151.4 153.3 151.5 151.5 151.3 150.5 150.7 149.9 149.8 149.5 150.3 149.5 150 150 150.1 152 151.9 150.9 150.2 150.3 150.3 150 150.6 151.3 151.5 151.6 152.7 153.3 154 154.8 156.4 158.6 160.5 162.5 165.2 168.2 170 171.9 173.6 175.9 178.9 181.9 184.6 187 188.6 189.8 190.3 190.1 188 184.3 183.6 185.6 186.1 187.2 188.2 190.2 193.6 196.3 200.1 202.4 205.7 205.4
188.4 187.9 187 189.9 192.8 194.5 193.5 192.1 189 185.4 182.1 175.1 163.7 163.6 158.4 155.6 153.6 152.6 151.5 151.5 151.5 151.5 151.7 151.7 151.1 149.8 150 149.3 149.4 149.1 149.5 150.3 150.5 150.5 149.8 149.9 150.1 150.1 149.7 150 150.7 151 151.5 151.9 152.3 154.5 156.8 158.8 160.8 162.9 165 166.1 167.5 169.5 172.6 176 178.7 181.6 184.5 186.3 187.4 187.7 187.7 187 185.2 181.7 180.4 181 180.8 181.6 182.4 184.4 185.7 188.8 190.8 190.1 191.9 191.6
197.7 198.7 197.5 198.7 200.2 201.5 201.7 201.3 199.4 195.8 191.4 177.2 172 175.2 169.2 163.4 159.7 156.7 155.5 154 151.5 151.5 151.5 151.5 151.5 151.2 149.7 149.7 149.8 149.2 149.5 149.1 149.3 149.6 149.4 149.5 149.6 149.7 149.6 149.6 149.6 149.8 149.9 151 151.3 153.3 155.5 157.3 159.7 160.9 161.7 165.2 167.3 170.7 173.9 177.3 180.7 183.1 185 186.2 186.5 186.2 184.6 183.9 182.1 179.7 177.7 176.8 176.7 177.1 178 179.1 180.5 182.2 183.3 185.4 187.1 189.7
204 205.4 206.5 206.6 207.9 207.9 207.8 207.9 205.1 201.4 196.6 180 182 184 179.8 174.3 168.7 162 159.1 156.1 154.4 152.5 151.6 151.5 151.5 151.5 151.5 151.2 150.6 150.4 150 149.4 149 149.5 149.2 149.2 149.3 149.6 149.7 149.2 149.3 149.2 149.2 149.8 150.4 151.6 153.4 155.3 156.9 158.4 161.5 165 168.3 171.9 175.2 178.6 181.8 184 185 185.9 185.6 183.6 181.1 179.8 178.1 176.9 175.7 174.3 174 174.2 175.2 177.7 178.8 181.8 184.9 189.3 192.4 196
210.4 211.4 212.2 213.3 214.5 214.4 213.1 212.2 209 206.3 195.9 186.3 193.2 190.7 185.3 178.9 171.4 165.6 163.2 160.9 158.6 155.9 154.2 154.3 152.9 151.6 151.5 151.5 151.2 150.4 150.1 149.8 149 149.6 149.3 149.2 148.9 149.2 149.2 149 148.8 148.7 148.7 149.5 150.1 150.7 151.9 153.4 155.2 158.5 161.8 165.9 168.7 172.7 176.5 179.5 182.1 183.7 185 184.9 183.6 181.2 178.8 176.3 174.3 173.2 172.5 172.5 172.5 173.1 175.4 178.2 180.1 183.6 186.9 191.2 195.5 199.5
216.6 217 217 218.4 219.1 219.3 217.9 214.6 212.3 207.6 195.9 197.5 198 194.4 186 180 173.5 171.5 168.1 165.2 163.2 160.3 156.9 155.8 154.6 153.6 151.6 151.5 151.5 151 150.1 149.2 149.6 148.8 149.1 149.1 148.9 148.4 148.5 149.3 148.5 148.2 148.2 148.9 149.7 150.1 150.6 152.1 155.1 158.3 161.9 166.4 168.9 172.9 176.6 179.6 181.4 182.8 183.7 182.9 181.6 179.2 176.3 174 172.7 171.8 170.7 170.7 171.4 175 178.4 181.3 183.3 185.8 189.1 193 197.8 203.8
222.3 222.2 222.2 222.9 223.5 223 221.6 220.4 215.2 209.5 200.6 202.6 197.4 191.7 185.2 182.7 178.1 176.4 172.6 170.3 166.9 163.4 159 157 155.9 154.6 152.4 151.8 151.5 151.5 150.5 150 149.8 149.3 149.2 149.1 148.8 149.1 148.9 148.4 149.2 148.6 148.8 148.6 148.9 149.2 149.8 152.3 155.5 158.6 161.5 166.5 169.4 173 176.8 180.3 181.7 182.3 182 180.4 179.1 177.4 175.2 173.6 172.9 172.4 170.9 169.4 171.6 175.4 178.5 182.3 184.4 188.8 192.6 198.1 202.9 208.7
227.3 226.5 225.9 226.6 226.8 225.4 223.9 221.4 217.1 210.7 205 198.6 193.9 191.2 189.2 185.8 180.3 177.2 174.4 171.9 169.6 164 159.7 158 156.6 155.3 154 153.3 151.7 151.5 151.7 150.3 149.9 149.6 149.2 148.2 149.1 149.1 148.5 148.4 148.8 148.6 148.4 148.4 148.3 148.7 149.8 151.5 154.4 157.6 160.6 164.7 169.1 173.4 177.3 178.8 180.8 179.4 178.4 177.5 176.6 175.3 173.7 172.5 172.4 172 170.2 168.7 170.3 173.7 177.3 181.9 187.5 192.8 197.3 201.9 207.7 214
231.5 230.5 229.6 229 228.8 227.4 225.3 222 216.9 211.4 208.4 204.3 201.8 199.6 196.8 188.6 181.3 174 173 169.5 166.7 162.9 160.4 158.5 157 155.7 154.5 153.8 153.1 151.5 151.5 150.7 150.1 149.6 149 149.8 149.6 148.8 149 148.6 148 148.3 148.2 147.9 147.8 148.7 149.7 151.1 153.8 156.5 159.4 163.3 167.3 171.3 175.6 177.2 177.9 176.6 176.4 175.3 174.3 172.9 171.5 171 170.6 169.8 168.4 167.6 171.2 176 181.6 186.6 192.1 198 203.2 209 215.1 222.6
235 234.1 232.9 231.4 230.3 228.3 225.3 220.5 216.8 214 212.3 208.8 204.8 200.7 195.4 189 181.4 176.1 171.4 166.9 163.9 163.3 160.5 158.7 157.4 155.9 154.7 153.6 153.2 152.1 151.5 151 150.4 149.8 149.4 149.7 150 149.2 149.3 148.5 148.4 147.9 147.6 147.7 147.6 148.1 149.4 150.6 152.6 155 157.3 160.7 164.5 168.9 172.2 174.4 175.6 175.5 173.4 173.1 171.9 170.5 169.1 168.7 168.4 166.9 165.7 170.2 176.2 181.3 186.8 191.9 198.2 203.5 209.4 216.7 224.5 232.5
238.4 237.2 235.5 233.7 230.8 228.9 224.7 221.5 219.2 216.4 214.7 211.9 208 203.3 191.5 182.5 178.6 173.5 168.9 164.8 162.7 161.6 161.1 158.2 157.8 156.2 155.1 154.3 153.7 152.7 151.5 151.5 150.5 149.8 149.4 149.1 149 149.5 149 148.5 148.7 148.2 147.9 147.9 147.9 148 149.2 149.7 151 153.3 155.5 159.1 162.3 166.2 168.6 170.4 170.6 170.7 171 170.6 170.1 168.5 166.7 166.4 165.6 164.4 168.6 172.9 180.1 186.8 191.9 198 204.2 212.1 223.6 232.9 240.2 248.3
241.3 239.4 237.4 235 232.1 229.4 226.4 224.3 222.9 219.6 217.3 215.1 210.7 200.7 187.8 178.8 171.8 169.7 167.9 165 163.4 162 161.3 160.4 159.5 160 158.1 157.1 155.8 154.3 152.3 151.5 149.7 149.6 149.1 148.8 148.9 148.7 148 148.2 148 148.4 148.2 148 147.9 147.8 148.7 149.6 150 151.7 153.8 157 159.9 163.6 165.5 166.7 167.7 168.3 168.3 168.1 167.4 165.3 163.4 163.2 164 167.8 174.1 178 181.2 189.5 198.3 203.3 213.4 225.1 238.8 250.2 257.4 262.6
