Game/Highland_Data/StreamingAssets/GeoData/Data/so/SO47.asc
ncols 200
nrows 200
xllcorner 340000
yllcorner 270000
cellsize 50
[rows 35 to 69 of 200, columns 79 to 157 of 200]
172.4 168.3 165.9 163.2 161.8 157.5 153.1 148.7 144.1 138.8 134.6 129.9 124.6 121.9 119.5 118 117 115.6 114.8 114.6 114.2 113.5 112.2 111.8 111.1 110.6 109.9 109.2 108.5 107.8 106.9 105.7 105.6 105.2 104.7 104.1 103.1 103.2 102.9 102.5 101.7 98 97.9 97.3 97.3 97.2 97.2 97.4 99.6 100.5 100.3 100.4 100.3 100.5 100.6 100.5 100.6 100.4 100.5 100.5 100.7 100.1 99.5 99.2 99.1 98.6 98.7 97.8 95.5 99.7 103.5 106.7 107.9 107.8 107.2 106.8 106.6 106.4 104.9
171.4 167.4 164.1 161.2 158.6 155.2 151 146.2 141.8 137.1 132.8 128 124.5 122.1 120.4 119.1 118 117.3 118.2 118 116.6 115.1 114.4 112.9 112.1 111.3 110.5 109.7 108.9 108.1 107.2 106.3 105.7 105.2 104.8 104.3 103.6 103.4 102.8 102.8 102.6 101.3 101.6 97.2 96.9 96.8 97 95 94.9 98.8 99.4 100.2 100.5 100.5 100.1 100.3 100.3 99.9 99.4 99.4 99.3 99 98.3 97.7 97.6 97.9 97.9 99.8 95.1 98.7 101.7 104.5 105.6 106.3 105.6 105 104.7 104.3 102.7
169.7 165.8 162.3 159.4 157.2 153.6 149.4 144.5 140 135.8 131.9 128.5 125.8 124.2 123.9 122.8 122.1 122.9 123.7 124.3 122.4 119.1 116.4 114.7 113 111.8 110.7 109.9 109.1 108.2 107.2 106.4 105.8 105.4 104.9 104.4 104.2 103.6 102.9 102.9 102.6 101.9 101.6 100.5 100 96.8 97.2 95.1 97.3 95 97.3 98.1 98.3 99.1 99.4 98.6 98.2 98.7 98.1 97.9 97.7 97 96.7 95.8 95.4 95.2 94.5 94.4 93.7 95.9 99.4 101.6 103.9 104.5 104.4 103.8 103.4 102.7 101.3
165.9 164 160.4 158.2 156.8 153.7 150.1 145.5 140.6 135.6 132.4 129.6 129.3 128.1 127.9 128.5 128.2 128.5 126.4 124.4 123.6 119.9 116.8 115.2 113.6 112.4 111.2 110.1 109.2 108.3 107.3 106.5 106 105.5 105 105.1 105.3 104.7 104 103 102.6 102.4 101.1 100.7 100.4 97.2 96.6 96.7 97 96.9 94.8 96.2 96.1 96.1 95.8 95.4 94.9 95.9 96.4 96.1 95.5 94.9 94.9 94.4 93.6 93.4 92.9 93.4 93 94.2 94.1 95 99.4 102.4 103.3 102.5 102 101.2 100.6
156.7 157.3 157.4 155.6 155.1 153 149.7 145.1 140.2 136.1 132.7 131.7 131.8 130.9 131 131.9 132.1 130.5 127.1 123.2 121.4 118.2 115.9 114.5 113.5 112.8 111.7 110.6 109.5 108.8 108.1 107.2 106.1 105.8 105.5 105.4 105.3 105.4 105.1 104.2 103.7 103.1 101.6 100.1 101 96.9 96.8 96.7 96.7 96.2 96.8 96.3 95.4 95.8 95.4 95.3 94.9 94.9 94.8 94.5 94.4 93.8 93.5 93.3 92.5 91.9 91.6 91.6 91.6 92.8 92.7 92.6 94 99.3 99.6 101.1 100.6 100.4 99.9
149.9 144.6 145.8 149.1 151.3 149.9 147.8 143.5 138.2 133.7 131 129.7 129.2 127.9 129.1 130.2 131.1 129.7 127 123 119.1 116.2 114.7 113.7 113.5 113 112 111 110.5 110.3 109.3 108 106.7 106.2 106.1 105.6 105.2 104.8 104.5 104.6 104.2 103.1 102.3 100.9 99.3 99.7 97.2 97.1 96.4 95.7 96.3 96.7 95.3 94.6 93.6 93.5 93.7 93.6 92.6 94.3 94 93.7 93.1 92.4 92.8 92.4 91.8 91.6 91.2 91.5 92 91.9 91.6 93.6 97.7 98.7 99.7 100.1 99.7
161.1 155.9 148.6 142.5 139.9 141.5 142 140.2 136.6 132.2 129 127.5 126.1 125.3 125.6 126.8 128.7 128.3 126.3 123.7 120.4 116.9 114.4 113.6 113.3 112.6 112 111.4 110.8 110.9 109.5 108.3 107.1 106.2 105.7 105.3 104.9 104.5 104.5 104.4 103.6 102.6 101.6 101.2 99.9 99.2 98.7 98.5 96.2 95.4 94.3 96.6 95.6 95 94.3 94.3 94.5 92.6 93.6 94.1 92.6 93.6 93 91.8 91.9 92.9 92.3 91.9 91.4 90.9 91.9 90.2 90.1 90.8 93.7 94.5 93.7 97.4 99.2
165.4 161.2 157.2 153.2 147.2 141 136.8 133.5 132.3 130.8 127.9 126.2 124.1 123.9 123.3 123.8 125.7 126.4 125.6 124.1 120.8 116.9 114.3 113.6 113.2 112.7 112.4 111.9 111.4 110.7 109.6 108.5 107.3 106.3 105.7 105.2 104.7 104.5 104.5 104 103.1 101.5 101.3 101.6 101.1 100.6 99.9 99.6 100.6 98.8 96.5 96.5 93.7 95.3 94.6 94.5 93.9 93.8 93.2 93.2 93.7 91.9 91.7 92.3 93 92.3 91.4 91.3 91.5 91 90.5 91.4 90.2 89.5 90.8 91.9 93.2 92.9 92.6
167.6 164.6 161.5 158.5 154.6 150.1 145 140 134.3 131.9 128.9 126.8 124.6 123.5 121.8 121.2 123 124.6 123.7 122 119.4 116.3 114 113.5 113.4 113.8 113 111.6 110.6 109.5 109.4 108.3 107.9 106.5 105.8 105.3 104.9 104.5 103.9 103 101.6 101.8 102.1 102.1 101.9 101.4 100.7 100.5 100.6 101.5 93.9 96.8 94.8 100 99.7 99.8 98.8 98.6 94.5 94.1 94.6 92.8 92.3 91.9 91.8 91.4 91.4 91.4 91 90.4 91.5 90.5 89.8 89.4 90.3 90.7 90.8 90.9 90.4
169.7 167.4 164.5 160.9 156.7 151.8 146.6 141.7 136.6 132 128.6 125.8 124.3 123 121.8 120.7 121.1 122.2 121.9 120.9 118.8 115.7 114.1 113.5 113.5 114 112.2 111 110.2 109.6 109.2 109.7 109 107.4 106.1 105.4 104.9 103.5 101.9 101.2 101.6 102.8 102.6 102.5 102.5 102.2 101.7 101.4 100.7 100.2 101.6 101.3 100.2 101.6 101.2 101 100.5 99.8 99.2 99.4 99.6 98.6 99.5 92.3 92.4 91.9 99.8 94.2 91.4 90.8 91 90.1 89.8 89.2 89.9 90 90.1 90.1 90.1
170.6 168.5 165.4 161.5 157 151.6 145.8 140.7 135.7 130.9 127.6 124.9 123.3 121.9 121.2 120.5 118.9 118.3 120.4 119.4 117.5 115.5 113.9 113.5 113.4 112.6 111.5 110.8 110.3 110.1 111 111.7 110.4 108.7 107.1 105.3 104.4 102.5 103.6 103.7 104.2 103.5 103.1 103 102.9 102.8 102.4 101.9 101.2 100.7 100.4 101.6 101.8 101.8 101.7 101.3 100.8 100.1 99.7 99.7 99.5 99.2 99.1 97.9 97 92.6 93.3 93.2 92.5 91.4 97.1 90.9 90.4 89.9 89.9 90.1 89.8 89.6 89.5
170.6 168.1 165.2 161.2 156.6 151.3 145.7 139.4 133.8 129.3 125.8 124.1 122.1 120.7 119.7 119.2 119.2 118.4 118 117.1 115.9 114.9 113.9 113.1 112.9 112 111.2 111 110.9 111.6 113.1 112.9 111.2 109.1 106.5 104.4 102.7 105.1 105.7 105.8 104.9 104.1 103.5 103.3 103.3 103.2 102.8 102.2 101.7 101.2 100.9 101.3 101.4 101.5 101.6 101.3 101 100.7 100 99.6 99.4 99.1 99.3 95.6 95.5 94.9 94.9 93.7 92.6 91.8 91.6 91.4 95.9 94.3 95 88.6 89.5 89.5 89.4
168.2 166.1 163.6 160.5 156.1 150.8 145.5 139.1 134 130.4 128.4 126 124.4 123.3 122.4 122.3 122.2 121.2 119.6 118.8 116.8 115.2 114.1 113.3 113 112.6 112.1 111.7 111.7 113 114.1 112.7 110.1 107.1 105 103.6 106.9 108.5 108.8 107.6 106.2 104.3 103.4 104.1 103.8 103.6 103 102.4 101.9 101.6 101.3 101.1 101.2 100.9 100.6 101.6 101.7 101 100.1 99.7 99.2 99 98.9 100.3 96.6 95.3 94.2 93.4 92.7 92.2 92 92 92 91.7 92.6 93.9 89.4 89.5 89.1
165.9 163.8 161.5 158.6 155 150.1 144.8 139.7 135.2 132.1 130.1 128.6 126.4 126 125.7 126.6 126.4 125.3 123.2 119.8 117.2 115.8 114.6 114.9 114.2 113.9 113.4 113.2 112.8 114.2 113.9 111.7 108.9 106.1 104.4 106.1 110.6 112.6 111.7 110.8 109.1 106.7 105.4 104.7 104.3 103.9 103.2 102.5 102 101.7 101.3 101 101.1 100.7 100.4 100.4 100.6 100.6 100.7 100.1 99.6 99.2 98.9 98.3 97 95.2 94 93 93.1 92.7 92.6 92.6 92.7 92.1 92.1 90.8 88.5 89.2 88.4
163 160.3 158.3 156.2 152.9 149 144.5 139.7 135.1 132.1 130.3 129.4 127.9 127.3 128.9 130.4 129.6 127 123.7 120.6 117.6 116.4 116.3 116.7 115.9 115 115.2 115.1 113.8 114 113.1 110.7 107.8 105.4 105.6 110.2 113.9 114.4 113.5 112.7 111.8 109.3 107.3 106.2 105.7 104.7 103.4 102.7 102.1 101.6 101.2 101 100.8 100.6 100.2 100.5 100.9 100.6 100.5 100.2 99.4 99.1 99.1 99 98.9 95.3 94 93.2 93.3 93.1 92.8 92.6 92.4 92.2 91.8 95.2 87.9 89 88.4
162.6 159.6 156.7 154.4 151.2 146.9 142.5 138.2 134.1 131.3 129.4 128.5 127.5 126.8 128.5 131.2 130.2 127.3 124.1 121.2 119 117.9 118.5 118.1 116.8 115.8 116.1 116.3 115.6 114.6 112.4 109.7 107.1 105.1 108.6 114.8 116.1 115.9 115.7 114.8 114.1 111.5 109.7 107.9 107.2 105.7 104.2 102.9 102.5 102 101.6 100.9 100.6 100.3 100.1 100.5 100.8 100.4 99.9 100 99.3 99.2 98.9 98.8 99.1 99.3 100 93.9 93.5 93.2 93 92.7 92.2 92 91.7 91.5 88.5 88.9 88.6
163.9 160.1 157 154.8 152.1 147.4 143.2 138.4 133.1 130.4 128.7 127.8 126.6 125.5 126.8 129.8 130.6 127.6 124.7 122.2 120.3 120.1 120.5 118.5 116.9 116.1 115.7 115.8 116.2 115.4 112.7 109.7 106.8 106 113.8 119 118.9 117.8 117.1 116.7 115.3 113.8 111.9 110 107.9 106.7 105.2 103.9 103.2 102.8 102.2 101.4 100.8 100.5 100.5 100.7 100.7 100.3 99.6 99.2 99.3 100.1 100.6 100.4 100.6 100 99.1 99.2 97.4 93.5 93.1 92.9 92.3 91.8 91.6 91.5 88.3 88.7 89.1
157.9 152.3 147.6 146 143.3 141.9 137.6 135.1 131.3 129.8 128.7 127.3 126.2 124.6 124.3 127 129.2 127.8 125.6 123.7 121.3 121.3 121.3 119.3 116.8 116 115.2 114.8 115.1 115.3 112.9 109.8 106.6 107.4 117.2 121.5 120.3 119.7 119.5 118.3 116.8 115.9 113.7 111.7 109.6 107.6 106.2 105 104 103.5 102.7 102 101.1 101 100.9 101 100.4 100.3 99.5 98.7 98.9 100.4 103.2 100.8 102.6 100.7 99 99 98.8 98.5 97.7 93.2 92.5 91.7 91.3 96 88.9 88.1 87.1
151.1 149.4 146.6 144.1 140.5 138.2 134.4 133.5 131.9 129.6 129 127.3 125.5 124.2 123.1 123.9 127.2 127.8 126.1 124.3 122.5 121.8 121.7 120.7 117.4 114.7 113.7 113.6 114.1 114.6 113 109.9 106.6 108.3 117.4 122.8 121.5 120.6 119.6 119 118.2 117.9 115.8 114.6 112.2 109.8 108 106.6 104.9 104.1 103.4 102.6 101.7 101.2 100.9 101.2 100.3 100.3 99.8 99.5 99.6 100.7 102.5 104.9 106.4 104.1 101.7 99.9 98.8 98.1 97.6 96.4 92.8 92 98.7 94.1 92.5 88.2 87.9
165.6 162.7 158.2 154.9 152 148.8 145.3 141.1 135.9 130.6 128.6 127.2 124.8 123.6 122.3 122.1 124.9 127.2 125.5 123.9 122.5 121.8 121.6 120.3 117.6 114.5 112.8 112.5 113.1 113.7 112 109.5 107.1 108.2 116.9 123.4 122.7 120.8 118.3 118.8 119.5 120.7 118.9 117.7 115.9 112.1 110.8 108.3 106 105.6 104.2 103.4 102.5 101.5 101.1 101.2 100.6 100.3 99.9 99.8 99.9 100.7 102.2 104.6 107.3 107.3 104.7 102 99.9 98.8 97.9 97.7 97.4 99.5 96.1 94.7 93 87.7 86.9
168.9 165.5 161.7 158.2 155.5 151.8 148 143.1 137.6 133.5 129.6 126.3 125.7 123 121.9 120.9 122.2 124.6 125.1 122.9 121.6 120.7 120.5 119.7 117.2 114.4 112.3 111.3 111.5 111.3 110.1 108 107.5 109.7 116.8 122.5 121.1 118.9 117.3 117.2 117.9 121.3 121.7 120.7 120.1 117.1 112.6 110.2 107.5 106.2 105.2 104.3 103.4 102.4 101.9 101.7 101.1 100.3 100.5 100.2 99.7 100.7 101.6 104 106.6 108.7 108.3 105.9 102.2 99.8 98.3 98 97.8 97.8 97.5 95.4 94 91.3 88.1
170.3 167.3 164.5 161.1 158.1 154.1 149.3 144.5 139.6 133.9 129.7 125.9 124.2 123.7 121.1 120.2 119.8 121.6 123.4 122 120.6 119.3 118.8 118.2 117 114.5 112.2 110.9 110.2 109.6 108.6 107.8 108.2 110.9 115.5 118.9 118.8 117 116.5 116.1 116.5 119.3 122.7 122.9 122.1 120.3 115.8 112.8 109.8 107.5 106.5 105.9 105 103.3 102.7 102.3 101.6 100.7 100.7 100.7 100.2 100.6 101 103.5 104.6 106.3 108.8 107.9 104.5 100.9 99 98.4 98.3 98 97.9 98.3 95.3 93.6 86.3
171.5 168 165 162.1 159 155.2 150.4 145.4 139.8 134.5 130.3 127.7 124.3 123.8 122.6 119.5 118.4 118.7 119.7 120.2 119.5 117.6 116.7 116 116.2 114.1 112.1 110.5 109.6 108.8 108.5 108.5 109.1 111.3 114.3 116.4 116.4 116.1 115.6 115.2 115.5 118 120.5 123.1 123.7 121.4 118.4 115.2 111.8 110.3 109.4 108.8 106.5 104.6 104.1 103 102.1 101 100.8 101.1 101.4 99.9 100 101.1 102.2 103.7 105.4 105.7 104.8 102.5 100.1 98.4 98.3 98.2 98.4 100.3 98.7 97.7 93.4
171 168.2 165 162.2 159.2 155.3 151 146.3 140.8 135.6 130.5 127.2 125.7 122.5 123.1 122.6 118.3 116.8 117.7 117.8 117.5 115.3 114.5 113.1 113.7 113.6 112 110.4 109 109.2 109.8 110.8 111.2 110.7 112.4 113.8 114.9 115.1 114.7 114.2 114.7 116.2 117.8 120.3 122.6 122.2 117.9 115.9 113.2 113.1 112.6 111.9 109.5 106.9 104.6 104.2 103 101.9 102 103.4 101.9 100.3 100.4 100.6 101.1 101.2 102.2 102.2 101.8 101.4 99.7 98.5 98.5 99.6 103.5 103.4 100.9 100.7 97.4
169.8 166.3 163.5 160.8 158.3 154.9 151 146.3 140.5 135.1 130.9 126.8 123.9 122 121.3 119.8 116.4 116.4 116.2 115.9 115.9 115.9 111.5 110.1 108.3 112.3 111.2 109.5 110 110.7 112.1 113.1 112.8 111.4 111.9 112.4 113.6 114 113.6 113.5 113.7 114.3 116 118 120.5 123.1 120.2 118.2 117.9 116.5 116.5 114.8 111.2 108.6 106.3 105.2 104 102.9 102.9 103.6 103.4 102.3 101 100.2 100.3 100.1 100 99.5 99.3 99 98.7 98.6 98.6 99.5 101 102.9 100.8 96.4 96.7
172.5 168.9 164.5 160.1 154.8 151.8 147.9 143.2 139.3 135.9 132.8 128.6 124.7 122.5 121.9 120 118.6 116.4 116.4 115.3 114.6 114.9 115.8 114.9 113.1 110.9 107.8 110.9 112.6 113.4 114.3 115 114 112.4 112.3 111.3 112.1 112.8 112.8 112.9 112.5 112.3 114.9 117.2 118.9 121.8 122.1 122.2 121.5 120.2 118.4 114.9 112.5 109.2 107.6 105.1 103.5 102.8 102.6 105.5 105.1 105.1 103.5 102 100 99.3 99.2 99 99.1 98.7 98.5 98.7 98.6 98.9 99.2 96.7 96.3 96.1 95.3
174.9 170.5 166.1 161.9 157.3 153.2 149.6 146.6 143.1 139.2 135.4 130.5 126.1 123.8 122.9 121.2 119.1 118.4 116.8 120.1 122.3 121 118.7 116.6 114.6 112.9 109.2 113.5 115.5 115.1 115.8 116.3 115.2 113.1 112.1 111.5 112.3 112.9 112.7 112.4 112.2 112.5 114.6 115.8 117.7 119.6 122 122.5 122.1 121 118.8 115.6 112.9 111 109.1 106.2 105.2 105.4 104.5 104.9 108.1 107.6 104.9 102.2 100.6 99.2 98.6 98.7 98.8 98.4 98.6 98.6 98.3 97.1 96.4 95.4 95 95.2 95.3
175.6 171.4 167.4 163.5 158.8 155 152.2 148.4 144.7 141.1 137.4 131.8 127.5 125 123 121.2 120 119.1 121.7 124.6 126.2 123.5 119.8 116.6 115 114 110.5 115.8 117.9 117.7 117.3 117.7 116.2 114 112.9 112.2 112.4 113.1 113.2 112.2 111.9 112.1 112.7 114.1 115.6 117.5 120.1 123 123.9 122.6 121 118.9 117.9 115.5 113.1 110.4 109.7 109.1 107.9 107.8 109.4 107.9 105.6 102.5 100.7 99.8 99.3 98.7 98.2 98.3 98.2 97.8 97 96.1 95.2 94.5 94.7 94.3 94.4
175.3 171.6 167.8 162.6 158.9 154.1 149.8 146.9 143.8 139.9 136.1 132.4 128.7 125.9 122.8 120.8 121 122.5 124.3 125.9 126.8 124.7 120.5 118.1 115.8 113.8 110.8 117.2 119.4 119.1 118.8 119.4 118 115.2 113.9 113.2 113.6 114.4 114.4 113 111.9 111.7 111.7 112.3 113.8 115.6 118.5 122.4 124 123.7 122.6 121.4 120.1 119.6 116.5 115.7 115.2 114.7 113.3 109.8 109.3 106.9 104.8 102.6 100.9 99.9 99 98.2 97.5 97.4 97.3 97 96.2 95.5 95 94.6 94.4 94.5 94.3
177 173.5 170.1 165.5 161 156.6 151.8 148 144.5 141.8 139.1 135.2 131 127.2 125.2 124.4 124.3 125.4 126.1 126.1 127.1 125.6 121.4 118.7 116.4 112.4 112.6 118.1 120.3 121.2 120.3 120.4 118.9 116.3 114.9 114.5 114.7 116.7 116.1 113.7 111.8 110.9 110.7 111.2 112.4 114.2 116.6 120 123 123.5 123.2 122.7 122.3 121.7 120.9 120 119.1 118 115.9 112.9 109.7 106.7 104.2 102.4 101 99.9 98.7 98.1 97.6 96.9 96.6 95.9 95.4 94.9 94.6 94.4 94.3 94.1 93.8
178.6 174.9 171.4 167.3 163.1 158.6 154.2 150.8 147.3 144.8 141.6 138 134.7 130.7 128 126.1 126.9 127.4 127.6 126.8 126.3 125.7 121.8 118.3 115.6 111 115 118.2 120.6 121 120.9 120.9 120 117.3 115.6 114.6 114.6 115 115.6 113.9 112.3 111 110.4 110.5 111.6 113.1 115.8 119.1 123.1 123.3 123 122.4 121.4 120.7 120.5 120.5 119.2 119.1 117.7 114 110.3 107 104.2 102.3 101 99.7 99 98.3 97.5 96.4 95.1 94.8 94.5 94.9 94.7 94.5 94.4 94.3 93.3
179.8 176.1 172.4 168.4 164.5 160.3 156.6 153.1 150 147.1 144 139.9 136.3 133.1 130.1 128.7 128.8 128.1 127 125.9 123.5 121.6 120.6 117.5 113.9 113.5 114.4 116.6 118.7 120 120.8 121.4 120.8 117.7 115.3 114.2 113.7 113.3 113.8 113.5 112.4 111.2 110.5 110.3 110.5 113.3 115.3 119.7 123 123.2 122.6 121.4 120.3 119.6 118.9 118.1 117.3 116.1 114.8 111.9 109.1 106.2 103.8 101.5 100.1 98.8 98.5 97.7 96.6 95.4 94.3 94.1 94.2 94.7 94.7 94.6 94.1 93.3 91.7
180 176.5 173.2 169.7 165.9 162.8 158.9 155.1 152.2 149.3 146.3 142.3 137.9 134.9 132.4 130.6 129.9 128.4 126.2 124.2 121 119.2 118.1 115.1 116 115.7 115.1 115.5 117.1 120.4 121.6 121.2 121.4 118.3 116.1 114.5 112.8 112.2 112.3 112.3 112.4 111.6 110.7 109.8 110.4 112.1 114.6 119.6 123.8 122.7 121.5 120.3 119.2 119.2 117.4 115.8 114.2 112.8 111.3 109.3 107 104.7 102.5 100.6 99.1 97.8 97.2 96.5 95.6 94.4 94.2 93.4 92.7 94.1 93.9 93.5 93 91.1 89.2
180.1 176.2 173.6 170.1 166.6 163.6 160.7 157.8 154.7 151.6 148.6 144.7 139.8 135.1 132.1 130.6 130 127.9 124.8 123 120.6 117.5 114.8 117.4 116.8 116.6 116.3 116 117.1 118.5 119.8 120.5 121.9 119.3 116.9 115 113.4 112 111.8 111.5 111.5 111.7 110.1 109.3 109.6 110.8 112.8 117 121.7 122.9 121 119.2 117.9 116.8 115.1 113.5 111.2 108.9 107.3 105.9 104.4 103.5 101.7 100 98.7 97.7 97.8 97.9 96.9 95.6 94.9 94.2 92.9 92.6 92.3 92.3 90.8 89 88.1
175.7 175.6 173.3 170.5 167.5 164.4 161.3 158.8 156.3 153.7 150.5 146.3 141.9 136.6 132.5 129.1 128.4 126 124.4 118.8 117.8 118.7 121.6 122.4 120.4 117.9 116.7 116.5 117.1 118.1 118.8 119.5 122.1 120.9 118.7 116.3 113.9 111.8 111.3 110.9 111 111.3 110.2 108.6 108.8 109.3 111.9 115.3 120.4 122.5 120.3 118.2 117.2 114.9 112.9 111.4 108.5 106.5 104 102.9 102.1 101.8 100.9 99.5 98.8 100.7 102 100.6 98.1 96.7 96.1 94.9 93.6 89.4 90.7 91 86.7 87.1 87.1
