Game/Highland_Data/StreamingAssets/GeoData/Data/so/SO50.asc
ncols 200
nrows 200
xllcorner 350000
yllcorner 200000
cellsize 50
[rows 35 to 69 of 200, columns 0 to 79 of 200]
225.9 226.1 225.7 227.4 228.2 230.4 233.3 236.1 238.5 238.9 238 237.2 234.2 231.1 229 225.3 220.4 216.7 212.1 210.7 207.3 205.9 204.4 211.6 216.8 221.8 224.9 225.5 224.6 222.4 218.5 214.3 216.3 219 219.3 219.7 220.6 222.7 225 225.8 226.6 225 223.2 221.5 219.3 215.5 211.2 206.8 200.8 194.1 188.5 181.2 175.4 168.3 158 143.6 123.3 106.7 89.7 62.4 40.9 23.9 11.9 7.3 16.7 37.6 58.2 76.8 95.2 111.1 118.9 124.9 135.7 147.5 158.6 172 177.2 169.9 151.7 139.3
224.7 224.3 223 224.4 225.7 228.3 230.7 233.6 236 236.7 235.4 234.5 231.6 230.2 227.2 223.9 220.2 217.1 212.3 206.9 203.1 201.1 202.5 210.1 215.2 218.5 221.2 222.1 221.4 219.9 214.3 211.7 214.5 219.5 218.7 217.1 216.7 219.9 223.4 225 225.8 226.2 224.8 223 220.7 215.6 211.1 206.7 202 195.8 190 181.6 175.2 168 158.4 144.4 126.1 108.3 82.1 58.8 39.1 21.3 7.3 12.1 20.4 44.9 63.3 81.7 100.7 114.7 121.2 128.9 137.7 148.3 158.4 170.6 178.8 168.9 156.2 139.6
221.6 221.8 220.3 221.7 223.4 225.7 228.4 231.2 233.1 235.5 235.3 233.7 231.4 230.1 227.4 223 219 214.9 211.5 206 202.7 200.5 199.8 204.1 210.3 214.8 216.9 218 217.2 215.2 212.2 208.3 212.5 213.9 215.8 214.9 214.8 215.5 220.8 223.1 225 226.5 226 224.5 221 216.5 212.1 207.9 203.3 197.3 191.2 183.8 177.5 169 157.6 144.3 126.3 102.2 80 58.1 38.4 19.9 7.3 12.5 28.4 50.4 68.9 86.3 101.4 113.8 122.4 130.3 138.3 147.5 158.9 170.1 179.1 170.5 157.4 140.6
218.2 218.2 217.9 219.6 222.1 222.9 226.2 228.3 230.2 232.8 233.3 232.5 231.2 229.9 227.3 224 219.9 215.4 211.6 206.9 202.8 200.3 198.2 198.5 205 210 212.6 214.3 213.6 212 209.6 206.1 209.4 211 212.1 215.3 215 215.9 214.5 220.9 223.3 225.4 226.5 224.5 219.2 216.4 213 207.8 202.5 197.2 191.5 184.8 178.9 171.3 157.1 143.2 127.8 107.7 83.9 58.4 40 20.6 7.3 12.6 27.6 48.2 66.4 85.9 98.2 110.6 120.9 129 136.8 146.3 158.1 168.5 179.3 173.8 156.8 139.7
215.3 215.1 215.2 218.1 220.6 222.2 223.1 225.8 227.7 229 229.8 229.8 229.2 228.3 227 223.6 220.3 215.7 210.2 206.2 203.6 201 197.9 194.3 197.9 204.6 207 208.9 208.7 207.4 206 206 208.8 211 211.1 214 216.3 218.4 219.3 222.2 223.9 226.2 226.4 223.3 220.3 215.1 210.3 205.6 201.5 197.6 192.2 186.7 179.7 171.9 158.7 142.9 129.2 111 84.6 61.1 38.4 21.5 7.3 12.1 21.9 43.6 59.9 78.8 92.6 103.2 114.3 126.4 134.8 144.4 156.2 165.7 180.4 175.2 159.9 143.1
212.7 212.3 213.2 215.4 217.7 219.8 221.4 223.3 225.3 226.5 226.7 226.2 225.3 224.3 223.2 220.9 217.3 214.4 209.7 206.7 203.9 201 197.5 192 194.8 198 199.9 200.4 201.3 202.4 201.9 205.4 209.3 213.5 215.6 218.1 219.8 220.8 221.6 223.8 225.2 227.1 225.1 221.5 217.6 213.7 210.7 206.8 202.4 197.6 192.1 186.1 180 171.8 158.6 144.7 130.9 110.6 86.3 63.1 42.1 24.4 12.7 7.3 17.6 36.4 51.5 67.8 85.9 96.7 109.6 123.1 132.2 141.1 152.7 163.4 174.2 174.8 164.9 148.5
212.4 210.5 210.7 212.5 214.6 216.5 218.9 220.9 222.1 223 223.2 222.3 221.2 220.5 219.6 217.9 215.9 213.7 210.1 206.7 203.9 200.9 196.8 190.2 193.4 195.5 195.6 196.2 196.9 199.8 203.1 206.3 211.5 215.9 219.9 221.9 223.1 224.1 225.1 226.4 227.2 227.2 223.5 219.2 214.1 210.4 207.9 205.6 201.2 196.7 191.6 185.7 179.7 172.2 161 147.4 137.1 115.1 92.3 69.2 48.3 25.7 13.6 7.3 12.8 27 42.6 58.4 73.8 92.4 105.3 117.9 130 138.5 146.9 157 164.4 168.4 163.8 153.6
212.4 210.3 209.2 210.1 211.1 213 215.6 217.6 218.8 219.5 219.4 218.6 218.3 217.9 216.7 215.7 214.5 212.4 209.1 206.4 202.9 199.5 193.4 188.3 188.4 190.3 192.9 194.2 196.1 199.7 203.4 208 213.7 218.2 222.8 225.1 226.3 227.3 228.2 228.6 228.4 227 222.2 216.5 210.1 207.6 205.6 203.8 200 195.8 191 184.9 178.7 170.7 159.5 148.7 140 120.2 97.5 73.7 57.3 36.9 16.8 7.3 11.6 17.1 32.3 47.9 63.5 80.5 98.5 112.7 124.8 135 142.9 151.3 160.3 165.1 164.6 153.7
211.2 209.3 208.8 208.6 208.8 209.4 211.5 213.7 215.2 215.8 216.1 216.1 215.5 214.5 212.9 212.4 211.4 209.9 207.3 203.8 199.6 195.4 191.7 186.8 186.2 190.2 193.2 195.4 198.4 201.8 205.3 209.8 216 220.5 224.1 226.8 227.9 228.3 229.1 228.7 227.8 225.1 221.2 215 210.2 206.6 203.4 201.9 198.1 194.2 190.2 184.2 175.8 164.9 156.8 150.2 142.6 126 105.7 84.2 67.8 48 24.9 13 7.3 13.7 21.9 37.5 53.7 70 88.3 106.8 118.4 130.5 138.1 145.4 153.9 161.2 164.8 162
211.2 209.3 207.7 208.1 206.1 206.9 207.6 208.7 210.7 211.7 211.6 212.1 211.2 209.1 207.5 207.6 207.7 206.7 204.6 201.8 198 193.8 189.1 184.7 185.3 192.1 195.6 198.4 201.2 204.8 208 211 216.8 220.2 223 224.4 225.5 227 226.8 226.7 225 222.6 218.9 215.5 210.4 206.6 203.9 201 198.3 194.9 191.5 185.6 176.9 166.7 158.8 152.3 145.8 136.9 117.8 98.4 79.9 61 37.4 19.1 7.3 10.1 17.2 27.5 43.2 59.6 76.7 96.6 110.5 124.1 134.8 143.1 149.6 155.5 160 160.3
212.1 209.9 208 207.6 206.5 205.3 205.4 206.1 206.3 206.7 207.1 207.5 205.7 203.9 202.4 202.9 203.2 203.5 201.9 199.8 196 191.8 187.2 182.6 188.5 194.2 198 201.3 204.6 207.6 209.7 211.9 215.5 218.8 220.4 221.4 222.3 223.2 224.4 224.8 223.2 221.6 218.1 214.5 211 208.4 206.7 205 202.4 198.5 193.7 188.7 181.9 171.7 162.4 155.1 148.7 144 133.2 118.6 97.1 73 52.3 31.6 12.9 7.3 12 20.5 34.9 49.6 67.5 84.4 104.5 117.8 130.7 141.4 147.3 151 154.1 154.6
215.6 212.5 209.8 206.8 205.8 204.3 204.4 205.4 205.7 203.1 203 202.6 199.4 197.7 196.8 197.9 199.4 200 199 197.3 194 189.8 182.9 183.2 189.5 195.6 199.3 202.2 204.9 207.1 209.9 211 213.9 215.7 217.8 218.8 219.8 220.8 221.3 222.3 222.3 220.5 217.3 214.7 213.1 211.9 210.6 209.6 207.8 204 198.2 192.7 187.2 179.6 169.9 160.4 153.6 149 141.3 126.3 105.6 87 66.5 45.7 25.7 9.7 7.3 15.1 25.7 40.3 58.2 76.2 96.7 111.9 127.1 139.6 145.7 150 151.2 151.2
219 215.3 212.2 209.1 206 204 203.8 204.7 204.9 203.1 200.1 197.6 194.1 192.2 190.7 190.5 191.5 193.8 194.5 193.7 191.1 186.4 182.3 185.9 191.9 196.8 199.6 202.5 203.5 205.6 208.8 210.5 211.8 213 215.1 216.3 217.3 218.3 219.4 220.2 220.5 219.5 218.6 216.1 214.9 214.6 214.5 214.1 212.7 209.5 203.5 199 192.2 186.1 179.6 172.3 164.4 158.5 149.3 132.8 121.3 99.2 79.2 58.8 38.3 16.2 7.3 11.2 18 32 48.8 67.4 86.8 107.1 120.7 135.3 145.7 149.6 151 150.5
223.4 218.2 214.6 211.3 208.1 205.4 203.2 201.7 203.8 202.6 199.1 193.9 193.3 192 190.7 189 187.5 187.8 186.8 187 185.8 182.4 178.5 184.2 191.7 196.3 199.5 202.1 202.1 205.1 207.8 209.4 208.8 210.4 212.4 213.7 214.7 215.7 216.7 218.2 217.8 217.5 217.1 217 218 218.3 218.7 217.6 216.1 213.2 208.9 204 199.4 192.7 188.5 180.8 174.1 170 159 145.8 138.1 112.5 89.9 69.3 47.9 30 12.7 7.3 13.1 26.9 41.3 58.5 78.9 99.9 112.3 127.2 145.2 151.1 153.4 152.7
228.2 223 219.2 215.5 210.9 207.5 204.9 201.1 199.6 199 199.6 200 198.4 195.9 193.8 191 188.9 184.3 182.6 181.3 180.6 178 176.3 179.7 187.8 193 197.3 198.9 201 202.6 205.4 205.8 205.9 207.1 207.7 210.4 212 213 214.7 217.6 217.2 217.3 218.1 218.6 217.7 218 219.4 219.7 218.2 215.4 211.1 207.5 203.9 199.8 195.4 190.4 184.1 178.9 166.2 148.9 135 121.7 101.9 74.6 56.5 39.4 19 7.3 7.3 21.6 35 49.5 68.2 86.3 104 123.6 139.8 150.4 153.8 154.5
232.6 226.3 223.1 219.5 214.9 210.4 207.6 204.3 204.8 205.1 207.5 205.6 203.4 200.8 199 195.3 191.6 189.4 186 182.9 181.5 179.1 176.7 174.3 177.5 181.9 189.5 192 195.9 198.2 199.2 199.8 200.2 201.4 203.1 206.5 208.5 210.4 212.6 214.1 214.6 214.5 217.7 217.1 212.3 212 213.2 213.6 212.7 211.7 211.7 210.2 208.2 203.5 198.9 194.9 189.8 184.5 171 158.9 148 133.4 112 79.5 64.4 46.4 27.3 12.5 7.3 16.1 30.1 43.5 61.5 80.7 103.1 119.5 133.5 146.1 153.9 155.2
235.5 231.7 227.6 223.8 219.8 215.6 211.8 207.9 207.6 210.6 211.2 210.7 208.5 206.1 203.4 200.1 196.3 193.3 189.3 186.9 184.7 182.9 180.2 176.5 172.6 173.9 178 182.9 186.8 189.8 190.5 191.3 193.6 194.5 198.6 201.9 204.2 206.2 207.8 207.9 208.3 209.6 212.6 210.9 207.5 207.1 206.8 206.8 206.4 206 208 205.5 203.3 201.6 198.6 195.2 190.2 183.5 180.5 173.7 159.9 143.6 120.6 91 72.3 54.6 34.5 15.3 7.3 13.8 25.8 36.7 51.9 71 90.6 112.4 127.2 138.8 148.9 153.8
236.1 235.7 232.7 229.1 225.8 221.8 216.4 212.8 212 212.4 214.6 214.7 213.1 209.9 207.9 204.4 200.6 195.8 192 189.9 187.6 185.6 183.6 180 176.8 171.6 171.2 175.9 180.5 182.6 184.1 183.8 187 188.9 192.1 196.7 199.5 201.4 202.6 202.3 203.4 203.9 206.4 204.1 203.2 202.3 200.6 198.5 199.5 201.3 199.5 198.2 197.3 195.5 193.9 191 187.6 183.1 181.3 181.5 168.6 148.8 127.3 105 82.4 62.7 42.6 22.6 7.3 8.6 20.5 32.3 45.2 61.8 81.3 100 115.7 130.7 140.4 148.5
233.3 234.1 235.8 235.7 232.4 228 222.6 217.9 216.7 215.4 218.1 218.6 216.9 214.5 210.7 206.8 203.1 199.1 195.9 193.9 191.4 189 186.4 182.2 178.6 175.7 171.4 169.9 173.3 174.1 175.2 175.6 178.2 183.1 188 191.1 194.4 193.6 195.4 190.2 192.5 196.1 198.2 198.2 198 196.1 193.8 192.1 191 190.9 190 189.4 189.8 189.1 186.2 185.3 182.4 182 178.6 178.2 173.6 153 134 112.8 87.7 67.1 51.9 33 14.4 7.3 16.1 23.9 35 50.5 71.1 86.7 107.7 120.2 132.1 141
231.3 234.6 236.9 239.1 238.9 234.3 229.4 224.7 222.5 221 221.1 220.8 219.1 217 213.4 209.5 205.4 203.7 201.3 199 196.2 193.3 190.3 186.7 183.2 179.1 177.2 170.1 166.2 163.5 160.7 161.8 168.1 173.5 180.4 188.3 187.1 183.4 180.6 178 181.2 187 189.5 188.2 185.9 178.5 170.6 170.5 171.5 169.6 173.7 179.3 178.3 180 179.8 176.8 173.3 172.6 174.2 174.5 174 154.2 136.6 118.1 92 73.9 57.7 40.9 20.5 7.3 12.2 19.1 26.5 39.7 56.5 73.4 89.8 107 122.4 131.1
231.1 234.8 239.3 242.1 242.8 240.2 236.2 231.5 227.3 226.5 226.5 224.5 221.5 217.6 215.1 212.1 208.9 207 204.2 200.4 198 197 195.9 192.4 188.6 185.2 180.2 175.4 177.1 172.8 168.4 159.8 158.3 164.3 172.8 179.9 179.8 176.9 172.7 165.7 168.8 173.7 174.4 173.5 168.8 161.2 156.3 149.3 146 144.4 150.1 155.8 159.3 162.4 165 161.9 158 160.3 163.5 166 166.7 159.9 145.2 124 100.1 82.5 65.2 48.5 28.4 8.6 7.3 12.3 19 29.7 43.6 60.2 76.7 93.1 107.4 117.1
231.8 236.6 240.7 243.7 246.4 245.7 241.1 235.3 232.7 232.4 231 227.3 224.4 218.8 218.9 216.1 213.2 211.2 207.2 203.9 202.3 200.3 198.9 196.7 193.3 189.2 184.2 182.4 182.9 180.4 175.3 166.6 157.4 155.8 163.1 170.1 170.7 169.9 160.3 153.1 154.7 156 154.5 153.5 149.3 148.8 145.2 137.5 128.8 125.4 128.8 129.6 133.6 140.8 142.1 139.7 137.7 142.2 148.9 156.9 158.4 157.3 149.1 128.7 109.8 92.1 74.3 56.5 38.1 18.9 7.3 13.3 17.6 21.3 31.3 47.6 63.7 79.2 92.4 102.3
233.2 238.6 243.2 246.8 250.2 252.4 247.7 242.4 239.4 239.9 239.3 232.8 226.7 229.7 228.5 223.7 221.3 218.3 212.7 209.7 207.7 205.2 201.6 199.1 196 192.4 188.5 188.1 187 184.8 182.6 175.1 163 147.9 151.9 156.2 161.3 162.3 151.4 139.8 141.3 139 137.5 138.1 137.4 135.5 132 127.3 119.6 111.6 110 104.2 108.9 114.4 119.6 116.4 117.7 123.2 130.2 138.9 148.8 153.9 149.7 131.9 115.6 97.8 79.9 63.9 46 26.9 8 7.3 14.2 16.6 24.3 38.6 51.6 65.1 77.2 87.8
234.1 239.7 244.4 247.9 253.2 257 254 251.4 248.8 248.6 247.6 239.9 234.4 239.6 232.5 232.2 230.3 225.2 221.5 217.6 212.7 210.1 206.5 203.1 198.7 193.7 194 192.9 191.3 189.1 186.9 178.9 171.1 157.5 144.3 141.4 141 140.7 140.6 138.2 137 132.3 130 128.5 125.8 122.1 120.1 115.7 109 102.1 96.5 95.1 89.8 92.9 94.9 93.6 96.2 104.2 111.7 120.7 131.7 141.1 148.2 138.6 122.2 106 88.4 71.5 53.6 35.5 18.9 7.3 12.1 12.1 19 29.4 41.3 54.9 63.5 73.4
235.4 239.6 244.6 248.9 254 258.8 261.4 260.5 257.2 254 251.6 244.4 245.7 244.3 239.5 242.1 240.6 233.3 232.8 228.7 221.7 216.3 210.9 205.1 199.5 197.9 198.8 197.7 195.7 193.5 191.2 188.3 178.9 171 160.6 153.7 151.2 150.7 151.3 150.6 150 147.9 142.5 135.3 129.7 123.9 121.3 118.5 116.5 114.2 109.6 105.7 97.9 91.3 87 81.6 76.9 81.6 93.2 104.3 114.7 125.3 133.1 139.3 131.3 113.5 96.5 80.9 61.9 45.5 30.5 13.6 7.3 12.2 12.4 23.1 32.9 42.6 51.1 59.9
236.2 239.3 243.5 249 254 259.9 264 272.5 269.9 261 256.2 252.9 252.4 247.7 246.8 250.6 248.7 243.3 240.6 232.7 224.2 217.7 212.5 207 203.7 204.2 203 201.7 199.6 197.2 194.9 191.7 185.5 179.3 174.3 169 165.4 164.4 165.9 167.9 166.7 162.1 157.5 149 142.6 136.6 135 132.3 131.2 128.2 123.4 121.9 113.1 106.9 100.9 94.9 87.7 73.6 77.2 89.5 103.1 111.8 118.4 125.2 134.4 121.3 104.6 89.5 72.1 57.1 41.9 24.7 8.9 7.3 12.4 14.4 22 28.6 36.4 43.7
235.3 238.5 242.3 247.3 253 258.7 262.6 276.8 274.6 261.9 261.1 255.7 258.1 256.2 256 254.7 251.5 244.8 236.9 228.4 220.5 214 210.3 207.3 207.9 208.2 208.4 205 203.1 200.9 198.7 195.1 192 187.4 184.5 180.3 177 178.1 181.9 185.7 181.5 176.7 170.8 163.1 156.2 152.1 150.1 149.4 148.5 147.4 142.9 138.4 131.6 125.3 119.3 111.1 97.3 84.6 69.1 74.9 89.5 96 100 109.3 120.3 129.9 113 97.9 84.4 73.1 52.5 36.3 21.7 7.6 7.3 11.2 13.5 16.6 23.1 26.4
234.2 237.3 241.8 246.2 251.8 257.3 262.6 272.4 277.1 270.3 267 265 263.8 260.1 260 256.5 248.1 240.2 234.4 227.1 220.3 215.4 211.4 210.5 211.7 213.8 215.7 211.9 208 204.5 201.8 198.7 196.6 194.2 193.2 191.7 189.2 190.8 190.7 190.4 188.9 186.8 184.4 177.2 169.8 167.8 167.1 166.1 165.7 167.6 163 157 150.3 143.7 137.4 124.5 111.1 97 78.2 65.3 70.3 74.5 83 93.9 105.3 118.1 120.5 107.9 92.9 78.7 61.3 47.4 34.4 20.1 9 7.3 7.3 7.3 13.4 15.3
233.3 237.1 240.2 245 250.5 255.8 260.8 266.7 272.8 274.7 270.3 271.6 267.7 265.4 261.1 252.9 246.6 241.6 236.5 227.9 221.2 217 214.5 215.5 217.6 220.3 221.1 217.2 213.3 209.5 206.4 203.8 200.9 197.7 197.2 197.6 196.7 196.6 196.7 196.3 194.3 191.8 188.9 186.4 182.7 179 178.6 179.9 183.6 186.1 183.8 176 168.9 162.4 152.9 139.8 126.3 113.7 94 75.8 66.9 59.2 66.5 78.2 91.7 102.6 105.6 105.1 97.2 86.4 71.1 56.1 41.8 27.3 13.8 12.7 9.5 7.3 7.3 10
233.2 235.9 239 243.7 248.7 253.4 259.2 263.5 271 278.1 277 273.8 270.1 265.9 261.3 253 250.4 247.7 240.8 234 226.8 220 220 222.2 223.6 228.8 225.7 222.7 218 214.2 211.1 208.1 204.8 202 201.3 201.5 201.8 202.6 202.6 201.7 199.3 196.7 193.5 191.1 190.5 191.1 190.2 195.1 195.9 194.3 191.8 187.2 181.1 174.3 168.2 156.3 144.6 128.8 110.8 89.9 76.2 67.2 56.8 63.4 77.6 88 90.2 90.2 89.7 84.3 73.8 63.5 47.9 28.5 15.2 18 15.5 12 8.9 7.3
233.3 236.3 239.3 242.7 247 251.4 256.1 260.4 267.2 274 279.9 275.6 271.8 267.4 262.2 258.6 256.8 253.6 246.9 238.1 231.9 228.4 227.5 228.7 232 234.6 230.8 226.8 223.7 218.9 215.5 211.5 208.3 207.2 206.7 207.2 207.1 207.2 205.3 203.7 201.7 199.8 198.1 196.3 195.3 195.7 197.6 198.4 198.7 199 198.2 192.9 187.6 181.9 178.3 173.3 161.4 145.8 126.1 106 86.8 75.7 64.4 53 60 72.7 75.5 75.1 74.6 74.1 71.2 60.1 44.2 29.1 17.2 23.7 22.3 16.2 13 10.4
233.6 236.2 238.2 241 244.7 248.6 253.9 257.3 263.9 271.2 277.7 278.7 275.5 271.3 266.6 262.9 261.4 257.3 248.9 241.8 239.2 236.2 235.6 235.6 241.5 243.5 238.6 234 230.2 224.5 220.7 215.5 213.1 212.8 212.2 211.6 210.7 210.6 208.4 206.7 205 202.9 201.6 198.7 197.4 198.7 199.6 201.2 203.9 205.5 204.3 200.1 195.6 191.6 187.7 181.4 173.8 160.1 140.5 121.4 102.6 84.6 72.2 60.7 47.4 56.9 60.2 59.9 59.5 59.1 56.1 48.5 39.1 28.5 20 32.7 28.5 26 18.6 14.4
232.6 234.1 236.7 239.6 243.2 246.8 250.8 255.9 261.8 268.4 275.6 283.4 280.4 276.6 272 265.8 263.6 258.2 250.6 246.3 241.1 240.2 242.4 244.7 248.3 248.9 246.7 242.2 237.2 232.1 226.8 222.8 219.9 218.5 216.3 216 215.1 214.4 214 212 209.4 207.8 205.8 202.5 202.2 202.1 204 205.6 207.4 209.1 208.2 206.6 204 199.8 195.6 189.6 180.5 171.7 156.1 136.1 118.1 98.7 82.6 67 49.6 42.9 44.1 43.6 42.7 39.6 33.6 30.4 28.6 23.8 19.4 35.7 40.8 41.2 31.1 20.3
231.7 234.5 237.5 240 242.4 246.2 250.5 254.7 260.3 266.3 273.8 282.5 283.9 282.7 277.4 269.5 263.7 256.5 251.8 249.9 248.8 249.8 250.4 252.3 253.9 251.9 249.9 246.6 242.9 237.6 233.2 230.1 226.9 224 222.1 222.9 220.9 220.1 220.3 219.4 218 215.1 211.2 209.6 206.8 207.7 208.3 207.6 208.4 209.7 209.4 209.4 208.2 204.2 202 195 186.6 178.1 168.5 152.1 134.9 115.7 95.6 73.9 61.9 50.9 42.3 35.7 31.5 29.8 31.3 31.4 32.1 26.6 31.6 42.9 50.9 54.5 46.9 33.6
231.6 234.1 238.1 241.5 243.6 246 248.5 252.5 258.3 264.4 272.1 279.7 281.8 283.2 282.9 273.1 265.2 257.6 256.1 255.7 258.5 258.2 257.8 258.8 256.8 254 251.6 248.8 245.6 243.3 240.2 236.7 232.8 228.9 227.9 227.2 226.4 226 225.8 224.4 221.8 219.7 216.4 213.2 211.5 211.3 210.7 209.8 209.1 209.9 209.3 209.1 207.4 204.1 201.1 196.5 190.5 182.8 174.1 164.4 149.1 127.6 106.6 90.3 77.6 64.7 54.5 41.4 40.7 43.5 42.1 43.4 45.7 47.7 51 55.9 61.3 62.7 57 48.1
