Game/Highland_Data/StreamingAssets/GeoData/Data/so/SO57.asc
ncols 200
nrows 200
xllcorner 350000
yllcorner 270000
cellsize 50
[rows 0 to 34 of 200, columns 0 to 78 of 200]
107.6 108.1 109 110.7 112.7 114.7 117.5 120.1 124.8 132.7 139.6 146.7 153.2 160.7 171.3 184.2 196.2 207 214 217.9 220.1 223.1 224.6 226 227.5 230 232.9 235.5 238.5 241.5 244.6 247 249.5 251.2 252.4 253.1 252.3 251.5 251.9 252.5 252.5 252.2 252.3 253 253.2 253.9 253.2 251.3 248.5 245.7 241 236.1 231 227.1 220.9 217.5 216.7 215.5 213.2 211.7 211.6 211.2 208.5 205.9 203 199.2 194.4 190.9 186.1 179.1 167.5 175.6 183 185.2 184.5 179.6 171.6 165.2 175
106.9 107.5 108.5 110.3 112.2 114.3 116.1 119.1 124.1 130.9 139.3 149.1 157.3 165.4 178.8 193.7 205.5 214.9 218 218.6 221 222 222.9 224.3 226 228.9 232.4 235.9 239 242.1 245.1 247.3 249.2 249.5 250.2 250.5 250.2 248.4 248.2 249 249.5 249.6 249.9 251.2 252 252.8 253.5 252.4 249.8 247.2 243.7 239.5 234.4 229.7 225.2 219.9 214.3 211 207.8 207.6 206.6 205.9 204.6 203.2 201.3 198.1 194.1 189 185.6 180.4 172.9 165.2 172.5 176.4 178 175.7 170.1 163.1 172.7
106 106.5 108 109.8 111.8 113.7 116.1 118.7 122.7 128.8 137.6 148 158.3 169.6 183.9 198.4 211.8 217.8 218.8 218.4 219.3 220.1 221.2 222.7 225.1 228.7 232.3 235.8 239.1 242.2 244.9 247.1 248.6 248.6 247.3 247.3 246.8 245.6 244.4 245.2 246.9 247.2 247.5 248.8 250.5 252.1 253.5 253 251.2 249.1 245.7 241.7 237.1 232.5 227.4 222.3 218 214.1 209 203.8 199.4 200.1 199 197.3 196.2 194.7 191.3 186.9 183.4 179 174.6 164.4 161.7 166.7 170.9 171 166.9 159.9 168.9
105 105.9 107.6 109.4 111.3 113.8 116.3 118.8 122.6 128.2 137.7 148.6 159.9 172.4 187.7 204 215.1 217.9 218 217.2 217.4 218.2 220.2 222.6 225.3 228.7 232.3 235.7 239.1 242.2 244.7 246.7 248.1 246.8 244.9 243.8 243.4 242.9 241.7 241.4 244 244.7 245.6 247.6 249.7 251.6 253.5 253.2 252 250.1 247.5 243.7 239.3 234.8 230 225.4 220.9 216.3 210.7 206 200.9 192 189.4 191.8 188.7 182.1 178.5 176.9 173 167.7 162.7 158.2 155.3 159.7 161.9 162.4 161.7 156.5 164.5
103.9 105.6 107.4 109.2 111.2 113.6 116.1 118.9 122.8 129.4 137.9 148.9 160.4 175.1 191.2 211.1 215.8 216.8 216.4 214.7 215.2 217.8 220.3 222.9 225.8 229.1 232.3 235.6 239 242 244.1 246.1 246.7 245.1 242.3 240.1 239.7 239.4 238.4 238 240.3 242 244.3 246.8 249.5 251.7 253.4 253.7 252.7 250.6 248.1 244.5 240.1 235.2 230.6 226.2 222 217.8 212.2 207.7 202.9 198.9 187.8 183 181.5 180.8 179.5 175.5 171.6 169.4 169.3 164.7 159.8 154.2 150.5 153.5 156.1 154.1 158.7
104.4 105.9 107.4 109.3 111.3 113.5 116.2 118.9 123.1 129.9 137.2 146.7 158.3 174.1 192.2 204.3 209.5 209.7 209.6 206.7 213.6 217.2 220.7 223.5 226.6 230.1 233.1 235.9 239.1 241.4 243 244.7 245 242.8 239.8 237.5 235.6 235.7 235.3 236.1 239 241.9 244.8 247.6 250 252.7 253.1 253.2 253.4 251.6 249 245.1 240.3 235.4 230.9 226.7 222.6 219 213.7 209.2 205.6 199.9 198.1 198.2 197.5 195.6 190.8 188.4 185.3 178.6 176 172.1 167.7 164.1 160.8 156.3 150.9 147.4 152.5
105 106.6 108.4 109.9 111.9 113.9 116.2 118.8 123.1 128.7 136.5 143.8 155.5 168.8 183.5 193.1 194.8 195.9 192.8 208.7 214.3 217.9 222 224.8 227.9 231.1 233.8 236.6 239 240 241.6 242.8 242.3 241.1 237.7 234.8 230.4 230.8 233.7 237.3 241.2 244.1 246.1 248.5 251.5 253.8 254.6 255 254.8 253.5 250.9 246.7 241.9 237.1 232.8 228.1 223.6 219.6 215.7 211.5 208.1 206.3 207.1 207.2 205.7 203.1 199.6 195.3 191.2 186.1 182 177.9 174.3 170.3 166.8 163.7 159.9 154.9 147.4
106.7 107.8 109.6 110.4 112.4 114.4 116.5 119.7 124 129.3 135.4 142 150.6 161.2 169.1 175.1 176.8 175.4 197.9 208.7 214.7 219 223.1 226.2 229.5 232.3 234.7 237.2 238.5 239.5 240.4 240.3 239.7 238.9 235.8 231.7 225.8 229.2 235 239.4 242.8 245.7 248.1 250.3 253 255.1 256.1 256.9 256 255.2 252.6 248.4 243.5 238.9 234.7 230.1 226.1 222.4 219.1 216.2 213.6 213.3 213.7 213.1 210.5 207.2 204 199.7 195.9 191.4 186.9 182.3 178.2 174.4 170.9 167.5 164.1 157.5 150.4
108.9 109.7 110.5 111 113 114.7 116.2 118.9 124.4 129 134.6 141.1 146.8 149.6 150.5 153.1 164.7 178.9 196.3 209 215.4 219.8 224.1 227.6 230.7 233.5 235.8 236.8 237.3 237.8 237.8 237.2 236.4 235.1 231.9 226.2 224.7 232.2 236.2 239.2 243.3 246.5 249.6 252.2 254.5 256.4 257.4 257.7 256.8 255.4 253.6 250 245.1 240.6 236.5 232.7 228.8 225.2 222.8 220.4 218.8 218 217 214.7 212 209.3 206.6 203.5 200.4 196.2 190.7 185.4 181.6 177.8 174.1 170.3 166.2 158.6 150.3
110.3 110 109.6 110.5 111.4 112.6 114.3 116.5 121 126.5 132.1 135.9 138 141.3 146.7 154.4 164.7 181.1 196.6 209.7 215.6 219.9 224 228.3 231.6 234.1 235.6 235.7 235.1 234.8 234.2 233.5 232.5 229.8 225.9 216.5 225.4 232.2 235.1 237.8 242.2 246.5 249.8 252.8 255.4 257.1 258 258.2 256.8 255.2 253.4 250.5 246.3 241.9 237.5 233.7 230.7 227.6 224.1 223.2 221.9 219.6 217.2 214.9 212.2 209.5 206.1 202.9 200 196 191.4 187.4 182.4 178.8 175.3 171.3 165.7 157.1 149.8
109.2 108.6 108.5 109.7 110.7 111.8 113.5 115.8 119.6 124.8 128.6 131.9 134.2 138.6 144.8 153 163.2 178.9 197.2 208.5 215.2 219.9 223.9 228.2 231.8 233.6 234.2 233.5 232.1 231.2 230.6 230 228.4 225.7 217.7 213.2 223.3 229.6 233 236.8 241.1 245.4 249.7 252.6 254.8 256.8 257.6 257.2 255.8 254.3 252.5 250.8 246.8 241.7 237 232.8 229.5 226.5 224 222.3 220.9 219.1 216.8 214.6 212 209.2 205.3 201.8 197.9 194 190.3 186.3 182.9 178.5 172.2 167.8 161.2 154.3 148.3
107.8 107 107.7 108.9 110 111.4 113.2 115.5 118.3 122.3 125.8 128.4 131.9 137.3 143.6 151.2 161.5 176.7 195.4 206.8 213.7 219.2 223.6 227.2 230.7 232.2 232 230.9 229.1 227.8 227 226.4 224.4 220.3 213.4 210.6 219.6 228.4 232.9 236.7 240.5 244.8 249 251.7 254.1 256.2 256.9 256.1 254.6 252.9 251.1 249.7 246.1 241.2 236.2 231.5 228 225.1 223.1 221.1 219 217.1 215.3 213.9 211.7 208.7 204.9 201.4 197.4 193.7 189.2 184.9 180.6 174.6 168 162.2 155.9 150.7 146.8
105.4 106.1 107.2 108.4 109.5 111.5 113.3 115.1 117.7 120.3 123.5 126.5 131 136.3 142.7 150.1 160.5 175.3 192.9 204.9 212.4 218 222.2 225.7 229 230 229.4 228.2 226.1 224.4 223.6 223 220.5 214.6 204.6 212.1 222.2 228.8 232.3 235.2 239.8 243.9 247.9 250.8 252.9 255 256 254.9 253.2 251.4 249.5 246.2 242.2 238 234.1 229.4 225.9 222.4 220 218.3 216.4 214.3 212.8 211.2 210.4 208.4 205.3 201.6 197.7 194.4 189.9 184.7 178.6 172.4 166.5 161.2 154.9 149 145.2
104.4 105.8 107 108.2 109.5 111.6 113.6 115.4 117.7 120.2 123.3 127.2 131.2 136.4 142.9 150.4 160.8 174.2 192.8 204.6 211 216.3 220.6 223.7 226 227.5 226.7 225.2 223.1 221.1 220.3 219.7 217.3 212.2 200.7 210.6 220.6 226.8 230.3 234.2 238.2 242.1 246 248.4 250.3 252.3 253.3 253.2 251.5 249.8 247 242.9 238 234.6 231.4 227.9 224.8 220.9 214 214.7 212.6 210.1 208.4 207.7 208.1 206.6 204.9 202.5 199.2 195.7 190.9 185.2 179.3 174 168.4 161.9 155.8 150.1 145.6
103.9 105.3 106.7 108 109.6 111.6 113.7 115.9 118.4 120.5 123.5 127.4 131.8 136.8 143.6 151.1 161.3 175 189.7 202.4 210.1 214.9 218.8 221.4 222.9 224.2 223.8 222.5 220.5 218.4 217 216.5 214.4 210.4 196.7 208.8 217.5 224.7 229.2 233 236.7 240.5 243.9 246.1 248 249.6 250.6 251 250 248.4 245.4 241.4 236.6 232.8 229.2 226.4 223.7 220.4 216 213 210 206.8 204.6 203.6 204.3 203.9 202.6 200.6 197.7 194 189.2 183.6 177.5 171.3 164.2 157.7 152.8 148.9 144.9
103.5 104.8 106.1 107.3 108.5 110.2 112.1 115.1 118.1 120.8 123.9 127.8 132.8 137 144.8 152.7 162.3 176.5 190.2 202.7 209.4 213.8 216.5 218.8 220 221 220.5 219.1 217.7 216.3 214.3 212.3 209.4 205 194.8 206.4 216.7 223.9 228.4 232.5 236 238.9 241.6 243.8 245.6 247.2 248.4 248.7 248.8 247.1 244.1 240 235.8 230.6 225.4 222.1 219.8 215.9 212.2 210.9 207.6 205 203.1 201.3 200.5 199.9 199.1 197.3 194.9 191.3 187.2 182.3 176.2 168.9 160.6 154.9 149.3 146.7 144.8
102.6 103.5 104.7 105.9 107.2 108.8 110.9 113.7 116.6 119.6 122.8 127 130.9 135.5 143.4 152.9 164.8 179.3 192.4 203.2 209.2 212.1 214.2 216 217.1 217.3 217 215.7 214.3 213 210.7 207.7 204.9 196.5 194 206.7 215.7 222.7 227.6 230.7 233.5 236.2 238.8 241.2 243.1 244.8 246.2 246.6 246.5 245.8 242.9 238.3 233.2 228.7 224.4 219.7 213.4 209.6 206.9 205.6 205.2 203.7 201.2 198.5 196.3 195.6 195 194.2 192.6 190.1 186.8 181.8 176 171.1 166.4 160.9 155.8 153.5 151.5
101.8 102.2 103.4 104.6 105.9 107.9 110.1 112.7 115.5 117.8 121.1 124.9 128.9 134.2 141.7 153.3 166.3 181.6 195.3 204 208.5 210.7 212.1 213.5 213.8 213.7 212.9 211.4 210.1 208.6 205.3 202.2 198.9 189.3 198.2 207.3 214.9 221.8 226 228.1 230.7 233.4 235.9 238.4 240.5 242.3 243.8 244.7 244.8 243.8 241.3 237.4 232.4 227.3 222.8 216.6 209.7 203 200.4 198.9 198.2 198.6 197.2 193.7 191.7 190.6 189.5 188.4 188.6 188 186.6 183.4 180 175.5 171.3 166.8 162.5 160.1 156.8
100.8 101.1 102.2 103.6 105.2 107.2 109.4 111.7 114.7 116.8 119.7 123.1 127.6 133.5 142.1 153.8 172.4 188.2 197.5 204.4 207.9 209.6 210.4 211.1 210.7 209.8 208.5 207 205.1 203.9 200.2 196.5 188.9 184.4 196.3 207.3 214.7 220.5 223.7 225.6 228 230.5 233 235.6 237.7 240.2 242.9 243.9 243.5 241.6 239.2 235.7 230.6 225.6 220 213 206 198.1 193.3 192.1 192.8 193.3 193 190.8 188.9 186.5 184.2 182.5 182.7 185.1 186.6 186.2 183.9 179.9 175.5 171.1 167.8 164.4 160
99.9 100.6 101.9 103.4 105.1 107 109.1 111.1 113.8 116.5 119.6 124.1 129.7 137.6 151.4 161.7 178.9 190.7 198.9 204.7 207.4 208 208.5 207.9 207.4 206.2 204.9 202.3 199.3 197.3 194.4 189.5 179 186.9 199.6 208.4 214.7 217.9 220.1 222.6 225.5 228.2 231 233.6 237.2 240.5 243 243 242.6 239.9 236.8 232.9 228.7 223.2 217.5 211.4 204.8 198 190.8 184.2 186.5 187.3 187.9 188.3 187.3 185.4 182.4 178.9 176.6 180.1 183.5 185.2 184.3 181.8 178.5 174.1 170.7 166.9 163
99.5 100.4 101.8 103.2 105 106.8 108.8 110.8 113.5 116.4 120.5 125.6 131.9 141.9 156.4 172 183.3 192.4 200.2 204.2 206 205.9 205.5 204.8 203.5 202.4 199.7 196.2 193.2 191.1 190.2 184.3 175.2 187.1 197.3 204.2 209.8 213.7 215.9 219.9 223.6 227.1 230.2 234.3 237.7 240.8 242.8 243 241.5 238.5 235.5 231.7 228 222.7 217.5 212.9 207.9 201.3 194.2 187.4 179.7 180.2 181.1 183.1 183.9 183.2 181.7 179 171.8 172.5 177.1 181.7 182.3 182 179.1 175.2 171.4 168.8 165.6
99.1 100.1 101.6 103 104.9 106.7 108.5 110.5 113.6 116.9 120.8 125.9 133.4 143.7 157.7 172.8 183.2 191.6 199.3 202.8 204.3 203.7 201.8 198.6 196.5 195.2 192.8 189.4 186 185.6 183.3 175.2 176.6 182 186.6 193.2 202.9 206.9 214 219.9 223.8 227.2 230.9 234.9 238.2 241.1 243 243.7 242.1 239.1 235.5 231.5 227.2 223 218.8 214.9 210.1 204.6 198.6 191.3 183.7 174.8 173.8 176.4 178.8 177.8 177 176.3 175.1 162.3 167.4 174.5 181 181.9 179.2 175.9 172.5 169.1 165.5
100.4 100.8 101.8 103.3 104.9 106.7 108.7 110.9 113.4 116.7 121.1 126 133.1 143.3 156.5 170.5 180.7 189.2 196.6 199.9 200.2 197.4 192.3 188.9 185.3 182.2 181.3 179.3 176.5 173.6 171.8 170.4 178.5 187.7 195.8 202.9 209.2 214.6 217.6 220.7 225.6 229 232.7 236.3 239.2 241.6 243.7 243.8 242.3 239.4 235.6 231.8 227.4 223.2 218.9 215.3 210.8 206 200.3 193.2 184.6 177.6 172.1 169.4 172.2 172.1 169.6 168.9 166.7 160.7 157.9 167.6 176.4 178.8 178.1 175.1 171.7 167.8 164.5
102.5 102.3 102.2 103.5 105 106.8 108.9 111.1 113.2 116.6 121.1 125.7 131.6 141 152.8 165.9 177.5 185.6 194.8 194.5 192.3 186.7 178.3 173.4 167.9 164.4 163.7 166.1 165.1 164.5 172.2 178.5 183.3 193.3 201.9 208.8 214.4 218.4 221.8 224.6 227.5 231.6 235.5 238.2 240.7 242.6 243.8 244.3 243.2 240.4 236.2 232.5 227.6 222.8 216.9 212.1 208.2 202.1 195.9 189.8 182.8 177.8 172.8 167.9 161.3 163.1 160.6 159.1 157.5 155.4 151 160.6 168.9 175.3 175.7 173.8 170 166.1 163.1
105.7 104.7 104 104.6 105.5 106.9 109 111.1 113.3 116.6 120.6 125.6 131.4 138.6 149.8 162.6 173.4 183 190.8 191.3 184.2 171 163 155.4 154.3 155 155 160.7 166.6 170.8 177.3 183.3 189.1 195.6 204 211.3 216.1 220.3 224 227.9 230.7 234.5 237.3 240 241.9 243.6 244.4 244.7 243.8 241.5 237.5 232.6 227.5 223 216.9 211.6 206 199.2 192.5 186.7 183.4 180.1 175 171.3 167.1 162.5 158.7 152.7 150.7 146.4 147.3 154.7 162.1 168.4 171.3 171.3 168.3 165.4 161.8
107.5 106.4 106 106.4 106.9 107.7 109.2 111 113.4 116.8 121.1 125.8 131.7 137.8 147.3 157.9 169.4 179.4 185.6 186.9 168.9 158.9 151.8 146.9 141.6 157 163.4 170 174.7 177.1 182.2 187.7 193.4 199.5 206.9 212.2 217.1 222 225.5 229.4 233.3 236.5 239.2 241 242.7 244.1 244.7 244.6 242.6 240.1 236.2 232.4 227.6 223.2 218.4 213.6 208.2 202 196.1 192.4 188.8 184.9 180.9 178.9 175.1 170.8 166.8 161.9 159.2 152.1 143.6 146.6 153 160 165.3 167.5 165.5 162.1 156.8
105.9 106.3 106.2 107.3 107.7 108.7 109.7 110.9 113.1 116 120.8 126 130.5 134.8 144 154 164.1 174 179.4 173.6 157.1 149.8 144.7 137.1 156 163.8 172.1 180.3 189.4 186.9 186.2 192.3 197.7 203.7 210.8 215.3 219.9 223.9 227 230.9 235 238 240.3 242 243.6 244.5 244.8 244.3 242.6 239.7 236.2 232.5 228.7 224.6 220.9 215.9 210.6 205.2 200.7 196.4 193 189.8 187.5 185.8 182.2 178.1 173.8 171.1 166.7 158.3 151.6 140.7 143.6 151.1 158.2 160.6 157.5 152.2 147.4
104.8 105.2 105.9 107 108.1 108.7 109 110.8 112.9 115.2 119.2 123.1 126.7 131.9 140.5 150.5 159.7 166.5 168.1 162.5 148.7 141.5 136.5 147.2 159.1 168.5 177.9 187.9 195.6 194.9 192.5 196.6 201.8 207.9 214.4 218.9 222.9 225.9 228.6 232.6 236.7 239.2 241.2 243 243.6 244.2 243.7 242.9 241.4 239.4 236.1 232.9 229 225.1 220.8 215.9 211.1 206.6 202.2 198.6 195.2 192.5 189.8 186.5 182.7 179.4 175.9 175.4 171.8 164.6 157.3 149.4 138.4 141.9 146.8 148 145.2 142.7 140.1
103.8 104.5 105.6 106.4 107.1 107.9 108.5 110.7 112.9 115 117.4 120.6 124.2 130 137.5 146 154.6 159.9 160.2 152.7 143.2 134.4 143.4 148.9 159.7 170.6 181.8 195.2 200.6 200.2 199.9 202.2 205.9 212.4 217.6 222.4 225.8 228.4 230.5 233.3 237.3 239.6 241.2 242.1 242.9 242.4 241.6 240.1 238.1 236 233.8 230.2 227.7 223.8 219.9 215.2 210.6 205.9 201.1 197.3 192.9 190.2 186.9 183.4 180.1 177.1 174.6 172.4 167.8 163.6 158.9 150.6 142.3 137.2 137.5 138.4 138 136.6 135.3
104.2 103.8 104.6 105.4 106.1 106.9 108.2 110.2 112.1 113.9 116.1 119.4 123.2 129.3 134.7 142.2 149.1 153 152 143.8 136.1 130.2 142 150.3 161.8 173.6 185.7 198.1 204 204.4 205.1 207.6 210.7 216.1 221.1 225.5 228.5 230.7 232.2 234.8 237.1 238.8 239.7 240.5 240.5 239.6 238.5 236.9 234.2 232.5 230.4 227.5 225.4 222.3 218.9 214.6 210.1 206.4 200.3 193.7 188 184.7 181.3 177.7 174.7 171.2 168.2 164.6 160.9 156.8 151.2 146.1 140.8 136 135.4 134.4 133.4 132.9 131.8
104.4 103.9 103.6 104.3 105.1 106.2 107.7 109.2 110.8 112.6 114.8 118.1 122.5 128 132.3 135.9 141.4 144.8 144.5 137.7 129.7 134 142.4 152.7 165.5 177.8 190 201.4 206.9 208.6 210 212.5 215.4 220.3 224.4 227.9 230.5 232.4 233.9 236.1 236.3 237.1 238 237.7 237.2 236 234.2 232.1 229.4 227.8 226.1 225 223 220.8 217.8 214.1 209.9 205.7 201.2 195.3 188.6 180.3 175 171.1 166.6 162.3 158.2 154.1 149.6 147.4 142.9 139.5 137.7 134.8 134.3 133.1 131.7 130.6 130
104.2 104.1 103.6 103.3 104.3 105.9 107.4 109 110.1 111.3 113.4 116.2 119.6 123.3 127.1 129.8 132.7 134.9 134.2 130.5 123.8 132.9 143.5 154.6 168.1 181.9 194.1 205.1 209.5 212.9 215 217.5 220.3 223 226.2 229 231.8 233.6 234.9 235.6 235.6 235.5 235 234.6 233.7 231.7 229.6 227.3 224.7 223.4 222.7 221.7 220.6 218.4 216.4 212.6 208.9 205.3 201.8 196.5 190.6 185.6 181.1 177.3 173.4 170.1 166.1 161.4 155.4 144.9 138.7 135.5 133.4 131.6 132.5 131.6 130 128.8 129.1
103 102.7 102.5 102.5 103.8 105.5 106.7 107.8 109 110.1 112.2 114.4 116.7 119.7 122.1 123.6 126.3 126.9 126.3 124.8 127 135.6 145.6 156.7 170.2 185.1 197.5 207.6 211.7 215.4 217.8 220.6 222.5 224.3 226.3 228.4 230.5 232.5 233.8 233.9 233.5 232.7 232 231.4 230.1 227.7 225 222.4 220.5 219.9 219.5 219 217.6 215.6 213.2 209.3 205.7 202 200.9 193.7 189.9 186.7 183.7 180.7 177 173.5 169.6 163.5 154.7 144.8 136.6 133 129.8 130 130.1 129.2 128.3 127 127.3
102 101.3 101.1 102 103 104.6 106.1 107.1 108.1 109 111 113.2 115.3 116.5 119.1 120.6 121.2 121.7 121.7 120.1 127.7 138.1 148.9 159.8 173.5 187.8 199.7 208.9 213 216.7 218.9 220.6 222.6 224 224.4 225.6 227.8 229.3 230.1 231 230.7 229.5 228.1 227 225.6 223.2 220.5 218 216.8 215.8 215.6 216.8 215.6 214 209.9 206.1 202.5 198.9 194.2 188.8 183.3 181.1 179.6 178.6 175.1 170 163.4 154.7 146.4 139.9 135 131.2 129 126.2 127.6 126.8 126.1 125.5 125.5
101 100.3 100.6 101.4 102.3 103.7 105.2 106.6 107.5 108.5 109.7 111.8 113.5 114.8 116.2 115.9 115.9 115.2 121.2 126 131.1 141.5 152.1 163.4 178 191.1 202.8 209.4 213.8 215.9 217.8 218.8 220.1 220.4 220.7 222.7 223.8 224.8 225.7 226.6 227.5 225.6 224 222.5 220.9 218.7 216 213.8 212.8 211.4 212.3 213.7 213.8 211.7 208.1 204.3 200.9 196.4 189.6 185.1 178.6 166.7 168.6 167.9 166.4 161.8 154.4 146.2 141.2 137.4 132.9 129.9 127.9 125.4 126.2 125.4 124.8 124.4 124.4
