Game/Highland_Data/StreamingAssets/GeoData/Data/so/SO61.asc
ncols 200
nrows 200
xllcorner 360000
yllcorner 210000
cellsize 50
[rows 70 to 104 of 200, columns 79 to 157 of 200]
255.3 251.9 246.4 240.9 233.5 225.6 214.6 202.5 191.3 178.6 174.6 171.5 177.9 194.2 198.4 198.9 197.3 195.4 193.3 191.9 193 199.6 204.7 212.5 217.5 219.5 220.9 222.9 219.6 219.8 223.7 227.2 230.3 231.8 234 235.9 238.6 241.2 243.6 245.7 247.9 251.1 254.2 256.4 253.1 241.6 230.2 220.1 208.4 198.7 179.6 165.8 151.2 144.9 137.3 129.6 125.5 121.8 118.1 117.3 113.1 106.3 103.4 115.3 117.3 116.2 113.3 97.6 104.6 123.5 136.9 146 146.5 140.6 131.6 138.6 147.4 153 155.1
249.4 246.3 243.3 239.1 233.1 227 218.9 210.9 201.8 186.6 178.3 170.5 172.3 190 193.6 192.2 191.7 188.7 187.1 186.4 191.6 196.4 201 206.6 210.8 209.5 209.4 212.2 213.1 215.6 219.4 222.7 225.2 229.4 233.4 235.5 238.4 241.3 243.4 245.6 247.6 250.4 253.6 255.1 252.6 240.3 227.4 214.8 201 183.5 172.9 167.2 165.4 159.5 145.6 136.1 122.2 118.9 115.2 111.2 107.4 104.6 102.1 105.6 115.3 113.8 112.4 100.3 98 113.5 131.1 143 145.6 139.6 127.6 134.3 142.4 148.2 151.2
244.9 242.2 239.6 236.4 230.9 225.5 219.5 212.3 206.3 195.1 181.1 169.7 169.6 181.9 185.3 186.2 181.9 184.6 181.4 183.2 187 192.1 196.8 199.3 199.8 201.2 205 210.1 212.6 214.2 217 222.6 227.9 232.5 235.9 237.7 239 241.7 243.8 246 248 250.4 253.8 255.1 250.3 238.6 226.8 214.9 201 189.5 180.9 179.4 178.4 171.8 158.5 140.1 126.4 121.2 116 113.6 118.2 113.4 103.7 100.2 109.2 110.4 110.3 107.9 92.3 105.3 123.1 137.3 143.9 141.9 128.5 127.6 135.6 142.2 146
241.2 238.6 236 232.7 228.5 223.1 217.8 212.1 206.1 197.9 183.7 173.5 169.7 181.1 168.8 168.3 177.1 179.1 178.1 181.3 184.4 186.8 189.1 193.5 198.4 205.1 211.2 216 219.7 221.2 222.1 227.2 232.8 236.6 239.3 240.7 242 243.2 244.8 246.6 248.6 251.2 254 257.3 253.7 243.9 231.7 220.7 208.3 199.6 197.8 196.8 196.6 193 168.9 150.9 135.5 126.8 121.7 118 120.3 117.1 108.8 98.3 101 106.8 106.8 103.3 96.1 99.6 117.2 130.3 139.9 142.1 129 120.7 129.6 137.7 141.9
237.2 234.9 232.2 228.1 223.3 218 213.6 209.8 205.7 196.5 182.2 176.4 177.5 167.4 167.8 171 174.2 175.7 176.5 179.1 181.6 184.2 190.4 196.8 203.5 210.5 217.8 224 228 230.8 230.2 232 237.7 241.4 243.4 243.5 244.7 245.7 246.8 247.9 249.4 252.1 255.6 259.1 258.3 249.3 239.7 228.4 217.7 208.4 207.6 210 208.6 201.4 176.3 155.8 141.3 130.4 122.8 116.3 116.1 115.8 108.9 100.4 96.5 100.2 103.8 97.5 94 92.9 108.9 122.3 133.8 136 123.4 117 126 135 135.1
232.9 230.1 226.4 222.6 218.1 213.8 209.6 206.2 203.5 199 193.8 179.9 172.7 167.8 167 169 171.3 173.3 175.6 177.9 180.9 183.6 189.9 196.6 203.8 211.9 219.9 225.5 230.8 234.6 237.2 236.3 240.9 244.9 246.2 246.4 247.2 248.2 249.3 250.4 251.6 254.1 257.3 260.9 262.9 257.4 247.7 236.6 228.3 218.6 216.9 220.5 216.7 206.2 185.7 161.1 144.6 129.3 120.6 113.1 109.8 107.6 103.3 101.1 95.8 95.7 98.5 93.4 90.1 89.3 99.4 114.4 125.4 126.2 111.5 113.6 126.3 133 129.5
226.4 222.7 220 216.6 214.1 210.4 205.8 202.5 199.3 193.9 184 179 172.4 167.5 166.4 167.2 169.8 171.7 174.5 177.1 179.5 182.9 188.3 196 203 209.7 218.5 225.8 232 236.5 239.2 240.6 242.3 245.9 247.4 248.6 249.7 250.8 251.8 253 254.1 255.4 258.7 262.7 266.5 267 259 248.4 236.7 229.3 226.7 228.2 224.2 211.4 189.8 164.8 145.4 129.2 120.2 113.1 108.3 104.5 101.8 99.5 96.4 93.6 92.3 92.5 100.5 89.1 90.6 100.7 113.3 114.2 102.9 112.5 127.6 127 118.2
218.9 214.9 212.1 210.1 208.3 204.7 200.1 196.6 192.3 185.2 180.8 174 169.5 164.6 163.5 166.2 167.7 169.6 171.9 174.7 177.7 181.7 186.3 194.2 200.6 207.2 215.7 223.8 230.9 236.6 241 243.3 244.5 247 250.9 252.4 251.7 252.9 254.2 255.5 256.7 257.8 260 264.5 268.9 271.5 266.6 259.3 248.3 240.5 235.6 234.7 228.4 216.1 193.5 168.6 146.2 132.3 121.4 113.2 109.3 113.7 120.1 114.2 111.9 103.5 101.1 107 115.6 100.1 88.6 88.4 101 108.6 98 108.2 121 112.1 105.1
212.4 208.2 204.3 202.5 201.3 198.4 193.7 189.8 184.5 181 177.1 172.2 168.2 164.2 163.8 164.7 165.3 167.5 169.8 172.1 174.8 178.5 183.3 191.2 198.7 206.6 214.1 221.1 229.5 235.8 239.9 244.5 246.2 248.7 252.8 254.8 254.2 254.9 256.1 257.3 258.5 259.8 261.8 266 270.5 274.4 273.2 265.2 255 249.2 244.4 240.4 233.5 222.9 200 173.8 150.8 136.2 124.8 118 113.5 115.2 124.9 125.9 120.9 114.9 111.6 114.6 114.9 112.3 103.8 86.3 94.7 107.1 92.8 100.2 106.6 100.2 93.4
210 202.6 198.1 197.1 194.6 192.2 188.3 184.9 181.4 177.8 173.5 170 166.2 162.9 161.4 164.1 163.8 165.7 167.7 170.1 172.4 175.1 179.6 186.9 195.2 203.6 212.7 220.1 227.6 234.9 240 244.7 245.4 248.7 251.6 254.4 255.2 256.5 257.6 258.6 259.9 261.9 264.6 267.5 271.5 275.4 275.5 269.8 263 256.9 250.3 245 238.8 230.5 208.8 184 159.8 142.4 131.3 125 119.6 116.6 123.3 127.2 122.9 117.8 112.6 112 110.8 107.9 98.9 85.5 89.1 100.9 91.2 91.6 94.9 88.7 79.7
208.1 200.8 193.3 191.4 189.3 187.1 185.8 181.6 177.9 174.9 170.8 167.4 164.6 162.1 160.5 161.3 162 163.4 165.7 168.1 170.3 172.4 176.8 183.4 192.3 201.4 210.6 219.2 226.1 233.7 238.8 242.5 244.5 247.2 249.8 252.4 254.9 256.6 258.4 260.1 261.6 263.7 266.4 269.2 274.4 277.7 277.3 273.2 267.6 260.4 253.9 248.8 242.5 232.9 213.6 192.1 167.1 150.2 138.7 130.3 122.5 116.1 119.5 125.2 121.2 116.1 110.1 105.7 105 101.4 95.3 85.1 81.3 85.5 93 83.6 83.5 74.1 73.7
203.2 195.5 190.2 186.2 184 184.5 185.1 178.2 174.4 171.4 168.1 165.5 163 161.2 160.5 160 160.4 162.6 165.1 166.4 168.4 171.4 176.7 182.6 189.9 200.9 209.8 217.1 224.9 232.5 237.3 240.3 243 245 247.1 249.8 253.8 257.1 259.2 261.3 263.6 265.6 267.9 270.9 276.1 278.4 279.2 275.8 270.9 264.1 257.4 251.9 245.8 235.6 223.1 195.3 172.5 153.8 140.3 129.3 119.8 114 115 120 118.3 113.7 106.1 98.2 97.9 91.6 86.9 87.4 81.5 79 78.3 80.5 76.6 73.7 77.8
195 191.2 185.7 182 180 179.5 178.9 172.9 170.7 168.4 166.1 163.9 162 161 159.9 159.8 159.7 161 163 165.2 168.4 172 177.4 182.3 188 199.5 206.6 213.1 223.5 230 235.1 237.5 239.5 241.5 244.4 248.6 253 257.5 260.5 262.9 265.2 267.5 269.8 271.8 273.8 276.3 278.5 277.9 274.2 264.8 256.5 250.4 244.5 234.3 218.8 197.1 171.1 147.6 132.6 125.3 118.7 111.9 108.5 112.1 112.3 107 99.9 91.5 89.4 88.9 92.7 82.5 86.5 86.2 80.8 79.8 81.2 84.6 89.1
187.3 183.8 180.5 178 176.4 175 172.8 170.8 168.6 166.3 164.1 162.5 161.4 161.1 160.1 159.6 158.6 160.8 161.7 163.7 166.6 170.8 175.5 180 185.6 194.2 204.2 210.1 219.2 225.9 231.2 233.1 235.9 239.1 243.4 247.8 252.3 256.8 261 263.4 265.8 267.9 269.8 271.7 273.4 275.1 276.8 277.4 274.4 263.9 255 248.7 242.2 234.6 217.2 197.1 170.7 155.6 139.1 126.4 117.2 109.2 106.6 104.2 102 98.7 94.6 95 97.9 100.6 91 84.6 98.1 98.9 94.3 93.7 98.8 100.2 102.4
181.5 178.8 175.9 174.6 173.6 172.7 170.5 168.7 166.5 164.3 162.8 161.8 161.2 160.5 159.7 158.8 157.6 158.7 160.9 163 166 169.2 173.4 177.8 183.4 189.6 198.9 206.3 213.7 219.7 226 229.3 234.3 238.3 242.6 247 251.6 255.9 260.5 263.5 265.1 266.3 268.1 269.8 271.5 273.2 274.9 275.9 273.9 266.4 256.4 248.1 240.7 233.4 222.4 207.9 192.9 164.8 148.3 133 118.9 109.1 104 102.1 98.6 99.2 104 105.4 108.1 107 85.4 91.5 105.2 111.2 109.3 108.6 114.2 116.8 116.6
176.8 174 172.9 171.8 170.8 169.9 168.2 166.5 164.5 163.5 162.5 161.5 160.8 160.1 159.1 158 157.3 158.3 160.1 162.5 165.7 168.7 171.7 176.1 181.5 187.3 194 201.6 209.4 214.8 220.7 227.5 233.4 239.2 242.6 246.2 250.4 254.6 259 262.5 264.1 264.9 266.2 267.9 269.6 271.1 272.4 273.5 271.5 265.6 256.9 249.1 241.6 234.2 226.1 216.5 202.3 179 157 139.8 123.4 112.7 107 103.9 106.9 110.6 115.6 117.7 113.4 104.5 86.3 95.9 112.3 125.5 127.9 127.1 131.7 134 133.1
172.4 170.4 170.3 169.4 168.2 167.1 165.9 164.5 163.7 162.8 161.9 161 160.5 159.5 158.7 157.3 156.2 158.5 160.6 162.1 165.1 168.8 172.5 176.2 180 185.6 192.2 199.4 206.6 214.1 221.5 227.7 232.5 236.7 240.1 245.2 249.4 253.5 257.3 260.9 263.1 263.9 264.7 265.2 266.5 267.9 269.1 270.2 269.4 263.1 254.8 247.9 239.8 231.6 226.1 218.5 207 190.5 163.1 146.7 128.8 116.7 110.5 107.2 114.3 122.4 126.7 125.1 116 101.1 87.9 99.5 116.6 131.2 140.1 144.2 149.6 151.2 140
173.1 169.5 168.3 166.9 165.8 164.6 163.5 163.5 162.8 161.8 161.1 161.5 161.8 161.1 158 157.2 156.8 157.6 159.9 162.2 165.9 169.2 172.4 175.9 179.9 183.8 190.6 198 207.4 214.5 221.3 226.1 229.5 233.6 238.6 243.7 248.7 252.9 257.2 261 262.1 262.9 263.4 262.9 263.3 264.6 265.8 266.9 266.2 260.2 252.9 245.8 237.6 228.7 223.3 220 208.8 197.7 173.1 154.5 135.2 120.8 114.1 112.1 116.3 126.3 130.5 128.6 117.4 101.8 89.7 99.1 118.6 134.2 145.2 153.1 164 168 149.1
172.2 170 168.1 166.1 163.4 162.3 161.1 162.2 162.1 161.8 161.1 160.9 160.3 156.1 157 155.6 155.5 158.5 160.3 164 167.2 168 171.5 175.1 178.9 182.6 189.1 196.5 206.5 212.3 217.5 222.1 226.4 232 237.4 242.6 247.7 252 256.5 260.5 261.4 261.9 262 261.5 261 261.4 262.5 263.3 261.3 258.8 251.4 243.7 235 225.3 218.7 216.6 211.3 202.1 185.5 164.7 145.6 131 117.7 116.2 119.3 128 134.1 129.3 118.5 104.4 91.8 98.1 117.7 132.7 146 157.6 167 174 161
171.3 169 166.9 165.8 163.1 160.1 158.7 159.6 159.5 160 159.1 156.3 158.5 159.3 157.2 154.6 155.5 157.2 158.4 160.3 166.3 169.7 172 174.9 177.5 181.7 187.5 193.7 202.3 208 212.8 218.5 225.2 231.4 237.5 243.2 247.7 251.8 256 258.9 260.3 260.2 259.4 258.9 258.5 258.3 259 259.4 258.1 255.7 250.3 241.5 231.9 221.5 214.8 212.2 211.7 204.3 192.9 176.1 160 141.8 128.3 120.7 122.3 130 135.4 128.8 119.3 108.4 96 96.4 113.3 129.9 143.6 157.1 168.8 174.6 165.6
173.7 168.2 168.7 169 165.3 156.7 155.8 155.5 155.8 157.1 156.2 157.9 163.8 162.4 155.6 154.8 155.3 155.9 157 159.3 163.5 168 171.6 173.5 176.1 179.2 184.5 190.7 198.5 205.2 210.5 219.8 227.3 233.3 239.2 244.7 248.7 251.6 254.1 257.2 258 258.4 257.6 256.7 256.1 255.9 255.5 255.2 254.6 252 245.6 238.1 228.9 218.4 211.3 202.9 206.8 202.9 194.7 181.5 165.8 148.4 136 125.3 123.5 131.6 135.6 130.9 122.3 113.6 104.4 95.8 108.6 129.2 142.1 156.8 169.2 174 165.4
176.1 170.6 166.3 166.2 165.7 155.3 155.3 155.3 155.3 159.1 158.1 158.6 163.6 158.8 153.4 154.4 154.9 155.9 156.7 158.4 161.6 165.7 169.3 171.8 173.9 177.5 181.5 187.4 196.6 204.2 211.6 220.9 227.7 234.3 239.9 245.5 248.3 251 253.1 255.6 256.9 256.6 255.7 254.9 254.2 253.2 252.6 252 251.1 249 240.8 231.4 223.9 212.3 206.8 194.7 198.2 196.8 191.1 178.3 163.1 151.5 139.5 130.7 125.7 132.3 134.7 129.5 123 114.2 105 97.9 107.2 124.6 142.1 156.2 169.1 174.9 172
169.9 171.4 167.3 166.3 165.6 156.8 155.3 155.3 155.3 154.7 158.3 158.2 157.7 153.8 152.8 154 153.5 154.9 156.5 157.8 161.7 165.1 167.1 169.9 172.2 175.8 179.4 184.9 192.2 202.4 211.3 219.7 226.5 233.6 239.9 243.6 246.5 249.2 251.1 253.6 255.6 255.3 255 254.7 253.1 252 250.9 249.9 248.5 246.8 239.3 228.2 219.4 210.9 198.1 186.4 184.5 186.7 181.8 165.8 152.9 144.6 137.9 132.3 127.8 130 130.8 124.3 117.6 108.2 102.5 100.6 109.6 124.8 141.4 156.2 166.6 174.8 174.1
172 172 169.6 167.1 166 162.1 155.3 155.3 155.3 153.6 155.5 158.1 157.6 153.9 156.3 153.3 154.2 155.7 156.5 157.6 160.5 162.6 165.6 168.1 170.5 174 177.4 182.8 189.1 198.8 209.3 217.7 224.4 230.7 234.3 238.7 243.4 246.5 248 251.4 254 254.7 255 253.4 251.9 250.9 249.7 248.6 247.2 245.4 238.6 228 218.4 208.4 190.7 179.2 170.4 170.7 163.2 152.8 143.7 136.8 133.5 127.7 123.2 123.7 121 114.6 108.8 104.4 107.8 102.6 112.1 126.5 140.2 153.5 164 171.6 173.4
175.8 174 173.9 172.4 169.5 166 161.5 157 155.1 152.8 152.8 152.7 153.4 153.4 153.2 152.9 153.8 155.3 156.2 157.4 159.3 162 164.1 166.1 168.5 171.8 176.2 181.2 186.6 195.3 206.5 214.6 219.5 225.4 229.1 233.1 238.3 244 246.3 250.7 252.9 253.9 253.5 251.7 250.5 249.5 248.4 247.2 246.1 243.2 237 225.9 212.6 205.7 191.3 177.1 165.1 157.4 151.7 144.4 140.7 138.4 131.1 127.3 123.4 118.7 115.3 111.8 110.4 112.6 109.3 105.4 114.1 127.1 139.8 149.2 159.7 165.5 167.8
187.3 184.3 184.7 184.8 174.8 168.5 163.6 159.3 157.4 155.6 153.9 152 152.8 152.5 152 151.9 153.4 154.8 155.1 157.7 158.9 160.9 162.8 164.8 166.9 170.2 174.9 179.7 185.5 192.6 201.8 208.4 214 223.1 229.7 234.4 239.8 245 248.5 250.7 252 253.2 252.1 251 249.9 248.1 247 245.9 244.4 240.6 234.5 221.6 203.1 191.2 177.9 171.9 162.6 156.3 153.1 153.3 149.9 140.2 132.9 128.1 124.3 119.9 119 121 120.9 113.4 106.1 108.3 116.3 127.7 139.1 148.3 156.1 160.6 161.3
198.3 195.3 191.9 187 176.4 169.3 164.2 160.6 158.1 155.5 153.7 152.8 152.3 152.9 151.8 151.9 153.2 154 154.1 157 158.5 159.3 161.5 163.8 166.9 170.4 174.3 178.8 184.1 190.6 198.9 206.4 215.7 224.3 231 237.7 243 247.4 250.1 250 251.2 252.1 251.2 250.8 249.9 248.2 246.5 244.8 242.3 238.5 232.1 218.4 197.3 191.3 185.6 177.3 170.4 167.3 169 166.5 160.8 148.3 133.4 129.6 125.3 124.4 129.9 128.2 120.8 108.7 108.2 110 120.2 130.1 139.8 146.8 152.9 155.6 156.3
196.9 195.2 192.1 186.9 175.5 167.6 162.7 161.2 158.7 155.6 154 152.3 152.1 152.6 152 151.8 152.2 153.3 155.3 156.8 157.4 159.5 161.1 164.3 167.3 171.9 175.7 180 184.4 189.1 196.1 205.1 214.5 223.3 230.9 237.3 242.9 247.5 249.4 249.7 250.1 251 251.1 250.9 249.9 248.2 246.6 246 244 241.3 236.2 224.5 210.6 209.5 201.4 191 183.8 183.1 187.1 183.9 176.8 159.2 140.9 131.9 127.4 125.5 132.7 125 112.9 109.9 112 116.7 126 134.6 141.6 146.5 149.4 152.6 152.2
193.8 193.6 190 184.8 174 166.3 161.4 159.5 158 155.6 154 152.4 151.9 152.5 151.4 150.7 150.9 152.2 155.7 155 155 157.3 161.2 164.5 167.8 173.7 177.5 180.2 183.4 187.2 193.4 202.4 211.2 221 230.1 236.2 242 246.3 247.4 247.6 246.9 248.6 251.1 250.9 249.9 248.5 247.9 247.3 245.1 244.2 242.9 236.9 227.9 222.5 212 203.4 197.2 197.8 203.2 197.2 187.5 168.5 149.6 133.7 127.4 123.3 119.4 113.1 115.4 119.5 115.6 120.7 129.3 137.7 145.2 149.2 149 147.5 145.6
191 191.8 187.8 182.2 173.9 166.1 161.4 158.7 156.9 155.6 153.6 151.8 151.7 151.8 150.2 150.5 150.6 151.3 153.1 153.7 154.2 156.4 160.2 163.7 168.5 174.5 176.9 178.9 182.1 185.7 191.3 199.5 208.3 218 226.9 233.4 239.3 243.5 244.1 244.2 244.2 247.6 251 250.9 250.4 249.9 249.3 248.4 247.8 247.6 245.7 245.1 241.1 234.9 225.7 213.8 208.2 209 210.3 200.5 186.6 168.8 147.3 132.4 125.8 121 117.6 118.5 122.8 124.2 118.9 124 132.4 140.7 148.6 151.3 149.2 147.5 141.4
187 188 186.3 180.6 174.2 166.1 161.3 157.9 156.7 155.5 153.4 151.3 151.9 152.4 150.6 150.2 150.3 151.5 153.8 153.5 153.8 155.5 160.2 166.4 168.6 172.2 175.9 177.9 180.7 184.8 189.8 197.3 206.5 216.8 223.4 229.6 235 239.2 240.7 240.6 243.9 246.9 250.1 251 251 250.6 250.3 251 251.3 250.9 251.3 250 245.6 240.8 231.4 221.2 214.5 216.2 214.5 202.7 182.5 162.6 143.5 129.9 123.4 121.1 121.7 124.8 129 128.8 123.8 130.5 138.5 144.2 151.5 154.1 153.2 150.8 146
182.5 183 183.5 181.3 174.3 165.9 160.8 157.9 156.7 155.5 153.3 150.9 150.9 152.2 152.6 152.2 152 152 153.8 153.7 153.7 156.9 158.4 164.4 172.9 173.3 174.7 177.3 179.4 182.3 186.6 195.6 203.7 213 219 225.3 231.4 235.5 235 238.3 242.5 245.9 249.8 250.6 250.8 251.7 253.3 254.7 255.6 256.3 256.3 254.1 249.3 243.9 234.1 226.1 221.5 223.1 218.5 206.8 182 160.3 142.5 130.5 124.4 123.1 131.3 138.7 136.2 132 131.9 137.8 144.1 149.5 154.5 157.8 159.4 159 153
178.1 179.1 179.6 178.9 172.4 164.8 160.3 156.9 156 154.5 151.9 150.1 149.6 152.4 152.2 153.4 151.8 152.1 153.7 153.7 156.5 157.4 158.2 163.6 172.1 172.4 172.7 173 177.8 180.4 184.9 192.5 201.6 207.6 216.1 220.2 226 230.6 230.8 237.2 242 245.9 249.1 250.1 250.4 251.1 253.6 256 258.7 259.1 258.6 256.5 250.6 241.9 237.9 233.5 226.9 226.4 222.5 210 185.7 162.1 144.9 131.5 125.8 125.9 140.6 142.7 141 137.9 140 143.5 147.7 153 158.4 162.2 164.4 165.6 163.5
175 176.7 177 175.8 169.4 164.4 159.8 155.4 154.1 153 151.4 149.6 149.1 152.8 151.5 152.1 152.1 153 155.8 155.6 159.8 160.5 161.5 166.3 166.8 172.7 172.2 173.9 175.9 178.8 182.7 190.8 198.4 203.5 210.6 214.4 220.1 226.9 232.4 236.9 241.8 246.2 247.6 249.2 247.5 249.5 251.9 255.4 258.2 260.3 259.6 257.9 254.5 250.1 242.4 237.6 233.3 230.1 223.3 212.8 192.7 166.2 147.9 135.4 129.6 130.2 143.4 147.4 147.8 143.6 145.9 149.6 151.1 156.8 162.5 166.6 169.8 173.3 172.1
172.3 173.4 174.2 173.1 168.3 163 158.2 154.1 153 151.9 150.6 148.8 147.8 149.2 150.9 151.3 152.8 156.6 157.1 160.1 162.6 165.8 166.9 167.3 166.9 167.5 171.2 173.5 175.2 178.3 182.3 188.3 194.6 200.5 205.8 211.4 219 226.9 232.8 237.4 241.5 245.6 246.4 244.8 245 248 250.6 253.9 257.2 260.5 261.4 260.7 255.9 251.6 247.4 243.5 238.5 232.7 223.6 213.8 195.1 170.8 149.5 139.3 134.9 136.1 144.9 149.5 150.1 147.5 148.6 151.4 154.2 160 165.9 171.4 176.1 179.2 180.3
