Game/Highland_Data/StreamingAssets/GeoData/Data/so/SO68.asc
ncols 200
nrows 200
xllcorner 360000
yllcorner 280000
cellsize 50
[rows 0 to 34 of 200, columns 78 to 155 of 200]
232.1 230.5 228.9 227.6 225.7 224.8 223.8 222.6 221.7 221.2 220.2 218.8 218 219 219.6 219.3 218.2 216.7 216.4 215.8 214.7 213.6 212.1 209.2 205.5 200 204.7 207.2 208.4 209.5 210.4 210.6 209.6 211.6 216.6 219.1 221.5 222.8 222.5 220.5 217.2 212.8 207.6 202 198.5 193.6 189.4 188 188.2 183.9 180.1 179.2 179 177.4 174.9 172.3 168.7 167.6 166.4 164.5 162.1 158.6 154.4 150.5 146 140.7 133.9 131.4 130.4 128.9 127.1 124.7 120.4 122.9 124.5 123.2 120.1 117.4
232 231.1 229.7 228.7 227.7 226.7 225.7 224.6 223.9 223.1 221.4 219.8 220.3 221.2 222 221.5 221.2 220 219.7 219.6 218.7 217.9 215.6 212.4 208.4 204 200.4 202 203.7 205 206 206.5 206.6 210.5 214.9 218.1 220.6 222.5 222.7 221.1 217.7 213 207.4 204.4 202.1 199.3 196.6 194.2 192.7 188.5 185 184 185.1 184.5 182.7 180 177 174.8 173.2 170.7 167.4 164.1 160.5 156.6 151.3 144.6 137.6 133.5 131.3 128.3 126.3 126.8 124.6 129.4 129.7 127.5 122.6 119.7
232.7 232.4 231.5 230.7 229.8 228.8 227.7 227 226.2 224.4 222.2 221.8 222.7 223.6 224.2 224.1 223.7 223.1 222.5 222.1 221.3 220.1 217.6 214.6 211.1 208.1 205.6 202.9 198.8 201.1 201.7 202.3 204 208.7 213 216.9 219.9 222.1 223.6 222 218.7 214.7 210.5 209.6 208.6 206.6 203.9 200.8 196.9 193.3 190.4 190.1 191.1 190.3 188.7 186.6 183.2 180.3 177.3 174.2 170.9 167.3 163.7 159.8 153.5 147.1 141 134.4 135.3 132.9 132.1 132.4 130.2 134.5 133.7 129.8 124.6 119.4
231.3 232 232.1 231.6 231 230.2 229.3 228.3 227.4 225.6 223.9 225 226 226.5 227.2 226.9 226 225.3 224.5 223.4 222.9 221.3 219.1 216.8 214.1 211.4 209.5 207.5 204.2 201.5 199.2 199 202.4 207.1 211.2 215.6 219.7 222.9 224.3 223.3 220.3 217.6 215.3 214.4 213.6 211.8 208.9 205.7 201.4 197.8 196 195.1 196.1 194.9 193.3 191.5 187.4 183.1 180.2 177.3 173.7 170.1 166.5 162 154.8 148.2 145.3 144.6 142.9 136.5 139.3 140.3 139 139.6 138 132.4 125.7 120.4
229.8 231 232.3 232 231.7 231 230.1 229.3 228.5 226.9 227.1 228.2 229.2 229.5 229 227.9 226.6 225.7 224.3 223.2 222.8 221.3 219.8 217.8 216.3 213.6 212.3 210.4 208.1 205.5 201.9 198.6 199.3 205.4 210.8 215.7 219.7 223.4 224.9 223.9 222.2 219.8 218.8 218.2 217.5 215.5 213.1 209.9 205.5 203.1 201 200.1 199.9 198.3 196.3 193.7 189.8 186.2 182.9 179.6 175.8 172.1 168.5 164.5 159.5 154.7 153.3 152.1 148.7 140.7 144.9 148.3 147.2 145.2 140.9 135.3 129.4 123.4
229 230.2 231.4 231.5 231.4 231.3 230.6 229.8 229.6 229 230 230.7 231.6 230 229.4 228.1 226.1 224.5 223 221.9 221.2 220.4 219.8 218.6 217.2 215.8 214.3 212.6 210.5 208.2 205.2 200.4 193.3 204.8 210.2 216.7 221 224.1 225.4 224.9 223.3 221.7 221 220.3 219.6 218.9 216.9 213.9 209.7 207.6 205.5 204.2 203 201.1 198.5 195.3 191.7 188.2 184.7 181.3 177.8 173.5 171.1 168.7 165.1 162.9 160.4 157.7 150.9 146.1 150.5 154.7 153.1 149 143.3 138.1 133.8 128.2
228.2 229 229.5 229.8 229.8 230.2 230.3 230.2 230.4 230.8 232.1 232.7 231.8 229.8 227.9 226 223.8 221.8 220 218.9 218.1 217.8 217.5 216.5 215.2 214.5 213.6 211.7 209.7 207.4 204.5 200.6 197.3 204.2 209.5 216.4 221.8 224.9 225.5 225 224.1 223.4 222.7 221.8 221 220.9 219.6 216.8 213.5 211.3 209.1 207 205.2 202.7 199.9 196.6 193.3 189.3 185.7 182.7 178.9 176.3 174 171.4 169.5 167.7 165 161.7 155.1 152.9 155.4 157.8 155.5 151.5 146.3 142.1 137.7 133.1
224.8 225.5 225.9 226.2 227.2 228.4 230 230.6 231.2 232 232.3 232.6 230.7 228.6 226.2 223.6 220.7 218.7 216.9 215.1 214.1 212.6 212.1 211.9 211.4 210.6 209.7 208.5 206.7 204.2 201.7 198.1 191.4 203.5 209.4 216.1 221.6 224.1 224 223.9 224 223.6 223 222.4 221.5 220.7 219.5 218.3 215.7 213.9 211.6 209.1 206.3 203.5 200.6 197 193.3 189.7 187.2 184.9 182.5 179.9 177.1 174.3 172.4 169.8 166.7 163.4 159.6 159.3 161 159.5 157.5 153.5 149.7 145.2 140.6 135.9
220.9 221.4 221.9 222.3 223.7 225.3 228.5 231.1 232.5 232.6 232.5 231.9 229.6 227.4 224.8 220.5 217.1 215.3 213.6 211.9 209.9 207.3 207.1 206.9 206.2 206.1 205.5 204.2 202.5 200.9 197.8 194 200.7 204.6 209.9 215.5 221.1 222.7 221.3 220.9 222.1 222.5 222.5 222.2 221.5 220.4 219.3 218.2 217.4 215.3 213.1 210.3 207.4 204.4 201.1 197.7 195 192.4 190.3 188.1 185.4 182.3 178.9 175.8 172.7 169.8 167 163.5 162.5 162.5 162.9 160.8 157.8 153.8 149.4 146.1 140.6 136.6
216.4 217 218.3 218.5 220.4 222.9 227.4 231.3 232.6 232.8 232.5 230.9 228.3 225.8 222.8 218.8 214.3 212.1 210.3 208.4 206.2 202.5 202.3 202 201.2 201.4 200.5 199.9 198.3 196.2 192.8 201.7 205.1 208.8 213.4 217.8 220.6 219.9 218.4 218.5 219.7 220.9 221.9 221.9 221.2 220.1 219.2 218.1 216.9 215.2 213.9 211.3 208.5 205.4 202.9 200.5 197.8 195.5 193.3 190.8 187.9 184.2 179.9 176.7 173 169.8 166.9 165.7 165.6 165.6 163.3 160.8 157.1 153.2 148 143.4 139.5 135.3
212.4 213.6 215 217.1 220.7 224.3 227.9 231.4 232.3 232.2 231.9 229.7 226.9 223.6 220.5 217.1 213 210 207.8 201.5 200.3 203.3 203.1 200.8 198.5 194.8 192.3 193.5 193.9 192.4 199 203.6 207.4 211.9 215.8 218.1 217.5 215.9 214.7 215.6 217.5 219.7 220.9 221.5 221.3 220.3 219.2 217.7 215.6 213.8 212.5 211.8 209.4 207.5 204.9 202.8 200.4 197.9 195.5 192.5 189.5 185.9 182.3 178.2 174.3 171 169.5 169.4 168.7 167.3 163.8 161 158.6 154.8 150.2 144.3 137.8 130.9
210.4 213.3 216.6 219.7 222.9 225.9 228.8 231.2 231.8 231.6 231.2 229.6 226.9 222.5 218 212.8 209.8 208.8 209.7 209.4 209.2 208.4 207.7 206.5 204.7 202.5 199.7 196.4 193 193.2 198 202.6 207.2 211.5 215.1 215.1 213.7 212 212 214 215.5 217.9 220.8 221.6 221.4 220.4 219.2 217 214.8 212.5 210.7 211 210 208.5 206.8 204.2 201.3 199 196.4 193.4 190.7 188.2 184.3 180.3 176.1 173.8 173 173.1 171.2 168.1 165.3 162.7 159.4 155.6 149.9 144.4 139.5 131.8
211.3 215 218.9 222.7 225.7 228.7 230.5 231.2 231.2 231.1 230.6 229.7 226.9 223.7 220.3 216.1 214.3 213.1 213.1 214.3 214.2 213.5 213 212.8 210.8 207.5 203.2 198.5 194.4 188.9 195.2 200.9 205.9 209.9 211.5 210.6 209.3 208.9 210 212.4 213.7 217.1 220.3 221.6 221.5 220.2 218.6 216.2 213.9 211.7 209.6 209.8 209.8 208.6 206.6 204.5 202.4 199.7 197.4 194.7 192.1 188.7 185.3 181.8 179.1 177.9 176.7 175.1 172.5 170.2 167.7 164.6 161.1 157.2 152.4 146.8 141.8 134.1
213.3 217.5 221.6 225.2 227.9 229.5 230.3 230.3 230.2 230.2 230 229.5 228.1 225.3 223.4 221.6 219.1 217.1 217.3 218.3 219 218.6 217.9 216.9 214.8 211.3 206.8 201.6 197.3 192.9 191.2 195.5 201.3 204 205 205.7 205.1 206 208.5 210.5 213.4 215.8 219.1 220.8 220.4 219.7 217.9 215.7 213.2 210.9 209.2 207.8 207.4 207.2 206 204.2 202 199.8 197.5 194.8 192.2 189.5 186.7 184.6 182.4 180.1 178.4 176.5 174.1 171.8 168.9 166.2 163 159 154.6 148.4 140.4 132.9
215.3 219.5 223.3 226.6 228.4 229 229.3 229.1 229 229.5 229.6 229.9 228.9 227.4 226.4 225.5 223.8 221.8 221.9 222.4 222.7 221.3 220.3 219.1 217.2 213.9 210.7 206.5 202 197.7 192.3 188.7 194.9 197.6 200.1 201.2 201.9 204.5 207 209 211.2 214.2 217.5 220 220.4 219.8 218.2 216.1 213.9 211.9 210.1 208 205.8 204.5 203.6 203.2 201.4 199.6 197.6 195 192.8 190.7 189.5 187.6 185 182.7 179.8 177.4 175.3 172.7 169.7 166.8 163.9 159.4 153.4 145.8 134.6 138.2
217 220.9 224.5 227 227.9 228.2 228 227.8 227.6 228.8 229.1 229.7 230.2 229.2 228.6 227.8 227.1 225.6 225.6 225.5 224.5 223.4 221.8 220 218 215.3 212 209.1 205.2 200.5 194.9 190.8 190.7 194.6 197.1 198 199.7 202.6 206.2 209 211.3 213.7 216.7 219.5 220.8 220.1 218.9 217 215.2 214 212.4 210.1 207.6 205 202.5 200.1 200.3 199.6 198.2 196.5 195 193.4 191.6 189.2 186.7 183.6 180.7 177.7 174.7 172 169.3 166.6 163 157.5 150.7 139.3 143.1 145.5
218.4 222.1 225.3 226.7 227.1 226.4 226.4 226.5 226.3 227.5 228.8 229.8 230.4 230.4 229.8 229.1 228.4 227.6 227 226.6 225.6 223.9 221.4 219.4 216.8 213.7 211 207.8 204.5 200.5 196.3 191.9 186.6 191.8 193.9 194.5 198.6 203.8 207.5 210.3 212.4 214.5 216.6 219.6 220.8 220.4 219.5 218.6 217.5 216.3 214.9 212.3 209.4 206.6 204.9 201.6 197.7 197.2 198.8 198 196.7 194.1 191.7 189.9 187 183.7 180.6 177.3 173.8 170.4 167.9 165.2 161.7 155.9 144 148.4 151.3 152.6
218.9 222.5 224.7 225.9 225.8 224.4 223.9 224.2 225.1 227.1 228.5 229.6 230.3 230.4 230.1 229.3 228.7 228 227.3 226.4 225 222.9 220.5 217.7 214.4 211 208.6 205 201.5 197.6 194.1 191 188.2 189.6 190.3 194 199.2 203.3 207.2 211.5 214.5 216.7 218.6 220 220.8 220.7 220 219.3 218.8 217.8 215.8 213.1 210.3 208.1 206.2 203.7 199.6 194.6 196.9 198.3 197.5 195.2 193.1 190.3 187.5 184.3 180 176 172.6 168.6 165.4 162.6 159.2 148.2 152.9 157 159.3 160.7
218 221.5 223.7 224.4 223.7 222.3 222.1 223.3 225.1 227.1 228.3 229.5 230 230.1 229.6 228.6 227.8 227.3 226.5 225.7 224 221.5 218.7 215.4 212.1 208.2 205.2 201.8 198.8 196.5 194 192.1 190.4 186.4 186.9 193.3 197.6 202 207.2 211.5 215.7 217.9 219.1 219.8 220 219.8 219.5 219.9 219.5 217.2 214.7 211.9 209.5 207 205.2 202.9 200.3 195.4 195.5 198.6 198 195.6 192.5 189.5 187.2 184.2 180.5 176 171.4 167 163 160.4 158.9 160.1 161.3 163.7 165.7 167.4
217.1 220.7 222.1 222.5 221.5 219.5 221 223 225.5 226.8 227.7 229 229.7 229.6 228.9 228 227 226.2 225.5 224.4 222.6 219.5 216.6 213.4 210 206.3 204.5 203.3 203 202.3 200.1 196 192.2 188.7 185.6 190.9 194.7 200.1 205.4 211.3 214.5 215.9 216.3 217.1 218.3 218.9 219.3 219.8 219.3 216.7 214 211.2 207.9 205.6 203.6 201.5 199.4 195.3 193.1 197.7 197.4 194.8 191.6 188.4 186 183.3 180.2 175.5 170.9 167.6 164.8 163.7 164.5 166.5 167.6 169.6 170.5 172
215.9 219.3 220.5 220.2 218.2 215.9 218.3 221.9 224.6 225.9 227.1 228.5 229.1 228.8 227.7 226 224.9 224.3 224.3 223 220.9 218 214.6 211.6 209.9 208.5 209.3 209.1 209.2 208.1 206.1 201.6 196.6 191.8 187.3 183.3 190.7 197.8 203.5 208.3 211.2 212.4 213.1 214.2 216.1 217.9 218.8 219.6 219.2 217.2 214.7 212.3 208.1 203.4 201.2 199.5 197.9 194.9 186.1 195.2 196.7 194 190.6 187.6 184.8 182.3 179.3 175.7 173.1 171.3 170.2 169.3 170.7 171.6 172.3 172.7 174.2 175.4
215.5 218 218.8 217.3 214.7 212.8 215.8 220 223.4 224.8 226.4 228 228.3 227.9 226.3 224.4 222.8 223 222.9 222.5 220.4 218.3 215.7 214.8 214.1 213 214 214.8 214.4 212.6 210.1 205.7 200.5 193.8 188.3 182.8 190.8 196 201.2 206 207.8 209.1 210.1 211.7 214 215.9 217.9 219.6 219 217.6 215.1 212.5 208.5 203.9 198.6 196.5 195.5 192.9 185.1 192.8 194.9 192.7 189.7 186.8 184.2 182 179.5 177.6 176.5 175.6 174.7 174.2 174.7 175.2 175.6 175.9 176.9 177.9
216.1 217 215.8 213 210.7 210.9 214.7 218.8 221 223 225.5 227.1 227.6 226.9 225.3 222.9 220.9 221.8 221.8 221.8 220.9 220.1 218 218.1 218.1 217.2 217.8 218.1 217.3 214.6 211.4 207.2 201.3 194.8 188.8 186.9 189.8 195.7 200.8 204 205.1 205.9 207.6 210 212.1 214.5 217.4 219.3 219.1 217.8 215.2 212.4 209.3 204.4 200.2 197.4 194.6 191.5 185.2 189.5 191 191.5 189.7 187.7 185.7 183.4 182.1 180.8 179.5 178.7 178 177.4 177.8 178.1 178.5 178.6 179.6 180
214.8 214.2 211.6 208.5 206.5 208.9 212.4 215.2 217.2 220.6 224.6 226.2 226.7 225.9 224.3 221.8 219.3 219.6 220.7 221.1 220.9 220.6 220.5 220.5 220.3 220.1 220.5 219.9 218.6 216.1 212.3 207.2 201.5 195.1 189.5 179.2 188.1 193.5 198.5 201 201.7 203.5 206.1 208.5 210.9 213.5 216.9 218.7 219.2 218.1 215.6 212.7 210 207.1 203.9 201.2 197.7 194.2 189.5 186.1 186.3 189.8 190.2 189.2 187.3 185.7 184.8 184.1 182.7 181.7 181.1 180.5 180.8 180.5 180.1 180.4 180.5 180.8
212.2 210.6 207.5 204.2 202.8 205.8 209.2 211.4 215.4 220.2 223.7 225.5 225.6 224.7 223.1 220.9 218.6 217.8 219.6 220.4 220.8 220.7 220.7 221.5 221.5 221.6 222.1 221.1 219.3 216.5 212.2 207.1 202.1 196.1 190.3 185.7 184.4 190 194.8 196.5 198.7 201.6 204.4 207.1 210.4 212.5 215.4 217.6 219.1 218.2 216.3 213.6 210.8 207.9 204.6 202.2 199.1 195.4 191 183.6 181.5 187.2 188.7 188.6 188.6 188.2 187.7 186.8 185.4 184.2 183.4 182.4 181.8 181.5 181.1 180.6 180.7 180.7
209.1 206.8 203.5 200.6 200.6 203 206 210.4 215.7 220.1 222.9 224.5 224.5 223.6 222.4 220.5 217.7 215.9 217.9 219.3 219.9 220.2 220.5 221.2 222 222.3 222.3 221.1 219.3 216.6 212 207 201.9 196.4 191.9 186.2 179.9 185.5 189.9 190.9 194.4 199.5 204.7 207.4 210 212.4 214.6 217 218.5 218 216.1 213.7 210.9 207.5 203.9 201.8 198.8 194.7 190.1 185.8 174.5 183 184.4 186.6 189.1 189.5 189.1 188.2 186.9 185.4 184.2 183.2 182.5 181.8 180.6 179.7 179.9 179
205.9 203.4 199.9 197.5 198.2 201.3 205.9 211.2 216.5 220.2 221.9 222.9 222.9 222.1 221.3 219.8 216.7 214.1 215.7 217.7 218.6 219.3 219.4 220.5 221.7 222.3 222.2 220.9 219.4 216.2 212.5 206.6 202.2 198.4 195.1 189.3 185.3 179.1 183.6 190.4 197.6 203.3 206.2 210 213.2 215.1 216.3 217.5 218.3 217.6 215.6 213.2 210.1 206.6 203.1 200.4 197.3 193.3 188.5 183.8 177.7 177.4 180.6 183.7 185.9 188 188.5 188.3 187.7 186.2 184.7 183.5 182.7 181.5 180 178.4 177.6 177
202.6 199.7 196.2 194.1 198 202.5 207.1 212.1 217.3 219.7 220.4 220.8 221 220.5 219.7 218.8 215.8 212.4 213 215.5 216.3 217.4 218.1 219.7 221.1 222.1 221.9 220.6 219.1 216.4 212.7 208.7 205.2 202.5 198.2 192.6 187.8 184.4 176.8 187 196 202.6 207.9 212 215.2 217.1 217.4 218.4 218.1 216.7 214.9 212 208.9 205.4 201.8 198.8 195.8 192.4 188.8 185.6 181.7 175.8 174.7 178 181.2 183.8 185 185.8 186.1 185.5 184.6 183.7 182.5 180.8 178.9 177.3 175.5 175.3
199.2 196.7 191.9 193 198.6 203.4 208.3 212 215.4 217.7 218.3 218 218.4 218.9 218.6 217.6 214.5 211.1 211 213.3 213.7 215.2 216.8 218.6 219.8 221 221.2 220.2 218.9 216.7 213.4 210.7 207.2 204.3 200.4 196.3 191.7 186.9 182.3 182.1 193.9 201.3 207.5 211.4 215.1 217.7 218.3 218 217.5 215.3 212.9 210.2 207.5 203.9 200.2 196.3 194.2 191.9 188.6 185.3 182.3 176.6 172.1 171.6 176.3 179 180.4 181 182.2 183 183.5 183.3 182.3 180.8 179 176.8 174.6 173.5
195.8 192 188.1 192.2 198.2 202.6 204.8 207.8 213.9 216 215.8 215.2 215.9 216.5 217.2 216.2 213.7 210.1 209 210 211.8 213.1 214.2 215.8 217.9 219.9 220.5 219.6 218.3 216.6 214.6 211.2 207.5 204 201.1 197.8 194.1 188.8 183 178.7 190.7 199 206.6 210.2 214.3 217.5 217.9 217.7 216 213.8 211.1 207.5 204.4 200.6 196.3 192.5 190.5 188.2 185.2 181.7 178.4 174.2 170 168 170.6 173.5 175.4 176.1 177.7 179.1 180.7 182 181.6 180.5 179 176.5 174.3 171.9
191.5 186.6 185.3 190.4 194.6 196 199.3 206 212.1 213.9 213.3 212.4 213.1 214.1 215.3 215.1 213.3 210.3 205.5 207.5 210.3 211.4 212.3 213.9 217 218.9 219.5 219 217.7 216.4 214.1 210.8 206.6 202.9 199.4 197.2 192.4 187.7 182.9 177.2 190.6 197.3 203.5 209 213.2 216.3 217.3 217 215.5 212.8 209.5 205.1 201.1 197.3 192.4 187.7 186.5 184.8 180.5 177.8 176.3 173.2 169.7 167.2 163.8 166.6 168.6 171.2 172.7 174.3 176.2 178.1 178.9 178.6 177.9 176.2 173.9 171.3
185.8 181.5 181.3 184.5 187.9 193.7 200.3 206.7 210.7 210.2 209.5 209.1 210.1 212.2 213.6 214 212.2 210.5 207.1 204.7 208.1 208.9 210.6 213 215.8 217.8 218.6 218.6 217.5 215.5 213.1 210.4 206.6 203.3 199.5 195 190.4 187 181.3 176.1 188.4 194.7 201.2 207.6 212.7 214.9 216.2 216.2 215.5 212.9 209.5 204.2 201.1 195.6 193.7 194.6 193.5 190.4 186.8 183.6 182 179.8 175.7 171.3 168.3 163.4 161.4 165 167.2 169.1 171.3 172.9 173.7 173.9 175.1 174.1 172.9 170.8
181.3 177.9 178.6 182.6 187.7 195.2 203 207.4 207.4 206.4 206.3 207.7 209.3 210.5 212.1 213.1 212.1 210.5 206.9 203.6 204.2 206.9 209.5 212 214.4 216.7 217.8 217.8 216.5 214.1 211.2 208.3 206 202.8 199.8 196.2 190.5 186.5 181.2 176.5 186.2 192.8 199.1 205.2 210.7 212.8 215 216.2 215.9 213.8 211.5 208 202.4 197.1 199.4 199.7 197.3 193.8 190.3 188 185.8 182.2 178.3 174.4 170.8 167 164.3 159.5 158.7 162.6 165 166.9 167.9 168.9 170.1 171.1 171.3 170.4
177.3 175.4 177.9 184.5 190.4 197.3 204.4 205.3 204.1 202.8 205.8 207.6 207.4 209.1 210.6 211.6 211.3 210.3 206.9 201.9 201.4 205 207.2 209.4 212.3 215.6 216.8 216.2 213.7 211 207.9 206.1 204.3 201.3 199.3 195.6 189.8 185.3 180.9 175.1 183.8 190 195.6 202.3 207.8 211.1 214.1 215.6 216.3 215.2 213.2 209.9 203.9 204.6 204.6 202.7 199.8 196.3 193.4 190.9 188.2 184.6 180.4 176.4 172.3 170.1 167.2 163.3 159.2 155.4 157.7 160 161.2 162.7 164 166.3 167.6 168.9
173.4 173.8 178.7 185.8 192.7 199.2 203.4 202.4 201 200.9 203.9 205.8 205.6 206.3 209.1 210.3 210.2 209.7 206.8 202.2 197.9 202.5 204.9 207.9 212.2 215.2 215.7 214.6 211.8 208.5 205.4 203.7 202 200.2 197.7 193.9 188.7 183.6 179.3 174.2 182.3 187.2 193.4 200 205.1 209.7 213.4 215.8 216.4 215.3 214.3 211.2 203.2 209 207.9 204.8 201.7 198.2 195.6 193.4 190 186.8 182.5 178.2 175.1 173.9 169.4 166.5 163.5 161.6 157.7 153.5 153.8 155.8 157.8 160.3 163.4 166.6
