Game/Highland_Data/StreamingAssets/GeoData/Data/so/SO69.asc
ncols 200
nrows 200
xllcorner 360000
yllcorner 290000
cellsize 50
[rows 105 to 139 of 200, columns 0 to 79 of 200]
161.3 162.4 163.4 163.3 163.3 163.1 163 163 162.2 161.5 161.2 160.5 161.2 162.7 164.1 164.6 164.9 165.1 165.3 165.6 166.1 166.5 165.8 165.2 164 161.8 159.5 157.8 156.6 155.2 153.8 151 145.8 146 147.7 153 156.6 156.6 156.6 156.9 159.3 167.7 174 172.1 168.7 165.3 164.1 163.2 164.3 165.3 166.5 167.8 168.5 169 166.3 161.3 154.9 150.5 151.6 154.2 155.8 153.7 152.1 152.3 152.2 150.9 148.1 143.7 142.9 140.5 137.1 133.2 128.9 125.3 121.4 117.4 113.5 111.1 110.5 117
160.9 161.9 163 163.1 162.8 162.2 162.2 161.8 161 161 161.1 160.8 161.5 163 163.5 163.9 164.3 164.6 165 165.4 165.8 165.7 164.6 163.3 161.5 159.3 156.8 154.5 153.1 151.6 149.9 148.2 144.2 142 141.8 147.4 151.4 151.3 151.3 152.3 160.4 167.7 170 168.8 166.7 163.3 160.9 160.1 163.4 165.1 165.2 165.7 166.2 165.9 163.4 158.2 152.6 147.5 147.7 150.9 152.2 149.5 148.3 148.6 148.9 148 142.9 137.3 135.9 136.1 132.9 129.5 124.8 121.3 118.5 115.5 112.4 110.1 112.2 118.2
160.5 161.4 162.4 162.7 162.1 161.5 161.2 160.6 160.7 160.8 160.9 160.8 162.1 163.1 163.7 164.1 164.4 164.7 165.1 165.5 165.9 165.7 163.6 161.3 159.3 158.6 158.2 156.3 152.6 150.2 148.1 145.8 145.1 142.5 140.6 140.3 145.6 146.3 146.6 151 161.1 166.5 166 165.1 164.1 161 156.9 156.2 161.3 164.4 162.8 162.2 163.2 162.6 159.6 154.8 149.1 144.3 145.4 147 147.1 146 144.7 144.8 145 143.2 137.6 131.1 127.9 128.1 127 124.5 121.2 117.6 115 112.5 110.6 108.9 113.4 118
160.4 160.8 161.8 162 161.6 161 160.9 160.5 160.6 160.7 160.7 161.1 162.2 163.2 163.7 164.2 164.7 165.1 165.3 165.7 166.2 165.7 163.4 161.5 161.7 162.4 161.5 159.9 157.2 154.9 152.6 152.1 150.4 146.4 141.3 138.5 138.8 141.8 142.2 149.6 156.8 161.1 161 159.9 160 158.9 154.5 153.2 159.4 162.9 160.1 158.4 159.9 158.8 155.5 150.5 144.7 141.4 141.8 143 142.5 141.2 140 139 138.9 135.4 131.6 126.7 123.4 121.6 120.3 118.9 116.9 113.7 111.7 110.8 110.7 112 114.6 117
160.1 160.3 160.9 161.2 161 160.5 160.4 160.6 160.6 161 161.6 162 162.4 163.3 163.8 164.3 164.8 165.2 165.5 166 166.4 165.5 164 164.1 163.6 162.5 161.1 160.1 158 155.4 153.1 151 147.5 145.2 140.8 137.4 136 136.1 137.7 143.9 149.2 153.1 155 154.4 155.1 154.5 150.3 150.7 157.2 158.8 154.3 153.3 157.5 155.4 151.9 145.7 141 138.5 138.5 139.5 139.9 137.4 135.2 133 132.5 128.8 125.6 122.1 119.9 118 116.1 114.1 112.2 111.5 111.3 111.7 112 113.2 115.6 117
159 159.5 160 160.4 160.2 160 160.2 160.9 161.4 162 162.6 162.9 163 163.3 164 164.6 165.3 165.9 166.4 166.6 166.7 166.3 165.7 165 163.2 161 158.7 157.4 155.9 152.5 149.4 147.6 145.2 143.4 140.5 139.9 137.6 135 133.2 134.8 139.4 144.9 148.3 148 149.9 149.1 144.9 148.8 153.6 154 149.1 148.9 153.8 152.1 148.2 143.1 138.2 135.6 135.1 136.1 136.7 134.9 131.3 127.9 126 123.5 121.6 119.1 117 115.4 114 112.9 111.5 112.5 112.7 112.9 113.5 114.8 116.7 117.5
158.2 158.7 159.1 159.5 159.8 160.6 161.4 162 162.7 163.2 163.6 163.9 164.2 164.4 164.7 165.2 165.8 166.5 167.3 167.5 167.8 167.1 166.4 164.3 162.1 159.9 157.7 155.6 154 152.1 151.7 151.1 149.4 146 146.4 145.9 142.6 138.7 136.1 132.9 131.4 135.7 140.6 141.5 144.2 144.7 140.8 145.5 149 148.7 147.8 147.6 148.2 146.6 143.7 139 135.6 132.8 132.1 133.5 132.7 131.5 127.9 123.9 121.6 119.6 118.2 116.4 114.9 114 113.7 110.2 113.9 114.2 113.8 114.1 115.6 116.6 117.5 118.7
158.3 158.8 159.2 160 160.9 161.8 162.5 163.2 164 164.8 165.3 165.4 165.6 165.8 166 165.8 166.3 167 167.7 168.8 168.6 167.7 166.7 165.4 163.3 161.2 159.2 159.3 157.6 156.5 155.9 155.1 153.1 152.7 152.7 150.6 148.2 145.6 141.4 137.1 132.9 129 131.3 133.1 137.6 139.5 136.4 140.9 144.1 144.1 139.8 139.5 141.1 139 137.8 136.5 133.2 130.1 129.1 130 128.8 126.9 124.4 121 118.7 117.5 116 115 113.9 112.8 115.1 116.7 117.3 116.4 115.2 116 118.9 121.1 121.2 121.4
158.7 159.2 159.8 160.8 161.8 162.9 164.2 165.2 166.3 166.8 167.2 167.2 166.5 166.2 166 165.8 166.5 167.3 168.2 169 168.8 168 166.9 165.7 164.5 162.9 162.1 161.2 159.3 158.3 157.6 157.1 157 157.5 156 154.3 154.1 151 148.2 144.1 139.5 135 131 128 129.8 132.5 132.4 136.5 138.8 140 138.4 137.7 134.9 135.3 136.2 134.4 129.9 126.7 126.2 126.6 125.4 123.2 120.9 118.3 116.8 115.6 115.3 114.5 113 118.9 119.2 119.6 118.2 117.3 116.3 117.6 121.7 126.5 127.2 126.2
158.8 159.7 161 162.4 163.8 165.1 166.5 167.5 168.5 168.7 168.9 168 167.1 166.8 166.5 166.4 166.8 167.6 168.3 168.8 168.8 168.2 167.1 165.9 164.5 162.6 161 159.4 157.4 156.3 156.7 155.6 155.2 154.6 152 151.7 151.7 148.9 148.3 145.2 142.3 138.7 134.8 130.8 125.7 127.9 129.7 132.7 133.5 133.8 134.2 129.9 132.4 130.6 127.5 128.1 125.9 123.6 122.7 123.1 121.9 119.6 117.9 116 114.7 114.7 114.1 118.5 119 122.7 123.1 121 119.4 118.8 117.6 118.6 122.8 127 131.9 132.1
159.7 161.6 163.2 164.6 166 167.3 168.8 169.8 170.5 170.2 169.5 168.6 167.6 167.4 167.4 167.6 167.8 167.6 168.2 168.6 168.7 168.1 166 164.1 162.3 160.5 158.8 155.9 154 153 151.7 150.7 149.8 148.5 146.6 146.7 146.2 143.3 141.9 139.7 137.3 134.7 132.8 129.6 127.4 125.1 126.8 128.5 127.8 127.7 125.6 122.5 128 128.2 127.7 120.6 120.5 119.6 119.4 119.7 118.5 115.7 113.8 114.3 115.5 117.3 119.9 124.3 127.3 126.9 123.8 121.8 122.1 120.8 119.5 119 122.8 127.4 132.4 135.2
161.7 163.4 165 166.6 168.1 169.6 171 171.8 171.1 170.6 169.9 169 168.5 168.5 168.5 168.3 168 167.7 167.9 168.4 168.1 166.6 164.2 162 160.1 158.5 155 152.5 150.3 149.2 147.8 147 146 144.4 142.4 141.2 139.6 136.3 133 130.5 128.7 127.2 126.3 125.9 125 124.3 123.8 124.7 123.8 122.9 122.3 122 120.7 120.4 119.3 119.2 119.3 117.5 117.5 116.8 116.2 117.1 117.3 117.9 118.4 120.6 124.7 128.5 128.9 125.8 124.2 124.7 125 123.6 121.7 119.9 123 127.5 131.6 134.2
163.4 165.2 166.7 168.3 170.1 172.4 173.1 172.9 172.2 171.1 170.3 169.9 169.7 169 168.5 168.2 167.9 167.7 166.8 166.9 166.6 164.9 162.7 160 158 154.8 151.3 148.7 146.6 145.3 143.8 143.2 141.8 140.2 138.5 136.8 134.1 131 128.2 128.9 129.4 129.1 127.5 125.9 125.6 125.2 123.6 123.1 122.8 123.1 123 123.3 122.1 121.6 120.2 118.9 118.7 118.4 118.5 118.2 118.2 118.6 119.2 120.1 120.4 121.8 125 128 128.1 125.8 124.6 126.7 126.9 126.1 123.5 121.4 122.8 126.4 129.1 132
164.6 166.4 168.1 169.8 172.4 173.7 173.6 173 172.2 171.5 171.2 170.9 170.1 169.2 168.4 168.1 167.8 167.3 166.2 165.4 164.8 162.8 160.8 158.9 156.4 153.7 150.8 146.2 143.8 141.3 139.8 139 137.9 136.3 135.3 133.4 131.4 127.6 130.9 132.8 131.5 130.3 130 131 129.3 127.5 125.5 125.6 125.5 125.8 126.4 125.2 123.9 122.2 120.6 119.6 119.3 119.8 119.9 119.9 119.9 120.1 121.2 122.2 122.3 122.6 124.2 126.1 126.1 125.8 125 126.9 127.8 126.7 124.4 123.3 123.4 128.8 131.3 132.7
165.7 167.3 168.7 170 172 173.3 172.9 172.6 172.5 172.2 171.9 171.6 170.4 169.4 168.5 168.1 167.7 166.7 165.5 164.3 162.7 160.8 158.9 157.2 155.4 153.3 150.7 148.9 147 143.9 139.8 136.6 134.7 133.9 132.6 130.4 129.3 131.9 134.6 134.2 132.8 131.9 133.1 133.7 131.4 128.4 128.8 130.1 130.3 129.9 129.5 126.2 123 121.4 120.1 119.7 120.2 121.1 121.4 121.6 122.3 124.5 123.8 124 124.1 124.4 125.9 127.6 127.5 126.4 126.7 129 129.3 128.3 126.2 125.9 126.8 126.5 129.9 133.4
166.3 167.5 168.9 170.1 171.4 172.2 172.5 172.9 173.2 172.9 172.5 172.2 171 169.6 168.6 167.8 165.8 163.8 162.9 161.7 160.3 159 157.3 155.6 153.9 152.1 150.6 150.3 148 144.2 140.8 137 133.9 132 129.8 129.8 132 134.3 136.1 135 134 134.5 134.6 133.5 131 130 130.4 130.4 131.3 130.6 128.5 124.9 122.2 119.1 120.6 119.9 121.6 122.8 123.7 124.4 125.1 126.4 126 126.2 126.9 127.6 129 130 130 130 131.4 132.8 132.6 131.1 129.7 131 131.6 131 130 131.5
166.8 167.7 169 170.3 171.6 172.7 173.2 173.6 174 173.7 173.3 172.6 171.4 169.7 167.5 165.5 163.5 161.5 159.5 158 156.5 154.5 152.7 151 149.7 149.1 148.7 148 145.7 142 138.3 135.3 133.4 130.4 131.9 133.5 135 136.9 137.4 136.5 136.1 135.2 133.7 132.1 131.5 130.6 128.5 128.5 129 128.1 126.4 123.5 122.1 120.1 121.6 123.3 124.5 125.6 126.3 126.9 127.8 129.2 130.3 129.9 130.2 130.9 132.5 134.9 134.3 133.8 134.9 136.8 136.3 135.2 133.9 135.9 137.3 136.1 133.8 132.6
167.8 168.4 169.2 170.5 171.8 172.9 173.8 174.2 174.6 174.4 174.5 172.5 170.5 168 165.2 162.6 160.2 157.8 155.4 153.4 151.8 149.8 147.7 146.3 145.3 144.6 144.5 144.4 143.3 139.9 136.2 133.6 132.6 134.1 135.7 137.8 139.3 140.8 139.5 137.9 136.7 135.3 134 132.7 131.8 129.6 127.5 126.6 126 125.6 124.3 121.8 122.5 121.6 123 124.5 126.5 128.2 128.9 129.3 130 132.2 134.8 135.5 133.9 134.4 136.6 140 140.2 138.1 139 141.1 140.9 139.5 138.9 142 143 140.1 137.2 134.8
168.3 168.4 169 170.6 172 173.1 174.1 174.8 175.3 174.9 173.7 171.5 169.2 166.7 164.3 162 157.9 155.4 152.1 149.5 147.9 146 143.9 142.2 141.1 140.4 140.6 140.9 140.1 137.7 134.3 133.8 135.3 138.2 140.5 142.6 143.2 141.8 139.6 137.5 136.4 135.6 134.2 132.4 129.8 127.5 125.9 126.3 125.4 124.5 124.1 123.6 122.8 122.5 124.5 125.4 128 130.2 131.5 132 132.8 135.3 137.9 140.6 139.5 139 140.5 144.6 147.1 145.6 146.1 147.9 148.4 145.8 145.3 148.5 147.8 144.1 140.5 138.1
168 168.5 169 170.4 172 173.3 174.3 175.3 175 173.7 172.4 170.1 168.1 165.8 163.5 161.1 158.5 153.9 152 150.4 148.3 145.5 144.2 142.6 140.8 139.7 138.1 137.4 136.5 135.5 134.4 137.9 138.2 140.7 143.2 143.9 143.2 140.6 138.2 136.6 135.1 133.8 132.2 130.4 128 128.3 127.2 126.7 125.9 125.6 125.3 125 124.2 121.7 125.8 126.9 130.5 133.1 134.8 135.7 136.5 139.5 143.5 146.2 145.9 145 146.1 150.1 155 156.3 157.3 159.5 159.2 157.1 155.6 155 152.9 148.8 144.9 141.4
166.8 168.1 168.9 170.5 172.3 173.4 174.5 174.6 173.9 173.4 172.5 172 171.7 169.1 166.3 163.4 160.4 156.1 156.6 153.9 149.5 147.6 146.6 144.2 141.8 139.9 138.2 136.5 135.5 135.6 139.2 141.7 141.8 142.8 142.6 141.7 140.7 139.1 136.9 135.5 134 132.1 130.1 129.1 129.4 128.6 128.3 127.4 127.2 126.9 126.6 125.9 125 123.6 126.5 128.7 132 135.3 138.3 140 140.3 144.2 149 152.6 155.3 154 154.3 157 161.2 166.3 170.2 174.2 174.1 171.3 167.8 163 158.2 153.1 149.3 145.7
165.7 167.2 169.4 170.9 172.7 173.6 174.2 173.1 172.5 173.3 175 175.4 173.8 171.6 169.1 166.3 162.9 160.7 158 154.3 151.3 148.8 146.8 144.5 142.1 139.7 138.1 136.4 136.4 137.7 140.8 142.7 143 142.9 141.6 139.9 138.2 136.5 135.8 134.5 133.1 132.3 132 131 130.5 129.6 129.1 128.4 128.2 127.9 127.1 126 124.9 125.3 127.8 130.6 133.7 137 141.7 144.3 144.7 148.6 153.9 160 163.9 165.5 165.4 166.4 168.1 174.7 181 186.2 186.3 182.5 177.3 171 164.2 158.2 153.1 148.5
164.7 166.8 169 171.2 172.8 173 171.9 171 171.7 173.7 176.2 176 175.3 173.8 172.4 171.5 169 167.2 161.5 157.8 154.7 151.4 147.7 145 142.3 139.6 137.8 137.1 137.8 138.7 140.7 142.1 141.5 141.3 140.1 138.6 136.6 135.9 135 134.5 133.2 133 132.5 132.1 131.4 130.5 130.1 129.5 129.3 128.4 127.6 126.9 125.7 125.5 128 131.2 135.4 139.3 144.2 147.9 149.5 153.3 159.5 166.2 172.1 175.1 175.8 176.8 178.5 182.3 189 192.5 192.3 190.3 184.4 176.9 168.7 160.7 154.6 150.2
163.6 166.3 168.6 170.6 171.4 170.3 169.2 168.8 171.3 173.9 175.6 175.5 175.2 175.7 177 176.6 174.5 170.2 165.7 160.4 157.5 154.3 150 145.5 142.6 139.7 137.3 138.7 139.4 140.1 140.8 141.4 140.6 139.9 139.1 138.4 137.5 136.3 135.8 135.2 134.8 133.9 133.1 133.4 133.4 132.2 131.7 130.8 130.7 130.1 129.3 128.3 127 125.3 128.2 131.1 134.7 139.5 145.1 150.8 154 158.2 165.1 172.3 179.4 183.2 184.6 186.1 187.7 189.4 192.1 194.8 194.4 192.9 189.2 181.7 172 163.1 156 151.2
162.6 165.1 167.3 168.2 168.1 167.7 166.8 168.7 171.3 174 174.3 175 175.4 176.2 175.9 175.2 172.8 169.5 166.5 163.5 160 156.3 151.6 147.3 142.5 139.1 141.2 141.4 141.4 141.8 142 141.4 139.3 140.4 139.5 138.8 138.2 137.4 136.8 136.2 135.6 135.2 134.7 134.6 135.3 134 133 132.1 132.2 132 130.8 129.4 128.1 128 127.5 130.7 134 139.3 146.1 153.2 158.9 164.5 171.2 179.3 185.1 189.2 190.6 191.9 193.3 194.1 196.4 197.6 196.7 195.6 193.4 185 175.5 166.4 158.4 153.4
161.6 163.6 165.4 165.5 165.5 165.5 167.3 169.6 171.4 173.1 174.2 175.2 175.6 175.1 173.7 172.9 170.6 167.2 164.2 161.8 158.6 155.2 151.5 147.4 143 139.1 144.6 145 144.2 144.4 144.4 144.3 142.9 142.3 141.4 140.8 140.1 139.2 138.5 137.8 137.1 136.8 136.3 135.8 135.9 135.1 134.4 133.7 133.7 134 131.7 129.9 129.5 129.1 127.3 129.5 134 139.9 147.1 155 164.1 171.3 179 187 191.3 194.7 196.2 197.5 198.8 199.8 199.5 199.4 198.8 197.5 194.8 188.2 179.3 170.3 161.9 157.5
160.4 162.1 163.1 163.1 164 164.9 166.6 168.9 171 173 174.1 175.1 175.6 174.7 173 170.5 168 165 161.7 158.4 155.4 152.1 149.4 146.2 143.3 142.4 146.6 148.7 148.1 148 148.1 148.2 146.8 145.4 144 142.8 141.9 141 140.3 139.2 138 137.7 137.4 137.6 137.9 137.4 136.4 135.7 136.2 135.3 132.8 131 130.5 130.3 128 130.4 135.1 141.3 149.7 161.1 172.6 181.4 188.8 193.5 197.8 200.1 201.2 202 202.8 202.9 202 201.1 199.8 198.5 195.4 190.1 183.5 175.9 172 170.2
160.7 161.5 161.9 162.7 163.6 164.4 166.2 168.2 171 173.7 175.4 176.6 175.3 173 170.9 168 165.4 161.8 158.3 155 151.9 149 146.8 144.6 144.1 147.3 151.3 153.4 152.6 153.4 153.8 152.2 150 148.6 147.5 146.2 144.7 143.3 141.3 140.1 138.7 140.1 141.5 141.3 140.8 140 139.1 138.3 139 137.2 134.4 132.8 131.6 131.5 129.3 132.3 138.2 144.6 154.3 167.6 180.6 191.4 195.9 200.1 203.3 203.8 204.2 205 204.7 204.4 204 203 201.7 200.5 198.7 194 188.7 184.3 183.3 183.5
162.1 162.8 163.2 163.4 163.5 164 165.8 168 171 174 176.3 175.8 173.6 171.3 168.7 165.8 162.9 158.6 154.7 151.5 148.4 146.9 146.4 147.6 150.1 153.2 157.2 159.1 157.7 158.2 159.4 158.1 156 154.7 153.6 152.3 150.1 147 144.1 142.1 142.8 149.6 152.7 149.5 146.7 145.3 143.6 142.2 142.2 140 137 135.3 133.3 131.5 129.8 133 140.9 148.3 158.7 171.2 182.9 194.6 199.8 205.1 206.5 206.7 206.7 206.9 206.6 206.4 205.8 205.3 204 203.3 202.2 198.8 194.5 191.8 192.5 192.7
163.3 164 164.5 164.7 164.7 164.5 165.5 167.9 170.7 173.5 174.2 173.1 170.8 168.2 165.7 163 159.8 155.5 152.2 149.1 148.4 149.8 150.5 151.5 154.5 158.9 162.6 165.1 166 167.1 169.5 171.5 170.2 168.7 165.9 162.8 157.2 149.7 145.6 144 151.2 158.7 164.8 165.5 159.4 155.4 152.8 148.7 145.9 142.8 139.3 136.9 134.7 132.7 131.4 135.8 142.4 150.7 160.5 170.9 180.7 191.8 200.6 206.7 208.6 209.1 208.8 208.8 208.6 208.3 207.6 207.2 206.5 205.7 204.2 202.6 199.4 198.2 197.7 197.2
166.9 166.2 166.2 165.8 165.4 165.3 165.9 167.8 169.9 172 171.9 170.2 167.7 165.2 162.6 159.9 156.7 153.1 150.3 151.7 153 154.9 155.7 156.2 159.1 164.5 168.3 172.5 174.6 177.1 180.9 185.2 185.6 183.8 181.2 173.6 159.6 151.3 147.4 152.8 158.5 167.3 174.2 174.3 169 164.9 160.7 154.9 149.8 144.5 140.6 137.6 136.2 134.8 132.1 136.9 143.1 150.7 159.2 168 177.4 188.4 198.2 205.9 208.2 210.3 210.6 210.6 210.6 210.1 209.4 208.6 207.5 207.6 206.2 204.8 203.4 202.8 202.3 201.9
168.9 168.6 168.7 167.9 167.4 166.9 166.6 167.2 168.8 170.4 170 167.1 164.6 162.1 159.5 156.8 153.6 151.5 152.6 155.5 157.6 159.8 161.5 162.5 164.6 170.6 174.7 178.8 182.5 187 192.4 196.1 196.3 193.2 188.3 181 163.6 149.1 155.7 160.3 167.5 176.3 181.2 179.3 175.9 173.4 166.1 158.2 151.8 146.1 142.7 140.6 139.1 136.7 130.6 134.8 142.9 150.9 157.8 165 173.3 184.4 194.6 203.1 207.6 209.9 210.7 211.3 211.3 210.6 209.4 208.7 207.4 207.9 207.4 206.2 206.2 205.6 205 204.5
171.8 171.1 171.1 170.3 169.5 169 167.9 167.2 168.5 168.9 167.2 164.1 161.3 158.7 156.5 152.9 153.4 154.9 157.5 159.7 161.9 164.4 167.2 169.8 171.8 176.8 181.9 186.3 191.6 197.1 200.6 201 198.3 195.1 189.9 178.9 159.4 160.6 164.2 170.5 178 183.9 185.7 183.2 179.9 175.9 168.8 161 153.9 149 146.4 143.7 140.9 138.2 133.9 131.9 141.9 149 155.9 163 170.6 180.6 190.2 199.2 205.4 207.9 208.8 208.8 208.4 207.7 207.1 207.7 207.6 207.7 207.9 208.5 208.4 208.1 207.5 207
175.1 174 173.5 172.7 171.8 169.9 168.3 167.5 168.2 167.2 164.4 161.1 158.6 156.7 156.1 156 157.3 158.8 161.3 163.8 166.5 169.1 171.9 174.5 178.6 183.3 188.6 195.3 202 206.1 206.1 203.8 199.3 195.1 188.5 173.6 169.5 174.1 177.8 181.6 185.9 190.4 190.5 187.1 183.7 178 171.3 164.1 158.1 153.8 150.7 147 143.8 140.6 138.9 132.2 140 146.9 153.9 160.9 168.5 178.9 186.9 194.5 201.9 204.9 205.2 204.7 204.2 204.1 204.3 204.8 205.6 207 208.3 209 210 210.6 210.1 209.7
177.4 176.8 175.6 173.8 171.9 169.9 168.2 168.6 167.2 165.6 163.4 161.1 159.2 158.9 159 159.4 161.2 162.7 165.2 168 170.9 173.7 176.7 180.7 184.8 190.7 198 205.8 209.7 210.4 209.4 206.5 200.8 194.7 185.9 177.3 183.9 186.9 188.6 189.9 192.9 195.6 194.5 191.6 188.1 183.1 175.8 169.6 164.8 161.3 155.1 150.7 146.3 143 140.9 134.3 137.4 143.6 151.3 158.5 166.7 176.7 183.4 189.2 196.3 199.5 198.9 198.5 198.8 199.7 200.5 201.5 203.3 205.8 207.7 209.3 210.4 211.6 212.8 212.2
