Game/Highland_Data/StreamingAssets/GeoData/Data/so/SO72.asc
ncols 200
nrows 200
xllcorner 370000
yllcorner 220000
cellsize 50
[rows 38 to 75 of 200, columns 0 to 85 of 200]
56.1 54.2 54 57.6 62.4 65.7 65.7 63.3 61.3 65.4 70.2 76.9 82.9 80.4 75 68.1 64 60.3 55.3 53.8 53.1 55.2 59.2 60.4 70.7 79.2 80.4 77.1 74.2 75 74.3 74.2 74 73.1 73 72.7 72.3 69.8 68.2 68.5 67.1 64 60.8 58 58.8 62.9 65.2 66.8 66.4 64.9 62.6 59.3 55.2 53.8 53.4 53.5 53.5 54.8 59.2 62.3 65.4 68.3 69.4 69.9 68.1 62.1 59.1 64.5 68.2 70.2 58.4 48.2 51.1 66.9 66.8 54.9 53.9 60.5 70.1 70.5 76.3 78.8 78.5 77.4 75.3 71.7
55.8 53.4 52.3 54 58.3 62.1 63.6 60.4 62.8 66.5 69.9 73.6 78.8 80.1 75.2 65.5 62.2 59.6 56.6 52 52.6 65.1 70.1 64 74.6 80.7 78.2 74.4 72.6 70.2 70.3 73.5 73.2 70.4 70.3 70.5 70.9 70 68.2 66.2 64.2 62.6 62.7 61.2 57.7 62.3 65.6 66.8 66.4 65.9 64.3 61.3 57.7 54.9 52 52.1 52.9 59.4 61.2 61.6 62.7 64.9 66.6 67.6 65.8 61.5 53.6 58.4 63.8 66.5 57.4 47.7 50 62.5 56.9 51.5 57.4 64.3 73.2 78.9 79.1 79.9 79.3 78.2 77.4 73.8
53.7 53 51.6 53.7 58.8 62 61.1 58.6 63.6 65.7 66 70.6 75.4 78.1 74.1 64 58.7 55.1 52.5 54.1 60.8 70 75.2 73.6 78.5 80.1 76.9 73.9 70.7 68 69.5 74.9 72.8 68.6 68.6 68.2 69.3 70 69.4 68.6 66.1 65.2 65.2 60.7 56.8 60.5 65.5 65.9 66.1 65 63.3 60.8 58.6 56 53.2 50.1 55.6 59.6 59.9 59.2 59.6 60.1 63 62.5 61.7 60 54.1 52.2 58 60.3 54.7 46.7 50.9 52.1 50.4 54.1 68.3 75.9 76.9 79.1 79.6 79.6 79.4 78.7 78.2 76.5
51 50.3 50.2 51 54.5 60.9 60.3 59.7 61.3 62.5 62.6 69.1 76.1 75.6 72.3 65.9 61.2 54.7 50 58.2 66.9 73.5 76.5 76.4 79 79.5 77.4 74.6 71.7 68.1 65.8 70.4 69.4 65.5 68.5 65.2 70 69.8 69.9 69.7 67.8 66.6 66.6 61.2 57 54.8 59.5 62.8 62.6 63.7 62.4 59.9 58 55.8 51.9 48.5 57.9 58.7 57.3 56 55.6 59.5 61.9 61.4 60.3 58.9 54.7 48 52.5 52.7 48.8 44.5 46.1 47.1 51.3 63.3 69.9 73.2 76.7 78.4 78.9 78.8 78.7 78.6 78.4 77.6
52.8 53.3 51.6 49.7 50.4 57.6 58.8 56.7 59.1 58.7 60.8 67.4 73.2 69.3 64.5 63.8 63.1 51.3 48.6 56.4 64.2 73 73.9 72 77.6 77.5 76.3 72.7 71.7 69.3 63.9 62.2 64.4 63.6 66 63.4 68.5 68.9 70.5 70.3 70.1 69.2 68 64.9 60.4 55.4 53.6 56.6 57.5 58.4 59.6 59 56.8 54.3 50.2 47.4 57.1 56 55.3 53.6 53.8 57.7 60.4 61.3 58.1 56.6 55.4 48.1 46.7 46.4 43.3 43.9 45.8 47.2 53.2 62.4 67.9 70.3 73.9 75.8 77.2 77.8 78.1 78.1 78.1 77.3
56.9 55.7 53.5 51 48.5 52.4 57.6 55.6 55.6 56.6 58.4 64.3 68.4 64.9 63.8 62.4 55.1 49.8 49.3 58.8 66.3 70.3 65.8 63.6 68.6 72.8 71.8 69.6 70.4 69.5 64.2 60.8 59.1 64.2 62.5 63.2 68.3 69.9 71 70.9 70.8 70.7 69.2 65.9 61.1 58.2 54.1 51.8 51.5 50.9 52.1 52.6 52.2 49.1 46.5 45.7 49.9 51.8 53.6 50.3 53.3 56.3 58.2 59.5 59.3 55.2 50.8 46.7 44.1 41.5 45 52.5 56.5 50.6 51.4 60.8 64.8 67.2 71 73.1 73.8 74.7 75.6 77.1 76.4 76.2
59.4 57.7 55.1 52.5 49.9 49 55.6 56 53.2 54.2 57.5 63.5 64.4 61.1 59.8 59.6 56.2 49.4 49.5 62 67.6 64.3 58.4 57.8 63.2 67.4 65.8 67.7 70 70.3 66.4 61.5 58.3 56.8 57.7 63.5 67.5 69.9 70.4 70.1 70 70.3 68.8 66 62.9 60.1 60.9 56.7 52.4 51.4 50.1 49.6 47.5 48.4 48.3 46 44.4 46.2 49.1 47.7 52.7 53.3 54 58.2 59.3 58.1 53.5 48.9 43.6 41.1 49.7 61.7 68 64 60.5 56.9 62.5 65.4 68.5 70.2 70.2 71.8 72.4 74.1 73.1 74.8
61.6 58.6 55.5 52.5 50 47.4 54.3 57.9 53.9 52.3 55.3 60.8 60.4 57 57.2 59.4 55.8 49.5 48.3 58.2 61.4 54.4 56.1 60.2 61.6 60.4 63.9 68 71.2 71.2 68.3 66.3 60.7 58.5 56.2 58.2 62.5 68.6 69.1 68.8 69 69.3 68.8 67.3 64.7 64 62.7 59.1 56.5 57.7 55.6 52.1 51.9 52.5 50.6 49.5 47.6 44.4 43.8 42.9 46 46.5 47 52.2 55.4 54.7 51.1 47.4 42.7 42.1 53.8 61.9 67.7 68.7 66.3 65.8 65.7 66.8 68.2 68.3 67.3 69.7 69.6 70.4 68.6 72.1
62.6 58.1 55.2 52.1 49.8 48.6 53 56.8 50.9 53.3 53.7 53.7 53.9 52.8 53.9 57 53.7 48.6 46.5 51.5 52.4 53.2 55.1 53.6 56.7 58.8 66.5 69.9 72.6 72.4 71.2 69.3 64.9 60.6 55.3 54.5 59 64.7 66.6 67.9 68.1 67.8 67.4 67.2 65.5 63.8 63.3 61 59.9 59.1 58.3 54.9 54 54.1 54 54 52 49.8 46.8 44.7 42.9 41.9 41.2 42 46.3 49.3 47.6 45.2 40.5 39.8 49.5 52.8 60.9 67.9 70.9 70 70.1 69.4 67.1 65.8 63.4 67.1 67 65.7 63.5 63.4
61.5 57.8 54.1 52 49.7 46.7 50.4 52.7 51.3 56.3 57.9 55.8 52 49.8 49 49.9 50.1 47.6 45.4 46.9 48.8 51.4 50.6 57 61.9 65.4 68 70 72.4 72.9 72.5 71 68.2 63.4 57.1 54.2 53.3 58.3 64.9 65.9 64.5 65.7 65.5 65.1 64.3 63.4 62.7 61.4 60.4 59.5 58.6 57 55.2 54.7 55.2 56.6 55.8 53.3 51.4 49.6 46.8 46.4 44 41.9 41.3 40.8 40.5 38.2 38.5 38.1 40.3 44.5 51.6 63.7 68.1 70.5 72.2 69.2 65.7 62.5 58.9 63.8 63.8 61.9 60.3 58.3
60.1 57.6 53.6 51 48.8 46.3 47.5 49.1 52.5 57.6 61.5 59.6 54.5 51.1 48.4 47.4 47 46.2 44.6 44.1 46 49.3 52.1 59 60.2 63.4 65.3 68.7 72.5 72.1 71.5 70.4 68.2 63.2 63.7 59.5 54.7 52.6 61.5 63 60.1 62.6 63.7 63.1 62.8 62.4 62 60.3 60 59.2 58.4 57 55.1 55 55.6 57.1 58 57.9 56.5 54.7 53 51.9 48.8 43.9 42 41.2 40.5 41.2 42.4 40 37 38.8 46.9 59.6 63.3 66.1 69 68.8 65.1 60 55.5 59.9 60.2 58.7 57.1 55.7
59.8 56.3 53.6 50.6 47.7 46 46 48.7 56.2 61.9 64.8 62.2 58.3 54.3 50.2 48.7 48.6 48.6 48 44.9 43.1 46.9 52.1 53.8 54.4 58.1 66.4 71.1 71.9 71.5 70.6 69.9 68.1 67.6 66.2 63.9 57.9 51.5 55.2 56.8 58.5 62 61.8 61.8 61.6 61.2 60.8 59.7 59 58.2 58.1 57 55.5 56.8 56.8 58.2 59.5 60.1 59.3 58.1 56.8 54.7 49.7 46.6 47.1 45.6 45.8 46.3 45.9 43.5 38.1 35.7 41.4 51.5 61 63.6 65.6 65.7 63.1 58.3 53.3 55.7 56.2 55.1 54.1 53.5
58.8 54.9 52.6 49.5 46.5 45.8 46.2 51.6 58.5 63.8 67.3 65.7 61.7 55.9 51.5 51.8 55.8 53.1 49.3 46.3 43.1 44.1 49.1 48.8 50.4 57.2 67 70.3 71.2 70.5 69.3 69.3 68.3 68.2 67 63.9 58.1 52 50.5 54.9 60.1 61 60 59.4 59.9 59.7 59.3 58 57.4 56.8 56.3 56.9 56.8 57.1 57.4 59 60.5 60.5 60.1 59.1 57.3 54.5 52 52.8 51.5 49.3 50.4 49.3 47.6 44.1 39.4 35.7 40.1 47.5 55 59.4 61.8 61.3 59 55.8 49.7 51 52.2 50.7 49.8 49.8
59 55.6 52 49 47 45.5 45.1 52.2 59.8 67.5 71.8 67.9 62 55.5 54.4 59.4 61.6 57.1 51.9 47.4 43.2 41.9 43.4 47.8 54.8 59.3 59.3 68.1 69.3 68.5 67.8 68.1 68.4 67.9 66.9 65 60.4 55.1 49.8 50.8 58.5 58.6 57.5 56.4 58.1 58 57.5 56.3 55.8 55.2 54.7 54.9 56 57.3 57.8 58.7 60.7 60.5 60.1 59.3 57.6 56.1 54.6 53.1 51.9 50.3 50.2 49.5 46.7 43.2 38.7 36 40.7 47.7 50.3 54.2 54.8 55 52.9 51.2 48 46.8 48 47.1 48 51.4
62 58 53.6 50.5 48.3 45.7 45 52.8 60 68.2 71.6 68.4 61.8 59.8 62 65.2 64.4 59.3 51 46 42.5 38.8 44.7 51.7 57.4 56.7 53.4 66 67.6 66.5 65.7 66.9 67.4 67.1 66.3 64.3 61.9 57.2 52.8 48.9 49.8 56 54.5 54.5 56.2 56.2 55.1 53.9 54.2 53.7 53.4 54.1 55.3 56.8 58 58.3 59.9 59.9 58.2 58.7 57.3 55.7 53.7 52.1 51.1 49.7 49.4 48.7 45.8 42.2 38.2 34.9 38 44.2 47.6 50.2 49.7 50.2 49.3 47.9 45.8 44.6 45 46.4 49.1 53
62.5 58.6 54.8 51.8 49.3 46.9 44.9 50.4 57.3 64.3 66.3 66.8 66.4 66.3 67.8 67.3 65.2 60.1 52.4 47.2 42.9 40.4 42.9 49.7 51.8 50.2 55.5 65.5 65.8 65.5 64 65.5 66.5 66.2 65.1 63.7 61.4 59.6 56.9 51.5 47.6 48.5 51.8 53.9 54 54.7 53.3 52.5 52.6 52.3 52.3 53.3 54.8 56.3 57.5 58.6 59.5 59.2 59 57.5 56.5 54.9 53.3 52.3 50.5 47.9 48.1 47 44.1 40.9 37.5 34.5 36 42.3 44.9 46.2 46.2 45.5 45 44.8 43.9 43.1 44.3 46.6 50.6 54.4
61.9 58 54.2 50.7 48.1 45.4 44.2 46.6 53.8 59.4 56.1 66 69.3 68 69.2 66 63.2 59.3 53.8 48.5 45.1 42.2 39.1 46.4 46.6 47.9 53.1 58.4 64.4 63 61.5 64.6 65.2 65.2 64.5 63.1 61.5 60.2 57.3 52.6 51.7 47.1 47.2 48.2 51.8 53.2 52.4 52 51.2 51.2 51.4 52.8 54.3 55.8 57.1 58.1 58.6 58.4 58 55.9 54.7 53.6 52.1 50.6 47.5 46.2 46.3 44.7 42.1 39.4 36.8 34.1 35.7 42.1 43.6 42.8 42.9 42.9 42.4 42 41.6 42.3 44.3 46.5 50 52.9
60.7 57.4 53.6 50.1 47.6 45.3 43.4 45.2 49.8 52.2 54.9 62.1 69 70.5 69.7 66.5 64.4 61.2 55.8 51.2 47.4 43.3 39 41.7 42.5 46.2 52.2 63.6 64.6 62.6 59.2 63.7 64.4 63.9 63.1 62.4 61.4 60 57.3 55.9 54.6 51.9 48.5 45.3 48.7 51.8 50.7 50.4 49.7 49.7 50.8 52.3 53.8 55.4 56.6 57.2 57.2 56.9 56 54.1 52.9 51.6 49.5 48.4 46.6 44.4 44.1 43.6 41.3 38.6 35 32.9 35.6 41.4 42.4 41 40.6 40.8 40.2 39.9 40.6 41.7 44.1 46.3 48.6 51.2
58.4 55.6 52.8 51.3 49.6 46.7 44.4 41.4 46.1 49.7 56.4 57.6 60.4 69 67.9 60.6 58.8 56.3 52.1 48.1 44.9 41.2 40.2 38.7 42.3 51.1 59.5 64.9 63.7 59.8 57.4 63.1 63.4 62.6 61.8 61 60.3 59.9 59.6 57.7 56.6 53.6 50.4 45.1 46.1 49.7 49.5 48.8 48.1 48.6 50 51.4 53.1 54.8 55.7 55.7 55.7 54.9 53.9 52.6 51.1 49.6 47.5 45.4 45.1 42.9 41.7 41.2 40.5 37.8 34.9 31.7 34.6 39.7 41.3 38.9 38.3 38.6 38.2 39.4 41.2 43.1 45.2 47.4 46.2 48.2
58.8 55.4 54.4 54.8 53.5 50 46 41.2 45 53.9 53.4 54.2 65.8 68.1 62.3 54.9 51.6 49.9 47.5 45.1 44.8 44.5 42.6 38.5 38.4 46.9 57.5 63 62.5 57.7 55.2 61.5 60.6 59.7 59 58.6 58.8 59.9 60.1 58.4 56.4 53.1 49.9 45.8 43.4 46.6 47 48.1 46.7 46.9 48.3 50.3 53.4 54.6 54.7 54.7 54.2 52.8 51.8 50.9 49.2 47.6 45.5 43.3 42.5 40.7 40 38.9 38.8 36.6 34.5 31.7 34 37.4 37.7 36.1 35.6 36.7 38.4 40.5 42.5 44.8 47.4 45.8 43.4 45
59.8 58.2 55.5 54.5 53.1 49 47.3 43 42.4 49.3 47.2 57.4 66 66.5 63.7 57.8 54 48.5 48.2 49.8 48.5 46.5 43.8 40.6 36.8 41.5 49.6 59.2 60.8 55.3 52.7 59.9 59.4 56.9 56.7 56.4 56.9 58.3 59.3 57.5 55.8 52.7 50.2 46.6 43.6 43.4 45.8 46.3 44.8 45 46.5 49.2 53.2 53.7 53.9 53.8 52.6 50.6 49.7 48.8 47.4 45.5 43.4 40.8 39.6 39 38.2 36.7 36.8 36 33.9 31.7 32.4 33.3 32.7 34.4 35.4 37.3 38.8 40.5 42.6 44.9 46.9 45.1 42.4 42.7
61.9 61.2 56.9 51.6 49.7 50.2 49 43.4 39.6 41.6 52.2 61.3 62.5 60.9 59.4 58.4 57.8 53 54.6 53.7 50.9 46.4 43.2 40 37.6 38.6 47.3 59.2 59.7 54.3 49.3 57.2 57.4 54.6 53.5 54.5 55.2 56.9 57.6 56.9 55 53.9 51.7 48.6 45 42.6 43.1 41.9 42.2 43 44.5 48.4 52.1 52.8 52.9 52.3 51 48.8 47.5 46.7 45.5 43.4 40.9 39.1 39 38.1 36.5 34.9 35.4 35.4 33.4 31 30.4 32.9 35.4 36.3 37.2 38.1 39.7 40.7 41.7 44.4 45.6 43.5 40.2 40.7
64.3 62.9 58.9 56.9 56.3 53.9 49.4 46.3 42.7 37.9 48.4 59.3 59.3 57 55.4 57.5 61 58.5 58.3 56.1 51.5 46.3 42.4 40.1 39 36.8 45.8 54.9 58.5 55 47.7 50.4 51.5 50.7 48.8 51.2 53.1 54 55.4 55.5 55.3 55.7 54.8 50.8 48 45.4 43.5 43 42.2 40.5 41.3 45.4 49.7 51.2 50.8 50 49.2 47.2 45.3 44.5 43.5 41.3 39 36.8 36.6 36.7 35.4 34.1 32.9 33.7 32.7 30 31.2 35.2 37.2 38 38.6 39.5 40.2 39.4 39.5 41.3 42.5 40.2 38.6 40.6
63.2 61.4 60.9 60.6 59.1 55.8 51.1 47.9 44.7 40.6 41.2 55.4 57.7 54.9 52.8 53.8 57.9 59.5 58.9 56 50.6 45.4 45.1 43.7 39.7 36.8 41.4 51.2 54 52.6 47.7 44.8 46.4 47.8 46 50.4 51 51.6 53 53.2 54 55.9 56.3 54.8 51.8 48.3 46.1 45.1 43.7 41.7 40.5 41.2 45.8 48.4 48.1 47 46.1 44.4 40.9 41.9 41.2 39 36.2 34.6 34.3 34 32.4 31.1 31.4 31.7 30.3 29.4 32.4 34.8 37.1 38.7 38.5 38.6 37.1 36.9 37.6 38.5 38.8 38 37.2 39.7
58.9 58.6 59.1 59.9 58.6 56.4 52.9 49.2 45.5 41.7 37.4 48.9 56.2 53.4 50.3 51.2 54.9 57.4 57.9 55.6 52.7 50.2 49.7 46.4 41.4 36.8 36.8 44.5 42.6 55.4 55.3 51 45.6 42.3 44.6 48.2 48.8 49.7 50.5 50.2 53.2 55.9 56 55.1 54 51.8 49.9 47.9 45.9 43.5 41.2 39 39.5 44.7 45 43.8 43 41.4 38 40.1 38.1 35.1 33.8 32.4 31.1 30.1 29.4 29.1 29.6 30.6 30.4 29.1 30.6 35.3 38.1 38 37.3 36.2 35 34.8 35.6 36.4 37.1 36.4 36.2 38.9
54.6 56.7 58.1 57.9 57.7 55.3 53 49.8 46.1 42.4 37 40.3 50.2 51.1 48 49.6 52.4 53.5 53.8 54.5 54 53.1 51.3 47.7 42.9 38.5 36.8 37.9 45.9 55.7 55.1 53.6 50.8 46.7 40.3 43.5 46.7 47.6 47.5 47.2 50.7 54.9 54.6 53.9 53 52.1 52.1 50.3 47.6 45.2 42.9 40.7 38.9 38.5 39.7 39.3 37.8 37.4 36.8 34.2 33.6 33.7 33.9 34.5 32.7 31.6 30.2 29.3 28.2 29.2 29.5 30 32.8 35.4 37.8 36.3 34.9 33.6 32.8 32.9 33.5 34.2 34.8 34.7 36.4 40
52.4 55.5 55.3 55.4 55.2 52.8 51.5 49.7 46.7 43 39 36.2 46.2 48.5 46.1 48.7 50.9 52.1 49.8 50.4 51.8 52.8 51.4 45.5 44.5 38.7 34.5 34.6 46.9 54.4 54.3 52.9 50.8 48.7 43.3 38.6 43.6 44.8 44.4 45.6 52.8 53.7 53.1 52.4 51.7 49.8 50.7 50.1 48.6 46.9 44.7 42.6 40.6 40.5 39.4 38.9 38.2 37.5 37.5 37.9 37.6 37.2 36.5 36 35.2 33.9 32.1 29.8 29.1 27.8 26.9 29.4 32.1 34.8 37.1 35.6 34.1 32.6 31.4 31.2 31.8 32.5 33.1 33.5 37.5 41.4
52 53.5 51.7 49 48.3 47.4 47.7 47.4 45.5 43.4 39.6 35 35.9 45.2 43.6 45.9 48.2 49.9 46.4 45.2 46.8 48.9 51.4 49 45 40 35.6 32.7 41.7 53.5 52.6 51.3 49.8 47.6 45.1 38 40.7 42.3 42.2 46.6 51.9 49 51.4 50.8 49.7 49.8 49.1 48.4 47.7 47.3 46.4 43.9 41.5 41.3 40.9 40.9 40.7 39.8 39.2 39 39.1 38 37.4 37 36.4 35.3 33.5 31.7 30.4 27.8 26.6 28.5 31.2 33.9 36.5 35.4 33.8 32.3 30.7 30.6 31.1 31.4 32.2 33.2 34.7 38.9
49.7 48.9 46.5 44.7 43.9 42.9 43.3 43.7 43.3 40.6 38.6 34 34.8 36 41.4 41.9 43.3 43.3 42.9 40.8 41.7 45 48 46.8 44.9 40.9 36.5 30.9 37.3 50.5 49.7 48.5 48 45.9 43.9 39 38.4 40.1 42.6 47.5 49.5 46.9 48.5 47.2 47.8 48 46.9 45.4 44.6 44.2 44 43.1 41.6 41.8 41.8 41.7 41.1 40.4 39.6 39.2 38.4 37.7 37.1 36.6 36.5 35.9 34.8 32.9 30.7 28.4 26.2 27.4 30.4 33 35.6 35.1 33.6 31.9 30.4 29.9 30.1 30.3 31.3 32.3 33.2 36.6
47.1 45 43 40.6 38.9 38 37.7 38.3 38.6 36.6 35.4 33.3 35.8 37.3 38.6 39.8 40.7 40.2 38.8 37.1 38.2 40.8 46.7 46.3 42.8 37.9 35.1 31.8 36 43.7 45.2 46.2 46.1 44.1 42 37.9 36 39.5 43.4 45.3 46.9 45.8 44 44.7 46.2 45.6 44.2 42.5 41.1 41.1 40.9 40.5 40.8 41 40.8 41.5 41.4 40.6 39.6 38.7 37.9 37 36.5 35.9 36.2 36.3 35.4 34 31.8 29.5 27 25.6 29.3 32.1 34.7 34.8 33.2 31.4 30 29 28.9 29.3 30.3 31.1 31.9 34.2
42.1 40.1 37.3 34.1 34.8 35.1 34.1 34.9 34.4 32.9 32.6 32.6 32.9 32.6 34.3 34.4 35.4 35.4 35.2 34.2 34.5 34.5 37.1 38.7 37 33 32 30 35.3 37.7 36.5 38.7 40.6 40.8 38.3 36.1 36.1 40.2 41.3 43.1 42.9 38.9 40.4 42.9 41.7 42.9 42.9 40.6 37.3 37.2 38.5 38.6 39.2 39.3 39.4 40.6 40.6 39.8 38.8 38.3 37.2 36.2 35.7 35.6 36.1 36.8 36 35.1 33 30.3 27.9 24.6 27.9 30.9 34.2 34.5 33.1 31.3 30 28.8 27.5 28.2 28.9 29.6 30.6 32.2
36.6 35.2 34.8 34.9 35.4 35.2 34.5 33.9 33.6 33.4 33.1 33.3 32.1 32 32.2 33.1 31.8 31.1 31.5 31.7 31.8 31.5 31.4 31.3 30.4 29.7 29.8 29.3 30.1 29.7 29.6 29.1 30.1 30.6 31.6 31.7 36 38.1 39.2 39.7 38.6 36.4 37.7 40.2 38.9 39.7 39.4 37.2 34 33 35.1 34.5 35.8 37.1 37.5 37.6 37.5 37.4 36.7 36.5 37.1 36 34.5 34.9 36.5 37.5 37.1 35.9 33.9 30.7 27.8 25 27.3 31 34.8 35 33.1 31.5 30.3 28.9 27.7 27.1 27.9 29 30.3 31.9
35.4 35.3 35.7 36 36.7 36.6 36.3 36 36 36.1 36 36.1 34.9 33.8 34.2 34.2 33.5 32.9 32.2 31.7 30.8 30.8 30.6 30.6 30.1 30.1 30.9 30.1 29.3 29.1 29.7 29.1 28.8 28.4 28.2 28.2 31.6 34.9 34.8 34.3 34.4 32 32.7 35.2 32.9 32 31.6 30.3 30.1 29.3 29.5 31.9 31.8 33.4 34.1 33.7 33.3 33.8 33.8 33.9 34.3 33.8 33.3 35.4 37.3 38.1 38 37 34.5 30.3 27.5 24.1 26.3 31.1 34.7 35.2 33.3 31.7 30.3 29 27.8 26.6 27.8 28.9 30.1 31.5
36.1 37.5 37.9 38.1 39.5 39.1 38.3 38.1 38.2 39.5 40.7 40.2 37.9 37.3 38.7 38 36.7 34.9 34.3 33.4 32.7 33.1 31.3 30.7 32.4 30.8 30.4 30.2 29.9 30.3 32 31.3 31.4 30.6 31.4 29.5 27.9 29 29.5 29.2 28.6 28 27.8 27.7 26.9 26.6 25.9 26.2 25.7 25.6 26.3 25.8 27.9 29.1 29.4 29.7 29.1 30 30.2 30.4 31.2 32.7 34.2 36.9 38.1 37.6 38.4 36.8 34 30.2 27.1 24.4 26 30.6 34 35.8 34.4 32.4 30.6 29.1 27.5 26.7 28.6 29.5 30.3 31.7
39.7 41.5 40.3 41.9 43 41.7 41.8 40.1 41.6 42.7 43.7 42.8 40.9 40.3 42 42.9 41.5 38.6 36.5 35.7 34.9 34.2 34.1 34.7 36.4 37.7 37.2 33.6 31.2 37.3 38.7 38.3 36.2 33.1 34.3 33 33 32.6 30.5 29.8 27.7 27.6 27.7 27.2 27 26.6 26.5 26.4 26.4 26.6 25.3 24.5 25.5 24.6 24.2 24 24.1 24.4 24.4 27 28.5 29.9 37.1 38.4 38.2 37.6 36.6 34.3 31.9 29.4 26.1 22.4 25.3 29.9 33.6 36 35.5 33.5 31.6 28.7 27.5 26.3 28.3 30.2 33 34.1
43.9 43.7 41.6 44.1 45.9 45.1 45.1 42 44.3 45.2 44.3 43.7 43.1 41.9 43.7 45.5 43.9 41.5 40.9 40.5 40.6 40.2 39.6 40.5 41.2 39.9 36.3 30.9 38.4 41.7 40.5 38.6 36.3 34.7 37.3 37.4 34.3 33.4 33.8 32 29.1 29 29.9 32.6 31 30.5 30.5 30.5 31.2 30.2 28 25.8 26.3 26.2 25.6 24.4 25.1 23.7 24.1 24.2 24.5 25.3 30.9 37.6 37.5 34.4 32.3 30.7 28.3 26.5 25.8 22.3 25 28.6 32.7 35.2 35.4 33.2 29.9 27.8 25.9 26.1 29.3 33.3 36.2 34.8
47.2 44.1 43.5 47 47.9 48.4 47.3 44.1 45.5 46.4 44.9 44.6 44.9 44 45.2 47 45.9 46.2 47 46.4 46.4 45.1 43.3 41.5 39.4 36.3 32.1 36.3 42.4 41.5 40 36.7 35.9 38 40.7 41 39.3 37.2 35 34.8 32.1 31.4 31.8 33.1 35.1 36.6 36.4 36.1 36.2 34.9 31.5 28.7 27.8 28 27.4 26.2 26.4 25.8 25.2 24.8 24.6 24.2 23.9 28.7 32.7 29.3 28 26.5 25.4 24.5 23.5 21.7 24.6 27.3 30.3 32.3 32 30.4 28.5 26.7 24.5 27.5 31.5 37 37.5 35.1
48.5 45.2 44.7 48.4 48.8 49.5 48.5 46.9 47.1 48 47 47.6 46.5 46.3 47.8 48.4 48.2 49.6 50 48.4 47.3 45.1 41.3 36.9 32.9 32.9 36.8 43 42.8 40.8 39.2 37.9 38.9 42.6 44.2 42.7 41.5 39.6 37.9 36.9 35.7 35 36.2 38.8 37.9 37.5 36.6 37 37.4 37.8 34.7 31.6 29.1 28.2 28.7 29.3 28.5 27.9 27.4 27.5 26.8 23.7 24 22.5 23.8 24 23.6 22.2 22.5 22.1 21.6 21.4 23.8 26.1 28.5 29.8 28.8 28.3 27 24.5 26.7 30 34 38.2 36.9 34.6
