Game/Highland_Data/StreamingAssets/GeoData/Data/so/SO81.asc
ncols 200
nrows 200
xllcorner 380000
yllcorner 210000
cellsize 50
[rows 148 to 184 of 200, columns 84 to 167 of 200]
54.2 55.2 56.2 57.5 58.9 60.4 62.3 64.9 71.3 75.5 79.5 83.3 88.7 95.2 100.8 107.9 118.2 127.4 134.4 143.2 154.4 164.8 174.3 183.6 189.8 198.1 197.4 196.9 199.4 202.4 206.2 215.6 232.8 233.7 226.7 218.4 212.9 212.7 211.5 208.8 208.4 206.6 203.7 201.1 197.4 187.8 178.2 173.9 166.4 158.6 155.2 154.7 160 168.9 177.8 182.6 195.3 186.4 182.5 187.6 193.9 201.7 217.1 222.1 230.8 243.7 244.3 238.4 228.3 221.5 216.1 211.9 206.7 205.8 201.5 198.2 194.9 192 190.7 189.3 188.1 185.5 181.1 167.7
55.6 56.7 57.9 59.4 61.2 62.6 64.1 67.9 73.1 78.5 82.5 87.8 93.7 102.5 107.5 116.2 123.8 129.8 138.1 144.8 154.6 163.7 174.3 182.8 189.8 198.3 205.3 204.8 204.3 206.6 216.9 230.8 236.4 235 232.6 229.1 230 228.1 224.5 220.7 218.1 214.5 211 207.2 201.7 192.9 188 184.3 175.5 166.5 165.5 164.6 168.4 173.3 178.6 181.1 196.2 200.5 192.6 193.4 200.9 214.2 220.2 229.4 242.9 246.8 241.8 234 225.8 219.7 214.1 207.5 201 199.3 197.8 194.8 191.9 189.3 188.9 187.6 186 184.8 179.8 164.1
56.5 58.2 59.7 61.2 63.1 64.8 66.7 71.5 77.2 81.9 87.1 91.9 97.1 105.8 116.3 126.9 134.4 137.2 143.4 148.5 158.1 166.2 174.7 182 190.2 199.1 204.4 217.9 218.1 223.6 226.4 229.5 231.4 228.7 226.3 225 225.5 225.9 225.5 225.7 223.8 222.2 218.9 213.8 206.1 197.7 193.4 188 181.9 176.6 175.4 174.2 179.8 185.2 186.1 186.4 195.5 207.3 206.1 207.1 210.3 221.4 230.8 240.7 247.5 245.8 239.5 231.1 223.5 217.9 210.3 202.5 196.8 193.7 192.1 191.1 190.1 188.2 182.3 184.5 184.5 183.6 180.4 168.5
57.3 59 60.7 63.1 65 68.7 73.2 77.6 80.9 85.3 93.7 96.6 104.3 114.4 131.1 139 144.4 146.4 150.1 155.2 161.8 171 177.3 182.7 192.2 200.4 211.9 225.2 223 221.9 222 221.6 221.3 220.8 219.7 216.7 215.8 218.8 220.7 221.2 222.4 224.8 222.7 221.9 214.8 204.8 199 193.3 190 187.8 184.6 189.2 192.5 194.6 194.3 196.5 200.4 206.5 213.2 219.9 224.7 235 247.2 252.7 250.6 247.2 237.2 227.9 221.5 217.1 209.8 202.6 189.8 184 180.5 184.9 185 183.2 175.7 177.9 179.5 181.5 179.6 175.2
58.1 59.9 61.7 64.1 67.5 74.3 78.9 83.4 84.7 91.9 100.6 105.4 116.1 128.5 140.6 148.7 155.5 157.7 158.6 161.4 165.5 172.8 180.2 188.6 195.6 202.6 219 220 217.4 216.4 216.8 216 215.2 214.7 214 207.6 206.7 210.6 214.6 215.8 216.4 218 221 223.8 223.4 213.1 205.7 198.5 195.8 195.8 194.5 196.5 199.3 200.8 204.3 207.4 212 219.4 225.9 231.4 239.4 253 254.9 253.1 249.6 242.3 232.6 225.4 220.1 214.3 208.2 199.3 184 175.9 172.5 174.1 179.2 178.6 172.3 170.3 174.6 175.9 175.1 173.5
59.1 60.9 62.7 65 72.2 78 84.4 88.6 91.4 98.2 105.4 114.4 127.9 141 151.9 155.8 160.8 165.6 166.6 169.3 172.7 180 187.5 194.1 202 214.5 217.1 214.4 212.4 211 211.1 210.1 209.1 208.9 207.7 200.5 197.6 202.4 207.7 209.6 210 211 215.1 218.4 220.5 224.4 211 207.6 206.5 203.4 203.2 206.8 209.5 212.1 216.1 219.8 226.2 234.4 239.7 249 256.1 255.5 252 247.9 242.2 235.6 228.5 224.1 218.8 211.4 204.8 197.5 186.4 171.3 162.4 164.7 173.4 174.2 169.2 158.4 168.4 170.7 170.2 168.6
60 61.9 63.7 66.9 74.9 80.7 87.6 93.4 99.8 103.8 108.6 120.9 137.2 149.5 158.2 165.2 168.7 174.7 177.8 177.1 179.2 185.2 192 200.1 213.9 214.4 212 209.5 207.5 205.9 205.6 205.9 203.6 202.5 201.7 196.4 192.6 197.3 203.2 205.4 206.1 206.7 208 211.1 214.9 221.2 224.1 220.7 219.9 214.4 212.7 222.2 228.7 229.3 231.9 236.3 241.8 250.2 255.5 259.7 256.4 252.5 247 241.1 235.1 229.2 225.7 221.6 216.6 209.5 201.6 194.9 184.8 172.3 162.1 156.4 158 164.7 161.9 152.5 161.5 166.6 166.8 165.4
61 63.1 65.5 69.7 78.1 82 88.2 96.3 103.5 108.8 115.2 125.9 140.9 152.5 161.9 172.5 179 184.4 189.5 187.4 188.8 191.8 197.3 210.5 210.2 210.5 207.8 205 203 201.1 200.5 201 199.6 197.7 197.6 193.1 188.7 193.6 200.4 202 202.3 203.1 204.9 206.4 209.6 217 223.4 227.1 230.9 233.2 228.7 231.5 237.6 243.3 249.2 255.7 261.7 264 262.3 259.5 255.1 248.3 241.5 234.3 230.3 227.1 222.9 218.8 214.1 207.5 200.5 193.9 185.8 178.2 166.8 157.8 150.5 152 154 146 153.7 160 161.5 161.2
62.5 64.5 66.8 73.2 79.8 83.6 87.9 96.9 107.2 116.2 121.3 131.7 140.7 150.6 162.1 173.7 183 189.4 195.7 196.6 196.8 203.1 209.9 207.4 206.4 206.6 203.5 200.8 198.8 197 195.8 196.4 195.2 193 191.9 188.4 185.6 191.6 198.3 199.9 200.2 200.8 202 203.2 206.2 210 213.8 223.8 232.7 243.3 251.2 257.7 262.1 267.4 267.2 269.4 271.2 270 259.9 256.7 250.3 241.9 234.3 229.6 226.5 223.1 220.2 216 211.2 206 199.7 193.8 188.2 182.4 172.5 164.7 152.2 146.7 143.2 140.5 144.5 148.5 151 150.7
64.6 66.6 69 76 81.1 85.4 90.5 100.3 108.9 118.6 126.5 132.6 141 150.7 159.1 169.7 181.4 188.8 196.7 206.5 213.4 211.5 207.7 204.5 204.4 203 199.7 197.1 195.3 193.1 191.1 192.6 192.8 189.6 185 180.4 182.5 188.8 195.3 197.1 196.5 197.4 198.4 199.9 201.2 203.3 207.9 217.7 228.2 242.8 256.5 260.9 277.9 275.9 271.7 273.7 272 264.5 257.3 250.2 242.5 233.4 229 224.5 221.1 219.9 217.2 211.7 207.7 202.7 197.5 191.8 186.9 182 176.6 166.3 156.2 147.6 140.7 134.4 137.6 139.5 138.8 138.7
65.1 68.8 72.4 79.5 84.3 88 92.7 100.7 113.1 122.6 130.6 136.5 142.6 151 159.9 169.8 181.7 189.4 195.5 212.1 212.4 208.4 204.9 203.2 202.2 199.5 196.8 194.3 191.8 187.3 185 187.6 188.5 187.9 183.8 175.7 180.3 186.7 189.5 191.6 192.2 194.1 194.8 194.5 195.1 198.1 205.4 215.5 224.3 240.7 249.7 267.9 277.9 276.8 274.9 275.5 263.4 257.9 249.6 241.6 234.8 228.8 222.5 219 217.7 216.2 212.5 206.1 203.8 199.8 194.3 188.8 183.6 179.5 174.8 168.9 160.8 153 143.4 134.3 130.4 130 130.1 130.6
65.6 70 76.6 84.7 88 91.9 99.7 107.5 122 131.7 137.1 142.2 148.4 156.9 164.9 172 181.8 189.9 198.1 212.2 208.8 205.5 203.7 201.8 198.8 195.9 193.2 188.9 182.1 179 178.9 183.3 185.4 183.6 181.7 173.1 178.3 183.1 184.4 185.6 186.8 187.7 190 187.1 190 197.2 204.4 210.7 220.6 236 256.1 260.8 273.9 274.3 275 266.2 259.6 248.9 240.7 233.6 227.5 222.8 217.1 217 213.2 210.1 206 203.1 199.9 194.5 190.6 185.1 179.9 176.2 172.3 166.2 157.5 150.5 142.8 131.9 125.6 124.4 124.2 124.3
66 72.5 80 89.1 94.2 97.9 107.4 118.6 129 142.1 148.2 153.5 157.9 162.5 168.5 179.2 185.5 190.9 205.2 209.2 206.5 203.7 202.5 199.7 196.2 192.8 189.4 182 177.1 172.9 176.2 182.4 182.7 180.3 173.6 168.8 171.9 178.4 181.4 181.2 181.5 181.2 178.9 182.6 188.9 194.9 201 208.3 218.4 234.2 251.1 268.8 269.8 268.3 263.6 261.6 251.9 239.8 233.5 227 221.8 216.5 208.2 211.2 209.5 203.2 202.5 199.3 194.9 188.8 185.2 181.2 177.1 172.8 167.2 162.1 153.3 145.1 136.9 128.1 124.1 126.8 128.6 132.3
67.7 75.5 81.9 91.2 100.5 105.4 114.8 125.9 139.6 146.5 155.5 163.8 169.4 174.8 176.8 182.9 190.3 197.1 207.3 206 203.7 201.9 199.6 197 193.7 190.2 186 182.3 179.8 173.7 171.8 178.6 178.1 174.8 168.4 164.6 168.9 174.1 178 176.3 178.2 176.2 175.4 184.7 191.4 193.7 200.3 207.7 217.4 235.1 247.9 255.7 262.5 261.1 260.5 252 241.7 231.2 225.8 221.5 217.6 213.2 203 204.8 200.5 197 198.1 193.1 189.1 183.5 179.2 177.4 176 171.3 159.1 156.1 148.1 139.7 131.1 125 126.7 130.4 132.7 138.7
69.3 77.1 83.6 93.2 105.1 112.6 121.6 131.3 143.4 154 162.1 168.4 174.3 180 186.4 191 197.3 208.3 205.8 203.4 201.1 198.9 196.8 193.8 191 187.6 180.5 177.1 175.4 171.4 165.8 167.6 171.6 173.8 165.7 162 168.5 173.1 170.6 170 174.2 172.5 175 180.6 185.9 193.3 200.4 208.1 217.2 234.1 246.7 253.4 257.5 256.4 249.6 241.3 230.7 224.2 219.2 217.4 213.9 208.7 198.3 192.5 190.9 188.9 190.5 187.2 183 178.8 175.9 173.2 173 163.4 153.7 149.3 141.5 134 126.2 124.3 132 136.7 136.6 139.7
71 78.7 86.7 97 111.4 116.9 125 134.6 145.1 155.8 164.2 170.8 178 185.1 195 200.1 208.4 207 202.9 200.7 198.6 196.3 194 191 188.2 182.7 176.9 172 169.3 167.5 161 161 166.9 172 165.3 158.4 163.8 166.3 163.8 161 162.5 164.7 172.6 181.1 189.4 194.7 202.2 209 218.9 231.1 239.6 249.4 250.9 244.6 239.9 230.6 222.2 218 214.3 213 209.9 204.1 196.1 182.2 179.4 178.3 185.1 183.6 179.7 175.7 172.3 169 169.9 159.9 151.1 141.1 133.6 126.5 124.1 128.6 137.5 140.1 140.3 141.6
72.9 77.7 88.5 96.5 109.8 121.7 129 137.2 145.3 156.5 164.6 171.8 179.9 187.6 196.2 204.5 209.6 204.5 199.9 197.8 195.7 193.5 191.5 189 186.4 182.3 179.6 174 164.1 160.9 156.2 156.5 160.8 161.6 157.8 153 157.4 158.1 156.2 161.1 165.2 164.9 171.3 181 189 194.5 203.2 211 221.7 231.3 242 246 246.1 238.5 229.3 219.8 217.2 210.4 207.8 207.4 204.7 199.9 195.1 190 174.1 170.4 180.2 179.1 176.7 173.3 164.6 162.4 162.6 155.5 150 139.9 128.5 122.3 124.8 135.3 141.1 144.6 144.6 146.2
75.6 77.9 83.9 93.8 108.1 122.2 134.1 140.3 149 158 166.5 173 179.1 186.5 195.1 205.3 204.8 199.9 196.4 194.2 192 189.8 187 186.2 184.5 181.1 174.5 169.8 160.8 154.2 151.2 150 150.5 151.3 149.2 148.6 151.7 155.5 160.1 165.5 170.2 172.4 171.8 177.1 186.9 195.7 204.7 213.7 223.9 233.5 244.2 246 238.9 231.9 225.3 215.2 208.4 204.8 201.9 200.3 198.9 194.9 191.9 188.4 174.3 160.8 170.9 175.6 173.5 168.6 158.5 153.8 153.1 148.3 144.3 133.9 125.5 120.2 131.4 140.2 143.7 146.7 147.5 150.5
75.6 78.8 83.3 91.7 104.9 118.5 129.5 137.5 147.9 155.1 161.1 169.4 176.2 184.4 189.9 203 200.3 195.5 193 190.8 188.5 185.6 182.7 181.5 177.8 172.5 168.5 163.2 156.5 149.6 145.9 142.9 143.7 148.7 150.4 153.6 153.9 160.4 166 171.1 174.2 178.2 180.8 180 187.5 195.7 205.8 217.9 227.6 237 245.9 242.6 233.2 221 214.3 210.6 204.8 198.7 193.3 196.7 193.4 190.5 187.5 184.8 178.4 164 161 165.8 169.9 167.2 158.6 148.4 143.9 141.7 134.2 124.3 120.4 125.8 135.2 140.4 145 148.5 151.2 153.8
76.9 81.8 87.7 93.9 104.3 113.3 122.2 134.5 145.2 151.2 157.4 166.1 173 180.3 187 199.2 196.7 193.2 190.4 188.1 185.4 182.4 179.3 176.8 171.8 166.5 163.1 159.6 153.8 145.6 141.7 142.4 146.2 151.9 155.8 158.6 157.3 161.4 167.1 176.2 180.6 184 187.4 191.2 196.6 204.4 214.7 224.6 233.2 241.3 246.3 243.7 230.2 212.5 204.3 204 200.6 193 185.5 184.9 188 187.3 184.1 176.9 174.5 167.1 154.3 152 157.9 162.8 157.9 144.9 137.7 131.9 124.7 119.8 122.8 129.7 134.3 140.3 146.5 150.8 153.6 156.6
79.3 85.6 89 97.3 105.6 113.1 121.5 130.1 139.7 148.7 156 164.1 170.9 178 183.6 195.7 193 190.4 187.8 185 182.2 179.2 175.9 170.9 166.1 161.3 157.9 154.2 147.7 142.1 141.1 144 146.5 152.1 158.5 162.5 163 162.6 166.9 174.2 183.7 188.6 192.8 198.7 205.8 213.9 223.3 229.3 238.4 245.6 246.8 242.6 227.9 209.1 193 189.8 189.7 187.2 178 172.9 179.8 182.7 180.8 177.9 167.1 165 156.6 147.3 146.6 157 153.1 142.9 132.7 124.3 119.2 120.8 128.3 134.7 138.9 140.2 146.1 151.9 156.1 159.5
83.8 89.7 93.3 96.8 100 108.7 117.4 128.9 139.6 146.4 153.8 160.1 169.8 174.9 182.8 192.7 189.9 187.7 186 183.4 180.2 176.3 171.2 165.6 161.9 155.7 151.1 146.7 142.1 139.5 143.9 144.8 148.1 154.7 159.4 164.1 168.5 169.5 171.5 174 180.7 189.6 196 204.1 212.6 221.1 228.7 236 244.6 249.3 240.3 241.3 224.7 205.4 195 182.1 173.9 172.7 166.8 165.7 174 177.7 176.4 173.7 163.6 158.9 156.7 147.3 139.9 144.4 144.8 137.7 128.8 119.3 118.7 125.1 130.2 137.8 142.9 144.5 148.1 153.9 158.1 161.2
85.7 96.4 101 101.2 100 106.9 114.5 123.8 133 141.6 149.9 157.3 163.8 172.5 182.8 189.9 188.3 185.3 183.9 182.5 178.1 174.2 171 162.6 157.8 151.8 145.7 140.3 137.7 141.4 145 147.6 151.1 156.1 162.2 165.4 170.7 175.3 177.8 181.9 186.3 191.8 199.1 208.5 217.8 227 234.6 242.3 249.8 254 240.7 241.8 221.2 202.7 190.4 178.3 169.1 163.3 160.2 158.6 165.4 164 161.8 160.2 155.6 153 155.5 146.5 138 137.1 138.2 130 121.9 117.4 123.6 129.2 132.2 138.8 143.6 147.5 151.5 156.1 159.7 163.3
87.1 95.8 104.9 109.9 104.8 109.3 118 124.6 132.3 140.1 148.9 156.4 163.7 172.6 183.9 187.2 186.5 183.3 180.3 178.2 175.6 172.6 167.9 163.1 157.9 149.2 141.2 135.2 136.8 140.9 145.8 152.1 156.4 157.4 162.2 168 174.1 178 181.8 187.3 192.5 199 204.4 213.5 222.6 231 239.4 247.4 255.3 259.9 257.7 242.2 216.6 204.7 193.3 183.3 173.6 160.9 155.1 152.2 155.5 153.8 152.3 151 149.1 146.1 147.2 146.2 134.1 130.7 132.5 123.5 117.6 117.7 126.6 131.5 135.1 138 142 147.1 152.2 156.9 161 166.4
88.5 99.3 109.4 118.7 116.3 115.1 122.2 131.1 139.2 145.1 152.6 160.7 167.4 174.6 185.8 185.9 183.3 181.1 178 173.8 168.6 164.2 161.7 158.1 157.2 147.4 139.4 134.6 138.9 141.6 147 154.3 159.9 162.7 166 170.9 177.1 181 185.4 191.2 197.1 204.3 211.8 219.8 227.2 234.6 241.9 250.6 254.5 254.5 253.6 234.7 213.9 201.1 189.3 180.5 171.9 159.9 149.2 145.4 145.8 146.7 147.6 145.5 141.5 138.2 138.6 135.7 129 126.5 127.7 120.2 114.8 122.4 123.9 130.4 138.3 142.6 145.8 148.1 152.2 157.1 161.6 166.8
87.6 100.2 112 119.5 125.4 126.1 128 132.2 141.6 147.6 156.8 164.3 169.2 179.7 185.3 182.7 180.2 178 175.5 172 164.8 158.8 155.6 152.1 148.7 141.8 134.6 136.5 141.1 145 149.4 155.3 160.7 167.1 172.3 176.4 180.6 185.1 189.4 195 201 208.6 217.5 223.6 230.5 237.9 243.8 250.1 255.8 252.3 247.4 231.9 213.9 193.9 181.8 173.9 166.5 159.1 152.6 147.2 140.3 138.5 138.3 136.6 133 129.8 127.7 126.3 121.7 120.9 123.5 117.8 113.6 118.9 120.7 127.1 133.6 139.3 145.7 151 154.8 158.4 162.7 167.4
87.3 96.4 105.7 113.4 121 129.6 133.7 139.3 144 150.9 157.6 165 171.7 182.5 184.2 180.3 176.7 174.2 172.5 169.2 164 156.8 150 145.3 140.8 136.2 133.7 137.3 141.4 148.3 151.2 156.5 161.6 168.1 175.5 179.8 183.9 188.1 192.2 198.6 205 213.1 220 226.5 232.7 240.5 244.9 250.2 255.5 251.5 247.4 233.2 218.2 203.3 186.4 177.3 170.2 164.3 159.6 153.9 145.3 139.4 136.2 132.1 131.2 129.6 125.7 122.5 120.3 118.9 114 113.3 113.4 117.3 120.1 124.8 129.3 133.9 140.5 147.3 154.4 159.1 162.5 167.8
91.9 94.6 100.5 109.5 118.4 127 136 143.6 151.1 156.6 160.8 166 173 185.5 182.4 178.2 174.2 171.1 166.5 162 158.8 154.5 148.9 140.9 133.4 130.2 134.3 137.2 139.8 145.4 152.6 159.5 164.9 169.7 176.5 180.9 185.7 190.2 195.8 201.5 208.1 215.1 221.4 227.6 233.8 240.5 245.3 250.2 255.3 254.5 247.6 235.4 222.7 211.3 200.1 189.7 180.5 171.8 165.5 159.2 151.8 145.6 144 136.5 136.6 135.1 133.2 128.7 124.2 121.5 116.7 112.7 113.2 117.3 122.7 129.2 133.3 135.8 138.8 144.4 150.4 156.2 161.8 167.4
100.1 100 103.8 112.4 122.5 129.2 137.7 145.6 154.3 160.7 166 170.3 179.2 185.1 180.6 176.2 171.7 164.7 158.2 156.1 153 149.2 144 137.7 130.1 133.4 138.9 142.1 143.9 147.3 153.6 160.9 167.9 171.9 176.6 181.8 187.6 193.4 199.5 205.3 211.1 216 222.3 227.4 232.8 239 244.5 245.6 250 252.9 246.9 239.4 226.9 218.4 208.7 197.8 186.6 180.5 167.4 161.3 158.5 155.9 147.9 144 144 142.1 139.1 134 127.1 120.3 117.4 112.1 113.5 116.6 122.9 130.5 137.5 142.3 146 149.9 153.4 156.3 160.6 165.9
109 112.2 114.7 117.8 124.9 134 142 148.4 157.3 162.4 168.7 176.3 183.7 182.7 178.8 174.7 168.2 161.3 154 150.4 145.6 141.5 137.8 132.7 126.9 136.5 142.6 146.2 149.9 152.4 157 163.2 167.7 172.7 178 182.6 188.1 194.7 201.2 206.6 212 218 222.1 226.5 229.6 234.4 237.9 239.4 245.9 248.7 246.3 240.4 232.1 224.2 215.4 206 193 184.4 176.6 168.7 163.2 160.5 155.1 152.7 150.4 147.6 144.5 134.9 126.5 117.5 112.6 112 114.1 117.6 123.3 130.5 137 143.8 148.6 152.1 155.4 158.5 163.1 167.9
117.4 120.7 126.5 128.5 131.7 136.2 144.9 153.9 160.2 167.4 170 178.7 184.2 181.3 178 175.2 169.8 166.7 162.1 154.7 148 139.5 132.8 127.9 128.4 137.8 143.2 147.6 152.8 155.7 160.9 164.9 168.2 173.9 178.3 182.8 187.9 194.9 201.2 205.8 210.8 216.3 220.7 223.6 227.1 231 234.4 238.3 244.5 246.7 245.5 239.2 234.3 225.2 216.3 208.3 201.9 192.2 184.5 176.4 172.9 167.7 163.5 159.7 156.2 150.3 141.7 132.9 124.5 115.1 111.5 113.5 115.8 119.2 123.8 129.9 136.4 142.7 148.2 151.4 155.2 159.1 163.7 168
122.3 129.2 135.8 140 139.9 145 149.8 156.6 163.3 171.3 175.2 180.1 185.2 182.2 178.5 176.7 172.9 169.8 165.1 160.5 152.2 140.9 132.3 126.2 129.7 135.4 140.8 146.1 152 156 158.6 161.2 166.3 171.5 176.8 181.4 186.5 192.8 198.6 203.7 208.8 213.9 218.4 221 223.4 226 230.2 233 238.8 240.5 242.2 235.4 231.3 223.4 216.3 209.8 204.5 197.9 191.3 185.2 179.3 173.5 168.2 163.8 157.3 147.9 141.2 130.5 122.6 113.8 111 118.3 119.4 122.1 128.2 132.7 136.6 143.3 146.8 150 153.9 158.2 162.5 166.8
128.2 135.7 143.2 148.4 151.9 151.1 154.5 160.6 166.7 173.3 186.2 182.2 184 182.5 179.1 176.4 173.1 168.8 164.8 160.2 149.5 141.1 133.3 125.9 124 128.7 135.7 141.5 145.9 149.2 151.2 154.2 160.9 167 174.5 179.8 185.1 190.8 197.5 202 206.1 211.6 216 218.2 220 221.7 224.2 227.8 231.2 233 238 233.2 228.9 221.4 214.3 209 204.9 199.9 193.3 186.7 181.5 174.8 169.6 165 156.1 147.5 139.9 133.4 124 113.6 109.8 118.7 121 125.1 130 134.9 137.6 142.6 145.5 148.6 152.5 155.9 158.8 162.9
131.1 139.8 147.3 154.1 159 161.5 163.1 168.8 172.3 177.3 193.2 188.2 184.6 181.3 179 175.8 170.6 166.9 163 158.3 148.7 141.9 134.9 128.6 122.6 124.6 130.5 136.5 138.4 141.6 146.4 153.1 160.5 167.8 175 181 185.7 191.3 196.4 200.8 204.2 207.9 211.4 214.3 216.1 217.7 219.5 222.9 225.7 230.9 232 230.3 225.9 218.9 212.4 207.2 203.9 199.5 193.3 187.2 180.8 175.4 169.2 163.9 154.8 146.5 139.3 133.1 124.4 116.4 106.8 116.7 121.2 124.9 129.2 133.5 137.1 141.1 144.2 147.2 150.4 153.3 156.2 159.1
130.6 139.7 148.1 157.2 163.2 168.8 170.5 175.6 176.6 185.2 195.2 188.5 185.4 182.2 178.2 173.6 168.8 165.2 162.3 157.2 148.4 141.9 135.2 132 125.9 121 125.3 128.8 132.7 138.6 146.8 154 159.6 167.4 174.9 181 185.6 190 194.7 198.3 201.9 205.5 207.2 209.8 211.6 213.7 215.3 219.5 222.6 225.7 226.9 226.1 222.3 216.4 210.4 204.5 201.4 197.3 191.9 185.8 179.7 173.6 168.4 163 152.5 144.6 138.5 132.1 123.8 116.7 107.3 113 119.3 123 126.9 130.4 134.5 137.5 141.7 144.9 147.6 150.4 153.3 156.3
131 139.9 151.2 159.5 166.4 173.5 179.3 181 185.3 197.1 195.9 189.4 185.6 182.5 177.9 172.8 167.6 163 160.1 157.2 149.3 144.1 139.7 136.3 129.5 119.8 120.6 123.8 130 138 146.7 152.9 159.1 167 173.4 178.9 184.3 188.9 193.6 196.9 200.2 202.2 203.6 206 208.2 209.7 211.2 215.1 217.5 220.6 222 222.2 218.4 212.9 208.4 202.2 198.5 194.5 188 182.8 176.8 170.9 165.7 160.6 150.4 143.6 137.8 131 122.2 115.6 107.3 110.7 118.1 121.7 126 129.4 131.7 135 139.1 143.9 146.6 149.4 151.5 153.4
132.6 144.3 153.8 162.3 169.2 177 182.1 188.1 197.8 201.6 194.9 190.5 186 182.6 176.8 171.5 166.3 161.7 157.1 152 148.8 147.7 144.1 139.9 132.2 121 119.8 125.2 130.9 138.5 145.4 151.9 158.8 166.8 172.5 177.8 182.9 188.9 192.6 194.9 197.7 198.8 200 201.8 203.6 205.6 207.5 210.8 213.8 217.1 220.5 220.7 215.8 210.2 206 200.2 195.8 191.2 184.3 179.2 174.4 168.7 163 158.8 150.7 142.1 136.3 128.7 121.1 115.7 109.3 108.8 116.3 119.5 123.3 124.4 129.8 134.6 139.1 142.2 144.2 146.1 148 150.4
