Game/Highland_Data/StreamingAssets/GeoData/Data/so/SO82.asc
ncols 200
nrows 200
xllcorner 380000
yllcorner 220000
cellsize 50
[rows 117 to 155 of 200, columns 87 to 173 of 200]
17.8 17.1 16.6 17.3 18.2 19.8 20.9 21.1 20.9 20.8 19.4 18.7 17.8 16.9 16.5 16.1 16.1 16.3 16.9 17.3 18.5 19.8 20.2 20.5 20.6 21 20.8 20.5 20.7 19.8 19.6 18 16.4 14.6 12.9 11.9 15.9 19.4 20.5 19.7 17.3 17.3 16.8 16.5 16.8 17.4 18.6 19.7 19 18.4 18.8 19.1 18.4 19 19.5 19.2 19.5 19.9 20.3 21.5 21.8 21.9 22 21.5 21.8 22.1 22.6 22.3 20.6 22.3 23.9 25 26.3 26.3 26.3 25.4 24.2 24 23.9 24 24.5 25.6 27.1 26.8 26.6 26.3 26.1
17.4 16.8 16.2 16.3 17.2 18.3 19.4 19.6 19.5 19.4 19.4 18.6 17.7 16.7 16.2 16.1 16.1 16.1 16.8 17.8 18.8 19.4 19.7 20 20.2 20.8 20.7 20.7 20.8 20 20.1 18.6 17.2 16.6 14.5 13 12.3 15.7 19 20.3 19 17.6 16.6 16.2 16.7 17.3 18.2 19.2 18.1 17.2 18 18.1 18.2 19 19.7 19.8 20.1 20.7 21.1 22.1 22.3 22.4 22.5 21.9 21.9 22.2 22.4 22.9 22.6 24.9 26.3 27.2 27.9 28.1 27.7 27.6 26.9 26.7 26 26.2 26.5 27.1 27.9 27.7 27.4 27.2 26.9
17 16.4 15.9 16 16.5 17 17.9 18.3 18.5 18.8 18.9 18.3 17.6 16.6 16 16.1 16.1 16.1 17 18 18.2 18.3 18.6 19 19.6 20.3 21.6 20.6 20.3 20.2 20.3 18.9 18.4 18 16.9 15.6 14.2 13.6 16.4 16.9 17.7 16.6 16.2 16.5 16.7 18.1 19.4 18.5 17.7 17.9 18.9 19.5 19.7 20 20.2 20.5 21.1 21.6 21.8 22.8 22.8 22.9 23 22.4 22.1 22.3 22.6 22.8 24.5 26.3 27.3 28.2 28.5 28.7 28.9 28.7 28.4 27.2 27.3 28 27.7 28.7 28.7 28.4 28.2 27.9 27.7
16.6 16.1 15.5 15.8 16.4 16.9 17.4 17.6 17.9 18.2 18.3 17.8 17.3 16.5 15.7 16.1 16.2 16.3 17 17.1 17.2 17.3 17.8 18.5 19.2 19.9 21.1 20.7 20.4 20.4 20.3 20 19.8 19.4 18.3 16.9 15.2 13.5 13.6 14.5 15.5 16.1 16.4 16.6 17.1 19 19.8 17.8 17.7 18.8 19.9 20.6 20.9 21 21.2 21.4 22 22.4 22.5 23.3 23.3 23.4 23.4 22.8 22.2 22.5 22.7 23.1 25.4 27.1 27.6 28.1 28.4 28.7 28.9 29 29.1 28.4 29 29.5 29.9 29.5 29.4 29.2 28.9 28.7 28.6
16.3 15.8 15.2 15.6 16.2 16.8 17.3 17.4 17.4 17.7 17.8 17.3 16.8 16.2 15.5 16.1 16.4 16.1 16.3 16.5 16.7 17 17.7 18.3 18.9 20.3 20.6 20.5 20.2 20.1 19.9 20.2 20.4 19.9 19.3 17.6 15.9 14.4 13.8 14 14.9 15.9 16.8 17.3 18.1 19.2 18.9 16.8 18.6 19.9 20.7 21.3 21.7 22 22.3 22.4 22.9 23.2 23.2 23.8 23.8 23.8 23.9 23.3 22.7 22.6 22.9 23.8 25.9 27.1 27.6 28.1 28.4 28.7 28.9 29 29.1 29.1 29.7 29.4 30.1 29.9 29.9 29.8 29.7 29.6 29.6
16 15.5 14.9 15.4 16 16.6 17.2 17.2 17.2 17.1 17.2 16.7 16.2 15.7 15.2 15.5 15.7 15.3 15.6 16.1 16.3 16.9 17.6 18.3 19.1 19.8 19.5 19.6 19.7 19.7 19.3 18.8 19.4 19.8 19.7 18 16.8 15.5 14.7 14.4 14.4 15.6 17.1 18 19 19.3 17.6 17.4 19.4 20.7 21.4 22 22.4 22.8 23.1 23.5 23.8 23.9 23.9 24.4 24.4 24.3 24.3 23.7 23.1 22.8 23.1 24.2 25.9 27.2 27.6 28.1 28.4 28.6 28.9 29 28.6 27.7 28.1 28.8 30.2 30.1 29.9 29.6 29.8 30.4 30.6
15.9 15.3 14.6 14.9 15.5 16.1 16.6 17 17.1 17.1 17 16.5 16 15.6 15.2 14.9 14.8 14.6 14.9 15.4 16.1 16.9 17.6 18.3 19.3 18.8 18.5 18.6 18.6 18.4 18.1 17.8 18.6 18.5 19.5 19.3 18.1 16.5 15.5 15.3 15 14.9 16.4 17.5 17.3 17.3 16.1 18.2 20.2 21.9 22.1 22.8 23.1 23.5 23.9 24.1 24.3 24.6 24.7 24.9 24.9 24.9 24.8 24.2 23.6 23 23.5 24.3 26.4 27.3 27.7 28.1 28.3 28.7 29 28.1 27.1 26.8 27.3 28.7 29.4 29.1 28.8 28.7 29.6 30.3 30.2
15.4 14.7 14.4 14 14.4 15 15.5 15.9 16.3 16.6 17 17 16.5 16.1 15.6 14.7 14.5 14.4 14.7 15.2 16.2 17.2 17.9 18 18.2 17.8 17.4 17.5 17.4 17.1 16.8 16.6 16.9 17.2 18.9 20.4 19.2 17.6 16.4 16.1 16.1 16 15.2 15.5 15.9 16.5 17.8 19 21 22.6 23.5 23.2 23.4 23.6 23.7 23.9 24.1 24.5 24.9 25.3 25.2 25.1 25 24.7 24.2 23.6 23.7 25.2 26.7 27.4 27.8 28 28 28.4 27.6 26.2 26.1 26.2 26.6 28 28.5 28.2 28 27.8 28.2 28.6 28.6
14.8 14.3 14.1 14 13.3 13.9 14.3 14.7 15.1 15.5 15.8 16.2 16.1 15.9 15.2 14.1 14.2 14.2 14.4 15.3 16.2 16.5 16.6 17.1 16.4 16.4 16.3 16.3 16.1 15.8 15.7 15.9 16.2 16.7 17.4 19.5 19 18.3 17.3 17.3 17.2 17.1 17.1 16.9 16 16.4 18.1 20 21.8 22.3 22.1 22 22.1 22.2 22.3 22.3 22.4 22.8 23.5 24.1 24.8 25.1 25 24.8 24.5 24.1 23.8 25.8 27 27.5 27.7 28 27.9 27.4 26.2 25 25.1 25.4 26.3 27.6 28 27.9 27.8 27.3 27 26.8 27.5
14.4 14 13.9 14.1 13.3 12.8 13.2 13.6 13.9 14.2 14.6 14.9 15.3 14.9 14.4 13.7 13.8 13.9 14.4 14.8 15.2 15.4 15.5 15.4 15.4 15.5 15.7 15 14.8 15.1 15.3 15.6 15.9 16.1 16.6 18 17.8 17.1 17.8 18 18 18.4 18.3 17.6 16.9 16.4 17.5 18.9 20.2 19.9 19.7 20.4 20.5 20.6 20.6 20.7 21.1 21.8 22.5 23.2 23.9 24.6 25.1 25 24.6 24.3 24.7 25.3 25.9 26.5 26.7 26.3 25.7 24.6 24.7 24.9 24.6 25.1 26.3 27.2 27.8 27.6 27.5 26.8 26.5 26.2 26.2
14.1 13.6 13.6 14.1 13.3 12.3 12.3 12.4 12.7 13 13.3 13.6 13.9 13.3 13.4 13.5 13.7 13.9 14.4 14.9 15.5 14.4 15.4 14.8 15.1 15.2 15.3 15.6 14.7 15 15.1 15.3 15.5 15.8 16 16.6 16.6 17 17.7 18.9 19.4 19.6 19.4 18.1 17.2 17.3 16.9 17.7 18.2 18.3 18.4 18.8 18.9 19.1 19.5 20 20.5 21.2 21.9 22.5 23.2 23.9 24.6 25 24.8 25 24.4 24.2 24.5 25.1 25.5 24.2 24.5 24.7 24.9 25.1 24 25.1 26 26.7 27.3 27.4 27 26.3 26 25.9 25.7
14.2 13.3 13.3 13 12.4 12.1 12.1 12.1 12.2 12.2 12.6 12.9 13.3 14.8 14.2 14.3 14.2 14.4 14.8 14.7 16.5 16.3 16.3 15 15.1 15.1 15.4 15.8 14.9 15 15.4 15.7 15.8 15.9 16.1 16.2 16.4 16.8 17.3 19.1 20.7 20.9 19.9 18.7 17.5 18.2 17.7 17.6 17.4 17.6 17.7 17.8 18.2 18.6 19.1 19.5 20 20.7 21.3 22 22.7 23.4 24 24.7 25.2 25.2 25.2 24.9 24.5 24.3 24.4 24.4 24.3 24.5 24.8 25 24.9 24.9 25.5 26.2 26.8 27.1 26.4 25.8 25.6 25.5 25.4
14.3 13.4 12.9 12.5 12.2 11.9 11.9 11.9 12 12 12.9 13.4 13.6 13.8 14.2 14.3 14.6 14.8 15 14.8 15.7 16.3 15.4 15.5 15.4 15.1 15.5 15.2 15.2 15.2 15.3 15.7 16.1 16.3 16.5 16.6 16.4 16.7 17.2 18.1 19.9 20 19.2 18.1 18.6 18.5 18.4 18.5 18.3 18.3 18.4 18.2 18.2 18.6 19.4 19.5 19.9 20.6 21.3 22 22.6 23.3 24 25.2 26.1 26.1 26 25.7 25.3 25.4 25.5 25.3 24.8 24.4 24.6 24.8 24.5 24.7 25.2 25.6 26.3 26.9 25.9 25.3 25.2 25.2 25.3
14.1 13.4 12.9 12.3 12 11.7 11.6 11.7 11.7 12.2 13.1 13.9 14.1 14.3 14.5 14.3 14.7 15.1 15.5 15.8 16 16.2 15.9 15.6 15.4 15.2 15.5 15.4 15.4 15.4 15.4 15.6 16 16.4 16.8 17 17 16.5 16.8 17.2 17.6 17.8 17.8 17.5 18.9 18.7 18.4 19 18.9 18.6 18.7 18.9 18.4 18.9 19 19.4 19.9 20.5 21.2 21.9 22.6 23.2 24.6 25.7 26.6 27 26.9 26.5 26.3 26 26.6 26 25.5 25.1 24.8 24.7 24.7 24.9 25.2 25.6 26.1 26.5 25.3 25.1 25 25 25.6
13.8 13.4 12.8 12.2 11.7 11.5 11.4 11.5 11.6 12.4 13.3 14.2 14.6 14.8 14.7 14.4 14.8 15.3 15.8 15.7 15.6 16.1 15.9 15.7 15.5 15.3 15.7 15.7 15.7 15.7 15.6 15.6 16 16.4 16.8 17.2 17.5 17.6 17.6 17.6 17.6 17.4 17.4 17.3 18.7 19.2 19 18.9 19.2 18.7 18.3 18.8 18.1 18.5 18.9 19.4 19.9 20.5 21.2 21.8 22.5 23.8 25.1 26.3 27.1 27.8 27.6 27.4 27.2 27 27.7 26.7 26.3 25.9 25.5 24.9 24.9 25.1 25.3 25.7 26.1 26.2 24.8 24.9 24.9 25 25.8
13 13.2 12.8 12.1 11.5 11.3 11.2 11.2 11.8 12.6 13.5 14.4 14.3 13.7 14 14.6 14.9 15.3 15.5 15.5 15.2 15.5 15.8 15.8 15.6 15.4 15.9 15.9 15.9 15.9 15.9 15.9 15.9 16.3 16.7 17.1 17.6 17.6 17.6 17.6 17.4 17.2 17.2 18.4 18.2 18.8 19.5 18.9 18.6 18.5 19 19.4 18.4 18.6 18.9 19.3 19.8 20.4 21.1 21.8 23.1 24.5 25.7 26.8 27.6 28.5 29 28.7 28.3 28 28.7 27.5 27 26.5 26 25.4 25 25.2 25.4 25.7 25.8 25.5 24.6 24.7 24.7 25.2 26.1
12.1 12.6 12 11.6 11.2 11.1 11 11.2 12 12.8 13.4 13.7 13.6 13.5 14 14.4 14.5 14.6 14.7 15.6 15 15.1 15.3 15.4 15.7 15.5 16.1 16.2 16.2 16.2 16.2 16.1 16.1 16.2 16.6 17 17.6 17.7 17.7 17.5 17.3 17.1 17.4 18.1 18.2 19 19.6 19.8 19.7 19.6 19.2 18.6 18.8 19 19.3 19.5 19.8 20.4 21 22.4 23.9 25.1 26.2 27.4 28.9 30.5 31 30.5 30 29.5 28.9 28.2 27.6 27 26.5 25.9 25.4 25.3 25.6 25.7 25.8 24.9 24.3 24.4 24.6 25.5 26.4
11.5 12 11.4 10.9 11.1 11.5 11.2 11.4 11.5 12.9 12.9 13 13.1 13.5 13.7 14 14.2 14.1 14.2 15.5 14.9 15 15.1 15.3 15.4 15.6 16.4 16.5 16.4 16.4 16.4 16.4 16.4 16.4 16.5 17 17.6 17.7 17.5 17.7 18 18 18 17.9 18.9 19.4 19.6 19.8 19.8 20 20 18.9 19.1 19.3 19.5 19.6 20 20.5 21.2 23 24.4 25.4 26.4 27.5 29.4 31.7 32.2 31.9 31.4 30.9 30.2 29.2 28 27.5 26.9 26.4 25.9 25.4 25.6 25.7 25.5 24.8 24.1 24 24.7 25.7 26.6
10.8 11.4 10.8 10.7 11.2 11.7 12 12.2 12.7 12.6 12.4 12.8 13.2 13.3 13.4 13.6 13.8 13.9 14.3 14.7 14.7 14.9 15 15.2 15.5 16 16.6 16.7 16.7 16.6 16.6 16.6 16.5 16.5 16.6 17.2 17.8 17.8 17.7 17.7 17.7 17.6 17.6 17.6 18.4 19.4 19.6 19.6 19.9 19.5 19.1 19.1 19.2 19.4 19.5 19.7 20.1 20.6 21.3 22 23.1 24.5 26.2 27.4 29.1 30 32.1 32.6 32.8 32.2 31.4 30 28.5 27.9 27.4 26.9 26.3 25.8 25.7 25.7 25.3 24.6 23.9 23.7 24.7 25.8 26.7
10.6 10.7 10.5 10.6 10.8 11.5 12.2 12.6 12.8 12.5 12.5 13.2 13.6 13.6 13.7 13.8 13.8 14.1 14.4 14.8 15 15.1 15.1 15.3 15.9 16.4 16.5 16.4 16.3 16.3 16.3 16.2 16.5 16.8 17.2 17.7 17.8 17.9 17.9 17.9 17.8 17.8 17.8 18 18.1 18.2 18.6 18.9 19.6 19.1 19.1 19.2 19.3 19.5 19.6 19.8 20.3 20.7 21.5 21.8 22.5 23.9 25.4 26.8 27.7 28.3 30.8 32.5 33.1 33.4 32.6 30.9 29.1 28.4 27.9 27.3 26.8 26.2 26 26 25.1 24.4 23.8 23.7 24.8 25.8 26.8
10.7 10.4 10.4 10.5 10.6 11.2 12 12.7 13.1 13.1 13.1 13.5 13.9 13.9 14 14 14 14 14.3 14.9 15.2 15.3 15.5 15.7 16.2 16.3 16.2 16.2 16.1 16 16.4 16.7 17 17.3 17.7 17.8 17.9 18 18.1 18 18 17.9 17.9 18.2 18.5 18.6 18.7 19.8 20 20.2 19.1 19.3 19.4 19.6 19.7 19.9 20.3 20.9 21.3 21.5 22.2 23.3 24.7 25.9 26.7 27.4 28.9 30.2 32 33.7 33.5 31.7 29.9 28.9 28.3 27.8 27.2 26.7 26.2 26.3 25.1 24.2 23.5 23.6 24.8 25.9 26.9
10.3 10.4 10.4 10.4 10.6 11 11.6 12.4 13.1 13.7 13.6 13.9 14.2 14.3 14.3 14.3 14.3 14.2 14.2 14.6 15.4 15.7 15.9 16 16.2 16.2 16.1 16.1 16.1 16.1 16.2 16.5 16.9 17.4 17.7 17.9 18 18.1 18.2 18.2 18.1 18.1 18.1 18.5 18.8 18.9 18.8 19.7 19.9 19.2 19.5 19.5 19.6 19.6 19.8 20 20.3 20.8 21.1 21.3 22 22.7 23.9 25 26.3 26.5 26.9 28.2 30.2 32.7 33.6 32.5 30.7 29.3 28.8 28.3 27.7 27.1 26.5 26.3 25.1 24 23.5 23.7 24.6 25.8 26.9
10.3 10.4 10.4 10.4 10.7 11 11.4 12 12.7 13.4 14.1 14.2 14.5 14.5 14.5 14.5 14.5 14.5 14.5 14.4 14.7 15.1 15.3 15.5 15.9 16.2 16.2 16.2 16.1 16.1 16.2 16.3 16.7 17.7 17.8 17.9 18.1 18.2 18.3 18.3 18.3 18.3 18.4 18.7 19.1 19.3 19.2 19.5 19.8 19.5 19.8 19.9 19.9 20 20 20.5 20.4 20.6 20.9 21.1 21.7 22.9 24 24.1 25.5 25.7 25.8 27.1 28.4 31 33.1 33.4 31.5 29.8 29.3 28.7 28.1 27.6 27 26.3 25.1 23.9 23.6 24.5 25 25.5 26.8
10.3 10.3 10.3 10.6 11.1 11.6 12 12.5 13.1 13.6 14.1 14.6 14.7 14.7 14.6 14.6 14.5 14.5 14.5 14.4 14.7 14.8 14.8 15.1 15.4 15.8 16.2 16.2 16.2 16.2 16.3 16.4 16.5 17.8 17.9 18 18.1 18.3 18.4 18.5 18.5 18.4 18.7 19 19.3 19.6 19.5 19.3 19.5 19.7 20.1 20.3 20.3 20.4 21 20.6 20.8 20.9 20.9 20.9 21.8 22.8 23.8 25 25.1 24.7 24.9 26 27 29.1 30.3 31.3 31.3 30 29.5 28.9 28.3 27.8 27.2 26.2 25 23.7 23.4 23.6 24.3 25.4 26.8
10.2 10.2 10.5 11 11.6 12.1 12.4 12.8 13.1 13.5 13.8 14.2 14.6 14.6 14.6 14.5 14.5 14.5 14.4 14.4 14.8 15.3 15.3 15.5 15.6 15.6 15.7 16.1 16.2 16.2 16.3 16.4 17.5 17.8 18 18.1 18.2 18.4 18.5 18.6 18.6 18.6 18.9 19.3 19.6 19.9 19.9 20.4 19.6 20 20.4 20.7 20.7 20.8 21 21.1 21.3 21.4 21.6 21.7 21.3 22.4 23.5 24.8 25.5 25 24.3 24.8 25.8 27.2 28.2 29.3 30.1 30.1 29.5 28.9 28.3 27.8 27 25.9 24.7 23.5 23.2 23.5 24.5 25.5 26.7
10.1 10.4 10.9 11.5 11.9 11.9 12 12.4 12.7 13.1 13.5 13.8 14.2 14.5 14.5 14.5 14.4 14.4 14.4 14.5 14.9 15.4 15.8 15.9 15.9 16 16 16.1 16.1 16.3 16.3 16.9 17.5 17.8 17.9 18 18.2 18.4 18.6 18.7 18.8 18.8 19.2 19.5 19.9 20.2 20.3 19.9 19.8 20.2 20.6 21 21.2 21.3 21.5 21.6 21.8 22 22.1 22.3 22.5 22 23.7 25.5 25.2 23.9 23.9 24.1 25.5 27.5 27.8 28.8 29 29.6 29.5 28.9 28.3 27.8 26.7 25.6 24.4 23.3 22.9 23.8 24.8 25.7 26.4
10.2 10.7 11.2 11.5 11.3 11.5 11.6 12 12.4 12.7 13.1 13.5 13.8 14.2 14.5 14.4 14.4 14.4 14.3 14.6 15 15.5 15.7 16.4 16.3 16.4 16.4 16.7 17.3 17.4 16.8 17 17.6 17.8 17.8 17.9 18 18.2 18.4 18.6 18.9 19.1 19.4 19.8 20.1 20.4 20.5 20.5 20.2 19.9 20.3 21 21.3 21.5 21.7 21.9 22 22.2 22.4 22.6 22.8 23 23.7 24.2 24.2 23.4 23.5 24.6 25.7 27.3 28.2 28.4 27.9 28.5 29.1 28.9 28.3 27.5 26.4 25.2 24.1 23 23.1 23.9 24.8 25.6 26
9.9 10.2 11 10.9 10.8 11.1 11.5 11.6 12 12.3 12.7 13.1 13.5 13.8 14.2 14.4 14.3 14.3 14.3 14.7 15.1 15.3 15.5 15.8 16.7 17 17.2 17.3 17.5 17.7 17.6 17.7 17.7 17.8 17.8 17.9 17.9 18 18.2 18.4 18.8 19.3 19.7 20 20.3 20.5 20.7 20.5 20.3 20.1 20.1 21.1 21.3 21.5 21.7 21.9 22.1 22.3 22.5 22.6 22.8 22.9 23.2 23.5 23.6 23.4 23.4 24.8 26.2 27.5 28.6 28.6 27.1 27.6 28 28.6 28.3 27.1 26.1 25 24 22.5 22.8 23.8 24.6 25.3 25.7
9.3 9.9 10 10.7 11.2 11.6 11.9 11.9 11.7 12 12.3 12.7 13.1 13.5 13.8 14.1 14.3 14.2 14.4 14.8 15 15.1 15.3 15.5 16.3 16.5 16.8 17 17.3 17.4 17.6 17.4 17.2 17.8 17.8 17.9 17.9 18 18 18.4 18.9 19.5 19.9 20.2 20.5 20.6 20.5 20.3 20.1 19.9 20.3 21.2 21.4 21.6 21.8 21.9 22.1 22.3 22.5 22.6 22.7 22.8 23.2 23.5 23.5 23.5 23.4 24.7 26.1 27.1 28.4 28 27 27 27.5 27.8 28.1 27.1 26 24.8 23.2 22.1 22.4 23.6 24.5 25 25.3
10.6 10.8 10.4 11.3 11.8 12 12.3 12.5 12.2 11.9 12 12.7 13.6 13.9 13.7 13.8 14.1 14.2 14.5 14.6 14.8 15 15.2 15.3 15.5 15.8 16 16.2 16.4 16.6 16.8 16.9 16.7 17 17.8 17.7 17.5 18 18.8 19.1 19.1 19.7 20.1 20.5 20.6 20.5 20.3 20.1 19.9 19.7 20.5 21.2 21.4 21.6 21.8 22 22.1 22.3 22.4 22.5 22.7 22.7 22.8 23.5 23.4 23.4 23.6 23.9 24.9 26 27.7 27.6 26.4 26.3 26.6 26.9 27.3 27 25.6 24 22.5 21.7 22 23.2 24.2 24.6 24.9
10.6 11.5 11.2 11.9 12.2 12.5 12.7 13 13.1 12.6 12.1 13.2 14.2 14.5 14.6 14.4 14.3 14.2 14.4 14.6 14.8 15 15.2 15.4 15.6 15.8 16.1 16.3 16.4 16.5 16.6 16.7 17.2 17.8 17.8 17.4 17.2 17.9 17.5 18.5 20 19.8 20.4 20.6 20.4 20.3 20.1 19.9 19.7 19.9 20.6 21.3 21.5 21.7 21.8 21.9 22.1 22.2 22.3 22.5 22.6 22.6 22.2 23.3 23.1 22.9 24.5 24.5 24.3 24.5 25.2 25.2 24.7 25.5 26.1 26.3 26.6 26.2 24.8 23.2 22.1 21.3 21.6 22.7 23.5 24.1 24.4
10.8 11.4 12 12.4 12.6 12.9 13.1 13.4 13.6 13.5 12.6 13.4 13.7 14.2 14.6 14.8 14.7 14.5 14.5 14.7 15 15.2 15.4 15.6 15.7 15.8 16.1 16.4 16.7 17 17.1 17.2 17.5 17.9 17.8 17.7 18.1 18.9 19.2 19.4 19.5 19.1 19.9 20.2 20.1 20 19.9 19.7 19.5 20.1 20.8 21.3 21.5 21.6 21.7 21.9 22 22.1 22.3 22.4 22.5 22.6 22.2 22 22.3 22.8 25.3 25.1 23.7 23.7 23.6 23.5 23.6 24.4 25.3 25.8 26 24.9 23.8 22.5 21.7 20.9 21.1 22 22.8 23.5 23.9
11.7 12 12 12.5 12.8 13.1 13.4 13.7 14 14.2 13.2 13.1 13.6 14.1 14.5 14.9 15 14.8 14.7 14.9 15.1 15.4 15.6 15.7 15.8 15.9 16.1 16.4 16.7 17 17.4 17.7 17.9 17.9 18 18.2 19 19.3 19.4 19.6 19.7 20 19.2 19.1 19.2 19.3 19.3 19.4 19.7 19.9 20.6 21.2 21.4 21.6 21.7 21.8 22 22.1 22.2 22.3 22.5 22.6 22.5 22.3 21.9 22.6 24.4 25.2 23.7 22.8 22.6 22.7 22.9 23.6 24.3 25.1 24.7 23.7 22.8 21.5 20.5 20.1 20.5 21.1 22.5 24 25.1
11.7 11.7 11.8 12.3 12.8 13.1 13.4 13.7 13.9 14 13.8 13.1 13.6 14.1 14.6 14.7 15.1 15.2 15 15.1 15.3 15.5 15.8 15.8 15.9 16 16.1 16.4 16.7 17 17.3 17.7 17.9 18.2 18.5 18.9 19 19.2 19.3 19.4 19.5 19.8 20.2 19.8 19.8 19.5 19.4 19.5 20.4 20.4 20.4 21 21.1 21.4 21.7 21.8 21.9 22.1 22.2 22.3 22.4 22.6 23 22.8 22.1 21.6 23 24.6 24 23.1 22.2 21.7 23.3 24.2 23.8 23.9 23.1 23 22.1 20.5 20.5 20.6 20.7 20.7 23 24.9 27.9
11.4 11.5 11.5 12 12.6 13.1 13.4 13.6 13.7 13.8 13.8 13.2 13.6 14 14.8 14.6 14.9 15.3 15.4 15.3 15.5 15.7 15.8 15.9 16 16.1 16.2 16.3 16.7 17 17.3 17.7 17.8 18.1 18.4 18.7 18.9 19 19.1 19.2 19.4 19.7 20.1 20.3 20.5 20.6 20.7 20.6 20.8 20.7 20.6 20.8 20.9 21.1 21.4 21.7 21.9 22 22.2 22.3 22.4 22.5 23.1 23.1 22.3 21.1 21.4 22.4 23.1 23.8 23.3 23.2 23.4 23.2 22.2 22.2 21.3 20.6 20.3 20 21.2 20.9 20.9 21.2 21.4 23.2 24.5
11.1 11.2 11.3 11.8 12.3 12.9 13.4 13.4 13.5 13.5 13.6 13.7 13.6 14.2 14.9 14.5 14.8 15.1 15.4 15.6 15.7 15.9 15.9 16 16.1 16.2 16.3 16.4 16.7 17 17.3 17.5 17.6 18 18.3 18.6 18.8 18.8 18.9 19 19.3 19.5 19.7 19.6 19.8 20 20.2 20.2 19.6 19.3 18.7 19.1 20.3 20.8 21.1 21.4 21.7 22 22.1 22.2 22.3 22.4 23 22.2 22.9 21.7 20.5 21.1 22 23 22.4 21.5 21.6 20.5 20.9 20.6 19.9 21.2 21 20.3 21.9 22.3 22.5 21.7 19.9 20.7 22.4
10.8 10.9 11 11.5 12.3 12.6 13.1 13.2 13.2 13.3 13.4 13.4 13.6 14.3 14.9 14.4 14.7 15 15.3 15.6 15.9 16 16 16.1 16.2 16.3 16.4 16.5 16.6 17 17.3 17.4 17.5 17.8 18.1 18.5 18.6 18.7 18.7 18.3 18.5 18.6 18.4 18.2 18.3 17.5 17.7 17.4 17.6 17.6 16.9 17.3 18.5 18.9 19.6 20.9 21.3 21.3 21.3 21.8 22.2 22.3 22.6 22.7 22.6 21.7 20.9 20.6 20.4 21.1 21 19.6 19.9 18 20.3 21.7 22.4 22 21.4 22.2 22.6 22.8 23.2 23.2 22.5 22.8 23.1
10.4 10.6 11.3 11.9 11.8 11.8 12.8 12.9 13 13 13.1 13.3 14.2 14.4 14.8 14.3 14.6 14.9 15.2 15.5 15.8 15.9 16.1 16.2 16.3 16.4 16.5 16.6 16.6 17 17.2 17.2 17.3 18 18.4 18.3 18.1 18.3 18.2 17.2 16.9 16.6 16.8 16.6 16 15.9 15 15.1 15.1 16.1 16.3 16.6 16 15.9 15.9 16 15.9 17.5 18.8 20.2 21 21.5 21.3 21.3 21.2 20.8 20.7 20.3 20 19.4 19.9 16 20.3 20.9 21.4 22.8 22.8 22.4 22.6 23 23.2 23.5 23.8 23.7 22.9 23.4 23.8
10.4 11.1 11.9 12.3 11.7 11.7 12.5 12.6 12.7 12.8 13 13.4 14.1 14.6 14.3 14.1 14.5 14.8 15.1 15.5 15.6 15.8 15.9 16.1 16.3 16.4 16.6 16.6 16.7 16.9 17 17.9 17.9 18 17.9 17.7 16.3 17.2 16.9 13.3 13.4 14.5 14.5 14.5 14.8 14.9 15.1 15.1 15.1 15.8 16.3 16.5 16.4 16 16 16.1 16.1 16.9 17.2 16 18.7 18.4 19.6 19.6 19.4 19.1 19.3 18.7 19.4 16.7 19.1 20.3 21.1 21.7 22.4 22.9 23.3 22.9 23.4 23.6 23.9 24.1 24.4 24.2 23.2 23.6 24.3
