Game/Highland_Data/StreamingAssets/GeoData/Data/so/SO93.asc
ncols 200
nrows 200
xllcorner 390000
yllcorner 230000
cellsize 50
[rows 152 to 189 of 200, columns 86 to 171 of 200]
26.8 27.1 27.4 27.9 27.8 27.6 27.5 28.7 28.8 28.8 28.9 28.9 29 29.1 29.1 28.7 28.3 27.9 27.9 28.2 28.4 28.5 27.7 28.5 29.2 29.8 31.3 33 34.9 37.4 41.2 48.1 54.5 61.3 67 73 78 88.1 100.1 97.8 95.5 103.1 110.9 117.7 115.9 109.7 99.4 89.4 80.1 73.3 66.4 62.4 60.1 60.1 60.9 61.8 62.5 63.6 65.1 65.6 65.4 64.7 64.2 63.9 63.5 63 62.7 63.3 63.2 62.4 61.8 60.9 59.6 59.4 59.8 60.1 60.2 60.1 60 59.5 59.7 60.3 60 60.7 60.4 59.2
27 27.3 27.7 28.2 28.2 28.1 27.8 28.5 28.7 28.8 29 29.1 29.3 29.4 29.4 28.9 28.5 28.1 28.1 28.3 28.6 28.8 29.1 29.4 29.8 30.3 31.8 34.1 36.7 39.3 45.3 52.5 59.8 67.8 73.9 77.1 83.8 97.7 109.1 114.6 109.6 118.8 127.9 134.5 128.8 116.4 104.4 92.6 83.6 74.8 66.9 62.2 62.4 62.8 63.3 64 65.8 67.6 69.2 69.8 68.9 68.9 69 69.9 70.1 69.9 68.9 68.8 66.5 65.7 65.3 64.4 63.4 62.3 62.3 62.3 61.5 61.3 61.1 60.8 61.1 61.3 61.4 61.7 62.1 60.8
27.3 27.6 28 28.5 28.7 28.5 28.1 28.1 28.4 28.7 28.8 29 29.2 29.3 28.9 28.6 28.6 28.6 28.5 28.4 29.3 29.4 29.4 29.7 30.1 31.2 32.7 34.3 37.4 42 48.1 55.4 63.3 73 79.5 84.1 91 103.1 118.7 125.4 126.8 131.1 142.7 149.7 142.3 122.8 107.8 95.7 87.8 78.5 69.1 66.2 66.5 66.8 67 67.4 69.4 71.5 72.7 72.4 73.4 74.5 75.5 76.6 77.4 76.9 75.7 74 71.2 71.2 69.4 68.2 67.2 65.3 65.3 64.1 63.2 63.2 63 62.7 62.7 62.4 61.7 61.8 61.3 60.3
27.5 27.9 28.3 28.8 29.1 28.8 28.4 28.1 28.2 28.4 28.6 28.9 29 28.9 29.2 28.9 28.6 28.8 29 28.7 28.9 29.6 29.9 30 30.7 32.1 33.5 35.8 39 44.5 50.6 59.5 68.1 77.5 84.4 95 106.1 116.3 129.3 135.6 136.2 143.8 152 154.3 148 125.7 108.4 96.7 89.1 80.2 73.6 73.8 70.7 71.2 70.6 71.7 72.5 74.9 76.2 76.8 80.5 82.3 85.7 88.3 89.7 87.3 82 80.1 77.7 76.6 75.3 72.9 70.8 68.3 67.2 65.5 64.8 64.8 64.8 64.2 63.4 61.5 60.5 60.9 60.8 59.6
27.7 28.1 28.4 28.7 29.3 29.2 28.8 28.5 28.8 29 29.1 29.2 29.3 29.7 29.8 29.8 29 28.3 28.6 29.4 28.9 29.5 29.8 30.9 31.5 32.9 34.8 37.3 40.7 46.5 52.9 61.9 73 81 92.1 105.7 117.3 129.6 140.1 147.2 146.8 149.6 152.3 151.1 140.8 123 105 97.1 88 80.2 73.6 73.6 74.1 75.7 76.5 77.5 77.2 78.2 80 83 87 90.7 94 98.1 100.3 97.3 91.5 89.5 86.8 83.6 81.5 78.9 74.9 72 69 67 66.4 66.2 66 65.6 64.3 62 60.2 59.9 60 59
27.2 27.7 28 28.5 29.1 29.7 29.3 29.5 29.8 30 30.1 30.2 30.3 30.4 30.5 30.5 29.7 29 30.5 30 29.4 29.5 30.4 31.6 32.4 34.6 36.5 38.7 42.2 48.4 54.7 63.4 75.8 84.9 96.7 113 127.4 139.6 148.1 150 148 149.6 152.5 144.9 132.3 118 104 96.3 86.7 80.4 74 76.3 79.1 80.6 81.9 82.4 82.7 82.9 83.7 89.5 93.9 99.3 103.3 106.6 109.4 108.2 104 99.3 94.9 93.3 90.5 85.5 80.1 75.6 71.9 69.4 67.6 67.3 67.1 66.7 65.7 63.4 61.2 59.2 58.6 58.4
27.3 27.3 27.8 28.4 28.9 30.1 30.1 30.5 30.7 30.6 30.6 30.6 30.5 30.7 30.2 30 30.1 30.7 30.3 30 29.8 30.1 30.6 31.6 32.8 35 36.9 39.8 44.1 50 56 64.3 76.9 87.9 101.5 118.8 134.2 145.2 148.2 151 148.7 147.7 149.1 147.5 135.9 123 106.7 96.6 88.9 82.6 81.9 82.8 86.5 88.4 89.1 90.1 91 90.2 90.7 96.6 101.7 108.2 114.6 117.7 117 116.2 114.3 109.2 105.2 104.8 99.3 93.2 85.8 78.9 74.7 71.2 69 68.2 67.8 67.4 66.6 65.4 63.4 60.6 58.5 58.2
27.8 27.5 27.9 28.3 28.8 30.1 30.5 30.7 30.7 30.7 30.6 30.6 30.6 31 30.6 30.5 31 30.9 30.5 30.1 30.3 30.7 31.1 31.9 33.1 35.3 37.5 40.9 45.6 52.1 57.8 65.4 77 89.1 105.4 123.4 137.4 143 146.4 149.3 148.2 146.9 147.8 147.8 142 123.4 107 95.8 89 85.7 86.1 88.6 95.4 98.7 100.2 101.2 101.7 100.4 99.1 99.7 108.3 117.3 126.3 131.6 132.4 126.5 123 117.8 114 112.9 109.6 102.6 93 83.7 77.8 74.3 70.1 68.3 67.6 67.2 66 64.5 63.8 61.7 59.4 57.8
28.1 27.8 28.1 28.5 28.9 30 30.6 30.8 30.8 30.7 30.7 30.6 30.6 30.6 30.7 31 31.5 31 30.6 30.5 30.8 31.1 31.4 32.1 33.7 35.8 38.3 41.8 46.6 53.2 59.7 66.6 78 89.1 107.3 125.1 139.8 141.1 145 146.3 146.5 146.5 146.7 144 135 120.1 105.9 96.4 92.6 90.2 89.7 93.5 101.8 106.6 110 114.1 113.6 108.6 104.6 104.5 113.6 125.4 135.3 145 145.5 139.3 133.6 128.3 122.7 120.9 116 108.8 99 88 80.8 76.1 71.6 69.3 67.6 67 66.1 63.9 62.8 61.9 60.1 59.1
28.5 28.2 28.4 28.8 29.1 29.9 30.7 30.9 30.9 30.8 30.7 30.8 30.9 30.9 31.1 31.7 31.6 31.2 30.8 30.9 31.2 31.4 31.7 32.4 34.2 36.3 38.7 42.7 47.6 54.2 60.9 68.1 78.5 90.2 107.2 125.5 138 140.2 143.5 143.9 144.1 144.1 144 140.5 130.9 116.7 106.2 100.1 98.5 94.3 95.5 97.6 111.2 115.4 124.8 128.8 127 116.2 111.1 111 122 136.3 151.8 164.7 168.8 160.5 149.3 141.4 131.6 126.9 120.5 109.9 99.2 89.6 82.9 77.5 73.2 70.7 68.7 66.8 66.1 64.6 63.4 62.5 61.3 59.8
28.7 28.5 28.6 29 29.3 29.8 30.8 31 30.9 30.8 30.8 31.3 31.3 31.1 31.6 32.3 31.2 31 31.1 31.3 31.5 31.7 32 32.6 34.7 36.9 39.3 44 48.8 55.3 62.3 69.6 78.2 91.5 109.2 124.9 135.8 139.1 141 141.4 141.6 141.5 141.4 138.7 129.8 117.2 109 110.3 100.3 98.6 100.5 102.5 119.5 135.4 141.5 142 137.3 125.1 117.5 117.2 128.8 149.9 166.5 183.7 188.9 180.7 166.1 150.1 134.9 122.2 113.6 103.7 94.4 86.3 81.2 77.6 74.9 72.2 70.1 68.8 66 64.7 63.9 62.6 61.4 60.6
29 28.8 29 29.2 29.6 29.9 30.9 31 31 30.9 31.3 31.8 31.8 31.4 31.9 32.3 31.5 31.3 31.5 31.5 31.8 32.1 32.3 33.2 35.3 37.4 41.1 45 49.5 56.4 63.2 70.1 78.1 89.8 108.6 123.4 134.8 137.8 139 140.5 140.8 138.9 138.7 136.7 127.8 119.8 119.2 115.1 102.7 104.1 106.1 109.1 125.8 142.9 156.1 155.1 147.5 135.5 125.6 128.8 142.1 160.6 176.5 181.9 185.4 188.2 175.1 154.7 134.1 118.9 108.8 99.5 91.2 84.7 80.5 77.4 75.5 72.4 71.1 69.9 67.5 64.4 63.2 62.1 60.9 59.8
29.2 29.5 29.5 29.6 29.8 30.1 31 31.1 31 31.2 31.7 32.2 32.3 31.9 31.8 32.2 31.8 31.7 32 32.4 32 32.3 32.6 33.7 35.8 38.6 41.7 45 49.9 56.5 63.4 70.6 77.9 90.2 111.3 129.5 131.6 136.3 137.8 139.4 140 137.6 136.4 134.7 130.2 127.6 130.5 121.2 106.7 111.8 113.7 117.6 128.6 144.1 155.9 158.6 156.9 138.1 136.5 138.8 147.1 165.4 173.9 176.9 179.9 182.9 173 151.6 130.6 116.3 105.2 97.9 90 84.8 80.6 77.3 74.8 72.5 71.4 69.9 67.7 65.2 63.7 62.2 60.9 59.9
29.5 30 30 30.1 30.1 30.4 31.1 31.1 31.2 31.7 32.2 32.7 32.8 32.5 32.2 32.2 32.1 32.1 32.4 32.8 32.5 32.5 32.9 33.6 34.6 37.3 40.4 43.8 48.9 55.3 63 69.5 76.1 88.6 107.7 117 126.3 133.7 138 139.6 140 136.9 134.6 134 131.1 132.4 134.6 124.5 112 121.8 124.8 126.1 130.5 143.5 152.3 157.2 160.4 153.7 152.9 155.9 157.7 166.5 170.8 172.9 174.9 176.8 164.1 142.9 124.4 113.3 106.8 99 92 87.1 82.7 79.3 75 71.9 70.2 68.3 67.1 65.9 64.2 62.8 61.2 60
29.9 30.5 30.6 30.6 30.6 30.7 31 31.2 31.6 32.1 32.6 33.1 33.3 33 32.7 32.4 32.4 32.5 32.9 33.3 33.6 32.9 33.4 34 34.5 36 38.4 42 46.7 53.2 61.1 67.8 72.7 83.4 95.7 107.6 127.5 131.5 136.5 139.8 140.2 135.4 133 132.4 132.5 132.8 133.6 126 118.5 130.4 136.9 134.5 136.8 143.6 152.6 162.7 166.2 168 169.7 172.4 174.5 174.7 176.8 176.7 174.1 167.8 151.2 133.7 120.8 115.2 110.2 103.4 97.5 93.2 87.2 82.4 76.7 72.6 69.8 68 66.3 65 63.6 62.2 60.7 59.5
30.5 31 31.1 31.1 31.2 31.2 31.2 31.6 32 32.5 32.9 33.4 33.8 33.4 33.1 32.9 32.6 32.7 32.8 33 33.2 33 33.6 34.1 34.6 36 37.7 40.2 43 49.3 56.7 63.4 69.1 78.9 89.9 111.7 124.3 126.7 132.1 134.1 134.8 132.4 131.7 131.6 131.7 131.9 130.6 126.6 128.7 136.2 142 145.2 145.7 150.9 158.8 168.4 174.6 178.4 179.9 182.2 184.5 186.3 185.3 183.6 178.2 164.4 147.2 137.2 126.7 118 113.9 109.5 105.7 98.9 92.2 86 80.5 75.6 71.1 68 66.1 65.4 64.1 62.9 61.6 59.8
31.1 31.6 31.6 31.6 31.6 31.6 31.7 31.9 32.3 32.8 33.2 33.7 34.1 33.9 33.5 33.2 33 32.9 32.9 32.9 33 33.3 33.7 34.3 34.8 36.1 38.2 40.4 42.7 46.8 51.8 56.7 63.6 72.3 82.4 95.3 109.8 113.5 123.2 127.9 131.2 131.6 130.9 130.5 131 131.2 130.6 131 134.4 141.8 148 153.8 157.4 159.8 166.4 174.8 182.3 186.9 189.5 190.3 193.5 195.5 193.6 191.9 185.9 173 159.5 150.9 142.4 133.3 125.9 117.1 111.7 105.5 95.9 90.3 85 79.8 74.2 68.1 65.7 64 63.2 62.5 61.4 59.6
31.8 32 32 31.9 31.8 32 32 32.3 32.6 33 33.5 33.9 34.4 34.4 34 33.6 33.3 33.1 33.1 33.2 33.5 33.8 34.2 34.5 34.9 36.4 38.1 39.8 42.5 45.5 49 52.8 60.5 68.4 76.2 81.4 93.7 105.4 115.4 126.2 130.4 130.7 130.2 129.8 129.8 130.5 131.7 134.1 139.3 148.1 154.9 160.1 166 168.8 174.2 182 191 197.1 199.8 199.9 203 204 203.1 199.9 192.5 185.3 176.2 167.9 160.7 151 135.6 127.3 119.6 111.5 102.7 93.9 88.7 81.9 76.3 70.4 66 64.3 62.7 61.5 60.2 58.6
32 32.2 32.1 32.1 32.3 32.5 32.4 32.7 33.1 33.4 33.8 34.2 34.7 35 34.6 34.1 33.7 34.1 33.4 33.7 34 34.3 34.7 34.9 35.1 36 37.6 39.2 41.7 44.2 47.5 50.5 57.7 64.9 74 79.3 86.2 97.6 111.1 122.7 129 130.7 130 129.4 128.9 129.8 132.4 137.2 143 151.8 160.6 167.4 173.1 177.8 183.8 191.3 197.8 204.6 208 208.8 212.2 214.1 211.6 204 195.5 188.6 179.9 173.9 174.5 169.2 156.3 143 126.7 116.7 105.4 95.8 89.4 83.9 78.4 72.6 66.3 64.7 63 61.2 59.7 58.9
32.2 32.4 32.4 32.6 32.8 32.8 32.8 33.2 33.5 33.8 34.1 34.5 34.9 35.4 35.1 34.7 34.3 34.7 33.6 34 34.3 34.4 34.8 34.7 35.3 35.9 37.2 38.9 40.9 43.4 45.3 49.7 55.7 62.2 70.8 76.3 82.7 94.2 107.1 114.9 122.6 131.8 132.5 130.1 127.6 127.7 134 140.2 146.8 155 165 174.5 181.5 187.2 192.3 199.1 204.3 209.7 218.4 220.8 222.8 222.7 219.5 208.8 199.5 190.4 181.6 173.8 171.1 172.4 171.4 156.8 137.4 122.6 108.7 97.5 91.3 84.6 79.6 73.2 66.9 64.9 63 61.4 60.9 59.9
32.6 32.7 32.9 33.1 33.3 33.2 33.3 33.6 33.9 34.2 34.5 34.8 35.2 35.7 35.6 35.2 35.2 35 33.7 33.9 33.9 33.8 35.6 35.1 35.7 36.2 36.9 38.8 40.7 42.3 45.5 47.9 50.4 59.1 67 74.1 80.3 88.3 98.7 107 117.7 130.2 135.4 131.6 126.1 125.2 134.4 140.8 148.6 158.8 168.1 177.1 185.4 193.3 198.7 203.4 210.2 214.4 216 218.8 219.7 218.3 214.4 208.4 200.8 190.7 181.1 172.9 168.9 169.4 171.7 163 144.8 124.5 113 100.9 92.2 84.9 78.7 72.6 67.4 65 63.3 62 61.6 61.4
33.5 33.5 33.5 33.7 33.7 33.6 33.7 34 34.3 34.6 34.9 35.3 35.6 35.9 36.1 35.8 35.6 34.5 33.9 33.4 33.3 33.6 35.8 35.5 36 36.5 38.2 39.6 40.7 42.6 45.2 47.1 52.6 61.1 67.9 74.3 80.3 87.6 94.8 101.9 113.4 126.1 135.1 130.1 121.3 122.2 131.6 140.8 149.3 159.7 170.6 177.7 184.8 192.3 195.7 200.7 204.9 209.7 215 216.1 211.5 209.4 207.4 203.1 196.9 188.3 178.7 171.7 165.8 166.3 167.1 168 154.5 131.6 116.7 104.5 93.9 84.6 78.2 72.1 67.9 65.4 64.1 63.8 63.4 63.2
34.5 35.1 34.1 34.1 34 34 34.1 34.4 34.7 35 35.4 35.7 36 36.3 36.7 36.3 35 34.7 34.5 34.3 33.3 33.6 34.8 35.4 36.3 37.3 38.5 39.8 40.6 42.2 44.6 46.9 51.7 61.6 66.6 73.1 79 85 92.5 101.2 110.1 121.3 127.7 124.5 117.6 119.1 128.4 139.5 149.2 157.6 165 173.3 178.9 184.8 189.2 194.3 199.9 204.8 209.1 208.3 206.9 204.1 198.6 195.3 189.5 182.9 174.9 166.3 160.8 161.3 164.4 167 157.3 140.1 119.9 105.9 95.2 84.7 78.4 73.1 68.9 66.4 66 65.9 65.5 65
34.7 35.4 34.8 34.8 34.4 34.3 34.5 34.8 35.2 35.5 35.8 36.1 36.4 36.7 37.1 36 35.5 35.3 35.1 34.8 34.6 34.9 35.1 36.1 36.4 37.4 38.2 39.3 40.4 41.9 43.9 47.9 51 57.8 65.2 71.2 77.7 84.8 92 100.3 107.3 116.3 120.3 117.6 113.5 117.1 122.7 133.2 142.9 149.9 158.9 166.5 172.5 176.4 182 189.5 196.8 202.5 202.9 203.2 201.4 197.1 191.3 185.8 181.7 176.9 170.8 161.9 155.7 155.4 159.4 162.9 161.4 147 124.4 107.7 95.6 85 79.1 74.2 69.7 69 68.4 68 67.6 67.3
34.3 35.7 36 35.8 35.3 34.8 35 35.3 35.6 35.9 36.2 36.5 36.9 37.2 37.6 36.5 35.9 35.9 35.7 35.6 35.3 35.9 36.1 35.7 37.2 38 39 40.2 41.4 42.4 44.1 46.3 50.4 58.1 65.7 72.1 77.9 84.6 93.4 97.9 107.7 114.8 113.3 110.7 109.4 114.7 121.8 127.7 133.8 144.2 154.3 159.9 163.7 170.2 175.5 183.9 191.1 197.8 196.8 196.8 192.9 189.3 182.8 178.1 174.2 169 163.8 157 150.4 147.8 154.1 159.2 160.2 145.7 125.8 108.2 96.5 86 80.2 75.2 71.9 71.8 72.1 71.6 70.8 70.2
35.6 36.4 36.5 36.3 35.8 35.8 35.9 35.8 36 36.4 36.7 37 37.3 37.7 38.1 37 36.2 36.4 36.3 36.1 35 36.6 36.1 35.9 37.7 38.8 40 41.2 42.4 43.8 45.7 47.6 52.2 60.3 66.4 72 78 86.1 95.4 100.8 110.2 115.4 110.7 105.4 106.1 111 119.2 122.9 127.3 138 147.4 153.3 159.5 165 169 176.2 185.2 187.7 188.1 189.6 186.7 181.5 174.3 170.4 166.7 162.9 156.3 150.2 145.9 138.3 146.9 153.9 157.8 144.7 125.2 108.2 96.3 87 81.2 76.7 74.9 75.2 76.1 75.5 74.8 74.7
35.4 36.2 36.9 36.7 36.7 36.8 36.9 36.9 36.8 36.8 37.1 37.4 37.8 38.2 38.5 37.4 36.5 36.7 36.8 36.3 36.2 37.2 37.3 37.3 38.4 39.6 40.8 42 43.1 45 47.3 49.1 54.3 60.2 65.6 72.9 81.2 91 100.3 108.8 115.2 115.2 110.5 103 103.9 107.8 115 117.1 123.9 131.4 140 146.4 150.2 159.1 163.6 171.7 177.4 177.9 178.8 181 176.2 173 168.1 162.6 158.6 154.7 148.8 143.8 141.7 134.1 137.6 148.7 153.9 142.2 124 105.2 94.5 87.7 82.6 77.8 77.5 79.5 81.6 81.5 81 78.7
35.2 36 36.3 36.9 36.8 36.8 37 37.5 38 38 37.8 37.9 38.4 38.8 39 37.9 37.1 37.1 37.2 36.8 36.5 37.7 37.7 37 38.5 39.6 40.7 41.6 42.6 44.7 47.4 53.9 59.3 65.1 69.6 75.6 86 95.4 106.7 115.5 115.5 114.8 107.7 101.2 100.5 105.1 109.7 113.3 120 126.3 133.2 138.3 142.2 151 156.8 162 168.2 168.5 170 170.1 168.2 165.7 161.2 154.6 147.8 144.6 141.4 137.1 136.8 131.2 130.2 143.9 146.1 137.4 119.2 103.9 95.2 89.1 84.4 80.6 81.7 83.5 87.6 87.7 87 84.1
35.1 35.8 35.9 35.9 36.1 36.4 37.2 37.6 37.8 38.3 38.8 39.1 39.3 39.3 39.4 38.6 37.9 37.6 37.6 37.2 37.4 37.7 38.1 37.2 38.4 39.8 41.1 42.3 43.5 46 51.1 57.1 61.9 67 72.9 78.3 88.6 98 105.4 111.3 111.2 110.7 106.2 98.8 95.3 99.5 104.1 109.6 116.2 121.7 125 131 136.8 144 148.9 152.2 155.5 159.9 159.3 159.1 158.4 157.2 153.5 148.1 140 136 132.9 131.7 131.2 125.4 125.5 138.6 139.1 127.7 112.9 103 96.8 90.7 87.2 84.5 85.7 89.3 93.5 94.8 92.7 89
35.2 35.7 35.9 35.6 36 36.3 37.3 37.8 37.8 38.4 39 39.5 39.7 39.9 39.9 39.4 38.7 38.1 38 37.1 37.1 37.8 38.3 37.2 39.3 39.9 41.4 43 44.5 48.5 54.1 58.9 64.4 70.9 74.8 83.6 91.1 98.2 104.3 107.9 106 104.4 103.5 93.1 91.7 94.8 98.3 104.2 110.5 115.4 121.1 125.9 129 133.1 140.4 144.8 148.5 150.9 152.4 151.3 151.3 150.2 146.2 139.8 133.5 129.6 126.6 124 122.1 117 124.2 132.9 126.7 118 107.3 103 97.5 92.6 90.2 88.7 90.2 94.8 100.5 103.7 101.4 95
35 35.4 35.4 35.5 36 36.3 37.6 37.6 37.9 38.6 39.2 39.8 40 40.2 40.3 39.8 39.3 38.8 38.1 37 37.8 38.8 39 39.1 39.8 40.4 41.4 43 44.9 50.3 55.5 61.3 67.4 74.6 83 91.8 98 101.6 107.2 110.5 105.9 102.5 96.1 89.4 85.9 90.1 93.4 98.9 106.4 113 117.1 119.2 123.3 126.1 130.2 134.7 138.2 139.4 143.2 142.2 141.4 141.2 135.7 128.3 123.4 122.6 121.8 118.7 116.4 112.4 114.2 119.9 115.4 110.3 103.6 101.6 98.8 94.8 92.5 92.7 95.3 103.2 109.8 114.9 114.7 112
34.5 34.7 35.1 35.6 36 36.4 37.3 37.5 38 38.7 39.4 40 40.3 40.5 40.7 40.2 39.7 39.3 38.9 38.3 37.1 38 39 39.1 39.9 40.8 41.5 43.2 46.3 51.6 56.9 62.5 70.3 77.9 89.7 100.2 108.2 112 116.2 115.1 109.2 102.4 94.2 88.8 80.7 84.5 90.6 95.9 102.1 108.3 112.1 115.4 115.6 117.9 120 125.2 126.6 128.3 129.5 131.3 130.6 129.6 124.5 120.5 117.3 117.2 115.7 113 111.7 108.1 107.5 106.2 104.3 101.3 99.5 100 99.6 97 95.2 96.4 101 111.2 120 125.4 127.3 125.4
34.2 34.5 35.5 36.4 36.5 36.5 37.1 37.4 38.1 38.8 39.5 40.2 40.7 40.9 41 40.6 40.2 39.9 39.5 38.7 38.5 38.4 39.1 39.3 39.7 40.6 42.8 44 47.8 53.4 58.5 65.3 73.6 82.2 97.4 107.9 117.4 122.7 126.4 117.2 110.5 104.2 94.8 88.2 82.7 79.2 84.9 91 97.6 102.4 107.1 111.3 112.1 112.4 114.1 115.2 116.8 118.8 118.2 120.3 120.9 119.5 118 116 114.1 111.6 110.3 107.5 106.1 104.4 99.5 100.2 98.5 95.8 95.1 96.4 97.3 96.4 98 100.1 106.8 118.5 130.9 138.4 137.1 134.6
34 34.8 35.9 37 36.3 36.7 37 37.5 38.2 38.9 39.6 40.3 41.1 41.2 41.4 41.1 40.8 40.5 39.2 38.7 38.3 38.6 38.8 39.2 40.3 42.2 43.1 43.7 48.5 54.2 59.1 67.1 76.3 85.1 100 111.6 120.5 126.9 127.5 119.4 112.7 105 95.3 87.5 81.9 74.7 81.3 87.2 92 96.2 101.7 104.9 107.3 109.4 111.2 111.8 111.7 112.9 111.4 114.7 115.9 115.7 113.9 112.3 109.7 107 103.7 101 100.6 99.5 95.8 95.4 93.1 91 90.8 92.6 94.6 96.6 98.7 102.2 111.8 124.7 142.4 151.9 148.7 145.1
35.4 36.1 36.7 36.9 36.6 37.5 37.8 37.7 38.4 39 39.7 40.5 41.3 41.6 41.5 41.2 40.9 40 39.9 39.7 39.2 39.1 38.9 39.1 41.2 42.4 42.8 43.6 48.5 54.1 61 68.7 76.4 86.5 101 111.2 117.1 125.8 125.3 117.9 112.5 104.9 96.5 87.3 78.8 73.8 76.4 81.9 87.4 92.4 94.5 99 102.4 104 105.6 106.9 108.4 108.2 107 108.8 109.8 108.6 108.2 107.4 105.2 101.8 96.2 94.5 94.9 93.7 90.6 92.1 90.4 88 87.3 89.4 91.7 94.8 96.6 103.4 113.5 126.3 142 150 157.5 156.9
35.5 36.2 36.5 36.6 37.1 38.2 38.7 38.4 38.5 39.2 39.8 40.6 41.5 42.1 41.6 41.2 41 40.7 40.5 40.5 40.4 40.1 39.7 39.9 41.1 41.9 42.7 43.8 48.5 54.5 60.9 67.9 76 86.8 99.9 108.2 114.9 120.6 121.5 115 109.9 102.6 94.7 86.3 77.4 71.7 73.2 75.6 80.3 84.3 88 91.7 95.6 97.3 99.4 100.9 101.7 100.8 101.8 103.8 104.7 104.2 103.4 102.5 99.8 95.9 90.1 89.6 89.3 86.9 86.1 87.3 86.3 83.9 85.1 88 90.7 92.8 95.4 101.8 108.9 113.2 127.6 134.7 142.9 153.2
35.6 35.9 36 36.5 37.5 38.6 38.7 39 38.8 39.3 40 40.8 41.7 42.4 42 41.8 42.2 41.8 41.3 41 40.7 40.4 40.1 39.8 40.9 41.7 43.6 44.6 47.1 52.9 58.5 65.8 75.2 84 96.9 105.8 112.9 119.9 118.8 112.2 106.4 97.7 90.9 83.3 76.4 70.1 70.9 74.1 74.9 76.9 80.8 84.7 88.8 90.7 91.7 93.4 94.2 93.5 95.3 97.7 98.8 99.6 98.2 94.8 91.5 88.5 85.1 85.3 84.9 82.8 82.8 83.3 82.1 79.7 83.8 88.2 91 91.8 93.4 100 105.2 110 115 123.8 134.4 139.6
35.2 35.6 36 36.9 37.9 38.8 38.9 39.1 39.3 39.4 40.2 41.1 42 42.7 42.4 42.2 42.1 42.2 42.5 42.6 41.5 40.7 40.4 40 40.5 41.4 42.1 43.6 45.9 50.9 56.8 64.9 72.1 80.6 92.2 101.8 108.8 114 115.2 108.3 102.3 95 88.1 81.5 76.5 69.7 66.5 67.5 70.7 72.6 76.2 80.4 82.8 84 85.1 85.5 85.4 85.9 87.5 91.5 93.2 92 89.7 87.5 86.9 83.7 79.6 81.8 81.2 76.3 80.6 79.5 77.9 77 82.9 87.7 89.5 88.8 93 97.8 104.5 108.9 112.4 114.3 122.1 132.9
