Game/Highland_Data/StreamingAssets/GeoData/Data/so/SO94.asc
ncols 200
nrows 200
xllcorner 390000
yllcorner 240000
cellsize 50
[rows 76 to 113 of 200, columns 86 to 171 of 200]
30.6 29.2 28.4 27 26.4 24.8 23 23 23.6 23.6 23.8 22.6 20.2 16.8 16.1 16 16 16 16 16.9 17.5 16.7 16.9 16.4 16.2 16.3 17.3 18.5 19.2 19.4 18.8 19.2 19.7 19.9 19.6 19.1 19.1 19.2 19.5 20.7 21.6 21.9 22.4 22.8 23.2 23.6 24 23.4 24.3 24.2 24.1 23.9 23.7 23.9 24.3 24.7 24.6 24.5 24.4 23.8 23.3 22.9 22.4 20.2 17.8 18 18 18.2 18 17.7 17.6 17.9 18.9 19.2 19.3 19.3 19.3 20 20.2 20.3 20.9 21.9 22.2 22.1 21.4 24
30.6 29.7 28.1 27 26 24.9 23 23.4 22.2 22 22 21.1 19.6 17 16.4 16.3 16.1 16 14.8 17 17.6 17.5 17.1 16.5 16.1 16.5 17.5 18.3 18.8 18.7 18.4 19.1 19.7 19.7 19.7 19.4 19.2 19.4 19.9 21.3 22.3 22.2 22.4 23.1 23.5 23.9 23.4 23.9 24.1 24.4 24.3 24.1 23.9 24.1 24.4 24.5 24.6 24.8 25 24.6 24.3 23.8 23.3 22.8 20.7 17.9 16.7 18.4 18.1 17.8 17.3 18.4 19 19.2 19 18.6 19.3 18.8 19.1 19.2 19.7 21.6 20 20 21.3 23.4
28.9 28.9 27.1 26.6 26 24 24.1 23.4 23 22.3 20.6 19.9 18.7 18.1 17.6 16.9 16.6 16.4 14.8 17.3 17.5 17.7 17.4 16.8 16.1 16.1 16.4 17 17.8 18.7 18.6 19 19.6 19.5 19.5 19.4 19.3 19.8 20.4 21.6 22.6 22.5 22.4 23 23.8 23.4 23.3 23.9 24.2 24.6 24.5 24.3 24.1 24.1 24.2 24.3 24.4 24.6 24.7 24.9 25.1 24.8 24.4 23.9 23 19.3 18.4 18.6 17.7 17.3 17.3 17.4 19.1 19 18.6 18 17.9 18.2 18.6 18.9 19.2 20 20 20 20.9 22.8
27.8 27.3 26.1 26.4 25.6 22.9 22.9 23.4 21.9 21.8 20.7 19.8 19.7 18.9 17.9 17.3 17.1 16.3 15.7 17.1 17 17.8 17.9 17.3 16.3 16 16.3 17.3 18.3 19.1 19.5 19 19.4 19.4 19.2 18.9 20.3 20.6 20.9 22 22.7 22.7 22.7 22.9 23.8 23.8 23.3 23.6 24.4 24.8 24.6 24.5 24.4 24.7 24.7 24.6 24.5 24.4 24.7 24.9 25.2 25.2 24.7 24.5 24.1 22.1 18.6 16.8 17.3 17.3 17.3 17.3 18.7 18.6 18.2 17.8 17.6 18 18.4 18.8 19.2 20 20 20.1 20.1 21.2
27.6 25.8 23.8 24.4 22.8 22.8 23.4 21.6 21.8 21.5 21.6 20.2 20.5 20 18 16.1 16.3 15.5 15.5 16.6 16.4 17.9 18.4 17.4 16.5 16 16.4 17.2 18 18.8 19.6 19.4 19.1 18.8 18.5 18.5 21 21 20.7 21.9 22.6 22.6 22.5 22.8 23.7 24.6 23.7 23.9 24.5 24.9 24.8 24.7 24.9 25.2 25.3 25.1 24.7 24.5 24.6 24.9 25.2 25.5 25.2 25 24.2 22 18.4 16.7 18.3 17.2 17.2 17.4 18.6 18.8 18.4 17.9 17.7 17.8 18 18.3 18.7 21.2 20.9 19.5 19.8 20.4
25.9 25.2 24.1 23.2 23.2 22.1 22.4 22.1 21.3 20.3 20.9 20.7 20.6 20.1 19.3 17.2 16.5 15.6 15.9 16 16 18.3 19 18.2 17.1 17.3 17.1 16.8 17.6 18.4 19.6 18.8 18.9 18.5 18.3 18.6 21.2 22.1 21.6 21.1 22.4 22.3 22.3 22.7 23.6 24.6 24.6 24.1 24.5 25 25 25 25.3 25.6 25.6 25.3 24.9 24.6 24.7 24.9 25.1 25.4 25.2 24.8 21.6 21.3 20.9 17.4 18 17.3 17 17.9 18.1 18.3 18.8 18.7 18.6 18.7 18.8 18.7 18.7 19 19.2 19.3 19.5 20.1
26.6 24.4 23.1 22.4 23.2 23 21.5 20.2 20.6 20.5 20.2 21.8 20.8 20 18.8 16.9 16.5 15.7 15.6 16.2 16.1 16.7 18.5 19 17.8 17.5 18.2 17.9 17.5 18.2 18.1 17.9 18.6 18.7 18.7 18.8 21.5 22.2 22.2 21.9 21.6 22.1 22.3 22.6 23.5 24.5 25.2 24.3 24.6 25 25.2 25.4 25.5 25.6 25.6 25.5 25.2 24.8 24.8 24.9 25.1 25.4 25.1 23.6 23 23.7 23.8 16.7 16.9 17.7 17.5 18.1 17.6 17.8 18.3 18.7 19 18.9 18.9 18.8 18.7 19.1 19.1 19.1 19.2 19.8
24.9 24.8 24.2 23.8 23.1 22 20.4 20.3 20.8 21.6 20.7 21.1 20.3 20.5 19 16.9 16.3 15.1 15.9 16.3 16.2 16 17.6 18.9 18.3 17.5 17.7 17.4 17.7 17.5 17.4 17.7 18.3 19.2 19.2 19.1 21.7 22 22 21.9 21.9 21.9 22.3 22.6 23.1 23.6 24.2 24.7 25 25.2 25.5 25.5 25.5 25.5 25.6 25.6 25.4 25 24.8 25 25.2 25.3 24.4 23.8 24.6 25.8 24.5 18.3 18.1 17.3 17.7 17.4 17.4 17.2 17.5 18 18.4 18.9 18.9 18.8 18.8 19 19 19 19 19.4
24.3 24 23.6 23.6 23.6 22.2 20.6 20.5 21.3 21.3 20.2 19.8 19.8 19.6 20.2 17.1 17 15.1 14.6 15 15.4 16.2 18.4 18.9 18.8 17.8 17.9 18.1 18.3 17.5 16.9 17.4 18.1 19.1 19.3 19.6 21.8 21.7 21.7 21.7 21.6 22.1 22.5 22.8 23.4 24.4 24.9 25.3 25.5 25.5 25.4 25.4 25.4 25.4 25.5 25.6 25.4 25.2 24.9 25 25.2 25.1 24.7 24.9 26 25.9 25.7 20.9 17.4 17.5 17.5 17.6 17.7 17.4 17.1 17.3 17.8 18.2 18.7 18.9 18.8 18.9 18.9 18.9 18.9 19.1
24.1 23.7 23.7 23.7 23.6 21.9 20.6 20.6 21.1 21 20.8 19.7 19.8 19.8 20 18.5 16.6 15.3 15.1 16.1 15.8 17.9 18.6 18.7 18.5 18.6 18.5 18.2 18 17.5 17.7 18 18.2 19 19.4 20.2 21.5 21.5 21.4 21.4 21.6 22.2 23 23.1 23.4 24.5 25.6 25.5 25.5 25.4 25.4 25.3 25.3 25.4 25.4 25.5 25.5 25.3 25.1 25.1 25.1 25.2 25.7 26.1 25.3 25.5 25.7 23.4 17.2 17.3 17.7 17.8 18 17.6 17.5 17.7 17.8 18 18.1 18.5 18.9 18.9 18.9 18.9 18.9 19
24.2 23.9 23.9 23.8 23.3 20.7 19.8 20.3 20.8 20.7 20.5 20.2 19.9 20 19.5 19.1 17.5 15.2 14.6 13.5 15.6 17.5 18.3 18.2 18.3 18 17.6 17.5 17.4 17.3 17.7 17.7 19.2 19.3 19.5 20.6 21.3 21.2 21.1 21.1 21.8 22.4 23.1 23.5 23.7 24.4 25.2 25.6 25.5 25.5 25.4 25.4 25.3 25.4 25.4 25.5 25.5 25.3 25.6 25.8 25.6 25.5 26.1 25.9 25.7 26 26.3 25.2 16.6 17.6 17.9 18 18.2 18 18.1 18.3 18.4 18.6 18.7 18.7 18.8 18.6 19.4 19.5 19.6 19.4
23.7 23.5 23.1 23 21.8 19.9 19.1 19.9 20.3 20.2 20.1 19.9 19.7 20.8 20.3 19.6 17.8 15.3 16.1 13.4 15.3 18.1 17.8 17.4 17.4 17.1 17 16.9 16.8 17 18.1 18.1 19.2 19.1 19.6 20.9 21.5 20.8 20.8 21.3 21.9 22.5 23.2 24 24.1 24.4 24.9 25.3 25.6 25.5 25.5 25.4 25.4 25.6 25.7 25.6 25.6 27 27.2 26.7 26.3 26.1 27.1 27.6 27.1 27.1 27.3 26.8 19.2 17.5 17.9 18.2 18.5 18.5 18.4 18.4 18.4 18.4 18.5 18.6 18.8 18.4 18 19.1 19.8 19.7
22.3 22.4 22.1 21.6 20.8 19.6 18.5 18.6 18.9 18.7 18.7 18.7 19 20.5 20.8 19.4 18.3 15.3 13 13 15.7 17.1 18.1 17.4 17 17.2 17.4 17.6 17.3 17 17.4 18.3 19.1 19.1 19.3 20.7 21 20.6 20.8 21.4 22 22.6 23.3 24.1 24.6 24.5 24.6 25 25.5 25.6 25.5 25.5 25.6 25.8 25.9 25.9 27.8 27.9 27.9 27.8 27.7 26.8 27.5 28.1 28.4 28.4 28 27.6 21.4 18.6 16.8 17.2 16.3 18.6 18.1 18.1 18.2 18.3 18.5 18.6 18.7 18.3 17.8 17.4 18.3 19.2
22.3 22.1 21.9 21.7 21.5 20.4 18.8 18 18.1 18.1 18.1 18.9 18.7 19.3 20.6 20.1 18.2 15.6 15.2 13 15.5 15.9 18 17.5 17.7 18.2 18 17.6 17.2 16.9 17.6 18.1 18.7 19.1 19.1 20.4 20.1 20.4 20.9 20.8 22.1 22.7 23.5 24.2 25 24.9 24.6 24.9 25.1 25.6 25.6 25.6 25.8 25.9 26 27.6 29 28.7 28.6 28.6 28.5 28.3 27.5 28.4 29.2 28.9 28.6 28.2 25.9 19.2 18.1 18 16.7 18.3 17.9 18 18.2 18.4 18.5 18.7 18.6 18.1 17.7 17.5 17.4 17.5
21.8 21.6 21.4 21.2 21.5 20.6 19 17.6 17.6 17.6 17.7 18.6 19.3 19.4 19.4 18.9 17.3 15 15.1 14.1 15.5 15.7 16.7 17.3 18.5 18 17.6 17.2 16.9 16.9 17.2 17.6 18.2 18.7 19.1 19.6 19.9 20.5 21 21.1 21 22.4 23.6 24.5 24.8 24.7 25 24.9 25.2 25.4 25.7 25.8 26.2 26.5 27.7 29.2 30 29.7 29.4 29.3 29.2 28.6 28.2 29 29.6 29.6 29.2 28.9 28.4 25.5 18.4 18.3 18.6 17.5 18 18.1 18.2 18.4 18.5 18.7 18.4 18 17.7 17.7 17.6 17.6
20.5 20.8 21.3 21.7 21.6 21.1 18.9 18 17.4 17.4 17.4 19 19.1 19.2 19.4 19 16.3 13.1 15.5 13.9 15.6 15.8 16.2 17.7 18.2 17.4 17 16.8 16.7 16.9 17.2 17.6 17.9 18.5 19.4 19.6 20.1 20.6 21.2 21.4 21.3 21.2 22.5 24.1 24.3 24.7 25 25 25.6 25.9 27.3 26.9 27.2 28.3 29.6 30.8 31.1 30.8 30.5 30.2 30 28.7 28.4 29.1 29.7 30.3 29.9 29.5 29 28.4 24.3 18.9 16.5 17.5 18.2 18.1 18.2 18.4 18.5 18.7 18.3 17.9 18 17.9 17.8 17.8
21 21.6 21.9 21.6 21.3 20.4 19.2 18.3 17.4 17.4 17.3 18.9 19 18.9 19.1 18.3 16.6 15.6 15.1 14 14.4 15.8 15.9 17.5 17.7 16.8 16.7 16.7 16.6 16.9 17.3 17.6 18.4 19.7 19.6 20.7 20.9 21 21.3 21.7 21.7 21.9 22.4 23.7 24.3 25.5 25.5 25.5 27 26.6 27.3 27.9 28.8 30.8 32.1 31.8 31.5 31.2 30.9 30.6 30.5 29.1 28.9 28.8 29.3 30.3 30.6 29.9 29.3 28.6 28.1 23.5 19.1 17.9 18.3 18.2 18.2 18.4 18.6 18.6 18.1 18.2 17.9 18.1 18.1 18
21.4 21.6 21.2 20.7 20.1 19.3 19.4 18.3 18.4 17.2 17.4 17.8 18.2 18.6 18.7 17.7 16.5 16.5 13.1 16.3 16 16.4 16.4 17.5 17.1 16.8 16.6 16.6 16.5 17 17.5 18.5 19.4 20.1 20.2 21.1 22.2 22.3 22.3 22.7 22.7 23.2 23.5 24.2 25.6 26.6 26.2 26.4 27 29.2 29.8 30.7 32.5 32.8 32.3 32 31.6 31.2 31 30.9 30.9 29.8 29.7 29.5 29.3 29.1 29.8 30.1 29.4 28.8 28.4 26.7 21.9 17.8 17.8 18.4 18.3 18.4 18.6 18.4 18.3 18.5 17.8 18.3 18.3 18.2
19 19.5 19.6 19.6 19.1 18 18.3 18.4 17.4 17.3 18.1 18.4 18 17.7 17.7 17.3 14.9 16.2 16.3 14.9 15.8 16.3 16.9 17.5 17.1 16.9 16.7 16.6 16.4 18 18 19.3 20.5 21.2 21.5 21.7 23.5 23.6 24 24.9 26.2 25.8 26.2 26.9 28.1 28.9 28.7 28.6 31 33.2 33.6 32.8 34.7 33.9 33.5 33 32.6 32.2 31.5 31.3 31.3 30.6 30.4 30.2 30 29.7 29.4 29.2 29.3 29 28 25.7 21.8 21.4 18.5 17.2 18.4 18.4 18.6 18.5 18.6 18.8 18.3 18.5 18.5 18.4
17.6 17.7 18 17.8 18 18.2 17.6 17.2 16.8 17 17.9 17.5 16.9 17.1 17.4 16.9 16.7 16.6 16.3 12.2 15.7 15.7 16.4 17.2 17.1 17 16.8 16.6 17.2 17.9 20 20.9 21.6 23.5 23.8 24.4 22.8 27.6 29.1 30 30 28.6 29.3 30.4 31.6 32.4 32 32 33.7 36 36.5 36.7 36 35.3 34.6 34.2 33.8 33.2 32.6 31.9 31.7 31.3 31.1 30.8 30.4 30.1 29.6 29.3 29 28.8 26.3 23.8 23.6 25.2 23 19.2 16.5 18.4 18.2 18.8 18.9 18.6 18.8 18.7 18.7 18.6
16.3 17.3 17.9 17.5 17.3 17.7 17.4 17.1 16.8 16.6 16.4 16.6 16.8 17 17.2 17.3 17.1 16.9 16.1 13.7 15.7 16 16.9 17 17.1 16.9 16.8 17.2 18 20.4 22.3 23.9 24.8 28.2 29.8 30.3 32.3 33.8 34.7 34.6 33.7 32.4 33.4 34.7 35.9 36.7 36.3 35.5 36 36.8 38.6 38.1 37.4 36.6 35.8 35.3 34.9 34.3 33.6 32.9 32.2 31.7 31.3 30.9 30.5 30.1 29.5 28.7 28.4 28.1 25.2 24 25.7 27.5 27.2 24.5 21.5 18.2 17.2 16.5 17.9 18 17.7 17 17 16.5
15.2 16.8 17.7 17.3 16.8 17.2 17 16.6 16.3 16.4 16.6 16.6 16.8 17 17.1 17 16.8 16.5 13.5 15.3 16.1 16.6 16.9 17.3 16.9 16.8 17.5 19.3 23.6 29.4 29.5 30.3 31.6 32.9 35.1 36.5 37.6 38.3 38.5 37.6 37.2 36.4 37.2 38.4 39.2 39.9 40.2 39.3 38.8 39.7 41 40.4 39.5 38.6 37.7 36.5 36 35.3 34.9 34.1 32.8 31.7 31.3 30.9 30.5 30.1 29.4 28.5 27.7 27.5 25.2 24.6 26.6 28.7 28.1 28.1 27.2 24.8 20.1 19.5 18.6 18.2 17.9 18.1 18.3 18.8
15 16.7 16 16.8 16.2 16.6 16.5 16.2 16.1 16.2 16.4 16.6 16.8 16.3 15.9 16.1 16.3 15.4 14.5 15 16.1 16.7 16.8 17 17.5 17.5 20.4 24.8 30.4 35.1 35.8 36.1 36.3 37.4 38.7 39.4 40.1 40.2 40.3 40.3 40 39.8 39.4 40.1 41.8 43 43.1 42 41.3 42.5 43.6 43.5 42.6 41.7 40.5 39.1 37.3 37 36 34.7 33.4 32.3 31.3 30.9 30.5 30.1 29.4 28.4 28.3 27.5 25.6 25.2 27.1 28.8 29 29.2 30.1 29.7 30.6 28.5 27.1 26.5 25.5 23.4 20.9 19.7
15 15.7 15.6 15.8 15.7 16.1 16.1 15.9 15.9 16 16.2 16.4 16.4 15.9 15.5 15.8 16.1 15.8 15.9 16.9 15.9 16.7 16.8 16.7 19.4 22.7 26.4 30.7 35 37.7 38.5 39.2 39.9 39.5 40.2 40.9 41.8 41.5 41 40.5 40.4 40.5 41.1 41.8 43.1 45 45.8 45.2 44.3 45.1 45.9 45.9 45.6 44.4 43.1 42.2 40.8 38 36.6 35.3 34 32.9 31.8 30.9 30.5 30.1 29.3 28.9 28.9 27.9 26.1 26.9 29.2 29.9 30.1 30.4 31 32.1 32.7 34 35.5 36.2 36 33.2 28.4 26.6
14.9 14.8 15.2 15.2 15.2 15.5 15.7 15.6 15.6 15.8 16 16.2 16.4 16 15.5 15.2 15.8 14.9 15.2 16.9 16.8 17.6 19 21.8 25.4 28.7 31.9 35.9 37.9 38.7 39.4 40.2 40.9 41.4 41.7 42.1 42.2 41.6 41.1 40.6 40.5 40.9 41.9 43.2 44.4 45.8 46.7 45.8 46.5 47.1 47.8 48 47.8 46.8 45.3 43.7 42.1 40.4 38.3 35.9 34.6 33.5 32.3 31.4 30.5 30.1 29.4 29.4 29 27.9 27 28.4 29 30 30.7 31.4 31.9 31.8 32.8 34.8 36.8 37.8 37.9 37.4 36.3 34.1
14.9 14.8 14.8 15 14.9 16.1 15.8 15.4 15.4 15.6 15.8 15.9 16.1 16 15.6 15 15.3 12.6 15.6 16.9 20.7 24.2 25.8 28.8 31.9 35.1 38.1 39.9 40.2 40.6 41.1 41.6 41.7 41.6 41.8 42.1 41.9 41.7 41.1 40.7 41 41.4 41.7 42.4 43.5 44.5 44.9 44.9 46.6 48 49 50 50 48.6 46.8 45 43.4 41.7 40 37.5 35.8 34.1 32.9 31.9 30.9 30.1 29.7 29.2 28.8 27.8 26.6 28.3 28.4 29.7 29.9 30.1 30.3 32.8 34.2 35.5 36.8 38 38.7 38.3 38.5 37.8
14.9 15.4 14 15 14.6 15.3 16.1 15.7 15.4 15.3 15.5 15.7 15.8 16.1 15.6 15 13 15.2 18.8 24.6 30.5 33.5 35.6 38.1 38.8 40.4 42.1 42.8 43.2 43.1 43.1 43 42.2 41.6 41.6 41.5 41.4 41.2 41.1 41.1 41.1 40.6 39.9 40.1 40.4 42.2 42.6 43.7 45.7 47.5 48.9 50.4 51.7 50 48.3 46.5 44.8 43.2 41.4 39.2 37.5 35.9 34.1 32.3 31.2 30.2 29.8 29.1 28.6 27.8 28.4 28.4 28.7 29.9 29.9 30.1 30.7 32.9 34.2 35.5 36.7 38 39.3 39.2 39.8 39.5
15.9 13.2 14.7 15.5 14 13.9 15.3 16.1 15.9 15.2 14.2 15.4 15.6 16 15.6 12.6 15.4 20.7 25 32.9 38.9 40.5 41 41.8 42.6 43.3 43.5 44.2 44.3 44.3 44.2 43.5 42.7 42 39.9 40 39.7 39.4 39.3 40.1 39.5 38.8 38.2 38.3 38.7 39.6 40.6 41.9 44.8 46.8 48.8 51.1 52.6 51.2 50 48.8 46.5 44.7 42.8 40.9 39.3 36.7 34.4 32.5 31.3 30.3 31.1 29.8 28.8 28.6 28.6 28.6 29.1 29.6 30.1 30.1 31.2 32.9 34.2 35.4 36.7 37.9 39.2 40.2 40.4 40.5
12.3 13.9 15.2 15.5 15.5 14.6 14.1 13.9 15.4 15.8 14.9 14 14.2 14 13.6 17.5 21.7 26.8 31.2 39.2 41.1 41.9 42.6 43.3 43.6 44.2 45.2 45 45.2 45.4 45 43.8 42.2 40.8 39.7 37.8 37.3 37 37.6 38.2 37.3 36.7 36.7 37 37.4 37.8 39.1 40.4 41.9 45.6 49.7 52.4 54.2 53.9 52.5 50.7 48.8 46.2 44.3 42.2 39.3 37 34.7 32.8 31.6 30.7 30.3 30.1 30 30 29.3 29.1 29.5 30 30.4 29.9 31.4 32.6 33.8 35.1 36.3 37.6 38.8 39.9 40.5 41.1
15.4 15.4 16.2 16.2 16.7 16.8 18.4 16.6 14.4 13.7 13.5 14.1 16 18.5 21.8 25.8 30.7 35.7 39.2 40.8 41.8 42.7 43.8 44.1 44.4 44.9 45.4 45.5 45.6 45.8 45.5 44.1 43.3 40.4 39.5 37.8 35.9 35 35.5 35.4 35.2 35.4 35.6 35.9 36.3 36.5 37.6 38.9 40.2 43.6 48.7 52.3 54.8 55.4 53.7 51.6 50.5 48 44.9 41.9 39.6 37.3 35 33.1 31.9 31.3 30.6 29.9 29.9 30 29.5 29.1 29.1 29.3 29.1 30 31.3 31.9 33.2 34.4 35.5 36.6 37.8 39.1 40.7 41.5
17.2 17.6 17.4 17.7 18.7 19.4 21.1 23.3 26.9 27.8 27.5 28.5 30.6 30.3 35.9 36.9 39.9 41.6 41.8 40.6 42.4 43.9 44.5 44.8 45.1 45.7 45.7 45.6 45.1 44.6 44.6 44.5 42.7 39.9 38.3 36.8 34.7 33.4 33.2 33.5 33.9 34.2 34.6 34.8 35.2 35.4 36.1 37.4 39.1 42.1 46.2 51.2 53.4 54.4 54 52.5 50.9 48.5 45.7 42.2 39.9 37.6 35.3 33.3 32.4 31.8 30.8 29.9 29.7 30 29.8 29.3 29.2 29.3 29.2 30.1 31.1 32 32.9 34.2 35.5 36.8 38.1 39.7 39.7 39.9
17.8 18.1 18.2 19.1 19.8 20.5 21.7 25.2 29.3 33.8 36.8 37.6 37.8 38.3 39.1 40.1 41.4 42.5 43 42.4 43.5 44.6 45.2 45.6 45.9 46 45.8 45.3 44.7 43.9 43.1 43.2 41.2 39.4 36.8 35.8 33.3 32 31.9 32.3 32.6 32.7 33.3 33.8 34.1 34.3 34.6 36.2 37.9 39.7 42.3 46.3 49.2 51.5 52.7 52.5 50.6 48.1 45 41.5 40.1 37.8 35.5 33.6 32.9 32 31.1 30.2 29.6 29.7 30 29.6 29.5 29.5 29.5 30.1 31.9 33.1 34.1 35 36 37.1 38.5 39.8 40 39.9
18.4 18.9 19.7 19.8 20.8 21.6 22.4 25.8 29.5 32.6 34.9 35.5 35.9 37.8 38.8 40.1 41.3 42.9 44.1 44.5 44.7 44.8 45.1 45.3 45.4 45.9 45.7 45.1 44.2 43.2 41.6 40.7 39.3 39 35.8 34.8 32.4 30.7 30.7 31.1 31.2 31.4 31.8 32.5 33 32.9 33.3 35 36.7 38.4 40.3 41.9 43.5 45 48.3 48.8 48.3 45.4 43.2 40.6 39 37.5 35.8 34 33.1 32.2 31.3 30.4 29.5 29.5 30.3 29.9 29.8 29.8 29.8 30.6 32.3 33.6 34.9 35.9 36.9 37.8 38.6 40 40.3 40.4
19.5 20.4 21.2 20.4 21.1 22.1 23.1 24.8 27.4 29.8 31.7 33.4 35.6 37.6 38.8 40 41.2 42.7 43.8 44.7 44.3 44.1 44.1 44.7 44.9 45.6 45.5 44.9 43.9 42.5 41 39.4 37.9 36.6 35 32.9 31.2 30.1 29.5 29.8 29.9 30.1 30.3 31 32.4 32.4 33 33.9 35.4 37.1 38.2 39.5 40.4 41.1 43.6 43.9 44.2 43.3 41.2 39.3 37.7 36.1 34.6 34 33.3 32.5 31.5 30.6 29.7 29.2 30.1 30.2 30.1 30.1 30.1 30.6 32.4 33.7 35 36.3 37.6 38.7 39.2 40.1 40.7 40.8
20.9 20.8 21.2 21.3 21.4 22.3 23.3 25 27 29.2 31.5 33.3 35.6 37.4 37.4 39 40.7 42.2 43.1 43.7 43.5 43.4 41.9 42.5 43.9 45.1 44.9 43.4 42.3 41.2 40.2 38.8 37.1 35.5 33.9 31.7 30.5 29.6 28.6 28.4 28.6 28.8 29 29.8 31.5 32.1 32.9 33.8 34.5 34.9 35.1 37 38 37.7 39.4 40.1 40.1 39.6 38.9 36.9 35.3 34.5 34.3 33.1 32.5 31.9 31.2 30.6 29.9 29.1 29.8 30.4 30.4 30.4 30.3 30.5 32.1 33.2 34.4 35.7 37.1 38.5 39.6 40.5 41.1 41.4
20.9 20.9 21 21.4 21.5 22.6 23.6 25.3 27.1 29.3 31.7 33.4 35.4 36.9 36.5 37 38.7 41 42.3 42.1 41.6 40.9 39.5 40.2 42.2 41.9 41.3 40.7 40.1 39.5 38.8 37.2 35.1 33.1 32.7 30.9 29.5 28.5 27.5 27.6 27.2 27.1 28.4 28.3 29.1 30 30.6 32.1 32.8 32.9 33.3 34.5 35 35 35.6 36.4 35.9 35.4 34.9 34.5 34.4 34.2 33.8 32.3 31.6 31.1 30.7 30.2 29.7 29.2 29.9 30.4 30.6 30.6 30.6 30.6 31.9 32.1 33.6 35.1 36.7 38 39.1 40.2 41.1 41.2
21 21 21.1 21.2 21.6 22.8 23.9 25.6 27 29.3 30.5 32 32.9 33.3 33.7 34.8 36.3 37.8 40 39.7 39.2 38.4 37.6 37.9 39.3 39.2 38.3 37.7 37.1 36.5 35.9 35 34.1 32.9 31.6 30.3 28.5 27.4 26.4 27.1 26.6 26.9 27.4 27 27.3 28.6 29.9 30.6 30.8 31 31.3 31.9 32.8 32.9 33.5 33.6 33.7 33.3 32.9 32.8 32.7 33 32.8 31.5 31.7 31.4 31 30.5 30 29.4 29.9 30.3 30.7 30.8 30.8 31.4 31.4 31.9 33.2 34.7 36.1 37.4 38.6 40 40.8 40.8
21.1 21.2 21.2 21.3 21.6 22.6 23.6 24.7 26.4 27.6 28.9 30.3 31.2 31.6 32.1 32.8 34 35.2 36.5 37.4 36.4 35.6 34.9 35.4 36.4 36.5 35.8 34.7 34.1 33.7 34.1 33.4 32.2 30.8 29.9 29.1 27.8 26.4 25.4 26.1 26.9 27.2 27.2 25.6 26.3 27.6 28.6 28.8 29 29.2 29.4 29.8 30.5 30.8 31 31.1 31.3 31.3 31 31 31 31.1 31.2 30.9 31.3 31.2 30.9 30.7 30.3 29.7 29.9 30.3 30.6 30.9 30.9 31.8 31.2 31.8 33.2 34.4 35.7 37 38.3 39.7 40.4 40.4
