Game/Highland_Data/StreamingAssets/GeoData/Data/so/SO98.asc
ncols 200
nrows 200
xllcorner 390000
yllcorner 280000
cellsize 50
[rows 36 to 71 of 200, columns 81 to 161 of 200]
178.3 176.5 174.4 171.4 167.3 164.8 162.2 159.7 157.9 158.5 155.3 153.4 151.8 150 148.4 145.9 143.3 141 137.8 137.4 131.5 131.5 134.8 139.2 138.9 137.6 137.6 139.9 138.1 140.1 143.3 145.6 146.6 147.9 150.7 154.3 160.2 163.8 166.9 170.2 173.9 178 182.2 189.3 200.1 205.4 206.6 206.4 206.4 200.7 186.2 176.3 174.4 172 169.3 166.5 186.8 200.5 196 192.7 189 186.7 184.3 182.4 181.9 181.5 180.3 179.3 178.5 177.1 174.3 171.2 169.9 168.2 167.2 166.7 166.4 166.2 165.8 164.7 163.2
179.6 177.7 176 172.4 167.2 162.3 159.4 156.4 155.1 154.7 153.5 152.7 152.1 150.9 150.3 148 144.3 142.6 140.9 138.5 134.1 131.5 131.5 138.4 139.6 136.3 134.8 136.1 138.6 138.1 140.5 141.7 143.1 145.3 148.2 151.1 154 163.3 165.9 169.2 173.1 178 182.3 187 190.2 196.9 203 204.4 206.2 209.9 201.7 195.6 191.5 188.8 180 179.7 196.3 197.8 194.1 193.2 191.9 189.9 185.6 182.8 182.5 182.7 182.3 181.9 181.1 180 178.5 175 173 171.1 169.4 168.6 167.8 167 166.6 165.2 163.7
177.5 176.6 176.1 173.5 166.9 162 158.8 155.6 153.7 152.5 150.9 149.7 149 149.6 148.9 146.6 144.3 143.5 142.7 139.8 138.2 137.6 137.8 139.1 136.3 132.9 130.8 131 134.6 138.1 137.6 139.7 141.2 143.4 145.8 148.6 151.3 155.3 159.7 162.4 167 175.8 181.7 183.9 189.1 193.2 202.3 203 206.6 215.7 214.7 210.1 209.2 203.8 191.2 197.6 201.9 199.1 193.1 197.3 198.1 193.3 187 185.5 184.8 185 185 184.4 183.2 182.3 180.1 178.2 176.1 173.4 171.2 170.1 169.2 168.3 167 165.6 164.1
175.4 175.1 173.8 170.8 166.1 161.5 159 156 152.5 149.8 147.9 146.7 146.3 147.1 146.7 145.6 143.9 143.4 142.8 141.5 139.7 138.6 139.4 136.8 133.6 131.7 129.7 128.3 130.7 133.8 136.6 139.2 137.6 141.8 143.6 146.1 148.5 153.7 157.7 160.6 167.3 174 178.1 182.5 185.2 189 199.4 202.1 206.5 215.1 219.6 219.5 217.5 209.4 204.2 204.1 203.1 201.7 194.3 199.5 198.9 194.7 189 188.1 187.9 187.6 187.6 186.7 185 182.8 180.2 178.4 176.7 174.9 173 171.5 170 168.8 167.4 165.9 164.4
173.6 172.5 170.6 167.5 163.4 160.1 157.9 155.8 152.8 149 145.7 144 143.2 143.2 142.1 141.8 142 142.4 142.1 141.9 140.9 139.6 139.1 134.5 132.6 130.9 129.6 129.3 130 131.4 137.1 138.6 139.2 139 142 144.2 146.4 151.2 155.9 160.1 166.9 172.8 174.8 179.1 185.4 191.5 194.2 201.3 204.5 210.8 216 216.2 212.6 209.2 206.8 205.6 204.5 203.8 196.1 202.5 200.5 196.2 191.7 190.9 190.2 190.2 189.6 189.2 187.5 184.8 181.9 179 176.9 175.3 173.6 172.6 170.9 169.1 167.7 166.2 164.7
171.8 170.6 169 165.8 160.5 157.6 155.6 153.7 151.2 148.8 145.7 141.9 140.7 139.8 139.6 140 139.6 140.8 141.5 141 140.1 138.7 136.8 134.1 132.7 132.3 131.6 131.7 131 131.9 137.2 138.5 138.9 138.6 140.2 142.4 145 148.3 153.4 159.6 165.4 171.3 174.4 178.4 183.5 189.1 193.3 197.3 202.6 206.4 208.8 209.7 209.2 209 208.1 207.9 209 209.3 206.7 206.7 205.3 198.1 194.8 193.8 192.8 192 191.1 189.9 188.7 186.3 183.2 180.5 178.1 176.2 174.3 172.7 170.9 169.5 168 166.5 164.9
169.3 168.6 166.9 164.8 160.3 157.1 155 152.2 150 148.4 146.6 143.9 140.8 139.2 138.8 139.3 139.9 140.2 140 139.6 139.8 139.2 137.3 135.8 134.7 134.2 133.4 132.5 131.1 130.8 132.7 137.6 139 139.2 139.1 141.9 143.9 146.2 151.6 160.1 164.8 169.6 173.3 176.9 180.9 185.9 190.6 194.3 198.8 202.7 205.9 206.7 207.9 207.8 208.7 209.7 210.7 211.3 211.6 210.7 207.9 200 197.6 196.1 195.1 193.9 192.5 191.4 189.9 187.1 184.6 182.1 179.8 177.4 175.4 172.6 170.8 169.7 168.5 167 165.8
167.2 166.4 165.3 164.5 162.1 158.1 154.9 150.8 148.5 146.6 146.3 144.3 142.2 140.1 139.5 139 139.2 139 137.6 138.6 138.4 137.4 134.6 133.8 134.5 133.8 132.8 131.8 130.9 130.2 130.7 132.9 137.6 139.2 139.7 140.3 142.4 145.7 152.1 158 162.8 166.5 170 174 177.7 182.9 187.9 191.1 194.9 197.4 200.4 202.3 205.9 208 210.5 211.9 212.5 214.2 215.3 213.9 209.2 203.3 200.6 199 197.4 196.1 194.9 194.2 192 188.8 186.9 184.5 181.4 178.9 175.6 172.5 171.2 170 168.9 167.6 166.7
164.9 165 164.2 162.5 160.5 157.8 153.7 149.6 146.1 144.4 145.4 144.6 142.6 140.7 140.5 140 139 138.9 138.4 137.2 136.3 135.6 134.7 133.5 133.2 133.1 132.1 131.1 130.3 128.9 129.2 130.5 136.5 138.2 139.3 139.3 140.6 144.4 149 154.2 159 163.2 167.1 170.8 174.4 178.6 182.6 185.7 190 194.9 197.8 202 205.5 208.9 211.5 213.2 213.8 216.3 219 217.6 210.9 206.2 204.5 203.1 201.4 199.7 198.7 197.6 195 191.7 188.8 186.3 183.1 179.7 176 172.6 171.7 170.9 169.5 167.8 166.6
165 164.5 163.5 160.3 157.9 154.8 152.2 149.5 145.3 142.8 143.8 144.9 143.3 141.1 141 140.5 139.2 137.6 138.8 137.8 136.7 135.5 134.6 133.1 132.8 132.4 131.4 130.2 127.9 127.1 128.1 129.4 131.4 137.1 138.8 139.5 138.9 142.3 146.2 151.3 155.6 159.5 163.7 167.9 171.4 174.6 178.3 182.5 187.5 193.1 197.9 202.6 206.6 210.7 213.1 214.1 215.8 219.9 221.2 219.6 212.5 209.2 207.8 207.2 205.5 204.4 203.2 200.1 197.4 194.9 192 188.6 184.5 180.2 176.2 173.4 172.2 171.4 170.1 168.4 166.5
167 165.1 163.1 159 156 152.7 150.1 146.7 143.8 142 143.1 144.5 143.3 141.7 141.4 141.4 140.4 137.6 139.4 139.9 137.4 134.8 132.6 130.6 129.7 130.7 130.5 128.5 124.7 125.4 126.9 128.2 130.6 132.2 137.4 138.6 137.6 141.8 145.4 150.2 153.4 157.2 161.2 164.9 167.8 171 174.6 179.7 186.4 192.6 198.7 203.9 208 212.2 215.6 217 220 221.4 222.3 219.7 214.7 212.2 211.1 211 210.4 209.6 207.4 203.7 200.1 197.7 195.6 191.5 186.1 181.8 177.5 174.6 172.5 171.5 170.3 168.4 166.3
167.1 163.3 161.1 158.6 155.6 152.3 146.4 143.3 142.3 142 142.8 143.9 143.3 142.7 142.1 142.4 141.5 137.6 137.6 139.6 138.6 133.7 130 127.8 128.2 129 129.2 127.4 123.6 123.9 125.2 128 130.4 131.6 135.7 136.6 139.5 140.9 144.5 148.1 151.3 154.5 158.3 161.3 164.2 167.3 171.3 176 182.6 191.4 199.7 205.3 209.7 213.2 217 220.6 222 222.2 222.2 220.5 217.5 216 215.6 216.1 215.3 213.2 209.7 205.8 202.9 200.3 198.1 194.9 188.5 182.7 178.9 175.3 172.7 170.6 169.4 167.4 165.5
165 160.3 158.2 156.9 154.3 151.5 146.1 142.5 142.1 142.6 143.1 143.8 144.7 143.7 142.7 142 141.4 140.4 139.4 139.4 138.4 132.2 128.3 126.7 126.7 127.2 127.3 125.7 123.1 123.2 123.5 129 129.9 129.9 130.6 133.3 139.3 140 142.6 145.7 148.4 151.7 154.5 157.3 160.2 163.8 168.4 172.7 179.7 189.6 199.1 205.9 210.7 215 218.5 220.9 222 222.3 222 221.4 221.1 220.3 220.4 220.8 218.7 215 211.3 207.7 204.6 201.1 198.3 194.1 188.1 183.5 179.9 176 173.5 171.2 168.6 166.5 164.6
162.1 156.3 154.6 153.5 152.5 150.2 145.1 141.6 141.3 143 143.7 144.1 144.5 143.8 142.1 141.7 141.5 140.5 139.2 139.2 137.9 130 127 125.3 124.2 126 125 122.3 119.6 121.5 122.6 124 125.6 127.6 128.9 131.8 139.4 140.1 141.6 143.4 145.9 148.6 152 155.3 157.5 161.9 166.3 171 176.8 186.2 196 204 208.3 212.2 215.1 217.1 219.8 221.5 222 222.4 223.1 222.9 222.4 221.3 219 215.6 211.2 207.3 203.1 198.1 193.9 190.6 187.6 184.2 180.5 176.5 173.9 171.1 168.4 166.1 164.3
157.4 153 150.9 150 149.8 147.5 141.4 140 139.8 142.3 145.3 144.5 144 142.8 141.4 141 141 140 139 138.6 134.3 127.5 125 122.5 121 124.1 124.1 120.8 117.7 121.7 122 123.2 124.4 126.2 127.5 131.3 137.6 139.8 141.1 142.6 144.4 147.4 151.1 154.7 156.9 161.2 165.3 169.9 175.1 184.5 195.8 204 206 207.6 210.8 213.9 216.8 219.4 221.4 222.6 223 222.3 221 220 217.8 214.5 210.2 204.7 201.6 197.8 192.6 189.4 187 184.4 180.4 176.7 173.5 170.8 168.2 166.1 164.1
151.9 148.9 147.2 146.4 146 142.8 140.5 138.6 139.8 142.5 143.9 143.8 142.6 141.4 137.6 137.6 140.2 140.4 134.9 134.1 134.6 124.1 122.6 120.9 119.2 120.5 122 119.5 117.2 119.8 121.9 122.2 123.2 124.2 127 131 138.7 137.6 139.3 141.4 143 146.5 151 154.2 157.2 160.8 164.6 168.7 173.4 182.3 194.6 203.5 205.6 206.2 208 211.6 215.2 218.5 220.7 221.3 220.8 219.2 217.3 215.9 214.3 211.4 206.7 203.7 200.5 197 193.3 189.5 186.2 183.7 180.4 176.9 173.4 170.5 168.2 166.5 164.3
147.6 145 143.4 143.5 142.1 140.5 138.3 137.6 138.4 140.5 141.5 142.2 141.7 138.3 137 136 136.7 134.9 131.5 130.9 128.6 123.8 122.7 121.1 118.8 117.3 117.5 115.6 114.5 118 122.4 122.7 122.4 122.7 126.5 131.1 135.2 139.6 138.9 140.5 141.8 145.1 150.1 153.7 156.6 159.7 163 166.7 171.3 177.9 188 197.1 203.2 205.9 209.1 210.7 214.1 217.4 219.2 219.1 217.1 215 212.4 210.7 209.7 208.6 206.3 202.5 199.3 195.7 191.7 187.3 184 182.3 180.2 176.8 173.4 170.2 168.4 166.6 163.9
141.8 140.7 141.4 140 140.6 137.6 137.7 137 137.4 137.1 137.7 137.5 136.5 135.5 134.5 132.5 130.3 129.3 128.7 128.4 127.5 123.8 122.3 120.8 118 116.2 115.1 113.7 114 116.3 123.6 124.8 125.3 123.6 125.6 131.5 132.1 139 139.4 140 141.4 144.5 148.2 152.9 155.6 157.8 160.7 164.3 168.2 172.6 179.4 191.5 200.8 205.4 207.2 210.5 213.1 215.3 216.4 215.3 212.9 210.5 208.4 206.6 205 203.6 202.7 199.7 196.5 193.7 189.9 185.6 182.4 181.7 179.6 176.4 173 170.2 168.1 166.1 163.4
138.3 137.6 138 138.8 139.1 137.7 136.4 133.8 130.2 131.6 130.9 129.8 129.6 130.9 130.5 128.5 125.6 125.3 122.6 122.5 125 122.9 121.3 120.3 119 115.4 114.2 113.4 114.2 115.7 123.8 126.4 126.4 125.7 125.1 130.9 131.6 137.5 139.5 139.8 141.1 143.3 145.6 150 153.5 155.2 158.2 161.5 165 169.2 174.8 186.9 199.8 204.5 206.7 210.4 211.2 212.5 212.7 211.3 209.3 207.3 205.5 203.4 201.4 199.2 198 196.6 194.3 191.7 189 185.3 182.7 181.4 178.9 175.8 172.7 170.2 167.7 165.5 162.9
134.8 134.8 134.8 135.7 135.5 134.8 131.5 127.1 124.4 126.1 126 125.5 126 126.7 125.9 123.3 122.7 122.2 120.7 120.2 119.7 119.9 119.9 119 119.7 119.6 114.3 113.3 114.2 115.1 119 125.3 126.4 125.7 125 130 131 136.6 139.5 140.1 141.3 142.2 143.6 146.3 149 152.2 155.4 158.8 162.4 167.1 173 183.2 197.8 204.7 207.3 210.2 211.1 211.4 210.1 207.4 205.9 204.3 202.2 200.2 198.6 196.9 195.6 194.4 192.1 190.1 187.9 185 182.6 180.7 178.6 175.5 172.8 170.3 167.5 164.5 162.1
129.4 129.9 130.3 130.7 130.7 129.5 126.9 125 123.2 121.7 122.4 122.7 123.2 123.1 118.3 119.6 121.5 120.8 119.6 118.8 118 117.6 116.9 117.2 117.8 120.4 115.4 113.9 114 114.3 116.1 124.5 125.7 126.3 125.7 129.1 129.9 134.9 139.3 139.6 140.8 141.5 142.7 144 146.8 150.4 153.8 157.3 161.1 165.4 171 179.3 195.1 202 207.9 209.6 210.5 210 207.5 204.3 202.8 200.9 198.6 196.8 195.5 194.9 193.7 192.5 190.8 188.8 186.1 183.2 181.1 179.2 177.3 175.3 172.7 169.7 166.8 164 162
123.6 123.9 124.3 125.6 126 125.5 125 124.8 124 118.6 119.4 119.8 119.9 117.5 118.1 120.1 121.7 119.4 118.1 117.4 116.1 115.2 114.9 115.3 114.8 113.9 113.6 113.8 113.7 114.4 116 122.1 124.6 125.9 126 126.2 129.7 135.7 139 139.1 139.9 140.9 142 143.2 146.9 150.5 153.6 157 160.7 164.6 169.2 177.6 192.3 198.3 204.4 207.4 208.8 207.3 204.9 202 200.2 197.9 195.6 193.5 192.8 192.6 192.6 191.4 190.1 187.9 184.2 181.4 179.4 177.7 176.1 174.2 171.6 168.4 165.7 163.9 162.1
117.8 118 119.2 120.5 121.2 120.7 119.7 123.6 123.2 117.7 116.7 117.5 117.6 118.3 119.3 121.6 121.2 116.6 116.4 116.3 114.8 113.9 113.7 113.6 112.6 112.4 113.3 113.5 114.1 115.7 118.5 121.8 124 124.8 124.6 125.1 130.7 137.2 138.3 138.7 138.7 140 140.7 141.6 144.8 148.3 152.3 156.7 159.6 162.2 164.1 175.3 189.1 195.3 201.2 206 208.9 207 204.1 200.2 197.9 195.2 192.9 190.9 190.3 190.1 190.1 190 188.8 186.7 182.1 179.6 177.9 176.2 175.1 173.1 170.5 167.2 164.5 163 161.8
113.3 113.9 115.3 116.4 117.1 117 116.1 115.2 114.3 114.4 115.4 116.8 117.5 118.1 118.8 120.1 117.9 114.5 113.8 115.8 114.5 113.5 112.7 112.3 111 112.4 113.3 114.3 115.7 117 118.3 119.9 121.1 124.3 124.9 125.5 134.6 135.3 136.4 136.6 137.8 137.6 139.3 139.5 140.4 145.6 150.3 154.6 158.8 160.9 161.5 170.7 185.5 193.6 201 205.5 209.3 208.8 204.2 199.5 196 193.1 190.7 188.9 188 187.7 187.6 187.9 187.3 183.4 179.8 178 176.4 174.6 173.8 172 169.4 166 163.9 162.3 161.9
110.7 111.2 112.4 114 114.8 114.3 114.2 114.3 114.8 114.9 117.6 117.4 117.4 117.1 114.6 116 114.3 111.9 110.8 112.5 112.7 112.1 110.3 109.8 109.1 111.8 113.5 114.8 115.7 116.8 117.9 118.6 119.9 123.3 125.3 125.9 135.2 135.4 135.3 135.3 135.3 138.6 138.6 138.6 139.3 143.1 147.3 151.8 157 160.3 161.5 170.4 185.2 193 200.1 205.6 208.4 207.8 204 198.8 194.4 191.5 189.5 187.5 186.2 185.3 184.3 184.8 184.2 180 177.9 176.5 174.5 172.6 171.8 170.4 168.1 165.7 163.8 162.6 162.6
108.2 108.2 109.6 112.2 113.5 113.8 114.9 114.4 114.3 114.5 114.6 115.4 116.3 111.2 110.6 112.6 111 109.4 108.9 110.3 110.9 110.2 108.8 108 108 110.1 113.1 113.4 113.9 114.8 116.4 118.2 119 121.1 124.8 126 135 135.4 134.9 134.9 134.5 137.2 139 138.5 138.7 140.9 143.9 148.2 151.9 159.1 162.8 174.7 186.6 190.7 195 202.3 204.9 205.6 201.1 196 192.8 190.7 188.5 186.4 184.4 183.3 182.5 181.9 180.3 178 175.6 174.4 172.4 170.7 169.8 169 167 165.4 164.3 163.9 163.4
106.4 106.6 107.7 109.9 111.4 112.7 114.1 113.7 113.4 112.2 111.9 113.4 112.4 107.7 107.9 109.7 109.1 108 107 108.7 109.5 108.2 107.4 107.6 108.7 110.7 113.4 113.1 113.2 113.8 114.5 116.5 117.6 118.4 119.3 125.9 134.5 135.4 135.6 131.1 131.9 135.8 138.2 137.7 137.1 139 142 145.7 149.4 155.6 164.4 182 188.1 191.7 193.6 197.8 200.3 200.5 197.6 194 191.4 189.5 187.4 185.3 183.1 181.6 180.8 179.7 178.3 176.2 174.7 173.3 171.3 169.2 168.1 167.5 166.7 166.1 165.7 165.4 164.4
105.4 105.6 107.4 109.2 109.9 110.9 111.9 111.6 111.2 110.9 110.7 111.9 110.8 106.3 106.7 108.7 108.6 107.1 105.7 107.3 108.3 106.9 106.6 107.9 108.9 111.2 114 113 112.3 113.5 114.3 115.7 116.7 117.4 118.5 124.1 133.8 134.3 125.4 125.7 130.8 133.9 138.4 138.4 136.5 138.2 140.8 144.4 149.5 158 170.1 185.1 187.6 191 192.9 194.1 196.1 196.2 195.1 192.3 190 188.2 186.3 184.5 182.4 179.7 178.6 177.5 176.2 174.7 172.7 171.5 170.3 168.7 167.2 167.3 167.4 167.1 166.7 166.5 165.5
104.8 104.7 106.5 107.4 107.6 108.5 110 109.9 109.6 109.1 108.7 110.3 108 104.2 105 107 107 106.5 105.9 106.2 107.3 106.8 106.3 107.5 108.9 110.6 112.3 112.2 112.5 114.1 115.1 116.3 117.4 117.8 118.5 120.6 132.6 128.7 124 125.1 129 132.8 138.4 138.3 138 138.2 141.1 145.3 152.7 161.5 172 185.6 186.6 189 191.1 191.9 192.5 192.3 190.9 189.5 188.1 186.7 185.3 183.6 181.7 178.6 176.9 175.4 174.3 173.2 172.1 170.9 169.4 168.1 167.7 167.7 167.8 168.2 168 167.6 167.6
104.3 104.1 104.7 104.8 105.1 105.5 107.1 107.2 107.1 106.9 106.7 107.2 105.4 103.7 103.9 104.6 105.4 105.9 106.7 107.1 106.4 106.1 106.5 106.8 107.3 108.6 110.1 111.8 113.4 114.9 115.8 116.6 117.3 117.8 118.6 119.8 122.3 122.9 123 127 132.6 134 138.4 138.8 138.1 138.6 140.8 147.1 154.3 163.4 171.7 179.5 185.7 187.9 189.3 189.5 189.7 189.2 188.7 187.2 186.2 185.3 184.4 182.7 180.5 177.7 176.1 174.5 173.7 172.7 171.7 170.5 169.6 168.9 168.3 168.5 169.1 169.5 168.5 168 167.8
103.7 103.5 102.1 102.6 102.9 103.7 105.7 106.5 106.1 106 105 104.3 103.3 102 102.4 104.3 104.8 108.2 111.7 109.1 106.7 106.3 106.7 107.1 107.3 107.8 109.6 111.4 113.2 115.1 116.5 117.5 117.1 117.8 117.9 118.4 119.6 120.5 121.7 134.1 134.5 135.1 136.8 138.8 138.7 139.3 141.4 147 154.6 163.6 171.6 180 184.6 186.6 187.6 187.5 187.2 186.9 186.6 185.6 184.7 183.8 182.9 181.6 179.8 177.9 176.6 174.9 174 173 172 171.1 170.3 169.6 169.2 169 169.9 170.1 168.9 167.6 166.8
102.7 101.1 99.7 100.4 102.1 103.5 105.1 105.7 105.5 104.2 102.2 101.3 100.8 100.6 101.6 104.9 106.5 110.9 112.4 108.7 106.6 106 106.9 106.8 107.6 108.1 109.7 112.7 113.5 113.9 115.1 116.3 116.8 116.9 116.6 117.3 118.6 119.4 120.5 131.9 135.4 135.5 135.9 136.9 137.6 141.1 142.6 147.1 157.3 164.6 174.1 180.5 183.2 185.3 186.1 186.2 186.1 185.4 184.7 184.2 183.3 182.4 181.5 180.3 179 178.1 177 176.1 175.1 174 173 172.1 171.2 170.3 169.9 169.5 170.5 170 168.6 166.2 168.1
99.4 98.3 98.4 100.1 101.8 103.5 104.4 104.7 104.5 102.8 100.7 100.2 99.5 99.4 103 106.6 108.9 110.4 110.4 111.6 112.5 112.3 110.8 108.6 108.8 108.7 109.6 111.4 112.4 113.8 114.8 115.5 116.6 119.1 120 119.6 119.4 118.8 121.1 131.2 135.7 135.7 136.1 137.2 137.6 141.8 142.7 149.6 162.1 168.2 173.1 178.5 181.7 184.1 184.9 185.4 184.9 184.5 184.2 183.5 182.6 182.2 181.8 180.7 179.9 179.2 178.3 177.5 176.5 175.4 174.2 173.1 172.1 170.5 170 170 170 169.6 165.9 169.8 169.9
97.4 97.6 98.6 100 101.5 102.6 103.1 103.6 103.4 102 100.6 99.7 99.2 101.9 105.2 108.3 109.8 110.8 111.5 112.9 113.3 113 111.5 111.3 111.6 111 110.1 110.6 112 113 114.1 114.1 116 120.8 119.8 119.8 119.8 118.3 120.7 130.6 136.1 136 136.3 137.5 137.6 142.3 143.7 151 160.6 166.6 170.8 175.9 179.8 182.5 184.5 184.9 184.6 184.2 183.8 183.4 183 182.7 182.7 182.1 181.4 180.5 179.4 178.6 177.9 176.9 175.3 173.8 172.7 171 170.3 170.4 169.7 166.1 171.1 171.3 171.2
96 97.3 98.8 98.9 99.3 99.6 100.5 102.1 103 102.7 102.1 99.7 100.3 104.3 107.4 109.7 111.3 112.5 113.3 113.9 113 112 111.6 111.5 111.8 112.5 112.1 111 111.2 112.1 112.7 111.7 112.9 120.6 120 120 120 119.5 120.3 127 136.3 136.2 136.5 138.2 141.2 142.1 144.4 150.4 158.1 161.5 166.6 173.4 177.2 181.3 183.8 184.1 184.5 184.1 184.1 183.9 184 184.3 184.4 184 183 181.6 180.4 179.4 178.1 177.1 175.4 173.8 172.5 171 170.5 170.3 166.2 172.4 172.4 172.2 171.9
94.8 96.8 97.8 98.5 98.8 99.2 99.9 99.7 100.6 100.7 100.2 100.2 102.9 106.8 109.8 112.1 114 114.9 114.6 113.9 112.7 111.9 111.5 111.5 111.8 112.7 112.9 111.2 111.2 111.5 111.9 111.7 112.1 114.2 120.5 120.2 121.2 121.8 122.4 125.4 133.4 134.4 138.1 138.9 141.2 143.3 147.6 151.9 155.4 158.7 163.2 169.6 175.8 180 182.8 184.4 184.3 184.2 184.2 184.2 184.8 185.1 185.5 184.8 183.6 182.2 180.8 179 178 176.9 175.7 174 172.5 171.5 171.4 165.7 172.7 174 174 173.6 172.4
