Game/Highland_Data/StreamingAssets/GeoData/Data/so/SO99.asc
ncols 200
nrows 200
xllcorner 390000
yllcorner 290000
cellsize 50
[rows 35 to 69 of 200, columns 78 to 155 of 200]
136.5 135.8 135.8 135.8 135.7 135.6 135.9 136.4 136.8 136.9 137.1 137.3 136.8 135.3 134.2 133.7 133.1 132.3 131.9 131.8 132.2 131.7 131.8 131.7 131.5 131.2 131.2 131.1 130.8 131 131.2 131.8 131.8 131.4 131.3 130 129.3 129 128.8 128.8 128.3 127.9 127.4 127.1 126.6 126.2 126 125.7 125.9 125.7 131.3 126.3 126.1 126.8 128 127.9 130.7 130.2 130.2 131.5 131.9 131.8 131.2 130.3 129.4 128.4 127.5 125.2 124.7 123.9 123 122.2 121.8 122.4 122.8 125.2 123.1 122.9
136.3 135.6 135.4 135.3 135.2 135.2 135.4 135.7 135.8 136.1 136.4 137.1 136.5 134.7 134 133.1 132.1 132.1 131.9 132 132.4 132.7 132.6 132.6 132.4 132 131.7 131.4 131.1 131 131.2 131.7 131.3 130.8 130.3 130.5 129.9 129 125.4 130.2 129.6 129.7 129.6 129.4 128.8 127.5 127.5 127.6 127.5 127.5 128.2 129.3 129.7 130.5 132.8 135 133.9 132.9 132.6 132.6 132.3 131.9 131 130.3 129.1 128.6 127.1 125.5 126.4 126 125.1 124.7 124.4 122.3 121.8 122 121.2 121.2
135.7 135.2 135 134.8 134.9 135.3 135.5 135.7 135.5 135.3 135.6 136.2 135.6 134.2 133.2 132.2 131.8 131.9 131.9 132.2 132.6 132.9 133.3 133.2 132.7 132.3 132 131.7 131.4 131 131.3 131.4 130.7 129.9 129.7 129.6 130.1 129.6 129 128.3 129.4 130 129.9 129.3 128.1 127.6 128.4 128.3 128.4 128.5 128.5 130.1 132.4 134.7 136.1 135.6 134.7 134.7 135.2 134.5 132.6 131.9 131 130.8 130.7 130.4 127.3 125.4 125.8 125.8 124.8 124.5 124.4 122.3 122.7 122.7 128.1 129.9
135 135 135 134.7 135.1 135.5 135.6 135.7 135.5 135.1 134.9 134.8 134.4 133.8 133.1 132.1 131.7 131.7 131.8 132.5 132.9 133.2 133.7 133.8 133.2 132.6 132.3 132.1 131.8 131.2 131.1 132.2 133.2 129.3 129.6 129.4 129.7 130.3 130.8 130.4 130.6 130.7 130.4 130.1 129.3 129.5 129.7 129.7 129.4 129.3 129.7 131.2 133.6 136.4 136.4 135.4 134.9 136.1 137.1 136 133 131.8 131.1 130.3 130.3 129.6 129.4 127.2 126.3 125.8 125.2 124.9 125 123.6 127.2 126.7 125.4 125.8
134.6 134.8 134.9 134.5 134.8 135.2 135.6 135.6 135.5 134.8 134 133.6 133.3 133.2 133 132.7 132.4 131.9 131.7 132.2 132.3 132.6 133.3 134 133.6 132.9 132.8 132.5 132.3 131.4 131.2 131.3 135.4 129.3 129.6 129.7 130 130.1 131 131.8 131.4 131.2 131.1 130.8 130.6 130.9 131.1 131.5 131.7 131.3 131.6 132.8 134.1 135.4 135.4 134.7 135.2 136.4 136.5 134.8 132.9 131.6 131 130.5 129.8 129.5 129.3 127.9 127.1 126.4 126.1 125.7 125.3 127.9 126.9 124.8 125.6 126
134.3 134.3 135 134.7 134.8 135.4 135.8 135.5 134.9 134 133.1 132.7 132.5 132.4 132.6 133.1 132.6 132.1 131.5 131.1 131.2 132.5 133.4 133.8 133.7 133.1 132.9 132.8 132.7 131.7 131.2 130.4 129.5 129.6 129.9 130.4 130.8 130.8 130.8 131.7 132.2 131.7 131.3 131.6 131.4 131.3 131.7 132.6 133 133 132.8 133.3 133.8 134.1 134.3 134.7 135.2 136.5 136.3 134.2 132.9 131.6 131.3 130.8 130.1 129.7 129.1 128.5 127.9 127 126.1 126.8 125.2 126.2 126.7 125.5 125.5 125.8
133.8 134.2 136.1 135.5 135.1 135.6 135.2 134.8 134.1 133.1 132.6 132.3 131.9 131.7 131.7 131.7 131.7 131.6 130.9 129.2 130.9 132.2 133.5 134.1 133.6 133.2 133 132.9 132.5 131.8 131.5 131.1 130.6 130.1 129.9 130.5 131.2 131.4 131.4 131.6 131.8 132.2 130.7 130.8 130.9 131.1 131.7 132.9 133.8 133.7 133.3 133.6 134 134.2 134.3 134.6 135.1 135.9 135.9 133.7 132.9 131.4 131.3 131.1 129.9 129.1 128.8 128.8 128.5 127.6 126.9 126.4 126.8 126.8 124.3 126 126.2 125.8
133.1 132.8 133 133.7 135.1 135.5 134.5 133.9 133.2 132.5 132.2 131.9 131.5 131.3 131.3 131.3 131.1 131.1 130.5 128.7 128.7 130.6 132.6 134.3 133.6 132.9 133.5 133.4 132.7 132.1 132.2 131.9 131.5 130.9 130.4 131 131.5 131.8 132 132 132.4 132.2 131 130 130.2 130.6 131.5 132.1 133.6 134.2 133.3 133.9 134.3 134.5 134 133.9 134.2 134.3 134.1 133.4 132.4 131.2 131.1 130.4 129.2 128.9 128.7 128.9 128.9 128.3 127.1 127.4 124.4 125.3 125.9 126.8 126.7 126.4
133.3 131.6 130.5 133.4 134.5 134.5 133.6 133.1 132.4 132.2 131.9 131.6 131.1 131 131 130.9 130.8 130.7 130.3 130.2 130.3 131.2 132 133.3 133.3 132.9 139.3 133.7 132.8 133.2 133.3 133.1 132.7 131.6 131.6 132.2 132.4 132.6 132.6 132.8 132.9 132.7 132.6 132 130.7 129.3 129.9 131.8 133.8 135.3 133.3 132.6 133.5 133.2 132.9 133.3 134 134.1 134.2 133.1 131.4 131 130.8 130 129 128.7 128.7 132 128.5 127.6 127.3 125.5 126.2 126.9 127.3 127.4 127 127.1
133.4 132.9 132.9 132.9 132.8 133.5 132.5 132.3 132.1 131.8 131.5 131.1 130.8 130.7 130.7 130.6 130.5 130.4 130.3 131.1 131.9 137.2 133 133.8 135.2 133.4 133.8 134 133.4 134.5 134.8 134.6 134 132.9 132.9 133.5 133.4 133.6 133.4 133.4 133.1 132.8 133.1 133.4 133.3 131.3 130 132.2 132.3 133.5 133.4 133 132.7 132.5 133 133.8 133.8 133.9 134.1 132 130.2 130.2 130.3 130.3 129 128.2 133.8 127.7 127.3 124.5 126.7 126.9 127.4 127.6 128.6 128.5 127.6 127.5
133.6 133.7 133.5 133.3 133 132.9 132.4 132.1 131.9 131.6 131.2 130.7 130.6 130.6 130.7 130.6 130.3 130.3 131 132 132.3 132.9 133.1 134.5 136.7 137.1 134.4 134.3 134.5 134.9 135.7 135.4 134.2 133.2 133.4 134.1 134.4 134.2 134.1 133.8 133.4 133.3 133.5 133.5 133.4 133.4 132.3 132.8 125 132.8 132 132.4 132.7 134.1 134.4 134 131.7 132.4 130.7 130.1 128.4 129.4 129.6 129.1 129.8 134.2 127.8 126.3 127.7 127.5 127.3 127.2 127.3 127.7 128.8 128.6 128.5 128.6
134.4 133.8 133.1 132.9 133.3 133 132.6 132.2 131.8 131.4 131 130.8 130.5 130.1 130.3 130.2 130.3 130.6 131.4 132.4 132.5 133.2 133.8 134.7 135.6 136.6 136.5 135.5 135.7 136 136.2 136 135.1 134.2 134.3 134.7 134.6 134.4 134.4 134.2 134.1 134.2 135.1 133.1 133.1 133 133.2 133 132.6 125.8 130.7 131.1 132.5 133.3 134 132.8 130.1 129.1 129.4 129.2 128 128.4 128.6 131.9 133.1 128.2 124.8 128 128.3 129.1 128 127.7 128.3 128.3 128.9 129.2 129.2 129.5
133.8 133.1 132.5 132.6 132.7 132.9 132.5 132.1 131.8 131.5 131.5 131.2 130.9 130.8 131 130.6 130.9 131.3 132 132.7 132.8 133.6 134.5 134.8 135.3 136 136.2 136 136.5 135.9 136 136.3 135.5 135 135.2 135.1 134.6 134.3 134.4 134.4 134.9 135.4 135.6 135.1 133.5 132.8 132.5 132.8 131.8 131.3 130.3 127.6 129.5 131.2 131.2 131 129.3 129.3 129.5 128.8 127.7 127.7 130.5 130.9 125.7 126.6 127.2 128.3 129.8 130.1 130.4 129.3 129.1 129.1 129.2 129.9 130.3 129.9
133.9 133.7 133.3 132.8 132.8 132.7 132.4 132.1 131.9 131.6 131.9 131.7 131.4 131.1 131 131.2 131.5 131.8 132.5 133 133.4 134 134.3 134.5 135 135.6 136.1 136.8 137.4 137 136.3 136.2 135.9 135.9 135.7 135.4 134.8 134.5 134.3 134.4 134.8 135.2 135.4 135.2 133.5 132.7 131.8 131.2 130.6 130.1 128.6 126.9 127.2 126.9 128.4 129.1 128.9 129.3 129.5 128.2 128 129.3 128.2 123.7 126.6 126.7 127.5 128.4 129.4 130 130.2 130.3 130.3 130 130.2 131 131.7 130.9
134 133.9 133.7 133.4 133.1 132.9 132.7 132.4 132.2 132 132.1 132 131.9 131.8 132 132.3 132.6 133 133.5 133.3 133.5 133.7 134 134.6 135.1 135.7 136.4 137.7 138.6 138.4 137.8 136.8 136 135.3 135.4 135.3 134.8 134.8 134.6 134.3 134.6 134.9 135.1 134.2 133.2 132.3 131 129.2 129.1 128.7 127.2 126.1 125.9 125.7 127.1 128.3 128.1 128.1 128.2 128.2 136.2 128.2 123.7 126.7 127.1 127.1 127.7 128.6 129.6 129.2 130.4 130.3 130.7 131 131.1 131.2 131.6 131.6
134 134.2 134.1 133.7 133.3 133 133 132.7 132.5 132.3 132.3 132.1 132.1 132.3 133.1 133.5 133.8 134.2 134.2 133.4 133.1 133.6 133.9 134.7 136.4 136.7 137.5 138 137.6 140.4 141.3 137.3 135.8 134.5 134.4 133.9 133.7 134.3 134.8 133.7 134.3 135 134.5 133.6 132.9 131.6 130.3 129.3 128.5 127.3 126.8 126.8 126.6 127.3 128 128.6 128.4 128.7 127.5 128.2 128.2 124.5 126.4 126.7 126.7 126.8 127.7 129.1 130.2 129.2 129.4 129.9 130.3 130.8 131.2 131.6 131.8 131.9
133.9 134.2 134.5 134.6 134 133.6 133.4 133.4 133.1 132.6 132.3 132.2 132.2 132 133.1 134 135.1 134.7 133 132.6 132.6 133.2 133.7 134.5 135.7 136.4 136.8 137.5 137.4 137.9 145.6 137.5 135.2 134.3 133.8 135.1 134.8 133.7 133.3 132.6 134 134.9 134 133.7 133.9 132.4 130.9 129.4 128.4 127.3 127.3 127.3 127.6 127.9 128.1 127.9 129.2 129.9 130.3 130.8 125.9 126.4 126.5 126.2 126.3 126.6 128.2 129.5 130.6 129.4 129.5 130.1 130.9 131.5 132.1 132.1 132.1 131.8
134.6 135 135.1 135.1 134.7 134.2 133.9 133.7 133.2 132.7 132.3 132.2 131.6 132.4 133.7 134.1 135 134.3 134.4 131.9 132.8 133.4 133.9 134.1 135.4 135.3 136.7 137.8 137.7 140.4 142.9 137.8 136.5 134.5 134.6 135.5 135.4 134.1 133 132.1 131.8 132.9 132.8 133.1 133.6 133.1 131.9 129.7 127.9 127.5 127.4 127.8 128 128.2 128.2 127.9 132.3 132.9 135.5 126.3 126.6 127 126.6 125.9 126 127.1 128.1 129.4 131.1 130 129.9 130.6 131.4 131.7 132.3 132.4 132.4 132.3
134.7 135 135.2 135.4 134.9 134.4 133.7 133.5 133.2 132.9 132.5 132.1 132.8 133.8 133.3 132.9 133.2 134.2 137.4 131.6 133.2 133.8 134.4 135.3 135.8 136.2 137.4 138.2 138 137 136.5 136.2 135.5 134.7 136.2 136.1 135.5 134.5 133.3 132.3 130.9 132.1 132.4 131.3 131.7 132.5 132.2 129.7 127.7 127.6 127.6 127.9 128.2 128.8 128.4 135.2 133.1 135.4 127.2 126.3 126.7 127.2 126.9 126.3 126 127.2 127.8 128.4 130.7 130.2 130.1 130.9 131.3 131.5 132.5 132.6 132.6 132.7
134.7 134.9 135.1 135.1 135.1 134.7 134 133.7 133.3 132.9 133.4 135.7 133.5 133.9 133.3 132.9 132.5 133.3 134.8 131.1 131.7 132.8 134.8 136.4 136.6 136.6 137.6 137.9 138.1 136.7 136.2 135.6 135.7 137.1 137.9 137.2 135.4 134.3 133.1 131.9 130.9 132 132.5 131.4 130.3 130.8 130.3 129.4 128.5 127.8 127.8 128.2 128 128.4 136.8 130.2 133.7 127.6 124 125.9 125.9 126.8 126.5 126.1 127 127.1 127.5 128 129.1 130.3 130.2 130.8 131.1 131.9 132.6 132.7 132.8 132.2
135.1 135.4 135.4 134.8 134.9 135.3 134.3 134.3 134.1 134.1 136 135.9 134 134.1 133.6 133.4 132.9 132 131.6 131.2 131.4 131.7 133.7 136.7 137 136.9 137.5 137.9 138.2 137.6 136.7 136.1 136.7 137.8 138.5 138 135.6 133.4 132.3 131.5 131.7 132 131.4 129.4 128.9 129.4 129.2 128.7 129 128.7 127.9 128 127.3 131.7 132.5 132.4 126.8 123.8 125.6 125.9 125.7 125.9 126.3 126.7 127.1 127.1 127.2 127.8 128.9 129.5 130.1 130.5 130.7 131.8 132.4 132.7 132.9 132.6
135.6 135.7 135.5 135.1 134.8 135.6 135.6 135.9 135.8 135.6 137 135.5 135.5 135 134.5 134.9 134 132.5 132 132.1 132.2 132.9 136.1 137.4 137.6 137.7 137.5 137.9 138.3 137.7 137.3 136.5 136.7 137.5 138.2 137.1 134.9 132.9 132.3 132 133.1 132.8 129.7 128.4 128 128.6 129.2 128.8 130.3 135.5 133.5 130.7 127.7 125.3 128.1 127.1 124.9 125.6 126.6 126.5 126.1 126.5 127.1 127.5 127.7 127.2 127.1 127.6 128.8 129.2 129.7 130.2 131.3 131.7 132.8 133 133 132.5
135.9 135.7 135.4 135.7 135.7 135.7 138.2 138.2 136.3 136.1 136.4 136.9 136.8 136.4 135.8 135.6 135 133.6 133.2 133.4 133.6 133.9 135.9 137 139.8 140.4 139.9 139.7 137.8 137 136.9 137.2 137.1 137.3 137 135.8 134.3 133.3 132.1 132.5 133.7 131.9 129.4 128.5 128.3 128.8 129.2 128.4 132 137.6 137.4 134.7 129.3 128.1 131.1 126.1 126 127.1 126.9 126.7 126.6 127.2 127.8 127.7 127.5 127.5 127.2 128.2 129.5 129.9 130 131 132.1 133 133.5 133.6 133.6 133.2
136.8 136.7 136.6 137.2 136.9 136.4 138.4 139.3 138 137 136.8 137.4 137.6 138 136.5 135.6 135.6 135.1 135.2 135 134.7 134.1 135.2 136.4 140.5 141 140.6 140.4 138.5 136.3 137.4 138.4 138.4 138.2 137.4 136 135 133.7 132.5 132.2 133.9 132.2 129.8 129.9 129.6 128.5 128 127.5 130.4 136.5 136.9 132.3 129 130.4 127.1 126 128 128.3 127.4 127.1 126.9 127.7 128 127.4 127.4 127.4 128.4 129.3 130.6 130.5 131.7 132.2 133.3 134.6 134.5 134.4 134.3 134.1
136.3 136.5 136.7 136.8 136.1 135.6 137.3 139.4 138.5 137.3 136.8 137.8 138.7 138.5 136.5 135.9 136.9 136.6 136.1 135.9 134.9 134.6 135.2 136.4 139.6 141.1 140.8 141.1 139.8 138.1 138 138.6 138.5 138.4 137.7 136.3 135.6 134.6 133.4 131.7 132.7 132.1 129.6 129 128.5 128 126.9 125 125 130.9 132.5 129.1 130.2 129.3 124.3 126.6 127.7 129.2 128.1 127.5 127.2 128.2 128.1 127.2 127.6 129.9 131.8 132.4 132.1 132.2 133.8 134.4 135.3 136.2 136.4 136.2 136.3 135.6
136.8 136 136.5 136.3 135.6 135.8 137.1 138.2 137.3 137.4 137.4 137.9 138.5 138.1 137.4 137.1 139.3 138.3 137.1 136.4 136 135.4 136.5 138.8 140.3 140.9 141 140.6 140.4 139.5 139.2 139.1 138.8 138.5 137.9 136.1 135.5 134.8 133.1 131.3 130.6 130.5 129.2 128.5 128.8 128.5 127.7 125.7 125 126.6 128.4 129.4 129.8 126.4 125.8 127.1 127.5 127.9 128.3 128 127.6 128.7 129.4 130 129.6 131.1 132.9 133.9 134.5 135.9 136.2 136 137 137.8 138.1 137.9 137.6 136.9
138.5 137.6 136.9 136.3 136.2 136.6 137 137.4 137.9 138.5 139.1 138.9 139.1 140 140.3 140.8 141.2 139.7 138.6 138.2 137.3 136.4 138.3 139.7 141.2 141 140.9 140.7 140 139.8 139.8 139.7 139.5 138.9 137.5 136.6 135.6 134.5 132.7 131.2 130 129.8 129 128.9 128.8 128.4 128 129.4 128.2 127.7 128.4 128.8 127 124.4 127.2 127.5 127.7 130.8 130.2 128.9 128.2 128.3 129.1 129.9 130.5 131.2 131.9 133.3 135.5 136.4 136.6 137.7 138.9 139.4 139.8 139.6 138.8 138.3
138.3 137.6 137.5 137.1 137.3 137.5 137.7 138.3 139.4 139.8 140.3 140.5 140.2 140.3 141.2 141.6 141.7 141.4 141 140.8 139.1 137.8 139.2 140.4 141.3 141.1 140.9 140.7 140.1 139.7 139.7 139.5 139.4 138.7 137.7 136.9 135.2 133.9 133 131.5 130 129.4 129.3 129.2 128.6 128.5 128.1 128.2 128.7 128.3 127.9 125.9 126.6 126 127.4 127.8 128.3 130.6 130.8 130.1 129.5 129.1 129.3 129.4 129.8 130.2 130.8 133.1 135.1 136.2 137.5 139 140.1 140.7 141.4 141.1 139.9 139.7
137.6 135.4 136 137.3 137.4 137.5 138.2 138.8 139.1 140.1 140.6 141.2 141.7 141.6 141.7 141.9 142.1 142.2 142.5 141.8 140.7 139.5 140.1 141.1 141.4 141.2 141 140.8 140.1 139.7 139.6 139.1 138.6 138.4 137.9 136.4 134.7 134.4 133.6 131.2 130.2 129.8 129.9 129.6 128.5 128.6 129.4 128.4 127.9 128.7 130.6 123.9 124.4 126.6 127.9 128.3 128.9 129.5 129.9 130.2 130.6 129.9 129.5 130.1 130.9 131.8 132.1 132.8 134.7 136.8 138.6 140.5 141.3 142.1 142.5 142 140.8 140.7
139.3 139.1 139.7 138.7 138.8 136.4 135.6 139.3 139 139.5 139.4 140.3 141 141.7 141.9 142.3 142.5 142.8 143.2 142.4 140.2 140.1 141 141.8 141.9 141.7 141.5 141.2 140.2 139.7 139.5 139.1 138.2 137.9 137.6 135.9 133.9 133.1 133 131.8 130.5 129.4 129.3 131.4 133.1 131.1 129.7 128.5 127.8 127.7 127.5 121.8 125.9 127.8 128.4 128.4 128.4 128.7 129.4 129.9 130 129.8 130.2 131.1 132 132.3 133.8 135.1 135.9 137.4 138.9 140.7 141.7 142.6 142.8 142.5 141.5 140.6
139.7 139.6 139.5 139.2 139.4 140 139.8 139.4 139.8 139.4 135.8 140.2 139.3 140 141.3 142.6 142.7 143 143.3 143.2 142.2 141.8 141.9 142.4 142.4 142.2 141.8 141.2 140.2 139.7 139.5 139.2 138 137.2 136.6 134.7 133.1 132.7 132.2 131.7 130.5 130.1 136 135.4 130.7 129.4 127.1 127.4 127.4 127.3 127.5 123.8 127 127.9 127.6 127.3 127.3 128.1 128.9 129.6 129.8 130.4 130.9 131.9 131.6 132.6 133.7 135.6 137.1 138.1 139.2 140.8 141.6 142.2 142.4 142.1 141.7 140.6
140.4 139.6 139.4 139.3 139.6 140.2 140.5 140.6 140.4 141.2 140.9 141.1 140.2 140.9 136.1 140.4 143.5 143.9 143.7 143.1 143.6 143.2 142.8 142.7 142.5 142 141.6 141 140.8 138.9 138.5 138 137.2 135.9 135.2 133.5 133.1 133.1 132.4 131.7 133 136.2 129.8 129.8 128.5 128.4 128.5 128.1 127.7 127.7 127 125.7 127.7 127.5 127 126.9 127.6 128.3 129.3 130.3 131 131.5 131.9 132.4 132.1 132.6 133.8 134.9 136.4 136.5 137.7 139.4 140.5 141.5 142.2 142.3 142 141.1
141 140.3 139.4 139.3 139.7 140.5 140.3 140.4 141 141.9 144.4 144 143.5 143.3 143.1 142.8 142 138 143.6 143.4 143.7 143.4 142.5 142.3 141.8 141.1 140.9 140.8 139.9 138.7 137.4 136.9 135.9 135.3 134.3 133.6 133.5 133.4 133 129.2 129.6 128.7 128.8 128.1 127.7 128.3 128.4 128.3 128.1 128.2 127.7 124.8 126.9 126.9 127.1 127.1 127.5 128.6 129.8 130.8 131.8 132.3 132.7 133.1 133.3 133.5 133.6 134.5 135.6 135.7 136.2 138.3 139.6 140.4 140.8 141.4 140.7 140
143.6 140.7 140.1 140.5 141 141.2 140.9 141.1 141.8 143.1 144.2 144.8 144.9 144.1 144.4 144.6 144.9 143.2 140.8 142.7 143.3 143.2 142.1 141.8 141.6 141.4 141 139.8 138.5 137.6 136.9 136.3 135.2 134.7 133.8 133.7 133.6 133.4 133.8 128.4 128.3 128 128.4 128.1 128.3 128.1 128.5 128.3 128.1 128.2 127.8 124.7 127.4 128 128.1 127.1 127.4 128.1 126.8 126.1 131.6 132.8 132.9 133.5 133.8 133.6 133.6 134.3 135.8 135.4 135.4 136.8 137.8 138.7 138.9 139.4 138.4 138.1
145.1 144.9 141.8 142.1 142.2 142.4 142.3 142.1 143.4 144.9 145.3 145.1 144.2 144.2 144.7 145.3 145.6 145.4 143.5 143.1 139.2 142.5 141.6 140.9 141.2 141.3 140.2 138.9 137.7 137.1 136.3 135 134.3 133.7 133.9 133.9 133.6 132.5 129.5 128.1 127.7 127.9 128.1 127.9 128.2 129 129.5 128.9 129.7 130.6 127.5 125.2 128.6 128.9 129.2 128.7 127.7 126.1 127.9 129.5 131.2 131.8 131.8 132.6 133.3 132.6 133.5 133.8 134.8 136 135.1 136.6 137.1 138 138.5 138.1 137.8 137
